0,1,2,3,4,5,6,7,8,9,10,11,12,13,14,15,16,17,18,19,20,x20
-2.1676223443288483,0.3225638350238627,-0.7244274103951812,-2.0510729438005195,0.4811907291567214,0.32162093038938977,-0.5606772218728748,0.14418871401919423,1.0846591404347392,-1.0617420891227913,-2.381448080443091,0.20975731112439816,0.07854861296897135,9.073771725877469,1.800540072102785,3.7617028730904005,1.0620808337376628,-1.0164650431689688,-1.0726585539309375,0.8790544219878976,-0.2555682123092435,0.166
-2.149892741672655,-1.4116585179987888,-0.017823477582249305,-4.056425141649483,0.3223057685154015,2.1802915978326896,-1.1593392179981354,0.7502013928141263,0.011678839680172009,-1.2299896071042073,-3.3415966003872635,-0.5641692380142522,-2.002751174850832,9.073771725877469,3.247823096513776,2.9252814179287485,0.9980636952635664,-2.6171761680079264,0.12462219552381923,-0.6917001613142515,-1.0261314333524534,-0.232
-2.1346806654853125,1.450846232437621,0.9749451717570476,-2.532763866846628,1.286134427884233,0.28293530532804784,1.6116214152099506,1.0111560660979997,1.006523685058409,-0.8631861958232013,-1.481361077092694,-0.26154594999665476,-2.8800210528779417,9.073771725877469,1.9060665040911486,3.3628104410535307,1.6206269739730246,-2.338059254590328,-0.7496967904228381,1.8977435484543836,-1.2390385950452596,0.113
-2.12090290989642,-1.580952101091757,-0.40009188639654986,-2.0639901053023095,1.2696396590561245,-0.14236005315985215,0.7766491969270154,-0.8602098074761156,-1.6865394480567506,-2.8322154705836073,-3.285684450022845,-0.8452429177932396,0.6710487523887888,9.073771725877469,4.469008320176621,1.0120466560454506,4.629372498485668,-1.7078568068008362,2.0843740750120134,-0.8410923249474438,-0.379652925980327,-0.012
-2.1081020762559275,0.4763843219901822,-0.4397515654108818,-3.4129415557440717,0.9968648314220383,0.21300556733127937,1.40591779265956,1.7526025126130276,-2.061968999224332,-0.5811424158608405,-6.063244319672235,-0.6937908204673543,-0.32378133417975624,9.073771725877469,5.087747114324722,2.26952898361544,3.1153720053305074,-0.5653559819885579,1.739366954119608,1.0354860567114472,-0.7113914538602918,-0.023
-2.0960295081518927,0.872927976226804,-0.10567457526842562,-3.0498751134038096,-0.5463282863508119,-0.4744697307401828,-0.4501951593507349,1.1226698832482178,-1.9088396285882945,-1.2606038626099094,-3.5423549063257687,-2.545456797109815,-0.40984300888187686,9.073771725877469,3.8465470706083758,2.4831289266034964,2.8690651881901963,-2.1534266103186965,0.9426726081316769,-0.053752615496116325,-0.9439958107599272,0.049
-2.084530736762049,0.467819083562574,0.3995129625779053,-1.9164490789811837,-1.3849213862986112,0.7095344198881401,1.1830500710315925,1.4115993081016436,1.5875183733388563,-0.9547897255422342,-3.1961253522668347,1.8269470823112401,-0.9120899840999137,9.073771725877469,2.494140415308624,3.5045997235420647,1.854944145493181,-2.394058750567966,-0.7765812044526598,2.674482707072824,0.7429022178076689,-0.145
-2.073501376838326,1.1517830975423649,-1.546232194333134,-2.844512873782104,1.8117817526024842,3.0499948382863824,-0.48416681783079046,1.1786054856435686,1.712253716599485,0.14791743196052973,-1.9939235372967308,0.8804703834619431,-1.6661504846688853,9.073771725877469,1.348806569182602,5.373379752597249,0.30563308622780894,-2.2257909666695985,-1.7191808051695876,1.051945477951227,1.4100880800498485,-0.028
-2.06286664706095,-0.07560477561690665,-0.24115323072555514,-2.2259458269006505,0.5312803931127426,0.49044645274515936,0.6350518300037732,1.38740272786309,1.014798793024822,-1.0846719607129474,-2.9618505987315515,0.42675335574121165,-1.0777410768049693,9.073771725877469,2.2369058440416927,4.537058131277083,2.22404292384839,-1.854314731830398,-1.1997371598278634,2.2333752471081376,1.0323485101433254,-0.256
-2.0525706193346416,0.4250276879445788,1.2528814603703307,-2.8719295449435314,0.8558892552778733,0.8064748013517626,-0.001940183317280823,0.7502013928141263,0.4607952800382603,-1.4827791096079703,-3.5511873103660028,-0.1885110208355976,0.6542292514421273,9.073771725877469,2.632052321476351,3.5586699038766896,2.1508936788774307,-1.41312302198556,-0.9373956132531773,-0.26895832364074057,1.0680709855615387,0.125
-2.042570059075063,1.0120427883182617,0.4640223310112543,-2.0424507115832933,-0.1399635947071774,1.664438045253495,0.13271659015924128,0.8289954808019295,0.8214470472898427,-0.3833051232708755,-2.855305093732519,0.8315641157994953,-2.0560843269914546,9.073771725877469,2.1846582344002945,4.346064235841568,1.7740625590797017,-1.41312302198556,-1.070757696092637,0.43380489350105894,-0.5733174573597871,0.035
-2.0328306553191,0.7603521503974011,-0.5980932483296019,-4.042901739148023,0.48954181065319785,0.19741397161930163,0.0990806686040144,0.052325722299999995,0.639314408053688,-1.00825487665157,-3.533531190609136,0.42042237577638714,-1.1039461641255186,9.073771725877469,2.9326238134798768,2.402969012367682,2.521408209788904,-3.3875338967515654,0.23725311390786225,2.0860998381913114,1.6804406449322806,-0.055
-2.0233245911616993,0.44213729424017867,-0.4714578484484482,0.727314206188005,0.6896327981144247,0.6720403190158525,-0.18759158722235703,2.188838077817344,0.8299859645680107,1.33976975782383,-0.766527533381227,1.4108647445222087,0.1721874175802505,-0.11020775375559677,0.15041987215010846,0.4034915730466963,-0.16781562742847744,1.9562282988358128,-0.5202434321939451,0.2521340451821944,1.6512075204441334,0.372
-2.014028911439718,-1.6452201722697941,-0.32862906018035926,0.44487275288146877,-1.367682704814071,0.4216552615872523,0.7600070218857351,1.0509276087687458,-1.0113070957446129,0.8656918467239025,-0.6757941660040911,0.6836368976530842,0.822145060395603,-0.11020775375559677,1.3251808327745898,0.006908697581709613,1.0660838127563035,0.8952272631546798,1.1895617982411733,-1.1235423267523594,1.1240072983235574,-0.115
-2.0049243877827094,-0.799889502046697,-0.16150256112888656,-1.2811202488702518,-1.8524109722367368,1.1720198991682047,0.03175236108218807,-0.24365801804432777,-0.26415975244745293,0.3976544224685209,1.1470578375242022,-0.5505885170837824,0.11262237231400452,-0.11020775375559677,-0.43548186531947636,0.3513630453493608,-1.3747934176038656,1.1039293529981116,0.14632987774621328,0.2521340451821944,-0.3739916688733266,-0.029
-1.995994706444346,0.44213729424017867,-0.582280360776312,-1.0281469660812277,1.7463046029517901,0.32162093038938977,-0.06938245417267842,0.32901908148548936,-0.8314311106892773,-1.1611343874994344,-0.9620444728886814,0.08693547010150161,-0.3753992498186365,-0.11020775375559677,1.161476745686963,0.7431815974514115,2.0372435079547646,-1.6180546108953995,0.581286522676104,0.7637117661060187,-0.010339862914081035,0.089
-1.9872258726985996,0.49352177288331034,0.43982170210405586,-0.2764320642504692,-0.7761488169203565,0.8287341253318665,-1.1421467367298523,-0.8235923650271458,-0.26415975244745293,-2.1440051666885878,1.1593989826506472,0.11936510026101324,-0.7556631697420927,-0.11020775375559677,-1.1914979696938308,-1.8553472130021136,-0.6534394822613064,1.0952158876004057,-0.7477755829687673,-2.6160672271120404,-0.8098717266923061,-0.011
-1.9786057647286013,-0.16808187743604025,-0.2013430904782663,-0.11732345002440195,0.7062782038603538,-0.23068082994755854,-1.6427613429385255,-0.8602098074761156,-0.7030143321261446,-0.29969162984405395,-0.4241206445917954,-1.0121270475929625,-1.235172970993677,-0.11020775375559677,0.9966537499056581,-0.8888875192630977,1.0780940948455369,-1.231836347578032,0.7756036845093376,0.5245815207450082,-1.5025407188617779,0.097
-1.9701237932794458,-0.7834191121449826,-0.7007625589891071,1.2009124678609988,-0.9640872559542696,0.0009315059991871549,-1.1077770436325838,-0.5430893210183998,1.055996533995607,-1.0158945537705588,1.4130658685284994,-0.4221777105510713,-0.7296403389620976,-0.11020775375559677,-1.4768783488955881,-1.684708432282227,-1.208798511484685,0.24024536795507168,-0.6785330923600608,1.774800232516066,-1.2033850257717735,-0.059
-1.9617706377639896,-0.3021214586440165,0.3270376911091169,-0.5203112004861639,1.1540582718082495,-0.4744697307401828,0.8348627654355791,-0.03916651332437809,1.014798793024822,-0.5963727309394854,0.40104540697303176,0.9595123099845104,-0.7469873522967853,-0.11020775375559677,-0.010664839248903825,0.6515816340001548,-0.15995270526230962,-0.6660390014589107,0.17397730831532363,-0.7414866851913481,0.39840608110014863,-0.089
-1.9535380386916263,0.22042992574614517,-0.06576070173825103,-1.4072776235024367,0.28880408885005276,-1.2143290816364503,-0.1115728239950141,-0.9550956860962031,-0.7669714191607506,0.7827620277662906,-1.0609607894132271,-0.16204469374691294,0.09558881110211118,-0.11020775375559677,1.1040422732889486,-0.29722994827957283,1.0260641185727999,-0.5317402421643407,0.954778159206093,-1.289849293876041,0.3715266159799452,-0.024
-1.945418632295214,0.44213729424017867,0.43175739234427796,0.41085696661804416,-0.8529585138068247,-0.166390777113541,2.1354490789713965,-0.6468849523100497,0.07902478556523694,0.4430143067825435,1.2270766580636172,-0.7968951268183659,-1.226414116887894,-0.11020775375559677,-1.234178522644974,-0.8312262392585743,-1.1778641642914407,-1.2070475640009477,-0.5279831761237269,-0.40149717858983935,-0.9674250702463173,-0.061
-1.9374058172536814,-1.3226367416227967,0.10221436183698931,0.39954543890836425,-0.04722718266617803,0.8583482263918364,1.1085944014389373,1.3310279824045739,1.9933923542631642,1.106679764223903,-1.3520691863950465,1.5035333112109015,-1.2614584108638,-0.11020775375559677,-0.2956194126423616,0.14969963481589044,-0.6573406516081842,-0.808248609574189,-1.5421248253805473,-1.5894961232938671,1.1594778821881144,-0.086
-1.9294936461598045,-2.4697631632544703,-0.3127352205600014,0.5304491528967036,0.9139758864431707,0.30616074918547864,-0.9276726422963236,-2.79195481114334,-0.31956987144100724,-0.1477978052823439,0.8952639033835673,0.5464498889197597,-1.3491724088392252,-0.11020775375559677,0.8116596946653972,-0.006058829944465252,0.19485912992082544,-0.032779800993837024,1.6756308497123082,0.6235655089993167,-1.316518331136356,0.086
-1.9216767363016651,1.2218904003348896,-0.08971270723567322,-1.1722196345190876,1.2448896235975793,0.23635773234791457,0.1159009738700886,-0.5653754245964573,-0.3753874973206268,0.6092121427129837,-0.9866074667142527,1.1398747437087287,-0.34958312092226673,-0.11020775375559677,0.3832718029675152,-0.4520487947533791,0.47213566929593737,-0.9749096551114218,-0.27354079279593924,-0.7165920619460349,1.9837217673727656,0.188
-1.9139501956876706,0.9685026026556411,-0.09769425427311039,-1.4443144460840316,-1.436669457790922,-2.6646444960276057,-0.17069003711883085,0.4064634088490912,-0.3601239870596911,-0.8097803826140108,1.2912788899824998,-0.20839292064567227,-0.36679228195677105,-0.11020775375559677,-0.08020612126042032,-0.8184061285512447,-0.09701505867004487,0.17183335728814453,1.3380320398232373,-1.4229792124597345,-0.20508721837282595,-0.02
-1.9063095612260008,-1.045958836005679,2.49020939280581,-0.8866405919739373,0.5062406062051781,0.4216552615872523,0.4596976435824455,1.2106219937021334,-0.5453042685189249,0.05699471030429917,-0.05133522270020639,0.7022267502402217,-0.04091772617341915,-0.11020775375559677,0.9569735150552053,1.360931240998697,0.5952916732406451,0.01828543360381872,1.6735764601672463,-1.1651080325009877,0.5638554687053132,0.106
-1.8987507466863778,0.14404415905700552,-0.999748018515574,-1.0426590915462175,1.9833541237394585,-0.20653657168640743,-1.1851374601035245,-0.9696524195115719,-1.166963170450085,-1.0846719607129474,-1.0360653090669951,-0.9563065011987729,0.22317813053673868,-0.11020775375559677,0.5978800503629863,0.28625208605472735,0.04087268073813154,0.043840132019028734,0.14830397138937032,0.5080796108456901,-0.402317911387818,0.029
-1.8912699986030157,-0.9149511471665822,-0.6455036945072397,-1.649790024323083,-0.30048364064047967,-0.03077890233166421,0.29223293433024666,0.5153091043492403,-1.480953275010512,-0.23131862965670064,-0.5440977077527858,-1.2373286727892374,-1.2176567440786725,-0.11020775375559677,1.8228228903530097,0.5927521599092782,1.2665177433132382,-1.3884539624555865,1.6427727433344987,0.18603332140629342,-0.6594818880215101,-0.102
-1.8838638586755385,0.6051428242756781,-0.46353306294743407,0.9044402586393939,-2.490895231083082,-0.15837580770318857,-0.1031323428497906,-1.415404437911985,0.0646473348120036,0.7827620277662906,1.459987926639407,-0.030449133249996378,-0.9469185688380998,-0.11020775375559677,-1.47546193810954,-0.477819702628695,-1.3902109432886636,0.3859621947506219,-0.5144373978491036,0.6153186461590073,-0.1994883411120459,-0.183
-1.8765291315262154,-0.8821175355275858,-0.07374593178243667,0.08273759799695048,-1.4021653996838475,0.8952614536799318,0.8265497752686352,-1.222606385364501,-1.6509735715051135,-0.1477978052823439,1.406733022958771,0.07394202558530996,1.9565871442696137,-0.11020775375559677,-0.29128905690387075,-0.567944983489462,0.6470034020700612,1.5415214219640683,1.3971660189281188,-0.5009531369534113,0.9194250788892446,-0.111
-1.869262856902714,0.08475929295717896,0.4236943643894589,-0.09053791428267632,-0.3851420967579149,-0.19849795092569425,-0.7481407314894288,2.3718292573558664,-0.15455451934075262,-0.0795001257482184,-1.2158895535686642,-0.7212188249856197,1.1145337217804756,-0.11020775375559677,1.0113554614039202,0.17569070559703664,0.9940645341380122,-1.41312302198556,0.037926523688642744,0.9449351446851403,0.2743185256237865,-0.055
-1.8620622855940179,-0.6348111057669996,-0.17744242596689844,-0.2606437479982337,0.7977493141430039,0.6870519261289693,0.12430936752542239,0.5075180751726729,-0.5765980699278892,-0.8097803826140108,-1.1584864324539728,1.0980456153212248,-1.8341955576877458,-0.11020775375559677,0.608115468483775,-0.4198221791595307,-0.22675713290909438,-1.6425685553562261,-0.01123575560255314,1.8075929581310828,0.12722068938396047,-0.032
-1.8549248584662879,0.13556814470161616,-0.8661970851209827,1.1824989541116309,0.6563287379993398,0.9026301860911208,0.9843137327212351,-0.16057595460416377,0.9189158445776131,1.8947564789493994,-0.499104388879417,1.3759020552108843,0.1551771692301189,-0.11020775375559677,0.09377967191560219,-0.12913782918648584,0.4007273895670487,-0.45600530821938706,0.08518824564763365,0.9696348845443106,1.0016500095529095,-0.231
-1.8478481881348472,-0.17647570975670127,-0.17744242596689844,0.14855301787955982,0.9554338439861132,0.754373773600318,-0.37383249728847723,-0.16057595460416377,1.3009561288622495,0.5563516736530545,0.2631015266258988,0.892665414718849,0.018855805741284256,-0.11020775375559677,-1.0561448722925129,-0.5293337686014148,-1.1159471675664088,-0.06679049059444463,-1.6820019937196355,1.1835720620174814,0.4520039010751951,0.021
-1.8408300428751472,-0.12607982390452654,-0.3842196492867333,0.8925299705323774,0.062186855159563334,0.9394043205003273,1.0008981524684908,0.8763903682009525,1.1415520260052665,0.9259753087608339,0.39427042413967084,1.0078879300321029,1.2060516499623604,-0.11020775375559677,-0.8604264088362672,0.47522581384735724,-0.7431044094755088,-0.15170193982452868,-1.158070599590733,1.799395310123201,0.8729387236862682,-0.119
-1.8338683324447493,0.6051428242756781,0.6499465719468309,-0.4017746308031528,-0.5803186557530547,0.22857837359777294,0.5683080254252605,1.7036318019295245,-0.8855332445703151,1.51998267228916,0.043872431989075776,-0.7624515065483467,0.31650626446241004,-0.11020775375559677,-0.2393028319439648,-0.17443123134233668,-0.801511547550838,-0.5737556511108324,-0.29498238071044913,-0.6917001613142515,-0.07682793510868642,-0.11
-1.8269610955439468,0.5449900510833064,0.7066688281164891,-0.22369910353110167,-0.00512142400177541,0.8952614536799318,-0.6969520707655834,-1.3940840168410629,0.5729530413007086,0.8581546924511704,-1.2062825947380837,0.42675335574121165,0.5447493715865607,-0.11020775375559677,0.581798744140007,0.5731521408396771,0.742572699681077,-0.8499794992941246,-0.37477842510230497,-0.9407412105105388,-0.2499511272868851,-0.042
-1.8201064886876006,2.6406293237115426,-1.2189981557688963,-1.2717034152006788,1.7053485702529048,-1.3094215450090336,0.2586852309136738,0.4763790593842871,-0.7830391260157523,-1.6746269635298685,0.07839976071560704,0.6898366520237426,-0.8859844936872017,-0.11020775375559677,0.3832718029675152,-1.125434080473202,-0.08127114198240959,-0.9832242653300153,0.13646107903864146,0.9614019737550417,1.0986116809299558,0.056
-1.8133027762973384,-1.0214345538759366,-1.023281552337769,0.6052428086704711,0.380889879117111,-1.6689982691393277,-0.12001451130460153,0.821104957989342,1.0023816773854024,0.08730881628715403,-1.1458077862703453,0.8682627332151656,0.6037331566408769,-0.11020775375559677,0.5876460784298453,-0.25847364629468156,0.8422635012025855,-0.21104154328656907,-0.0838667995477512,-0.15305205188721457,1.2200609049137483,-0.181
-1.806548321853198,0.44213729424017867,-1.0389648881172409,-0.6575299616283586,1.639766169928311,0.7319750296104695,0.5683080254252605,1.908234927247397,0.8767339289772067,-1.2299896071042073,0.6133142821362731,1.193426011711503,-0.530595399896,-0.11020775375559677,-0.29850615987166096,0.3253120257388466,-0.1245577698569337,-1.1325842470604874,0.06351861967499034,0.12817840977055467,0.2851534612523657,-0.265
-1.7998415799684044,1.6103605231465097,0.1422891688051499,0.18715966827512018,-1.0754324029325284,0.664527530046727,-1.3919314871894473,-1.7321239554086645,-0.7509351250619537,-0.6954121711494448,1.3095473424893684,-1.5953261855403509,-0.3151839313854066,-0.11020775375559677,-1.0946441544229948,-0.2713946987829037,-0.7431044094755088,2.2315058621060655,-0.31446267515183995,-0.1447753741136354,-2.788795425425489,-0.238
-1.7931810892713405,-0.0081809385321477,-0.5980932483296019,-0.02053247891027945,-0.6738942861160389,-0.5402019369978848,-0.5521709715126935,0.021787016769170723,0.6349119693025296,0.6997855413673899,0.29110441971947404,0.5965113096985121,0.7046690431944237,-0.11020775375559677,-0.40666850398761123,-0.400479296844273,-0.7820486552125416,-0.049788431204724634,-0.4834541477238841,0.730744764218905,-0.8738914315621278,0.05
-1.7865654659956727,-0.36893307558626465,-0.16150256112888656,-1.563619611952969,0.10421661623538982,0.23635773234791457,0.14952752723894494,-1.8086545125848796,-0.6924035079704847,-0.2009415606750556,0.7847451498829395,-1.0191181336156436,1.446487804709617,-0.11020775375559677,-1.0219030366358552,-0.22616103071723315,-1.5595338554366507,-0.5233320469069596,-0.5840403322014553,1.2657944064805042,0.3338055027590829,0.107
-1.7799933981937297,-0.025050199969984636,0.04616196812507376,0.7448806762342549,-0.4105632558587355,-1.5277095730925168,-1.3487899204211529,-1.5850452666187536,0.09814916873859743,-0.8631861958232013,0.006551688211333705,-0.8245043413312644,1.0061463891966194,-0.11020775375559677,0.11846329660445629,-0.9016946335112513,-0.21104465011291967,0.42031557596744956,-0.06817588216747912,-0.2523965463731236,0.4413015629631316,0.029
-1.7734636405000528,1.1342810700567492,3.1428024828799708,-0.5100643414757009,-2.5261053078656426,-0.8313656912188994,0.7516843079487009,-0.8894546851789921,-1.2119527212555334,0.41277597353568324,0.051295908127100345,-1.096218134063746,1.1062051104610897,-0.11020775375559677,1.0525355458707764,-0.6515308228121379,0.8382731454520751,1.3222573320876778,1.0012179266382322,-0.7746837444895512,-0.34006610999813824,-0.178
-1.7669750093820162,2.1843994500823283,0.07818444417693753,-1.1960073205882955,-0.5633210039532136,-1.6601314357481916,0.05700932672117959,0.17489175874492024,-0.6765132949889324,-0.4061177247083862,0.4100588758106424,-0.26820383842990886,-1.4986223770242335,-0.11020775375559677,0.31187897726724245,-0.25847364629468156,0.4483245907344701,0.30019036785084663,1.2647449155443202,1.1013156256287409,-0.09905632983843601,-0.08
-1.7605263788228338,-0.6016950173363558,0.2627016396147181,0.7683527627304189,0.02012795176630605,-0.11837187222947805,0.19993236032875214,-0.431298974567497,1.7447416466952128,0.6092121427129837,-1.1331572731519426,1.211219104018957,1.1145337217804756,-0.11020775375559677,0.01253133089167522,-0.09029281081165585,-0.23461194028150842,-0.5737556511108324,-1.1618609290303352,0.8708178264336307,0.8314734228485757,-0.241
-1.7541166763894178,-3.3361196197377447,1.5076797192695341,0.24258853883151363,0.8392832948536688,0.9099942824141688,-0.6969520707655834,-0.08477297135174516,0.9607979786827745,0.9711718863730456,-0.5131199767760452,1.2879907229138763,-0.14357317251692558,-0.11020775375559677,0.7002991549324451,1.084334282856425,-0.0024946824601978076,-0.6827954648679389,0.5154097573841618,0.7060160383683524,0.8574052166262693,-0.111
-1.7477448796436463,0.5965425299478189,0.5124583165990749,-0.4895361367650476,-1.2385616565652153,0.16617439063953351,0.6600625647493431,0.7502013928141263,-0.24911837890074923,-0.3300906021617563,0.046348427328681475,0.9716252019127529,-0.340980930159069,-0.11020775375559677,1.9923732832114254,-0.012541749552885475,1.4111743011375308,-0.45600530821938706,3.2781009336086275,0.9696348845443106,-0.2555682123092435,-0.087
-1.7414100128607888,0.3310898444628713,2.2886975748866245,1.3744650421959093,-1.3590653607600844,-1.838388819906298,-0.4501951593507349,1.2266447605977657,-0.17932310597176246,0.6016618226026778,0.3050277884097165,-0.9006783773377075,-1.2789894252056437,-0.11020775375559677,0.16059095912876725,-0.05142743645319741,0.519782733534566,1.0603772284021578,0.3899736476240028,1.5943390289707302,-0.6883010674199972,-0.071
-1.7351111440233105,-1.0622982325648667,-1.023281552337769,0.011955939188130552,1.9262122002029778,-2.1550140704262324,-2.0514387235130105,-0.20593265874224526,-0.7937684012506205,-0.18575554042102008,0.1969468338791189,-0.12243714001924738,-0.3151839313854066,-0.11020775375559677,0.14025027408506427,0.5274378707042421,0.5913154519497728,0.44609729959421607,0.2570500489520009,-0.037207109348179675,-0.12131746630833688,-0.055
-1.728847382062102,-1.2089903201830554,0.6499465719468309,-0.8767990265655989,0.4227016531079465,0.27518410883228095,1.3482085428570683,0.42974595706086216,0.7785705122252354,1.7524479309926206,-0.17214420043627884,0.125841768125594,0.8305246792984817,-0.11020775375559677,-0.21329454789846097,0.1886895856363071,-0.22282937064300734,-1.1574214801280325,-0.2852379257529329,-0.053752615496116325,-0.4250147819913288,-0.3
-1.7226178743204983,0.4506955715274876,-0.18541053103438862,0.115587537764937,-0.308944051733906,-0.29527387052664883,-0.2806374747220832,0.044687181013356246,-0.21912599123629292,0.6696006415687769,0.8246852879258041,-0.9632735513335066,0.5953116399833878,-0.11020775375559677,-0.14388984277070763,-0.8568593819203036,-0.32879490612681234,0.8085290328310005,0.581286522676104,-0.6004532170661955,-0.12688785862596622,-0.23
-1.716421804219307,0.8469129221974884,0.7391103966766881,-0.9990520637555533,-1.8959000362777336,-0.3357985299811655,0.6267127184245223,0.5543018479511004,-1.1725742641349859,-0.9700632381758816,-0.9835310552771152,-1.4082386913373324,-0.22071826459104543,-0.11020775375559677,0.44889994151225,-0.39403051850611454,0.05664970705676986,-1.7892979789059247,0.23527402836632944,-1.1152300714178083,-0.9439958107599272,-0.185
-1.710258389103559,-1.5970306798256233,0.13427170908035202,3.6833165074788585,-0.4359953625090368,1.4280701580108346,1.8167093658331204,0.1902586240756006,3.3126058892927457,2.5447698803633254,0.22780384460607891,2.3634277818493956,0.9058727109331909,-0.11020775375559677,-1.9985719135646802,1.2818086034835579,-1.4710859839458057,1.1387983915779871,-2.702898777478609,1.150673567919086,1.9789587156232822,-0.273
-1.704126878253851,-1.6773080719832958,0.038159453236240023,0.07181317876944952,-1.049718042257931,-1.838388819906298,-0.48416681783079046,0.20563570599621245,1.0723928577195232,-0.049156389770731404,0.24431686399867752,-0.7555718403403101,1.2226723023248478,-0.11020775375559677,-0.41387302896761974,-0.5164587250723429,-0.9958004460392397,-0.6660390014589107,-0.5782458860181726,-1.090295079573037,0.5319956351230803,-0.199
-1.6980265510470354,-0.3522431100424691,0.1823952469788481,-0.5509830575636735,0.0032962061116459445,0.25966763903406637,-0.001940183317280823,-0.10754117469941776,-0.8855332445703151,-0.0795001257482184,0.02152072113366572,-2.614067933139854,-1.4106595607745007,-0.11020775375559677,0.2885826512245936,-0.03198712936378573,0.6868079656892567,-0.8332923737396223,0.4337275618469207,-0.7165920619460349,-2.705823449995079,-0.05
-1.6919567152526698,-0.15968585455355375,0.08619317147225135,1.0364310715458935,0.556310111749616,0.7469121762211072,-1.2626004741338777,-0.1681419311167267,1.1697832213342942,1.2796517067485287,-0.9375916767263106,0.3569414887117694,-1.0690090441805329,-0.11020775375559677,0.3133352533124468,-0.03198712936378573,1.0260641185727999,0.9560076575659958,-0.37477842510230497,0.7389870113940237,0.3284082340785841,0.078
-1.685916705453072,0.1610029512872555,0.6013784382843188,1.1031066599104422,-1.3418346604943578,-1.0003728958109785,2.208801487249466,-0.7575097097297728,0.14573292335247667,-1.1076059131185483,1.2185017738318047,0.3696625382959482,0.57003762413436,-0.11020775375559677,0.5291940286486041,-1.5326491683841386,0.8821795144311773,0.7133398042991317,2.0905971271084276,-1.6144836152798836,0.3122036460302065,-0.112
-1.6799058815761123,1.9319159550699807,-0.009829625263872556,0.5304491528967036,1.9262122002029778,0.0009315059991871549,-0.7225405230422178,0.29039187638677416,-0.88010720625373,0.6092121427129837,-0.36661179060269494,-0.7762198982512356,-0.39261795422330187,-0.11020775375559677,0.5730286290899312,1.3147671744390077,0.6987537886748666,0.5149182860134993,0.19373880349896477,-0.666810987285113,-0.9674250702463173,0.002
-1.6739236275309795,-0.543660706590029,1.0075622352136504,-0.7728097902259063,-0.9983241466265055,-0.6476664954928814,-0.765214088342456,-2.2401634447817727,-0.3804820989631928,-0.7868988149795594,0.8719242071168545,-0.7349509660630701,-0.6256881349039937,-0.11020775375559677,-0.09323720601892298,-1.0935160843358225,-1.6133050884466904,-0.42230126820625935,0.6452794056827081,0.8955266107085693,-1.8369005506765983,-0.075
-1.6679693499381572,-0.15128763943578777,0.7715730209982636,-0.8422687572753657,-0.8785845189769599,-0.03077890233166421,-0.7566767537892456,0.4530511836704831,0.8851943593134225,1.969604359715942,-0.7606251830568674,0.02184496820892259,0.23167076360258043,-0.11020775375559677,-0.2696330529301144,1.1303690047597081,-0.7236230691565196,-0.032779800993837024,-0.9393049639697221,0.7554705125156034,-1.6781565286566182,-0.245
-1.6620424769457098,0.24593264062123676,1.598415638874127,1.1457759181703167,1.0630985486671585,-0.6725803695375454,-0.48416681783079046,0.836888469629223,-0.5401006491827921,-1.4827791096079703,-0.6095097063815721,0.6525910961855604,-1.683815207984163,-0.11020775375559677,0.9070357428567326,-0.07086266541038584,0.822313989292699,1.7175982071018283,0.47554193168450737,-0.28552134371828264,0.5319956351230803,-0.163
-1.656142457124766,-0.12607982390452654,0.2948595292020458,1.2316790607800956,0.23851727465323205,0.5664371637822272,-1.0820131672174338,-0.29636341480178335,0.34667459871025524,1.0991547551317304,-0.5469236654011759,-0.0566699913811951,1.1977391426136414,-0.11020775375559677,-0.10047561661900706,0.4165292145108734,0.4324551574155836,2.2137046514951773,-0.6534911631714,-0.5755740749061191,0.033820590562728584,-0.256
-1.6502687584377564,-0.6513565430039301,0.21450269566748545,1.7634987648817881,0.23851727465323205,0.754373773600318,2.1028238291151644,0.39095432366445937,2.4269643495653215,0.8807650061975811,-1.2287236429500306,1.86037701971941,0.9142371298625986,-0.11020775375559677,-0.7444211695981297,0.2797440340401726,-0.3366372477610539,0.18037921007190003,-1.946689319561471,0.2603951935344961,1.8064056009175582,-0.142
-1.6444208672735912,0.279968120561571,0.7959338426028673,-0.28168884326502924,-0.2581996307814168,0.32162093038938977,1.1251473734666275,0.3135605895247321,0.3604734334551239,1.1518219350515284,1.8081268144127773,0.5527185048302244,0.5025705137689988,-0.11020775375559677,-1.5151085098188466,-0.9080973024517549,-2.072109065308609,-0.16018399928253782,-0.4116912998924426,-1.1318548775457022,-0.4648108458996567,-0.096
-1.6385982875445042,-0.6182572680414872,0.6661463875711429,1.42462092069454,-0.5293404952346494,2.121382288973135,0.37602206151230966,1.7117876901060205,0.906292808267171,-0.8631861958232013,-0.6990554894097375,-0.1885110208355976,-0.4184579145687193,-0.11020775375559677,-0.5175304505147974,0.6777422049556716,0.001446624649538727,0.5149182860134993,-1.1959517533765007,2.347840635037525,-0.6479678671378601,0.088
-1.632800539839767,-0.4688926352815795,0.4640223310112543,-0.8422687572753657,0.2133583856180616,1.0998357640496093,-1.0905998483795465,1.7444348335803035,0.3604734334551239,0.30689160743388927,0.9565999491396404,0.4772890844384176,0.7550529119459615,-0.11020775375559677,-0.7157451735505322,-0.1679624479267815,-0.801511547550838,0.24880412004351296,0.00842073101678159,-0.9241300703649832,0.36075983938421285,0.009
-1.6270271606319289,-0.29376028536804394,-0.5664627604043297,0.41085696661804416,1.2778875684702742,0.9614132036586488,0.5850006115106584,-1.535736714350973,0.5818415060698082,-0.7640212182216409,-1.203083816225081,1.0380197750377163,-2.064978061302479,-0.11020775375559677,0.2231030986116135,0.37090710775073693,0.6470034020700612,-1.1822425969525983,-0.5647214065116645,-1.1235423267523594,0.13269605723072442,0.129
-1.621277701531615,-0.16808187743604025,0.3270376911091169,-0.8076059578733424,0.39761798319259795,-1.8204757927275346,-0.05251471343007839,1.662887792610662,-0.3702962790666602,0.35984357411203616,-1.3684914352281357,-1.0191181336156436,-0.15213837356787974,-0.11020775375559677,0.9158458623624228,0.6581209620065431,0.31355250247641686,-0.15170193982452868,0.29271235129220574,0.30995533625401306,0.11078205182446763,0.234
-1.6155517285872731,-0.4938344536365814,-0.19337741893769644,0.4676178795737973,0.28042581454575305,-0.7977939123021781,0.8930236495805478,-1.655241674542396,-0.1249418029895047,1.8123829650073264,0.11019827923902649,-1.2373286727892374,-0.6256881349039937,-0.11020775375559677,0.5394197185022255,-0.5550768995172473,0.6310879789768897,3.020296211221499,0.5952755270775508,-0.5672816374037093,-2.7185697078682933,0.046
-1.6098488216265736,0.18645807478272328,-0.21727078767232302,-0.036734344715139255,2.633009037905108,-0.3276841154068454,0.5265571247801253,-0.22103065509041653,0.6172713278425213,-0.48979682489731746,-1.0734503077787438,-0.03699973717816303,-2.583165756308186,-0.11020775375559677,0.18093759580672486,-0.6193940695052658,-0.4619836555266201,-0.1432182253772562,-0.7093264970290311,0.6565496731413591,-1.334442892027043,-0.222
-1.6041685736364435,-0.808121592267928,0.34313439143171237,0.5534001413249053,-1.6788020999356044,0.1270191293483446,-0.2637090002764458,-0.49844504546236473,-0.40600590759189237,1.1969506257490554,1.7018563601071848,-0.6869413800001392,1.3554295296361254,-0.11020775375559677,-1.0960695896292827,-1.9373436455763888,-1.3323742306903974,0.9646967103479935,0.026121176251945842,-1.5062232108071276,-1.7024993273241447,-0.166
-1.5985105901789871,0.674030009781669,-0.28888542576771964,-0.3965859631826266,0.9222696401073114,-0.5155166863293469,0.048591520696400915,-0.9623754258035917,0.4653191357162229,1.257101327106182,1.7086890827440344,-0.1356273941711523,-0.006751563537464839,-0.11020775375559677,-1.2412890163321524,-1.5897131077695736,-0.5792708649836082,1.7175982071018283,-0.3961541272935169,-0.3435016831502827,0.6957556913064986,0.068
-1.5928744888407576,0.5364061683199977,0.5205354929454252,0.24258853883151363,-0.707959105986607,-0.22262801054515804,-1.1335524032250732,0.8684850646308709,-0.0954483501738092,-0.9013465275081816,0.4547873002131218,0.028367881764814494,0.7046690431944237,-0.11020775375559677,-0.5477328545282958,0.3318239518258731,-0.9880408051571888,0.03532026625244415,-0.43110233871393827,0.7554705125156034,-0.12131746630833688,0.057
-1.5872598987130633,2.0578930666096205,0.4075721503828876,1.6599690757281043,-0.4275167756617006,2.5699720913000066,-0.5862036488742802,-0.9623754258035917,1.3127251200815664,1.3172282618069366,0.5962997554680649,0.7269692884246141,2.079220819792694,-0.11020775375559677,-2.0350503454305815,1.0383256087844783,-1.7590000725733443,0.8518588535555094,-2.3974906338046273,-0.6917001613142515,1.9837217673727656,0.078
-1.5816664599011863,0.04248024609351119,-0.7401981531865731,-0.3705986034317804,0.6230069708561569,-0.10240337789846032,0.14112264299128868,-0.03916651332437809,0.9482647353673187,0.3900930499490079,-0.17997129948353505,0.42675335574121165,0.02738830236548199,-0.11020775375559677,-0.038200077376474066,-0.4133751273807364,-0.04977192417128023,-0.1092668383094325,-0.2618395319059309,0.13644435359833576,-0.12131746630833688,-0.016
-1.5760938230605472,0.6999017101049001,-1.289284267676832,0.9342804114874277,1.1871026558274897,-0.949469619942054,-0.6884251921838876,0.1365193523518441,0.291193130312129,-0.6573113631188138,-0.8438721225075722,0.6463725339880572,0.645817155908811,-0.11020775375559677,0.9437514423787443,0.46870177298741683,1.1061259269949586,1.97394658165761,0.4337275618469207,1.7502019588593847,0.08883466287923258,-0.001
-1.5705416489580208,-0.3021214586440165,-0.009829625263872556,0.25371358999533083,-1.08400644316424,-0.7726652564922749,-0.705480251109222,-1.1362621853721406,-3.319305631216313,-0.9242480740089147,-0.8080326460666605,-1.2515055241748188,0.7969970212263428,-0.11020775375559677,2.1846582344002945,0.2667295928287615,2.3094708249106186,0.9820794117234735,2.3694608827151495,-1.0819840074804725,-1.079129322234426,-0.122
-1.5650096080567377,-0.2686637646970736,0.9586447028625177,-0.09053791428267632,-0.5208484447051308,-0.689213463269371,0.5933452430749303,-0.45370490712492617,-1.3254382773695432,-0.4137227776897842,2.6223798233061313,-0.08951519178301086,-1.00792687480776,-0.11020775375559677,-1.6437738354394729,-4.70552454155849,-1.5902664602857628,0.912585407328838,1.4870513090899902,-2.173205036797279,-0.827308559623398,0.016
-1.5594973801228431,-1.054129545793048,-1.4373705013413594,1.3869800372075274,-0.23284362822327478,-0.5072977840453857,2.889888248202634,-0.22857572815796207,0.14098912667720903,-2.1979861660898665,-0.38570288043927853,1.5839422008691801,2.6719201020993504,-0.11020775375559677,0.6212774152755386,-0.25847364629468156,1.1702398382397206,0.8605294518794918,0.7434818896845894,0.3264728093723234,0.46269760730041454,-0.241
-1.5540046538528005,-1.2333759168496985,-1.8792635941234277,-0.6373311324511258,0.4811907291567214,0.1505263947705416,0.5265571247801253,0.2981122426489775,0.13149182387430103,-0.7868988149795594,0.34190343380470195,-0.14222712093108136,-0.8164369223451714,-0.11020775375559677,-0.2999494864979933,-0.645104638518715,-0.8404188383474396,0.7219855995990925,-0.09759041476580574,-0.4843740728096616,-0.11018280946501768,0.021
-1.5485311265199249,0.3225638350238627,-0.15353079975079437,-0.2764320642504692,0.4310606167240445,-1.5629156740719101,0.6600625647493431,1.1386393541225475,-0.560935713803902,-0.16297964662757075,-1.375072940113415,1.5438167577815571,-1.1651436719650694,-0.11020775375559677,1.2912314954463984,-0.8632661915510986,1.4353115784018404,1.5766896994132438,0.954778159206093,-1.0653627519252757,-0.4875950870387318,-0.018
-1.5430765036389453,-0.05033745163004373,-0.49522507469396204,0.36569168800121005,1.0051478008060595,0.040463429423095276,-1.271213776614202,-2.7001368669962407,0.14098912667720903,-0.5583001908684684,0.22543900564042313,-0.2881958378542169,-0.22929801759457363,-0.11020775375559677,-0.4498838033955564,1.6318348305890045,-0.09307943552655175,-0.4138710334622585,-0.9278470500998888,-0.666810987285113,0.40914285210365253,-0.12
-1.5376404986474712,-0.08402279650845652,-0.7086520087436081,-0.8718742134736367,-1.6008576862971606,0.1505263947705416,-1.599441284247177,-0.5282185641453665,-0.6818065647906861,-0.33769140353952976,1.7249827579176067,-0.14222712093108136,0.7130702280000422,-0.11020775375559677,-0.5865438542082881,-1.7163425206980558,-1.220394732504051,-1.0745682161233112,0.8983181247708493,2.1679341154816347,0.7062481761251426,0.131
-1.5322228326033258,1.0033298726089686,0.24663027975384497,-0.1972194418104892,0.4310606167240445,-0.6227955259196737,1.9149368901872512,0.5075180751726729,-0.056308743588299834,-1.321854519868029,-0.12805431688008254,0.7578268042313521,-0.4012296883688854,-0.11020775375559677,0.5102073162096118,-0.2778543684015311,0.9740721038312049,0.257364480180488,0.5014510745107276,-0.12822295790425295,-0.34006610999813824,-0.027
-1.5268232338967827,-1.5085027384596543,0.39145505307139694,-0.9307951092334338,2.6734091603664982,1.0344752617167097,-0.5011602346726646,-0.1530073705542427,0.3879855248826243,-0.7945255625755714,-1.0174666548848836,-0.07636789824150869,0.28259182683733686,-0.11020775375559677,0.8087269942236266,-0.23262469407978753,0.35712590820352924,-1.634399106140494,0.5413471303855579,-1.5645112215414025,-0.39664867340762877,-0.242
-1.5214414379768098,0.5364061683199977,0.06217072118989306,-1.2669912499448168,-1.0582882035306844,-0.9240826573913389,-0.07781812352397512,0.34448770968968623,-0.9673472577291521,-1.3907969838421448,-0.17736071169354312,0.015318975841496245,-1.130164713597797,-0.11020775375559677,1.7782634287390486,0.10423675508576268,1.362923583489681,-0.06679049059444463,2.2298093346547203,0.37601748653137185,-0.043546878191900985,0.046
-1.5160771870904945,0.2714558316442684,-0.47938144506080066,0.7331661229269418,-1.3935427259479063,1.3787490593806515,0.9428341726403384,1.0032090818689647,0.16467577765340555,1.4148841285256237,-0.5159279782615347,1.474662808406115,0.7550529119459615,-0.11020775375559677,0.3905608306228952,-0.10324341419717509,0.07637628988591354,0.37737782898996464,-0.25793819490259035,-0.8660005018447967,1.4695371216555948,0.219
-1.5107302300348677,-0.08402279650845652,-0.6218037563547718,0.3263481416545905,0.5229349172518695,0.08774625191121915,-0.23832550886964282,1.5248011858889374,0.3696567996380842,1.2946834393321967,-1.0329611953797082,-0.7693341926788707,0.3334536484647806,-0.11020775375559677,-0.51609189063115,0.9004564786967133,-0.1953283458581218,-0.17714314909607198,-1.42407567738489,0.028962297048009105,-0.879722932424517,-0.24
-1.5054003219204144,1.1080465608842613,-0.8740621996150201,1.0062747559997234,1.1540582718082495,0.5285001830136774,0.8016043432368296,1.3954658588013285,0.01651049776880943,-1.122897486136181,-1.2577042128589355,-0.48286709170531245,0.23167076360258043,-0.11020775375559677,0.5233514294087926,-1.6150588139187372,0.9780701397075859,-0.049788431204724634,0.1325143389444692,0.7389870113940237,0.11626368559375548,0.017
-1.5000872239455978,0.10168659148595435,0.52861396082779,1.0848769763174584,0.23851727465323205,0.7095344198881401,-0.018793588141029306,-0.5207791831857644,-0.18428680267851424,0.42033615258378537,0.4813545203666936,0.11936510026101324,0.7634448128705372,-0.11020775375559677,-0.2927325401317909,2.156262828912378,-0.15602088684385873,0.19747576212430804,-0.40392363980357615,-0.4843740728096616,0.3067978598317797,-0.182
-1.4947907031817669,-0.12607982390452654,1.614931489316049,0.45055392766736957,-0.2751096292908396,-0.3601702321430131,1.9803455548920992,0.15186063662718793,-0.29433304940575,-0.28449467966151365,0.8047807984462705,-0.1885110208355976,0.19769026764355127,-0.11020775375559677,-0.7472880582929469,-1.310261673028534,-0.40325828400749053,2.089255531908683,-0.2696408309836105,-0.7746837444895512,0.6009259140420479,-0.1
-1.489510532367873,0.3225638350238627,-1.8638177537131715,0.6631778590239235,0.5646511176694116,1.3292030277165159,0.9096314181004193,1.5166998298981214,-0.14467034366140058,-0.2617024180465314,-1.3422374211799442,0.6027549169499378,-1.1039461641255186,-0.11020775375559677,1.1055144093576608,-0.10324341419717509,0.6788452251360685,0.39454815327237575,0.3641439498369987,-1.456273333493471,0.924579721281552,-0.08
-1.4842464897144398,1.090569219020319,0.38339842098938814,-0.31840268063377347,0.22174583103058781,0.4369749313625937,0.2335123637157377,-0.05437903299230467,1.1091122507328095,0.163065515556302,-0.2245897738193781,0.02184496820892259,0.9476797142218061,-0.11020775375559677,-0.4441234079056471,0.27323653623391775,-1.1855992625224592,-0.058290282759870554,-1.2715660040029058,-0.2772396784062141,0.39840608110014863,-0.136
-1.4789983587162832,-1.6452201722697941,-0.2650247696110587,0.05000253446689103,0.3390497695420607,-0.046662410825638795,0.7516843079487009,-0.8821475608481841,-0.056308743588299834,-0.5050167803911294,-1.0703253136486395,0.08044028962980267,0.4687987025552255,-0.11020775375559677,1.2750001416405738,0.19518986113521755,1.459456789562776,0.30019036785084663,1.3196977180965432,-0.5009531369534113,0.5319956351230803,-0.239
-1.473765927973506,1.4596863714218231,-1.1564454955833456,1.207058035428423,0.9968648314220383,1.0198998620758397,0.3341417632701093,0.836888469629223,0.2772510443978426,1.2796517067485287,-1.3063258076167055,-0.19513525929568348,0.18069003615703672,-0.11020775375559677,0.6754126983053332,0.08476105185069464,1.3991086404632744,0.17183335728814453,0.010386997919751728,1.8157902501975787,0.09981252596132435,0.01
-1.468548991020316,1.2043486627958302,-0.11365367103343595,-1.1196622777618819,0.07059513527695521,-0.11837187222947805,0.014908463077466442,-0.8015892466937474,-0.7562770685129716,0.2614885676959954,-0.6990554894097375,-0.2881958378542169,0.4180928337063941,-0.11020775375559677,0.8087269942236266,0.4556553375018901,0.9301085803380972,-0.6492756545252485,0.5174042891612487,-0.5341149408209862,0.028307772799050997,0.039
-1.4633473461612534,0.7171613714533814,0.30290216699593325,-0.04751996060541505,-0.08093297238590187,-1.731201718158044,-0.4926628927761262,-0.7354333629619317,-0.3145157770414304,0.0190928584301422,-0.8558728954289112,-0.8798674891263734,-1.0253714020837879,-0.11020775375559677,0.6988350110056171,0.3643918685044069,0.9700742931326967,-1.0994429242506014,0.8640792926949892,0.3429889930238114,-1.8737062841183203,0.118
-1.458160796314436,-0.6926834656542112,0.6175626045511551,-0.7428777127117026,0.46448519465140575,-0.6808945315392564,0.6433898408601977,0.8842981316615945,0.08859347981576236,0.06457385063231391,1.100697263473136,-0.8037929053588944,1.1145337217804756,-0.11020775375559677,-1.0133396056027053,-0.3230560461168968,-0.6573406516081842,0.5838403116284341,-0.6592718411865844,0.46681913210885695,-0.3344188564986791,-0.204
-1.452989148861454,1.8691238627889455,-0.40009188639654986,-0.6423850439183757,0.4811907291567214,0.07200414991515044,0.31738166353078706,0.7108971461767368,-0.86926568964743,-0.7563962336306451,-0.5019042525241709,-0.8452429177932396,0.22317813053673868,-0.11020775375559677,0.5262726697297546,0.6777422049556716,0.6072217128628493,-1.041377046672876,0.05564211236532187,-0.42635701741855725,-2.433431519731452,-0.206
-1.4478322155035706,-0.9313556578593543,-0.5189816216709949,0.4335205970021569,0.03695501717749358,0.32934398857931896,0.29223293433024666,-1.1146134977217064,0.3558769946486398,-0.48979682489731746,-1.1489748087887053,0.11288534562992553,0.10410642198412987,-0.11020775375559677,1.014296148911837,0.2797440340401726,1.2384234466835229,0.3430563124902152,0.5114210194259415,0.49157639648889406,-0.6537239016153474,-0.25
-1.4426898121239051,0.07629900711715859,-0.34451808828164565,-0.5356599942743816,0.3223057685154015,-0.4908742475170263,1.562309217151892,-0.46116824240618737,0.9398943001276535,-1.7437652725140396,-0.4103638840410523,-0.22830236605553395,-0.22071826459104543,-0.11020775375559677,0.10975042344843645,0.44261109825293166,-1.2010664365613337,-0.4728471736493567,-0.2637900285660293,-0.21927672526516503,-0.05463234809187602,-0.02
-1.4375617586552938,-0.36893307558626465,0.9016352616064968,0.23147661386531815,-1.0925817784874812,-0.2387383835345453,-0.3484007801882367,-0.61728267234975,0.9231175259252733,0.6922398994492307,-0.9071801672230361,1.0620681889638162,1.0144927874157592,-0.11020775375559677,0.15477872716938496,0.3513630453493608,0.5714377868745079,0.43750180429149466,-0.8226144211164548,0.23561078606674926,0.6905061263429102,0.001
-1.4324478789535429,0.10168659148595435,2.414539379185774,-0.2553749734821572,-0.35973185985161965,1.3858086964313467,0.8182357088761089,1.1306534047247776,0.700625149226321,-0.1477978052823439,-0.6324658399533531,0.42042237577638714,-0.3065881270058807,-0.11020775375559677,-0.32303844953911554,0.6254297584418286,0.1197954729898915,-0.9749096551114218,-0.8091951690915776,2.1515701753473855,0.2145750630407171,-0.132
-1.4273480006758055,-0.5519576619698099,-0.0018345379103037306,1.3245640032284154,1.0630985486671585,0.040463429423095276,-0.4926628927761262,-0.13028598510750003,-0.061189653353613906,1.5274869755508387,-0.9559209551263401,-0.8729365493578993,0.8975067795466003,-0.11020775375559677,0.05169266414971152,0.43608980268924974,0.424521827560053,0.8605294518794918,-0.5279831761237269,0.5740794098754994,-0.862234185899434,-0.144
-1.4222619551638314,0.5106685348123055,0.38339842098938814,0.31513714542066745,-0.9469764976429612,-1.0685124145081197,0.35089729811330267,1.306903414059778,0.43812886428415715,0.4052153969139537,0.9565999491396404,-0.31489459774947015,0.24865105972140888,-0.11020775375559677,-0.9119157249278064,-0.49714181698060794,-0.33271619712801676,0.1376661239293557,-0.6187848112666245,0.037232050640478596,-0.05463234809187602,-0.252
-1.4171895773318453,-1.1438741558127137,-0.24115323072555514,-0.009715572295638266,1.409711806651702,0.07987755521770745,2.241378494557932,0.05996683826480358,0.44720486355440525,-0.47457858783696777,0.35106496588260305,0.3059330616991687,-1.0690090441805329,-0.11020775375559677,-0.3836087232701528,-0.7221802836313583,-0.8287492424630803,-1.4459894741432793,-0.31835735444336966,-0.30208560535963086,-0.21068812270992673,-0.108
-1.4121307055588352,-0.6016950173363558,-0.34451808828164565,-0.9454652908680055,-0.3343325198912493,-0.4908742475170263,-0.02722207811180494,0.08290562270981539,0.15521081420292018,-0.1250281695579609,1.3521688768549514,0.1452532457799261,0.07854861296897135,-0.11020775375559677,-1.098920360478197,-1.5770365486402982,-1.53262931571666,0.4977035484547175,-0.24818284833904075,0.8955266107085693,-0.026934101262888005,-0.053
-1.4070851815850383,0.5793489898061582,0.08619317147225135,-1.03782432691954,-0.07250475617463595,-1.3094215450090336,-0.6628523521661501,0.15186063662718793,-1.022332577493717,-1.1076059131185483,-0.0640259233532037,-0.3684386040182161,0.20618788453510714,-0.11020775375559677,0.16495045194600452,0.7366352211631217,0.4007273895670487,-0.8416368090159777,0.5613114166240863,1.4876229520934434,0.6694857458469862,0.021
-1.4020528504124186,0.44213729424017867,1.1300686739064447,-1.384050457177416,-1.1612312113211827,0.360189354146893,0.7017251876470985,-0.0010899337431420082,-2.3690485325253325,0.32958770898088563,-0.2669968970230443,-2.123853739982953,-1.3667328459723085,-0.11020775375559677,1.2720493542543718,-0.3875811650673938,0.2225354654670521,-1.8218215396122803,1.984926212106373,0.5575814216452135,-1.221203398421223,-0.079
-1.3970335602089587,2.021845882335757,-0.5506404411500383,1.9406808373312054,1.104459853700945,0.024664800379821838,0.6517267520804876,-0.4013872822232713,0.4923963928326005,-0.2009415606750556,-0.6874115028232852,-0.38856791947506886,0.3334536484647806,-0.11020775375559677,1.210109007407783,0.25371736999368505,1.5641775050216238,1.8323620793938973,1.2118986991286467,-1.5978249996628078,0.500057465237024,-0.091
-1.392027162216575,0.06784096124394652,1.598415638874127,0.5361817169334596,-2.0353012622204605,0.596702745270362,0.35089729811330267,0.4530511836704831,1.5614412236294706,0.8883010118635507,-0.7872387754358764,0.6836368976530842,0.6121530986463634,-0.11020775375559677,-0.260968681119854,0.7104551286009596,-1.042337346891538,0.9820794117234735,-1.0212926336102355,-0.30208560535963086,0.648430033199954,-0.199
-1.3870335106624976,1.2306650063566182,0.43982170210405586,0.42218201046061,-0.1399635947071774,-1.9552969716512465,0.9594291749912167,-0.7942494398163409,-0.16940569615819195,-1.099960808356515,-0.8229361156884258,-1.1102752983862583,1.3719983665081592,-0.11020775375559677,1.4862736662341756,0.6646608332907108,1.6165934472792178,-0.4728471736493567,1.2769501388566191,1.0766320749426457,-0.3118498961091831,0.03
-1.3820524626739545,1.064371661963837,-0.534813396936017,0.30953663388141833,-0.6143287928996178,0.5436889805543467,-0.8677645728176232,-0.06958118880118981,0.1977015069176242,1.474949204969579,-0.8318985160661833,0.4772890844384176,-1.6220137529373788,-0.11020775375559677,0.6344417491458826,-0.3230560461168968,1.1542059991557045,0.4804951332372689,0.20955598629208996,1.9468983456718942,0.7950787960655138,-0.052
-1.3770838781960024,-0.8410292904184339,-1.078153365283993,0.17611299411806125,1.1292638467880567,-0.22262801054515804,0.9594291749912167,0.5386972352490758,0.6831692949718763,0.30689160743388927,0.7585018220149569,0.521344195559597,0.18069003615703672,-0.11020775375559677,-1.3308092101106213,-0.6836529856999283,-1.0772164208426693,-0.33792310207010323,-1.2923251841682293,0.7801932784545048,0.4787219610118159,0.023
-1.3721276199123733,-0.6348111057669996,-1.211182999065388,0.4676178795737973,2.0159848311040407,-0.3195744428237802,-0.5606772218728748,0.5777275338012238,0.9940887479487287,0.2312118252764545,-0.10746069200213808,-0.0566699913811951,-1.1563966970223811,-0.11020775375559677,-0.8833157763850228,0.5404963585863961,-1.022951337796548,-0.45600530821938706,-1.328146522038869,-2.0980793036689613,-0.17711312290079273,-0.182
-1.3671835531691894,1.9948387565855128,1.6231915461785562,0.2927550067297224,-0.08936236926853,0.9320587616915802,-0.7993765758592479,-0.5282185641453665,-1.9820452943339295,-0.04157148995100348,0.2957513155005531,-1.1948698463108556,0.5616097908854838,-0.11020775375559677,0.1475141207289883,-0.4520487947533791,0.21462677233955396,1.682335870920933,0.5253835012544482,-1.4978975076194119,-0.13246029217821415,0.08
-1.3622515459014317,-1.8053540970258302,-0.858330819131022,1.7895503733254725,0.07900225057450527,-1.3789457157753748,-0.6798996138781193,-0.8748377055508026,0.1124583415106837,-1.1611343874994344,-0.6642034401272888,-0.7900003658007237,0.8640278960467792,-0.11020775375559677,0.5496468599560779,-0.43271455468816716,1.5319399388385146,0.26592644740058413,0.07336677201779444,0.5988239355381941,-0.5332584833096362,-0.107
-1.3573314685620306,-1.5970306798256233,0.5771119403572612,-1.153143670190886,-0.14840128133727276,-2.459016113307221,-0.3145092243162619,-1.549839208520058,-2.349980953372766,-2.0207122481812765,-0.9773834102332442,-2.1536639079332316,-0.04946336601798759,-0.11020775375559677,1.2941830183723062,0.23420319857786506,1.302654971684394,1.1039293529981116,1.4400410898455085,-0.22755621347260466,-1.4904858841163848,-0.241
-1.3524231940534688,-0.31883731461762105,-1.538463473361111,1.2378440259836396,-0.5633210039532136,2.193332967906669,0.8265497752686352,0.5777275338012238,1.1577016608189294,1.159344318321911,1.3078924025219123,1.5839422008691801,0.7550529119459615,-0.11020775375559677,-1.7298616559696272,-0.6065352889166551,-1.4749343645946766,0.14620550364194354,-1.190272719373747,0.7637117661060187,1.4794197468075663,0.165
-1.347526597661788,0.050931582463070196,0.5528571226076253,0.0445578127323743,-1.6181691083729126,0.1191739657967655,0.006484734055353789,0.5308986854590172,-1.51004556491115,0.24635100277794783,0.21596503634610947,-0.09609344368261438,2.1118733339184312,-0.11020775375559677,1.344376193807724,-1.5263056508710435,1.8508980092117986,0.0012571394835766204,1.6140431459426008,0.7389870113940237,1.1341516347932872,-0.136
-1.342641556992893,1.0207581473177847,0.8934964017840156,-0.40696036999990876,-0.97264455531502,0.5208987796088803,-0.6372911746988169,0.08290562270981539,0.01651049776880943,0.5336912986038564,1.0184917624880252,-0.12903073369481655,2.307354164686523,-0.11020775375559677,-0.957648396713995,1.301582168287264,-0.8754142809735043,0.912585407328838,-0.8341119744399904,0.8049130572155658,0.006235808537125693,-0.018
-1.3377679519110603,1.3802166336213184,0.37534306545896723,-1.95575029691581,-0.6483587599203388,0.9467452466412237,0.7516843079487009,0.931796313276823,-1.2401883810409258,-1.3984595863191782,0.6721800599847191,-0.5981741271267487,-0.05801064296708582,-0.11020775375559677,0.037185863632467786,-1.3738772678830544,-0.23461194028150842,-1.4624116936092684,0.7575318103052157,-0.2772396784062141,-1.5508333014708624,-0.106
-1.3329056644795523,-0.3522431100424691,2.3054567430611494,0.6748071100940525,-0.9897629996151699,0.8064748013517626,-2.7882369515543353,-1.1290487338633866,0.48789135227757774,-0.9242480740089147,-0.0009532430915216772,0.2803543723866178,-1.2001464464516596,-0.11020775375559677,-0.19739562813353848,-1.4628366872055167,0.35712590820352924,-0.9832242653300153,-0.6014173312714944,1.3479824688844324,1.3204151828540602,-0.24
-1.3280545789032525,-1.7973654811535045,-1.5695318128047377,0.38260343215794795,1.7463046029517901,-1.7936426454174204,-1.4610225572484317,-0.46862892114286403,0.07423555795839595,0.0039292426134980565,0.7544445539419199,-0.6117973071825117,-0.3753992498186365,-0.11020775375559677,-1.0746845789273223,-1.9688523544807903,-1.3208000254116796,-0.7162877048655015,-0.5473243531560961,1.1424480935158894,-0.07682793510868642,-0.184
-1.323214581473237,0.06784096124394652,-0.6534013285399227,-1.3793976880571026,0.13781951557638372,-2.6270809945193556,-0.2637090002764458,0.8289954808019295,-0.1249418029895047,1.1668663273676594,-0.9651088142191121,0.07394202558530996,0.02738830236548199,-0.11020775375559677,0.8219250633035329,0.7890213662901161,0.13954086159995335,-1.5689764484108297,0.57928852558531,-0.7331881751760411,0.500057465237024,-0.044
-1.3183855605132022,-1.037786101736206,0.48823452788122057,-0.07442947553881875,2.252086970805028,-0.8987387889113531,0.9677250859948984,-0.7133326783370115,0.37882749310534575,0.6771474497893462,0.8777765502027568,-0.5234634992335658,1.1395107308937154,-0.11020775375559677,-1.261193934385821,-0.5422064939850063,-1.1236903085540562,0.773893034281535,-0.8283637360539355,-0.7331881751760411,0.3769067943454399,-0.18
-1.31356740632767,0.5535762727467816,-0.34451808828164565,0.248149422046258,-1.7568576260143236,-0.7308796902640499,-1.2970612189274242,0.05996683826480358,-1.51004556491115,1.369819921478065,-1.1079404871942051,-1.082172958754756,-1.0864746083710053,-0.11020775375559677,0.05169266414971152,-0.32951113907635204,0.376941286576372,1.2348130876339054,-0.9698381501449771,1.1013156256287409,-1.5689731788341934,-0.091
-1.3087600111519047,-0.543660706590029,0.9097754560550769,-0.1600202755165539,0.756187999413523,-0.8229655762363837,0.0990806686040144,-0.3038822498275066,1.6319061044097651,0.2160710331355669,1.2064468630986784,1.4573019008497645,0.39271812176493204,-0.11020775375559677,-1.749601241853066,0.1821898670586043,-1.3439461504133972,0.30876035605220203,-1.2696780611896616,-0.6751070754255677,0.6642251269112496,0.018
-1.3039632691034648,1.0556440563730656,-0.07374593178243667,0.9283050022307425,1.5576964054436644,0.6419612133732742,2.542023602955238,-0.7133326783370115,2.193178395763342,1.4148841285256237,-0.7019706546345784,1.9324054471450263,0.11262237231400452,-0.11020775375559677,-0.4167546179224892,0.05880128927841358,-0.10882050331165762,-0.304124789616857,-1.2640134887284225,0.2521340451821944,1.1290804575496505,-0.083
-1.2991770761353305,0.05938515360326924,0.36728898560827633,-0.1600202755165539,0.4561307400108085,0.8805100778598632,-0.8934316469565443,1.3551741842931881,0.3604734334551239,-0.3528942782286192,-0.7165715225919723,-0.8868014406954606,0.662639783012594,-0.11020775375559677,0.05024184640767853,0.20819208211776957,-0.22282937064300734,0.9039055660915005,-0.25208533043505754,-0.6585152025449917,-0.2499511272868851,-0.236
-1.2944013299905397,0.7689974573611793,-1.5539998241240724,1.8549786644118325,0.3390497695420607,-1.731201718158044,1.1251473734666275,-1.3513667456037215,0.795757559312743,-1.2529496081579483,1.710052537747898,-0.18188984453660043,-0.8685884440519106,-0.11020775375559677,-1.0062025060583322,-2.345713770755976,-0.15602088684385873,1.1911473877170644,0.5353599565111604,1.0848602638981057,0.5585509476295698,-0.017
-1.289635930158276,0.1610029512872555,0.8772226822457783,-0.9698625399279877,0.10421661623538982,-0.7894129158692436,0.42624096260908423,1.8426022441661467,-1.166963170450085,-1.329512934735258,-0.38570288043927853,-1.3154491656757377,-0.26363312396534533,-0.11020775375559677,1.5395517448285205,-0.7093401926934098,0.7385880230053125,-1.6833877627339966,2.1383366597322824,-0.9905817923553442,-1.0143749631572696,0.044
-1.2848807778313522,0.6481796137781404,-0.8976506413836413,-0.8125659321341355,0.6479999582299185,-0.7141988832362837,0.22511909887283305,-1.822531202522413,-1.5217082535063082,-0.37570177434291274,1.5729323493462024,-1.4010831599117315,0.6878620116143869,-0.11020775375559677,-0.8189181621003084,-1.6973639330594399,-0.43458524834215695,-0.058290282759870554,0.45164212143206667,-1.839487015252458,-0.6364616575863125,-0.146
-1.2801357758650311,-1.2333759168496985,-2.210328584127141,0.6399616820941872,0.8641906031735153,-0.29527387052664883,2.371539650403794,0.052325722299999995,1.2615392596786197,1.069050956382237,-0.8618834815590358,1.3875691149038543,1.3388549839098638,-0.11020775375559677,0.42993449227767827,-0.11619175419434707,0.21462677233955396,-0.4728471736493567,-0.37477842510230497,-2.1899027140966223,1.3304087768189696,-0.094
-1.2754008287371366,-1.749393939329163,0.1984464577990193,-0.4689618082857903,-0.46143844217078056,-0.11837187222947805,-0.365354012647037,-0.3564403722634172,-0.5453042685189249,-1.4597772461972087,0.6888042940622036,-1.1384255792433666,-0.49606320263091197,-0.11020775375559677,0.6680947669394461,-0.34887297903365255,-0.21104465011291967,-1.0247708158588562,1.9290871598097623,1.6025455090061147,-0.6134727014830312,-0.026
-1.270675842509402,-0.46057443456073816,-0.7323133637775887,1.0424736038151308,-0.9298708530049121,2.121382288973135,-0.765214088342456,-0.20593265874224526,2.222347690612867,1.804892333102623,1.9557000553757644,1.618209508621319,-1.314069147943186,-0.11020775375559677,-2.5667875539525773,-0.7157605310573047,-1.4749343645946766,-0.4896822577427242,-1.6447717547718088,-0.004119879934941212,0.9554637619879911,-0.055
-1.2659607247900142,-1.5970306798256233,-0.06576070173825103,0.8806343651081221,-0.22439402242772494,-0.40088463612726666,1.0837571272593074,-0.2587298248669449,0.9482647353673187,1.3848427938954206,-0.12032014525821935,0.125841768125594,0.822145060395603,-0.11020775375559677,-0.49450967716122807,-0.7478534316595741,0.38883329558157426,0.6787722097227851,-0.7247118275491604,0.5410821248061083,0.4145080154123753,-0.127
-1.2612553846972978,1.5304994347330874,-0.8897889770209642,1.1824989541116309,0.8973851305564111,1.581617647660129,0.9428341726403384,0.6403059253011102,-0.86926568964743,-1.8744667682032747,-0.07420600482065771,-0.07636789824150869,-1.0340959241770007,-0.11020775375559677,0.8175254449493116,-1.8679689711661795,1.4151966293436953,-0.10077486436329713,1.3196977180965432,1.0272558396744038,-0.03246963512530559,-0.107
-1.2565597328245106,-0.9559470886203532,-1.2970882595731286,-0.4741097238227152,-0.00512142400177541,-0.3276841154068454,-0.5011602346726646,0.08290562270981539,-1.1781889549610156,-0.9700632381758816,0.38068212622920133,-1.9017760013507394,1.380280647860143,-0.11020775375559677,-0.28984554236503746,0.5143815707899001,-0.39542412927012216,0.24880412004351296,0.06548802635459994,-1.0321237992941719,-0.14918983004684905,-0.182
-1.2518736812056963,0.820919519432653,-0.30478649446509865,-0.4586572943598911,-0.35973185985161965,0.10346952211108125,-0.3399260296344838,-0.6542788043162161,-1.7580740778500479,-0.4517544492434873,-0.4907145501385114,-1.8944190299635675,1.4216707432742353,-0.11020775375559677,1.014296148911837,0.00042465250021439435,1.1782580965916845,0.8085290328310005,1.28508902269805,-0.6336296702123485,-1.7879266208103963,0.116
-1.2471971432825644,0.9772057652064516,-0.39215636615445154,0.2704258341730897,-0.00512142400177541,0.41398840797783304,-0.010366290296547365,0.2981122426489775,-3.5645162311951,0.0039292426134980565,-0.5412733854916472,-1.4799576757185477,0.4350012301004791,-0.11020775375559677,1.6150908099335148,-0.11619175419434707,2.17933240174134,0.043840132019028734,2.2422975829642575,0.7472289275522309,-0.9967544951000139,0.094
-1.2425300338723524,-2.579251371523636,0.5447747747661403,0.248149422046258,-0.308944051733906,-0.35204158770030936,-0.14534682314745018,-0.008710419891618217,0.32823169490194,-0.32249022438517727,-0.3503102919338665,0.21619070800625226,-0.8685884440519106,-0.11020775375559677,0.16495045194600452,-0.2520122638371557,0.35712590820352924,0.46329304779805003,-0.33976986139114185,0.3182142339123851,-1.268801250626952,-0.038
-1.237872269136642,0.17797077325142974,0.17437152459223199,0.7683527627304189,0.6146737563920093,1.0053059619432372,-0.9105495439864357,0.7423355867055936,-1.3942270639186916,-0.5735279081409352,-0.8950634994874879,-1.6387852031612586,-0.7730194206039478,-0.11020775375559677,1.385736220280718,-0.2390877875241737,1.753855714665999,1.53273304449617,1.1124948540342174,-1.856162197426651,-0.9908848056964996,-0.065
-1.2332237665510883,0.8036025867341607,-0.16150256112888656,-0.09590119982884972,-0.3427977573271344,-0.5402019369978848,1.1251473734666275,-0.9550956860962031,-0.5975293614833587,-0.390908897784422,1.3635106887983885,-0.9702436075978275,0.42654783847481326,-0.11020775375559677,-1.2938805670464355,-1.1637158685836204,-1.5441613754018275,0.5666003586710238,-0.40974955859347356,-0.7580846112868335,-0.949850265549513,-0.099
-1.2285844448760317,-1.2008577989047138,-0.03380748040190467,-0.18660633720368747,0.0537774093518373,0.8657401494897404,-0.7737527366607342,1.1386393541225475,0.94408101261415,-1.812942687652775,1.3602759112719207,-0.0632328885129949,0.5953116399833878,-0.11020775375559677,-0.9676479393246314,0.5078542417887567,-0.32879490612681234,-0.808248609574189,-0.4970129925595299,-1.0155061044859357,-0.2499511272868851,-0.102
-1.2239542241279624,-0.31048046784788863,-0.7401981531865731,0.5075533595038948,0.5145883218860186,0.2984236248390868,0.2586852309136738,0.6559754536629467,0.9231175259252733,-0.2541058400320651,0.9679552396117614,0.5276253022298076,-0.8251250208985844,-0.11020775375559677,-0.7472880582929469,-0.18089944667984545,-0.28956878676800213,-1.4213423834060894,-0.25793819490259035,-0.40149717858983935,0.5319956351230803,0.044
-1.2193330255518045,0.279968120561571,0.5205354929454252,0.4733126839088888,1.2118748324703263,-1.7847079654370743,-0.20449800885437996,-1.064002822194079,0.8978624436928465,0.8204631664037986,0.08576027320364818,-0.004277468863403669,-1.1476512116214055,-0.11020775375559677,0.3993086508201788,-0.7029192687578366,-0.3366372477610539,1.0603772284021578,0.44168849776042624,1.060174681783177,-1.1381952829138269,-0.107
-1.214720771593993,0.03403114276698034,0.8853588756444506,-1.3186879443335442,-0.733520844112094,0.5285001830136774,0.6933948515346195,-0.7501536338817663,0.9315119005705546,0.11004010448606755,1.4130658685284994,1.5208169783853067,-0.5219599946528547,-0.11020775375559677,-0.788843393439025,-1.2147245584254234,-1.3323742306903974,-1.3473023568660847,-0.0779835533464983,-1.856162197426651,0.393034475750596,0.006
-1.2101173858763141,0.22042992574614517,2.414539379185774,-0.596798571297033,-2.3327434648368834,-0.5484398706410928,-0.08625499389934223,0.044687181013356246,-0.7776797310331097,-1.2299896071042073,1.5254961585529652,-0.9354233922803594,0.7298679443761906,-0.11020775375559677,-0.659789882309837,-0.9848830567469202,-0.5480156506806806,1.1824187748048194,0.6713080145139947,0.7884335368553322,-0.9615648961398209,-0.138
-1.2055227931704853,-1.2008577989047138,0.5528571226076253,1.5638812146940666,-0.3427977573271344,-0.40088463612726666,0.21672467749045005,-1.1434728572763528,0.28190160032259143,1.7074816503194739,2.0388355532163236,0.6712279812650566,-0.7556631697420927,-0.11020775375559677,-1.2412890163321524,-2.264256621458943,-0.9065045122174402,2.4276923863644915,0.5593145008733751,-0.625335100560032,0.3715266159799452,-0.11
-1.2009369193734447,-1.1845867641648518,-0.4397515654108818,0.44487275288146877,1.5905365847688373,2.042267839724157,-1.0476792433875857,2.263563547798323,-0.436746425979232,0.7978436386090846,-0.5187376091180786,0.3887208019149409,0.628988265860885,-0.11020775375559677,-0.0425467315851494,0.5274378707042421,0.13559131453380951,-1.0247708158588562,-0.25403639976410697,-0.004119879934941212,-0.34006610999813824,-0.177
-1.1963596914833308,-1.8931041593347973,-0.8661970851209827,-0.3965859631826266,0.9139758864431707,1.150413101825235,1.372947144276085,1.0668532973135365,1.0968989260733204,0.6846938690029754,-0.285676662810046,1.0259765437490953,-1.5690970985425905,-0.11020775375559677,-0.28407117116330943,0.3774228985219552,-0.3875890098722233,-1.1822425969525983,-0.5047583393163035,0.3429889930238114,1.1087759026295345,0.023
-1.1917910375761256,-0.23517134039592635,1.0646939926731314,-0.12267130419250782,-1.1268960918231945,-1.3354569671514194,2.0211951769414482,-0.5950527831003936,-1.0887847456763575,-0.5735279081409352,-0.5695902728062885,-0.5099192102037442,-0.4356924766998426,-0.11020775375559677,1.266148119207348,-0.12266507491719013,0.7704718091916353,-1.0579761833307078,1.2322158739479765,-0.5009531369534113,-0.9381432641052568,0.029
-1.1872308867829384,-0.6099771950932698,-0.8819261633397516,-0.2131163273995098,0.5062406062051781,1.1215394574503708,0.27546138146944654,0.06761052775522278,-0.3246273336636371,-0.7945255625755714,-0.2166831306402918,-0.10267476497508517,-0.42707440423788495,-0.11020775375559677,0.029933611314744698,-0.5164587250723429,0.2423112854314947,-0.43072981413759426,-0.5047583393163035,0.6235655089993167,0.721970291336163,-0.054
-1.1826791692679128,-0.13448462579003215,-0.08172993334335621,-0.8767990265655989,0.7312380498167196,-0.41720362797632204,-0.7225405230422178,-1.7878175469059787,-0.18925382912776958,-0.09467447953744769,1.1523541701495186,0.08693547010150161,-0.15213837356787974,-0.11020775375559677,-1.650835074471129,-0.6515308228121379,-1.4402897277063242,0.6787722097227851,-1.1220379809846903,-0.11167179520257543,-0.49899908308744995,-0.079
-1.1781358162067292,0.6223504708476948,-0.5506404411500383,-1.5727301885348541,0.8641906031735153,0.7170192760072417,0.5850006115106584,0.27495876376297673,-1.3597670568145823,0.6469578804655336,-0.4158617642894628,0.125841768125594,0.645817155908811,-0.11020775375559677,0.6798038095754643,1.0448966794596992,0.07243050246763783,0.19747576212430804,0.6092698213430955,0.17776929130421987,-0.7692533020771711,-0.049
-1.1736007597656903,2.139157431113312,-1.662632435884956,1.6664081733117728,2.4873731482031767,-0.8818668092692364,-0.5351623001288492,-0.03155636997414985,0.8597769219172849,0.32202274247768153,0.4879648521927303,0.18399278618884704,-0.40984300888187686,-0.11020775375559677,-0.957648396713995,-0.04494789805951063,-0.4502429321232538,0.09499355590775221,-1.1732289671324594,1.2493526740367351,0.6326151105889184,0.05
-1.1690739330813658,0.07629900711715859,-1.4762743435496424,-0.7528660611501892,-0.47840660401859475,-0.07052306875431827,0.09066875454187928,-0.9405279741854661,-0.7349302049918265,-0.9013465275081816,0.22780384460607891,-0.8106937009434756,0.2741091083101192,-0.11020775375559677,0.07345859904588022,-0.2713946987829037,0.3452394651722971,-1.31434830958863,0.7254254048815173,-0.5092431286998395,0.6220608295316875,-0.013
-1.1645552702407778,1.904989099485334,0.5043824308987089,-0.9356878279913601,-0.19905237742694443,-0.9664182112590964,-0.044082639489002255,-0.06958118880118981,-0.08564364984072258,-1.1534860952066415,-0.5667512103748231,0.38237115621166184,0.29955232906967627,-0.11020775375559677,0.47370851100623823,0.2667295928287615,0.33731633057786253,-0.12624583564066916,0.2154892583657972,-0.012391214025948848,-0.47050393496669296,-0.014
-1.1600447062621126,0.7603521503974011,1.1955304929954067,0.14305071921439907,-0.5463282863508119,0.17399133623578325,-0.15379334805532804,-2.1384593675718655,-0.6818065647906861,1.0841036086829823,2.715827186737698,-0.09609344368261438,1.0728759148124782,-0.11020775375559677,-3.6204679991256365,-4.483411275902835,-2.850748603450293,1.7881929992917265,-0.7074027972610919,-0.890911377672908,-0.19389149192999916,-0.036
-1.1555421770759382,-0.4855226432229586,-2.087368165711796,-0.23955060321286506,0.28880408885005276,-0.4744697307401828,1.3152095396676753,0.5231026414687561,1.5502235858504771,0.7073307949964568,0.5273636377862398,1.6523604228777302,2.477798689040776,-0.11020775375559677,-0.5577971997631952,-1.0232438217209427,-1.1159471675664088,-0.21104154328656907,-0.394211459851017,0.07030789753639308,2.3179056960112887,0.043
-1.1510476195069137,0.36521683078614003,-0.41595934011377084,-0.24482840391106006,0.4143415601961262,1.049032166365035,0.16633379483876073,0.30583514739780115,0.29583410714275127,-0.7945255625755714,-0.8739250776503248,0.06744067849878468,-1.1651436719650694,-0.11020775375559677,0.9466894786554807,0.6319669114920404,1.030065077882321,-1.36376846729465,0.5932767738946677,0.20256042285101475,-1.5146028840397585,0.135
-1.1465609712559746,0.502093989043206,-0.7323133637775887,-0.4380134601092151,0.6146737563920093,-0.6062387067972331,0.10749140797111958,-1.222606385364501,-1.0002958344550372,-1.2529496081579483,-0.769481231282434,-0.8037929053588944,1.6198538758254017,-0.11020775375559677,1.3547141308443265,0.8217802505550734,1.030065077882321,1.9031080650351389,1.3910447018101904,-0.42635701741855725,0.2634751112018342,0.007
-1.142082170882975,0.2714558316442684,1.7886928230875039,1.2193607890585039,-0.08093297238590187,0.18180358115615133,-0.35687677407015533,-1.1722877203201023,0.9315119005705546,1.023883946317616,0.632351371981841,1.8714942406239548,-0.4012296883688854,-0.11020775375559677,-0.7429876767476419,-0.10971786722028554,-0.08914357499864684,1.2872616155649208,-0.7669823058564603,-0.004119879934941212,0.2743185256237865,-0.091
-1.137611157789779,-0.31883731461762105,-0.8976506413836413,-0.6170873904669759,1.145794525359142,-0.5979674434871037,0.13271659015924128,-0.8309212992422987,-0.8638502084785501,-0.2692994171367511,0.5011478543741728,-1.4368905842093922,-1.5867302235171803,-0.11020775375559677,0.1475141207289883,-0.5228965364985588,-0.6534394822613064,1.2173422839303383,0.7896655622797903,-0.9158249485261349,-2.32661952384367,0.047
-1.133147872203783,0.24593264062123676,1.6727817969337027,0.08820459257262112,-0.5123576229153597,1.0708328572651118,0.25029542854783404,1.4358174364408223,-0.8422234311190989,-2.5456038429734287,-1.1711932514619985,-0.5709641497579014,-0.135009594603207,-0.11020775375559677,2.0489686455737752,0.7955720646289012,1.334792031512754,0.7219855995990925,2.0740042948793795,-0.7746837444895512,-0.060178165501429036,-0.019
-1.1286922551618532,0.9946193981869423,0.6337519800257108,0.20929204084867548,-0.8358808479491258,-0.9918770353482634,0.17473518061388763,1.0748197957904715,-0.25914261085915213,-1.6055274980584002,-0.9041484356622345,-0.050110166766589324,-1.2614584108638,-0.11020775375559677,1.2145316578612222,0.16269405480275131,0.45229252663473624,-0.7581141231618218,0.9890978339053486,0.35950388586047183,-0.07682793510868642,-0.267
-1.1242442484946709,0.1694857326733764,1.971411673236612,-1.554499565715556,0.9968648314220383,-0.806179687415719,-0.9105495439864357,0.32901908148548936,-0.9947955328688552,0.7903030259091476,1.581703351505402,-1.8283389884879646,-0.006751563537464839,-0.11020775375559677,-0.9405025800344321,-0.03198712936378573,-0.9880408051571888,-1.3802272885218474,0.4337275618469207,-1.1235423267523594,-0.9089091826310257,0.018
-1.1198037948114707,0.23742946290895106,-0.6376048882994167,-0.6927703326954596,1.0713729447884128,-2.3386225413849133,0.7100544316746141,0.014158785749093175,-0.5089508889423872,-0.8097803826140108,-1.0020154377032224,-0.632254805468138,-0.8077503550526036,-0.11020775375559677,0.9011629087403273,-0.43915987801746925,0.7385880230053125,0.7133398042991317,0.5014510745107276,-0.37664011381592716,-0.402317911387818,-0.031
-1.1153708374851554,0.9598018734074009,0.17437152459223199,2.2567710576370943,-2.105138003769023,-0.5814392061556776,0.3089998989119587,-0.8015892466937474,0.5995812025581045,0.7224201383419034,-1.1839282830776154,0.1387858414195283,2.9055482526190173,-0.11020775375559677,0.29295012556507455,-1.061583113368673,0.3927977619730386,1.1213608385799925,-0.5492578274528821,0.020692227032463487,-0.22750298817524645,0.046
-1.1109453206377853,-0.6761589751917987,-0.39215636615445154,-0.3861998317903361,-0.20749839794091954,-2.83465271433487,0.41787397381774777,-0.7133326783370115,-2.711722774957619,-1.7975665356172836,-0.2245897738193781,-4.446604087514907,0.1636831283430897,-0.11020775375559677,1.3281336549709395,-1.195600818744629,1.648867777550288,1.8942597486077146,1.683849417615649,1.1013156256287409,-2.301560160444261,-0.058
-1.1065271891264183,0.674030009781669,-0.44767992219968433,-0.96011158415608,0.22174583103058781,-0.03871829733713512,-0.27217262192327174,0.021787016769170723,-1.251507936905052,-0.8784489934893229,0.9980135295622384,-0.9423814212010257,-1.2439333053725665,-0.11020775375559677,-0.41243218711869417,-0.6515308228121379,0.511839252351304,-0.5065105517528501,0.1404082645589738,0.4090408059574667,-0.6537239016153474,-0.045
-1.1021163885293044,-2.170804098549563,1.121892083663176,-0.18129522205425025,-0.16528021902749834,0.45991935246010107,0.15793124411721388,0.3367521291089267,1.6466136456643061,0.6318607569572268,1.0424981508258635,0.35057630342117113,1.3719983665081592,-0.11020775375559677,-0.7816806245213969,0.29926985193832456,-1.0113167374679188,-0.07528905369135658,-0.4563193428754425,-0.6336296702123485,0.17096502806349725,-0.148
-1.0977128651324102,-0.6016950173363558,0.7959338426028673,1.3121283130315207,1.3767807867501365,2.101664648457656,0.4346068228437693,1.0588892346427674,0.8894200609073301,0.17821197519842275,-0.26966070507062145,1.1577538148492077,2.7203401608274955,-0.11020775375559677,-0.10047561661900706,-0.18089944667984545,-0.4854585664693598,1.1562420052482894,-0.23842464047296705,-2.1982519706262518,1.665831872436089,-0.15
-1.0933165659162727,-1.6211340866177175,1.4171141507145886,1.9208381895940296,-0.870041248382901,0.7319750296104695,-0.5947150213237375,-1.7599940571366097,0.5417454912257557,-1.1534860952066415,-0.4907145501385114,0.6027549169499378,0.2656247422491438,-0.11020775375559677,1.05400667948544,-0.8888875192630977,0.77445830613681,1.2785164369028343,0.4237788472616704,-1.4895720937064012,0.2634751112018342,0.105
-1.0889274385431698,-0.6761589751917987,-0.13758361505046504,-0.38100236256982944,-0.4105632558587355,-1.5629156740719101,-0.45868618058930144,0.029417827091834915,-1.2006837187363286,-0.9547897255422342,-1.1363172661301062,-1.1032452178302208,0.29955232906967627,-0.11020775375559677,1.4626061407781632,-0.13561001679973989,1.4151966293436953,-0.19409566653352692,1.5668876608617495,0.3016961165652522,-0.5104109861270926,-0.33
-1.0845454313445975,-1.5246161670217342,0.05416572383290116,0.6922775193157037,-1.1268960918231945,-0.5484398706410928,-0.2637090002764458,-1.8917387125814575,1.2337758415977098,0.6318607569572268,1.272868947568552,0.8070353624098917,-0.5910870944063932,-0.11020775375559677,-1.0903676497196109,-1.0296351961916237,-1.1507833941537224,0.9212667859953423,-0.6322862620424421,0.9943315997279044,0.5797559270275805,-0.224
-1.0801704933090446,-0.7669404328040493,-0.4873038535533254,-1.3046187029553633,-0.6143287928996178,1.6506802947788248,1.8740255202355365,0.09055702587598276,0.7699587396344985,-2.4218869446499482,0.8621444343321503,1.6637181708606734,0.010321661683709122,-0.11020775375559677,-0.22774484145329169,1.268628858564348,-0.9996798927691992,-1.6507361371494067,0.3085737257686334,0.837868107147959,1.6267988269568634,0.065
-1.075802574070059,-1.3469390363438394,0.24663027975384497,0.756609546574507,-0.707959105986607,1.7192866396405189,0.16633379483876073,1.58969767594049,0.4290402748943865,0.6469578804655336,-0.5525804892683833,0.42042237577638714,-0.5392323738123869,-0.11020775375559677,0.2885826512245936,0.44261109825293166,0.4364221691123546,-0.7748325645887492,0.26497191595371083,-0.2938033194212626,0.13816933425991376,-0.133
-1.0714416238945927,-1.0296113415163197,-1.1799111625678642,-0.6575299616283586,2.365774339467431,-0.7559367041770373,0.551611001381462,2.0729704236522064,0.5995812025581045,0.9033718762142802,-0.8618834815590358,-0.8175975130936373,-0.006751563537464839,-0.11020775375559677,0.016881487187744824,0.14969963481589044,-0.6963388852266459,-0.674418094169279,-0.6149261945538121,0.5245815207450082,-0.6249632666131439,-0.053
-1.0670875936716224,0.09322182050052884,1.2692798230933438,-0.8718742134736367,-0.3936146016311163,-0.6476664954928814,-1.0905998483795465,0.5231026414687561,-0.4727651040002102,-0.7411475841182282,-1.1711932514619985,-0.26154594999665476,-0.5997350165547253,-0.11020775375559677,1.490712124142359,1.4731508220121106,1.2906072317757826,-0.5149221497362313,1.3563747065552658,0.5410821248061083,0.4305906024582274,0.078
-1.0627404349010332,0.9598018734074009,2.5997310345528297,-0.4276740968084238,-0.9897629996151699,0.18180358115615133,0.5432608223615017,1.0588892346427674,-0.007680543210383237,0.2766245220815355,-1.1173836333451734,-0.5438027088809216,-1.4458272209901504,-0.11020775375559677,1.2676233854971621,0.5600881895775894,1.2143512940185452,-1.0994429242506014,0.7715869652229511,0.7389870113940237,-1.1322802103579164,-0.076
-1.05840009968276,1.3009518227489958,-0.08172993334335621,-0.6272148858140119,-0.6994410282494348,-1.6601314357481916,-1.6774392621271947,-1.3299699760454136,0.4290402748943865,-0.8555554635645929,-0.5384506980157168,-0.5099192102037442,0.5194468333757645,-0.11020775375559677,0.13298718760464917,2.136289805031717,-0.5362909322134427,-1.0745682161233112,-0.2715908692139732,-0.3932111818990197,-0.6077303558843813,-0.03
-1.0540665407061813,0.907648486053504,0.21450269566748545,-0.7528660611501892,0.872490863882602,0.0009315059991871549,0.19153446215441736,1.1866059820122277,-1.51004556491115,-1.889852671222461,-0.13838816154233724,-1.7187370365200105,0.31650626446241004,-0.11020775375559677,1.6625247293973673,-0.8632661915510986,1.5520867733951589,-0.9416335871262669,2.1175739393720567,-0.004119879934941212,-0.043546878191900985,-0.004
-1.0497397112397537,-1.6291647046076465,-1.623859497873968,0.7331661229269418,-0.07250475617463595,-1.1369590692129594,-1.4783076919757074,-0.7280691705337964,0.8767339289772067,-0.9013465275081816,-0.6037871776828244,1.1159914552981964,1.4382168637765023,-0.11020775375559677,0.24346796523342393,1.268628858564348,0.5277271354022849,0.21457876965519002,-0.10738960103743352,1.1588987021592276,1.439845557701094,0.084
-1.045419565120884,-1.9726795400852704,0.4801625087894364,2.3943326779976077,-1.0925817784874812,0.13485958825366387,-0.12845740607005451,-0.8894546851789921,1.1617317659688922,-0.05674170299064317,-0.6815995056199053,0.32508450509788683,-0.26363312396534533,-0.11020775375559677,0.5598754520597118,-0.3617780044908721,1.3709631604683803,2.195909120483283,0.1344876533056465,-1.4729221342426488,0.6536972693259382,-0.107
-1.0411060567460304,-0.05033745163004373,0.8203065663172101,-0.612019418100095,1.0051478008060595,0.08774625191121915,0.9179337030134324,0.9793827957530851,0.1267383149650095,1.023883946317616,1.710052537747898,-0.6595738753210882,0.7634448128705372,-0.11020775375559677,-1.312347739510208,0.11072977536111975,-1.5633763322830194,0.23168822488191618,-0.37477842510230497,-1.5894961232938671,-0.1157491162469967,-0.105
-1.0367991410610295,-0.46057443456073816,-0.06576070173825103,0.31513714542066745,0.5312803931127426,1.8416304460639394,-0.09469306658001714,1.614073051263292,1.5614412236294706,2.4328839972302205,0.3987884975634892,0.9352485810761997,0.7046690431944237,-0.11020775375559677,-0.9633626182077687,0.5535570329404501,-0.8443082096639897,-0.3463684876647229,-1.685722191955072,-1.2815311558857105,0.011756901465531717,-0.066
-1.032498773551635,0.24593264062123676,-0.7323133637775887,1.6086062468335744,-0.18216391531048734,0.04835567575700223,0.20832909837454194,0.029417827091834915,-0.416239164360661,1.7899100011518698,-0.20616283046112785,1.6352995239227048,0.8891393340362764,-0.11020775375559677,0.5116676545485862,-0.10324341419717509,0.005388167992908958,-0.17714314909607198,-0.1778600115412499,0.36776084780118845,1.2301308537430684,-0.18
-1.0282049102342747,0.050931582463070196,-0.11365367103343595,-0.9649883844432992,-0.861499246998109,0.03256647118359272,-0.3992754413384189,-0.2511952324442823,-0.8855332445703151,0.24635100277794783,0.004051558012934091,-0.41544966147594387,-0.7383130749972022,-0.11020775375559677,0.3672385759840083,-0.23262469407978753,0.04087268073813154,-0.21951198880349088,0.8942884376149252,1.216465101432119,0.45735183376815197,0.003
-1.0239175076470066,1.2306650063566182,1.8633563137153077,0.49612609282413994,-0.07250475617463595,-0.3276841154068454,2.225091836143739,-0.4462389165552858,-0.18925382912776958,0.20092862429431013,1.1751790892495315,0.31870379397133164,-0.10932861228341337,-0.11020775375559677,-0.2927325401317909,-1.4628366872055167,-0.28956878676800213,-0.07528905369135658,0.25308977799365495,-0.45950777724252717,-0.08793803564124743,-0.171
-1.019636522840679,-0.46057443456073816,0.3109460726699267,0.115587537764937,-0.8956748718633032,-0.7392272538126591,0.44297155566032526,-0.7575097097297728,0.32823169490194,1.3623079332406451,-0.8709121241173338,-0.632254805468138,1.9565871442696137,-0.11020775375559677,0.34538092675684906,0.5535570329404501,0.5436186997546799,-0.6408914025587754,-0.3786659567885236,0.11164556714235077,0.934882735598761,-0.158
-1.015361913370283,-0.5685452268688435,0.1823952469788481,-1.095669918124291,-2.0091359700998552,-1.008873550212985,-0.035651761472437093,-0.5058924225756987,-0.31956987144100724,-0.47457858783696777,1.127544402548611,-0.8245043413312644,0.25713872670434684,-0.11020775375559677,-0.8017343335481817,-0.4713778418873791,-0.8715268877562501,0.6614977770135017,0.47753429018337945,-0.17788396198429507,-0.9381432641052568,-0.094
-1.011093637286495,1.5925955677548655,-0.582280360776312,-2.446816733677862,-0.7761488169203565,-0.6227955259196737,-0.28910356001478144,-0.1681419311167267,-1.7820386715755934,0.729964228534878,-0.5243617613492166,-1.4512343846671727,1.1395107308937154,-0.11020775375559677,0.38035640135725085,0.1821898670586043,-0.40717499950343106,-1.4624116936092684,0.20560102552412185,0.2769165269943688,-1.2568905940059905,-0.08
-1.006831653127402,1.8333010481462975,-1.662632435884956,0.16507929456352627,0.15461401440951772,-0.6062387067972331,1.2491626178648167,1.3551741842931881,1.9177827952168982,1.6699998893712324,0.5984313514301284,1.346678316085625,-0.6689744364819803,-0.11020775375559677,-1.261193934385821,-0.193834172305354,-1.9386812838165417,-0.9083293729512891,-2.0661150505905805,0.2273486756366279,0.7114910941635442,-0.133
-1.002575919910408,-0.12607982390452654,-0.7244274103951812,-0.682715588538285,0.4561307400108085,1.2079390244856942,0.7766491969270154,-0.8675251206422581,-0.08564364984072258,0.32958770898088563,1.593337893366224,0.24831125929625167,-0.4184579145687193,-0.11020775375559677,-0.25230318448137773,-0.400479296844273,-1.0268290389050738,0.3602138795357213,1.1266800843355502,1.356199382225607,0.5266780397399267,0.06
-0.9983263971243143,0.9685026026556411,-0.4397515654108818,-1.2386656429194054,0.47283852409456884,-0.3276841154068454,-1.5648071826969037,1.0748197957904715,-1.3254382773695432,1.023883946317616,0.6991507755850986,-2.782775058875354,-3.3688600939352233,-0.11020775375559677,0.1533257451151924,0.20169069336057957,0.3254333707425728,-1.1408651133800025,1.0922391190581542,0.5658305794232529,-2.1331399894530927,-0.028
-0.9940830447215666,0.4849518844817685,1.0728610795472882,0.7507433199782303,-0.6994410282494348,0.6945507456263852,0.5349095305314334,-1.1578858565696435,0.7267169522232226,1.8273631616859631,-0.14097548659527095,-0.8521618056068184,1.6775066009666137,-0.11020775375559677,-1.252664061183098,-0.6386778708252349,-0.6807425299223109,0.8258563234183341,-2.003716029054629,-0.28552134371828264,-0.2162910531222806,-0.109
-0.9898458231106729,0.34814874429692266,2.2551973694091987,1.8091338573947842,-0.08093297238590187,0.7170192760072417,0.5850006115106584,2.039948830565051,0.5328010250883383,0.07973090335970699,-0.9651088142191121,-1.0751548681407288,-0.4356924766998426,-0.11020775375559677,0.4095158011561781,-0.06438482032943252,0.6987537886748666,1.3923206035892988,-0.4815167038761785,-0.434644246103134,-1.3763317294453947,0.048
-0.9856146931487775,-1.2252493777245128,1.0320391729168734,-0.1600202755165539,1.0879185328744239,2.6508671757152458,0.12430936752542239,0.2518281612667327,-0.7830391260157523,-0.8479251752768114,-0.7635755175091481,-0.8590837071226994,-0.18641538404647146,-0.11020775375559677,1.8867344544323261,-0.5293337686014148,1.4031303066565537,0.0012571394835766204,2.2381344421996685,-1.2981677245431296,-1.2390385950452596,-0.119
-0.9813896161343943,-1.492381535435167,0.1182405388061488,0.7624793596234413,0.6146737563920093,1.7192866396405189,0.8016043432368296,0.6011757142630213,-0.8314311106892773,-1.291225493099756,-1.1903063910520837,0.42675335574121165,0.6710487523887888,-0.11020775375559677,0.4620328182323049,0.23420319857786506,1.491662730906541,0.6874117685744653,0.010386997919751728,0.36776084780118845,0.7533549969740082,-0.141
-0.9771705538002928,0.7689974573611793,-1.5229227552275437,-0.6272148858140119,-1.3246092699920125,0.7618307212671561,-0.3229802530583097,-1.4437919450166077,0.0838107590531391,-0.2541058400320651,1.4952811103691972,0.31231997932266303,0.052975894612194235,-0.11020775375559677,-1.0803879778759384,-0.844043990972963,-1.655518428344664,-0.9499552458017038,-0.5434570534758658,-0.8078856275269082,-1.2866812056038441,-0.04
-0.9729574683065316,-0.9968920117044787,3.1086674046798914,1.355722403051609,-0.05565186220384015,1.1070749451467596,0.2419044732109174,0.7816893700553001,1.6502836455858299,0.5261370533546931,1.0240504260312353,0.7824562460836207,-1.8785030583027342,-0.11020775375559677,-2.022425927746173,1.857146852467097,-1.2242596349246175,0.5924626456115957,-1.8267069263543014,0.8213912477920989,-0.07682793510868642,0.089
-0.9687503222336371,0.9250232496924005,-0.999748018515574,-0.33409254140017425,1.6725655014279688,-1.6158698795837771,0.7433605083224838,1.3551741842931881,-0.09054434848106707,0.026674049720670737,1.134657230685423,-0.4693592701633532,-1.4986223770242335,-0.11020775375559677,-0.9019072309000827,-0.477819702628695,-0.9996798927691992,-0.6911711124221812,-0.34560721720350446,0.6977724689008638,0.2688978776962793,0.034
-0.9645490785759264,-2.186604256458146,-0.6612977911472819,0.6689907180733794,-0.5123576229153597,-1.0685124145081197,2.257661468741494,-0.6838273014072745,0.4108252817525951,-0.5050167803911294,1.060821434743462,0.09991657820130075,1.4382168637765023,-0.11020775375559677,-0.31438102910775856,0.23420319857786506,0.025099426546491607,2.027135960892533,0.4855048120433012,-4.108917769511906,0.6536972693259382,-0.02
-0.960353700734963,-0.31048046784788863,0.33508540560233085,0.5534001413249053,1.4837459128689963,1.8686179161203436,-0.44170539802896874,1.2266447605977657,1.2615392596786197,1.497467578700781,-1.1331572731519426,0.7393217191462123,-0.06655955573981712,-0.11020775375559677,0.02123191941077729,0.07178004965770203,0.25417957816792064,-0.5905498625861157,-1.2413440480544604,1.0684035475089575,0.5691578064492333,0.082
-0.9561641525131501,0.025584270758072104,1.0483638791795034,0.07727379441595984,-1.169818250140225,-0.28718315941214284,-0.05251471343007839,-0.24365801804432777,-0.3702962790666602,-0.6496925109448296,-0.008471805256325548,-0.40872465733032604,-0.7556631697420927,-0.11020775375559677,1.2558220482458922,0.9726442362760338,0.8462540835506497,0.5407522305230956,1.9559635867297829,-2.1481606121151327,-0.05463234809187602,-0.131
-0.9519803981074547,1.2745754919816916,-0.3365741752783241,0.23147661386531815,1.491966754022238,-0.4744697307401828,-1.2453776426446717,-0.4835423039494811,-0.27420409389667655,-0.13261763165829574,1.1042927979269186,0.4014107640504497,-2.0294114769092344,-0.11020775375559677,-0.5721721237748546,-0.2520122638371557,0.20671901397447814,-0.17714314909607198,0.012353377167690699,-0.434644246103134,-1.4303218805315034,0.039
-0.9478024021032568,-0.6016950173363558,-1.3594801947935204,0.06635574800130034,0.9637221960553531,0.754373773600318,-1.2539884291413375,0.6481394445393902,0.3236130209133411,0.9561078824253836,1.2064468630986784,0.008789905189407587,0.1721874175802505,-0.11020775375559677,-1.601388237686106,-1.125434080473202,-1.0500900022578863,-0.6911711124221812,-1.1618609290303352,-0.6917001613142515,-0.5675888453348735,0.132
-0.9436301294683264,0.19494763903083923,-0.46353306294743407,1.1702425624898953,1.1871026558274897,2.048885561487944,0.44297155566032526,0.28267404972104504,0.4153837602721979,1.2270289542850366,-0.5554113566917614,1.5552973027533434,0.45190318140742514,-0.11020775375559677,-0.12363333694849352,0.4882755408597889,0.036929013434645164,1.1562420052482894,-0.7785006268569036,0.4750718790523358,1.037457796967677,0.122
-0.9394635455469181,-0.10926362159849921,-0.18541053103438862,-0.30268606865624065,-1.7395023074291072,2.0687116050124774,0.16633379483876073,1.6547460834357324,1.1577016608189294,0.8204631664037986,-0.09976349389280904,1.4515085012455988,1.1727928772716978,-0.11020775375559677,-0.8704415351687856,0.9070163229215157,-0.8326393546941738,0.40313570361090373,-1.806347587129402,-0.6170408350520407,0.6747441565257559,-0.069
-0.9353026160539877,0.8816044814237256,1.2119096219052372,0.39954543890836425,0.8392832948536688,0.13485958825366387,0.5432608223615017,-0.5727987788847172,-0.7349302049918265,0.3371522751429615,1.5976831773710467,-0.4356429414907721,0.22317813053673868,-0.11020775375559677,-0.6382555901832149,-1.7606040937170528,-0.21497312919597364,0.33447992474537647,0.8520023161929865,-0.37664011381592716,0.36614429727242587,-0.061
-0.9311473070695205,0.6223504708476948,-0.5427275100433715,-0.8817211519289899,0.35578922027139104,1.7534189204463675,-0.7225405230422178,1.9575576805010657,-1.8603385777472925,-1.2606038626099094,-0.09463971614512716,-1.415397199928876,-0.4874340837585245,-0.11020775375559677,1.5854590301076263,-0.4520487947533791,0.8981522547669313,-0.7246564484805021,2.215244164850775,-0.31865110732124247,-1.3404214551940605,-0.089
-0.9269975850329756,0.14404415905700552,-2.828792786493128,-0.20782039790476858,0.03695501717749358,-0.166390777113541,0.7849686601438257,0.259535818421279,0.1882817018486401,0.22364163116462543,-0.11774517289449773,0.6960332697448306,-1.4634197921135188,-0.11020775375559677,0.1373449482527095,0.2927606920849462,-0.1953283458581218,0.3602138795357213,-0.03873593049465621,-0.6419245438598874,0.18733456020925573,-0.145
-0.9228534167378373,0.5707557402389363,-0.5031451092498017,0.9582190546137871,0.5312803931127426,-0.5979674434871037,-1.5388444476832572,0.20563570599621245,-0.06607385776131516,-0.1477978052823439,-0.8020830964816387,0.04791814428808614,0.0017858714918573058,-0.11020775375559677,-0.51609189063115,-1.5009254325926857,-0.6573406516081842,-0.5653559819885579,-1.1163445744461162,0.0620394112582555,0.25805022726979265,0.083
-0.9187147693262749,0.7344305395475318,1.056528259539604,-0.18660633720368747,0.0537774093518373,-0.13435926671923268,0.07384139741296172,-0.8089263374130505,-1.3884746029770556,-1.4137861925641124,0.678424238091426,-0.7418215696161141,-1.0428219504917755,-0.11020775375559677,0.7105489833098433,-0.25847364629468156,0.7585136828147134,0.06940951509371253,1.3115518117238116,1.3151113700301098,0.36075983938421285,-0.188
-0.9145816102839078,0.49352177288331034,0.1422891688051499,0.9882259053053921,-0.8785845189769599,0.7618307212671561,-1.8250358852834474,-0.8015892466937474,0.32823169490194,0.9862343708448781,-1.1079404871942051,0.8131722737468687,-0.6776363521865765,-0.11020775375559677,0.060398212823236104,0.8348875765257533,0.4324551574155836,1.051671368448342,-0.9507585333120967,0.9367012267706876,0.3392006391908869,0.033
-0.9104539074346704,0.4763843219901822,1.3677860595165785,1.1091908242867623,-0.5293404952346494,2.127945809241905,2.566346144263434,0.22872046527108295,0.2258837020818076,-0.8860810595160764,-0.22722845194302782,-0.20176255940339208,1.4630254552741364,-0.11020775375559677,-0.13520922651566897,1.4797566750177447,0.6271096953958443,2.2226045472128835,-0.9068296042451113,0.6483041255394753,0.40914285210365253,0.107
-0.9063316289357785,-0.08402279650845652,-0.582280360776312,2.3874102146180474,1.4343991639603002,1.1287647900372244,-0.2214093125456898,0.5231026414687561,1.181838537028687,-0.9777006673095813,0.8952639033835673,0.5276253022298076,0.5447493715865607,-0.11020775375559677,-1.170146405276635,0.3253120257388466,-0.8287492424630803,2.258218314610635,-0.9087408833447284,1.8731613108969596,1.2803651344983185,-0.163
-0.9022147432727926,-0.25192190043392765,-1.9872656584294475,-2.242816804115957,0.9720094700786256,-0.28718315941214284,-0.45868618058930144,2.355147754696923,-1.4057429492057874,0.5639043459191458,-0.17997129948353505,-1.6025619437339673,-0.19498868197944583,-0.11020775375559677,1.0893224859068502,0.7955720646289012,1.519854470765802,-0.46442708805580113,1.6612522442451167,-0.20271868393009643,-1.2926449127648898,-0.081
-0.8981032192547764,-1.0786295429192136,-1.5850594446800985,-0.6676125850548758,0.3055572105158554,-0.9748996937061898,-1.9729780279486562,-1.2584644126322666,-0.7509351250619537,-1.9129351999863489,0.5317135143439866,-0.3818551000539909,-0.9120899840999137,-0.11020775375559677,-0.3850501960476792,-0.2778543684015311,-0.5948926287678376,0.05236162941350079,0.20757845050325968,-0.8078856275269082,-0.5446940625658555,-0.288
-0.8939970260095454,0.11015360765442403,1.1791568416219276,0.5764065438310864,-0.06407771974383987,2.035645596459758,-0.19604418844012608,1.3471230481932805,-1.3368666424728228,0.5563516736530545,-0.16172981871839232,-0.8314141851786091,-1.2001464464516596,-0.11020775375559677,0.9011629087403273,0.09774429427759546,0.5913154519497728,0.24024536795507168,0.621269137330627,0.2521340451821944,-0.8505846207397817,-0.068
-0.8898961329790113,1.0469189041283502,1.3924438345590788,-1.5316579140431952,-2.534911559806922,0.4675581398881941,-1.2281598491801295,1.0032090818689647,-0.7776797310331097,-1.2988820555563245,-0.285676662810046,0.008789905189407587,-0.14357317251692558,-0.11020775375559677,-0.14244315086376985,-0.645104638518715,-0.266021600446192,-1.838071937457453,-0.24623143560473404,-0.6170408350520407,-1.328466183104477,0.024
-0.8858005099146085,1.2657883938548995,-0.22523281492405298,-0.05290808907260167,0.7145992534147312,-0.6808945315392564,-0.38231222936688974,1.58969767594049,0.4517381453311026,0.41277597353568324,-1.1426425220684442,0.13231534868985215,0.553180373974043,-0.11020775375559677,0.2711154645496999,0.5992865901023915,0.6151762186239443,-1.248353195765427,-0.5859715795595596,0.6400582488648265,0.3822848312058577,0.076
-0.8817101268728115,0.5793489898061582,-0.49522507469396204,-1.832889020733328,0.29718122056026686,-0.22262801054515804,-0.2806374747220832,0.995264541401937,-0.7776797310331097,-1.9899089276605066,1.3227450161479541,-0.5370199361762489,0.010321661683709122,-0.11020775375559677,-0.09613266294376348,-1.0488057384444538,0.4205555094920581,0.21457876965519002,1.2545767417888956,-0.1364990093998236,0.061353586449156054,-0.228
-0.8776249542107359,-1.0622982325648667,-0.9762042314118876,0.6052428086704711,1.3108687133220212,0.7990457376909309,1.52118849280379,-1.4083004655921751,0.0838107590531391,-0.7563962336306451,-0.24574308505781176,-0.5438027088809216,-0.2121401234941734,-0.11020775375559677,0.9011629087403273,0.43608980268924974,-0.03401662919953711,-0.5989444027127996,0.7615470349485054,-1.0321237992941719,-0.9381432641052568,-0.148
-0.873544962581819,-1.3388402446806893,-0.5743721500713105,-0.3131667860315786,-0.3851420967579149,0.06412603534382745,1.4718107847310726,-0.66905843765439,0.7310548726915981,1.2420658842793082,1.374796323100985,1.793399849022989,-0.8598927056967137,-0.11020775375559677,-1.4329537424130119,-0.3746807337254019,-1.4402897277063242,-0.18562023738051586,-0.5047583393163035,-0.6087468738376267,0.8781123154787916,-0.299
-0.8694701229315854,0.06784096124394652,0.2385964930587774,0.5476572077250326,-1.2127730513913124,-0.48266961198235964,-0.4332168952258701,-0.609875390853859,0.44720486355440525,0.3447164412170232,-0.7961403042906008,0.521344195559597,0.47724405646711376,-0.11020775375559677,0.4956055656832541,0.46870177298741683,0.6390452328583452,0.6442295969893737,-0.09563023781339712,-0.9739670726520169,0.2851534612523657,-0.007
-0.8654004064934862,-0.23517134039592635,0.022158142599787475,0.5419177340695117,-0.844419047794771,-1.1112555606663443,-0.3399260296344838,-0.03916651332437809,-0.2842618557848,1.3923536785061066,0.14416156276280875,-0.28152878286707944,-0.6170355379511117,-0.11020775375559677,0.2492875860843763,0.8611086872543605,-0.3875890098722233,0.41172484482317284,0.3522287979306955,-0.18616189041551026,-0.16035304279768528,0.026
-0.8613357847848195,0.24593264062123676,1.0483638791795034,-0.1280160808414475,-0.5123576229153597,-0.45808422855057473,-0.6458102738046937,-0.4462389165552858,-0.1249418029895047,-0.4441472597566508,0.9849027624849385,0.8499276075848701,0.19769026764355127,-0.11020775375559677,-1.0675545847690786,-0.36822965624027715,-1.0462137995054575,-0.6995450356975823,-0.8475203413287338,1.0025631651149653,1.405122057499888,-0.075
-0.8572762296027244,0.7603521503974011,-0.8661970851209827,-0.1546939030095049,0.02012795176630605,-1.1884958126906482,-0.739606019934578,-0.36393812890115246,-0.42136088412737127,0.3371522751429615,-0.6613099120703525,0.15171756123590802,0.3419248885042462,-0.11020775375559677,-0.5045822667250415,-0.4133751273807364,-0.08914357499864684,-0.12624583564066916,-1.3450988286263865,-0.6917001613142515,-0.949850265549513,-0.108
-0.8532217130202453,-2.004457353151124,0.16634905642613088,-0.8026432618239487,1.2448896235975793,0.13485958825366387,0.9096314181004193,0.09821099797174644,0.055046078459719226,1.0841036086829823,1.8336922330090457,1.2467191925017498,-1.0777410768049693,-0.11020775375559677,-0.9119157249278064,-0.2520122638371557,-0.8598632236295873,-1.2813652287218176,0.3879860907366457,-0.35178582724403046,0.2634751112018342,-0.115
-0.8491722073824743,0.3225638350238627,-0.4397515654108818,-1.1388098771440593,-0.3343325198912493,-0.6642709766233477,1.0008981524684908,-0.8382475119400603,-0.027092394058458768,-0.4365404981451903,-0.13838816154233724,-0.3015391108266738,0.1721874175802505,-0.11020775375559677,0.7706124973353221,1.387322246603415,0.7107016651902466,-0.17714314909607198,0.8359056273015186,0.30995533625401306,-0.07682793510868642,-0.036
-0.845127685302759,0.8555821985724019,1.236488602962561,-0.16534359079325237,-1.1011584099574554,-1.3180952015982592,0.4596976435824455,-1.0422710225311784,-0.007680543210383237,0.7525941760484816,-1.3291535472174256,0.028367881764814494,0.07002602835562516,-0.11020775375559677,0.02558262748001331,0.006908697581709613,0.38090505783762946,-0.46442708805580113,-0.887710196106315,0.004151138379386612,-0.7056159405912312,-0.332
-0.8410881196589788,-0.15968585455355375,-0.46353306294743407,-0.9698625399279877,-0.5548240288597971,0.19741397161930163,-0.17069003711883085,0.37545533956795824,0.10769186347812551,-0.05674170299064317,-0.17736071169354312,-0.6664112119415394,1.1145337217804756,-0.11020775375559677,-0.006316155929431005,-0.18089944667984545,-0.4580703230102238,0.4804951332372689,-0.19154547761027596,-0.8410923249474438,0.5956367021440744,-0.025
-0.8370534835898922,1.4596863714218231,0.1422891688051499,-2.0596865406765885,1.0299902662890732,-0.6062387067972331,-0.8848746516342545,-1.2082435864396357,-2.1114734265199218,0.8506171548440505,-0.008471805256325548,-0.9076213614628709,1.5126046616169222,-0.11020775375559677,-0.10192320604204082,0.20819208211776957,0.19090630302098452,-1.9029973799241662,-0.005339990332904213,-2.6244305271947757,-0.043546878191900985,0.008
-0.833023750491545,-0.47720870430314616,0.7878122475158047,-0.2764320642504692,-0.3512642036701874,-0.15837580770318857,0.4680590009543676,-0.676444216381342,-0.6500989066410305,-0.10226227882988585,-1.260933168413664,1.1815480178473357,-1.1214237030558356,-0.11020775375559677,1.2631976715866584,0.8807801660615552,1.0861020700102337,-0.46442708805580113,0.3303946139305008,0.7389870113940237,1.2903890360666463,-0.021
-0.8289988940137447,-0.10085221780765782,0.8365616734774793,-1.3514295442966688,0.062186855159563334,-0.21457992467546305,0.4931363402671559,-0.7133326783370115,-0.17932310597176246,0.3976544224685209,2.0432505901293903,-1.4727723928061573,0.7969970212263428,-0.11020775375559677,-1.924137478596044,-2.5582357110885194,-2.2393852862237873,-0.16866440271798122,-0.023024247759842034,-0.5175334266940517,-1.067338770224929,0.011
-0.8249788880566002,0.3225638350238627,-1.3906495665681406,1.1152787967704807,1.6069505321713728,-0.655966352155559,2.2495204417887216,0.03705121555883692,1.0518900726945435,-1.5594826392964354,-1.11108645088058,0.06744067849878468,0.8723998939613702,-0.11020775375559677,0.1693102179734231,0.006908697581709613,0.30167372702013906,-0.42230126820625935,-0.8934472813052499,-0.9075201257017662,-0.7056159405912312,0.002
-0.8209637067671172,0.9163346571697282,-2.386619785430808,-1.4489331334168865,1.491966754022238,0.04835567575700223,-1.5301926536762964,-0.09236496971145139,-0.27923129658010026,1.9621211570313406,1.915290144248174,0.42675335574121165,0.8807703727323043,-0.11020775375559677,-0.8876066022860434,-0.8312262392585743,-1.4402897277063242,-1.724160113051806,0.6693051689172503,0.7719526881451605,1.955119346889431,0.012
-0.8169533245358586,0.3822941184201579,-2.0565862955916714,-0.9405778877447599,1.0382689430593586,-1.17129767359319,0.9345350792627186,-1.064002822194079,0.9940887479487287,1.3923536785061066,0.13690819573640126,1.7765822928966086,0.30803011665385066,-0.11020775375559677,-0.232079321774993,0.10423675508576268,-1.1469137069218909,-0.5317402421643407,-0.5550575479631437,-0.9822742835701631,1.969427795601328,-0.221
-0.8129477159936614,-0.041910584199858866,-0.43182201664926984,-1.4811963374009987,0.2301321270928175,-0.12636320662721914,-0.12001451130460153,0.695192810814072,-1.348309565061271,-0.42132825739871865,-0.5299924382801388,-0.5031516223915817,-0.5997350165547253,-0.11020775375559677,0.9422824675597165,-0.1420816375542974,0.5515658615219503,-0.18562023738051586,1.217992762078128,0.3264728093723234,-1.1974493106338429,-0.009
-0.8089468560084115,1.512780813422572,0.7228869841065445,0.5706497361103675,-0.3851420967579149,-0.19849795092569425,0.7433605083224838,0.6089967682655653,-0.416239164360661,-0.22372373316052635,-0.20091205148214858,-1.082172958754756,0.57003762413436,-0.11020775375559677,-0.11639739993405229,1.4335266604069576,-0.5050143288767096,1.4975943260472124,-0.14460066153055728,-2.2901121409821434,-0.043546878191900985,-0.005
-0.8049507196818746,-0.11767282306871489,-0.1455578179933669,-0.6170873904669759,1.2201301121255865,-2.0185877611709215,0.4095058553290906,1.2106219937021334,-0.29937368664645425,-1.6208795913133647,-0.5271762839264789,-0.40200269861447363,1.6692746214023975,-0.11020775375559677,0.8116596946653972,-0.5422064939850063,0.954085302972025,-0.9083293729512891,0.8963032282535242,-0.8161868508982592,0.028307772799050997,-0.125
-0.8009592823465811,0.43358133365717166,-2.638615757458059,1.4371999599485161,1.409711806651702,-0.45808422855057473,0.05700932672117959,0.044687181013356246,0.3143661256274907,-1.85139158046598,0.6596553087748197,0.577761721811061,1.1561547320480752,-0.11020775375559677,-0.3201527682152671,0.07178004965770203,0.218581002081254,0.44609729959421607,-0.06032771160501307,0.730744764218905,-0.27243157211206365,0.05
-0.7969725195627686,-1.3874034521508725,1.0973704723039106,-1.4765945373798375,0.5479679895542637,0.7319750296104695,0.7849686601438257,-1.3228320799582196,-1.2855534711689485,-0.3148902699277597,1.3812201026131767,-1.1032452178302208,-1.1039461641255186,-0.11020775375559677,-0.29128905690387075,-0.7478534316595741,-0.018257547608642344,-1.1077309311226127,0.7454887005548652,0.7801932784545048,-1.07323310137998,0.037
-0.7929904071153713,0.11015360765442403,0.9016352616064968,-0.23955060321286506,0.7894392410216087,-0.07848606273889204,-1.512892747880428,0.32901908148548936,-0.18925382912776958,-0.7563962336306451,0.8836172708166653,-0.08951519178301086,-1.3930844875010167,-0.11020775375559677,-1.010484864704098,-1.2019760016380605,-0.9065045122174402,-1.041377046672876,-0.2696408309836105,1.520464953419163,-0.300577461719676,-0.076
-0.7890129210110665,-1.1683077302701965,0.20647394792777998,-1.008760853109546,-0.6058244019952671,-1.6158698795837771,-0.20449800885437996,-1.1794844727881926,0.40626364745025145,0.5185824142471913,2.465384933841121,0.7393217191462123,-0.44431213076707116,-0.11020775375559677,-2.56401025487291,-3.4865926671561986,-2.3607149507552054,-1.9839819855206695,-0.3436615471859945,1.1177696312075254,0.15457660952473035,-0.135
-0.785040037475368,0.1694857326733764,2.17990995277051,1.1091908242867623,-1.5835517093667604,-1.0173789991876772,0.37602206151230966,-0.09995437122118675,0.19299321475269068,-0.8937135707521436,-1.2158895535686642,0.42675335574121165,0.03591915025489451,-0.11020775375559677,1.1938948108493344,0.8217802505550734,1.3388101607576943,-0.015764608069520857,0.569300161465376,-0.10339668431425099,0.23632953969510695,0.004
-0.7810717329497703,-0.03348150088172641,-0.7953591498975322,0.6283747000160494,-0.23284362822327478,0.49806654279123663,0.15793124411721388,0.8763903682009525,1.0313134170053895,0.32202274247768153,-0.069112903473844,1.0259765437490953,-0.7209691453120582,-0.11020775375559677,-0.10047561661900706,0.4295690567514978,-0.22675713290909438,0.5321393384968958,-0.5221785434103233,0.29343657501396764,-0.043546878191900985,-0.043
-0.7771079840889413,1.450846232437621,-1.7787893720055084,-0.2606437479982337,1.6643671948776366,-0.3276841154068454,-0.5011602346726646,-1.1722877203201023,-0.7349302049918265,0.9259753087608339,1.0988976555379495,-0.3684386040182161,-1.1126841862169383,-0.11020775375559677,-0.8818854357510216,-0.3617780044908721,0.036929013434645164,-0.9249849935599175,-0.007305357913670392,-0.9905817923553442,-0.8040633037715983,0.141
-0.7731487677579626,0.20343946776163135,-0.3365741752783241,0.9462423243011415,-0.870041248382901,-1.0599781848067507,1.1334222991950544,1.027057361849637,0.6305064432698954,0.4052153969139537,0.4923647619805601,0.02184496820892259,-1.3579518943509665,-0.11020775375559677,-0.5448570403475473,-0.535770421167945,-0.41892369789949646,-0.16018399928253782,-0.4698895958847843,-2.448858577872454,0.648430033199954,-0.026
-0.7691940610296141,-0.9641401487604883,-0.10567457526842562,1.2811079739511644,0.380889879117111,0.6570100832339882,0.41787397381774777,-0.1454361801604294,0.9105034870961556,-0.3148902699277597,-1.02365926796451,1.7203124936612477,0.5278826031104629,-0.11020775375559677,0.638830390552744,1.0909090783383837,1.4514075048401993,0.6355978539986773,-0.03873593049465621,-0.8327901997541285,1.7193216277792438,-0.048
-0.7652438411817081,2.2750888245561143,-1.093820826095654,1.4687180489896103,0.10421661623538982,-1.3528380067130124,0.5265571247801253,0.23642048357304773,0.9147111654170641,0.314457375379925,-0.3098072361670795,0.04791814428808614,-0.9207948541450016,-0.11020775375559677,-0.39946318990855195,-0.20030068218526806,-0.266021600446192,-0.7664742111587777,-0.935486141873884,-0.6419245438598874,0.4680412204807609,0.091
-0.7612980856944631,0.7171613714533814,0.150307879376164,-1.3514295442966688,-0.2581996307814168,1.949144648728523,-0.1031323428497906,0.931796313276823,-0.3448908890648527,1.0991547551317304,-0.22722845194302782,0.13231534868985215,-0.582440732824583,-0.11020775375559677,0.9966537499056581,0.5339668412428942,0.5277271354022849,-0.5737556511108324,0.629270836959499,1.3890635842934125,0.12722068938396047,-0.106
-0.7573567722479257,0.8295815845784323,-0.16150256112888656,-1.397994084374594,-0.844419047794771,-0.5979674434871037,0.3843947102401313,-0.587637459420352,-0.9509208268868259,-0.9013465275081816,1.4288189196926069,-0.7074987751646752,0.30803011665385066,-0.11020775375559677,0.06184924461127649,-1.3929500761327887,0.08426857067012473,-0.8165982728552403,1.712627118169873,1.2657944064805042,1.2803651344983185,-0.228
-0.7534198787194323,-0.14288723040717663,0.5043824308987089,-0.6018750110966312,-1.9046020489765711,0.13485958825366387,-0.297570879146003,0.9714455925736741,-0.10035565632148653,0.5336912986038564,0.8855615974557861,0.39506733804548605,-1.1913935236887294,-0.11020775375559677,-0.8074627962020005,-1.061583113368673,-0.9686373455019339,-0.674418094169279,-0.10934909848227194,-2.1064254893427554,1.179703468414417,-0.015
-0.7494873831811134,0.6309578268602389,-1.9718494875143047,0.7859945485292611,-0.6568693574079799,-0.13435926671923268,0.884718163921332,-0.9841981634156565,0.774266147813385,0.7978436386090846,2.373895186312015,0.452046141073148,-0.24646235437536906,-0.11020775375559677,-2.2268625999008718,-1.9499490250427627,-1.9234118138884022,0.47189329882978626,-0.21499327967334975,0.9531687270742525,0.3013899471146586,-0.127
-0.7455592638974393,0.9859113630519507,1.0075622352136504,1.2749156824840107,-1.221367940591807,-0.764298592271294,-0.35687677407015533,0.3599664653169398,-0.6606542755686048,-0.01123601929558608,-0.6613099120703525,0.293149919714557,0.5110094708728352,-0.11020775375559677,1.05400667948544,0.24070736708031745,1.102120707872612,0.8778752756736751,1.1064170361737617,-0.9988895988647768,-0.5504148066131628,-0.108
-0.7416354993228053,0.28848269174660296,0.48823452788122057,-0.24482840391106006,-0.05565186220384015,-2.1550140704262324,-0.8164657097600712,0.11352664437154916,-0.9618682391491457,2.04441708197283,-0.94674858149866,-1.415397199928876,-0.8772857070793778,-0.11020775375559677,1.1747370158256334,-0.07086266541038584,1.6125601391592876,-0.37169456533875567,1.0517590379412234,-0.2772396784062141,-1.0437803591622943,-0.113
-0.7377160680991575,-0.799889502046697,1.0075622352136504,1.097026299727884,-2.561339296105414,0.3447760434677316,-0.24678544508473912,0.48416004604169555,1.2773405593659988,0.9335090234728607,-0.5469236654011759,0.6276980538992823,-0.7383130749972022,-0.11020775375559677,0.47370851100623823,0.24721209095010377,1.3910659703751633,0.3859621947506219,0.42576837185160527,2.298792888133839,-0.19389149192999916,0.119
-0.7338009490536553,-1.9090342307618176,-1.093820826095654,-1.2386656429194054,-0.038803680243610465,0.10346952211108125,-0.7566767537892456,1.0509276087687458,-1.9027637754529791,0.6922398994492307,-0.9498043197927725,-0.9215163589539411,1.4960838720929297,-0.11020775375559677,0.8585987276887423,-0.7093401926934098,0.5913154519497728,-0.6995450356975823,0.8781739257649936,-1.1484808649472882,-0.8913916859054415,-0.21
-0.7298901211963738,1.5748409394572462,0.7959338426028673,-0.8915573491075488,-0.8273439132585504,-0.7392272538126591,-0.8763189598911085,0.052325722299999995,-0.027092394058458768,1.3623079332406451,-0.9927654704999832,1.4457118875110195,0.7298679443761906,-0.11020775375559677,1.001063961216042,0.4948012266359934,0.35316352843557663,-1.4542015021865233,0.7756036845093376,-0.1944401311166053,1.2753503254216512,-0.114
-0.7259835637180421,-1.1845867641648518,-1.538463473361111,0.19268787866947665,1.2366375069632,0.14269534317392815,0.09066875454187928,0.5386972352490758,-0.27923129658010026,-1.054099703942228,0.5011478543741728,0.21619070800625226,0.19769026764355127,-0.11020775375559677,0.6929787285815726,-0.6129649703714647,0.9301085803380972,0.8865504993908598,1.527973673244961,-1.997946945320426,0.033820590562728584,-0.044
-0.7220812559878163,-1.1683077302701965,-2.9046898780452537,-0.8274295486966737,-0.06407771974383987,-1.3528380067130124,0.17473518061388763,-0.22857572815796207,-0.25914261085915213,-0.9547897255422342,-1.2158895535686642,-0.9632735513335066,-0.135009594603207,-0.11020775375559677,1.4492963058726405,0.3578771809736644,0.5714377868745079,-1.6915459868721452,1.0902141205645897,0.3429889930238114,-1.2271465957021628,0.024
-0.718183177551093,0.34814874429692266,0.7066688281164891,0.5764065438310864,-1.6788020999356044,-0.6725803695375454,-0.8934316469565443,-0.2511952324442823,-0.9509208268868259,0.0190928584301422,-1.129999036006794,-0.5234634992335658,-0.9382091475946913,-0.11020775375559677,1.3694850064909563,-1.2911651490502105,1.3227389723885004,0.6787722097227851,1.1003401587567598,1.1177696312075254,-0.2611873154466856,-0.074
-0.7142893081273515,0.9511035754723267,-0.999748018515574,-0.30268606865624065,0.0453667969820983,1.4140013539095617,1.882209705774706,0.7895675473992096,0.26794034377193,-0.7563962336306451,-0.4241206445917954,-0.5913670842067088,0.4687987025552255,-0.11020775375559677,1.5632424885520242,0.4165292145108734,1.6529030514007919,-0.6492756545252485,2.1757343367142674,-0.45121962616768946,0.8522231272683869,0.026
-0.7103996276080348,0.41647635527092486,0.6742482565445831,-0.5458782243676337,-0.5208484447051308,-0.14236005315985215,-1.7729032768792847,0.00653313519128174,-2.4456695800680848,-0.5735279081409352,0.5684643692827652,-1.1032452178302208,0.18069003615703672,-0.11020775375559677,0.5847223522073184,0.6450428494559189,0.3967624599833836,-0.07528905369135658,0.9285542687881246,-0.5258240307847988,-0.9381432641052568,-0.06
-0.7065141160544632,-0.9231544258597926,-0.30478649446509865,0.14305071921439907,0.08740820192153194,0.3832741864515918,1.3482085428570683,-1.013256638473775,0.3696567996380842,0.49591613131703033,-0.3151870006367528,0.6276980538992823,0.29107289977664913,-0.11020775375559677,0.5496468599560779,-0.7606864852490117,0.27000723343902355,0.3687950569360247,-0.0838667995477512,-0.3932111818990197,0.8054880387431428,-0.134
-0.7026327536957784,-0.0081809385321477,-1.1329697023222856,0.17059452408134917,1.0713729447884128,-0.24680067195779226,-0.35687677407015533,-0.1681419311167267,-0.5297036956023438,-0.29969162984405395,0.2325291425238394,-0.9632735513335066,-0.17784370298992047,-0.11020775375559677,0.5379588167703293,-0.49714181698060794,0.333355111646048,-0.321027297730014,1.2058055705360393,-1.2149966048921095,-1.1677988393302121,0.07
-0.6987555209269236,-0.8574707630727548,0.6256566406854581,-0.7628434136941127,1.409711806651702,-1.257480732606451,0.05700932672117959,-0.9914669108501633,0.3328471882954854,0.3371522751429615,1.0092022884811624,0.273951948082257,-0.22071826459104543,-0.11020775375559677,-0.12363333694849352,0.2602232040176509,-0.7236230691565196,0.15474650309351742,0.675314027955834,-0.625335100560032,0.8729387236862682,-0.088
-0.6948823983066519,-0.20164408005043097,0.7472240764772423,-0.1119725154234315,-2.1226114774865033,-0.17441047548776645,-0.4077589239905152,-0.6616699665315479,1.1577016608189294,0.6545058571471447,2.0299622264880197,2.2310047809920173,0.7466594680418663,-0.11020775375559677,-2.324606231005516,-0.0773399456519004,-1.9234118138884022,1.2872616155649208,-1.112548357871281,-0.21099754869866807,1.849743626508197,-0.104
-0.6910133665555684,-1.2415004647830636,-1.7710531019090454,-0.6977935349181782,0.905681050180267,-1.3180952015982592,-0.044082639489002255,0.8289954808019295,-0.8909628048157215,0.5563516736530545,-0.8799560974128756,-0.19513525929568348,-0.32378133417975624,-0.11020775375559677,1.600273531819821,-0.43915987801746925,1.122149040847946,-0.7748325645887492,1.5545950656692278,2.0042292489567446,0.6326151105889184,-0.183
-0.6871484065542005,-0.3605891691390725,-0.3365741752783241,-1.55906077355212,0.28880408885005276,-0.7977939123021781,1.2409021483892293,-0.4013872822232713,-1.5275451263792512,-1.054099703942228,0.5425639920593398,-1.4655900830290298,-0.15213837356787974,-0.11020775375559677,0.4313931940622646,-0.057906410610076293,-0.04977192417128023,-1.0994429242506014,1.2342481619295353,0.4255505219960768,-1.6295579023194495,0.024
-0.6832874993410996,-0.08402279650845652,-0.9055111571519658,1.066681425135225,0.7395557982334429,1.7874373920675735,1.207849997563632,-0.4088691782342235,0.5907175561781463,0.24635100277794783,-0.38297078299703785,1.3115041506682057,-0.999206871752009,-0.11020775375559677,0.31187897726724245,0.039337355572109635,0.40865794327221083,0.14620550364194354,0.11475952395005759,1.356199382225607,0.4787219610118159,-0.124
-0.6794306261109714,0.7430686934153835,-0.6691930830783112,-0.13335778288105538,-0.17372147189282175,0.8805100778598632,0.9262349230603368,0.19794588852605333,0.9857839241068437,1.782418300700926,-0.6295905402658152,1.1517973061922029,-0.2894013183575901,-0.11020775375559677,-0.0005174816263578527,3.268401355204641,0.38883329558157426,-1.19051271538224,-0.3611684260322988,-0.94904722852981,1.405122057499888,-0.005
-0.6755777682128355,0.9163346571697282,-2.638615757458059,0.616801751513145,0.5312803931127426,0.9687402359053643,2.3064883481076315,-1.8917387125814575,1.2138580109053991,0.2841918959641649,1.0314444831480585,0.5527185048302244,-0.9295012423370806,-0.11020775375559677,-0.34900393001742214,0.605821565237627,-0.5480156506806806,0.6269676768990273,0.160150869278676,0.14470997888314788,0.3876607253964141,0.035
-0.6717289071482123,1.2570037983117455,-0.13758361505046504,0.6515627257400626,-0.801740690025729,0.8731274330849337,-0.4247296495461895,1.7852967743046404,-0.3246273336636371,-1.7514497159692641,-1.2190954163526284,0.3887208019149409,0.8305246792984817,-0.11020775375559677,0.5014459095546688,0.6908257475229367,0.2225354654670521,0.6787722097227851,-0.42916175660715516,-1.090295079573037,0.27973705385336156,0.047
-0.6678840245693382,-2.4619292005243243,-0.5743721500713105,2.3735793919661528,-0.8785845189769599,0.9320587616915802,0.8597952889936573,0.4530511836704831,2.040844763880012,0.4883599143170867,-0.23251050733219558,1.6352995239227048,-0.23787938126767003,-0.11020775375559677,-0.23496881941319614,1.6914182991685454,0.7505427360493603,2.1870134866397777,-0.8551796300934911,0.9696348845443106,2.0170183446518117,0.029
-0.6640431022774078,0.1694857326733764,2.021366913244039,-1.2764130807829037,-0.8956748718633032,0.26742822028929614,1.0174783532863063,0.09821099797174644,-0.4934222020553106,0.3900930499490079,1.0166363725955954,0.8438095946659643,-1.0340959241770007,-0.11020775375559677,-0.6267676816449689,-1.2083505816093083,-0.797619461867571,-1.7974317111732947,-0.03480868591743546,0.6153186461590073,0.7950787960655138,0.01
-0.6602061222208432,-0.041910584199858866,-1.078153365283993,1.21320747449081,2.024140034844141,1.3221066473425267,2.86567100940837,1.3149425315224916,2.7693310858615763,1.5274869755508387,-0.8348893729601989,2.5658470693438176,1.5786319632404782,-0.11020775375559677,-1.4428750667194408,1.4995773610804695,-1.824057872916829,0.5321393384968958,-2.8611579577571145,0.6153186461590073,2.6537105228234124,-0.209
-0.6563730664935883,-1.2902060171365597,-1.491828195638556,-0.2553749734821572,-0.3936146016311163,-0.655966352155559,0.023331005002687564,0.12118831638884076,0.4290402748943865,0.624311609648272,1.9603827562963798,1.2348985904736363,0.7382644794294052,-0.11020775375559677,-1.2128420129012594,-2.4333142385814712,-0.7392086326261473,0.7392818599025669,0.19966941559592333,1.1259961249723713,1.1645372220040746,-0.181
-0.6525439173334301,0.03403114276698034,2.7010613284154927,-0.7328783484460543,0.062186855159563334,0.596702745270362,1.5294146237044814,-0.9186558456632385,1.5201871717313578,0.918441212800946,1.2996002303822682,0.2290482167688809,1.0061463891966194,-0.11020775375559677,-2.1541376717150484,1.446732626214146,-1.4364390451537423,-0.19409566653352692,-1.6987388333745839,-0.012391214025948848,0.4466538104109744,-0.103
-0.6487186571203434,-1.152020685704067,0.5609407655561345,-0.4689618082857903,-0.44447516857898295,-1.6512694439026905,1.3152095396676753,-0.37143324519848214,0.5328010250883383,-0.22372373316052635,1.5611773454265139,0.20975731112439816,0.018855805741284256,-0.11020775375559677,-1.1259960573348458,-0.6708058731276941,-1.1159471675664088,-2.1453767668720016,-0.5376552264971505,0.3347310624656026,0.7846608948925867,0.046
-0.644897268374863,1.327350752077034,-0.5268981010661306,-1.2717034152006788,-0.14840128133727276,0.6419612133732742,0.40113660600028844,1.3632277212605202,-1.6391480434213757,-0.3680988507159637,0.5813402646298211,-0.5913670842067088,-0.14357317251692558,-0.11020775375559677,0.6944427551896684,-0.29077199335640075,0.511839252351304,-0.1432182253772562,1.2200243239692814,-1.098606447687398,-0.402317911387818,0.133
-0.6410797337564771,-0.5104516953175466,-0.5031451092498017,-0.494672505401833,1.1705825827071237,-1.9192377812792152,-1.6774392621271947,-1.4862878927168157,-0.6185157653624014,-1.7207148374308314,-1.2868289717787778,-0.08294000979594442,-1.6131907130493361,-0.11020775375559677,1.1791576185194654,0.9004564786967133,0.9021460049404878,-1.1160171547006945,0.8359056273015186,-0.07029938089302337,-0.7056159405912312,-0.173
-0.637266036062047,-0.3021214586440165,0.4801625087894364,0.19821934213076658,0.6313390754531287,2.9130926161389126,1.2574220619579823,-0.1530073705542427,2.4054337441974423,2.305987553535676,-0.7458987107724475,2.504106463096261,0.822145060395603,-0.11020775375559677,-0.9004773151738718,2.2095464240386136,-1.4672373473008087,-1.2235752199691146,-1.618680080404891,-0.08684740425834975,2.350439128879284,-0.053
-0.6334561582242478,-0.7916553425132603,-0.5427275100433715,1.2749156824840107,2.3738876344442263,2.160695744021244,0.26707388149333383,-1.1794844727881926,2.414675921604049,-0.19334834125853434,-0.8618834815590358,1.5035333112109015,-0.26363312396534533,-0.11020775375559677,-1.027611330657394,0.3188006525147558,-0.9880408051571888,-0.9333101693162899,-2.1118984552680526,0.9943315997279044,0.47338267211616836,0.03
-0.6296500833100346,1.0818342412639277,-1.4840518178401725,0.248149422046258,0.46448519465140575,-0.006989021644317419,-0.7737527366607342,-2.6012084882395863,-1.2175926327619235,-0.9929768727870973,0.5317135143439866,-0.7762198982512356,-0.2121401234941734,-0.11020775375559677,0.08361838770157737,0.14969963481589044,0.2106727762884566,0.257364480180488,0.7414751857335525,0.28517671176784143,-1.7818129620822698,-0.026
-0.6258477945191294,-0.8163516146977091,1.9630909448789458,-0.21840922832640194,-0.17372147189282175,-1.1455365126560515,0.484778348169907,1.1067101279869274,0.27259729267546806,-0.3604963521058134,0.49675909454158046,-0.16865668047776988,0.1381602467309201,-0.11020775375559677,-0.260968681119854,0.6712012476684519,0.27000723343902355,-0.007254553117178594,0.4894907254897862,-0.7746837444895512,-0.300577461719676,-0.166
-0.6220492751825312,-0.23517134039592635,-0.09769425427311039,0.6515627257400626,-1.0582882035306844,1.041756025571094,0.14112264299128868,-1.6061344319710738,-0.24411128570962745,-1.6899876661521516,1.9812706309734247,-0.8868014406954606,0.5953116399833878,-0.11020775375559677,-1.8847734095503386,-1.3357152071550908,-1.7781425443352787,0.9646967103479935,-0.13481224852275586,0.44205894043572963,0.04484001069878768,-0.073
-0.618254508761047,0.43358133365717166,1.5159213791818775,0.08273759799695048,-0.4359953625090368,0.10346952211108125,0.7183825846879998,0.10586753785162706,0.1267383149650095,0.9561078824253836,0.0636383295813455,0.04791814428808614,-0.7643405262161848,-0.11020775375559677,0.6885868247869404,1.3411434916597118,0.4007273895670487,0.5924626456115957,0.7013635811227737,-1.3980116713556683,0.2851534612523657,-0.004
-0.614463478843844,0.08475929295717896,0.4640223310112543,0.27600317300565047,-0.1906075501862074,-2.9107233330324025,2.1109815413245046,0.6716549373627138,-0.27923129658010026,-1.1764323423936447,-0.748840647262406,-1.9902894281395132,1.039523041983339,-0.11020775375559677,0.9320004526989667,-0.49714181698060794,1.2825765144048178,2.1870134866397777,0.5593145008733751,0.37601748653137185,-2.332888710987384,-0.22
-0.610676169147025,1.3978588110767312,-0.41595934011377084,0.9462423243011415,0.40598033716567683,0.29068181044183705,-0.5096588449360827,-1.1001671602102263,-1.446163817038698,-0.08708709526729107,0.18022886456559647,-1.415397199928876,-0.38400780764068565,-0.11020775375559677,0.6593142189587197,0.17569070559703664,0.7943942000445025,1.4186189575701889,0.9487249087913793,-0.9905817923553442,-0.5275436499543845,-0.052
-0.6068925635122208,-0.9313556578593543,0.24663027975384497,-0.7678279727208255,-0.6398494057034008,1.0344752617167097,0.7600070218857351,0.695192810814072,0.006843907935417087,0.3976544224685209,1.3940129363245868,0.49618856168295444,0.7466594680418663,-0.11020775375559677,-0.6798820313780027,-0.400479296844273,-0.9298117742340251,-0.7162877048655015,0.16607581927166454,-2.1481606121151327,0.6536972693259382,-0.073
-0.6031126459052059,-0.23517134039592635,1.2774810714418359,-0.19191440950098126,-0.7846781818369603,-1.1369590692129594,1.0008981524684908,-0.4835423039494811,-2.1549909109209233,0.17821197519842275,0.23960614796858523,-1.8870650063430339,-0.12644764108541984,-0.11020775375559677,0.613964927784442,-0.7414360244301385,0.77445830613681,1.243550748858963,1.0517590379412234,-2.2483533523031562,-1.9413505080645719,-0.167
-0.599336400414533,-0.36893307558626465,-0.7796046665213084,0.41085696661804416,0.46448519465140575,-0.02284422515241212,-0.2806374747220832,1.1786054856435686,0.14573292335247667,0.12519225709397738,-1.2319365999754974,0.788605744642347,0.12113666076693486,-0.11020775375559677,1.1187649204563428,-0.4069274998723732,1.102120707872612,-0.4054391109867995,0.21746723724247732,-1.581167534728573,0.5956367021440744,-0.108
-0.5955638112501858,0.24593264062123676,-0.44767992219968433,-0.009715572295638266,-0.9555312370743092,0.6870519261289693,-2.1212613190331426,1.468141749514247,0.006843907935417087,1.0539967964265258,-0.6757941660040911,0.4077510793765195,0.38425664562572226,-0.11020775375559677,-0.17570921762602756,0.3513630453493608,-0.026137561540000114,0.6183390665995377,-0.8149469940777607,0.020692227032463487,0.3876607253964141,0.069
-0.5917948627422531,1.1167889290555184,-1.3984391464590942,-1.5133417356840027,0.7894392410216087,0.9173537433326685,-0.7310726176194986,1.0907600962060393,0.5013970821619967,1.8348527268634744,-0.7194967088028476,0.21619070800625226,-1.7722244796358606,-0.11020775375559677,-0.2970628019187391,0.4948012266359934,-0.36015850104667907,-1.0911531353108674,-1.2262211878598832,-1.8811770974489537,0.4787219610118159,-0.229
-0.5880295393396207,0.872927976226804,-1.3204935617795919,-1.4072776235024367,-0.742043928428957,-1.5365038484318498,-0.365354012647037,0.00653313519128174,-0.7242776691785684,-0.748771689030611,-1.0112809735347013,0.08044028962980267,-1.8253382965067135,-0.11020775375559677,1.123182271881559,0.6908257475229367,0.3452394651722971,-1.9354142512439012,0.6612948610184506,0.2603951935344961,-1.144112236132157,0.0
-0.5842678256086818,0.36521683078614003,0.13427170908035202,0.44487275288146877,-0.23284362822327478,-0.1904640617408463,-0.365354012647037,-0.6320891841232101,-1.7401399612459336,-1.0388162896847217,0.14898973816315816,0.19688123505976132,-0.9817713921353418,-0.11020775375559677,0.9437514423787443,0.026364206655075627,0.49198457974771853,0.3602138795357213,1.3930850381696251,-1.6144836152798836,-1.0378954889356231,0.009
-0.5805097062320647,-0.7091995991054215,1.4747271477251338,2.6254472655838823,0.6063394312632847,2.0223875425362445,-0.20449800885437996,-0.9769266658422078,2.3432502746158996,0.6469578804655336,1.8475854113495849,2.5504572329782906,0.7466594680418663,-0.11020775375559677,-2.8009244519006264,-0.9848830567469202,-2.2052117532218594,1.53273304449617,-2.4625017973181187,0.2769165269943688,2.4982532851235355,-0.105
-0.5767551660073809,0.9511035754723267,-0.3683426225591605,0.7624793596234413,0.49789176939828417,-0.2387383835345453,1.8330902140182688,0.021787016769170723,1.0436682842747635,-0.9777006673095813,0.5055310459751562,1.8992301649008274,1.7186459621780545,-0.11020775375559677,-0.603785710587582,-0.012541749552885475,0.13559131453380951,0.6614977770135017,-0.0779835533464983,0.8872906834733246,2.130590117324367,-0.188
-0.5730041898459882,0.5621648351759793,-0.9683540205374415,-1.0619720987156505,0.0117126644080697,-0.6145147340606015,-0.4926628927761262,-0.609875390853859,-0.6818065647906861,0.314457375379925,0.14174525485448772,-1.6750825363857684,0.14666954158048567,-0.11020775375559677,1.05400667948544,0.7890213662901161,-0.21497312919597364,-0.21104154328656907,1.8093822318166812,1.282234767648996,0.022792884654831518,-0.243
-0.5692567627717723,0.2544380934595303,-0.6455036945072397,0.5419177340695117,-0.13152709501903356,0.06412603534382745,-1.1421467367298523,-0.6838273014072745,-0.7562770685129716,-1.7898791877922506,-0.2749930487167518,-0.9006783773377075,-1.0428219504917755,-0.11020775375559677,0.6929787285815726,-1.3611590155681763,0.20276548544416703,-0.7162877048655015,0.8640792926949892,0.13644435359833576,0.0007126494615337851,-0.279
-0.5655128699199453,0.5965425299478189,1.0483638791795034,0.30953663388141833,-0.08093297238590187,-1.5365038484318498,0.7849686601438257,1.2266447605977657,0.16940341507779683,1.1743879624112,0.3920092589922684,-0.10925915514117049,0.09558881110211118,-0.11020775375559677,-0.18004705918207428,-0.49714181698060794,-0.37191587869367976,-0.9915371104453741,0.14238202431575475,2.4132168940197545,0.4413015629631316,-0.17
-0.5617724965358597,0.9685026026556411,0.11022682657760034,-1.9251981403832856,-0.6653811991461414,-0.07848606273889204,-0.02722207811180494,0.03705121555883692,0.14098912667720903,-0.5506869807284628,0.5230082199452338,-0.07636789824150869,-0.1692736400576209,-0.11020775375559677,-0.4772387607421816,-0.4649354035201501,-1.3786481810241409,-1.854314731830398,-0.3864396333238062,1.051945477951227,-0.5504148066131628,-0.122
-0.5580356279738424,0.19494763903083923,-0.4556070877880412,-1.200757244207857,-0.7249990129275343,0.30616074918547864,0.5683080254252605,0.48416004604169555,-0.29937368664645425,-2.059227565978949,-1.0112809735347013,-0.6186134433395644,0.4350012301004791,-0.11020775375559677,0.1780305693428172,-0.4713778418873791,0.16324306849749812,-1.2400956732628197,-0.394211459851017,0.21082349386278776,-0.1157491162469967,-0.153
-0.5543022496960385,-1.4520444424485404,-0.34451808828164565,-0.10661849747207573,-1.3332213020738999,0.03256647118359272,2.736380546764529,0.052325722299999995,-0.2691802463229176,0.8732286178951575,-0.8679008739995275,0.8804703834619431,1.9565871442696137,-0.11020775375559677,0.732517735222247,0.5992865901023915,1.0380676702040836,-0.0412849369446513,0.39196131395250156,2.584716012617524,1.6853067832931614,-0.104
-0.5505723472712772,-0.14288723040717663,1.170972067544486,0.9522288353850424,0.9554338439861132,3.29398890854168,-0.9876443218166189,-0.8309212992422987,1.8055078581932398,-1.5287955561599786,1.2745484436529995,1.2762148289522812,-1.4282404745780248,-0.11020775375559677,-2.0252316040536535,-0.057906410610076293,-1.5095582611344618,0.7306329517655229,-2.003716029054629,1.5368838617425724,0.3067978598317797,0.143
-0.5468459063739516,0.03403114276698034,1.8218621104279706,-0.41732307398093277,-1.644146471372182,0.5664371637822272,0.8182357088761089,0.3599664653169398,0.8043328554909402,1.121728655266193,-0.6670986289429636,1.6296060864159054,-0.29799392225722976,-0.11020775375559677,0.3759835234254827,-0.09676839532701735,0.20276548544416703,0.043840132019028734,0.3522287979306955,-0.5838668174506548,0.3445936422229237,-0.08
-0.5431229127829094,0.00869721380255832,0.1823952469788481,0.20929204084867548,0.47283852409456884,1.5885444661518169,-0.4926628927761262,-1.193869611735193,1.2377507179914224,0.14034278052902377,1.5831614231110895,1.1159914552981964,2.0056761483114642,-0.11020775375559677,-2.2617915623009184,-0.32951113907635204,-2.828234284821675,0.9039055660915005,-1.543994572057507,-1.3314443712276063,0.3445936422229237,-0.216
-0.5394033523803657,1.4243410890604327,0.014159345196730228,-0.8323786602994876,-0.6398494057034008,-0.7225369002851691,-1.1335524032250732,-0.29636341480178335,-1.5626438561440206,0.034254830287674926,1.6617160108079057,-1.4799576757185477,0.6710487523887888,-0.11020775375559677,-0.9033371139169273,-0.6964977594685661,0.11584709951899289,-0.674418094169279,-0.13089608860543306,-0.6336296702123485,-0.5847805745624634,0.075
-0.5356872111508252,1.8780861891553247,-0.4873038535533254,0.4391949771068162,1.3850151020785681,-0.45808422855057473,0.7100544316746141,0.6873443680062447,0.1124583415106837,-0.11743912356809744,-1.2287236429500306,0.5276253022298076,-0.7903818186690499,-0.11020775375559677,0.27693737803927426,1.1501061302249054,0.17904922632840933,-0.6576581878678103,-0.7131735410362375,1.0272558396744038,0.27973705385336156,0.101
-0.5319744751800214,1.1868168774778216,-0.3365741752783241,-0.7578561106651475,-1.109736338630921,-0.4090417578144901,-0.23832550886964282,0.5621079087274569,-0.6712234911382592,0.2085000309314924,0.6512784673179666,-0.2415906259473465,-0.8338146496103057,-0.11020775375559677,-0.04979053959053125,-0.18089944667984545,-0.12062380975598379,-0.8499794992941246,0.2669526586762007,0.8049130572155658,-0.18270388181856156,0.156
-0.5282651306538695,-1.9885721748617862,-0.40009188639654986,-0.5305465921278111,1.3355935746298853,-0.6975371653686065,-1.1335524032250732,-1.078476863643791,0.5595970427337519,-2.2983023640965112,0.2490217552975076,0.09342756646921022,-0.9643419549720104,-0.11020775375559677,-0.702836762868313,-0.17443123134233668,-0.5480156506806806,0.09499355590775221,-1.0346182430333524,0.2521340451821944,0.028307772799050997,-0.106
-0.5245591638574341,0.0002570254161733889,0.6823514341731595,-0.1600202755165539,-0.2751096292908396,0.07987755521770745,0.9926064704634752,0.5855410959705234,-1.3712391294163215,-0.6573113631188138,-0.069112903473844,-0.2415906259473465,-0.2808103165271744,-0.11020775375559677,0.8057944102771195,0.1432032618641726,0.8941587305861404,0.3259051354549021,0.8660924935264663,1.2657944064805042,1.0323485101433254,-0.154
-0.5208565611739083,-0.3522431100424691,0.6094698707185048,0.9642129857641675,0.5813297839001419,0.9614132036586488,0.048591520696400915,-0.2134829648833116,1.9143155706571005,0.729964228534878,-0.17736071169354312,0.800895303390023,1.8746659856681556,-0.11020775375559677,-1.424448421895198,1.176429714450339,-1.4056243921995024,0.5235280233523809,-2.0954260476736035,0.6153186461590073,1.1036947893232654,0.094
-0.5171573090836104,0.5621648351759793,-1.5772961730137114,0.2927550067297224,1.9343783141495874,2.1345048174367935,-0.044082639489002255,1.3390743139127446,1.7050041855071105,1.5274869755508387,-0.7078059916285698,2.3001237627224604,1.5373753548488704,-0.11020775375559677,-1.2356006884704251,0.3188006525147558,-1.1662596291725378,-0.6492756545252485,-2.4065306627310457,-0.15305205188721457,2.0170183446518117,-0.129
-0.5134613941629903,-0.6513565430039301,1.121892083663176,0.6689907180733794,-0.22439402242772494,1.3007899271013348,-0.2637090002764458,3.2345896748784524,1.1978715281525374,-0.11743912356809744,-0.7753936756100404,1.434109020235756,-0.582440732824583,-0.11020775375559677,-0.4743598304247445,0.4556553375018901,-0.19139867305804495,0.07793590138678906,-1.2677899943596305,0.5163307289387595,2.6035919972208807,0.162
-0.5097688030836514,1.9139620543506253,0.45595417055666787,-0.4998059939641684,0.20496979000560853,0.04835567575700223,0.17473518061388763,1.162611760041682,-1.2345340257231587,-0.6573113631188138,-0.6642034401272888,-2.3109365676596023,0.7382644794294052,-0.11020775375559677,0.9555042804065579,1.764299283623145,0.9141286109872052,0.4804951332372689,0.9144411069209635,-1.0071977029558083,-1.653842704583262,0.025
-0.506079522611384,0.28848269174660296,-1.8715412059327066,-1.1960073205882955,0.40598033716567683,0.1270191293483446,-1.0133658512867336,-0.4462389165552858,-2.1301007601132773,0.314457375379925,-1.1807418780652055,-1.3724908148628157,-0.530595399896,-0.11020775375559677,1.183578477422798,-0.6964977594685661,1.5238827406410307,-0.4896822577427242,1.1794128188238562,0.4750718790523358,-1.268801250626952,-0.12
-0.5023935396052124,-1.8532460653023861,-1.662632435884956,0.20929204084867548,0.09581299018617133,1.2651700878471615,0.6267127184245223,0.6716549373627138,-0.3855800854108889,-0.6954121711494448,-0.9804563699888199,-1.3724908148628157,1.800822552744893,-0.11020775375559677,0.5905699227855574,0.3318239518258731,0.8981522547669313,-0.049788431204724634,0.35620007650827096,0.3182142339123851,-1.2152620704701649,-0.196
-0.4987108410164546,1.645921485639205,-0.3604023111394252,1.355722403051609,0.3306783382327053,0.7319750296104695,1.3152095396676753,-0.5133371355727422,0.7871701151704115,0.14791743196052973,-0.2643346640357114,-0.12903073369481655,1.3719983665081592,-0.11020775375559677,-0.665531139467662,1.3741256958223684,-0.15602088684385873,1.7087804283278227,-1.8193053526479122,-0.6336296702123485,0.16550431890436312,0.021
-0.495031413887793,0.872927976226804,0.1182405388061488,-0.8964714257339368,1.61515597271362,0.14269534317392815,-0.7481407314894288,-0.8015892466937474,-0.13973323426496523,-0.8097803826140108,-0.33676953568963464,-0.8383270441582789,0.5363167819057412,-0.11020775375559677,0.018331600607526644,0.2602232040176509,-0.797619461867571,-0.582153611680794,-0.6052775943531926,-1.289849293876041,-1.0084995746693486,0.189
-0.4913552453523592,-1.0704648977859115,1.689323300107235,-1.003907771447668,-1.169818250140225,1.6781775493004445,-1.1937394087538042,-0.6394884118129822,0.8640206953560948,-1.0923161576620388,0.2864517449648615,-0.18188984453660043,0.39271812176493204,-0.11020775375559677,-0.3864916373090356,1.1237910234302868,-1.1275615026477306,-1.6425685553562261,-0.7170201108867966,0.11991214756391252,-0.060178165501429036,-0.116
-0.4876823226328289,-0.4439316316210933,-2.0180853497977917,0.11010454216944815,0.43941845186624123,1.4561527449555351,-0.5266598762410868,-0.18326605674838142,0.5372748168298079,0.7375079313919445,0.8680161808724108,1.175604243078138,0.24865105972140888,-0.11020775375559677,-0.4009043158331441,-0.844043990972963,-0.7197260645316418,-0.46442708805580113,-0.1289378384148861,-0.1944401311166053,1.2099832120879135,0.05
-0.48401263304053016,0.1694857326733764,0.7066688281164891,-0.3601830651253779,0.8475868194276074,-0.7810366974787308,-1.3746711258713333,0.39095432366445937,-0.70832495314865,-0.664930651371709,0.2088441992015541,-0.5845630733449727,0.9643919747422035,-0.11020775375559677,-0.13086850016632282,-0.8504519816535151,-0.06158590858631375,0.00977046872576287,0.1897856166533685,0.8790544219878976,1.4794197468075663,-0.081
-0.4803461639745617,0.3822941184201579,-0.5901873932768587,0.13755164547760462,-0.7761488169203565,-1.1971020936700567,1.0257668741043735,0.044687181013356246,0.5907175561781463,0.6997855413673899,1.134657230685423,0.3569414887117694,2.291092292502852,-0.11020775375559677,-0.9419315785900049,1.2883992655997518,-0.3836710885505285,1.8942597486077146,-0.37672224871636995,-0.45121962616768946,0.8884531507491817,-0.095
-0.47668290292092397,-0.7916553425132603,0.06217072118989306,0.022810592084287776,0.48954181065319785,-0.43354161631250576,-1.150742341998009,0.11352664437154916,-0.4934222020553106,0.026674049720670737,-0.7576765294151505,0.31870379397133164,0.1721874175802505,-0.11020775375559677,0.39201872589639003,0.5862182748439151,0.01721421494819669,-0.27875847644178553,-0.11326775343503924,-0.434644246103134,0.80028449820297,0.174
-0.4730228374516604,0.9511035754723267,0.030158178337214514,-0.069053792120065,-0.20749839794091954,-2.054860969104292,0.6767308987615609,-1.013256638473775,-0.365208442785024,-0.10226227882988585,-0.3098072361670795,-0.8314141851786091,-0.08366228364380175,-0.11020775375559677,0.11701107493455952,-0.12266507491719013,-0.018257547608642344,0.2060264594418624,0.1542269198475291,1.848575854908872,-0.4648108458996567,-0.088
-0.46936595522401015,-0.6348111057669996,0.06217072118989306,0.2259255657547719,2.47927325021172,0.6494879779014815,-0.41624365959756776,-0.4835423039494811,-0.7189566202425777,-1.122897486136181,-1.2319365999754974,-1.0541185900386274,2.5182993114535317,-0.11020775375559677,1.601755134732747,-0.13561001679973989,1.7659791699468932,-0.2956710243000591,0.9689061016312349,-0.35178582724403046,0.6009259140420479,-0.054
-0.46571224397957167,-0.15128763943578777,1.3760039261036185,-0.2606437479982337,-0.6483587599203388,-0.37644175543786734,-0.9619344081757082,-0.08477297135174516,-0.3145157770414304,-0.5811424158608405,-0.3503102919338665,0.3887208019149409,-1.816482450458542,-0.11020775375559677,0.3905608306228952,0.47522581384735724,0.9021460049404878,-0.6492756545252485,0.302624884586463,-0.037207109348179675,-0.06572603649866414,0.218
-0.4620616915434771,0.6999017101049001,0.11022682657760034,0.07727379441595984,0.13781951557638372,0.22857837359777294,-0.5011602346726646,0.7502013928141263,-0.9018324968540022,0.2766245220815355,-0.3205731080686635,-0.8383270441582789,-0.5392323738123869,-0.11020775375559677,0.3949346061631375,0.22769958563645595,0.10005595470682871,0.5407522305230956,-0.25793819490259035,-0.21927672526516503,-0.35701988712425237,-0.215
-0.45841428582357646,2.0398640832986157,0.7228869841065445,0.1210737428024582,0.02012795176630605,-0.046662410825638795,0.9594291749912167,0.20563570599621245,0.7613347865515054,0.32202274247768153,0.2490217552975076,-0.29486594734321103,0.07854861296897135,-0.11020775375559677,-1.0204758806157246,0.6973683324355171,-0.5050143288767096,0.7306329517655229,-0.9698381501449771,-0.6917001613142515,0.648430033199954,0.016
-0.45477001480963286,0.9163346571697282,0.006161785301795178,-1.2717034152006788,-0.9298708530049121,-1.2143290816364503,-1.1851374601035245,-0.6246872705372151,-0.4934222020553106,-0.9853385454080863,-1.1142341660575457,-0.7006432856836367,0.6962663049826578,-0.11020775375559677,0.37744111946780357,0.026364206655075627,0.09610875600710204,-0.4728471736493567,0.0418625366822254,-1.5561834971860962,-1.0909274297366915,0.232
-0.45112886657252765,1.064371661963837,-0.5268981010661306,0.022810592084287776,1.3603090311314492,-1.0258892433682478,-1.5474974678236746,0.2672460196250999,-0.8260402125036103,-0.37570177434291274,0.3165909541420209,-0.7280833843587471,0.7214698611462507,-0.11020775375559677,0.6563876047949442,0.1172233549069007,0.6549624862576247,0.3430563124902152,0.9749625152816037,1.7502019588593847,-0.9089091826310257,-0.07
-0.44749082926347666,-0.5934107332045626,-0.7165402922979374,0.4847125433069206,-0.36820072680395044,1.3787490593806515,-2.0950690794192246,0.18257391377228682,1.8479321983541248,1.5499977044828783,-0.6295905402658152,0.9230977536595505,0.7046690431944237,-0.11020775375559677,-0.7257832416936528,1.4929699447197669,0.20276548544416703,0.9733872953549543,-1.5794956062988887,-0.5424061566516776,1.0731661200971647,-0.022
-0.44385589111325324,0.04248024609351119,-2.2947097500836655,0.19821934213076658,-0.2159456126376041,0.30616074918547864,0.15793124411721388,0.3677096381636113,-0.7136390487100713,0.8280022396830913,-0.7753936756100404,-0.4221777105510713,0.7550529119459615,-0.11020775375559677,1.0363549700804568,1.7974475838637076,1.4554320371100313,1.1824187748048194,0.8479775066330295,-1.1734220584849944,0.09981252596132435,0.011
-0.44022404043142527,-0.5187571297661083,-0.5585521910169854,-0.9649883844432992,-0.06407771974383987,0.5208987796088803,-0.9790730585332228,-1.6201794872121444,0.06944307483870328,1.0012953376710219,0.7585018220149569,0.48359202828809955,0.7298679443761906,-0.11020775375559677,0.05604530088547245,0.7431815974514115,-0.5245640269198868,-0.8916667347685272,0.29271235129220574,-0.6419245438598874,-0.049088585308667235,0.093
-0.43659526560559836,-0.01661667975679744,2.1130895956535065,0.11010454216944815,-0.07250475617463595,0.360189354146893,0.22511909887283305,-0.09995437122118675,-1.5978756593609975,0.25391998668160226,0.6950162074827158,-0.6117973071825117,-0.23787938126767003,-0.11020775375559677,0.5964179658084351,0.48175040320088675,1.2143512940185452,0.5924626456115957,1.4094114246163785,-0.1944401311166053,-0.6134727014830312,-0.043
-0.4329695551006698,-0.6099771950932698,-0.7007625589891071,-0.96011158415608,1.754492775793394,-0.949469619942054,1.4882740120520481,1.1546185327600542,-0.23910753916360986,0.22364163116462543,-1.2190954163526284,-0.7900003658007237,-0.46155617897723134,-0.11020775375559677,1.2779510422418288,0.05231275026327537,0.714684746829957,-1.3061052580782861,0.6793204709687742,0.23561078606674926,-0.3513666262797571,-0.241
-0.4293468974580914,1.1692950278788798,-1.2970882595731286,0.017381688366122573,1.1788431486235325,-3.619464054161691,-0.1031323428497906,-1.2010579953380303,-0.2691802463229176,0.04941516031414175,1.4784749662606775,-0.6117973071825117,-0.35818690525675073,-0.11020775375559677,-0.5549218320195217,-1.6783797499362187,-0.06158590858631375,0.12059222765488195,0.3999130733849088,-0.1944401311166053,-0.6767675497885103,0.21
-0.4257272812951431,1.0818342412639277,-0.7874824876128234,1.5638812146940666,0.46448519465140575,0.9906935558234125,0.14112264299128868,1.5248011858889374,1.7948412030656637,2.745973808300548,-1.0453880724235305,2.3423796595059834,0.06150178846569423,-0.11020775375559677,-0.600912387784348,0.00042465250021439435,-0.6183179610234912,0.00977046872576287,-1.769290316073347,-0.5921598648873014,1.179703468414417,-0.018
-0.42211069530421247,-1.4197396177124426,0.7309980328597981,1.1824989541116309,-2.411759533773752,1.7124465185456434,2.4202899387862504,-0.43877027195182877,2.4605549831673805,0.2160710331355669,0.0710257847256491,1.1993602295666164,1.7515328901238705,-0.11020775375559677,-1.452794720957455,-0.18736709373550584,-1.816407929349878,-0.058290282759870554,-2.2032139138789626,0.5905760881070881,1.9932430634373948,0.083
-0.4184971282520854,0.050931582463070196,1.5076797192695341,0.4391949771068162,-0.5378337754630451,-1.1112555606663443,-2.471484769224623,0.14418871401919423,-1.3083229994595016,0.05699471030429917,1.5434150272783635,-1.2869999194217554,2.071054429900663,-0.11020775375559677,-0.6195866967256649,-1.7100169469549809,0.1592921146654823,-0.015764608069520857,0.5413471303855579,0.9614019737550417,-0.879722932424517,0.079
-0.4148865689792456,-0.21002916681594824,-1.062481375838451,-1.9644596710888513,-0.31740566802260595,0.8731274330849337,-2.04271616659401,1.3632277212605202,0.4016988559888092,1.767433829834007,0.3670426165967051,0.11288534562992553,0.22317813053673868,-0.11020775375559677,-0.9133453788823196,1.6781739123434414,-1.5134040786623297,-1.9192096460176165,-0.8206977436550142,0.1612402731665151,-0.28368388938670075,-0.1
-0.4112790063991808,-0.45225410054107656,0.13427170908035202,-0.6625726704803491,-0.9042219561945053,0.6870519261289693,-0.05251471343007839,-1.0277693474430332,0.14098912667720903,-0.32249022438517727,0.7544445539419199,-0.22830236605553395,-0.9382091475946913,-0.11020775375559677,0.23619411868077722,-1.6150588139187372,0.005388167992908958,-0.6073372309451606,0.9527603035618889,0.9202323850967036,0.16550431890436312,-0.051
-0.4076744294977,-0.7174545358135144,0.52861396082779,1.3245640032284154,-1.8524109722367368,0.18180358115615133,-0.7993765758592479,-1.2010579953380303,0.3374595024745477,1.6625024590381623,-0.16433108552062728,-0.09609344368261438,-1.4722182594805486,-0.11020775375559677,-0.023709230244688025,-0.057906410610076293,0.6828264812395514,1.1824187748048194,-0.6534911631714,-1.4063338943408485,-0.44774347675638215,0.011
-0.4040728273322556,-0.7009425762334103,1.400665878462034,-0.069053792120065,-0.8188082427131603,0.3832741864515918,1.0008981524684908,-0.2511952324442823,0.8597769219172849,-0.02640292943576246,-0.678696003916859,-0.017357149743073032,1.6857372095742669,-0.11020775375559677,0.23910356668010246,0.5796849350920732,-0.13242497669780162,-0.5149221497362313,-0.13872795438172303,0.8872906834733246,0.48405908597107267,-0.15
-0.40047418903127907,0.2714558316442684,0.6985617190453085,-1.2858249216388267,-1.436669457790922,-0.7977939123021781,-1.6600978766417875,0.5933571564781042,-0.31956987144100724,-0.9013465275081816,1.574396872761026,0.6712279812650566,0.5025705137689988,-0.11020775375559677,-1.4088521526951332,-0.21323199505794715,-1.3940646878557765,-0.058290282759870554,-0.31446267515183995,-0.5838668174506548,0.8625851771896806,-0.077
-0.3968785037935179,0.6912754396787165,0.0701769610271949,-1.397994084374594,-0.07250475617463595,-1.3180952015982592,-0.044082639489002255,-0.61728267234975,-1.189429133847934,-0.5811424158608405,1.7209231864513514,-0.3751453280676326,0.5025705137689988,-0.11020775375559677,-0.687056270658281,-1.4120173943851446,-0.5597381809471645,1.0690846111448884,0.8097630190768963,0.18603332140629342,-0.3909814292074122,-0.145
-0.39328576088738604,0.34814874429692266,-0.28888542576771964,0.49041760511216287,0.28042581454575305,0.30616074918547864,-0.7566767537892456,1.4519748139281654,-0.6606542755686048,-1.0923161576620388,-0.39938739791787997,-1.3154491656757377,-0.34958312092226673,-0.11020775375559677,0.38035640135725085,-0.4133751273807364,0.6072217128628493,0.8952272631546798,0.3661301922861021,-1.0238148033127985,-1.2271465957021628,-0.294
-0.3896959496503204,-1.829308586218339,1.2692798230933438,0.3600611496201945,-1.1268960918231945,-0.5484398706410928,-0.48416681783079046,-1.0567616525685148,-0.19422418672673508,-0.9242480740089147,0.8660602268602581,0.7578268042313521,-0.22071826459104543,-0.11020775375559677,-0.3691922628049471,-1.284798428339162,-0.4463288738534007,0.07793590138678906,0.4655817717094117,-1.7061265222654083,0.6378889525755437,-0.184
-0.3861090594881436,-1.9488265845793833,-1.1094837639117097,-0.31840268063377347,0.5229349172518695,0.244132395727868,-1.5561517131451534,0.00653313519128174,1.1375073070818735,0.14791743196052973,0.20646765801042793,1.0500503250597593,0.6962663049826578,-0.11020775375559677,-1.093218686033577,0.8021233024060289,-1.5556911212673474,-0.5233320469069596,-1.590696911594631,-2.6244305271947757,1.6219118534159038,-0.13
-0.3825250798744362,-0.2853969463799572,1.2282942362629081,0.9044402586393939,-0.4020883210183642,1.4911528716399478,-0.6287733670189007,1.3149425315224916,0.5995812025581045,0.29932543838553227,0.07839976071560704,-0.625432609597573,0.5025705137689988,-0.11020775375559677,-0.7171792801133438,-0.32951113907635204,0.025099426546491607,0.6528629049632086,-1.1277302850735573,0.037232050640478596,0.6694857458469862,-0.014
-0.3789440003499178,-1.6933405254985425,0.8934964017840156,0.8687534126394308,0.22174583103058781,0.016758416353305373,2.15175611289645,1.3954658588013285,0.29583410714275127,-1.89754635720608,-1.0516119394193935,0.015318975841496245,1.1894251790857553,-0.11020775375559677,0.7061560238417118,-0.3101441419834686,1.1782580965916845,0.44609729959421607,0.09898504952698907,0.39252979368264135,1.1746500125570742,-0.078
-0.3753658105218297,-0.5104516953175466,-0.44767992219968433,-0.07442947553881875,1.0299902662890732,0.6494879779014815,-1.2626004741338777,-0.676444216381342,0.6040083777652251,1.497467578700781,0.8738762804384302,0.9109342906292122,0.12113666076693486,-0.11020775375559677,-0.3980220324359471,-0.13561001679973989,0.15139091007983352,-0.06679049059444463,-0.1719931034545447,0.8213912477920989,0.2200168460135514,-0.054
-0.37179050006333225,0.04248024609351119,-0.24115323072555514,0.8213755406992527,0.9720094700786256,1.922374971519934,1.775740371853495,0.2518281612667327,0.48338317929990665,-1.1840820056478192,-1.2383678400069875,0.04791814428808614,0.8723998939613702,-0.11020775375559677,0.2754818544599825,1.1040602633642718,0.826303438219384,-0.999848189258135,-0.6592718411865844,0.8131523188165306,0.1818801498186617,0.096
-0.3682180587129033,-0.8574707630727548,-2.1719320832376137,-0.9747340529668743,0.24690127455918293,0.3447760434677316,-1.0390989678797244,0.9238738117816291,-0.3448908890648527,-0.748771689030611,-0.058945059777642896,-0.10267476497508517,1.0645399203416415,-0.11020775375559677,0.9790154961450709,-0.3617780044908721,-0.10882050331165762,-0.42230126820625935,1.3604519870620477,0.004151138379386612,-0.7056159405912312,-0.086
-0.36464847627374947,-1.4439711696085331,-0.5664627604043297,1.947303793740613,0.5980039946715572,0.19741397161930163,0.3843947102401313,0.5231026414687561,1.105044080394362,-1.444445019766286,-0.7931714406917227,0.5589839966400734,1.297393564515594,-0.11020775375559677,0.568643970599332,0.29926985193832456,1.3428285113692395,0.8171919045860573,0.2273587923383088,0.3182142339123851,-0.24433606136996391,-0.1
-0.361081742613218,-0.4189513994140772,0.7228869841065445,-0.6877443514115014,-0.5633210039532136,0.29068181044183705,-0.9790730585332228,0.7738136648923979,0.5328010250883383,1.5875083291285728,-0.14615477748069303,0.5715056056964666,-0.12644764108541984,-0.11020775375559677,0.03863640595812518,-0.193834172305354,-0.7080335784720166,-0.6073372309451606,-0.5550575479631437,-0.5341149408209862,0.7898709293060363,0.007
-0.35751784766221945,0.7862952378776746,-1.125142184358049,0.6225864733141903,-0.09779294771463781,1.0998357640496093,-0.33145252104491074,-0.2587298248669449,1.2337758415977098,-0.6344561136413175,-0.6845046717198182,0.21619070800625226,0.9643919747422035,-0.11020775375559677,-0.33313734553556895,-0.3101441419834686,-0.3444786277240696,-0.19409566653352692,-0.9297570039448583,0.5740794098754994,0.050346610942601934,-0.177
-0.3539567814146594,0.3822941184201579,-1.2346251111185038,0.12656316037096926,2.4630705946878355,-1.0173789991876772,0.19993236032875214,-1.3371050533363393,0.46983985210836104,1.0464691505134978,0.5727618271668495,1.193426011711503,0.7298679443761906,-0.11020775375559677,-0.9476472447135906,0.08476105185069464,-0.9181592596138292,-0.5569546054246184,-0.8991832843615667,0.3016961165652522,0.9142683425318483,-0.095
-0.3503985339268686,-1.6131015440577288,1.8052745745905954,1.551139686319228,-1.4021653996838475,1.4911528716399478,-2.8941408932037187,1.0588892346427674,2.3149431595364396,0.7224201383419034,-1.2512516414570631,1.1577538148492077,-1.1214237030558356,-0.11020775375559677,-0.9362153875641118,1.6914182991685454,-1.0268290389050738,0.765237911196745,-2.3214187672527515,-0.7082944590260837,0.3122036460302065,-0.083
-0.34684309531705043,-1.094952778765946,-0.5980932483296019,1.121370581280838,-1.2987811207839424,-1.3267736754368955,0.2419044732109174,0.6716549373627138,0.842771647649017,-0.01123601929558608,0.19932923996621277,0.8560424687091142,-0.5997350165547253,-0.11020775375559677,-0.35909886715747813,-0.34241960574261315,-1.208798511484685,-0.1432182253772562,-0.8743194584290952,1.823987186115834,0.4680412204807609,-0.041
-0.34329045576472494,0.6395675405402328,0.9912510133255832,1.4750337848931345,-0.10622470861756379,-0.7225369002851691,0.28384773202237995,-0.10754117469941776,-0.9127162938930585,-0.24650968281452534,-0.4656326631989673,-0.7418215696161141,-0.2808103165271744,-0.11020775375559677,0.08071543829037357,0.48175040320088675,1.3830241836238188,2.517092974736664,-0.11130848262011701,0.15297528546069647,-1.1322802103579164,0.171
-0.33974060551018676,-1.6612679578135443,0.5043824308987089,-1.233935918720307,0.09581299018617133,1.5885444661518169,-2.418834451694976,0.30583514739780115,-2.148762614527023,-1.145838259248959,-1.1363172661301062,-1.7333122063297406,-0.2722209179882942,-0.11020775375559677,0.9466894786554807,0.8086750794401989,1.3790036216015786,-0.4980972540558781,0.8097630190768963,0.6647948914947182,-1.6781565286566182,0.046
-0.336193534853965,-0.9968920117044787,-1.1877308045320822,-0.9356878279913601,0.5646511176694116,-0.4090417578144901,-0.8677645728176232,-0.07717837732213038,-0.9018324968540022,-1.1381908793011304,0.5077205550936319,-0.8175975130936373,-1.1563966970223811,-0.11020775375559677,0.15041987215010846,-0.400479296844273,0.2106727762884566,-0.5065105517528501,0.2847843075364635,-1.3730467483289408,-0.9615648961398209,0.149
-0.3326492341562894,-1.749393939329163,0.4075721503828876,-0.4121431834884718,0.2552841276568894,-0.13435926671923268,0.1831354026505648,0.6403059253011102,-0.6185157653624014,0.6016618226026778,-1.0640805550845807,0.1387858414195283,1.239287148548045,-0.11020775375559677,0.8380592374071408,0.6973683324355171,0.6868079656892567,0.11205771306331719,-0.023024247759842034,-0.35178582724403046,1.2803651344983185,0.149
-0.32910769383656735,-1.3550358566369718,-0.20930754645661154,0.5534001413249053,-0.14840128133727276,0.754373773600318,1.9803455548920992,-0.9332400047285103,0.48789135227757774,0.2841918959641649,1.3987914796907008,0.9413192549394638,-1.0253714020837879,-0.11020775375559677,-1.0076299919086136,-0.4713778418873791,-0.4502429321232538,-0.38857020715837226,-0.15242934732862073,0.6235655089993167,0.9862731346493001,0.01
-0.3255689043728599,-0.3271920005891213,0.4963078349553802,0.06635574800130034,1.869021484965347,-0.9918770353482634,1.5047332456626172,-0.22857572815796207,-0.46245702272430794,-0.466970112995202,0.8326104818213538,-0.23494496671372747,-0.42707440423788495,-0.11020775375559677,0.009631380026956488,-0.8632661915510986,-0.1363582233408804,-1.3473023568660847,0.9628506365296677,0.15297528546069647,0.04484001069878768,-0.149
-0.322032856301369,0.3993806217265396,0.4156326173613752,-0.31840268063377347,1.7954185084465981,0.6795484508177321,-0.13690150958544609,-0.5282185641453665,-0.27923129658010026,-0.5583001908684684,0.5033401459226239,-1.096218134063746,-1.692649715263711,-0.11020775375559677,0.28712688666083,0.1367074472013444,0.5952916732406451,-0.4980972540558781,0.5852828410107609,1.7666011628062195,-0.9674250702463173,0.168
-0.31849954021592747,-0.025050199969984636,0.4801625087894364,0.680627038616722,0.2636658347914367,0.6118075497926783,-2.2348819623234193,-0.11512537896313026,-0.6185157653624014,-0.11743912356809744,-0.9651088142191121,-1.301218574664693,0.10410642198412987,-0.11020775375559677,0.0038318464037315017,-0.5808107441901399,0.218581002081254,1.9031080650351389,-0.6380708314599685,0.21908624484661998,-0.43069397454459357,0.146
-0.31496894676749976,-0.3271920005891213,-1.3438888681007866,0.5476572077250326,0.2133583856180616,0.4293174358257318,0.5599600687003802,-0.4835423039494811,1.0846591404347392,-0.24650968281452534,1.0351340238175049,1.5150589770583895,-0.34958312092226673,-0.11020775375559677,-1.512277502052586,-0.6193940695052658,-1.4248854648369866,0.9820794117234735,-1.1751232097058102,0.9614019737550417,1.7919295527248889,-0.019
-0.3114410666636796,0.5793489898061582,-0.28888542576771964,-1.1674544681027865,-0.6313412937787515,0.08774625191121915,-0.24678544508473912,-0.10754117469941776,-0.6027707921053481,-0.2541058400320651,0.8286504949187933,-0.20176255940339208,-1.5690970985425905,-0.11020775375559677,0.3104227312862326,-0.3875811650673938,-0.6768428287673948,-0.19409566653352692,0.5573176933350242,1.8403799886789618,-0.9615648961398209,-0.015
-0.3079158906682027,1.4066837000335755,-0.534813396936017,-1.3467595789690905,0.905681050180267,0.21300556733127937,-1.2023426230062508,-0.07717837732213038,-2.426461627439352,-1.3984595863191782,0.4458866840602018,-0.9076213614628709,-0.7296403389620976,-0.11020775375559677,0.5627981732594944,0.1432032618641726,-0.3993413272463756,-1.9029973799241662,1.532068152267791,0.8296298439625499,-0.6767675497885103,0.153
-0.30439340960045835,-0.20164408005043097,0.2627016396147181,0.49612609282413994,0.6813084403476568,-0.38458463558668343,0.2586852309136738,-0.41634842645981684,0.07902478556523694,-0.2161292563495131,2.427068312570673,1.3115041506682057,1.8828641021316022,-0.11020775375559677,-2.032245169482921,-3.283675903605922,-1.597947034780739,0.18892667867603133,0.21351139023845062,-1.1235423267523594,0.9760116027529858,-0.015
-0.3008736143350106,1.0469189041283502,0.30290216699593325,-1.1388098771440593,0.6979560523559494,0.32162093038938977,-0.018793588141029306,0.14418871401919423,-0.560935713803902,1.1367760449458717,1.523995825568121,-0.8106937009434756,0.23167076360258043,-0.11020775375559677,-1.2114193109260716,0.12371749352647683,-1.7130315955679871,-0.4896822577427242,-0.35922367868361876,-1.5312020546753624,-1.466398230299215,-0.015
-0.29735649580112133,-0.31883731461762105,-1.0389648881172409,-1.4026370737654685,-0.6738942861160389,-0.10240337789846032,1.158240846961058,1.0509276087687458,-1.51004556491115,-1.00825487665157,0.16103430115241385,-2.1387529563927745,-1.0340959241770007,-0.11020775375559677,1.2056866126850307,0.27323653623391775,0.826303438219384,-0.5989444027127996,1.9600999128928065,-0.07857323540956207,-1.984509031471531,-0.115
-0.2938420449822822,-0.5602525015367941,-0.3524607999743173,-2.0768878851964296,-1.0754324029325284,-1.119818593848754,-0.07781812352397512,-0.8382475119400603,-0.6977071842106454,-0.6573113631188138,-0.5019042525241709,0.6463725339880572,-2.4845371158162677,-0.11020775375559677,0.7720780749071263,1.6119829826471568,0.37297774711644005,-1.9192096460176165,0.46956550913775263,0.35950388586047183,-0.6364616575863125,0.042
-0.29033025291575043,-0.7834191121449826,-1.5229227552275437,0.4733126839088888,0.6896327981144247,-0.9833859681912528,0.37602206151230966,0.39095432366445937,-0.21413895677222056,-1.0923161576620388,1.2946109305032265,-1.3796344331268096,-0.3323803341749484,-0.11020775375559677,-0.665531139467662,-0.5228965364985588,-0.18353861171589594,-1.0745682161233112,0.2986595408930077,-0.3435016831502827,-0.010339862914081035,-0.347
-0.28682111069208555,-1.0704648977859115,-0.8819261633397516,-1.1674544681027865,0.6729829782664994,0.8731274330849337,-1.5821217906961307,0.2981122426489775,0.4290402748943865,1.617510312696643,-0.7753936756100404,0.17754392329747234,1.6610412694901568,-0.11020775375559677,0.0023820397041952068,-0.1679624479267815,-0.2620962307572286,-0.4728471736493567,-1.1675455013924954,-0.7165920619460349,1.1341516347932872,-0.139
-0.28331460945470155,0.15252242733405608,-0.6534013285399227,0.3375724570681983,2.414439708161814,-1.0770514432105998,-0.365354012647037,-0.27379113892571905,-0.5661530627405444,-0.33769140353952976,-0.7902042646102077,0.7578268042313521,0.29107289977664913,-0.11020775375559677,1.232224815617665,0.2602232040176509,0.8023701477451528,-0.06679049059444463,1.4788717343638411,0.07030789753639308,1.2803651344983185,0.058
-0.2798107403994114,-1.045958836005679,-0.5268981010661306,-0.3131667860315786,0.6230069708561569,0.0009315059991871549,-1.0991878075320811,0.3212885679225799,1.105044080394362,-0.16297964662757075,-0.8438721225075722,-0.1885110208355976,-0.39261795422330187,-0.11020775375559677,-0.09613266294376348,0.39045613387694666,0.12374408127382587,-0.18562023738051586,-0.7612215380853318,1.051945477951227,-0.9089091826310257,-0.014
-0.2763094947739869,0.11862287074917532,0.07818444417693753,-0.34453762372370556,-0.00512142400177541,0.8213189944914737,-0.8335600931003908,-1.655241674542396,-0.7030143321261446,-1.122897486136181,-1.0391711593915058,-0.9354233922803594,-2.6011157035415278,-0.11020775375559677,1.0040042459870562,0.7955720646289012,1.2183627630847544,-0.4054391109867995,0.7194085029078544,0.7142592775286423,-0.6134727014830312,-0.018
-0.27281086387771714,-0.8328054622568144,0.7391103966766881,-0.9307951092334338,1.0134296959116365,-2.2557570884519653,-2.9206415779980164,-0.8602098074761156,0.24460759309571511,0.15549167688274207,0.7947794032998987,0.38237115621166184,-1.5690970985425905,-0.11020775375559677,-0.4686015892386062,-0.8376354101006982,-1.042337346891538,-2.4579495092162866,-0.05836538664907559,2.339666934625373,0.22545652052469936,0.026
-0.26931483906097575,2.5763341467172833,0.24663027975384497,0.18163470780435229,-0.6058244019952671,-1.2661254988651758,0.9013280672978758,-1.2799455913739597,0.20710843458083592,0.26905674607734154,0.729989464662226,-0.604984201615191,-0.8425058073795891,-0.11020775375559677,-1.1872282581158249,-1.564357521427345,-1.8546471863669052,-0.5401467344060206,-0.9469411598373394,0.10337866866963293,-2.3391596353327655,-0.107
-0.26582141172478957,-0.5187571297661083,-1.062481375838451,-0.479254748637424,-2.464503312903156,-0.11837187222947805,0.26707388149333383,-0.845571001776061,-0.27420409389667655,-0.34529262880089695,-0.5469236654011759,-0.9911718084671142,1.800822552744893,-0.11020775375559677,0.8351254894680267,-0.6001050253561157,0.6907896784410932,-0.6241177472557805,0.9487249087913793,-0.6917001613142515,-0.22750298817524645,0.136
-0.2623305733204144,-1.7573939465375643,0.27877805380995985,0.42218201046061,0.1210203851495652,1.4280701580108346,0.2419044732109174,0.42198258638535135,1.2970273890130068,1.5950093674066737,0.632351371981841,0.5589839966400734,-1.1126841862169383,-0.11020775375559677,-0.662660575175983,-0.4069274998723732,-0.7859417263595677,-0.10077486436329713,-0.690084169612493,0.8049130572155658,-2.071086779977314,-0.015
-0.2588423153489141,-0.025050199969984636,2.549150065054314,0.39954543890836425,-1.5835517093667604,-0.6062387067972331,-1.3746711258713333,-0.431298974567497,-0.08564364984072258,-0.9318828159597212,-1.1584864324539728,-1.3154491656757377,-1.4898195529156129,-0.11020775375559677,-0.12797452775923598,-0.3811312367374366,-0.21497312919597364,-0.7915440631383697,-0.887710196106315,-0.4926634516061657,-1.8675675216424874,-0.111
-0.255356629360746,-0.9149511471665822,-0.5110639579870382,2.3184433888536247,0.6646564110807932,-1.775778135656967,-1.4955977580876727,1.0827887290840954,0.5551388240308013,1.159344318321911,0.8047807984462705,-0.4491203461551525,0.7382644794294052,-0.11020775375559677,-0.5419810986720927,0.08476105185069464,0.14744065941986534,2.436626144395876,-0.28133934031187663,1.175347949397027,-0.043546878191900985,-0.04
-0.2518735069553475,1.4950724406418834,-0.37628173501480033,-1.0184591476736675,0.8807900381722115,-0.17441047548776645,0.2335123637157377,1.5248011858889374,-0.5922913753812908,-1.3065390806135933,-0.5695902728062885,-0.7968951268183659,1.4216707432742353,-0.11020775375559677,0.7969973576228694,0.6319669114920404,0.04087268073813154,0.4804951332372689,0.9870781867845134,-2.2901121409821434,-0.6767675497885103,0.315
-0.248392939780731,-0.4272802826641033,2.0047092791315517,0.08273759799695048,-1.1526454771469485,2.0024665323227238,-1.5301926536762964,0.4919435449435325,0.4607952800382603,-0.3528942782286192,-0.9896856049164408,0.5527185048302244,1.6692746214023975,-0.11020775375559677,-0.02225997639759942,1.4401293821624486,0.26209293953548474,0.08646391532240925,-0.9774666105103559,-0.8992156020359504,0.5638554687053132,0.094
-0.24491491953308028,0.7689974573611793,1.0320391729168734,0.7507433199782303,0.0453667969820983,-0.4908742475170263,0.10749140797111958,-1.5709714529666303,1.17380457421433,0.08730881628715403,1.1943333707623165,0.6960332697448306,-1.4634197921135188,-0.11020775375559677,-1.5136930230724053,-1.4310792161779364,-1.1855992625224592,1.0690846111448884,-1.194058865266164,0.8872906834733246,-1.067338770224929,0.012
-0.2414394379563532,-0.8985384437169233,0.08619317147225135,1.7895503733254725,-0.8529585138068247,-0.03077890233166421,-1.0390989678797244,1.306903414059778,-0.365208442785024,0.9711718863730456,-0.8139889579305171,-0.6527395658768042,0.29955232906967627,-0.11020775375559677,0.5350371021910963,-0.7350180305363938,0.926113249419801,0.37737782898996464,-0.036772364566601504,0.5163307289387595,0.10529833158591578,-0.085
-0.23796648684188768,1.1780547117430673,-0.5585521910169854,0.3600611496201945,-1.0240152995690808,0.4063168743283435,1.0506261301894988,1.6873271091595297,0.21650249593723334,0.07973090335970699,-0.7370829654627421,-0.050110166766589324,-0.2035635955431854,-0.11020775375559677,0.5876460784298453,0.24070736708031745,0.025099426546491607,-0.6073372309451606,-0.19545458518601486,-1.1651080325009877,-0.5161199004326972,0.052
-0.23449605802801188,-0.07560477561690665,0.04616196812507376,1.8549786644118325,1.2778875684702742,0.6419612133732742,0.21672467749045005,0.3987076041672767,1.0313134170053895,0.6167620716474714,-0.7931714406917227,1.4399120602924655,-0.15213837356787974,-0.11020775375559677,-0.42827971003338217,1.2027617649732205,0.10005595470682871,-0.35481219412031223,-1.4578551257884567,0.6153186461590073,1.2953981334260103,-0.094
-0.2310281433996582,1.2394421066424788,1.7472636938266728,1.8222109050800512,0.1965800433424662,1.5954667152518447,0.484778348169907,-0.3414369429060617,2.264118251584626,0.42033615258378537,0.9030025880166797,0.31870379397133164,-0.6170355379511117,-0.11020775375559677,-1.3889964075026422,0.6188931495926234,-1.8049310545517292,0.4890985500889959,-1.878459496177458,-0.9573535449886938,-0.188296671830462,-0.105
-0.22756273488798295,-1.6371933993760144,1.2692798230933438,0.5419177340695117,0.12942052974260299,0.5208987796088803,-0.27217262192327174,0.821104957989342,1.3750579623163957,0.07215258156271553,-0.5243617613492166,1.0078879300321029,0.8137639122170288,-0.11020775375559677,-0.9047669642209527,-0.4520487947533791,-0.6534394822613064,-0.032779800993837024,-1.3168393748525018,-0.18616189041551026,2.0170183446518117,-0.039
-0.22409982446998772,-0.3021214586440165,-0.09769425427311039,-0.9258997290936751,-0.5718192125956468,-1.1112555606663443,-0.4247296495461895,-0.557949396003303,-0.6924035079704847,-1.3678119749146926,-0.8199520369595586,-0.3751453280676326,-1.5162323751362161,-0.11020775375559677,1.2336994299390653,1.0711862868317137,0.8023701477451528,-0.5065105517528501,1.1287069633631104,-0.3600702804890205,-0.043546878191900985,-0.33
-0.22063940416814862,0.5535762727467816,-0.21727078767232302,-0.26590951942398267,-0.16528021902749834,-0.5731822308484655,-1.4351041184209707,-0.3038822498275066,0.2211947052177144,-0.02640292943576246,-1.3389637596937165,0.6712279812650566,-0.2121401234941734,-0.11020775375559677,0.7500974778618135,-0.3746807337254019,1.0180628738688087,-1.4049018304860876,-0.21889964898521827,0.29343657501396764,0.3176073045673058,0.148
-0.21718146605004368,0.28848269174660296,-1.6316162520754431,-0.3549708719311449,1.0713729447884128,1.1143095093836501,-0.2806374747220832,-0.046774068054180565,0.5907175561781463,1.5349909151967212,-1.0329611953797082,1.765354327498503,0.40117797723343296,-0.11020775375559677,0.27984851559437807,0.8938971710255756,0.32147284886271343,-1.2070475640009477,-0.6014173312714944,1.4383495121176846,1.7822704640446683,0.089
-0.2137260022279899,0.9337142655975084,-1.078153365283993,-0.7827652105780131,-0.4699219115880076,-0.9579415202158323,-1.1593392179981354,-0.7207022752196831,-1.486764375246849,-0.4593620668935868,1.1488244945300623,0.43308122280919836,-1.754531229719412,-0.11020775375559677,-0.6899257409922257,-1.310261673028534,-1.0462137995054575,-0.6492756545252485,0.358185880340853,-0.12822295790425295,-1.0496671232354737,-0.096
-0.21027300485868025,-0.6513565430039301,0.6337519800257108,-0.7078316122759911,-1.08400644316424,1.5954667152518447,0.09066875454187928,-0.22103065509041653,0.4426684369968806,0.4581310929514152,0.1969468338791189,0.09342756646921022,-1.5690970985425905,-0.11020775375559677,-0.7988699073903289,-0.7285994501972329,-1.6823651644094633,-0.18562023738051586,-1.146696663225332,1.1095427980305805,0.13816933425991376,-0.096
-0.20682246614282693,0.14404415905700552,0.5043824308987089,-1.0184591476736675,-1.144061046549743,-1.2229497898813781,-1.7468531735549797,-1.4011936580676885,-0.5453042685189249,-0.1250281695579609,0.10044097024480005,-0.6800949647666714,-3.1873692384951675,-0.11020775375559677,-0.4398027789815604,-0.08381666085277852,-0.4463288738534007,0.42031557596744956,-0.3786659567885236,0.6565496731413591,-1.3943118355074422,-0.18
-0.2033743783248064,-0.5187571297661083,0.43175739234427796,-1.2528397343082174,0.37252412736124435,-1.8204757927275346,-0.765214088342456,-0.772213735579371,-0.21413895677222056,0.2614885676959954,-0.2803316997155656,0.6836368976530842,-0.3065881270058807,-0.11020775375559677,0.9290629942407428,-0.43915987801746925,-0.08520747713453727,-1.4952340667664068,0.6172689340943373,-0.02893482889348413,0.3013899471146586,-0.119
-0.19992873369230973,-0.3605891691390725,-0.0018345379103037306,-1.0764295647244149,0.6396700709792759,0.8361446132606609,0.1159009738700886,-0.557949396003303,0.9231175259252733,0.2841918959641649,-1.3063258076167055,1.074073361889641,0.07002602835562516,-0.11020775375559677,0.2754818544599825,0.1172233549069007,-0.7820486552125416,-2.909907817975127,-0.9393049639697221,0.19429703197700654,1.572945526529545,-0.124
-0.19648552457599608,-1.045958836005679,-0.4397515654108818,0.08820459257262112,0.09581299018617133,0.016758416353305373,1.5540870565198357,0.19794588852605333,-0.7242776691785684,-0.003653182445947269,-0.4158617642894628,-0.78310862278516,0.4180928337063941,-0.11020775375559677,0.4634921756555168,-1.7479610473589198,0.2739647299761775,-0.7831891822998387,0.29271235129220574,-0.6087468738376267,-0.6192170053629436,-0.186
-0.19304474334914765,0.9424077068637058,0.5851994740041254,-0.3549708719311449,0.40598033716567683,0.16617439063953351,0.7849686601438257,0.6559754536629467,0.43812886428415715,0.8129237086214498,1.6476711476222143,1.1577538148492077,0.8305246792984817,-0.11020775375559677,-1.862267219216499,-0.7029192687578366,-1.7743145711044879,0.33447992474537647,-1.1391115838236505,-0.3435016831502827,1.5385638405394482,-0.214
-0.1896063824273337,-0.8410292904184339,-0.3604023111394252,-0.8175231870590374,-0.12309178137335196,-0.2548676958687628,1.2243781294742975,-2.00185828903336,0.0838107590531391,-2.0977553364818076,1.6192656184537133,0.028367881764814494,-0.530595399896,-0.11020775375559677,-1.0903676497196109,-0.29722994827957283,-0.5636452045313148,0.6355978539986773,-0.052477734477272296,-0.16132904256225303,0.12174323180902193,-0.005
-0.18617043426807153,0.820919519432653,-1.1486213572355497,0.1320557935635999,-0.97264455531502,-0.02284422515241212,0.4095058553290906,-1.3798562392806444,-1.3597670568145823,-0.6116047808363626,-0.766527533381227,0.6525910961855604,1.6692746214023975,-0.11020775375559677,0.8439270821103542,0.4295690567514978,0.6111988511717548,-0.049788431204724634,0.6152689941701595,1.725600494698081,1.1746500125570742,-0.024
-0.18273689137049562,-2.1549966003686345,-1.4140149953057017,1.0364310715458935,1.1623209573463145,-2.2373962614206255,-0.6713753343654393,-0.8162607106371546,0.0646473348120036,-0.6420740945515907,2.0596791692574965,1.2052912605428903,-0.07511010305752537,-0.11020775375559677,-1.6931843004847786,-2.2579861634347913,-1.3015046083921475,0.6701342122347799,0.0418625366822254,0.12817840977055467,1.2803651344983185,0.024
-0.17930574627502804,-0.6596261153342183,0.8446912172608327,-1.124453028167394,0.7062782038603538,0.09561024065562561,0.28384773202237995,-0.3564403722634172,0.23993143203708328,-0.5583001908684684,-0.021033075743427356,0.33146211215458404,1.0895434658926324,-0.11020775375559677,0.08216689773369328,-0.03198712936378573,-0.7002373614647135,0.7219855995990925,0.3939490897074848,1.725600494698081,0.5053859224481446,-0.086
-0.17587699156305198,0.467819083562574,0.8040567601458021,-0.4843968853969804,-0.3851420967579149,0.29068181044183705,-0.27217262192327174,0.8447839234476165,0.3051064913884425,1.0615240649741,0.8719242071168545,0.33146211215458404,-0.6949648299056215,-0.11020775375559677,-0.983358251781269,0.6319669114920404,-0.23461194028150842,0.9994682350971519,-0.7285569740762885,0.28517671176784143,-0.13803476594480102,-0.171
-0.1724506198565905,0.11862287074917532,-0.3604023111394252,0.9402595175906328,0.4143415601961262,-0.13435926671923268,-0.3484007801882367,-0.06958118880118981,0.4335861440416139,0.034254830287674926,1.6235534055963978,0.2803543723866178,1.4051189614454203,-0.11020775375559677,-1.5504845284089543,-1.119051680609998,-1.3516594930577588,0.6960528878879771,-0.2774402959491066,-0.434644246103134,0.6062129339721183,-0.096
-0.1690266238179883,0.3140401168321578,0.8690878206471572,0.2259255657547719,-0.6738942861160389,-0.873437997343922,-1.5301926536762964,2.263563547798323,-0.858438243480131,-0.48218749170788167,-1.0859677310604636,0.3442080118651255,0.3334536484647806,-0.11020775375559677,0.600804308011434,0.5927521599092782,0.15139091007983352,0.44609729959421607,0.03989447412972986,-1.389689739267882,-0.5561375190394767,-0.028
-0.16560499614959287,0.08475929295717896,1.7224234869809496,1.4876774088599314,-0.23284362822327478,-0.9664182112590964,0.29223293433024666,0.46082462711822,0.16940341507779683,-0.23131862965670064,-1.371781286661023,-0.14222712093108136,2.1118733339184312,-0.11020775375559677,0.3264430901356392,0.14969963481589044,0.9820684007191315,0.9299497012208077,-0.7400895647313006,-1.2732133107099584,0.5638554687053132,-0.003
-0.16218572959344496,1.4243410890604327,-1.9410044703008027,0.18163470780435229,1.054823083502028,-0.4090417578144901,1.8330902140182688,-1.2441296038469225,0.07423555795839595,1.038941127008739,-0.3151870006367528,0.7393217191462123,-0.015290642109745414,-0.11020775375559677,0.10975042344843645,-0.43271455468816716,0.8143357719261382,0.3259051354549021,0.32047437897367476,-0.7829837633894552,0.7167317981861697,-0.086
-0.15876881693096803,0.6137454706146571,0.20647394792777998,0.7859945485292611,-0.09779294771463781,-0.30336932103342396,1.6280509251216906,1.9657863106558662,0.8086159514794966,-0.0795001257482184,0.4680961192749163,0.5276253022298076,0.855654377308426,-0.11020775375559677,-0.28262750011694093,-0.17443123134233668,0.5475921657097287,0.35163429773727545,-0.06032771160501307,-1.248261533450251,-0.27243157211206365,-0.04
-0.1553542509826615,-2.0441377437967545,-0.16947310293283618,0.38260343215794795,-1.2299641419562484,0.5436889805543467,0.551611001381462,-0.24365801804432777,0.06944307483870328,1.4374112773289875,1.1769264021929995,1.4862206642456814,1.3719983665081592,-0.11020775375559677,-0.5333525089382586,-1.4755353888124623,-1.1469137069218909,0.6010865500436425,0.6092698213430955,-2.1231186999468767,1.1240072983235574,-0.074
-0.15194202460779815,0.7776451525441821,0.33508540560233085,-0.24482840391106006,0.3223057685154015,0.024664800379821838,-0.6117416200837503,1.557230411695367,-0.9509208268868259,1.159344318321911,0.35563715006811075,0.8315641157994953,0.12113666076693486,-0.11020775375559677,0.029933611314744698,0.6908257475229367,0.511839252351304,1.5942826875946627,0.6012724343078494,-1.0155061044859357,0.867763011898639,0.009
-0.14853213070412416,-1.4197396177124426,0.8040567601458021,1.0485199014477802,0.53962475027758,1.2437429703702816,1.8740255202355365,-0.6616699665315479,1.4975424142193507,0.12519225709397738,0.279461887262847,0.7022267502402217,-1.0166483852731452,-0.11020775375559677,-1.3194489803465528,0.1691921014466776,-0.8676392470911642,-0.3632542203683548,-1.867378282975145,-0.8493947504571268,-0.15477041834870575,-0.056
-0.14512456220756142,-0.31883731461762105,0.4156326173613752,0.4733126839088888,0.6813084403476568,1.1287647900372244,1.0340543431957563,-2.199557594011893,1.6245357906232825,0.4505728980308603,1.9164942705114087,1.709019569331049,-0.023831362932751187,-0.11020775375559677,-1.950832997239671,-0.09676839532701735,-1.6670257262484136,0.257364480180488,-1.0726585539309375,0.9119974617021183,1.9646599236828532,0.123
-0.14171931209191485,0.4506955715274876,-0.7401981531865731,-0.17066385172278653,1.2118748324703263,-0.4253702472599824,-0.12845740607005451,0.8132169022162388,0.06944307483870328,-0.1250281695579609,-0.8199520369595586,-0.40200269861447363,0.3757935469237381,-0.11020775375559677,0.6929787285815726,-1.7036907509921746,0.10400338845499515,0.24024536795507168,0.8218266043262124,-0.45950777724252717,0.13816933425991376,-0.01
-0.13831637336857844,-0.11767282306871489,0.36728898560827633,-1.3420871485131738,-1.135477918463362,1.922374971519934,-0.18759158722235703,1.4358174364408223,-0.42648600004017506,0.2160710331355669,-0.2616740055161726,0.48989185422292464,0.018855805741284256,-0.11020775375559677,-0.26241282121950776,-0.10971786722028554,-1.073341968641223,-1.4788265613318583,-0.056402948798614495,0.17776929130421987,0.5691578064492333,-0.106
-0.13491573908625037,-0.980520152789841,-1.7323556540255185,0.21483328241315844,0.16300952912765665,-0.22262801054515804,-0.001940183317280823,1.5086008559512072,0.34206863881944594,0.6620534441014204,2.024387025473564,0.4077510793765195,-1.3052970080341224,-0.11020775375559677,-2.0602904883105464,-2.533272405144594,-1.9615775909035758,-1.5280269484173954,-0.45825829927875184,1.2493526740367351,0.41987102902600637,0.051
-0.13151740233064507,0.890283400149814,1.1546066176855294,-0.5356599942743816,0.6479999582299185,-0.21457992467546305,1.430635196204204,-0.32642296698921736,0.040619732260638704,0.7450512471507078,-0.4684130572669685,-0.32826229457153583,0.7550529119459615,-0.11020775375559677,0.7134777694794935,1.0317550709288863,0.23044509298505275,0.1376661239293557,0.621269137330627,-0.21099754869866807,-0.2893130682906588,-0.113
-0.12812135622421258,0.6999017101049001,0.447887294548071,-0.4276740968084238,0.6230069708561569,-0.3357985299811655,-1.1077770436325838,0.22872046527108295,1.900420099429019,0.163065515556302,0.2230727059054001,0.6401508391598425,1.3139824349637226,-0.11020775375559677,-1.370552973147029,0.7039114595226523,-1.2551697637474128,-1.9354142512439012,-1.9024526176222982,-0.2523965463731236,0.7376725368681419,-0.157
-0.12472759392585657,-0.11767282306871489,0.52861396082779,1.0122985191321858,1.4755240394542777,-0.4744697307401828,1.3811913209637756,0.3599664653169398,1.0805733254324736,-1.452110898293474,0.5382279490870943,0.9595123099845104,-0.3323803341749484,-0.11020775375559677,-0.655483601991628,0.1302121910233923,-0.4854585664693598,0.10352482215139618,-0.8206977436550142,-1.1651080325009877,0.47338267211616836,-0.101
-0.12133610863066005,-0.31048046784788863,0.2385964930587774,0.6515627257400626,-0.308944051733906,0.1270191293483446,-0.1031323428497906,-0.1530073705542427,-0.5975293614833587,-0.1250281695579609,0.24196223436151792,0.09991657820130075,2.1526597191705084,-0.11020775375559677,-0.18438462109411846,-0.7157605310573047,-0.33271619712801676,0.11205771306331719,-0.5395892857948913,-1.681129563363469,0.5373110545032089,0.168
-0.11794689356960919,-0.6016950173363558,0.33508540560233085,-1.1769822548903752,0.10421661623538982,-0.6975371653686065,-1.2539884291413375,1.8753998495113873,-0.041685768139808066,-0.37570177434291274,-0.9254065043330656,-1.953357302575447,-0.530595399896,-0.11020775375559677,0.581798744140007,-0.9528993847038207,0.40469255067849885,-0.9249849935599175,0.03989447412972986,1.282234767648996,-1.07323310137998,-0.063
-0.11455994200932297,1.7796460473471896,0.8690878206471572,-1.508756721725397,-0.17372147189282175,0.9394043205003273,0.22511909887283305,1.9328857926563714,0.16467577765340555,0.4505728980308603,0.34877672917933955,-0.9981538845503186,0.010321661683709122,-0.11020775375559677,-0.003416880178899652,0.3513630453493608,-0.9958004460392397,-0.007254553117178594,-0.0308809905187051,-0.8410923249474438,0.20913117272089052,-0.02
-0.11117524725178264,0.20343946776163135,0.21450269566748545,-0.009715572295638266,-0.17372147189282175,0.4675581398881941,0.9926064704634752,0.259535818421279,1.5352277147275941,0.7148756605751486,1.2133425451923145,1.3291056364548561,0.9560365957461064,-0.11020775375559677,-1.5688715716712256,-0.8568593819203036,-1.4094771170055216,-0.16866440271798122,-1.2224392367866759,0.2769165269943688,1.6512075204441334,-0.262
-0.10779280263406868,-0.10926362159849921,-0.8740621996150201,-0.28694263041691787,-0.742043928428957,0.1191739657967655,-0.6969520707655834,-0.6616699665315479,0.9231175259252733,0.5639043459191458,-0.7429584520482816,-0.12243714001924738,-1.182642086332097,-0.11020775375559677,0.1286297007477193,0.8348875765257533,-0.5714585216364639,-1.1491441914811904,-1.311184120043974,0.6812843397518479,0.5107122097124779,-0.12
-0.10441260152809284,0.9163346571697282,-0.8189821912544936,0.21483328241315844,0.39761798319259795,-3.1119089045096087,0.42624096260908423,-1.085709732655961,-1.734169405680097,-0.6801705373088534,0.14174525485448772,-1.5808635663702586,-0.7122994951694914,-0.11020775375559677,1.5869403552723007,-1.35479897608109,1.8428063855522827,-1.3061052580782861,2.4404958072386993,-0.7248899673785046,-2.0153898151469662,-0.035
-0.10103463734034149,-0.4439316316210933,-1.0311237884303512,-0.11732345002440195,0.7894392410216087,1.0344752617167097,-0.7993765758592479,-0.2134829648833116,-1.2175926327619235,0.427895934308028,-0.013491760504156992,-0.9354233922803594,0.12113666076693486,-0.11020775375559677,0.44744088193801146,-0.057906410610076293,0.17509733558876586,0.8865504993908598,0.7595393692225847,0.14470997888314788,-0.18270388181856156,0.131
-0.09765890351161502,0.03403114276698034,0.12625549936070748,-0.2553749734821572,-0.7249990129275343,0.9099942824141688,-1.073427765090066,-1.1650881811029348,1.5651748688008373,1.737460602548324,0.33271898645164516,0.28675369644571774,-0.29799392225722976,-0.11020775375559677,-1.1445146171674925,0.10423675508576268,-1.620982566683368,-1.066273088318177,-1.8341064155631772,0.2438725759707447,-0.49899908308744995,-0.07
-0.09428539351677068,-0.4439316316210933,0.07818444417693753,1.7700052839134757,0.9637221960553531,0.13485958825366387,0.19993236032875214,-0.34893997652050457,1.0230620334302551,-1.889852671222461,-1.120534853363609,0.5024821501077709,1.50434496722077,-0.11020775375559677,-0.12363333694849352,0.7497285146334862,-0.1953283458581218,0.9820794117234735,-1.3206089221859203,-0.6502197213536997,-0.09905632983843601,-0.057
-0.09091410086447117,-1.2333759168496985,-0.15353079975079437,-1.1960073205882955,-0.2581996307814168,-1.5981991305817957,-0.5691847505929758,-2.1724310225943717,-1.8663879976972195,-0.10226227882988585,-0.7048874885050715,-1.0121270475929625,-0.5478709152381331,-0.11020775375559677,1.843625751546882,0.3839392406274935,1.7094197798860167,-1.4295599134436774,1.6920696004969658,0.49157639648889406,0.011756901465531717,-0.119
-0.08754501909693427,0.28848269174660296,0.7391103966766881,-0.9990520637555533,0.11261908093497987,-0.279097187039652,0.5933452430749303,2.0894951494283633,0.4016988559888092,0.2614885676959954,-0.2193171137588819,0.22262101006790402,0.8807703727323043,-0.11020775375559677,0.04298821660561875,-0.2067666231709484,0.25417957816792064,0.14620550364194354,-0.5144373978491036,0.4585660599107152,-1.2330916615106435,-0.209
-0.08417814178968036,1.3713993408696963,-0.19337741893769644,0.8628184219965617,-0.5123576229153597,0.4522758890099038,-0.33145252104491074,-1.3869715434126593,-1.0943456317959912,-0.6268385679166211,-1.0828357569877758,-1.3796344331268096,0.052975894612194235,-0.11020775375559677,1.5351105241733574,-0.4262686549987367,1.1902871566915487,1.2697727600752904,1.1875317943866897,-0.666810987285113,-0.24433606136996391,0.084
-0.08081346255129099,0.8816044814237256,1.1300686739064447,-0.5917193038513601,0.28880408885005276,-0.9410025098032225,-1.4264671128954372,0.4763790593842871,-0.2241163652984295,0.14034278052902377,-0.4351550219762353,-0.7349509660630701,-0.39261795422330187,-0.11020775375559677,0.1591378555833894,0.5143815707899001,-0.1717467310789469,-1.0164650431689688,-0.3008276756703916,-0.07857323540956207,-0.8564084428246777,0.078
-0.07745097502316145,0.14404415905700552,-0.34451808828164565,1.5447750757155472,1.054823083502028,0.8657401494897404,2.1354490789713965,-0.046774068054180565,0.8214470472898427,0.17821197519842275,0.32811815816639806,0.577761721811061,0.07854861296897135,-0.11020775375559677,0.05894721160427211,-1.1892250331617538,0.26604996994338426,1.3485198484541476,0.12856804439874023,0.4172958260914007,0.11626368559375548,-0.18
-0.07409067287926109,0.5621648351759793,0.9912510133255832,-0.05290808907260167,-2.4381247592667936,-0.949469619942054,-0.5011602346726646,-0.4013872822232713,0.41993908438516797,1.377331541624491,-0.9559209551263401,0.31870379397133164,-1.130164713597797,-0.11020775375559677,0.48100678595148805,-0.43915987801746925,0.13164200209276922,-1.3390665714227152,-0.03873593049465621,1.3068927349091943,0.8054880387431428,0.013
-0.07073254982589407,-0.7009425762334103,-0.2729795297988106,0.9283050022307425,-0.7505682668720988,-1.4925807878490804,-0.5776935591125738,-0.43877027195182877,-1.480953275010512,-0.9777006673095813,1.2253640617804973,-1.5808635663702586,-1.3842991435450969,-0.11020775375559677,-0.3663085928356392,-0.5035813651008387,0.5555397871465813,1.3135061543203175,0.9467073696919136,-0.7746837444895512,-3.117049070619928,-0.078
-0.06737659960146179,-0.34389489667076456,1.5489021180741933,0.23147661386531815,-0.20749839794091954,-0.22262801054515804,-0.6117416200837503,-0.18326605674838142,-1.0610339167715621,-2.6771999459513642,0.16584178825097246,-1.6750825363857684,-0.6776363521865765,-0.11020775375559677,0.4795470714795037,-0.32951113907635204,0.826303438219384,1.53273304449617,0.7916748284783883,0.43380489350105894,-0.868061849099687,-0.11
-0.06402281597622775,-0.01661667975679744,-1.1877308045320822,0.9104009180116425,0.8309786807860237,0.8952614536799318,0.5599600687003802,1.0191054930906482,0.8000467252200938,-0.2692994171367511,1.2912788899824998,0.35057630342117113,-0.06655955573981712,-0.11020775375559677,-1.5815976557435372,-0.32951113907635204,-1.6286590118988487,1.3485198484541476,-1.2356739028439145,-0.666810987285113,0.721970291336163,0.268
-0.06067119275208721,-0.08402279650845652,-0.08172993334335621,1.506673289338261,1.7381154197747721,0.4828216893599729,0.8182357088761089,0.3135605895247321,0.5058927336794077,0.2766245220815355,-0.11774517289449773,-0.28152878286707944,1.3471429711284721,-0.11020775375559677,-0.600912387784348,-0.4520487947533791,-1.081090622747854,0.9473201378734982,-1.3036420380297291,1.282234767648996,-0.05463234809187602,-0.118
-0.05732172376233511,0.14404415905700552,0.16634905642613088,0.5419177340695117,0.14621734351203236,0.00884731844577791,1.414157933517686,1.597820428571688,0.7785705122252354,-0.3833051232708755,-0.48233932707953386,0.8438095946659643,-0.8772857070793778,-0.11020775375559677,0.262383498712682,0.16269405480275131,0.06848495042827826,1.1387983915779871,0.11475952395005759,1.9223225619349542,-0.03246963512530559,0.054
-0.053974402871438926,1.7082531633643245,0.641848623477331,-0.6776840415445943,-2.0353012622204605,-1.292088681072086,-0.45868618058930144,-0.7869069181161213,-1.1613556724537242,-0.5506869807284628,1.552315700584267,-1.2160858071772778,0.47724405646711376,-0.11020775375559677,-1.4145239994716166,-0.844043990972963,-1.1236903085540562,0.12912836493884639,-0.535721050250842,-0.8743038274327513,-0.10461854698687166,-0.063
-0.050629223974811885,-0.24354770821274385,-0.30478649446509865,-0.6170873904669759,-0.3936146016311163,0.20521211848766263,1.2739378778036157,-0.61728267234975,1.3905270750753966,1.121728655266193,1.0110626892659171,1.5667649442317535,-1.4546227789555761,-0.11020775375559677,-1.3535231806331827,-0.7927588372392755,-1.4941724258884395,-0.6827954648679389,-0.945032291957339,-1.3480844470572138,0.7846608948925867,-0.015
-0.047286180998590575,-0.3605891691390725,0.9097754560550769,-0.069053792120065,-1.135477918463362,-0.6145147340606015,-0.5947150213237375,-0.6616699665315479,-0.8855332445703151,-0.5202384566409041,0.5813402646298211,-0.9981538845503186,-0.06655955573981712,-0.11020775375559677,-0.02805680731840778,-1.3865930830639563,-0.12062380975598379,-0.48126556390916975,0.5174042891612487,-0.1944401311166053,-0.060178165501429036,0.039
-0.04394526789941269,0.9946193981869423,0.7309980328597981,-0.5407705374788696,1.1871026558274897,-0.873437997343922,1.1334222991950544,-0.23611818287882091,0.20710843458083592,0.01151125614991967,0.792775183471709,-0.3550343017410625,-1.4722182594805486,-0.11020775375559677,-0.7343860408135977,-0.6386778708252349,-0.6261244532216075,0.01828543360381872,-0.24818284833904075,0.2769165269943688,-1.6842395137950377,-0.176
-0.040606478664196935,0.35668163830491845,-0.6534013285399227,0.9342804114874277,1.0879185328744239,0.9760626382245783,0.3425201007222059,-0.46862892114286403,1.8090580164427572,-0.3833051232708755,-0.8588773380113647,0.09342756646921022,0.553180373974043,-0.11020775375559677,-0.4398027789815604,-0.477819702628695,-0.2738716211908892,-1.4788265613318583,-1.1959517533765007,0.3016961165652522,1.2099832120879135,0.065
-0.03726980730992604,-0.47720870430314616,1.2692798230933438,0.2592810458690334,-1.0582882035306844,-1.0855952715460717,-0.38231222936688974,-0.08477297135174516,0.7699587396344985,-0.7411475841182282,0.4901655045212043,0.3760184014880275,1.1977391426136414,-0.11020775375559677,-0.7444211695981297,0.1367074472013444,-0.14815653557917363,-0.13473285697252782,-0.6997068135078383,-1.364725689750331,0.48405908597107267,0.021
-0.03393524788343149,0.4592561673553833,1.7472636938266728,0.7683527627304189,0.6396700709792759,0.4369749313625937,-2.3048994724877963,1.0191054930906482,-1.1725742641349859,0.1857845966866603,-0.9559209551263401,-0.4289088040558405,-0.9295012423370806,-0.11020775375559677,1.5010695038195614,0.19518986113521755,2.1224654150734708,0.5235280233523809,1.5771342851012828,0.5163307289387595,-1.2509380620919925,-0.063
-0.030602794461179358,2.2297098135792113,0.39145505307139694,0.9104009180116425,-0.622834423169366,0.21300556733127937,-0.7225405230422178,-0.6394884118129822,0.5907175561781463,-1.3524909643271446,0.5011478543741728,-1.0331093123244184,0.2656247422491438,-0.11020775375559677,-0.6770121103577399,-0.33596565902085945,0.1671942566265648,0.74793232311557,-0.690084169612493,-1.0404330922879776,-0.827308559623398,-0.051
-0.027272441149059808,0.8036025867341607,0.21450269566748545,-1.4995795162304988,0.40598033716567683,1.3928637437101112,0.4346068228437693,-0.46116824240618737,0.48789135227757774,0.32958770898088563,1.1293244372646782,0.3696625382959482,-1.4194492881056622,-0.11020775375559677,-1.623997761941296,1.2291022706929586,-1.0074380385374833,-0.7998972059488972,-1.5159350493716703,0.21082349386278776,-0.379652925980327,-0.163
-0.02394418208217772,0.9685026026556411,-0.8819261633397516,0.15405854458282445,1.145794525359142,-0.7810366974787308,-1.2626004741338777,-0.3564403722634172,-0.6712234911382592,-0.5887573566954648,0.8424876398748926,-0.5913670842067088,0.24865105972140888,-0.11020775375559677,-0.18872190327892266,0.3513630453493608,0.47213566929593737,0.9994682350971519,0.41582184097466257,0.1695049418359604,-0.5332584833096362,0.017
-0.020618011424642736,-0.5353616338176468,-0.09769425427311039,1.0364310715458935,-0.47840660401859475,-0.38458463558668343,-0.5096588449360827,1.7689449361497547,-1.734169405680097,-1.122897486136181,-0.2537014708413302,-1.1173083752684718,0.09558881110211118,-0.11020775375559677,1.4862736662341756,-0.9592973079984247,1.5964290932165002,0.46329304779805003,2.0677836113191312,0.9943315997279044,0.5903452995176377,-0.029
-0.017293923369367505,-0.6016950173363558,-0.9055111571519658,1.0485199014477802,1.5330555002745758,-0.2548676958687628,-1.8337288429933882,0.18257391377228682,-1.3197295502259923,-2.244275289164043,-1.2415861242603627,0.06744067849878468,-1.1389072168000345,-0.11020775375559677,1.6996021932394838,0.6777422049556716,2.0859301794823,0.5063101274054594,1.3563747065552658,0.4007854617645252,-1.0496671232354737,0.033
-0.013971912137859978,0.4506955715274876,-0.40802621079072227,0.09914816696927031,0.07900225057450527,0.9760626382245783,-0.18759158722235703,0.3367521291089267,0.4653191357162229,-0.1250281695579609,-0.6757941660040911,0.32508450509788683,1.3968409438435554,-0.11020775375559677,-0.2205200841524239,2.2228723610922594,-0.018257547608642344,1.5854854567080896,-1.1770173292434667,0.0620394112582555,0.8158886470946578,-0.216
-0.010651971980023888,0.15252242733405608,-0.4556070877880412,0.587930594145285,0.5646511176694116,1.0271898741141312,-0.2214093125456898,-0.29636341480178335,1.1253555844418313,0.37496910968472125,0.9490043796097284,0.8070353624098917,1.4712921678308974,-0.11020775375559677,-1.0119122516422703,0.43608980268924974,-0.5753648150553345,1.6470969742280839,-0.33782384564698786,0.5740794098754994,1.0170084433127986,-0.134
-0.007334097173959224,-1.4197396177124426,-1.4996034776111764,0.6515627257400626,-2.14883244538377,-1.17129767359319,-0.6117416200837503,-0.7059603812014249,0.3742437297719774,-0.13261763165829574,0.07348527363299691,-0.5777620950318191,0.48568780840852466,-0.11020775375559677,-0.05993057724457053,-0.8376354101006982,0.1592921146654823,0.5321393384968958,-0.4175158286611033,2.069728618409025,-0.476199005472478,0.001
-0.004018282025761299,-1.0704648977859115,0.828433456807549,-0.494672505401833,-0.1906075501862074,0.06412603534382745,0.8514855212588975,0.021787016769170723,0.21180707285385608,1.6475065185790656,-0.7813128553684999,-1.0191181336156436,-0.6343422878330462,-0.11020775375559677,1.0495933647077804,-0.6386778708252349,0.3967624599833836,-1.5935238963860099,1.124653309670825,-0.6751070754255677,0.17096502806349725,-0.267
-0.0007045208693276911,-0.3021214586440165,0.34313439143171237,-0.22898595585554873,-0.24129443093751546,0.49044645274515936,2.86567100940837,1.4843182356942946,0.43812886428415715,1.106679764223903,0.24431686399867752,1.1815480178473357,-0.8164369223451714,-0.11020775375559677,0.3861873242759139,1.1369475164516236,0.013271963189873925,0.9560076575659958,0.46956550913775263,0.26865602086087415,0.3338055027590829,0.052
0.0026071919338387455,-1.0704648977859115,-0.5980932483296019,0.8568870834827956,0.4561307400108085,0.09561024065562561,0.8265497752686352,-1.0712412263541728,0.23056948791576673,-1.974510236914363,-0.7517842621269178,1.2938738758189634,0.4350012301004791,-0.11020775375559677,1.008414888937712,-1.5516760280909185,0.6828264812395514,0.8431897987841971,0.7575318103052157,0.21908624484661998,1.439845557701094,-0.181
0.005916861994821248,2.003838444875944,-2.4707412018547106,1.5702581411615424,1.2118748324703263,-0.4908742475170263,-0.19604418844012608,-0.09995437122118675,-1.2741904703164644,-0.7335239185905861,-0.5980712411926398,-1.9902894281395132,0.18069003615703672,-0.11020775375559677,0.5043662596822425,-1.684708432282227,0.9740721038312049,2.0803770111919704,0.6472809611357581,0.5823279128281189,-1.8246463016033079,0.125
0.009224494897482477,-0.13448462579003215,-0.16150256112888656,-0.41732307398093277,0.0537774093518373,-0.9071819579000969,-0.518158724985024,-2.4883854914629246,0.31899116494887914,0.5185824142471913,1.6206959411671809,-0.893738403590629,-1.2877571456537016,-0.11020775375559677,-1.0447330422371814,-0.20030068218526806,-0.5792708649836082,0.765237911196745,0.00842073101678159,0.6730397804235999,-1.3523841411232422,-0.234
0.012530096198649416,0.9337142655975084,-0.748081779362708,0.17059452408134917,1.7381154197747721,0.4063168743283435,0.16633379483876073,-0.6912076914253048,-0.7884020156097332,-1.4981160384135261,-0.8890154179918484,-1.5015313588063532,0.09558881110211118,-0.11020775375559677,0.848328270775888,0.5992865901023915,1.042069303131464,-0.26183924599357716,0.39196131395250156,1.0272558396744038,-0.7692533020771711,-0.028
0.015833671428306696,-0.9067458202846018,-1.7710531019090454,-0.04751996060541505,0.47283852409456884,-2.0457853657073737,0.884718163921332,-1.7739116350023918,-0.3398199414093157,-1.0923161576620388,0.7402023392843432,-0.10925915514117049,1.0895434658926324,-0.11020775375559677,-0.5060210809866209,0.4556553375018901,-0.23853898528980366,0.6960528878879771,-0.119144885782798,-1.4895720937064012,0.7533549969740082,-0.26
0.019135226089777562,-0.25192190043392765,-0.5189816216709949,1.355722403051609,-0.08936236926853,1.37168483185891,0.5349095305314334,-0.3564403722634172,2.3526410863782514,1.5349909151967212,2.1611425351595597,1.9379232148586911,-0.7036313896586527,-0.11020775375559677,-3.2426174259150615,0.7890213662901161,-2.3607149507552054,0.11205771306331719,-2.3576736456136587,1.996040201144116,0.43594715991752403,-0.182
0.022434765659910434,-2.4697631632544703,-1.289284267676832,1.0183260284195266,-0.4359953625090368,-0.44171773578072754,0.41787397381774777,-0.0010899337431420082,-0.0954483501738092,-0.208535198946595,-0.16433108552062728,-0.4558636123875924,-0.5392323738123869,-0.11020775375559677,0.24783263558247465,-0.9144993789716205,0.10400338845499515,0.3259051354549021,0.19176215461084148,-0.7912840836264656,-0.15477041834870575,0.046
0.025732295589261857,-1.135725618922261,2.6250425133419952,0.13755164547760462,-1.6181691083729126,-0.5484398706410928,-0.18759158722235703,-0.8162607106371546,-0.8476248562390216,0.034254830287674926,0.1514016068089517,0.2995430416476769,0.20618788453510714,-0.11020775375559677,0.42847582032719145,-0.08381666085277852,0.6350664914791739,0.3602138795357213,0.7053728136214906,0.3347310624656026,0.7585781013893624,0.102
0.029027821302276584,2.311441664532274,-0.7244274103951812,3.3667561785772224,-0.1568401558100561,1.7874373920675735,0.014908463077466442,1.3551741842931881,2.05766795492694,2.4552672692115345,-1.0703253136486395,1.4283027679860962,1.9647719502002121,-0.11020775375559677,-0.9090563188215458,1.176429714450339,-0.5987974604757389,1.3397641799732025,-2.3286741225210132,0.28517671176784143,0.6431605938641952,0.145
0.03232134819746657,-0.7751808094173579,-1.062481375838451,1.121370581280838,-0.3343325198912493,-0.6642709766233477,0.03175236108218807,0.6873443680062447,2.130919214826727,0.4581310929514152,-1.2577042128589355,2.426252257358835,3.9093505016327152,-0.11020775375559677,-0.2710770054928485,0.8217802505550734,-0.23461194028150842,0.6355978539986773,-1.5309036796405073,-0.07029938089302337,1.5876539243016936,-0.089
0.035612881647589675,0.502093989043206,-0.16150256112888656,1.42462092069454,-1.0754324029325284,0.9467452466412237,0.20832909837454194,0.3367521291089267,2.0543085266310595,0.3976544224685209,1.4130658685284994,1.346678316085625,-1.5250395471890306,-0.11020775375559677,-2.2855302463181673,0.20819208211776957,-1.463388454717014,-0.42230126820625935,-1.8876902407105276,2.061542464380081,-0.4648108458996567,0.053
0.03890242699982499,2.7511760613397374,-0.2650247696110587,-0.3861998317903361,-2.0440258672046574,-0.26293945591872103,-0.010366290296547365,0.2518281612667327,0.6437137608870521,0.8053838661014857,1.473868212162292,1.0500503250597593,0.12113666076693486,-0.11020775375559677,-1.9718993534636207,-0.9848830567469202,-1.8890401284457607,-0.23644788889901883,-1.2129821977786925,-1.0487426821522698,1.9980013113774957,-0.024
0.042189989575948425,1.6370273580366048,2.2551973694091987,0.11010454216944815,-0.5378337754630451,0.8731274330849337,0.6100311887406983,-1.2799455913739597,-0.7296021969506858,1.744954445572752,1.7357632943721015,0.7393217191462123,0.03591915025489451,-0.11020775375559677,-1.7876511017090952,0.4556553375018901,-1.3400890978835556,0.27449002073973583,-0.6669777591723928,-0.3932111818990197,-0.038007227783118866,-0.081
0.0454755746725044,-0.2686637646970736,-1.1016528600262243,0.39954543890836425,1.61515597271362,-0.873437997343922,-1.056260802126153,1.662887792610662,-1.7401399612459336,-0.13261763165829574,-0.5610780055302009,-0.14882991345784322,0.922600037998006,-0.11020775375559677,1.8094524588587635,-0.28431346666151486,1.302654971684394,0.22313269179214157,2.304791589534724,0.2273486756366279,0.3230088342987634,-0.043
0.04875918756097805,1.7796460473471896,0.1422891688051499,0.5591465382987293,1.0961897263243994,0.5664371637822272,0.951132204211132,0.695192810814072,-0.42136088412737127,-0.01123601929558608,-1.0985130988793934,0.08693547010150161,-0.24646235437536906,-0.11020775375559677,1.2838531830093072,-1.6403946241229557,1.3187217290209714,0.07793590138678906,1.005258799137092,1.618957416326704,-1.0261314333524534,-0.137
0.0520408334879658,1.143030846967152,-0.8425948297528915,-0.9649883844432992,0.6646564110807932,0.040463429423095276,-0.38231222936688974,0.3599664653169398,0.16940341507779683,-0.3148902699277597,-0.6238449007639556,-1.096218134063746,0.7802239926787239,-0.11020775375559677,0.5905699227855574,0.6123570851294818,0.7624994974868963,0.799867709037218,0.21944532685341223,2.9190667339028193,-1.9228806839551245,-0.034
0.05532051767534248,-0.8328054622568144,0.5609407655561345,-1.2905271012621011,0.43941845186624123,-0.6476664954928814,1.058910450082955,1.1306534047247776,-0.45216257145963296,-0.049156389770731404,-0.21141985527279455,-0.4626099205561715,-1.235172970993677,-0.11020775375559677,0.8512625418169298,-1.1126686808346125,-0.45415674852564397,-0.8583204434060683,0.843953121891733,-1.2732133107099584,-0.7982568096681819,0.182
0.058598245320428524,1.7260856759641252,-0.9683540205374415,0.19268787866947665,-1.1612312113211827,0.8583482263918364,0.3927662246863511,-2.354672606825149,-1.0610339167715621,-2.4759967063144632,0.8444591657068033,-1.5231317840654726,0.08706954099036907,-0.11020775375559677,-0.11350280855075612,-0.5293337686014148,-0.3797529262136003,1.0690846111448884,0.6933464027703908,-1.856162197426651,-0.8331246890838825,0.078
0.061874021596157694,-0.45225410054107656,-0.3206827422028525,-0.3758019540280372,1.7135418015034407,0.6720403190158525,0.9262349230603368,-0.46862892114286403,-0.3246273336636371,0.5261370533546931,1.1681777818185108,-0.5777620950318191,-0.8859844936872017,-0.11020775375559677,-0.8632880366018922,-0.2713946987829037,-1.6094659620916272,1.0342642203176384,-0.30472396452986933,1.0848602638981057,-0.7113914538602918,-0.093
0.0651478516512383,-1.605067075577586,0.1422891688051499,0.4676178795737973,-1.4452988186975368,0.18961112606309607,1.1416961860368344,0.19794588852605333,0.11722157517476703,-0.664930651371709,1.0916869399805202,-0.6459082840952172,-0.5651526959718134,-0.11020775375559677,-0.13520922651566897,0.11072977536111975,-0.6378323602113305,0.6010865500436425,0.5872811622262128,0.8955266107085693,-0.39664867340762877,-0.169
0.06841974061031704,0.6999017101049001,0.43982170210405586,-1.6181415905471281,-0.35973185985161965,-0.30336932103342396,-0.8934316469565443,-0.16057595460416377,-0.24911837890074923,0.36740654143768436,0.16584178825097246,-0.7006432856836367,0.02738830236548199,-0.11020775375559677,-0.595165358186982,1.2291022706929586,-0.34055805797628974,-2.593337287333263,-0.6611984977933372,0.3264728093723234,-0.021400627241746566,0.044
0.07168969357413964,1.3449626210628733,-0.12960819011501204,-0.04751996060541505,-1.5230235377750747,-2.702286535510855,-1.7642187069154933,0.6246463606908851,0.06944307483870328,0.427895934308028,-0.5131199767760452,0.6836368976530842,-0.3151839313854066,-0.11020775375559677,0.17657710160495194,0.9857762397310598,0.24626714970656272,0.10352482215139618,-0.2696408309836105,-0.02893482889348413,0.45735183376815197,0.114
0.07495771561971241,2.2932597185272634,-0.34451808828164565,-1.008760853109546,0.22174583103058781,0.5588591035535029,1.3069572466859767,0.3212885679225799,-1.580243103735156,0.4354553189578886,-0.32596556321723247,-1.2302447289324008,-0.7383130749972022,-0.11020775375559677,1.1894733543902507,-0.6772297216556145,0.45229252663473624,-1.36376846729465,1.5382106345561597,0.28517671176784143,-2.1020913598386812,-0.076
0.07822381180045818,0.5793489898061582,-1.0703179369933378,0.8213755406992527,1.2201301121255865,-0.5731822308484655,-0.3060394334631199,-0.08477297135174516,-0.5818257310299767,-0.03398700326229202,0.7666004719566049,-1.0611276833173917,0.5025705137689988,-0.11020775375559677,-0.04109787762667457,0.24721209095010377,0.35316352843557663,2.195909120483283,0.4456696201456213,-2.2233014102443422,-0.6192170053629436,-0.023
0.0814879871463755,-0.19325680939573334,0.05416572383290116,-0.5764645097239907,0.1965800433424662,-0.7726652564922749,0.1159009738700886,0.821104957989342,-0.2842618557848,2.313454784488333,0.2817932866678954,-0.625432609597573,0.09558881110211118,-0.11020775375559677,0.27839293175170177,1.2356887169496549,0.218581002081254,-0.02427302436502712,0.7374620986446296,-0.9407412105105388,-0.9381432641052568,-0.096
0.08475024666419241,0.20343946776163135,1.236488602962561,-0.3497557257142365,1.9588706880509783,-0.006989021644317419,1.40591779265956,0.8053313145085714,0.21650249593723334,0.8656918467239025,-0.7842749725586399,0.9595123099845104,0.4350012301004791,-0.11020775375559677,0.8351254894680267,0.22769958563645595,1.1782580965916845,-0.28721558622250004,0.7474956183305308,2.061542464380081,-0.17711312290079273,-0.19
0.08801059533752308,0.7603521503974011,-0.19337741893769644,0.7448806762342549,0.9222696401073114,0.4063168743283435,-0.6202568493008707,-0.61728267234975,0.14098912667720903,-0.0795001257482184,0.13206520836841898,1.193426011711503,-1.4898195529156129,-0.11020775375559677,-0.23063452617990327,-0.10324341419717509,0.5714377868745079,0.24880412004351296,-0.6187848112666245,0.36776084780118845,1.5974506956649466,-0.065
0.09126903812701843,-0.980520152789841,0.12625549936070748,-1.416551412437345,-1.7221525087807055,0.13485958825366387,0.16633379483876073,0.9714455925736741,0.3604734334551239,0.12519225709397738,0.4280179209721036,-0.6869413800001392,-0.6170355379511117,-0.11020775375559677,-0.9147750000998098,0.6450428494559189,-1.3130826195561947,-1.4213423834060894,-1.403412629558055,0.37601748653137185,-1.1086387431063602,-0.074
0.09452557997051869,-0.7091995991054215,-1.2424369111466276,0.38260343215794795,1.9833541237394585,-2.2833349458410743,-0.3145092243162619,-1.877920713269957,0.5773988262012826,-1.0770282171875039,2.0834119628449614,-0.04355341519137319,1.454757334720807,-0.11020775375559677,-1.8481962667678615,-2.3206616806151175,-1.8049310545517292,0.8778752756736751,0.05761107125046861,0.2603951935344961,-0.47050393496669296,-0.116
0.0977802257832047,-1.0050748904445272,1.441797035538263,0.47901090403031976,-1.4021653996838475,-0.9240826573913389,-1.2539884291413375,0.22872046527108295,-0.365208442785024,1.572505166548664,-0.8769397352112297,0.15171756123590802,-0.5737959329616386,-0.11020775375559677,1.5513962256976597,0.7890213662901161,1.64483272195508,0.07793590138678906,1.2891590848020749,-0.5175334266940517,0.5266780397399267,0.255
0.10103298045774659,-1.2171208459790255,2.3977406762247404,-0.5254303284094324,-1.1183155655662047,0.09561024065562561,0.7100544316746141,1.3471230481932805,0.34667459871025524,0.2841918959641649,-0.5384506980157168,-0.5234634992335658,0.3673288237628436,-0.11020775375559677,0.4313931940622646,-0.4649354035201501,-0.6339299687910228,-1.7811623542617465,0.25506985824847334,0.18603332140629342,-0.049088585308667235,-0.104
0.10428384886444925,0.6481796137781404,-2.248699163995194,0.15956730243811376,-0.7505682668720988,-0.9240826573913389,-0.365354012647037,-2.124850867974496,0.6128534390421281,-0.23131862965670064,2.8064747089034165,0.28675369644571774,0.8137639122170288,-0.11020775375559677,-2.2743604146650593,-4.290469961259938,-2.14060264854124,-0.7162877048655015,1.153037647242804,0.6730397804235999,0.5479353603853376,-0.237
0.10753283585140315,0.14404415905700552,1.9464538880834075,1.3059163806850658,-0.9897629996151699,-0.7058656384774751,1.2656804816207805,1.1226698832482178,0.795757559312743,-0.24650968281452534,0.5338863760435577,-0.6595738753210882,-0.006751563537464839,-0.11020775375559677,-1.177264428351076,-0.8952913723738457,-0.16781562742847744,1.2872616155649208,-1.3789730969614757,0.3264728093723234,-1.1322802103579164,-0.097
0.11077994624462621,0.8816044814237256,0.5528571226076253,0.7214658579501438,-0.6568693574079799,0.5512763760352277,0.2419044732109174,-1.1290487338633866,-0.9783159270048412,-0.19334834125853434,0.8385406840707548,0.31231997932266303,0.07854861296897135,-0.11020775375559677,0.16495045194600452,-0.45849238773841366,0.8382731454520751,1.2522899152263955,1.0012179266382322,2.4132168940197545,-0.4363751551558565,-0.119
0.11402518484820955,-2.0123971493097708,-0.2013430904782663,-1.1148689565428658,-0.36820072680395044,0.5056819601695017,-0.9619344081757082,1.1306534047247776,-0.6027707921053481,-0.9395180049900307,0.6659237552018561,-0.9981538845503186,-0.5392323738123869,-0.11020775375559677,-0.6224591868493105,0.8348875765257533,-0.5284732382470131,-0.9749096551114218,-0.4369233888955818,-1.2149966048921095,0.022792884654831518,-0.147
0.11726855644445876,0.7430686934153835,1.441797035538263,3.412494286334524,-3.18189976048528,0.9026301860911208,0.27546138146944654,2.0316992412055876,1.9143155706571005,-0.4593620668935868,-0.5019042525241709,-0.16865668047776988,0.1381602467309201,-0.11020775375559677,-0.25663607336202154,0.5274378707042421,0.3254333707425728,0.7565843405110564,-0.7842581791159992,0.2603951935344961,-0.7171689100798356,-0.099
0.12051006579403771,-0.08402279650845652,-0.6928719422905133,0.006533341538628417,-1.965555484742242,-0.37644175543786734,0.7017251876470985,0.7423355867055936,-0.8314311106892773,1.038941127008739,-0.33676953568963464,-0.8037929053588944,-0.5046938948515577,-0.11020775375559677,0.8424600773380728,1.565680140140994,0.4364221691123546,0.08646391532240925,0.751509774542649,-0.6087468738376267,-1.6295579023194495,0.071
0.12374971763610731,0.890283400149814,-1.0311237884303512,-0.23426978813796046,1.0382689430593586,-0.3601702321430131,-1.383300684751734,-0.5058924225756987,-0.33475236723359225,0.6620534441014204,-0.4103638840410523,0.38237115621166184,1.3471429711284721,-0.11020775375559677,0.5379588167703293,-0.3875811650673938,0.44435688581711963,-1.1656969780825308,0.4576156036205429,0.0620394112582555,2.002757961666948,-0.199
0.12698751668846536,0.3822941184201579,0.7228869841065445,0.5706497361103675,-1.169818250140225,-0.7894129158692436,0.5265571247801253,-0.609875390853859,1.4366619289800542,0.8280022396830913,1.0880742044518446,1.7146676537728411,2.1118733339184312,-0.11020775375559677,-1.4952885778844298,-0.4069274998723732,-1.1430437684091712,0.00977046872576287,-1.1618609290303352,0.1612402731665151,1.7532527531085522,-0.142
0.130223467647685,0.4506955715274876,-1.2502475936637116,-0.31840268063377347,0.6146737563920093,0.27518410883228095,0.7433605083224838,-0.8967590771859579,-0.7830391260157523,-1.3524909643271446,1.4319560091856376,1.1517973061922029,0.7886112750023111,-0.11020775375559677,-0.5621100120975949,0.00042465250021439435,-1.1855992625224592,1.1300788570738718,0.45960698226057817,-0.6502197213536997,0.950321623586706,0.163
0.13345757518925033,0.4763843219901822,0.6094698707185048,0.05545042889596677,0.5145883218860186,0.5056819601695017,1.8494672155728498,1.3390743139127446,-0.5453042685189249,0.37496910968472125,-0.572430976047688,-1.7406042273540732,0.4603517448206995,-0.11020775375559677,0.606653177388731,0.8938971710255756,0.5078678571286794,0.18892667867603133,0.5014510745107276,-0.26895832364074057,-1.2093226126522734,-0.213
0.1366898439676933,0.890283400149814,-0.9526501717328878,-0.5866372061698841,0.9637221960553531,-0.7141988832362837,-0.5862036488742802,-1.3228320799582196,1.1375073070818735,-0.3833051232708755,0.778708797337769,0.293149919714557,-0.006751563537464839,-0.11020775375559677,-0.9662195318167949,0.17569070559703664,-1.220394732504051,-0.1092668383094325,-0.9583918306001253,-0.6419245438598874,0.4787219610118159,-0.276
0.13992027861672862,-0.3021214586440165,-0.6455036945072397,-0.2764320642504692,-0.3851420967579149,0.1505263947705416,-2.7441571768591255,-0.9914669108501633,-2.490625075046715,-0.9242480740089147,-0.285676662810046,-1.8283389884879646,1.5208629567261167,-0.11020775375559677,0.08071543829037357,-1.0168518507695403,-0.022197672834383442,0.8778752756736751,0.19176215461084148,0.11164556714235077,-0.9322926264351878,-0.175
0.14314888374938556,-0.4189513994140772,-0.3127352205600014,-0.8472097475201691,-1.8611059891617014,-0.24680067195779226,1.5869697606411974,0.3677096381636113,-0.3145157770414304,-1.2376424807359852,-0.47955083118827396,0.15817878725189655,0.4350012301004791,-0.11020775375559677,1.3591450978751989,0.28625208605472735,1.0260641185727999,-0.39700550185949995,1.3237712901671093,0.1612402731665151,-0.6019899694791244,-0.07
0.1463756639581425,-0.12607982390452654,0.8690878206471572,0.8095674100190978,0.14621734351203236,-0.8650139698341691,-1.4091968188098378,0.17489175874492024,-0.15950158843438703,0.5034719534744142,-1.270630721985816,0.125841768125594,-0.4012296883688854,-0.11020775375559677,1.6388042238435272,0.7955720646289012,1.4111743011375308,-0.9333101693162899,0.9265377857110288,-0.5009531369534113,1.0476702837517076,-0.159
0.14960062381505657,-0.06718454563833647,-0.41595934011377084,0.6052428086704711,-0.22439402242772494,0.4216552615872523,-0.044082639489002255,-1.5216227696557505,-0.30441768605736913,-0.7182779044798622,2.361538002052494,-0.06979885764021593,1.7926109928621743,-0.11020775375559677,-2.0448673346206245,-1.519961518292059,-1.8049310545517292,0.8952272631546798,0.00842073101678159,-0.037207109348179675,-0.29494425939535884,0.004
0.15282376787189458,-0.14288723040717663,-0.4714578484484482,-1.3046187029553633,-0.9384230366295502,0.9247085695304529,-0.15379334805532804,-2.022422076905638,0.27259729267546806,0.427895934308028,1.4677103236982445,0.6214669646097005,-0.7730194206039478,-0.11020775375559677,-1.0490127265465816,-0.5228965364985588,-0.8404188383474396,-0.674418094169279,-0.19350008839673496,-1.2815311558857105,0.6957556913064986,0.223
0.15604510066026162,-0.18486735318686034,0.9423495990156502,0.4335205970021569,1.8117817526024842,-0.7977939123021781,0.2586852309136738,1.54911953682437,-0.056308743588299834,-0.3680988507159637,-0.828909354630468,-0.8314141851786091,-1.2001464464516596,-0.11020775375559677,0.40222483006314763,0.3578771809736644,0.9820684007191315,0.3687950569360247,0.21153363287551866,-1.2149966048921095,0.08883466287923258,0.064
0.15926462669173078,0.9163346571697282,-1.3282931069647694,0.27600317300565047,0.6230069708561569,-0.9071819579000969,0.3089998989119587,-2.896292036572796,-0.23410713785279905,-1.5748290248690104,1.9451092458300565,-0.9702436075978275,-0.9295012423370806,-0.11020775375559677,-1.4910405765520853,-1.4628366872055167,-1.363227600139566,0.21457876965519002,0.32642619019540337,-1.2233123964958261,-0.920597081452802,0.176
0.16248235045796697,0.3908362172048437,0.11022682657760034,0.30393944240830445,-1.221367940591807,0.7319750296104695,0.4596976435824455,0.7895675473992096,0.3143661256274907,1.5349909151967212,-0.8679008739995275,0.5589839966400734,1.1727928772716978,-0.11020775375559677,0.48830580429360554,0.6515816340001548,0.48007454165783436,-0.049788431204724634,-0.33393146854818984,0.0620394112582555,1.0170084433127986,0.115
0.1656982764308558,-1.0050748904445272,1.326717562415567,-0.9161009751446354,-1.135477918463362,0.19741397161930163,2.0865056004037474,0.00653313519128174,-0.23910753916360986,-0.9777006673095813,-0.36389088501468,-1.1525186883773255,-0.2808103165271744,-0.11020775375559677,0.8101933298839407,1.400520891983412,-0.16781562742847744,1.0342642203176384,0.6693051689172503,-0.8493947504571268,-1.02025224966378,-0.043
0.16891240906262692,-0.08402279650845652,-0.08971270723567322,0.6573685294198077,0.11261908093497987,0.39095976423380047,0.25029542854783404,0.9555785305193927,0.21650249593723334,0.9410423571675213,-0.23515388578003008,-0.7349509660630701,0.7550529119459615,-0.11020775375559677,-0.2234100805688505,0.9201376203156906,-0.18353861171589594,0.44609729959421607,-1.2300026446804766,-0.17788396198429507,-0.08238196065130109,-0.176
0.1721247527859791,-0.8245795708549811,0.6337519800257108,0.4391949771068162,1.7299252255899669,-0.873437997343922,0.13271659015924128,-0.8015892466937474,-0.49859501309088416,0.46568889179248507,-0.7813128553684999,-0.2548911180988123,-0.34958312092226673,-0.11020775375559677,1.3074662706757398,0.3383364305842437,1.330774123675512,-1.4213423834060894,0.9083941950649776,0.6483041255394753,-0.402317911387818,-0.009
0.1753353120142014,0.050931582463070196,0.5043824308987089,1.3494828009308533,-0.3851420967579149,-1.0344042833877132,0.014908463077466442,0.09055702587598276,1.3478773483331845,-0.003653182445947269,-0.9132487632809081,0.6525910961855604,-0.5219599946528547,-0.11020775375559677,-0.17426320831194958,0.09774429427759546,-0.11668961193255012,0.4977035484547175,-1.1618609290303352,0.6977724689008638,0.08883466287923258,-0.091
0.17854409114129635,1.0033298726089686,-0.8976506413836413,-0.9503500397324817,-0.37667080546100673,0.5588591035535029,-1.2023426230062508,-1.0350215649196208,0.9231175259252733,-0.06432742988024245,1.0553374839968943,0.8193060368151158,-0.2035635955431854,-0.11020775375559677,-1.0718326806390346,0.28625208605472735,-1.6516821447320045,-0.6325054330942406,-0.6052775943531926,-0.004119879934941212,-0.4932960962214586,0.018
0.18175109454210014,-1.2415004647830636,0.5771119403572612,1.256362287385227,0.40598033716567683,1.0198998620758397,0.9013280672978758,0.821104957989342,1.1496326889210935,0.3976544224685209,-0.8739250776503248,0.47098302323333724,0.494129960227708,-0.11020775375559677,0.0313840005269346,1.446732626214146,-0.1363582233408804,-0.10077486436329713,-0.9927177194669697,-0.8161868508982592,0.991400813235292,-0.149
0.18495632657240357,0.13556814470161616,-0.49522507469396204,1.2009124678609988,-0.11465765287187155,0.5132927055514748,-0.05251471343007839,-1.1362621853721406,1.1334596614030032,1.4148841285256237,-0.10489342098538632,-0.01081577121251647,0.31650626446241004,-0.11020775375559677,-0.4109913136930348,-0.20030068218526806,0.3492013807432368,1.7881929992917265,-0.5569905539490575,-0.7248899673785046,0.5107122097124779,0.112
0.1881597915690684,0.7603521503974011,-0.11365367103343595,-1.4119157356918035,1.1375297172642866,-0.3601702321430131,-0.8506597170516473,1.2747710197439333,-1.1613556724537242,0.36740654143768436,0.7381624249086384,-1.4727723928061573,-0.44431213076707116,-0.11020775375559677,-0.4786781783207004,0.5013274603415793,-0.08914357499864684,-0.44758183522938594,-0.3961541272935169,-0.40978348350886423,-0.27805672366592116,-0.06
0.1913614938501496,1.8601641877968023,0.4156326173613752,1.750498465588603,0.11261908093497987,0.9760626382245783,-0.4756720084239175,1.1466277304608377,2.0273392607727314,1.9321848265048331,0.2841232390447856,0.929174747117437,-1.1476512116214055,-0.11020775375559677,-1.0518656840781104,-0.0773399456519004,-1.4325881071199549,0.12059222765488195,-1.674560054600094,1.0025631651149653,0.4466538104109744,-0.023
0.19456143771500728,0.5621648351759793,-0.7796046665213084,-0.7976778415301388,1.3108687133220212,1.049032166365035,-1.2109471018403226,-0.1681419311167267,-1.223236153038775,-0.39851309816849106,-0.08441058992484121,-0.3818551000539909,-0.29799392225722976,-0.11020775375559677,0.8439270821103542,0.17569070559703664,0.7904065668507861,-0.3632542203683548,0.9225051365990087,0.15297528546069647,-0.22189600861017703,-0.039
0.1977596274444261,-0.4938344536365814,-1.1877308045320822,-1.1769822548903752,-0.4105632558587355,-0.05461124345377861,0.0822556645554264,-1.0567616525685148,-0.436746425979232,-1.828320783981813,-0.766527533381227,-0.361734928408357,0.010321661683709122,-0.11020775375559677,0.8541969290444079,-0.2778543684015311,1.0620808337376628,-1.2648628261817385,1.0234479289738005,-0.16132904256225303,-1.4904858841163848,0.112
0.20095606730072987,0.5535762727467816,1.7307021192178613,-1.0716130037758502,-0.4020883210183642,1.2651700878471615,0.8597952889936573,2.6905109028724685,-1.2969309769958663,1.0539967964265258,-0.849869110710731,-0.4221777105510713,-0.17784370298992047,-0.11020775375559677,1.00694464585174,-0.006058829944465252,0.7346035740602173,-0.5149221497362313,0.4914838452916613,-0.8410923249474438,-0.300577461719676,-0.116
0.20415076152789421,-0.2602939187119182,-0.3206827422028525,-0.5611841733528745,0.6396700709792759,0.9906935558234125,-0.38231222936688974,-0.16057595460416377,-0.26415975244745293,-1.7745059466975106,-1.273866804227736,-0.1885110208355976,0.30803011665385066,-0.11020775375559677,0.08216689773369328,0.3643918685044069,0.6748641974229237,-0.6408914025587754,-0.41945710648518597,0.9037622035120866,-0.45343061585074357,-0.022
0.20734371435166213,1.2043486627958302,0.21450269566748545,0.27600317300565047,0.8143661810845244,0.596702745270362,0.5265571247801253,-0.43877027195182877,0.43812886428415715,1.617510312696643,-0.38297078299703785,1.6125063696651454,-0.17784370298992047,-0.11020775375559677,0.632978927564189,0.6450428494559189,0.021156702749597623,1.0255629338486043,0.09701374247778384,0.7719526881451605,0.6220608295316875,-0.073
0.21053492997965398,-0.10085221780765782,1.5736525056245498,0.8806343651081221,-0.9384230366295502,1.1720198991682047,-0.33145252104491074,1.7444348335803035,0.2632801963034475,0.2387816157285105,-0.6728939912751063,-0.10925915514117049,0.29107289977664913,-0.11020775375559677,-0.6727069875090426,0.27323653623391775,-0.35231904561852195,1.3485198484541476,-1.3432157379989942,0.7554705125156034,-0.7460853042670279,-0.078
0.21372441260148026,-0.6348111057669996,-0.02581609568778981,0.9582190546137871,0.4561307400108085,0.9906935558234125,0.05700932672117959,0.34448770968968623,-0.2241163652984295,0.6318607569572268,-0.07165868870135145,-0.7624515065483467,-0.6603140710580337,-0.11020775375559677,-0.45996327646801727,0.34484946182250786,-0.1717467310789469,2.0005348023552134,-0.4970129925595299,-0.10339668431425099,-1.7451688038413211,0.056
0.2169121663888519,-0.8739040009029747,0.34313439143171237,-0.8026432618239487,-0.7505682668720988,-0.43354161631250576,-0.1031323428497906,-3.609807868623432,-1.2912404102318042,-1.6055274980584002,2.2592459106230853,-0.7349509660630701,-0.7036313896586527,-0.11020775375559677,-1.221377521502099,-1.6087233145100122,-1.0345836922961076,0.6960528878879771,0.8399291620781787,-0.9739670726520169,-0.7345129275307148,-0.188
0.22009819549569032,0.5621648351759793,0.30290216699593325,1.1031066599104422,-1.350449346355243,0.5208987796088803,-0.21295304978278962,-0.5058924225756987,0.0838107590531391,0.2766245220815355,0.39427042413967084,2.1720823339848847,0.24865105972140888,-0.11020775375559677,0.044438881368349496,0.4556553375018901,-0.36799699361045,0.6787722097227851,0.3859986433050823,-1.5062232108071276,1.7871008486826974,0.264
0.2232825040582345,-0.9887070996459043,-0.08172993334335621,-1.0571477500084985,0.43941845186624123,-0.06256479587794228,-0.37383249728847723,0.616820317427265,-2.0496311147118362,1.0464691505134978,-0.2590149208720829,-0.16865668047776988,1.446487804709617,-0.11020775375559677,0.8938225176395814,-0.3811312367374366,0.42848837688302555,-0.7915440631383697,1.4911417091619217,-0.9739670726520169,0.3122036460302065,-0.198
0.22646509619515176,0.3225638350238627,-0.12960819011501204,0.39389473532127184,1.3355935746298853,0.06412603534382745,-0.2214093125456898,-0.7133326783370115,1.1898608514586406,0.8581546924511704,-0.19566751361423093,1.9324054471450263,-0.5565110230112796,-0.11020775375559677,-0.5779211993610786,0.3774228985219552,0.24626714970656272,-0.7162877048655015,-1.21109041962108,0.8708178264336307,1.2853780372344827,-0.092
0.2296459760076421,0.09322182050052884,-0.7244274103951812,0.9582190546137871,0.6729829782664994,-0.26293945591872103,0.14112264299128868,-0.8894546851789921,0.842771647649017,-1.3524909643271446,1.0772064356812117,-0.38856791947506886,-1.173892135413194,-0.11020775375559677,-0.3951396228594516,-0.34887297903365255,-0.7703679645728136,0.5752195490094149,0.7414751857335525,0.4090408059574667,-0.7518743995043946,-0.157
0.23282514757954648,-0.865688410586712,1.7224234869809496,-0.13335778288105538,-1.8524109722367368,0.4063168743283435,0.3341417632701093,0.4064634088490912,0.2258837020818076,-0.3148902699277597,-0.38297078299703785,-0.3550343017410625,1.239287148548045,-0.11020775375559677,-0.10481829216676193,-0.33596565902085945,0.1197954729898915,0.5149182860134993,-0.19740896796194388,-0.2772396784062141,0.7637990198061612,-0.05
0.2360026149774494,0.3737543235529649,0.9994059512510767,-1.1864998664359439,-0.2835664303417612,-1.686746463035746,-0.28910356001478144,0.32901908148548936,-1.2685144056122355,-1.812942687652775,1.459987926639407,-1.2160858071772778,0.2146838381728205,-0.11020775375559677,0.48830580429360554,-0.057906410610076293,-0.14029123206779306,1.1475194412499103,1.9290871598097623,-0.4843740728096616,-0.7634583992927668,-0.167
0.23917838225078766,-1.4116585179987888,-0.009829625263872556,1.7310297953333862,0.062186855159563334,-1.3528380067130124,1.158240846961058,-0.1530073705542427,1.9797401180529939,1.6849936712762297,-0.3098072361670795,1.2467191925017498,1.8090327622363134,-0.11020775375559677,-1.1160221962899537,1.2488631920463937,-1.4710859839458057,0.06088475743740779,-1.4616058792905098,0.7225021862046037,1.4348905687230296,0.027
0.2423524534319503,-0.5519576619698099,-1.3204935617795919,-0.26590951942398267,-0.9384230366295502,-0.7475795915705433,-0.3484007801882367,0.6559754536629467,0.2865489618330058,-0.16297964662757075,-0.7961403042906008,-0.6390800304632355,0.8305246792984817,-0.11020775375559677,0.35266606034584597,-0.12913782918648584,1.0220633838874722,0.26592644740058413,-0.036772364566601504,-1.2732133107099584,1.0067715328134472,0.083
0.24552483253638283,-0.11767282306871489,-1.0703179369933378,0.9882259053053921,2.2439591883467274,0.6795484508177321,1.191317744981014,-0.28131785813062016,0.67879765407379,-0.8097803826140108,-0.12289665965224396,0.7578268042313521,-0.49606320263091197,-0.11020775375559677,-0.19595008507789105,1.2422756907916315,0.013271963189873925,0.33447992474537647,-0.5608562145411006,-0.17788396198429507,0.7533549969740082,-0.208
0.2486955235626899,-0.6926834656542112,0.755339073182624,-0.6524844559515998,0.23851727465323205,0.17399133623578325,1.1830500710315925,-1.2584644126322666,1.4861821844679997,-0.4517544492434873,-0.5525804892683833,0.6774340072084821,-0.340980930159069,-0.11020775375559677,-0.6052223239788206,1.3345486246671108,-1.2899243157176554,-0.6157283461658402,-1.1561752505696203,-0.8410923249474438,-0.26680843571019314,-0.281
0.251864530492735,-0.6430848736670458,-0.28888542576771964,2.1210514433468646,0.905681050180267,2.7002747307241375,1.2326406525775093,1.7607725471035924,2.9641452135452546,1.8498307919021688,-0.9835310552771152,4.196434298612354,2.0056761483114642,-0.11020775375559677,-1.512277502052586,2.0630943191972446,-1.3979181775678118,0.39454815327237575,-2.9283812071392274,-1.106918111682595,3.844322294047509,0.015
0.2550318572917438,1.5659674924840083,0.39145505307139694,-0.5151892057215318,-1.4798296815050114,1.4701665390177598,0.5850006115106584,-0.9405279741854661,0.9899378234998873,0.2160710331355669,0.01902965895840466,1.2052912605428903,0.2656247422491438,-0.11020775375559677,-0.5031434206808123,0.48175040320088675,-0.24639235770532106,-0.049788431204724634,-0.9393049639697221,0.14470997888314788,1.1948521089124777,0.034
0.25819750790840107,-0.025050199969984636,1.2856836991142189,0.8509593934057185,-0.8358808479491258,-0.014914265142375746,1.1830500710315925,0.11352664437154916,0.6437137608870521,-0.0795001257482184,0.4703093507514137,0.4394059764246862,-0.582440732824583,-0.11020775375559677,0.21583136795237137,-0.8632661915510986,0.22649016245047068,0.6528629049632086,0.6352732427484016,0.6812843397518479,-1.126367019281093,-0.14
0.2613614862749502,-0.01661667975679744,-1.491828195638556,0.8272850437976274,-0.4275167756617006,-0.13435926671923268,0.9594291749912167,-0.8748377055508026,0.45626828370109757,0.5790085127912259,-1.3356918939556237,1.3349663978612698,-0.4874340837585245,-0.11020775375559677,0.13298718760464917,0.22769958563645595,0.6828264812395514,0.16328912130236214,-0.526048415392368,-0.5589895050935909,0.23632953969510695,-0.244
0.2645237963072925,-0.9641401487604883,-0.6612977911472819,1.8549786644118325,-0.3851420967579149,-1.1884958126906482,0.10749140797111958,-1.641225456191534,0.291193130312129,-0.2541058400320651,1.3029205957818077,0.8070353624098917,-0.5392323738123869,-0.11020775375559677,-0.48587479028221026,-1.9562507670824656,-0.1245577698569337,0.4804951332372689,0.030055843349126837,-0.07029938089302337,1.1442880537407105,-0.135
0.2676844419050829,0.5879445857506265,-0.39215636615445154,1.1702425624898953,0.37252412736124435,1.0780905126993745,-0.9276726422963236,-2.0361167306861465,0.5995812025581045,-0.10226227882988585,2.09193603742318,0.5715056056964666,0.45190318140742514,-0.11020775375559677,-2.0532805010906765,-0.3101441419834686,-1.1585220145548545,0.7912079340899231,-0.7093264970290311,-0.012391214025948848,1.0118910098171887,-0.028
0.2708434269518289,0.7171613714533814,0.22253270186828245,0.5247200385437872,0.9139758864431707,-1.7045140305445943,0.7100544316746141,-0.5950527831003936,-0.11018018759295439,0.14791743196052973,0.11750063056814805,-1.166623771723509,-1.182642086332097,-0.11020775375559677,0.3249865436415066,-1.087130687211169,0.35712590820352924,-1.1325842470604874,0.46757358598698806,0.29343657501396764,-1.763482779876114,-0.314
0.2740007553149841,0.04248024609351119,0.07818444417693753,-0.647436150899525,-0.030381354050103896,0.32934398857931896,0.07384139741296172,0.9714455925736741,-0.6290296629688581,0.9787033184289577,-0.7312141826375473,1.175604243078138,-1.6220137529373788,-0.11020775375559677,1.3473297492086092,-0.2778543684015311,1.4353115784018404,-0.26183924599357716,1.009300092252349,-1.4396256925385729,1.3603444617269582,-0.048
0.2771564308460449,0.41647635527092486,1.0238788450860294,-0.38100236256982944,-1.204179473275786,-0.4744697307401828,0.5850006115106584,-1.8017117798250124,0.842771647649017,-0.466970112995202,1.8273378818532007,2.063927322787802,1.98931843017689,-0.11020775375559677,-2.173727093438009,-0.4133751273807364,-1.8278824526304103,1.0777935158253698,-1.205414344788719,-1.5145492031351668,2.4106674852683114,-0.177
0.28031045738064375,-0.17647570975670127,0.1182405388061488,0.09914816696927031,0.8890881268084402,0.8361446132606609,0.0822556645554264,1.7281065455021056,1.1009729726199304,1.2646184913808585,-0.24309343123241717,1.8325268881194374,-0.023831362932751187,-0.11020775375559677,-0.42827971003338217,0.6646608332907108,-0.4619836555266201,0.30876035605220203,-1.0479378931981924,1.1342222791377006,1.444798715757206,-0.058
0.2834628387386448,-1.7413920289404692,1.2856836991142189,0.9702106326183194,-0.9213199457413835,-0.806179687415719,-0.6372911746988169,-0.5282185641453665,0.9147111654170641,1.422393544643059,-0.20616283046112785,0.028367881764814494,1.1145337217804756,-0.11020775375559677,-0.10337076455897318,0.48175040320088675,0.3492013807432368,1.6382909183247287,-0.8072776552009111,0.17776929130421987,0.11626368559375548,-0.105
0.28661357872423404,0.7171613714533814,1.656246009222103,0.40519951490414047,-1.2299641419562484,1.3575426026070365,-0.15379334805532804,1.4519748139281654,-1.0002958344550372,-0.13261763165829574,1.6617160108079057,-0.30821532779762056,0.20618788453510714,-0.11020775375559677,-0.8088948306660642,-1.817466873994506,-0.4150077064995298,0.8171919045860573,0.037926523688642744,0.3429889930238114,-0.026934101262888005,-0.163
0.2897626811260141,0.5965425299478189,-0.20930754645661154,-0.4483411854544814,-0.36820072680395044,-0.03871829733713512,-0.27217262192327174,-0.4013872822232713,1.7805811938471756,2.328388218423556,0.8007841789938659,1.5839422008691801,0.19769026764355127,-0.11020775375559677,-1.690361991066037,1.1172135726380186,-1.6017869352002596,-0.6492756545252485,-1.9448476365924083,-1.389689739267882,1.3254129221372046,-0.117
0.29291014971709417,-0.9723311696555414,-1.2424369111466276,-0.18660633720368747,0.8807900381722115,-0.19849795092569425,0.4513351621951344,-1.0277693474430332,-0.20915526049753036,-0.018819268202913873,0.5011478543741728,0.32508450509788683,0.8975067795466003,-0.11020775375559677,-0.34034990067534904,-0.6579564234891577,-0.746999940613335,1.8323620793938973,-0.46407447092935333,0.26865602086087415,-0.13803476594480102,-0.034
0.29605598825518203,1.0556440563730656,0.15832784163546637,-1.2952267899109124,-0.742043928428957,0.8952614536799318,1.0340543431957563,1.2186321685533257,0.735389735822086,-0.6496925109448296,0.20646765801042793,-0.6937908204673543,-0.36679228195677105,-0.11020775375559677,-0.8461163139841591,1.0054782512345928,-1.4094771170055216,0.6010865500436425,-0.9010950448183673,1.7173992985987976,-0.1994883411120459,0.01
0.2992002004826725,0.279968120561571,0.5690257045071555,0.698108078578171,-0.2751096292908396,-1.1283864298207138,0.27546138146944654,-0.43877027195182877,-0.027092394058458768,0.3825312791047349,-0.8920386048865399,1.4862206642456814,1.0728759148124782,-0.11020775375559677,1.0040042459870562,0.7300893859511746,1.3709631604683803,0.8171919045860573,0.549331545590507,0.7801932784545048,1.037457796967677,-0.231
0.30234279012674,1.415511125316822,-0.5427275100433715,-0.6272148858140119,0.20496979000560853,-1.9733557357221891,0.40113660600028844,-0.6838273014072745,-0.6606542755686048,-0.5354618559751613,0.44811394589511216,-0.3349507204305768,-0.5133261592487821,-0.11020775375559677,0.7149422065134656,0.5274378707042421,1.3870449665619717,0.8865504993908598,1.1165472549017372,-1.1401677236574366,-0.14918983004684905,-0.057
0.30548376089942386,-0.6678935922125885,0.7309980328597981,1.1641201399976133,-0.5123576229153597,0.29068181044183705,0.6850634222643623,-0.9259492947649399,1.591232575198581,1.211990535363061,0.9980135295622384,0.5527185048302244,0.09558881110211118,-0.11020775375559677,-1.2626154623192127,-0.34887297903365255,-1.0655923135672851,0.5235280233523809,-0.973652622360307,0.30995533625401306,1.4843583389758175,-0.185
0.3086231164977184,0.3140401168321578,-1.763315759508242,0.6283747000160494,0.8226729764536465,0.28293530532804784,-0.27217262192327174,-1.236957996939895,0.5595970427337519,-0.6268385679166211,-0.8169696512439322,0.8254366510282828,0.20618788453510714,-0.11020775375559677,0.35703750033258524,0.1821898670586043,1.2183627630847544,-0.15170193982452868,0.08321772056383299,-0.11167179520257543,0.8418525503744242,0.066
0.31176086060365943,0.0002570254161733889,-0.049786552936606374,-0.1119725154234315,2.0078286387702526,0.9906935558234125,-0.9276726422963236,0.6246463606908851,0.002005701137183704,-2.0977553364818076,-0.285676662810046,-1.4584107468337362,0.4350012301004791,-0.11020775375559677,-1.0732586463480485,1.294990453924813,-0.9686373455019339,0.06088475743740779,-1.4878470238198724,1.462987795734495,-1.067338770224929,-0.011
0.31489699688441236,2.1662944580421817,-0.7717256858873791,1.3995109929553122,0.48954181065319785,-0.279097187039652,-0.9962168757464201,-0.22857572815796207,-1.1054781359659545,0.07973090335970699,-0.4103638840410523,-1.494337159164423,-0.22929801759457363,-0.11020775375559677,0.38910296525976285,-0.400479296844273,0.5992681238527969,2.0714999213391807,0.35620007650827096,-0.9324354910743837,-1.7146815774331892,0.113
0.318031528992358,0.5364061683199977,0.5366937211372914,0.5132721452511099,-0.9812031361902519,-0.7894129158692436,-1.3142991161726114,-1.6061344319710738,-0.9783159270048412,0.511027381035734,0.43919645946739405,-1.6387852031612586,-0.7383130749972022,-0.11020775375559677,0.34683789348913235,0.3383364305842437,1.5238827406410307,0.9994682350971519,0.7194085029078544,0.4172958260914007,-2.332888710987384,-0.016
0.32116446056517595,0.7171613714533814,-0.28888542576771964,-0.9503500397324817,0.22174583103058781,-0.22262801054515804,-0.25524660844242153,-0.46116824240618737,0.49689830233685883,0.17063894824152936,1.4335228671759088,-0.4289088040558405,0.1636831283430897,-0.11020775375559677,-1.5844252954838596,-0.9401017563631725,-1.4441401547206016,-0.3801332279598472,-1.0193884890288554,0.6565496731413591,-0.049088585308667235,0.121
0.3242957952259316,1.1692950278788798,-1.6316162520754431,-1.5453700336335094,-0.6483587599203388,-0.43354161631250576,-2.410063375107966,-0.9405279741854661,-0.5141339566033395,-0.23131862965670064,0.9773831640709115,-0.08951519178301086,-0.09221609622446857,-0.11020775375559677,-0.5419810986720927,0.07178004965770203,-0.9453449846947212,0.6960528878879771,0.1325143389444692,-0.3352178483621713,-0.08793803564124743,0.073
0.3274255365831613,0.20343946776163135,0.13427170908035202,0.4391949771068162,-1.8350251237462063,0.7692830199006961,0.8764116092912881,-0.7059603812014249,-0.4882528070502397,-0.664930651371709,-1.1711932514619985,-0.32826229457153583,1.1228608612380993,-0.11020775375559677,0.5043662596822425,0.9332610617765569,0.2858386173747912,1.199877510765159,-0.2852379257529329,-0.36835504273101116,0.8936204000452902,-0.026
0.33055368823095244,0.28848269174660296,-0.534813396936017,1.5193575560338302,-0.19905237742694443,-0.26293945591872103,1.5787505683210905,-1.0350215649196208,0.5773988262012826,-0.10226227882988585,-0.9375916767263106,0.15171756123590802,0.3757935469237381,-0.11020775375559677,0.600804308011434,-0.8568593819203036,1.0100625280014897,0.43750180429149466,0.13646107903864146,1.216465101432119,-0.476199005472478,-0.096
0.3336802537490291,-2.40704127771759,0.3109460726699267,2.8981849250316656,1.0879185328744239,0.9980020724750467,0.8681039846596135,0.6638139516206809,2.0744260856020573,-0.10985049341614392,-0.0640259233532037,1.405045649940476,0.7130702280000422,-0.11020775375559677,-1.2185324859451843,1.0054782512345928,-0.5558309140766793,0.6701342122347799,-2.0899328387714027,0.23561078606674926,1.1493533006337364,-0.339
0.336805236702834,-0.11767282306871489,0.24663027975384497,-0.11732345002440195,1.2036184970212322,-0.30336932103342396,1.092037262114784,-1.193869611735193,-0.6185157653624014,-0.5126274032761305,-1.1268425540740263,-1.6823508870603772,2.1689652032511,-0.11020775375559677,1.1379086329405637,0.3643918685044069,1.6206269739730246,0.9039055660915005,1.1003401587567598,-0.8078856275269082,-1.3703420572603517,-0.029
0.3399286406436095,-0.18486735318686034,0.7147772494980261,-0.8125659321341355,0.10421661623538982,1.1935852007426049,0.8348627654355791,0.2672460196250999,0.4923963928326005,-0.08708709526729107,-0.7458987107724475,0.9048478222468345,0.5784638755303462,-0.11020775375559677,0.11991554872503041,0.156196565860645,-0.06552342945657505,0.7825497088755086,0.358185880340853,0.19429703197700654,1.0629738373428885,0.02
0.3430504691084792,-0.3522431100424691,-1.8406410065526628,-0.494672505401833,-0.7761488169203565,-0.9579415202158323,-1.512892747880428,-1.3156913665535013,0.3512773835267928,0.8280022396830913,0.5791977136555302,0.6836368976530842,0.29955232906967627,-0.11020775375559677,-0.37207580684936986,-0.6065352889166551,-0.711931319137379,-2.080910139350986,-0.48539147510215175,-1.2233123964958261,0.6536972693259382,-0.268
0.3461707256205281,0.5879445857506265,-1.5539998241240724,0.4847125433069206,-0.11465765287187155,0.0009315059991871549,2.225091836143739,0.7266114075827105,1.2615392596786197,0.17063894824152936,-0.678696003916859,0.3378366145932202,1.2890969734083704,-0.11020775375559677,-1.1046215038214895,0.47522581384735724,-1.4441401547206016,-1.0579761833307078,-1.6689772511229397,-0.5921598648873014,1.2351629304090248,-0.053
0.3492894136888825,-0.23517134039592635,0.34313439143171237,-2.2090414476529574,-0.6909241996829489,-0.49908363798962074,-0.9962168757464201,-0.08477297135174516,-1.47514585071395,-1.7207148374308314,-0.24574308505781176,-2.5074413851993724,-0.23787938126767003,-0.11020775375559677,0.9099723336022226,-0.5615112318052639,-0.10095044438089718,-1.3802272885218474,0.7997129590153191,-1.6644663556165322,-1.2033850257717735,0.048
0.35240653680879114,1.9858417521286382,-0.04179763254501905,0.6457604444685933,-0.04722718266617803,0.9906935558234125,1.092037262114784,-0.1530073705542427,-0.6712234911382592,0.8656918467239025,-0.09463971614512716,-0.7212188249856197,-0.582440732824583,-0.11020775375559677,0.1954745471307817,-0.18089944667984545,0.7027361860687126,0.4804951332372689,-0.01123575560255314,0.2521340451821944,-1.221203398421223,-0.091
0.3555220984616996,-1.6291647046076465,0.37534306545896723,-0.2711722905718171,-0.5038680289075641,0.47519225196460724,1.1665116229895391,-0.7575097097297728,1.3283769583395877,0.22364163116462543,0.3647643774681903,1.8101881183435544,-0.8251250208985844,-0.11020775375559677,-0.6368197138865281,0.22119652844994167,-0.8637513590312752,-1.8055635496548437,-0.6746817873242862,1.446562620468817,2.0407538642865934,-0.276
0.3586361021153337,-2.540188480190861,-0.9369417487370351,0.7683527627304189,-0.08093297238590187,0.31389318414688083,1.7183431165801384,-0.07717837732213038,0.774266147813385,0.6469578804655336,0.8047807984462705,0.9958130167441864,-1.7722244796358606,-0.11020775375559677,-0.8575646506324699,0.05231275026327537,0.22649016245047068,0.5235280233523809,-0.3611684260322988,0.7801932784545048,0.6957556913064986,-0.209
0.36174855122377253,0.00869721380255832,-0.8740621996150201,0.18715966827512018,1.3438331041567035,-1.1884958126906482,0.4680590009543676,-1.064002822194079,-0.3296881651231404,-2.1671368586093074,1.552315700584267,-1.0401094040758363,-0.023831362932751187,-0.11020775375559677,-1.0219030366358552,-1.2019760016380605,-1.0772164208426693,-0.23644788889901883,0.621269137330627,-1.7894682857392794,1.2301308537430684,-0.035
0.36485944922752855,0.6481796137781404,-0.049786552936606374,-0.5458782243676337,-0.22439402242772494,-0.9579415202158323,-0.9705030869632693,0.616820317427265,-1.734169405680097,-0.8937135707521436,-1.1331572731519426,-2.9218520532286645,-0.4874340837585245,-0.11020775375559677,2.3071185013418076,-1.2975312635593539,1.8185367086056792,1.1213608385799925,2.755214642412858,-0.5506976781260882,-2.433431519731452,0.079
0.3679687995536233,-0.502144137137582,0.8772226822457783,0.9702106326183194,-0.97264455531502,1.5051208626033268,0.1831354026505648,0.4064634088490912,0.757018238934724,-0.497406587695023,-1.2900739764373073,1.675062964871257,-2.565221173710006,-0.11020775375559677,0.3993086508201788,0.84144204713019,-0.21104465011291967,-0.22798077102275494,-0.8724060155389797,0.689528569303116,0.7898709293060363,-0.066
0.371076605615661,-0.29376028536804394,1.1055429838371058,-0.144031974752596,0.8890881268084402,-1.9733557357221891,0.023331005002687564,-1.4792123555692283,0.8043328554909402,-0.09467447953744769,1.324389502397096,0.22262101006790402,1.4051189614454203,-0.11020775375559677,-1.3279693553173746,-0.36822965624027715,-0.9919207501506122,-0.06679049059444463,-0.7765812044526598,1.2082423536172608,1.2653149784742324,-0.082
0.3741828708139081,0.15252242733405608,-1.4218012656092869,1.1518868217994382,2.089346152701087,0.5740105573946748,-0.33145252104491074,1.3954658588013285,1.6576153920634211,0.5563516736530545,-0.7458987107724475,0.892665414718849,-0.7383130749972022,-0.11020775375559677,-0.3518883550035416,-0.31660038035011717,-0.6300273331106236,-1.1739706841047095,-0.8857975939829725,1.6025455090061147,-0.20508721837282595,0.019
0.3772875985353643,-1.2739787731086376,0.9667942662026271,1.176368832535946,-0.9983241466265055,-0.15036556660319286,0.20832909837454194,-0.8309212992422987,1.5875183733388563,1.5049729740752205,1.0988976555379495,2.1181696185817005,-0.5651526959718134,-0.11020775375559677,-1.5335067169006256,0.2797440340401726,-0.9919207501506122,0.44609729959421607,-1.3206089221859203,-0.12822295790425295,2.0691843162481858,-0.186
0.38039079215383687,-1.4358959421296238,-0.5980932483296019,-0.14936447038510517,0.28042581454575305,0.2519023644017902,-0.8677645728176232,0.48416004604169555,-0.46245702272430794,-2.151715227763293,1.2253640617804973,0.6960332697448306,-0.17784370298992047,-0.11020775375559677,-0.9690763139633634,-0.5615112318052639,-0.7353126101174242,-1.838071937457453,0.0005567871668705311,0.004151138379386612,-0.171524396085012,-0.31
0.38349245503001966,-0.8574707630727548,0.4801625087894364,0.2648517928619722,0.16300952912765665,-0.6227955259196737,0.19993236032875214,1.035011671378819,-0.8530297932131989,0.910906735362438,-0.4684130572669685,-0.7693341926788707,2.087385903871435,-0.11020775375559677,1.0628340834751362,-0.34887297903365255,1.1902871566915487,0.9907730585912623,0.9406553856977727,-0.94904722852981,-0.20508721837282595,-0.114
0.3865925905115569,2.4481605402701843,-0.8347251049074423,0.24258853883151363,-1.1784065946734488,-0.27101595275873436,-0.297570879146003,-0.06198140696603391,-0.7189566202425777,0.1857845966866603,-1.2771046697030997,-0.893738403590629,-0.07511010305752537,-0.11020775375559677,1.2130574126331033,0.19518986113521755,0.8023701477451528,-0.45600530821938706,1.0659223011020271,0.3512466008783615,-1.6964109138632677,-0.178
0.3896912019331258,-2.5167294190738208,-0.7244274103951812,0.0011138924099523126,0.15461401440951772,0.49806654279123663,-0.5096588449360827,2.6399747249960273,-0.5141339566033395,0.05699471030429917,-0.7165715225919723,0.13231534868985215,-0.10932861228341337,-0.11020775375559677,0.41534911577215106,1.2883992655997518,0.7904065668507861,0.3687950569360247,-0.46407447092935333,-0.6087468738376267,0.5532442444481556,-0.074
0.3927882926165009,0.14404415905700552,-0.2650247696110587,-1.6362404260989787,1.7463046029517901,0.024664800379821838,-0.8250122458028387,-0.6912076914253048,-0.9892987820616027,-0.3604963521058134,1.4083179318946395,0.13231534868985215,-0.04091772617341915,-0.11020775375559677,-0.11639739993405229,-0.5872427527780288,-0.21497312919597364,-1.94351367740859,1.2444111567159284,0.7801932784545048,0.7533549969740082,-0.137
0.3958838658706302,-0.12607982390452654,2.07971514992106,-2.1325554611187365,-0.10622470861756379,-0.5072977840453857,-0.17914020388604962,-0.37143324519848214,-0.02223450758099676,0.3371522751429615,-0.3747840920370047,-0.2415906259473465,0.6878620116143869,-0.11020775375559677,-0.1858304129073056,0.9398235860852304,-0.6378323602113305,-2.1373250432204114,-0.6477094232329058,-0.9407412105105388,-0.7460853042670279,-0.177
0.39897792499170387,0.7776451525441821,-0.7323133637775887,1.2501856352439262,-1.5662511683619809,-1.0685124145081197,-0.27217262192327174,-0.3414369429060617,-0.8638502084785501,-1.1305439550383305,-1.0609607894132271,-0.7555718403403101,-1.1913935236887294,-0.11020775375559677,1.298610514789078,-0.49714181698060794,0.47213566929593737,0.26592644740058413,0.8520023161929865,1.216465101432119,-0.20508721837282595,0.039
0.40207047326322576,0.17797077325142974,-1.4684957720998828,-0.9649883844432992,0.8558892552778733,0.5588591035535029,1.8903929347037538,-0.22857572815796207,-0.5245103585100731,0.0039292426134980565,-0.6382214022265573,-0.5438027088809216,-1.0864746083710053,-0.11020775375559677,1.0113554614039202,0.20169069336057957,1.2303985057567457,-0.5485515225280011,0.5353599565111604,1.051945477951227,-0.5389752878226025,-0.05
0.4051615139560836,0.13556814470161616,1.9880575354533214,-0.40696036999990876,-0.4275167756617006,0.8361446132606609,1.2243781294742975,-0.43877027195182877,-0.6027707921053481,2.522398789183702,0.16824331879895132,0.4394059764246862,-0.2121401234941734,-0.11020775375559677,1.064305417832952,-0.29077199335640075,1.4514075048401993,0.22313269179214157,1.4952325175741947,-0.7165920619460349,-0.14361127890684552,-0.185
0.4082510503286183,-0.025050199969984636,-0.6928719422905133,-0.7078316122759911,0.8143661810845244,-0.2548676958687628,0.05700932672117959,-0.8675251206422581,-0.3398199414093157,-1.1381908793011304,0.38974667413229586,-0.2881958378542169,-0.04091772617341915,-0.11020775375559677,0.0023820397041952068,-0.3746807337254019,0.376941286576372,0.26592644740058413,-0.009270613008773751,-1.9145342620231909,-0.21068812270992673,0.029
0.4113390856266922,0.33961814695212283,-1.4996034776111764,-1.3140006780863611,0.806058293905644,-1.2229497898813781,-2.8764792462838233,-1.2082435864396357,0.006843907935417087,-0.27689683758189815,1.185644909839713,-1.2302447289324008,0.6878620116143869,-0.11020775375559677,-1.3308092101106213,0.23420319857786506,-1.5595338554366507,0.21457876965519002,-1.082161012788058,-0.9905817923553442,-0.5218307886854658,-0.079
0.414425623083758,-0.2853969463799572,-0.2570688002318274,0.6399616820941872,-1.3159985631484818,-0.3276841154068454,1.10031635317993,1.114688790674643,0.32823169490194,-0.4365404981451903,-0.9681748780030932,1.1100126860620272,0.5868885468793196,-0.11020775375559677,0.6593142189587197,0.05231275026327537,0.8063584621649912,1.2522899152263955,0.47952675748313833,-0.5506976781260882,0.6062129339721183,0.008
0.4175106659209277,-1.2820933864508326,0.4963078349553802,-0.7078316122759911,0.03695501717749358,-0.3195744428237802,0.6600625647493431,0.695192810814072,-0.041685768139808066,-1.9206303575306236,-0.4021291116455121,-0.40872465733032604,0.494129960227708,-0.11020775375559677,1.1069865740216556,0.7497285146334862,0.29771460048493453,-0.9083293729512891,1.378804840723048,-0.8992156020359504,-0.1994883411120459,-0.019
0.42059421734704067,-0.34389489667076456,0.4801625087894364,0.6283747000160494,-1.1869962459918117,-0.5649300169226278,1.009188779741595,-0.46116824240618737,-0.5870568323723486,-0.5126274032761305,0.01154741081250209,-0.20176255940339208,-0.14357317251692558,-0.11020775375559677,0.4226414309225593,0.20819208211776957,0.021156702749597623,0.5666003586710238,0.2768580273733366,-0.41807009650281185,0.07784847121332603,-0.109
0.42367628055872697,-0.21002916681594824,-0.7796046665213084,-0.2711722905718171,-0.6313412937787515,1.1720198991682047,-0.6372911746988169,-1.4579686481128677,1.17380457421433,1.1894301113801031,0.8680161808724108,1.5208169783853067,1.702194319472798,-0.11020775375559677,-1.8214517604645137,1.6715524933007169,-1.605626577656681,0.47189329882978626,-1.8507476374333904,-1.3314443712276063,1.2803651344983185,-0.033
0.4267568587404781,0.9598018734074009,-0.8661970851209827,-0.9356878279913601,-1.8611059891617014,1.3079000977317616,-1.1937394087538042,2.346810440940627,-1.4057429492057874,-1.031175259969083,-0.6439835857315918,-0.10267476497508517,0.4350012301004791,-0.11020775375559677,1.2056866126850307,0.7366352211631217,1.054075548470784,-0.10077486436329713,1.1794128188238562,-0.5175334266940517,-0.188296671830462,-0.123
0.42983595506471195,-0.6678935922125885,-3.0183511213501664,0.9642129857641675,1.6069505321713728,0.016758416353305373,0.7433605083224838,-0.7354333629619317,0.5818415060698082,-0.5887573566954648,-0.3475989561197758,-0.7006432856836367,-1.2702231799371586,-0.11020775375559677,0.1344397440700235,0.8348875765257533,0.4205555094920581,0.6960528878879771,-0.013200785679345229,-1.3813680982135694,-0.903068102665624,0.03
0.4329135726918373,0.3822941184201579,0.8203065663172101,-1.2669912499448168,0.7312380498167196,0.5512763760352277,-1.703460421188806,0.3987076041672767,-1.6037605865489233,-0.6801705373088534,-1.0516119394193935,-0.2881958378542169,-0.16070519649955467,-0.11020775375559677,0.9907738711805325,-0.26493445801191645,0.7904065668507861,0.44609729959421607,0.7294372081076108,1.2329095718457557,-0.9557066276253525,0.13
0.4359897147703188,0.18645807478272328,1.2528814603703307,1.7569964936255582,-1.144061046549743,0.9540815407990055,0.42624096260908423,-0.08477297135174516,0.5283241146319393,-0.4593620668935868,0.5706137852865061,1.0018520567337152,0.25713872670434684,-0.11020775375559677,-0.3691922628049471,-0.04494789805951063,0.218581002081254,1.1387983915779871,-0.3611684260322988,0.9037622035120866,0.7637990198061612,0.017
0.4390643844367458,-1.9806267901744803,1.4253403811066288,-0.8323786602994876,-1.5143820691276555,-1.5805477304001965,-0.6287733670189007,-3.2566284324299066,-0.42648600004017506,-1.0693849267644076,2.323448025737215,-1.5447589394899184,1.1395107308937154,-0.11020775375559677,-1.6988285020788,-1.2210979318532666,-0.9492276662927498,-1.5771607880925917,0.6612948610184506,-1.6977939165026097,-1.1204557105009922,-0.115
0.4421375848158902,-1.7413920289404692,0.27877805380995985,1.1702425624898953,-0.5123576229153597,-0.7475795915705433,1.1665116229895391,-0.9332400047285103,-0.2842618557848,-2.7624319832371507,-0.7370829654627421,0.35057630342117113,-1.5867302235171803,-0.11020775375559677,0.7076203143559683,1.0383256087844783,1.5359688670802412,1.2173422839303383,0.37010300602160273,1.09308811418899,-0.7634583992927668,-0.288
0.4452093190207749,-1.2902060171365597,-1.6005827250158824,-0.144031974752596,2.2358304350861395,0.016758416353305373,1.0008981524684908,0.9080361712263706,0.2258837020818076,0.4581310929514152,-0.5047057425354465,0.3887208019149409,-0.9033866332850108,-0.11020775375559677,0.21437711257275197,-0.4649354035201501,0.23835565452197088,0.5838403116284341,-0.35338874435319156,2.028794225688131,-0.32313036363624215,-0.127
0.4482795901527362,0.8036025867341607,-0.13758361505046504,0.5075533595038948,-0.44447516857898295,1.5399607399547937,0.1159009738700886,0.8289954808019295,0.5417454912257557,-0.5278499407767023,-0.9314956591543604,-0.19513525929568348,0.04444834810581011,-0.11020775375559677,0.7120133617440508,0.20169069336057957,0.9980636952635664,0.24880412004351296,-0.20717917107489217,-1.6977939165026097,-0.7634583992927668,-0.098
0.45134840130148646,0.06784096124394652,0.48823452788122057,-0.144031974752596,-0.9897629996151699,0.05624321084421583,-1.859814880318974,-1.6131583994691387,-0.19919787688284823,-0.39851309816849106,1.4754049067018031,-1.3368174238164838,0.07854861296897135,-0.11020775375559677,-1.461295951510236,-1.3038967716307963,-1.042337346891538,-0.5317402421643407,-0.6265006324374995,-2.173205036797279,-1.81239922643812,-0.144
0.4544157555451753,0.025584270758072104,-0.05777424239516764,-0.3497557257142365,1.7381154197747721,-1.1971020936700567,0.9096314181004193,-0.09236496971145139,-0.7616224994011207,-1.1764323423936447,0.2088441992015541,-0.023901603930338307,-1.710323016337689,-0.11020775375559677,1.056949032768196,-1.0424161547810684,1.5843331057417158,1.0342642203176384,2.2318904647649664,0.3264728093723234,-1.4243155973664512,0.165
0.4574816559504539,0.9598018734074009,-0.16150256112888656,1.1091908242867623,0.5062406062051781,1.560809768774247,1.52118849280379,1.1386393541225475,1.6649361427214282,1.211990535363061,0.08330826401974459,1.7541133594270155,0.822145060395603,-0.11020775375559677,-1.5250159570673822,0.4034915730466963,-0.6183179610234912,-1.066273088318177,-1.9503722902237421,-0.26895832364074057,0.3822848312058577,0.101
0.46054610557253517,-1.885136304893521,-0.6218037563547718,-0.4638109993561658,-0.22439402242772494,-0.6975371653686065,-1.6081028607446863,1.0588892346427674,-2.0990743624720287,1.106679764223903,-0.19828900270434752,0.5401781494734341,0.4603517448206995,-0.11020775375559677,0.27839293175170177,-0.35532577868584336,0.19090630302098452,0.799867709037218,0.3522287979306955,-0.40149717858983935,-0.07127596004634892,-0.072
0.46360910745525535,0.5965425299478189,1.1873429831103013,-1.4489331334168865,1.1953611050500192,-1.240205638038116,0.26707388149333383,-0.8382475119400603,-1.47514585071395,0.07215258156271553,-0.22986869625026446,-0.4626099205561715,-0.9817713921353418,-0.11020775375559677,0.8952905379305761,-0.5164587250723429,0.6987537886748666,-2.00823987689357,0.7474956183305308,0.053770607907890504,-0.3739916688733266,0.012
0.4666706646311355,-1.1927232807104138,0.6175626045511551,1.737515120981742,-0.801740690025729,0.4293174358257318,-0.6713753343654393,-0.19082420347299303,2.65017733926963,2.924618362571232,1.8016735849763816,2.1019315026532595,0.052975894612194235,-0.11020775375559677,-2.487575976210884,0.6908257475229367,-1.8278824526304103,0.6787722097227851,-1.9061419002676163,-0.26895832364074057,1.0170084433127986,-0.152
0.4697307801214393,-0.01661667975679744,-0.23319362900953117,0.727314206188005,0.2301321270928175,0.4063168743283435,0.1831354026505648,1.7444348335803035,0.880965649119872,0.5487986085081548,-1.0112809735347013,0.09342756646921022,1.1478334642467345,-0.11020775375559677,-0.04834183957112519,0.4034915730466963,0.009329947522236334,-1.5116341993332243,-1.250791815399518,-1.7894682857392794,0.2851534612523657,-0.045
0.47278945693623675,0.050931582463070196,0.8365616734774793,0.6922775193157037,1.5576964054436644,-1.6070320861699077,-0.23832550886964282,-0.431298974567497,-1.3083229994595016,0.511027381035734,-0.6584180441661331,0.09342756646921022,-0.32378133417975624,-0.11020775375559677,1.5084684699879531,0.19518986113521755,1.9035146371871936,-0.7831891822998387,1.4257443764176976,-1.722792591520833,-0.8331246890838825,0.126
0.47584669807446023,-0.2686637646970736,0.9912510133255832,-0.004302411201572714,-2.070208222478396,-0.11837187222947805,1.4965041276179947,0.20563570599621245,1.0230620334302551,-0.08708709526729107,0.32811815816639806,-1.1948698463108556,0.5953116399833878,-0.11020775375559677,-0.054136454855414774,-0.29722994827957283,0.18300135117811536,0.7825497088755086,-0.06817588216747912,0.6153186461590073,-1.316518331136356,-0.17
0.4789025065239661,1.143030846967152,-0.5110639579870382,-1.6045428658643817,0.9222696401073114,-1.9914339522602817,-0.8848746516342545,-0.37143324519848214,-1.3769806371875268,1.497467578700781,-0.9927654704999832,-0.06979885764021593,0.5953116399833878,-0.11020775375559677,1.6476985828997925,0.5143815707899001,0.9061399810637385,-2.91778709191777,1.7290803881574823,-0.22755621347260466,0.6220608295316875,-0.078
0.48195688526159153,-0.03348150088172641,1.5571508328146086,0.7683527627304189,-0.742043928428957,0.6268937040271683,0.35927335660367454,0.00653313519128174,1.928168545607923,-0.003653182445947269,0.6596553087748197,1.1637071409608648,0.32498077442442086,-0.11020775375559677,-1.2356006884704251,-0.057906410610076293,-1.2783417430454564,-0.38857020715837226,-1.5552103845324916,-0.6419245438598874,1.7435666482625851,-0.204
0.4850098372532135,-1.8532460653023861,0.6742482565445831,-0.04751996060541505,0.6230069708561569,-0.014914265142375746,0.17473518061388763,0.044687181013356246,0.6260978285918486,1.159344318321911,0.32581559087906553,-0.361734928408357,0.39271812176493204,-0.11020775375559677,0.16059095912876725,-0.9976723613020383,0.22649016245047068,-0.16018399928253782,0.14435589538325574,1.6927935890223533,-0.7692533020771711,-0.316
0.48806136545380724,0.11862287074917532,0.5690257045071555,-0.058293101841293375,-0.801740690025729,-0.10240337789846032,-0.6969520707655834,-1.8155943206970464,1.7805811938471756,0.9787033184289577,1.6020188447253103,1.4515085012455988,0.6205714677906674,-0.11020775375559677,-1.7989202329407366,-0.4262686549987367,-1.3786481810241409,0.23168822488191618,-1.3469817944384121,-0.8244883750225587,0.2688978776962793,0.015
0.4911114728075034,-1.7653920518894368,0.6337519800257108,0.9044402586393939,0.6563287379993398,1.7329532147622042,-0.33145252104491074,-1.5427893935235786,1.8584778871876064,4.258589295570747,-0.24309343123241717,1.9654629569486086,0.5868885468793196,-0.11020775375559677,-0.7687855981639667,-0.06438482032943252,-1.0307064904229655,-1.041377046672876,-1.6633932918891157,1.2329095718457557,1.988483216039395,-0.131
0.4941601622476439,0.050931582463070196,-0.44767992219968433,-1.779696493100486,1.368545430004557,-0.9918770353482634,-0.8592114915063002,1.2186321685533257,-0.8152689330031577,-0.2692994171367511,-1.1743743628793817,0.9170176012983736,-0.6170355379511117,-0.11020775375559677,0.5642595782310638,0.8348875765257533,-0.33271619712801676,-0.808248609574189,0.08124730725099863,-0.31865110732124247,-0.03246963512530559,-0.151
0.497207436696841,-0.5270604420709177,-0.6534013285399227,0.31513714542066745,0.9720094700786256,-1.775778135656967,0.9594291749912167,0.021787016769170723,0.4153837602721979,0.026674049720670737,-0.7783524232555701,-0.39528378582904083,-0.3151839313854066,-0.11020775375559677,1.857001853299917,0.7628239709495018,1.9116127419116264,0.3602138795357213,1.8877716630985149,0.9531687270742525,-0.4818960564763185,-0.139
0.5002532990670313,-2.56363153948049,0.04616196812507376,0.08820459257262112,0.1965800433424662,0.3370623593831859,-0.6117416200837503,-2.0634712940558813,0.29583410714275127,0.8883010118635507,1.6005746899542173,1.578219676947162,0.25713872670434684,-0.11020775375559677,-1.0433064146783055,-1.195600818744629,-0.41892369789949646,1.016863173584192,0.12462219552381923,0.8708178264336307,1.0884394683217424,-0.141
0.5032977522595331,-0.4022872073233846,1.4582592883368093,-0.6676125850548758,-0.2666540297439296,-0.6808945315392564,1.7675436736445858,1.5734592927153332,0.24460759309571511,-0.8326659293797781,-1.2255124604200074,0.4772890844384176,2.2015606777820014,-0.11020775375559677,0.3963925911507253,-1.329352734816361,0.23835565452197088,-0.9416335871262669,-0.0308809905187051,-0.2772396784062141,1.0170084433127986,-0.01
0.5063407991651012,-0.5851243411297422,0.09420314374723811,2.154810878045727,0.10421661623538982,0.6870519261289693,-0.5862036488742802,0.27495876376297673,0.5328010250883383,-0.1477978052823439,-0.9958470640812848,0.17754392329747234,0.23167076360258043,-0.11020775375559677,1.3266572297645927,1.0186155943826902,0.9021460049404878,0.4804951332372689,0.8379173415534121,-0.3600702804890205,-0.5332584833096362,-0.156
0.5093824426639822,-1.1845867641648518,0.4075721503828876,0.2259255657547719,0.20496979000560853,-1.4838106674541163,0.5265571247801253,-1.4862878927168157,0.05984833648389112,0.511027381035734,-1.267396422352582,0.521344195559597,-0.25504693568483544,-0.11020775375559677,0.486845941170208,0.4882755408597889,0.8422635012025855,0.8258563234183341,-0.13481224852275586,0.9531687270742525,0.006235808537125693,-0.041
0.5124226856259699,-1.8532460653023861,-0.24115323072555514,0.49612609282413994,-0.8785845189769599,-1.2143290816364503,0.6350518300037732,0.5855410959705234,0.5862810822732059,-1.2299896071042073,-1.1268425540740263,0.24189334192465686,1.1062051104610897,-0.11020775375559677,0.568643970599332,0.5666198922727838,0.9460921600705152,0.01828543360381872,0.2610107616452799,-1.2732133107099584,0.25805022726979265,-0.256
0.5154615309104588,-1.4197396177124426,0.33508540560233085,0.05000253446689103,-0.707959105986607,-0.9918770353482634,-1.3142991161726114,-0.6912076914253048,0.2024065797311748,0.8506171548440505,-0.21405071134180748,0.24831125929625167,-0.4788065394080452,-0.11020775375559677,0.7413070800920426,-1.7922007812423166,0.6191538151749725,-0.5905498625861157,0.27487673300575854,1.8321837656787485,0.9142683425318483,-0.028
0.5184989813664995,0.11015360765442403,0.7878122475158047,-1.1579164881807216,-1.135477918463362,-2.608328683492832,-0.9448009332332746,-1.4225055735223748,-0.8422234311190989,0.42033615258378537,0.9547029618389915,-0.361734928408357,-1.8341955576877458,-0.11020775375559677,-0.4167546179224892,0.3122898323453516,-1.1236903085540562,-0.6827954648679389,-0.054440398069416945,-1.3064864477493077,-1.7573763195454808,0.005
0.5215350398328504,-0.11767282306871489,-0.3524607999743173,-0.13335778288105538,-0.6058244019952671,1.3646160131672465,0.2586852309136738,-0.9550956860962031,-0.555721799404769,-0.664930651371709,-0.3071197310577465,-0.15543577123509655,-1.657320270528947,-0.11020775375559677,0.4532772990089073,0.14969963481589044,0.48404432379330337,0.7912079340899231,0.45363317319178736,-0.10339668431425099,0.7898709293060363,-0.116
0.5245697091380319,1.1080465608842613,0.5528571226076253,1.3869800372075274,0.23851727465323205,-0.9748996937061898,-0.27217262192327174,-1.365617144887574,0.002005701137183704,-1.3524909643271446,-0.10232768847778413,-0.6459082840952172,-1.2176567440786725,-0.11020775375559677,-0.04544434715376233,-1.0296351961916237,0.38090505783762946,0.2060264594418624,-0.5917646172820492,0.1612402731665151,-0.9264438986004504,-0.01
0.5276029921003802,-1.9726795400852704,0.6661463875711429,-0.3236356028815837,-0.14840128133727276,0.8435504589591839,1.2904496035228021,0.35222582212588,1.7770094325127106,1.1367760449458717,1.50741986450195,2.1397742952419754,-0.7122994951694914,-0.11020775375559677,-1.9761116647499675,-0.09676839532701735,-2.5346410304022102,-0.7915440631383697,-1.2318931876969395,0.7060160383683524,1.7871008486826974,-0.335
0.5306348915280995,0.9598018734074009,0.014159345196730228,0.5648964020808561,0.6396700709792759,-0.6227955259196737,-0.010366290296547365,-0.9259492947649399,0.26794034377193,0.4430143067825435,-0.11774517289449773,0.49618856168295444,-0.5478709152381331,-0.11020775375559677,-0.4340414975053064,0.20169069336057957,0.3610885200013241,1.5063767853524292,-0.5569905539490575,1.4219222549592387,2.012266476505527,-0.155
0.533665410219313,-1.103111372396664,-1.1642685087898124,-0.7278745291353548,-0.22439402242772494,0.1583527437051316,-2.03399478311172,-1.2441296038469225,-0.35504291047486847,0.3976544224685209,0.13206520836841898,-0.4289088040558405,-0.15213837356787974,-0.11020775375559677,-0.2725209267884905,0.44261109825293166,-0.6885411975411805,-1.6507361371494067,0.06154932492078475,-0.5258240307847988,0.022792884654831518,-0.196
0.5366945509621168,0.3737543235529649,-0.9369417487370351,-1.2528397343082174,1.253140687342174,-1.2661254988651758,-2.3048994724877963,0.4997295550125266,-2.1986966345247687,-1.199382705405547,0.26544307123380123,-1.5015313588063532,-0.3753992498186365,-0.11020775375559677,0.3716109149421784,0.9595143711829193,0.6350664914791739,-0.2533771274335791,0.7013635811227737,0.9037622035120866,0.5426242966635147,-0.037
0.5397223165346301,0.6826515402061815,0.7228869841065445,0.8450353480781118,-1.0325815913238032,0.8805100778598632,1.3894344873064015,2.4052197398546924,1.3634262371300405,1.369819921478065,-0.14615477748069303,1.0259765437490953,0.3334536484647806,-0.11020775375559677,0.18239115452692437,-1.1700940626008727,0.7983820603571445,-0.43072981413759426,-0.23842464047296705,-1.2815311558857105,0.3122036460302065,0.061
0.5427487097050455,0.15252242733405608,1.0483638791795034,-0.9161009751446354,-0.7164784338827441,0.6419612133732742,-0.297570879146003,0.8684850646308709,-0.9072726315279955,0.3900930499490079,1.8613603242228898,-1.0751548681407288,1.413395560762941,-0.11020775375559677,-0.7644866728740617,-1.5009254325926857,-0.9181592596138292,-0.5485515225280011,0.9023482353875589,0.6070714549470348,0.6957556913064986,0.149
0.5457737332316838,-1.3550358566369718,1.2201012429078355,-0.09590119982884972,-1.419414753871661,0.5132927055514748,-0.9619344081757082,0.19794588852605333,-1.8845588938145124,0.5185824142471913,-1.0112809735347013,-2.2808803297692766,1.3968409438435554,-0.11020775375559677,1.0363549700804568,1.400520891983412,1.2344108649999526,0.3259051354549021,1.0355787426816905,-0.7331881751760411,-0.8098717266923061,-0.062
0.5487973898630392,-0.23517134039592635,-1.1407960930481955,-0.5305465921278111,-0.11465765287187155,1.1432016115337602,1.207849997563632,0.9873224456964297,-0.14961077155158667,-2.630736853987555,-0.7576765294151505,0.3887208019149409,0.9142371298625986,-0.11020775375559677,0.9599120709204808,0.4165292145108734,0.866210392738663,-0.3463684876647229,0.7776122042066315,-0.1364990093998236,0.08334260758051444,-0.345
0.5518196823378333,-1.4116585179987888,-1.81745466032045,0.8509593934057185,-0.801740690025729,-1.042924119878899,1.0671937222319257,-0.29636341480178335,0.011678839680172009,-0.5506869807284628,-0.9375916767263106,-0.3015391108266738,-0.3753992498186365,-0.11020775375559677,0.21146869258899192,-0.8632661915510986,0.6350664914791739,-0.2025694355158099,-0.29303371934415606,-0.7331881751760411,0.6431605938641952,-0.202
0.5548406133850633,-0.980520152789841,-0.534813396936017,-0.144031974752596,0.756187999413523,-0.28718315941214284,0.4346068228437693,-0.6838273014072745,-0.24911837890074923,0.25391998668160226,1.459987926639407,0.7578268042313521,1.181109757824268,-0.11020775375559677,-0.9490760792024169,-1.672050446617211,-0.6300273331106236,-0.4138710334622585,0.018253188825250097,0.8213912477920989,0.5160363258224588,-0.09
0.5578601857240535,0.12709438251566,-1.1407960930481955,-0.31840268063377347,1.3850151020785681,0.791612028395485,-0.765214088342456,-0.12270698282781978,-0.7242776691785684,2.477647488553931,-0.39117187958676874,1.1219670462946234,-1.0340959241770007,-0.11020775375559677,0.5496468599560779,-0.5872427527780288,1.306671328516141,0.23168822488191618,0.22933743539452026,-0.6336296702123485,-0.7982568096681819,-0.059
0.5608784020644996,-0.15968585455355375,-0.12163154237899033,0.5936978436502467,0.11261908093497987,-0.17441047548776645,-1.3315420193238483,-1.1794844727881926,-1.251507936905052,-0.42132825739871865,-0.8648913266842732,-0.1356273941711523,-0.8598927056967137,-0.11020775375559677,0.9246570233600039,-0.04494789805951063,0.4205555094920581,0.14620550364194354,1.1510095168792625,0.5988239355381941,-0.36833240938603895,0.005
0.5638952651065247,0.04248024609351119,-0.7953591498975322,1.0303923007874118,-0.6058244019952671,-0.48266961198235964,0.2335123637157377,-0.49099500549881947,0.3004718937074227,0.511027381035734,-0.5215488699468764,0.6712279812650566,-0.35818690525675073,-0.11020775375559677,-0.02225997639759942,-0.1550231776758944,-0.11668961193255012,1.3397641799732025,-0.7112500782933326,-0.4760850007156165,-0.038007227783118866,-0.124
0.5669107775407218,0.23742946290895106,-0.6612977911472819,-0.737879408805026,0.6646564110807932,1.5399607399547937,0.5432608223615017,-0.5802194575869555,0.8086159514794966,0.35984357411203616,-0.013491760504156992,3.151683159188451,1.5951248818284145,-0.11020775375559677,-0.5017045428571799,-0.28431346666151486,-0.9298117742340251,-1.2400956732628197,-1.1182424990880093,-0.7746837444895512,3.316933598434438,-0.138
0.5699249420482048,-1.094952778765946,0.2385964930587774,-1.1340268255971477,-1.0240152995690808,-0.4253702472599824,1.3811913209637756,-0.7795616829265695,-2.3817797119873014,-0.5202384566409041,-0.15134025999237816,-1.415397199928876,-0.9643419549720104,-0.11020775375559677,1.1600035247954166,-0.33596565902085945,0.9141286109872052,0.06088475743740779,1.667413897559066,-1.364725689750331,-0.5446940625658555,-0.082
0.5729377613006562,0.7344305395475318,0.2707392144920232,1.072742822858095,0.40598033716567683,-0.5484398706410928,-1.4264671128954372,0.28267404972104504,-0.012528583555673482,0.49591613131703033,-0.5952157435157213,-0.38856791947506886,1.6445704430427728,-0.11020775375559677,0.7266587572077903,0.2602232040176509,1.2665177433132382,-0.02427302436502712,0.5014510745107276,1.356199382225607,1.5974506956649466,-0.056
0.5759492379603748,-0.09243861000781863,-0.43182201664926984,0.5018380098255865,0.8641906031735153,0.7990457376909309,-0.17069003711883085,-0.05437903299230467,-0.09054434848106707,0.6846938690029754,-0.25104710427043986,0.7331470741319465,0.8975067795466003,-0.11020775375559677,-0.010664839248903825,-0.09029281081165585,-0.13242497669780162,1.366035670407117,-0.6997068135078383,0.07030789753639308,-0.010339862914081035,-0.103
0.5789593746803209,-0.8245795708549811,1.8633563137153077,-0.5305465921278111,-0.4529561948172255,0.6042574791548233,1.5705303874549006,-0.18326605674838142,-0.27923129658010026,-1.475111351509946,-0.3205731080686635,0.48359202828809955,2.1200332074232136,-0.11020775375559677,0.31770426180459094,0.08476105185069464,-0.2071159321887312,-0.7831891822998387,0.8801878688862753,-0.8410923249474438,2.0597138015131664,-0.138
0.5819681741041667,-1.2089903201830554,1.3431407981385617,1.3183441858425944,0.02012795176630605,0.30616074918547864,-0.8848746516342545,0.28267404972104504,1.467192270290299,0.8732286178951575,-0.8859939381901237,2.2416749356106696,0.6794561613356355,-0.11020775375559677,-0.34179231746222355,0.4230488606289093,0.08821506394157383,1.6999641121885867,-1.2451235262918838,0.9202323850967036,1.3304087768189696,-0.169
0.5849756388663406,-0.29376028536804394,1.170972067544486,0.9223332860650951,1.2448896235975793,-1.2661254988651758,0.8764116092912881,-1.4792123555692283,0.670045149948739,0.026674049720670737,-0.14615477748069303,0.08693547010150161,0.29955232906967627,-0.11020775375559677,-0.03964899288944421,1.1106366525577094,-0.25424477299214704,2.436626144395876,-0.2637900285660293,0.07857606657957812,0.9142683425318483,-0.118
0.5879817715920737,-0.8739040009029747,0.5609407655561345,-0.38100236256982944,0.7478724478383683,0.398640659969894,-0.765214088342456,-0.03155636997414985,1.4328329326947746,1.0615240649741,1.1664244384035964,1.5953775605371059,0.19769026764355127,-0.11020775375559677,-1.6875395426083117,0.06529038914251294,-1.4749343645946766,-1.716009399828282,-1.2413440480544604,0.07030789753639308,0.8106894207035792,-0.02
0.5909865748974471,1.1780547117430673,-1.0859876614163737,0.3600611496201945,0.1210203851495652,0.1191739657967655,-0.739606019934578,-0.09236496971145139,-0.30946504905133254,0.17821197519842275,-0.8110099564083728,-0.03699973717816303,-0.32378133417975624,-0.11020775375559677,0.4634921756555168,0.5796849350920732,1.5279112300120212,-0.4980972540558781,-0.2793898754874962,-1.35640492261422,-0.3344188564986791,0.179
0.5939900513894362,2.1753455883817128,0.9749451717570476,-1.6678235523302691,-1.4107894086200128,-0.31146951158252184,0.5850006115106584,0.39095432366445937,-0.6237709883368627,-0.6039885388879702,0.8719242071168545,-1.7917311415193578,0.9476797142218061,-0.11020775375559677,-0.48875321290535606,-0.04494789805951063,-0.7158288145079214,0.14620550364194354,0.05761107125046861,-0.28552134371828264,-0.35701988712425237,-0.053
0.5969922036659576,-0.47720870430314616,0.7796919739565693,-0.22898595585554873,1.0299902662890732,0.8287341253318665,-0.8506597170516473,1.1067101279869274,0.5058927336794077,0.4354553189578886,0.4324935643853658,-0.5031516223915817,1.02283769454024,-0.11020775375559677,-1.0518656840781104,0.7562759725269425,-0.8287492424630803,-0.049788431204724634,-1.2979841705156399,-0.07029938089302337,-0.038007227783118866,-0.033
0.599993034315913,-1.3954904366106076,0.038159453236240023,0.6110205311259457,0.1965800433424662,-1.686746463035746,-0.9105495439864357,-0.06198140696603391,-0.44188173884366794,-1.7668200526973492,0.29110441971947404,-0.5641692380142522,-2.1985504598260217,-0.11020775375559677,0.8395261549838109,-0.08381666085277852,1.098115712570828,-0.32947603840340833,1.446169788932929,-0.22755621347260466,0.4466538104109744,-0.121
0.6029925459192338,1.0207581473177847,0.10221436183698931,0.2592810458690334,0.29718122056026686,-0.24680067195779226,-0.4756720084239175,0.43751184755749933,0.5283241146319393,1.038941127008739,0.19932923996621277,0.7763036021801648,-0.6516552570501032,-0.11020775375559677,-0.2667450540158913,0.34484946182250786,-0.2738716211908892,0.33447992474537647,-0.4621358633226606,-1.5145492031351668,-0.379652925980327,0.079
0.6059907410469274,0.6309578268602389,2.0047092791315517,-0.9454652908680055,-1.2385616565652153,0.37558392595502527,-0.6032276779096443,0.4686005860498564,1.3478773483331845,1.159344318321911,0.5727618271668495,1.970961081128862,0.1636831283430897,-0.11020775375559677,-1.154483818295995,1.3807237093031652,-1.4479903261394502,0.6010865500436425,-1.4484760367496232,0.7225021862046037,0.7898709293060363,0.048
0.6089876222611205,0.5449900510833064,0.37534306545896723,0.022810592084287776,0.6729829782664994,-1.0855952715460717,-2.138728642026056,2.2718778953935863,0.1882817018486401,0.7827620277662906,-1.2965693454554934,0.17109196881936306,-0.3323803341749484,-0.11020775375559677,0.19692840893573776,0.5470264225478382,-0.13242497669780162,-1.7567441401221766,-0.971745446751466,-0.7663840270731568,0.4466538104109744,-0.0
0.6119831921151028,-0.19325680939573334,0.8772226822457783,0.4847125433069206,-1.574900759948793,0.31389318414688083,-0.39079321025751346,0.7030437372188398,0.838512777196974,0.2841918959641649,0.7197432918265262,1.2230652259821202,1.1977391426136414,-0.11020775375559677,-0.4570835853831769,-0.04494789805951063,0.1592921146654823,1.6118815669882065,-0.15829966831539638,0.8296298439625499,0.8936204000452902,-0.113
0.6149774531533706,0.305518688087153,-0.3127352205600014,-0.18129522205425025,-0.2835664303417612,0.18180358115615133,-0.33145252104491074,0.28267404972104504,0.10769186347812551,-0.5430742025282851,1.0699365786613804,-0.5709641497579014,0.4180928337063941,-0.11020775375559677,-0.5347906868652548,0.6712012476684519,-0.23461194028150842,-0.39700550185949995,0.010386997919751728,-0.012391214025948848,-0.6652418254534238,-0.04
0.6179704079116721,-0.393951895257661,0.6013784382843188,0.17059452408134917,-0.4105632558587355,1.0853435485154128,0.006484734055353789,-0.8309212992422987,0.055046078459719226,1.5349909151967212,-1.1489748087887053,0.5276253022298076,1.272499471835005,-0.11020775375559677,0.5657210127800687,-0.3875811650673938,0.333355111646048,-0.312576881113745,-0.2774402959491066,1.1259961249723713,0.22545652052469936,-0.072
0.620962058917048,0.13556814470161616,0.5043824308987089,1.0303923007874118,-0.30048364064047967,0.9833804113019616,-0.765214088342456,-0.6394884118129822,1.8760005212647592,0.895836635125172,0.5251866218065762,1.2052912605428903,-0.15213837356787974,-0.11020775375559677,-1.4952885778844298,0.46870177298741683,-1.8470014280912084,-0.4896822577427242,-1.8636834988075661,0.4585660599107152,-0.5161199004326972,0.105
0.6239524086878749,-0.21841207135518576,-1.7091242842267034,-0.6776840415445943,0.11261908093497987,0.3832741864515918,-0.297570879146003,-1.0277693474430332,0.6831692949718763,2.2910520627195807,-1.273866804227736,2.0475904744486892,0.1381602467309201,-0.11020775375559677,0.18239115452692437,-0.23262469407978753,-0.04189475020437537,-1.8786646419324962,-0.6592718411865844,1.2082423536172608,2.327208350992549,0.034
0.6269414597339102,-0.15968585455355375,2.3641615861685747,-0.9941937276968231,-0.7505682668720988,1.2651700878471615,-1.1593392179981354,0.12118831638884076,0.24460759309571511,0.01151125614991967,1.9521782158661678,0.24831125929625167,0.8305246792984817,-0.11020775375559677,-1.8369369695846616,0.1302121910233923,-2.5610575166035736,0.3430563124902152,-0.9812801144456639,0.9119974617021183,0.40377554027508167,-0.061
0.629929214556331,1.7796460473471896,0.05416572383290116,-0.6877443514115014,0.02012795176630605,0.7469121762211072,-0.46717846314571343,1.1946088994600956,-1.0388974887833975,0.918441212800946,0.4747316144613126,0.15171756123590802,0.2146838381728205,-0.11020775375559677,0.23473944000066624,-0.2390877875241737,-0.35231904561852195,0.799867709037218,0.14632987774621328,0.2273486756366279,0.48405908597107267,0.034
0.6329156756477793,0.6567940484669318,0.2627016396147181,-1.0716130037758502,0.1965800433424662,0.5360969164380344,0.3676482773513872,0.34448770968968623,-0.15455451934075262,1.2946834393321967,0.6888042940622036,0.6836368976530842,-1.314069147943186,-0.11020775375559677,-0.5362288329413826,1.0317550709288863,-0.41109147368413823,-0.21951198880349088,-0.0014089177769856353,0.8131523188165306,-0.049088585308667235,-0.079
0.6359008454924017,2.311441664532274,0.755339073182624,1.2378440259836396,-0.47840660401859475,0.5740105573946748,-0.06938245417267842,-0.6468849523100497,-1.0887847456763575,0.0039292426134980565,0.13690819573640126,-0.16204469374691294,0.11262237231400452,-0.11020775375559677,0.3002298514574569,0.04582477229511315,0.7346035740602173,1.6470969742280839,0.5752928556278634,0.3264728093723234,0.07235225485324717,-0.087
0.6388847265658908,1.3802166336213184,0.4963078349553802,-0.5407705374788696,-0.12309178137335196,-0.27101595275873436,-0.12001451130460153,-2.548209446460518,0.12198156586231344,-2.0977553364818076,0.8286504949187933,-0.3751453280676326,0.922600037998006,-0.11020775375559677,0.04298821660561875,2.202884210708106,0.4364221691123546,0.43750180429149466,0.05170453057248228,0.6565496731413591,-0.4136623648622155,0.02
0.6418673213355295,-1.5487717567143056,-0.5427275100433715,0.09367478120726583,-0.021960203200840505,-0.9664182112590964,-1.4783076919757074,0.4452802567890207,-1.1054781359659545,0.5185824142471913,-0.6728939912751063,-0.004277468863403669,0.3419248885042462,-0.11020775375559677,0.608115468483775,-0.35532577868584336,0.30959267806190705,-0.1432182253772562,0.5872811622262128,-0.40978348350886423,1.2602944357038435,-0.053
0.6448486322602278,-0.8245795708549811,-0.42389127514161656,1.355722403051609,0.7645024537399154,1.5469149896181507,-0.6458102738046937,0.7502013928141263,1.1858511496260984,0.4354553189578886,-1.3422374211799442,0.35057630342117113,0.628988265860885,-0.11020775375559677,0.19111314349969097,0.9398235860852304,0.5793881644504245,1.199877510765159,-1.1030556747987414,0.18603332140629342,0.7376725368681419,-0.055
0.6478286617905663,0.09322182050052884,-1.7091242842267034,2.154810878045727,0.16300952912765665,1.3858086964313467,-0.6884251921838876,-0.09995437122118675,0.4517381453311026,-2.2828635113977542,1.6603162398516271,-0.4491203461551525,-0.12644764108541984,-0.11020775375559677,-1.3421672775068239,-0.30368733122424973,-0.9103896760135741,2.107016862986542,-0.06817588216747912,1.1424480935158894,0.03933133688381907,0.094
0.6508074123688354,-0.865688410586712,-2.8136015073596132,1.7115991506799517,1.0299902662890732,2.316328103781919,0.8348627654355791,0.7266114075827105,1.7948412030656637,0.8053838661014857,1.15411718982264,1.0259765437490953,0.9977984982592567,-0.11020775375559677,-2.2198740792883225,-0.7671021311703192,-2.0187768146630147,1.4624793121812518,-1.7767059229392896,0.3347310624656026,1.405122057499888,-0.203
0.6537848864290763,-0.8163516146977091,-0.4397515654108818,1.4813535700935772,-0.47840660401859475,0.6795484508177321,0.3089998989119587,-0.046774068054180565,0.6568933175135386,0.6997855413673899,-0.06656864855285526,0.49618856168295444,1.2143627026833104,-0.11020775375559677,0.09087629530569406,0.21469402721232445,0.5038966922120088,0.8865504993908598,0.1502781762974742,0.854343633842949,-0.20508721837282595,-0.267
0.6567610863971218,0.10168659148595435,-1.2502475936637116,-0.04751996060541505,-0.7249990129275343,-1.1369590692129594,-2.4276066657230237,0.5075180751726729,-1.9453742234075193,-0.07191357070937365,-1.322622375953492,-2.1089662620580323,-1.6220137529373788,-0.11020775375559677,1.7426336628753818,-0.3746807337254019,1.098115712570828,0.16328912130236214,1.7537723718288594,0.7060160383683524,-1.2509380620919925,-0.172
0.6597360146906323,1.5304994347330874,-1.7323556540255185,-1.1674544681027865,2.858948599552443,-0.8229655762363837,-0.20449800885437996,-1.6271976936293477,-2.3182793948730724,0.07215258156271553,-0.47119507050027754,-0.9076213614628709,-0.29799392225722976,-0.11020775375559677,0.9364068571403941,-0.45849238773841366,0.6828264812395514,0.28305519923520883,0.6612948610184506,-0.9573535449886938,-0.596251543180554,0.1
0.6627096737191402,-0.23517134039592635,-0.5189816216709949,-0.6927703326954596,1.368545430004557,0.9540815407990055,1.9558244282530741,0.35222582212588,-0.18925382912776958,-1.1076059131185483,-0.499104388879417,0.5464498889197597,0.45190318140742514,-0.11020775375559677,0.7208002475805586,-0.33596565902085945,0.48801433650495946,0.12912836493884639,0.2669526586762007,-0.7165920619460349,0.7481297034769624,0.229
0.6656820658840861,-0.8410292904184339,-0.6612977911472819,1.750498465588603,1.623360392064192,-1.5893710121988245,-1.0820131672174338,-1.3371050533363393,-1.2458463509496485,0.3371522751429615,1.102495644091965,0.6774340072084821,0.02738830236548199,-0.11020775375559677,-0.01356380788930158,-0.6900756650433902,0.5754128608903549,2.2760336989216046,1.1733246793624894,0.730744764218905,1.078259243624371,0.012
0.6686531935788584,1.5039253470498983,-0.6139014291140475,-1.1864998664359439,-0.013540226812201484,-0.814570241847858,-0.7993765758592479,0.2518281612667327,-1.5978756593609975,0.5034719534744142,0.609068839401622,0.4394059764246862,-0.5565110230112796,-0.11020775375559677,0.48392630410028264,1.1303690047597081,-0.026137561540000114,-0.3463684876647229,0.8701192134222869,-0.5589895050935909,0.07235225485324717,-0.068
0.6716230591888315,0.40792733380713714,-0.6059979266903497,-1.5408017053311147,1.4343991639603002,0.7020449099870156,2.363411426197175,1.0509276087687458,-0.46760935890054567,0.15549167688274207,1.5179835511874609,-0.9841927366344047,0.12964928601575834,-0.11020775375559677,-0.5937285208087287,-0.16149309663681036,-0.7742617742667437,-1.256608913825775,0.7113874662090443,0.44205894043572963,-0.8913916859054415,-0.106
0.6745916650914059,-0.9723311696555414,0.38339842098938814,0.022810592084287776,-0.2159456126376041,-0.09442621665549907,0.668397279949463,-1.6902316313763812,0.6216861239042011,0.5865600078846475,0.8127583026526328,-0.2748647828895802,1.0895434658926324,-0.11020775375559677,-0.7329523217174645,-0.3617780044908721,-0.9608742197889149,-0.1092668383094325,0.045798998059328404,0.7884335368553322,-0.4932960962214586,-0.11
0.6775590136560454,-0.5602525015367941,-1.6083427349989023,0.7742297595058836,0.35578922027139104,0.9394043205003273,0.1831354026505648,-0.7427948511849081,-0.7296021969506858,1.369819921478065,0.06856479813454881,-0.09609344368261438,-0.8164369223451714,-0.11020775375559677,-0.006316155929431005,-0.10971786722028554,0.6310879789768897,0.6442295969893737,-0.3806095493020554,-0.6336296702123485,0.0007126494615337851,-0.072
0.6805251072443137,0.06784096124394652,-0.7086520087436081,-0.4535006906196042,0.18818914477672338,2.147609300513139,1.562309217151892,-0.046774068054180565,-0.26415975244745293,-0.05674170299064317,0.21596503634610947,-0.04355341519137319,-1.5779129402504308,-0.11020775375559677,1.1938948108493344,-0.24555031084511283,1.0500732423071921,0.6010865500436425,1.3971660189281188,1.0684035475089575,0.3230088342987634,-0.245
0.6834899482099155,-1.2008577989047138,-0.3524607999743173,0.017381688366122573,1.4590771930432045,1.2580323179056636,0.7350356219459769,0.7108971461767368,1.4595766047274994,-0.466970112995202,0.3165909541420209,0.708417092933284,0.9560365957461064,-0.11020775375559677,-0.46428257546819185,-0.7863455428044709,-0.014317185910584729,-0.7246564484805021,-0.7247118275491604,0.10337866866963293,1.2452213006954946,-0.157
0.6864535388987308,0.13556814470161616,0.7878122475158047,-1.5453700336335094,0.2720463968067818,-0.07848606273889204,1.4553435564340758,-0.45370490712492617,-0.13479944195729546,-0.42893416412159535,-0.47955083118827396,0.3633035671868673,-1.2439333053725665,-0.11020775375559677,0.9085040237577312,-0.36822965624027715,0.23440025702435807,-0.8833327870375844,0.7133925647063654,-0.6502197213536997,-0.27243157211206365,-0.189
0.6894158816488544,0.5793489898061582,0.3592361805665006,0.35443396060771115,-0.47840660401859475,2.09508307262881,-1.0305199766562587,1.8180286656881843,2.1276167464990032,0.49591613131703033,-1.0360653090669951,1.0018520567337152,-0.45293336525404415,-0.11020775375559677,-0.957648396713995,1.4533363923934124,-1.3747934176038656,-1.5526022047063721,-2.395682214748242,1.577925017152408,1.0067715328134472,0.083
0.692376978790631,0.6912754396787165,1.6645131891773814,-0.24482840391106006,-1.0925817784874812,0.3447760434677316,-0.7225405230422178,-1.92623215309688,-0.6818065647906861,-1.1152514722707505,2.888253931330665,-1.1525186883773255,0.4096362139192582,-0.11020775375559677,-3.9115592985557184,-4.495444292303615,-3.521438610384557,0.40313570361090373,-0.7247118275491604,-0.6751070754255677,-0.47050393496669296,-0.266
0.6953368326466948,-1.5568197445702767,0.33508540560233085,0.022810592084287776,-0.8358808479491258,-0.764298592271294,-0.2214093125456898,-0.1530073705542427,-0.6765132949889324,-1.0693849267644076,-0.8709121241173338,-0.9423814212010257,-0.3065881270058807,-0.11020775375559677,1.22780114292347,0.39045613387694666,0.8941587305861404,-0.8416368090159777,1.2342481619295353,0.14470997888314788,-0.5790480340753632,-0.142
0.6982954455320028,1.5216388419269384,0.16634905642613088,0.5706497361103675,0.872490863882602,-0.02284422515241212,0.7017251876470985,0.03705121555883692,1.9763204829110375,-0.07191357070937365,-0.418613115801838,-0.017357149743073032,0.5110094708728352,-0.11020775375559677,-1.0589974990055302,1.4335266604069576,-0.6963388852266459,-0.5653559819885579,-1.994526764934534,-1.106918111682595,0.43594715991752403,-0.069
0.7012528197538737,-0.25192190043392765,-0.22523281492405298,-1.430443851010924,-2.420546463606144,0.6268937040271683,-0.4756720084239175,0.5231026414687561,-0.799138284374222,-0.6420740945515907,-1.0453880724235305,0.07394202558530996,1.305688717862185,-0.11020775375559677,0.7515626464811849,1.0711862868317137,0.2581361422615748,-0.5905498625861157,-0.052477734477272296,-0.6087468738376267,0.20368517616715276,0.08
0.7042089576120243,0.18645807478272328,-1.062481375838451,-0.24482840391106006,1.8281409768155699,0.18180358115615133,0.4346068228437693,-1.3156913665535013,-0.8855332445703151,-1.475111351509946,0.4614480195979794,0.6836368976530842,-2.0471919842281467,-0.11020775375559677,-0.016462653643584218,-0.7606864852490117,0.048760722571378055,0.44609729959421607,0.4058780413736908,1.742001825032883,0.23089408545785875,-0.028
0.7071638613986007,-0.502144137137582,-1.4762743435496424,-1.2055046351526826,-1.255760629847148,1.3928637437101112,-1.1421467367298523,1.3954658588013285,0.3097379015678653,-0.3833051232708755,0.7706418626240812,-0.22166282448377686,0.9309614369992427,-0.11020775375559677,-1.0775363446824355,0.006908697581709613,-1.019073387151473,-0.5065105517528501,-1.2621250499668395,-0.5755740749061191,0.6852543480434429,-0.108
0.7101175333982226,-0.21841207135518576,-0.2650247696110587,-0.5917193038513601,0.5229349172518695,0.03256647118359272,0.27546138146944654,0.052325722299999995,0.10292213968490732,0.07215258156271553,-0.028588063822764808,0.39506733804548605,0.35039449645943366,-0.11020775375559677,0.10249053367166708,0.17569070559703664,-0.5089247538371975,-0.5485515225280011,0.06548802635459994,0.1612402731665151,-0.6883010674199972,-0.116
0.7130699758880105,0.28848269174660296,-1.623859497873968,-0.04212871347560894,1.442626209185965,1.041756025571094,-0.12845740607005451,0.5464982897692479,1.265493909566134,0.35984357411203616,-1.120534853363609,-0.32157692017603684,0.7886112750023111,-0.11020775375559677,0.1634972573130016,0.7300893859511746,-0.3758345229113522,-1.7486009600125332,-0.9163847957049958,2.4213872549728563,-0.09905632983843601,-0.019
0.7160211911376246,1.5393625940141502,-0.8189821912544936,0.8213755406992527,0.48954181065319785,-0.1824349034791694,-1.0905998483795465,-0.9769266658422078,0.28190160032259143,0.5790085127912259,0.49895417076784043,0.6588065251797246,0.3334536484647806,-0.11020775375559677,-0.8088948306660642,-0.9273017538535062,-0.14422400283005557,0.26592644740058413,-0.7631419130182816,-1.5728392341000141,0.5426242966635147,0.007
0.7189711814093007,0.23742946290895106,-2.3330235682172065,-1.0426590915462175,-0.9042219561945053,-0.9156299138482568,-1.9816911730259341,-0.8089263374130505,-0.9509208268868259,-1.643911309980834,0.44811394589511216,-1.9902894281395132,-0.135009594603207,-0.11020775375559677,0.48830580429360554,-0.1679624479267815,-0.15602088684385873,-0.5233320469069596,1.3624907816501743,-0.4926634516061657,-0.8972289368047698,0.255
0.7219199489578842,-0.5934107332045626,0.11022682657760034,-0.7777888686868422,0.806058293905644,-0.45808422855057473,-0.19604418844012608,0.5699164710323898,-0.3145157770414304,0.9335090234728607,0.36248471181908215,-0.15543577123509655,-1.8785030583027342,-0.11020775375559677,0.24637771527142252,-0.4198221791595307,0.04087268073813154,0.6442295969893737,0.7254254048815173,1.996040201144116,-1.1677988393302121,-0.178
0.7248674960308633,1.1517830975423649,-0.582280360776312,-1.3933486532209685,0.4811907291567214,-1.3094215450090336,-0.7566767537892456,-0.1681419311167267,-1.6273373777509639,-0.6420740945515907,-0.9345428097892082,-0.9702436075978275,-0.7122994951694914,-0.11020775375559677,1.7663850798515204,0.09774429427759546,1.8873210174475936,-0.43915667017344295,1.9290871598097623,-2.173205036797279,-2.0215712895263436,-0.275
0.7278138248684044,0.4506955715274876,0.16634905642613088,0.7742297595058836,0.0537774093518373,0.5512763760352277,-0.6969520707655834,-1.2799455913739597,0.040619732260638704,-0.9318828159597212,2.0443521016555386,-0.20176255940339208,0.5447493715865607,-0.11020775375559677,-1.1630275478692333,-1.0679709041729617,-1.208798511484685,0.02680203311361377,1.005258799137092,-0.434644246103134,-0.879722932424517,-0.07
0.7307589377033888,-0.22679279532894167,1.3842231841122496,0.39389473532127184,-2.0964034145724866,-0.3927322622672048,1.3894344873064015,0.43751184755749933,0.9273162108072636,0.8656918467239025,0.2490217552975076,1.8045952838032977,2.1445050360611124,-0.11020775375559677,-0.495948713833328,0.7431815974514115,-0.4502429321232538,0.6355978539986773,-0.510566124544103,0.7637117661060187,1.1998977551883292,0.09
0.7337028367614423,0.3225638350238627,-1.0075936680922062,-0.12267130419250782,-0.8871290597975214,-2.13676056132174,0.7433605083224838,-0.18326605674838142,-1.1110497569153766,-0.08708709526729107,0.8660602268602581,-1.1173083752684718,-0.4184579145687193,-0.11020775375559677,-0.24797001456208534,0.20819208211776957,-0.266021600446192,0.01828543360381872,0.225380259941036,-1.5728392341000141,-0.22189600861017703,-0.005
0.736645524260971,0.11015360765442403,-0.6928719422905133,-0.4380134601092151,-1.0325815913238032,0.024664800379821838,0.3089998989119587,0.8526818412346774,-1.0999100947427138,-0.07191357070937365,-1.02365926796451,-1.2302447289324008,0.8389027706229363,-0.11020775375559677,1.0525355458707764,-0.3746807337254019,0.17904922632840933,-0.7915440631383697,0.8963032282535242,0.3347310624656026,-0.379652925980327,0.054
0.7395870024131964,-0.19325680939573334,0.4156326173613752,-0.4843968853969804,0.5813297839001419,-1.3267736754368955,-0.3060394334631199,-1.5286811725474085,-1.7461142574784998,-1.1305439550383305,1.3227450161479541,-0.7212188249856197,-1.5426582324229738,-0.11020775375559677,0.16640367693569214,0.5339668412428942,0.7306193528896354,1.164966082732851,1.4318709246645633,0.18603332140629342,-1.2033850257717735,-0.177
0.7425272734221875,0.7949477152955178,-0.5506404411500383,-0.4586572943598911,-0.07250475617463595,-0.2387383835345453,-0.7140097347039783,0.5621079087274569,-0.2892957729226488,0.9787033184289577,0.5317135143439866,0.1064025047657064,0.3419248885042462,-0.11020775375559677,0.15768478240641548,-0.35532577868584336,0.8741945010819043,-0.15170193982452868,0.42576837185160527,0.012421840755694928,0.08334260758051444,0.111
0.7454663394848923,-0.14288723040717663,-0.5031451092498017,-1.0184591476736675,-0.12309178137335196,0.6870519261289693,-1.1593392179981354,0.259535818421279,0.4153837602721979,0.49591613131703033,-0.9651088142191121,0.19688123505976132,-0.006751563537464839,-0.11020775375559677,0.1954745471307817,1.5194027341897638,0.16324306849749812,-0.7330234632616239,-0.8053600218927642,0.9367012267706876,0.8781123154787916,-0.058
0.7484042027911736,0.6912754396787165,-1.4451534681134208,-1.1960073205882955,-0.3427977573271344,0.6268937040271683,2.3552822924953083,-1.5850452666187536,0.21650249593723334,0.14791743196052973,0.5813402646298211,0.47098302323333724,0.29955232906967627,-0.11020775375559677,0.29877384609322516,0.3383364305842437,0.4483245907344701,-1.31434830958863,0.5154097573841618,0.11164556714235077,-0.16593770238044467,-0.208
0.7513408655238408,0.279968120561571,-0.999748018515574,0.45055392766736957,1.0217105174894094,0.07200414991515044,0.44297155566032526,0.021787016769170723,-0.34996521161501937,-0.7563962336306451,-0.2537014708413302,-0.3015391108266738,0.7634448128705372,-0.11020775375559677,0.5029060697714585,-1.0488057384444538,0.6669028273441975,-1.2896137163714547,0.29667703421927777,0.7389870113940237,0.3230088342987634,-0.019
0.7542763298586815,-1.4278187586265472,-0.4397515654108818,0.05000253446689103,-1.8785002144130303,-0.7225369002851691,2.1028238291151644,-0.431298974567497,-0.19919787688284823,0.41277597353568324,0.5425639920593398,-2.0198880911073456,-0.4184579145687193,-0.11020775375559677,-0.052687847235703265,0.22119652844994167,0.5952916732406451,1.7175982071018283,0.47952675748313833,0.3429889930238114,-2.981358074622676,-0.177
0.7572105979644955,-0.799889502046697,0.7147772494980261,-0.1119725154234315,-0.707959105986607,0.8805100778598632,-0.6628523521661501,0.7108971461767368,-0.22911008036754502,0.4052153969139537,-0.10232768847778413,1.2348985904736363,-0.999206871752009,-0.11020775375559677,0.8351254894680267,1.0777600189623453,1.0820979704121874,-1.0330748174297733,0.6372742600442146,-0.24411612418316272,0.9606038262958976,0.012
0.7601436720031258,-0.08402279650845652,0.9994059512510767,0.4676178795737973,0.24690127455918293,-0.7141988832362837,0.8431746804189589,1.38740272786309,0.8512803235880715,1.0088252525377222,-1.1268425540740263,0.6836368976530842,-0.8425058073795891,-0.11020775375559677,0.18820569259459535,0.20819208211776957,-0.06552342945657505,-0.9333101693162899,-1.0783603953883028,0.4833243005695962,1.169594597939396,-0.063
0.7630755541294904,1.486222092034531,0.7472240764772423,0.5821668286916044,-1.049718042257931,-0.7559367041770373,-0.17069003711883085,0.7266114075827105,-0.39578621838895667,0.24635100277794783,0.5898967608089457,0.48359202828809955,-0.4788065394080452,-0.11020775375559677,0.060398212823236104,0.3513630453493608,0.35316352843557663,1.1824187748048194,0.6813238535294085,-0.6999971587662405,-0.08238196065130109,-0.16
0.7660062464916152,0.8122598541326511,1.763831022458525,2.359767339833548,0.07900225057450527,-1.38765792789049,-0.7737527366607342,1.2186321685533257,0.8043328554909402,1.023883946317616,0.16103430115241385,0.35057630342117113,0.06150178846569423,-0.11020775375559677,-0.5376669471633881,-1.1062850813771936,-0.4658967460244388,0.14620550364194354,-0.801524397096339,0.2521340451821944,0.3876607253964141,-0.086
0.7689357512306658,0.8382460515168804,-0.5664627604043297,0.18163470780435229,-0.8785845189769599,-0.806179687415719,-1.0305199766562587,0.12885255276223298,-2.0496311147118362,-1.0464577709027263,-0.15913010335302755,-0.9841927366344047,0.28259182683733686,-0.11020775375559677,0.4956055656832541,-0.933702051767097,0.3610885200013241,1.3572770122041267,1.1672374764708995,0.2438725759707447,-0.9732871490992708,-0.099
0.7718640704809777,-0.9477519877490277,0.2385964930587774,-1.9426697427586397,-0.844419047794771,-0.7225369002851691,0.9262349230603368,-0.8894546851789921,0.8978624436928465,-0.06432742988024245,-0.013491760504156992,0.8131722737468687,-1.9761034450071808,-0.11020775375559677,-0.3244812431325439,0.5992865901023915,-0.6534394822613064,-1.5362205508266504,-0.5647214065116645,1.413708106543395,0.5319956351230803,0.036
0.7747912063700879,0.5364061683199977,-0.06576070173825103,-0.7678279727208255,-0.3512642036701874,1.0271898741141312,-1.073427765090066,1.258719281347831,-0.9509208268868259,-1.3754731784791525,0.7402023392843432,-1.9755077482779075,0.5868885468793196,-0.11020775375559677,-0.5534841003012609,0.29926985193832456,-0.7820486552125416,-0.09228124159652579,-0.009270613008773751,-0.9573535449886938,-1.653842704583262,-0.055
0.7777171610187663,-0.6678935922125885,0.10221436183698931,1.097026299727884,-1.0068865782625012,-0.41720362797632204,-0.7225405230422178,0.3677096381636113,0.5372748168298079,0.6545058571471447,-0.5271762839264789,1.0920573150405657,0.8975067795466003,-0.11020775375559677,-0.26241282121950776,-0.5035813651008387,0.4126235673026897,0.41172484482317284,-1.0327149492457044,-1.2066811072103152,1.6512075204441334,-0.115
0.7806419365410474,-1.135725618922261,0.150307879376164,0.07727379441595984,-0.5718192125956468,1.5885444661518169,-0.518158724985024,1.3390743139127446,0.4426684369968806,-0.2161292563495131,0.4525642534073373,-0.5709641497579014,0.29107289977664913,-0.11020775375559677,-0.8146226436227164,1.1830119337998481,-0.06158590858631375,-0.8916667347685272,-0.5994870234428412,0.5410821248061083,-1.3523841411232422,-0.063
0.7835655350442582,2.466437229491266,-0.04179763254501905,0.20375406180655967,-0.23284362822327478,0.5208987796088803,0.27546138146944654,1.4600570874282939,2.023956353521665,1.8648074378595978,-1.1711932514619985,1.742859394136473,0.4350012301004791,-0.11020775375559677,-0.6238953838364729,1.294990453924813,-0.7236230691565196,0.21457876965519002,-2.018411962194462,2.5275679960600836,1.4991632606754044,0.102
0.7864879586290523,0.7517092297241682,0.3189912470864924,-0.144031974752596,-0.11465765287187155,0.7618307212671561,0.25029542854783404,0.20563570599621245,-0.07585215610832656,-1.5671555947904716,0.6575631259011228,-0.38856791947506886,0.5278826031104629,-0.11020775375559677,0.5248120347431497,-0.26493445801191645,0.3650513637832228,0.30876035605220203,0.72341966382767,-0.2606772795777067,-0.39664867340762877,0.104
0.7894092093894384,0.4250276879445788,-3.0637540186528827,-0.03133685135202854,0.7312380498167196,0.8878880844972279,0.951132204211132,0.5699164710323898,0.5685041500009167,-0.09467447953744769,0.05376739474737036,0.20975731112439816,0.8640278960467792,-0.11020775375559677,0.16785693227914028,-0.4649354035201501,0.22649016245047068,-0.16018399928253782,0.10489964049982177,0.689528569303116,0.1436405193805775,-0.165
0.7923292894128094,-0.7422068443584434,0.5609407655561345,0.07181317876944952,-1.4798296815050114,-1.9823924121262506,0.3341417632701093,1.419669624573242,0.16467577765340555,-1.82063149259686,-0.9162856290057918,-0.8037929053588944,1.4216707432742353,-0.11020775375559677,1.6640074962359634,0.03285050029260198,1.8185367086056792,-1.5362205508266504,1.3604519870620477,0.5823279128281189,-0.317489126218639,0.099
0.7952482007799739,-0.6596261153342183,1.2610799530689956,-0.33409254140017425,0.28042581454575305,0.6494879779014815,1.1085944014389373,-0.09236496971145139,0.23993143203708328,-0.5126274032761305,1.3489180159764045,2.042138284599663,-0.4184579145687193,-0.11020775375559677,-1.076110478373303,0.09125239313354212,-0.8092949793729448,0.37737782898996464,-0.41557443494307345,-0.5092431286998395,1.7144675061448253,-0.26
0.7981659455651865,0.5106685348123055,0.7228869841065445,-0.9161009751446354,0.40598033716567683,0.39095976423380047,-0.5862036488742802,0.4686005860498564,-0.3601239870596911,0.2614885676959954,0.8385406840707548,-1.617042355133863,-0.5565110230112796,-0.11020775375559677,-0.9733612406300032,-0.29077199335640075,-0.8598632236295873,-0.304124789616857,-0.6997068135078383,-2.0062897636423735,-2.0215712895263436,0.178
0.8010825258361757,1.064371661963837,-2.4936620237303915,0.06635574800130034,0.4227016531079465,-1.1369590692129594,-0.8335600931003908,1.557230411695367,-2.0496311147118362,-1.3448311566283897,-0.28300339195435015,-1.8723658041171007,-2.6460139989855684,-0.11020775375559677,1.5706473072008689,-0.06438482032943252,1.6932677852111038,0.33447992474537647,1.9518276580635563,1.651777014337512,-1.2568905940059905,-0.264
0.8039979436541755,-1.9169964503393948,1.0320391729168734,0.17059452408134917,-1.1011584099574554,-0.8987387889113531,-1.5821217906961307,-0.0010899337431420082,0.4653191357162229,-0.23131862965670064,0.8952639033835673,0.15817878725189655,0.9977984982592567,-0.11020775375559677,-0.6612252448130567,0.3578771809736644,-0.24639235770532106,0.6960528878879771,-0.12502099764998575,-0.11167179520257543,-0.6192170053629436,-0.079
0.8069122010739512,0.22892855854303382,1.5571508328146086,1.4183374262310176,-0.18216391531048734,-1.5189201299869084,-2.374990459384623,0.3832035684333459,-1.1613556724537242,-0.8937135707521436,2.0266198222636,-1.3939306061015369,0.18919098551377447,-0.11020775375559677,-0.4470036689578114,-3.3698546835878247,0.5674629424475294,0.1376661239293557,1.92495381714011,0.44205894043572963,-1.3583682623185638,-0.096
0.8098253001438328,-0.750453451805608,-0.7165402922979374,-1.0619720987156505,0.9720094700786256,1.7602317166557755,0.26707388149333383,1.306903414059778,0.774266147813385,0.9410423571675213,-0.5215488699468764,0.9716252019127529,-0.4356924766998426,-0.11020775375559677,0.12427248776135373,-0.07086266541038584,-0.30918484733379,-0.5905498625861157,-0.6573450665356233,0.7225021862046037,1.2200609049137483,-0.068
0.8127372429057401,0.6481796137781404,1.441797035538263,-0.6676125850548758,0.08740820192153194,1.2151090252439862,1.058910450082955,2.0647115417710786,0.906292808267171,0.7450512471507078,-1.164836317869046,2.0748021134719363,0.5447493715865607,-0.11020775375559677,1.0598915007716403,1.4335266604069576,0.25022324730081325,0.40313570361090373,0.675314027955834,0.07857606657957812,1.9312396269249843,-0.177
0.8156480313952148,-0.0081809385321477,0.2627016396147181,0.9342804114874277,0.2552841276568894,-0.5402019369978848,-0.41624365959756776,-1.2082435864396357,-0.02223450758099676,-0.15538851735288456,2.5346631602761978,-0.4423801223567749,-0.6603140710580337,-0.11020775375559677,-1.478294725507537,-3.1973612341590814,-1.328516416139738,-0.0412849369446513,1.5034153590234325,-1.2066811072103152,-1.587129474855865,0.022
0.8185576676414469,-1.1194225183529625,-0.8504634009177379,0.017381688366122573,-0.7249990129275343,-0.6725803695375454,0.5933452430749303,-1.0712412263541728,-0.42136088412737127,-1.4137861925641124,0.40104540697303176,0.5150599676077089,-1.5250395471890306,-0.11020775375559677,0.0023820397041952068,1.1698480242442562,0.18695371009119907,0.3173319455722522,0.020220017297029737,-1.248261533450251,0.18733456020925573,-0.274
0.8214661536673026,0.5621648351759793,1.5076797192695341,0.2983455677675351,-0.11465765287187155,1.3787490593806515,-1.0991878075320811,1.0748197957904715,-1.728202589304751,0.5412451502400023,-0.9681748780030932,-1.0191181336156436,1.5126046616169222,-0.11020775375559677,1.4700014732456927,0.006908697581709613,1.1341687242918241,2.391971388835917,1.4522994092474877,-1.3064864477493077,-0.14361127890684552,-0.157
0.8243734914893546,0.6654108465021059,-0.3524607999743173,0.3488101176902166,0.2636658347914367,-0.7726652564922749,0.0990806686040144,-0.18326605674838142,-1.3655012697790274,-1.4061226557796898,1.4256773287624849,-0.6186134433395644,-0.2121401234941734,-0.11020775375559677,-0.5894178167771537,-1.1637158685836204,-0.9880408051571888,0.30019036785084663,0.7916748284783883,-1.0071977029558083,0.585051707400267,-0.024
0.8272796831179108,0.22892855854303382,-0.582280360776312,-0.6776840415445943,1.3438331041567035,-1.4575292785005463,0.44297155566032526,-0.9332400047285103,0.3143661256274907,0.2312118252764545,-0.17736071169354312,-0.8175975130936373,1.5868791157377098,-0.11020775375559677,0.5029060697714585,-0.35532577868584336,0.6350664914791739,-1.41312302198556,0.5852828410107609,1.6599810341999133,-0.2893130682906588,-0.155
0.8301847305570376,1.4243410890604327,0.2546653283207444,-1.4857957332340535,-0.04722718266617803,1.5330019159615154,-0.018793588141029306,0.2518281612667327,-0.5661530627405444,0.15549167688274207,2.041044870766934,-0.21502634250987898,-0.07511010305752537,-0.11020775375559677,-0.5290377840846354,0.09125239313354212,-1.1972000209926612,-0.6408914025587754,1.2627110737755556,1.2657944064805042,0.393034475750596,-0.124
0.8330886358045934,-1.094952778765946,-0.18541053103438862,0.6864505071770668,0.09581299018617133,0.0009315059991871549,1.1168714078742557,0.22102299549274648,-1.8663879976972195,-1.7283978336069055,0.3920092589922684,-1.7406042273540732,-0.3151839313854066,-0.11020775375559677,1.2056866126850307,-0.8504519816535151,1.2263863689954386,1.4800338528421508,1.9642366364597499,-0.44293178240372816,-2.0648911575006497,0.067
0.8359914008522518,2.066911607549745,0.8040567601458021,-0.7578561106651475,0.13781951557638372,-0.35204158770030936,-0.9448009332332746,-0.1530073705542427,-0.08564364984072258,-0.9853385454080863,-0.35573774457735624,-1.3296916888240544,0.10410642198412987,-0.11020775375559677,0.4109740850068512,0.3969735780800554,0.0803223126358255,-0.32947603840340833,0.2511098082025334,-0.8244883750225587,-0.36833240938603895,-0.012
0.8388930276855323,-0.393951895257661,-0.12960819011501204,-0.5305465921278111,0.4310606167240445,0.4675581398881941,-0.8506597170516473,-0.2662617940990347,-0.204174901003798,0.20092862429431013,0.2112192756050013,-0.023901603930338307,0.6121530986463634,-0.11020775375559677,-0.5333525089382586,-0.6708058731276941,-0.711931319137379,0.5493666985082778,-0.7650621689479687,-0.17788396198429507,-0.07127596004634892,0.1
0.8417935182838253,0.22042992574614517,0.4156326173613752,0.5706497361103675,0.49789176939828417,-1.2834294724705118,0.03175236108218807,0.2441230492780174,0.7699587396344985,-1.275913754653679,-0.8558728954289112,1.793399849022989,0.42654783847481326,-0.11020775375559677,0.2507425667742315,-0.025505899462384202,-0.06946071327939803,0.8518588535555094,-0.8934472813052499,-0.08684740425834975,1.169594597939396,-0.087
0.8446928746204205,-1.037786101736206,1.5159213791818775,-0.9893327609322118,-0.5633210039532136,-0.5979674434871037,-0.365354012647037,0.5386972352490758,0.4517381453311026,-0.03398700326229202,-0.8859939381901237,0.45836155099243275,2.825100921376589,-0.11020775375559677,0.07055607712376454,0.3383364305842437,0.5714377868745079,-0.16866440271798122,-0.2345205566186559,-0.8161868508982592,1.405122057499888,-0.258
0.8475910986625321,0.3310898444628713,0.6742482565445831,0.13755164547760462,-1.376301379624071,-0.11837187222947805,0.4346068228437693,1.0191054930906482,0.842771647649017,0.163065515556302,0.8719242071168545,-0.17527173091256304,-1.4898195529156129,-0.11020775375559677,-0.8747332427334861,1.8372424833019179,-0.22675713290909438,-0.7998972059488972,-0.889622678046724,-0.5424061566516776,0.4466538104109744,0.103
0.8504881923713292,-0.23517134039592635,0.33508540560233085,0.05545042889596677,-2.210065082999164,-0.24680067195779226,2.4933543888629495,0.9476486736537174,-0.012528583555673482,-3.5247043225751624,0.9164958607453376,0.42675335574121165,0.3757935469237381,-0.11020775375559677,-0.07586187074282452,0.05231275026327537,-0.5480156506806806,1.2348130876339054,0.5433430717112059,-0.10339668431425099,-0.6537239016153474,-0.046
0.8533841577019584,1.8691238627889455,0.8690878206471572,-1.384050457177416,-1.1268960918231945,0.8138992200584001,1.6855232840846788,2.097760991591582,-1.0999100947427138,0.2917588679805093,-0.11517174197398325,0.015318975841496245,0.12113666076693486,-0.11020775375559677,0.10394245067256135,1.0054782512345928,-0.7197260645316418,-0.9499552458017038,-0.13481224852275586,-0.7331881751760411,0.6062129339721183,-0.06
0.8562789966035735,0.04248024609351119,-1.0389648881172409,0.09914816696927031,0.07900225057450527,0.6870519261289693,-1.2281598491801295,0.10586753785162706,-2.7578109750046265,-2.909803963010336,-0.5131199767760452,-0.6527395658768042,0.9810982317193075,-0.11020775375559677,1.6032367654072837,-0.7671021311703192,1.6892303309909693,1.682335870920933,2.248543027599775,-0.1944401311166053,0.10529833158591578,0.077
0.8591727110193597,0.8989647343704156,1.7058705272722854,1.750498465588603,-0.7249990129275343,-0.24680067195779226,0.6517267520804876,0.821104957989342,0.002005701137183704,0.36740654143768436,-1.2383678400069875,0.6774340072084821,0.4180928337063941,-0.11020775375559677,1.92242799327619,0.3774228985219552,2.5989888372040455,0.10352482215139618,1.7023470989865495,0.6730397804235999,-0.43069397454459357,-0.138
0.862065302886561,2.5946899536943095,-0.8111090009848211,-1.1722196345190876,1.2696396590561245,0.8509516631089863,-0.044082639489002255,0.16721216012367893,-0.23910753916360986,-1.828320783981813,0.32581559087906553,-0.7006432856836367,-0.42707440423788495,-0.11020775375559677,-0.2653010076706453,1.6384531483664357,-0.5362909322134427,-1.6180546108953995,-0.35338874435319156,0.21082349386278776,0.25805022726979265,-0.209
0.8649567741365053,-0.05033745163004373,0.1182405388061488,-0.19191440950098126,2.3738876344442263,-0.5319687621610568,-0.7481407314894288,1.3471230481932805,-0.7830391260157523,0.07215258156271553,-1.3063258076167055,0.8070353624098917,-1.1039461641255186,-0.11020775375559677,1.201264473761246,-0.35532577868584336,1.2183627630847544,0.18037921007190003,0.3244421431892289,-0.6502197213536997,-0.862234185899434,-0.028
0.8678471266946312,-1.7893749700206127,-1.117313538454962,0.6052428086704711,-0.2581996307814168,1.4069600717495,1.2409021483892293,1.162611760041682,0.3742437297719774,-0.9853385454080863,-0.4241206445917954,0.7947520972725737,0.9058727109331909,-0.11020775375559677,0.2027441590508262,0.006908697581709613,-0.39150669012874156,0.3687950569360247,-0.22085266233750578,-0.3932111818990197,1.0476702837517076,-0.082
0.8707363624805149,-1.4601157620332765,-0.6376048882994167,0.5304491528967036,0.1210203851495652,-1.642412292983306,-0.18759158722235703,-1.5780097957609491,0.1124583415106837,-0.4061177247083862,-0.3205731080686635,1.0319997442488593,0.3673288237628436,-0.11020775375559677,0.22746649991155715,-0.35532577868584336,-0.8481973339033656,0.05236162941350079,0.11475952395005759,0.5658305794232529,1.0986116809299558,-0.088
0.8736244834078919,-0.15968585455355375,-1.6858832173401133,-0.6877443514115014,2.1056378412416903,-0.19849795092569425,-1.894612946379099,0.6481394445393902,-0.7776797310331097,-0.3680988507159637,-0.8080326460666605,-1.588093392938712,-1.1913935236887294,-0.11020775375559677,1.1334904248471376,-0.2390877875241737,1.2906072317757826,-0.27875847644178553,0.7314432702520828,0.39252979368264135,-1.4003088981051914,0.16
0.8765114913846872,1.099306658216941,1.3677860595165785,-0.7228679483703333,-0.7505682668720988,0.22079431881347145,0.19993236032875214,-1.0567616525685148,-0.07585215610832656,0.5941111110741341,1.1042927979269186,0.22262101006790402,0.06150178846569423,-0.11020775375559677,0.14460849087529531,0.7300893859511746,0.934104136905212,-0.8249461946312479,1.1469535687841013,-0.6834034668180118,0.47338267211616836,-0.015
0.8793973883130368,1.4685290595809315,-0.2650247696110587,1.4687180489896103,-0.6483587599203388,-0.6145147340606015,1.6034051831986258,0.07525678962013059,-0.027092394058458768,0.32202274247768153,-0.3584538625978377,1.6523604228777302,1.413395560762941,-0.11020775375559677,1.0378257879858999,-1.4945788421819637,1.7700207559782626,1.1824187748048194,0.9426726081316769,0.46681913210885695,1.3204151828540602,-0.045
0.8822821760893156,1.645921485639205,1.6231915461785562,-0.9990520637555533,-0.9127703138128049,-0.6476664954928814,0.5933452430749303,1.7689449361497547,-1.7820386715755934,-0.8631861958232013,-1.0329611953797082,-1.4225586852372227,0.9476797142218061,-0.11020775375559677,1.23664874370175,-0.4069274998723732,1.4715323676130523,0.043840132019028734,1.2159613039657091,0.44205894043572963,0.8314734228485757,-0.179
0.8851658566041606,-0.393951895257661,1.0646939926731314,0.6225864733141903,-0.13152709501903356,0.05624321084421583,-1.6861117719636873,-0.23611818287882091,-1.1054781359659545,-0.3604963521058134,0.3647643774681903,-1.4799576757185477,-0.6256881349039937,-0.11020775375559677,0.19838230103313273,-1.741638588469301,-0.0064357532886112154,2.4902581110605237,0.4855048120433012,1.5040446496746562,-0.757665431474258,0.158
0.8880484317424966,0.5278246225937467,0.1984464577990193,-1.5453700336335094,1.409711806651702,1.7056018408133908,-0.16224108561095982,-0.18326605674838142,0.2632801963034475,0.9937650438494414,-0.09208013180984406,0.28675369644571774,0.922600037998006,-0.11020775375559677,-0.1641402736272945,1.1106366525577094,-0.14422400283005557,-1.41312302198556,-0.17590448935885858,0.5410821248061083,-0.6883010674199972,0.085
0.8909299033835625,-0.4356070261972723,-1.2658656089205487,0.8095674100190978,0.6396700709792759,-0.6642709766233477,-0.2214093125456898,0.8289954808019295,0.19299321475269068,0.6092121427129837,-0.8709121241173338,0.33146211215458404,-0.9730559177116442,-0.11020775375559677,1.3620992167083903,-0.0773399456519004,1.354884890993049,0.9820794117234735,0.9426726081316769,1.1588987021592276,0.7585781013893624,0.045
0.8938102734009311,-0.01661667975679744,1.3924438345590788,-0.9796029259137675,-2.052751894741236,0.16617439063953351,0.8514855212588975,-0.431298974567497,1.1415520260052665,-0.5506869807284628,0.5620078709412384,0.7022267502402217,-0.09221609622446857,-0.11020775375559677,-0.6210229578112735,0.9857762397310598,-0.7002373614647135,-1.0164650431689688,-0.4795791435760638,-0.28552134371828264,0.9194250788892446,0.104
0.8966895436625401,1.5482283219463169,0.3270376911091169,-1.0136113110746765,0.4811907291567214,-0.7058656384774751,-0.6713753343654393,0.6716549373627138,-2.167459030047835,-0.48979682489731746,-0.3286641726714372,-2.439197233864656,-0.5219599946528547,-0.11020775375559677,0.3614092101003629,-0.7735171895498979,-0.2581706215894862,-0.5737556511108324,0.4436790044294302,0.3429889930238114,-1.60530216929139,0.221
0.8995677160307105,1.5393625940141502,-0.2650247696110587,0.27600317300565047,-0.4953796617253262,2.2905692861041267,-0.001940183317280823,1.0748197957904715,0.8214470472898427,0.5261370533546931,-0.8709121241173338,0.060936248900549474,0.5868885468793196,-0.11020775375559677,0.9158458623624228,0.46870177298741683,0.9221181441932531,0.773893034281535,0.2847843075364635,0.854343633842949,0.46269760730041454,-0.027
0.9024447923621763,0.21193356274325434,-1.1642685087898124,0.5648964020808561,0.5145883218860186,0.360189354146893,0.3843947102401313,0.15953511904012455,1.0189318960018996,1.774926243662638,-1.2544770374148284,-0.16865668047776988,-1.5514697436623675,-0.11020775375559677,0.3133352533124468,0.5731521408396771,-0.17960822327134812,-1.6262277908662892,-0.5221785434103233,1.0272558396744038,-0.22750298817524645,-0.07
0.9053207745081031,0.05938515360326924,0.5366937211372914,1.1091908242867623,-0.9812031361902519,0.8287341253318665,0.9926064704634752,0.2672460196250999,-0.5765980699278892,1.8947564789493994,0.5186472563334585,0.1452532457799261,0.3673288237628436,-0.11020775375559677,0.31624789558398436,-0.7350180305363938,0.926113249419801,-0.11775716241051579,0.8499898583174919,-0.11167179520257543,0.80028449820297,-0.313
0.9081956643141154,-0.17647570975670127,0.8365616734774793,-1.5408017053311147,0.6313390754531287,0.5360969164380344,-0.21295304978278962,-1.6762443289871753,-0.27420409389667655,0.163065515556302,1.2029918509025233,0.46467384523183997,-1.0777410768049693,-0.11020775375559677,-1.0575712021943753,-0.97848751167559,-1.1082030232100186,-1.1325842470604874,-0.10738960103743352,1.09308811418899,-0.7692533020771711,-0.224
0.9110694636203206,0.0002570254161733889,-0.8268542256515328,-0.3758019540280372,1.6069505321713728,1.7466015718690702,0.9677250859948984,1.258719281347831,1.773434964983801,1.6550046688429672,-1.1775572382064705,1.5208169783853067,-0.3753992498186365,-0.11020775375559677,0.23619411868077722,0.5404963585863961,-0.21497312919597364,-0.6492756545252485,-1.0840611383591905,0.8296298439625499,1.439845557701094,-0.141
0.9139421742613308,0.2544380934595303,0.9830974204796706,1.8746910302856168,-0.4190394070926102,0.8657401494897404,0.7600070218857351,0.9793827957530851,-0.027092394058458768,1.5650030418288647,1.2492323808905739,0.44572761603153954,2.1363490572367634,-0.11020775375559677,-0.8232133879843787,-0.0190241061254431,-0.24639235770532106,1.5678954165000307,-0.13677015821753477,0.6400582488648265,1.7047541291537913,-0.381
0.9168137980662873,-0.9149511471665822,-0.40009188639654986,0.14855301787955982,1.2118748324703263,-0.6476664954928814,0.9760199382346731,-0.66905843765439,-2.477761065161298,-1.2146852383480151,-1.0329611953797082,-1.7260231425732706,-0.15213837356787974,-0.11020775375559677,2.405814410433457,0.04582477229511315,2.639851123083185,0.912585407328838,2.1362599448675517,-0.3600702804890205,-0.949850265549513,-0.156
0.9196843368588846,-1.0050748904445272,0.641848623477331,-0.23955060321286506,-0.6568693574079799,0.3524850414999137,0.5349095305314334,-1.1866784370722299,0.700625149226321,-0.10985049341614392,2.1751187374671597,-0.5709641497579014,0.2656247422491438,-0.11020775375559677,-1.846788977807844,-0.844043990972963,-1.4595393062517235,0.12059222765488195,-0.13481224852275586,-0.9739670726520169,-0.060178165501429036,-0.164
0.9225537924573927,0.9685026026556411,0.28681815842685277,-1.397994084374594,0.7312380498167196,-0.11837187222947805,1.0754759476275764,-1.0712412263541728,0.48789135227757774,2.805543129680676,-0.8739250776503248,1.0920573150405657,-0.9469185688380998,-0.11020775375559677,0.034284870834317895,2.169580702239374,-0.26994673060715585,-1.4377756107921764,-0.4815167038761785,1.0354860567114472,0.23089408545785875,-0.064
0.92542216667468,1.6370273580366048,0.447887294548071,-0.8422687572753657,-0.6824086193002964,0.9394043205003273,-0.5351623001288492,0.43751184755749933,0.31899116494887914,-0.3604963521058134,-1.1489748087887053,0.28675369644571774,1.1977391426136414,-0.11020775375559677,-0.055585031669184826,1.552455426091232,-0.4150077064995298,-0.15170193982452868,-0.891535039785828,2.46223347248989,0.6009259140420479,0.125
0.9282894613182386,-2.067923705616882,1.2528814603703307,-0.3236356028815837,-0.47840660401859475,0.39095976423380047,0.32576228459453505,-0.6912076914253048,0.700625149226321,-0.07191357070937365,-0.42963461172164424,0.35057630342117113,-0.9556295049893044,-0.11020775375559677,0.5014459095546688,1.301582168287264,0.14349064324427366,-1.0496775023774103,0.0025226045338057447,-0.46779623547589677,0.5426242966635147,-0.268
0.9311556781902032,0.5793489898061582,-0.2570688002318274,-1.5954653061412825,1.0713729447884128,-0.49908363798962074,0.19153446215441736,1.258719281347831,0.8894200609073301,1.6924900232601963,-0.15913010335302755,0.3760184014880275,-0.46155617897723134,-0.11020775375559677,-0.3764008867512767,0.8807801660615552,-0.6768428287673948,-1.273114931569158,-0.8360278145835912,-0.8078856275269082,0.8522231272683869,0.006
0.9340208190873781,0.674030009781669,-0.11365367103343595,1.4813535700935772,-0.6058244019952671,0.024664800379821838,-0.543665998075867,0.5308986854590172,0.8597769219172849,0.5336912986038564,-0.922364498917683,1.4573019008497645,-0.32378133417975624,-0.11020775375559677,-0.07151734256279826,0.039337355572109635,0.3412777817685628,-0.15170193982452868,-1.017484222980952,2.0042292489567446,1.660958822254862,-0.125
0.9368848858012567,-1.2983166665824701,0.1904202244320789,0.44487275288146877,0.14621734351203236,-1.4925807878490804,-0.543665998075867,-0.17570529889696157,-0.3246273336636371,0.6092121427129837,1.073573977802259,-0.5438027088809216,-1.816482450458542,-0.11020775375559677,-0.00776574774643068,-1.646727028581321,-0.4619836555266201,0.8952272631546798,1.1287069633631104,0.012421840755694928,-1.5931852186194875,-0.082
0.9397478801180464,2.1843994500823283,0.5609407655561345,0.416517797364041,-0.7249990129275343,-1.1455365126560515,-0.1115728239950141,-1.3798562392806444,0.02133888359844547,-1.2376424807359852,-0.9436945619661884,-1.5447589394899184,-0.35818690525675073,-0.11020775375559677,0.9922437976730705,0.07827027062627978,0.6629224850669468,-1.634399106140494,0.4019012866994149,-1.4812469692026022,-1.0909274297366915,0.043
0.942609803818688,1.6370273580366048,-1.4996034776111764,0.23703093716509627,-0.00512142400177541,0.27518410883228095,0.7932870418965996,-0.6394884118129822,-1.1110497569153766,-1.3371718135433135,0.5641614126692266,-2.101526926076872,1.297393564515594,-0.11020775375559677,0.6783400764542219,-0.9144993789716205,1.0500732423071921,0.05236162941350079,1.5525466556916492,-0.37664011381592716,-1.2152620704701649,-0.01
0.9454706586788822,-1.0786295429192136,1.4253403811066288,-0.6272148858140119,0.0032962061116459445,0.3832741864515918,-0.21295304978278962,-0.2587298248669449,1.2536213020158136,-0.22372373316052635,0.887504634885405,0.3633035671868673,0.30803011665385066,-0.11020775375559677,-1.598561425598175,1.2159309616259957,-1.8317067708838355,-2.1050993007905623,-1.395895029271584,-1.0071977029558083,-0.22750298817524645,-0.076
0.9483304464691068,0.9598018734074009,0.006161785301795178,-1.658811439310444,-0.308944051733906,0.23635773234791457,-0.6713753343654393,-0.6394884118129822,-1.6628139737823004,-1.191732126542621,0.31428120021207073,-0.8590837071226994,-1.4458272209901504,-0.11020775375559677,1.2941830183723062,1.0120466560454506,0.48007454165783436,-0.4728471736493567,2.0760780535164844,-1.181736379087438,-1.002626085037448,0.041
0.9511891689546431,1.6370273580366048,0.04616196812507376,-0.5049366051054548,0.18818914477672338,-0.14236005315985215,1.0506261301894988,-0.772213735579371,0.055046078459719226,0.7375079313919445,0.16584178825097246,1.193426011711503,1.272499471835005,-0.11020775375559677,-0.7358197275990092,0.07827027062627978,-1.1778641642914407,-0.5149221497362313,-0.8551796300934911,0.004151138379386612,0.393034475750596,-0.025
0.9540468278955947,0.33961814695212283,-1.79425869784716,-0.18660633720368747,0.6563287379993398,0.5360969164380344,-1.738172211986384,-0.16057595460416377,-1.251507936905052,-0.9089799300952591,-1.2351513321199385,-1.931233356001526,-0.6603140710580337,-0.11020775375559677,1.4448601983544929,0.026364206655075627,1.80640479370694,0.8258563234183341,1.0133418058775658,1.7911973063805402,-1.9105763772387057,-0.061
0.9569034250469115,0.3310898444628713,0.8365616734774793,-0.39139436441922204,0.4310606167240445,2.0091113939342464,-1.3056795413131799,1.3632277212605202,0.3374595024745477,0.6469578804655336,-0.7194967088028476,-0.04355341519137319,0.25713872670434684,-0.11020775375559677,-0.3922570871291515,0.5078542417887567,-0.7781553378307898,0.5924626456115957,-1.5084476932672215,0.9696348845443106,-1.0261314333524534,-0.128
0.9597589621584098,-0.4272802826641033,-1.5695318128047377,-2.8719295449435314,0.38925449745180196,-0.689213463269371,-0.4926628927761262,-0.09995437122118675,0.25395030013527187,1.0088252525377222,-0.2643346640357114,-0.5370199361762489,0.35886247424283724,-0.11020775375559677,-0.08455009403364189,0.39045613387694666,-1.2706187620112577,-2.878373883134599,0.010386997919751728,-0.053752615496116325,0.7794486897859728,0.043
0.9626134409747946,-1.605067075577586,-0.24115323072555514,-0.13335778288105538,0.4811907291567214,-0.44171773578072754,-0.6117416200837503,0.16721216012367893,0.01651049776880943,-0.37570177434291274,-0.1487467444891883,0.04140447033234479,-1.3403943904386793,-0.11020775375559677,0.3060541737570512,0.10423675508576268,-0.0024946824601978076,-0.32947603840340833,0.3224582061103797,0.13644435359833576,0.6273390691572932,-0.046
0.96546686323568,-0.29376028536804394,-0.15353079975079437,0.3207409802642004,-0.2666540297439296,-1.7847079654370743,0.37602206151230966,-0.557949396003303,0.16940341507779683,-0.7411475841182282,-0.7902042646102077,-0.08294000979594442,-0.6776363521865765,-0.11020775375559677,0.3759835234254827,1.69804126662239,0.005388167992908958,-0.6576581878678103,-0.13872795438172303,-0.30208560535963086,-0.5389752878226025,-0.217
0.9683192306756127,0.40792733380713714,0.2948595292020458,0.3882474008379414,-1.109736338630921,0.6870519261289693,1.158240846961058,0.6559754536629467,0.735389735822086,-0.5659138332414473,-0.7107261646125128,0.7824562460836207,-0.3065881270058807,-0.11020775375559677,-0.6784470869579774,0.4034915730466963,-1.251306881966195,0.5666003586710238,-1.2545700557421688,-0.434644246103134,0.934882735598761,-0.22
0.9711705450240916,-0.4356070261972723,-0.6928719422905133,0.3488101176902166,0.6313390754531287,-0.07848606273889204,-0.365354012647037,-0.39390273967179334,0.16940341507779683,0.5865600078846475,-0.9620444728886814,0.4140882834699164,-1.2001464464516596,-0.11020775375559677,0.35703750033258524,1.1961779592347388,0.23835565452197088,0.23168822488191618,-0.46795133722738813,-0.40978348350886423,-0.9557066276253525,-0.025
0.9740208080055874,-0.0081809385321477,0.27877805380995985,-1.1148689565428658,0.872490863882602,0.5132927055514748,-1.1249593425169149,1.9164495450864951,-0.45216257145963296,0.427895934308028,0.7094637518101754,-1.7551971394664685,-0.9556295049893044,-0.11020775375559677,0.44598185216411224,-1.0168518507695403,0.17904922632840933,-0.6660390014589107,1.2383130489069427,0.36776084780118845,-0.9439958107599272,-0.182
0.9768700213395677,2.402517866281303,0.1984464577990193,-0.7628434136941127,-0.7846781818369603,0.4522758890099038,-0.6202568493008707,-0.13028598510750003,-0.9783159270048412,0.11761638456755334,-0.5187376091180786,-0.8245043413312644,0.4350012301004791,-0.11020775375559677,0.12717726598494555,0.4491329432534631,-0.26994673060715585,-0.6911711124221812,-0.14851523168309633,-0.7829837633894552,0.48405908597107267,0.216
0.9797181867405133,-0.4106203748376841,0.8609542899089279,1.1335656020865439,-0.6738942861160389,0.7841736727852322,-0.8934316469565443,1.492410057916245,0.9315119005705546,0.42033615258378537,-1.0859677310604636,1.211219104018957,0.39271812176493204,-0.11020775375559677,0.613964927784442,1.0646130866402286,0.32147284886271343,-0.08378597103205185,-0.4621358633226606,0.3347310624656026,1.3304087768189696,-0.109
0.9825653059179429,1.0120427883182617,-1.0389648881172409,0.2203777896603305,0.1797970934553346,0.398640659969894,1.0423407615586564,0.3987076041672767,-0.23910753916360986,0.8355409286936079,-1.0174666548848836,0.5902645743795244,2.0056761483114642,-0.11020775375559677,0.41534911577215106,0.6646608332907108,-0.0379558080577373,-0.19409566653352692,-0.06621400894766973,-0.17788396198429507,1.9360188100607953,-0.257
0.9854113805764303,0.279968120561571,-0.15353079975079437,-0.036734344715139255,0.6563287379993398,-1.1283864298207138,-1.8424229953355995,-0.8309212992422987,-0.8476248562390216,-1.6746269635298685,-0.10232768847778413,-0.7280833843587471,0.5194468333757645,-0.11020775375559677,0.4766277317543414,1.2225163521941533,0.40865794327221083,0.3687950569360247,0.6112694377803989,-1.2316284818825722,-0.4079891421911912,-0.154
0.9882564124156272,1.8243519557480137,-1.0859876614163737,-0.7328783484460543,-0.2666540297439296,-2.75889693743678,-1.0905998483795465,-1.6972209376221727,-1.4635420240778043,0.11761638456755334,-0.8920386048865399,-2.176052331287582,-1.2789894252056437,-0.11020775375559677,0.6754126983053332,1.2225163521941533,1.0620808337376628,-0.8749970884503241,0.3184906617939313,-1.106918111682595,-0.7287296478049963,0.134
0.991100403130283,-0.980520152789841,-0.1455578179933669,1.9605628458057784,0.8641906031735153,0.6042574791548233,0.35927335660367454,-0.6320891841232101,0.9482647353673187,0.12519225709397738,-0.3448892131835622,0.633926012273041,0.19769026764355127,-0.11020775375559677,-0.11929186757097993,0.4230488606289093,-0.15602088684385873,2.027135960892533,-1.1353183080389944,1.8567713641606205,0.924579721281552,-0.256
0.9939433544102643,-1.4762525469632857,-0.8425948297528915,-0.3236356028815837,1.1871026558274897,-1.2488407792067502,1.4800428980588831,-1.2010579953380303,0.9020791275821415,1.377331541624491,-0.4379176447709945,1.37006371638293,0.7718351725408726,-0.11020775375559677,0.3934766510774167,-0.006058829944465252,0.3690144395034934,-0.23644788889901883,0.47952675748313833,-1.0404330922879776,-0.171524396085012,-0.09
0.9967852679405766,1.9139620543506253,0.7066688281164891,0.727314206188005,1.491966754022238,-0.1904640617408463,2.469007676138604,-0.9696524195115719,-0.7242776691785684,-1.329512934735258,0.2513720181048592,0.261137800915468,-0.9295012423370806,-0.11020775375559677,1.5750905321551043,0.08476105185069464,1.5399980146969765,-0.312576881113745,2.3214714855246137,0.3016961165652522,0.4947268392848418,-0.082
0.999626145401383,1.8154055032888072,-1.7168691507521965,1.072742822858095,0.5479679895542637,0.09561024065562561,0.14952752723894494,0.7659404329423481,0.6260978285918486,1.6999860162061249,-0.20353666053769068,0.33146211215458404,1.6939664486142287,-0.11020775375559677,-0.6425630265366105,0.3578771809736644,-0.14422400283005557,-0.21951198880349088,-1.19216585392541,0.028962297048009105,-0.47050393496669296,-0.083
1.0024659884680236,-0.34389489667076456,0.4801625087894364,0.1320557935635999,0.43941845186624123,-0.9325401891646237,-0.02722207811180494,-1.9124436237269964,-0.14467034366140058,-0.8937135707521436,1.7821644243605632,-1.2869999194217554,0.494129960227708,-0.11020775375559677,-1.2071510041446027,-1.5009254325926857,-1.1972000209926612,0.30876035605220203,0.3502433232151831,0.3842738018816929,-1.280719358998339,-0.124
1.0053047988110384,-1.1764482478310265,0.5609407655561345,1.8156702390017843,0.6729829782664994,0.016758416353305373,-2.0776134262434893,1.2346597688666467,1.3009561288622495,0.9259753087608339,-0.20091205148214858,0.09991657820130075,1.1395107308937154,-0.11020775375559677,-1.1601797713941149,2.3228809621816877,-0.7002373614647135,2.8310896691201597,-2.045943944906363,0.053770607907890504,-0.5847805745624634,0.079
1.008142578096185,0.44213729424017867,-0.7796046665213084,0.20375406180655967,-0.2581996307814168,-0.6975371653686065,1.1085944014389373,-0.6838273014072745,0.5995812025581045,-1.6746269635298685,0.8207148564680093,0.2290482167688809,0.31650626446241004,-0.11020775375559677,-1.222799989026551,-0.8119951891288184,-0.9686373455019339,-1.2896137163714547,-0.6977825214878209,1.799395310123201,-0.879722932424517,0.063
1.010979327984456,-0.865688410586712,-0.9055111571519658,0.37132557902878166,0.07900225057450527,0.27518410883228095,-0.5776935591125738,-1.1073917159285074,-1.2798701583496404,-0.02640292943576246,0.6721800599847191,0.7393217191462123,0.35886247424283724,-0.11020775375559677,0.25656279135539545,-1.246585387011845,0.19090630302098452,-0.23644788889901883,0.7816295636405108,-1.4063338943408485,-0.021400627241746566,-0.001
1.0138150501321035,-1.7173748654320635,1.4747271477251338,-1.124453028167394,-1.4884657576337679,-1.2057131831089691,0.9428341726403384,-0.023943639173291457,-1.498397609402597,0.14791743196052973,2.427068312570673,-0.5234634992335658,-0.16070519649955467,-0.11020775375559677,-2.170929038516247,-2.483314274449331,-2.6138502314713854,-0.7748325645887492,-0.1719931034545447,-0.5424061566516776,-1.185583498811118,-0.186
1.0166497461906534,0.3822941184201579,-0.9762042314118876,-0.9990520637555533,0.9305623119339129,0.8657401494897404,-0.010366290296547365,-0.20593265874224526,0.1882817018486401,1.377331541624491,0.34190343380470195,-0.4289088040558405,-0.3323803341749484,-0.11020775375559677,-0.20462287672111115,-0.5743781543558243,-1.208798511484685,0.42031557596744956,0.043830711330599674,0.35950388586047183,0.6062129339721183,-0.04
1.0194834178069294,-1.3469390363438394,1.5241644479785548,-1.416551412437345,0.0537774093518373,-0.6642709766233477,0.21672467749045005,-0.6542788043162161,-0.3753874973206268,-1.5901773101846455,-1.2415861242603627,0.008789905189407587,-1.1126841862169383,-0.11020775375559677,1.1305450955139063,0.11072977536111975,1.2464492772056825,-1.041377046672876,0.8721327324594548,1.9468983456718942,-0.838942743002352,-0.106
1.0223160666230693,-0.7174545358135144,0.2627016396147181,-0.5203112004861639,-1.3159985631484818,-0.26293945591872103,-0.6884251921838876,-0.36393812890115246,-0.03195356537781723,0.37496910968472125,0.6069440721943699,-0.5641692380142522,1.322274717332848,-0.11020775375559677,-0.3446770567696187,0.9857762397310598,-0.2189013693889841,0.08646391532240925,-0.07209928967057816,1.6599810341999133,0.3715266159799452,-0.14
1.0251476942765445,0.5707557402389363,-0.24115323072555514,-0.3131667860315786,1.07964627260981,-1.1026973296425349,2.2332356262697926,-0.24365801804432777,-0.7776797310331097,-1.9437187792772503,-1.1331572731519426,-1.166623771723509,-0.6256881349039937,-0.11020775375559677,1.7129543055918866,-0.14855269124734538,1.5803015476504805,-0.28721558622250004,1.6817946242054829,1.2082423536172608,-0.9732871490992708,0.078
1.0279783024001794,-0.38561443702494913,-0.6139014291140475,1.3995109929553122,-0.013540226812201484,-0.11038526287147037,1.7429477647995442,0.1902586240756006,1.3517688518367483,0.35984357411203616,-0.36933429323836053,1.5035333112109015,-1.1563966970223811,-0.11020775375559677,-0.003416880178899652,-0.9656946370755981,0.4126235673026897,0.16328912130236214,-0.755459699446195,1.987850792568474,1.0016500095529095,-0.157
1.0308078926221713,-0.13448462579003215,-0.43182201664926984,-1.4489331334168865,-0.6313412937787515,-0.7475795915705433,-0.8250122458028387,-0.4013872822232713,-0.9072726315279955,-0.33769140353952976,0.2088441992015541,-0.5438027088809216,-0.5910870944063932,-0.11020775375559677,0.4985256782142387,-0.7671021311703192,0.7824319819944012,-1.0247708158588562,0.7555243582102189,-0.94904722852981,-0.8447627205101734,0.089
1.0336364665661062,0.4849518844817685,0.4963078349553802,2.498737597866469,1.5166230908911813,0.4293174358257318,0.8597952889936573,-0.4760869420771224,2.017182692338159,0.026674049720670737,0.26544307123380123,1.5610327367583312,1.1894251790857553,-0.11020775375559677,-1.47546193810954,0.29926985193832456,-0.8443082096639897,0.3859621947506219,-2.286925996454275,-0.46779623547589677,1.5238020808482533,-0.076
1.0364640258509819,0.6999017101049001,0.6499465719468309,-1.430443851010924,-0.767620710120247,0.36788898207606496,0.3927662246863511,0.9476486736537174,0.9020791275821415,0.48080330222778933,-0.7429584520482816,0.7701478135152281,-0.4184579145687193,-0.11020775375559677,-0.4901923765979756,1.804078784645656,-1.019073387151473,0.14620550364194354,-1.0270043383667564,1.8157902501975787,0.6326151105889184,-0.036
1.0392905720912222,0.9685026026556411,-0.04179763254501905,1.121370581280838,-1.574900759948793,-0.806179687415719,0.7600070218857351,0.5699164710323898,0.3051064913884425,0.01151125614991967,-1.3619171359107465,0.3760184014880275,-1.1476512116214055,-0.11020775375559677,0.38035640135725085,-0.0190241061254431,0.15139091007983352,-0.9416335871262669,-0.6265006324374995,0.13644435359833576,-0.049088585308667235,-0.131
1.042116106896699,-0.06718454563833647,-0.05777424239516764,-0.5815522756595403,-0.7846781818369603,-0.11038526287147037,-0.19604418844012608,-0.2587298248669449,0.17412782482066327,-0.8174084556683093,-0.13321814927670173,0.9109342906292122,-0.4012296883688854,-0.11020775375559677,0.3482948902170197,0.09774429427759546,1.1341687242918241,-0.015764608069520857,0.045798998059328404,1.2575737115724415,0.16550431890436312,-0.215
1.0449406318727488,-0.15968585455355375,-0.13758361505046504,-0.03133685135202854,-0.8956748718633032,-0.12636320662721914,0.6267127184245223,0.5075180751726729,-0.3448908890648527,0.42033615258378537,-0.38570288043927853,0.0022577567791012216,0.48568780840852466,-0.11020775375559677,1.0937381216913877,0.9463866458747211,1.6125601391592876,1.3135061543203175,1.1672374764708995,-0.40978348350886423,-0.188296671830462,-0.063
1.0477641486201912,-0.46057443456073816,0.1984464577990193,-0.1546939030095049,-0.5123576229153597,-0.5319687621610568,-0.5351623001288492,0.7738136648923979,-1.504219746254501,0.6922398994492307,0.20646765801042793,-1.3225689359594597,-0.6689744364819803,-0.11020775375559677,1.1320177459059146,-0.5550768995172473,0.9740721038312049,-0.5569546054246184,1.6633060276302607,-0.8660005018447967,-0.21068812270992673,-0.12
1.0505866587353472,0.7517092297241682,-1.1877308045320822,-0.23955060321286506,-0.23284362822327478,-0.6808945315392564,1.1747813640234626,1.9822505670001795,0.7699587396344985,0.3371522751429615,-0.18258344283346528,1.5552973027533434,0.30803011665385066,-0.11020775375559677,-0.3071656496208529,-0.632250519947873,-0.1245577698569337,-2.3220429894695207,-0.14460066153055728,-0.23583601316415762,1.4546995481976264,-0.137
1.0534081638100585,-0.36893307558626465,-0.5980932483296019,-0.6676125850548758,1.0961897263243994,-1.5629156740719101,0.44297155566032526,-0.431298974567497,-0.46760935890054567,-1.0235346814371176,0.19932923996621277,-0.748695194535774,-1.6396641420345361,-0.11020775375559677,0.34101020656217546,0.3253120257388466,-0.018257547608642344,0.17183335728814453,0.36017179384965275,0.5245815207450082,-1.442339971478728,-0.149
1.0562286654317035,-0.25192190043392765,0.6499465719468309,-0.6877443514115014,0.08740820192153194,-0.9664182112590964,1.0837571272593074,-0.20593265874224526,-0.16445198023821037,-0.04157148995100348,0.8483983159601405,0.3378366145932202,0.5363167819057412,-0.11020775375559677,-0.38216721897963596,-0.39403051850611454,-0.24246579111409913,0.24880412004351296,0.39792496943833056,0.0620394112582555,-0.060178165501429036,-0.104
1.0590481651832166,0.18645807478272328,1.4335680090396776,-0.20252143699279646,-0.18216391531048734,-1.3007527050425862,-2.5593258222424664,-0.609875390853859,-0.4934222020553106,0.14791743196052973,-1.0081907307153355,-0.6117973071825117,-0.08366228364380175,-0.11020775375559677,1.0348841808913727,-0.39403051850611454,1.3468470833063393,-1.0247708158588562,0.5613114166240863,1.3151113700301098,-0.6364616575863125,0.147
1.0618666646431063,2.2206422588079153,-0.08971270723567322,-1.5408017053311147,-0.24974643148496736,-1.642412292983306,-0.6032276779096443,1.3712836581443586,-0.30946504905133254,-0.18575554042102008,-0.7961403042906008,0.33146211215458404,0.9142371298625986,-0.11020775375559677,0.7427720732846712,0.723544091998259,-0.08914357499864684,-1.41312302198556,0.45363317319178736,-1.839487015252458,0.9965264372806214,-0.116
1.0646841653854713,-0.6348111057669996,-0.280933081587273,1.6857505647613737,-0.31740566802260595,-1.042924119878899,0.951132204211132,-0.9113596587900019,-0.3804820989631928,0.46568889179248507,-0.7078059916285698,0.1452532457799261,0.5784638755303462,-0.11020775375559677,0.1751236642003732,-0.03198712936378573,0.6191538151749725,1.0952158876004057,-0.47376576413141896,-0.4843740728096616,-0.7634583992927668,-0.377
1.0675006689800206,1.3185485945187376,-0.03380748040190467,-2.4796617172064783,0.9471444131145187,-1.5541068982997606,0.06542595188038569,-1.1794844727881926,-0.70832495314865,-1.2682585779978082,1.247535203655898,-0.2415906259473465,-0.24646235437536906,-0.11020775375559677,-1.1060467066459614,-0.10971786722028554,-1.7015336297695343,-2.330052036530842,-0.2618395319059309,0.07857606657957812,-1.2390385950452596,-0.092
1.070316176992089,-0.29376028536804394,0.30290216699593325,0.3882474008379414,-0.36820072680395044,-0.1904640617408463,-0.1031323428497906,-0.6912076914253048,-0.46760935890054567,-0.6725503760020709,-0.7048874885050715,-0.3818551000539909,-1.2789894252056437,-0.11020775375559677,0.7750093176202649,0.4230488606289093,0.5952916732406451,-0.8332923737396223,0.5373555727712266,1.2411312940642782,-0.9147521758450476,0.054
1.073130690982656,-0.9559470886203532,-1.4295864340637907,1.5257058061959172,2.414439708161814,1.0708328572651118,-0.14534682314745018,-1.4296038709164083,1.3517688518367483,-0.5050167803911294,1.5552739133080384,0.577761721811061,0.06150178846569423,-0.11020775375559677,-1.656483442029455,-0.54864198683927,-1.9463144397088818,1.243550748858963,-1.0308115338594663,0.43380489350105894,-0.19389149192999916,-0.28
1.075944212508361,0.907648486053504,0.8528220890925935,0.5706497361103675,0.5896674458173512,1.2294352080009303,-0.35687677407015533,-0.27379113892571905,0.7093346697979753,1.5124780052009439,-1.1775572382064705,0.028367881764814494,0.018855805741284256,-0.11020775375559677,0.30751032952827284,0.2602232040176509,0.954085302972025,-1.1325842470604874,-0.7516178789990277,-0.020662863732463062,-0.3118498961091831,-0.006
1.0787567431215237,0.467819083562574,0.09420314374723811,1.2687273069454301,-2.6671856104649336,-1.0855952715460717,-1.3315420193238483,-1.7530308975264723,-0.44702045353056374,0.2312118252764545,1.0844565447370524,-0.17527173091256304,0.2656247422491438,-0.11020775375559677,-0.8246450649090455,-0.7606864852490117,-0.39150669012874156,1.0865039415935314,-0.6977825214878209,-0.3932111818990197,0.11626368559375548,0.082
1.08156828437016,-0.05876210487576171,0.23056396738131954,-0.8323786602994876,-0.4020883210183642,1.0853435485154128,0.3676482773513872,-0.023943639173291457,1.6576153920634211,0.15549167688274207,0.6596553087748197,1.1398747437087287,-0.2722209179882942,-0.11020775375559677,-1.2043052989467218,0.7300893859511746,-1.808756940664038,-0.8749970884503241,-1.0688567162764848,1.1259961249723713,-0.026934101262888005,-0.034
1.0843788377979973,0.7949477152955178,0.17437152459223199,0.39954543890836425,-1.3590653607600844,0.9540815407990055,0.16633379483876073,2.6315599479767724,1.5201871717313578,0.6846938690029754,-1.0112809735347013,1.211219104018957,0.31650626446241004,-0.11020775375559677,-0.43548186531947636,-0.21969679764163746,-1.0849645743023104,-0.7998972059488972,-1.3319145742378529,-0.6834034668180118,0.8936204000452902,0.125
1.0871884049444935,-1.8612214510763272,1.6231915461785562,1.2873041854214355,0.9305623119339129,0.791612028395485,1.5951879653044614,1.1067101279869274,-0.11018018759295439,0.35984357411203616,-0.5412733854916472,1.6693921874477924,2.177116006720074,-0.11020775375559677,0.008181450603382425,-0.2713946987829037,0.8702023337629343,0.8778752756736751,-0.38838276343569905,0.7884335368553322,1.660958822254862,0.098
1.0899969873448556,-0.9968920117044787,-2.1104435770240766,-2.085475661154619,-0.013540226812201484,0.47519225196460724,-0.48416681783079046,-0.9186558456632385,-0.08564364984072258,0.9787033184289577,1.6686991850273873,-0.5913670842067088,-1.0602785115503635,-0.11020775375559677,-1.7185788232757804,-0.22616103071723315,-2.2431810055322043,-1.248353195765427,-0.6226429572744181,-0.6170408350520407,-1.9167276391915653,0.052
1.0928045865300513,1.0033298726089686,-0.43182201664926984,1.7051306981740155,2.1707653849188433,-0.014914265142375746,-1.5474974678236746,0.8289954808019295,1.1334596614030032,-1.643911309980834,-1.0051022189771315,-0.24823934324577618,-1.4986223770242335,-0.11020775375559677,-0.43692220150571337,2.0963574027612855,0.6828264812395514,1.2086091431141959,-1.594429660092425,0.6235655089993167,-2.1455717561403618,0.011
1.0956112040268318,0.04248024609351119,1.121892083663176,-0.3861998317903361,-0.4359953625090368,1.1143095093836501,-0.6032276779096443,-0.7942494398163409,0.67879765407379,-1.3601512369767113,0.6239040468315051,0.25472607914076406,-0.8164369223451714,-0.11020775375559677,0.005281683788770916,0.2797440340401726,0.07243050246763783,0.22313269179214157,0.36215781701994215,1.2740147585698025,-0.4818960564763185,-0.254
1.0984168413577433,-1.0704648977859115,1.598415638874127,-0.7178586036452395,-1.5835517093667604,0.3524850414999137,0.27546138146944654,-0.66905843765439,0.8214470472898427,-1.0617420891227913,1.7451427405924758,-0.5166898359825587,-0.05801064296708582,-0.11020775375559677,-1.622584925822659,0.3318239518258731,-1.2744803790830317,-0.39700550185949995,-0.7612215380853318,1.3890635842934125,0.25262322702785656,-0.076
1.1012215000411487,-1.701353882853783,-0.05777424239516764,-0.8521480355122923,0.29718122056026686,0.6118075497926783,-0.705480251109222,1.7444348335803035,-1.722239510643891,-1.452110898293474,0.750381984598894,-2.2209083223989907,-0.7556631697420927,-0.11020775375559677,0.47516810650675795,-0.18736709373550584,0.519782733534566,-0.09228124159652579,1.2078365095613002,-0.07029938089302337,-1.3464018718207522,-0.232
1.1040251815912387,-1.4439711696085331,-0.3683426225591605,-0.30268606865624065,0.3306783382327053,0.739445928450696,0.8182357088761089,0.03705121555883692,-0.46245702272430794,0.8807650061975811,-0.849869110710731,-0.5913670842067088,-0.19498868197944583,-0.11020775375559677,1.334039637909957,-0.17443123134233668,1.1622224723161754,-0.46442708805580113,1.2688129095187126,0.4255505219960768,-1.4603809078984769,0.02
1.1068278875180524,3.20694504140951,0.5528571226076253,0.2203777896603305,0.0537774093518373,0.32934398857931896,-1.1335524032250732,-1.3228320799582196,-0.3702962790666602,0.35984357411203616,-0.4767639568612048,0.745493222887739,1.652806543835836,-0.11020775375559677,-0.11060809344551005,-0.2713946987829037,0.23044509298505275,0.3259051354549021,-0.33587771469381117,-0.9905817923553442,1.2903890360666463,-0.205
1.109629619327492,-0.20164408005043097,1.6314530255426056,-1.6633186575807843,-0.030381354050103896,1.6918988125942236,-0.41624365959756776,1.2266447605977657,-0.204174901003798,-0.04157148995100348,-0.296385544265583,-1.2231637735758611,-0.19498868197944583,-0.11020775375559677,0.12282014430642615,0.9529502409666883,-0.3131073394321596,-1.3802272885218474,-0.5453907618246843,-0.3269343230342515,0.732440657552926,-0.07
1.112430378521339,0.13556814470161616,-1.0075936680922062,0.8628184219965617,-1.4539295203976388,-0.9071819579000969,-0.518158724985024,0.14418871401919423,-0.26415975244745293,-0.7335239185905861,0.4592291827444991,-1.6315346236149637,1.0728759148124782,-0.11020775375559677,-0.7945730246913102,-1.4755353888124623,-0.9414620546363164,0.8258563234183341,-0.4912027582500222,0.004151138379386612,-0.3118498961091831,0.048
1.1152301665972704,-1.8372896341797522,0.05416572383290116,-0.08517153367747801,-0.08093297238590187,0.18961112606309607,-0.297570879146003,-0.5950527831003936,-0.799138284374222,1.4299025941729073,0.09799791761202149,-0.19513525929568348,-1.7987750074624345,-0.11020775375559677,0.44452285219336707,-0.14855269124734538,-0.3640778677115108,1.0690846111448884,0.6552882586996748,-1.3064864477493077,-0.671003713009305,-0.055
1.1180289850488747,0.1610029512872555,0.33508540560233085,-0.28168884326502924,0.5896674458173512,0.7841736727852322,0.8348627654355791,0.4919435449435325,-1.0776736981218533,1.7074816503194739,-1.2512516414570631,-0.6732515752519981,0.8891393340362764,-0.11020775375559677,0.7061560238417118,-0.6515308228121379,0.46022909120293676,-0.38857020715837226,-0.1563430083387517,-1.7644627619696613,0.8470389061690731,0.018
1.1208268353656698,0.05938515360326924,1.1300686739064447,-0.38100236256982944,0.02012795176630605,0.1191739657967655,-0.15379334805532804,-0.23611818287882091,-0.5765980699278892,0.9636400744482433,-1.11108645088058,-0.3751453280676326,-0.40984300888187686,-0.11020775375559677,0.9599120709204808,-0.3617780044908721,0.6907896784410932,-0.5989444027127996,0.8499898583174919,0.7389870113940237,-0.11018280946501768,-0.022
1.123623719033116,0.24593264062123676,-1.8483676546567096,-0.14936447038510517,0.02012795176630605,0.5891433474649181,-1.6947854919594054,0.28267404972104504,1.4097995333505595,0.8883010118635507,-0.24309343123241717,0.39506733804548605,0.57003762413436,-0.11020775375559677,-1.1060467066459614,0.7824712075711295,-0.24246579111409913,0.15474650309351742,-1.5888303460551467,0.5988239355381941,0.3230088342987634,-0.039
1.126419637532633,-0.3522431100424691,-0.7086520087436081,-1.5225045962689971,0.38925449745180196,-0.4090417578144901,-1.1077770436325838,-0.06198140696603391,-1.4115063764760092,-0.3604963521058134,-0.09208013180984406,-1.843002791749,-0.07511010305752537,-0.11020775375559677,0.42555856593977587,0.7431815974514115,-0.28172068342960793,-0.8165982728552403,0.5593145008733751,0.8955266107085693,-0.7056159405912312,-0.02
1.1292145923416161,-0.7009425762334103,-1.8792635941234277,1.9871336404292013,0.6729829782664994,-0.8650139698341691,0.20832909837454194,-1.7669543035024384,1.3048819964410534,-0.4517544492434873,0.2677831648114342,1.2938738758189634,1.2143627026833104,-0.11020775375559677,-0.10192320604204082,1.7112887487922375,-0.04583345559153654,2.4723751899981106,-0.13872795438172303,-0.12822295790425295,1.7822704640446683,0.048
1.1320085849334525,0.0002570254161733889,-1.3828588821322572,1.21320747449081,-1.0411491718714512,1.4561527449555351,-0.38231222936688974,1.0111560660979997,0.9816270484263794,0.4430143067825435,1.060821434743462,1.7541133594270155,-0.6516552570501032,-0.11020775375559677,-1.6522472183447334,-1.6783797499362187,-0.42675495625261395,0.6787722097227851,-1.2659018035326148,-1.8311498499048589,2.1353027532854165,-0.127
1.1348016167775359,1.1517830975423649,-0.49522507469396204,-0.8964714257339368,0.5479679895542637,-0.1824349034791694,1.1665116229895391,-1.1866784370722299,-1.3140244580756009,1.3322562950626287,-0.16172981871839232,-0.9563065011987729,0.6121530986463634,-0.11020775375559677,0.41534911577215106,-0.8632661915510986,0.6231316407804067,-0.582153611680794,0.5633084405728909,-0.07029938089302337,-0.12688785862596622,0.135
1.1375936893392806,-1.3307394802425565,0.1984464577990193,1.6728514510359793,0.5980039946715572,0.39095976423380047,-1.1249593425169149,-0.8675251206422581,0.10292213968490732,-0.6344561136413175,0.041394932581409916,0.3887208019149409,-1.5779129402504308,-0.11020775375559677,0.7808721532495697,-1.2338428676105189,0.8741945010819043,0.00977046872576287,1.2159613039657091,0.2438725759707447,0.06685395957434045,0.0
1.14038480408014,-0.15968585455355375,-0.3127352205600014,-0.4586572943598911,0.46448519465140575,0.18961112606309607,-3.3726426066795865,0.9159537640945199,0.8171730460253572,1.774926243662638,-0.028588063822764808,-0.8729365493578993,-1.7368436700911087,-0.11020775375559677,-0.0425467315851494,-0.12266507491719013,0.4205555094920581,-1.6017026622992057,-0.19154547761027596,-0.2523965463731236,-0.6940707464766571,-0.133
1.1431749624576195,0.3140401168321578,0.5124583165990749,-0.8125659321341355,-0.9042219561945053,-0.10240337789846032,0.5683080254252605,-0.7942494398163409,0.14098912667720903,-0.9853385454080863,0.24431686399867752,0.1064025047657064,-2.0560843269914546,-0.11020775375559677,-0.009215308853924523,-0.33596565902085945,-0.07339776000670946,-0.312576881113745,0.4456696201456213,-1.681129563363469,-0.07127596004634892,-0.14
1.1459641659252946,-0.4938344536365814,0.6580458263418514,0.7214658579501438,2.931417354224878,0.9247085695304529,-0.6032276779096443,-1.2441296038469225,1.3009561288622495,-1.0158945537705588,-1.0422787469710477,0.6588065251797246,-2.8349502448771102,-0.11020775375559677,0.2900384458984703,1.4797566750177447,0.2739647299761775,-0.5569546054246184,-0.7324016458774373,-0.5838668174506548,0.393034475750596,-0.042
1.1487524159328226,-1.4439711696085331,-0.11365367103343595,0.7624793596234413,-0.9640872559542696,-1.39637496226153,-0.7140097347039783,-0.31891202714618533,-1.116624959040888,-0.13261763165829574,0.8147494038369851,-2.295902598622626,0.7886112750023111,-0.11020775375559677,0.5481857509109366,-1.367518446248187,0.23044509298505275,1.9031080650351389,1.4625174893624755,2.061542464380081,0.06685395957434045,0.012
1.1515397139259593,-2.2576143978003724,0.6175626045511551,0.23703093716509627,-0.021960203200840505,-0.4090417578144901,-0.765214088342456,-0.46116824240618737,-0.29433304940575,-1.0770282171875039,0.5555389853612572,-0.22166282448377686,-0.42707440423788495,-0.11020775375559677,0.03283442036778642,-0.33596565902085945,0.5356724575952783,0.3602138795357213,0.3879860907366457,0.2603951935344961,-0.5905150779031251,-0.234
1.154326061346576,0.05938515360326924,-0.5268981010661306,-0.3549708719311449,1.104459853700945,-0.41720362797632204,-1.955555279902759,1.266743944847699,1.5763591203400962,1.7524479309926206,0.23724860424679364,1.5380716481296102,-1.6220137529373788,-0.11020775375559677,-0.957648396713995,0.3969735780800554,-0.8365292200065602,-0.6241177472557805,-1.3168393748525018,0.689528569303116,0.36075983938421285,-0.05
1.1571114596326708,1.770712760490106,0.5205354929454252,0.13755164547760462,-2.0091359700998552,0.9467452466412237,-0.27217262192327174,-1.3085478373078654,0.3696567996380842,1.1292525376644755,0.8067771405134636,1.0319997442488593,0.07854861296897135,-0.11020775375559677,-1.6296487606259098,2.336223968798378,-0.7392086326261473,0.35163429773727545,-1.8378053780345711,-1.0071977029558083,0.46269760730041454,0.153
1.1598959102183868,0.6999017101049001,0.2627016396147181,-0.9161009751446354,-2.7732503240978126,0.4216552615872523,0.6267127184245223,0.09821099797174644,-0.8314311106892773,1.5499977044828783,0.026498318165252433,0.38237115621166184,1.2641985583229818,-0.11020775375559677,0.6183523318496019,0.28625208605472735,0.9980636952635664,0.16328912130236214,0.4855048120433012,-1.5645112215414025,-0.03246963512530559,-0.08
1.1626794145340247,-1.1438741558127137,-0.6059979266903497,-1.233935918720307,-0.18216391531048734,-0.8313656912188994,0.15793124411721388,-0.5356552771804896,-0.7296021969506858,-0.2692994171367511,0.49895417076784043,-0.39528378582904083,-0.2722209179882942,-0.11020775375559677,0.5160488476180692,-1.513616770890593,0.23440025702435807,1.2260769323808118,1.1652086170275682,-0.16132904256225303,0.8106894207035792,-0.222
1.165461974006059,-0.808121592267928,-0.7165402922979374,0.8687534126394308,0.14621734351203236,-1.1541187607803671,0.023331005002687564,-1.9193393640022787,0.9020791275821415,-0.03398700326229202,-0.24044534713869709,-0.2415906259473465,-0.5046938948515577,-0.11020775375559677,-0.4153138392366125,1.5127937559829503,-0.12849149218700856,1.2086091431141959,-1.3413325225763515,0.5163307289387595,-0.27805672366592116,-0.237
1.1682435900571522,0.5449900510833064,-1.6858832173401133,0.756609546574507,0.756187999413523,-1.466284913403091,-0.4332168952258701,0.8842981316615945,-1.223236153038775,0.11004010448606755,-0.04373912153349164,-0.19513525929568348,-2.4755789606412426,-0.11020775375559677,1.717405506285135,-0.3617780044908721,1.4675069548548227,1.1039293529981116,2.5304942174922926,-1.2316284818825722,-1.8491619679290776,-0.305
1.1710242641061674,0.6481796137781404,-1.289284267676832,-0.4638109993561658,-1.2127730513913124,-0.5897009434875409,-0.2637090002764458,-0.8602098074761156,-0.17932310597176246,-1.4061226557796898,-0.6238449007639556,-1.180740825595146,-0.8338146496103057,-0.11020775375559677,0.6534611082490852,1.3543347999959319,0.5873394600247308,1.016863173584192,0.37208957727858527,-0.1696063459806064,-1.067338770224929,0.128
1.1738039975681884,-0.05876210487576171,0.5447747747661403,-1.2575594116839641,-0.4359953625090368,0.9614132036586488,1.6608981531821108,-1.0205143714966516,1.1415520260052665,0.15549167688274207,1.7195679471369631,1.3056305903271346,-0.8511984931074607,-0.11020775375559677,-1.7439620582256237,0.27323653623391775,-2.557284553438986,-0.10077486436329713,-0.8436899780810071,-0.7663840270731568,0.41987102902600637,-0.082
1.1765827918545273,-2.170804098549563,1.5241644479785548,-0.18660633720368747,-0.6143287928996178,-2.459016113307221,1.6691075087045357,0.4997295550125266,1.324468296596279,0.9937650438494414,-1.3095815398084412,1.080071187714463,-1.4106595607745007,-0.11020775375559677,0.1780305693428172,0.1886895856363071,0.3492013807432368,-0.7497523017480231,-0.7208662064385306,0.5740794098754994,1.444798715757206,-0.022
1.1793606483727443,0.12709438251566,-0.41595934011377084,-0.7028139606044745,1.2366375069632,0.1270191293483446,-1.1249593425169149,1.1306534047247776,-0.9838055805884574,0.2085000309314924,-1.168013903332473,-0.8729365493578993,-2.4397598590189054,-0.11020775375559677,0.9525658976903427,-1.27206316925354,0.32939412501898746,-0.4728471736493567,0.4655817717094117,0.854343633842949,-1.8491619679290776,0.02
1.1821375685266582,1.3890364563153126,-0.534813396936017,0.36569168800121005,-0.7846781818369603,-0.8229655762363837,-0.20449800885437996,1.614073051263292,0.6525032142539121,-0.1402075101420103,-0.9345428097892082,0.9413192549394638,-1.9494683116741434,-0.11020775375559677,0.7354473998206801,-1.811151289924045,-0.2071159321887312,-0.9749096551114218,0.72341966382767,1.1013156256287409,0.5107122097124779,0.107
1.1849135537163633,1.0556440563730656,0.38339842098938814,0.5936978436502467,-0.18216391531048734,1.3362948127324168,-0.15379334805532804,1.5734592927153332,-0.2241163652984295,0.7752206439448623,-0.5838102091739351,-0.4356429414907721,-0.04946336601798759,-0.11020775375559677,-0.9376444845180089,0.8479970559066563,-0.6651422565419234,0.47189329882978626,-1.8285569941339423,-0.42635701741855725,-0.7692533020771711,0.072
1.1876886053382432,0.6912754396787165,-0.8897889770209642,-0.39139436441922204,-0.038803680243610465,-0.9748996937061898,-0.5011602346726646,0.3832035684333459,-2.092880573479689,-0.9700632381758816,-1.2933207674544416,-1.8576783981063643,1.0645399203416415,-0.11020775375559677,1.2912314954463984,0.23420319857786506,0.7186680564636774,-0.7664742111587777,0.9810198771196333,0.2603951935344961,-1.4483517777208363,-0.158
1.190462724784983,0.9685026026556411,-0.49522507469396204,0.39954543890836425,2.081198834533796,-0.7225369002851691,0.2586852309136738,0.9080361712263706,0.4153837602721979,0.10246341658727492,-0.6699954791234988,-0.01081577121251647,0.40117797723343296,-0.11020775375559677,0.2231030986116135,0.7169993394871963,0.7784450304189454,-0.6492756545252485,-0.44274339451471567,-0.45121962616768946,0.006235808537125693,-0.152
1.1932359134455859,0.8122598541326511,-0.1455578179933669,-0.9258997290936751,-0.19905237742694443,-0.655966352155559,0.0822556645554264,0.8447839234476165,-0.5453042685189249,0.7224201383419034,1.100697263473136,0.5464498889197597,-1.1214237030558356,-0.11020775375559677,0.17657710160495194,-0.8184061285512447,-0.9414620546363164,-1.8299476882579773,1.5464020360979158,-1.7061265222654083,-0.949850265549513,0.126
1.1960081727053842,-2.35206523870505,-1.7323556540255185,1.2378440259836396,-0.5548240288597971,2.2193616563894176,-1.9033154360343605,0.06761052775522278,1.5427312290403838,2.051896428060629,-0.6728939912751063,1.970961081128862,-0.22929801759457363,-0.11020775375559677,-0.3965808434185198,0.7955720646289012,-0.30133914297392805,1.8058562696261007,-1.2942116372323076,1.0272558396744038,1.1898045140489601,-0.049
1.1987795039460567,0.8469129221974884,1.4912006219474716,-0.2606437479982337,-1.1612312113211827,0.634429788973669,-1.2281598491801295,-0.431298974567497,-0.9673472577291521,0.36740654143768436,-0.3071197310577465,-0.7212188249856197,1.1062051104610897,-0.11020775375559677,-0.07151734256279826,-0.12913782918648584,-0.3248733748070516,0.3173319455722522,-0.25208533043505754,-0.9739670726520169,0.11078205182446763,-0.059
1.2015499085456414,0.502093989043206,-1.654880013577493,-1.8151943448622807,1.4261710822656972,-0.09442621665549907,0.8681039846596135,0.4763790593842871,-0.5245103585100731,-1.1305439550383305,-0.2537014708413302,0.125841768125594,-0.5219599946528547,-0.11020775375559677,0.10684637611194601,0.4491329432534631,-0.5362909322134427,-2.330052036530842,-0.1602562145850093,1.1671234960480381,-0.379652925980327,-0.101
1.2043193878785456,-1.257743592779784,-1.8869849189172274,0.20375406180655967,2.406331211533563,-0.5566825637347228,-0.5776935591125738,-1.92623215309688,1.5352277147275941,0.5034719534744142,0.5834814442739951,0.08693547010150161,1.0061463891966194,-0.11020775375559677,-1.040453060398154,-0.645104638518715,-2.159613335432734,0.39454815327237575,-1.207306493106526,-1.606154163702419,1.444798715757206,-0.031
1.2070879433155668,-0.3522431100424691,-1.5695318128047377,0.5994685806694076,0.9968648314220383,0.8138992200584001,-0.08625499389934223,0.3677096381636113,-0.6132639926174658,-0.8097803826140108,-0.8648913266842732,-1.7333122063297406,-1.0602785115503635,-0.11020775375559677,1.8332236498325922,1.176429714450339,2.5744815138874095,0.09499355590775221,1.5935341647764085,0.49157639648889406,-1.5146028840397585,0.044
1.2098555762238985,-2.3048724716287943,0.150307879376164,0.7683527627304189,-0.1568401558100561,-0.19849795092569425,0.8514855212588975,-0.6246872705372151,1.2694456752593202,1.5499977044828783,0.13206520836841898,0.0348877159818676,0.7382644794294052,-0.11020775375559677,-0.4844355313581508,2.0298439096556984,-1.2783417430454564,0.5924626456115957,-0.9946235628678526,-0.9573535449886938,-0.300577461719676,-0.245
1.2126222879671498,-0.45225410054107656,0.6256566406854581,0.8450353480781118,-0.06407771974383987,1.1070749451467596,-0.9705030869632693,0.18257391377228682,0.812896014539732,-0.664930651371709,-0.02354988512084078,0.33146211215458404,1.039523041983339,-0.11020775375559677,-1.0461596367372117,0.6254297584418286,-1.3015046083921475,0.5579827415309911,-1.7191808051695876,-1.5894961232938671,0.24719411160208477,0.003
1.2153880799053551,-0.21002916681594824,0.12625549936070748,0.006533341538628417,-0.5973212494834719,1.1792129427444489,0.3676482773513872,-0.1530073705542427,-0.555721799404769,0.6092121427129837,0.24431686399867752,0.20975731112439816,0.29107289977664913,-0.11020775375559677,-0.14967630042067093,-0.7350180305363938,-0.04189475020437537,-0.058290282759870554,0.10095646822398112,0.5740794098754994,-0.38531617974520965,-0.174
1.218152953394991,-1.8771665695700197,0.8853588756444506,1.0545699683019967,-0.7505682668720988,0.9540815407990055,1.4388723198707525,1.7199459382658866,1.1778230123352358,1.4599351306891506,1.073573977802259,0.18399278618884704,1.380280647860143,-0.11020775375559677,-1.0390263336839467,-1.0551947247163826,-1.5403176125206404,1.97394658165761,-0.7304793693265221,-1.6894615968248143,-0.5561375190394767,-0.129
1.2209169097889856,0.4506955715274876,-0.5427275100433715,0.33195863283879423,1.0713729447884128,-0.28718315941214284,0.7683286511927586,0.3367521291089267,-0.858438243480131,-0.9853385454080863,0.028984854184959247,-0.6527395658768042,0.02738830236548199,-0.11020775375559677,1.4049465862349932,0.06529038914251294,1.4473831927938632,-0.11775716241051579,1.417577080248796,-1.3148054633570283,-1.1027330861319669,-0.124
1.2236799504367348,-0.3522431100424691,1.0320391729168734,-0.19191440950098126,1.2778875684702742,-0.23068082994755854,-1.6167656558013976,-0.4835423039494811,0.7699587396344985,0.05699471030429917,1.5134628416377198,0.7393217191462123,-0.8511984931074607,-0.11020775375559677,-1.949428289269641,-0.6258225861026123,-2.5270910027817424,-0.6492756545252485,-1.248902509489728,-0.21927672526516503,0.5053859224481446,-0.181
1.2264420766841153,-0.3271920005891213,1.8218621104279706,0.44487275288146877,-0.7932088058712193,-1.0003728958109785,-1.7208139036542154,-0.28131785813062016,-0.7189566202425777,-0.6039885388879702,0.7156354837458686,1.169657283909816,1.454757334720807,-0.11020775375559677,-0.14533650368293244,0.5470264225478382,-0.6066063924470866,1.5503112769830758,0.23131618909462087,-1.722792591520833,1.2953981334260103,0.036
1.229203289873496,-1.135725618922261,0.8203065663172101,2.100849873565514,-2.0091359700998552,-1.3441450773680936,-0.9448009332332746,-1.4366993285849368,0.3143661256274907,-0.5354618559751613,-0.8348893729601989,-0.6527395658768042,-1.235172970993677,-0.11020775375559677,0.8292583425211667,0.9004564786967133,1.745774497216141,2.240408595451512,0.5912781286823586,0.07030789753639308,-0.8564084428246777,-0.242
1.2319635913437528,0.24593264062123676,0.06217072118989306,-0.7078316122759911,-0.24974643148496736,-0.7810366974787308,-1.1937394087538042,-0.36393812890115246,-1.446163817038698,-1.4597772461972087,-0.9651088142191121,-0.4423801223567749,-1.331617840152453,-0.11020775375559677,1.600273531819821,-0.12913782918648584,1.8508980092117986,0.4289078961032757,1.8073213032410702,-0.434644246103134,-0.9147521758450476,0.155
1.2347229824302803,-0.24354770821274385,2.029697942023737,-1.1196622777618819,-1.9568436267521168,-1.3528380067130124,-0.035651761472437093,1.4358174364408223,-0.8530297932131989,0.5941111110741341,-1.0765770459659958,-1.0401094040758363,0.09558881110211118,-0.11020775375559677,1.2130574126331033,-0.6708058731276941,0.7505427360493603,-1.6180546108953995,1.1997133766488692,0.5245815207450082,-0.5504148066131628,-0.143
1.2374814644650072,-0.22679279532894167,0.6580458263418514,-0.30268606865624065,2.292711342899723,-0.40088463612726666,0.35089729811330267,-0.16057595460416377,0.7785705122252354,-0.2161292563495131,0.8836172708166653,-0.2748647828895802,-1.0166483852731452,-0.11020775375559677,-1.3847407391427504,-0.23262469407978753,-1.2937846666835524,-1.1491441914811904,-1.3658045832823777,2.0779144097511257,-0.49899908308744995,-0.132
1.2402390387764066,-0.38561443702494913,0.2546653283207444,2.29098717727701,-1.9568436267521168,0.03256647118359272,1.29870393495176,0.39095432366445937,0.49689830233685883,0.3976544224685209,-0.5356296447230459,1.0980456153212248,0.22317813053673868,-0.11020775375559677,-0.13520922651566897,0.7431815974514115,0.2581361422615748,1.0255629338486043,-0.47182773819179047,0.5328319860917489,-0.038007227783118866,0.084
1.2429957066895088,0.0002570254161733889,0.9016352616064968,1.0545699683019967,-1.2385616565652153,0.2984236248390868,-0.4247296495461895,-1.8086545125848796,0.7397215429728928,-0.3604963521058134,-0.19828900270434752,0.6401508391598425,1.239287148548045,-0.11020775375559677,-0.45276381119318715,-0.32951113907635204,-0.442414573766404,0.3687950569360247,-1.2998702506950521,-1.5395289136194035,1.5876539243016936,-0.089
1.2457514695259173,-0.4189513994140772,-0.5031451092498017,0.022810592084287776,-0.30048364064047967,-1.3267736754368955,0.040172532564672264,-0.5727987788847172,-1.2345340257231587,-1.4291146694688108,-0.3720583935177452,-2.064374292803965,-3.06967623112137,-0.11020775375559677,1.0834353722687295,-0.12913782918648584,0.926113249419801,-0.19409566653352692,1.28508902269805,-0.41807009650281185,-2.7121957294522026,-0.044
1.2485063286038176,-0.31048046784788863,-0.19337741893769644,0.7039421885149431,-0.17372147189282175,-1.6778699446954541,0.0990806686040144,-0.43877027195182877,0.37882749310534575,1.211990535363061,1.2577005414123628,0.07394202558530996,-0.2894013183575901,-0.11020775375559677,-0.232079321774993,-0.8119951891288184,-0.0064357532886112154,1.2348130876339054,0.22340183821775575,-0.24411612418316272,-0.7982568096681819,-0.068
1.2512602852379922,-1.0296113415163197,-0.6376048882994167,0.05000253446689103,0.7894392410216087,-0.9579415202158323,-0.6117416200837503,0.2518281612667327,0.18356696681748283,-0.42893416412159535,-1.3684914352281357,-0.4289088040558405,-0.8946848027852177,-0.11020775375559677,0.536497944665693,1.7112887487922375,0.8462540835506497,1.1039293529981116,-0.47376576413141896,-0.45950777724252717,-0.6422137854931125,0.102
1.2540133407398335,-1.4681851297447228,-0.30478649446509865,2.1210514433468646,0.6230069708561569,1.1792129427444489,1.3152095396676753,0.7108971461767368,0.4923963928326005,0.04941516031414175,-0.7165715225919723,0.28675369644571774,-0.8946848027852177,-0.11020775375559677,0.8615334052894367,-0.31660038035011717,0.9700742931326967,2.204806175677004,0.1878091896416953,-1.8811770974489537,0.08883466287923258,-0.008
1.2567654964173536,1.6815239682888006,-0.7559642430457542,1.7310297953333862,-1.1869962459918117,1.6437945753588916,1.3069572466859767,-0.37143324519848214,0.9691385502245848,-0.01123601929558608,-0.9071801672230361,0.7146042972468816,1.1894251790857553,-0.11020775375559677,-0.14244315086376985,0.1172233549069007,0.07637628988591354,-0.1432182253772562,-1.0308115338594663,-0.6502197213536997,0.9811433987486556,0.118
1.2595167535752005,-1.2333759168496985,-0.5743721500713105,0.5018380098255865,-0.5123576229153597,0.9394043205003273,-0.9533670232414362,-0.7354333629619317,0.5417454912257557,-0.42132825739871865,0.860184594726324,0.07394202558530996,-0.5737959329616386,-0.11020775375559677,0.2027441590508262,-0.4069274998723732,0.11584709951899289,-0.43072981413759426,0.17397730831532363,1.6599810341999133,-0.7113914538602918,-0.113
1.2622671135146681,-0.16808187743604025,1.5241644479785548,0.3882474008379414,-1.3935427259479063,-0.09442621665549907,1.207849997563632,-0.07717837732213038,0.7397215429728928,-0.47457858783696777,1.8362270910405014,-0.2881958378542169,-0.6083844981191429,-0.11020775375559677,-2.0602904883105464,-0.9016946335112513,-1.8431781562808622,0.06088475743740779,-1.0365214152035125,-1.3314443712276063,0.05585113654873335,-0.009
1.2650165775337083,0.6567940484669318,0.8365616734774793,2.6538188495729043,-0.4359953625090368,0.9540815407990055,0.5599600687003802,-0.587637459420352,0.8342508832873776,1.5875083291285728,-0.38570288043927853,0.42675335574121165,-0.4874340837585245,-0.11020775375559677,-0.4628428408227025,0.5666198922727838,0.45626069347264314,-0.058290282759870554,-1.437216974309443,0.10337866866963293,-1.1086387431063602,0.011
1.267765146926946,-0.8574707630727548,-0.4873038535533254,0.2815838125672576,0.2133583856180616,-0.7977939123021781,-0.9019899447694526,0.6873443680062447,-0.44702045353056374,-0.5354618559751613,0.06856479813454881,0.5715056056964666,0.18919098551377447,-0.11020775375559677,0.6432192968948599,-0.9016946335112513,0.7864191608195521,2.1425566631377415,0.6973547774685416,0.49157639648889406,0.11626368559375548,-0.078
1.2705128229856881,-0.25192190043392765,-1.2189981557688963,-1.0281469660812277,1.8036006333502541,0.244132395727868,-0.3484007801882367,-0.03155636997414985,0.25861684888598746,0.2312118252764545,-0.5271762839264789,0.6588065251797246,0.7550529119459615,-0.11020775375559677,-0.010664839248903825,1.5458438481519443,-0.5401994147510568,-0.741388748065751,-0.6342145696702196,0.11991214756391252,0.7533549969740082,-0.108
1.273259606997937,-0.393951895257661,-1.5073776644237027,-0.015125593867963694,1.0299902662890732,-0.37644175543786734,-0.15379334805532804,-0.1530073705542427,-1.4115063764760092,-0.8937135707521436,-1.1363172661301062,-0.9911718084671142,-0.3151839313854066,-0.11020775375559677,1.048122317164616,-0.5808107441901399,1.423241947483624,0.47189329882978626,0.6352732427484016,0.4090408059574667,-1.3523841411232422,0.068
1.276005500248404,-0.8821175355275858,-1.6858832173401133,-0.3236356028815837,0.9388539026832218,1.5538646656563109,0.9926064704634752,-0.008710419891618217,-0.3906814580804744,0.3371522751429615,0.23960614796858523,-0.9772166695214433,-0.6170355379511117,-0.11020775375559677,-0.22774484145329169,-0.21969679764163746,-0.35231904561852195,0.11205771306331719,-0.2618395319059309,1.0684035475089575,-2.0648911575006497,-0.056
1.2787505040185203,2.1210796925536353,-0.23319362900953117,-0.5100643414757009,-0.8188082427131603,0.4063168743283435,0.35089729811330267,-1.535736714350973,0.23056948791576673,0.5487986085081548,1.813271531386623,0.9776769026491565,1.1561547320480752,-0.11020775375559677,-1.3748096589741228,-1.4882316379201737,-1.3015046083921475,-0.6325054330942406,0.08518824564763365,1.2657944064805042,0.867763011898639,-0.127
1.2814946195864463,0.19494763903083923,-1.910142519226187,-0.4431787761802598,1.3438331041567035,-0.31146951158252184,-0.4247296495461895,0.32901908148548936,-0.858438243480131,-1.2070337425645445,0.9622832982780732,-0.3550343017410625,0.06150178846569423,-0.11020775375559677,-0.31870988049114296,-0.4713778418873791,-0.057648150716661545,-0.5233320469069596,0.2986595408930077,1.0107943936914032,-0.27805672366592116,0.053
1.2842378482270904,-0.4189513994140772,-0.7559642430457542,-0.025936230410365937,0.09581299018617133,0.6042574791548233,0.16633379483876073,1.858996359233585,-1.6568919126331183,-0.7335239185905861,-1.0891014516666089,-0.4761116607119873,0.8389027706229363,-0.11020775375559677,1.0245894608431914,-0.36822965624027715,1.2143512940185452,0.33447992474537647,0.9285542687881246,-0.1364990093998236,0.295979909019802,-0.083
1.2869801912121135,-0.3605891691390725,-0.37628173501480033,1.5575083978637516,1.5494837973175626,0.07987755521770745,0.17473518061388763,1.8344087045642563,0.3696567996380842,0.46568889179248507,-1.1079404871942051,-0.22166282448377686,-0.6256881349039937,-0.11020775375559677,0.9510967496280011,-0.24555031084511283,1.5359688670802412,0.39454815327237575,0.34428755753872553,0.7472289275522309,-0.9557066276253525,-0.128
1.2897216498099455,-0.3021214586440165,-0.3604023111394252,-0.19191440950098126,-0.6909241996829489,1.0563036847864995,-0.6713753343654393,0.8763903682009525,-1.0278506546551986,-0.7716466431073125,0.7645777938717407,-1.5591918872807715,-0.7122994951694914,-0.11020775375559677,-0.17281716793863613,-0.9016946335112513,-0.3444786277240696,0.8085290328310005,0.6572903519583113,0.29343657501396764,-1.1322802103579164,0.128
1.2924622252857951,0.050931582463070196,-0.8347251049074423,0.19268787866947665,0.380889879117111,1.0198998620758397,0.09066875454187928,1.1946088994600956,0.040619732260638704,0.1933568129656077,-0.9345428097892082,0.7824562460836207,0.6121530986463634,-0.11020775375559677,-0.054136454855414774,1.0448966794596992,0.46419771978038865,0.4804951332372689,-0.7227890763078815,1.323329661180881,0.3769067943454399,-0.121
1.2952019189016621,-0.9887070996459043,1.1873429831103013,0.680627038616722,-0.8358808479491258,0.6720403190158525,-0.41624365959756776,1.6222029194834389,-0.3448908890648527,-0.4593620668935868,-0.5980712411926398,0.8254366510282828,-1.2439333053725665,-0.11020775375559677,-0.15835505662486773,0.019878474858187604,0.23044509298505275,0.1376661239293557,-0.7420112475180999,-0.5838668174506548,0.36075983938421285,-0.235
1.2979407319163498,-0.29376028536804394,1.499439467203591,1.2440128827917918,-1.644146471372182,-1.2661254988651758,0.09066875454187928,-0.9987329067620606,1.413645513824105,-0.5202384566409041,-1.3816616555874242,1.187488607598338,-1.5867302235171803,-0.11020775375559677,0.31624789558398436,1.2159309616259957,0.6032448037417015,0.6442295969893737,-0.8321960146250662,2.0124179357936485,0.5053859224481446,-0.058
1.3006786655854754,-0.2853969463799572,-0.3604023111394252,0.5534001413249053,0.22174583103058781,-0.5484398706410928,1.6116214152099506,0.43751184755749933,-0.04655680238183137,0.2841918959641649,1.0699365786613804,0.16463692329186974,-0.8685884440519106,-0.11020775375559677,-0.08744592153953869,-0.8376354101006982,0.3175125594253437,0.03532026625244415,0.7334494393989937,1.799395310123201,-0.7229483083582391,-0.151
1.3034157211614812,-1.0622982325648667,0.7066688281164891,0.4335205970021569,-1.221367940591807,-0.1824349034791694,0.09066875454187928,-0.37143324519848214,0.21650249593723334,-0.5887573566954648,-1.2415861242603627,-0.22166282448377686,-0.9817713921353418,-0.11020775375559677,0.6651678000527763,-0.32951113907635204,0.5436186997546799,-0.958275144152596,-0.05836538664907559,0.21908624484661998,-0.838942743002352,-0.12
1.3061518998936485,0.5192454120439072,-1.0154381791288638,-0.2606437479982337,-0.2159456126376041,-0.07052306875431827,-0.9362361392259992,0.3677096381636113,0.8342508832873776,-1.2452958143103439,0.44811394589511216,1.5667649442317535,-0.47018057075508446,-0.11020775375559677,-1.0589974990055302,-0.36822965624027715,-0.7781553378307898,-0.15170193982452868,-1.3375657174257294,-0.11167179520257543,-0.17711312290079273,-0.152
1.3088872030281073,1.1692950278788798,-1.125142184358049,-0.8125659321341355,0.6896327981144247,0.1505263947705416,-0.7566767537892456,0.3135605895247321,-0.15950158843438703,-0.8555554635645929,-0.34218106252992436,-1.026112222015298,0.23167076360258043,-0.11020775375559677,0.13298718760464917,1.4599406805317388,0.5436186997546799,0.5493666985082778,0.09898504952698907,0.8213912477920989,-0.5905150779031251,0.016
1.3116216318078462,-1.2089903201830554,-0.8504634009177379,-0.8026432618239487,0.20496979000560853,0.8361446132606609,-1.4178313460332497,-0.31139845435036784,0.06944307483870328,1.5124780052009439,0.7625537932197782,0.1064025047657064,-0.8251250208985844,-0.11020775375559677,-0.6698367447698853,-0.35532577868584336,-0.9802801680713318,-0.9083293729512891,-0.49313961958019004,-0.5175334266940517,-0.26680843571019314,-0.038
1.3143551874727284,0.872927976226804,-1.452935335050663,0.5419177340695117,0.5729910081183672,-0.7726652564922749,-1.0047907192575232,0.35222582212588,-0.5245103585100731,-1.2988820555563245,-1.1775572382064705,-1.747899205211228,0.40117797723343296,-0.11020775375559677,0.28712688666083,0.20819208211776957,1.1983076446523049,0.43750180429149466,-0.394211459851017,-0.6751070754255677,-0.9967544951000139,0.047
1.3170878712594973,-1.4116585179987888,-1.4218012656092869,0.15956730243811376,0.8309786807860237,-0.37644175543786734,-0.21295304978278962,0.2441230492780174,0.7656482863326094,-0.6420740945515907,-1.3487901339037507,0.25472607914076406,2.1037121596675155,-0.11020775375559677,0.7295881876774181,0.7169993394871963,0.559513942538867,1.243550748858963,-0.18372589481586418,-0.6502197213536997,1.2753503254216512,-0.215
1.3198196844017922,-0.10926362159849921,0.30290216699593325,0.3488101176902166,1.2036184970212322,1.1792129427444489,-0.05251471343007839,0.5308986854590172,0.4244912554673602,0.5336912986038564,-1.139479015562003,0.0348877159818676,0.30803011665385066,-0.11020775375559677,0.03283442036778642,0.24721209095010377,0.218581002081254,-0.15170193982452868,-1.0403273946157523,0.04550148764784089,-0.13246029217821415,-0.122
1.3225506281301573,0.36521683078614003,0.2707392144920232,1.4750337848931345,0.5980039946715572,-1.0855952715460717,1.1830500710315925,0.1902586240756006,-0.43161451351780417,0.24635100277794783,-0.7961403042906008,-0.03699973717816303,0.4180928337063941,-0.11020775375559677,0.8659356393941513,-0.5550768995172473,1.431288147655583,2.876084201845406,0.28082094694617826,-1.256578499354077,-0.0934961590469953,0.098
1.3252807036720535,-0.5187571297661083,-0.999748018515574,1.7830310835620815,-1.965555484742242,-0.5072977840453857,-0.21295304978278962,0.06761052775522278,-0.6818065647906861,-0.8021527516851444,-0.7842749725586399,-1.3582125170353445,0.57003762413436,-0.11020775375559677,2.3429945128266976,-1.1126686808346125,2.7830334956066918,-0.23644788889901883,2.6563707408863966,-0.35178582724403046,-0.171524396085012,-0.183
1.3280099122518687,0.8555821985724019,-0.5427275100433715,-0.004302411201572714,0.5312803931127426,-1.4487784708486724,0.3927662246863511,-0.6246872705372151,-0.16445198023821037,0.01151125614991967,0.6991507755850986,-2.1164085335000595,0.47724405646711376,-0.11020775375559677,0.13008216594055885,-0.4520487947533791,-0.1717467310789469,0.5321393384968958,0.675314027955834,1.9059369114580855,-1.9044268988022361,-0.002
1.3307382550909317,-0.9477519877490277,1.8135676189235241,2.2567710576370943,-1.2127730513913124,-0.28718315941214284,-0.14534682314745018,-0.43877027195182877,-0.46760935890054567,2.246237345399972,-1.322622375953492,-0.04355341519137319,-1.0428219504917755,-0.11020775375559677,0.9995938619971632,0.22769958563645595,0.9700742931326967,0.5666003586710238,0.3641439498369987,-0.41807009650281185,0.18733456020925573,0.028
1.3334657334075173,0.5621648351759793,1.121892083663176,1.4309084305272795,-1.6268268642292256,-0.15036556660319286,2.412167155607875,-0.3414369429060617,1.6245357906232825,1.4599351306891506,0.11993177353967861,1.0259765437490953,0.922600037998006,-0.11020775375559677,-0.4815569183012076,1.7510435616078177,-0.04977192417128023,1.52394614537422,-1.099257745318219,0.037232050640478596,1.1493533006337364,0.016
1.3361923484168647,-0.10926362159849921,0.690455921368987,0.39389473532127184,0.3306783382327053,0.3447760434677316,0.28384773202237995,-0.046774068054180565,0.49689830233685883,0.5714566255505842,-0.0640259233532037,0.273951948082257,1.272499471835005,-0.11020775375559677,-0.05993057724457053,0.34484946182250786,0.001446624649538727,0.7306329517655229,-0.5453907618246843,-0.8327901997541285,1.6170231300232505,-0.088
1.3389181013311822,0.8469129221974884,-0.05777424239516764,-0.596798571297033,0.6146737563920093,-0.764298592271294,0.1159009738700886,-0.9696524195115719,-1.3083229994595016,0.07215258156271553,0.8542972960004612,-2.2059446041579602,-1.9583452883354504,-0.11020775375559677,0.0749099058219435,-1.1509576761944127,0.42848837688302555,0.6183390665995377,1.2322158739479765,0.6153186461590073,-1.1618743716095261,-0.157
1.3416429933596603,-0.7916553425132603,0.2707392144920232,-0.9552321367066675,-0.6568693574079799,1.0853435485154128,-0.35687677407015533,1.3632277212605202,0.13624209398138407,0.14034278052902377,1.4891852682931341,-1.6532952506686225,-0.35818690525675073,-0.11020775375559677,-0.7659196803566769,0.22119652844994167,-1.6478456023949561,-0.33792310207010323,-0.08190583055982359,0.5163307289387595,-1.9413505080645719,-0.093
1.3443670257084843,0.10168659148595435,0.5205354929454252,1.3121283130315207,-0.5208484447051308,1.7874373920675735,0.7600070218857351,2.8680268629930894,0.4244912554673602,0.6469578804655336,-0.9681748780030932,0.09991657820130075,-1.2965263402673355,-0.11020775375559677,0.05459439139158723,-0.7671021311703192,0.29771460048493453,0.9299497012208077,-0.6419266218452069,2.6336853356054264,1.0118910098171887,-0.067
1.3470901995808429,0.21193356274325434,1.3431407981385617,1.9208381895940296,-1.5230235377750747,2.8890451659564658,-0.010366290296547365,2.7495725567511204,2.6817839363756693,2.477647488553931,-0.35573774457735624,1.8659372617038137,0.5953116399833878,-0.11020775375559677,-1.683305609292774,2.811188933619063,-1.5633763322830194,-0.6408914025587754,-3.0253046002355974,0.5658305794232529,1.4695371216555948,-0.075
1.349812516176938,1.2833650947791817,1.3431407981385617,-0.6069486258365991,0.40598033716567683,0.27518410883228095,-0.6202568493008707,1.4358174364408223,-1.423044207583502,0.4883599143170867,-0.94674858149866,-2.0198880911073456,1.0812104294635048,-0.11020775375559677,0.4211829081848209,-0.4520487947533791,0.49595505347650926,-1.4788265613318583,-0.07994474848745371,0.6318120432929839,-1.0084995746693486,-0.121
1.3525339766939977,0.33961814695212283,-0.16947310293283618,-0.7976778415301388,1.0217105174894094,0.8213189944914737,-0.4247296495461895,0.16721216012367893,-2.0496311147118362,-0.8097803826140108,0.9222594732592744,-0.9702436075978275,-0.45293336525404415,-0.11020775375559677,0.23764882757488734,-1.265694631349531,-0.17567759637613037,-0.7748325645887492,1.153037647242804,-0.3932111818990197,-0.7171689100798356,-0.052
1.3552545823262854,-0.2853969463799572,1.0728610795472882,-0.06367500187167857,-1.7829009745194384,0.739445928450696,-1.6774392621271947,0.42198258638535135,1.1091122507328095,0.01151125614991967,0.34190343380470195,-0.030449133249996378,1.247592398211348,-0.11020775375559677,-1.527846347602306,0.5013274603415793,0.1671942566265648,0.00977046872576287,-1.8932271153427367,-0.08684740425834975,-0.29494425939535884,-0.203
1.3579743342651114,0.33961814695212283,0.8040567601458021,0.756609546574507,0.1210203851495652,2.500933582230045,-2.4276066657230237,0.8684850646308709,1.2733945580840644,0.3900930499490079,0.8621444343321503,0.2290482167688809,0.23167076360258043,-0.11020775375559677,-1.4159418761563045,-0.4069274998723732,-1.2860637114186948,0.9039055660915005,-1.8359559619952481,-0.7497854972772765,-0.6883010674199972,0.108
1.3606932336988415,-0.27703144003768665,-0.0018345379103037306,0.0011138924099523126,0.22174583103058781,1.0344752617167097,0.9677250859948984,-0.1454361801604294,-0.20915526049753036,0.4883599143170867,-1.1871164538658354,0.4077510793765195,-1.0340959241770007,-0.11020775375559677,0.8908865639697924,-0.2778543684015311,0.6509828298139998,0.03532026625244415,0.7916748284783883,-1.5645112215414025,0.050346610942601934,0.024
1.36341128181291,0.3310898444628713,-0.05777424239516764,-0.144031974752596,-1.557602933458273,-0.9071819579000969,0.9262349230603368,-0.8748377055508026,-0.40089436775359694,0.25391998668160226,1.614968282313639,1.0139206360364905,1.3554295296361254,-0.11020775375559677,-0.40955040869384424,-1.4120173943851446,-0.972518535212133,-0.6660390014589107,1.0376009123859011,0.2438725759707447,1.5827528926155263,-0.172
1.3661284797898288,-0.15128763943578777,-1.6858832173401133,-0.7478732626623771,0.13781951557638372,-0.4908742475170263,0.023331005002687564,-0.008710419891618217,-0.02223450758099676,0.09488632060860112,0.4725211822924412,0.3378366145932202,0.10410642198412987,-0.11020775375559677,0.12282014430642615,0.5796849350920732,0.05270509700626287,-0.35481219412031223,0.26497191595371083,-1.7477938377624864,0.5107122097124779,-0.098
1.368844828809196,2.8806736734988747,1.1791568416219276,-0.3236356028815837,0.07900225057450527,0.00884731844577791,-0.16224108561095982,1.8753998495113873,1.0106627231575607,0.2841918959641649,0.7987839005127125,1.3642221724188455,0.24865105972140888,-0.11020775375559677,-1.2754077008342315,0.9529502409666883,-0.9298117742340251,-1.5771607880925917,-1.2262211878598832,1.19179583372047,0.011756901465531717,-0.121
1.3715603300477093,1.0469189041283502,0.8853588756444506,0.9104009180116425,-0.308944051733906,0.9467452466412237,-2.1824173045401527,0.259535818421279,-1.3655012697790274,-0.2692994171367511,-0.9193242073466708,-0.4693592701633532,0.494129960227708,-0.11020775375559677,0.8336586591108965,2.0364929766948636,1.4514075048401993,2.267125298982151,0.20560102552412185,0.689528569303116,-1.1027330861319669,0.065
1.3742749846791757,-1.3469390363438394,0.6337519800257108,-0.8026432618239487,-1.4711949506750506,-0.6725803695375454,0.09066875454187928,-1.1434728572763528,-0.44188173884366794,-0.17057119338068252,2.1651526226532107,-0.6732515752519981,-0.7036313896586527,-0.11020775375559677,-1.5561426992949163,-1.2593254881847669,-1.193333353426435,-0.3463684876647229,0.6152689941701595,-1.248261533450251,-0.6883010674199972,-0.163
1.376988793874518,-1.2415004647830636,-2.1411961685408354,1.5130133851835261,-0.19905237742694443,1.47716656365237,-1.2884441500146697,-1.8433242738486662,0.3143661256274907,-0.9547897255422342,1.6092236234383912,0.3696625382959482,-0.1692736400576209,-0.11020775375559677,-0.8518407430201087,-1.3865930830639563,-0.7742617742667437,0.4804951332372689,0.45164212143206667,-2.281759828630457,0.24719411160208477,-0.145
1.3797017588017904,-0.5602525015367941,2.507041864615773,0.11010454216944815,-0.7761488169203565,-0.12636320662721914,0.22511909887283305,0.35222582212588,-0.7562770685129716,-1.2682585779978082,-0.8110099564083728,-1.5015313588063532,-1.657320270528947,-0.11020775375559677,1.7381810566647253,0.7693725097190282,1.9885877264494218,0.03532026625244415,2.0076962038552435,-0.5589895050935909,-1.0909274297366915,-0.151
1.3824138806261852,-0.0081809385321477,-0.11365367103343595,-0.6170873904669759,-0.021960203200840505,-0.8650139698341691,-0.5096588449360827,-2.2334027746883693,-0.49859501309088416,-2.398704807879103,1.4491297215409575,-0.8452429177932396,-1.0166483852731452,-0.11020775375559677,-0.9505048808674611,0.7366352211631217,-0.28172068342960793,0.74793232311557,0.030055843349126837,-0.24411612418316272,-1.221203398421223,0.108
1.3851251605100425,-0.25192190043392765,0.7796919739565693,2.2226700572316576,-0.35973185985161965,1.157619979400438,-0.3992754413384189,0.17489175874492024,-0.33475236723359225,0.6846938690029754,-0.38843657910361157,-0.7900003658007237,-0.34958312092226673,-0.11020775375559677,-0.020810691810933733,-0.012541749552885475,0.6629224850669468,2.0714999213391807,-0.40586572853224284,0.8790544219878976,-0.22189600861017703,-0.287
1.3878355996128628,0.5621648351759793,-0.5268981010661306,-0.4380134601092151,-0.19905237742694443,0.9247085695304529,-0.297570879146003,1.5815772970141755,-1.734169405680097,-0.2541058400320651,-0.16953827579070738,-1.617042355133863,-0.8077503550526036,-0.11020775375559677,1.2056866126850307,0.37090710775073693,1.786189270412021,0.46329304779805003,1.8506218310664377,1.09308811418899,-1.268801250626952,-0.052
1.3905451990913154,0.21193356274325434,-0.02581609568778981,-0.02053247891027945,-1.1526454771469485,-1.3528380067130124,0.2586852309136738,-0.3414369429060617,-0.8260402125036103,-0.497406587695023,1.2390315630021678,0.7207883626033733,0.39271812176493204,-0.11020775375559677,-1.0418797540641178,0.1302121910233923,-0.9802801680713318,0.4890985500889959,0.1167318352762696,0.26865602086087415,0.16550431890436312,-0.039
1.3932539600992482,0.3140401168321578,0.5932883063465212,-1.4811963374009987,0.49789176939828417,-0.7810366974787308,1.1334222991950544,-0.16057595460416377,0.1882817018486401,-0.05674170299064317,0.40104540697303176,0.5589839966400734,0.4350012301004791,-0.11020775375559677,0.02123191941077729,0.5274378707042421,0.6350664914791739,-0.5401467344060206,0.302624884586463,-0.5589895050935909,0.27973705385336156,-0.173
1.395961883787698,0.04248024609351119,2.297076402540955,-0.22898595585554873,-0.6824086193002964,-1.042924119878899,-0.6969520707655834,-0.8162607106371546,-0.7189566202425777,-1.7283978336069055,0.3647643774681903,-0.4356429414907721,-0.8511984931074607,-0.11020775375559677,0.625665261433362,-1.1764716548576357,0.6509828298139998,-0.6073372309451606,1.2505101970280375,1.0107943936914032,-0.3118498961091831,-0.195
1.3986689713048983,-0.19325680939573334,-0.16150256112888656,-0.3965859631826266,0.48954181065319785,-1.3180952015982592,0.8681039846596135,-0.676444216381342,-0.6659371518082184,-1.7360813118473681,1.3667408803964898,-1.026112222015298,-0.04946336601798759,-0.11020775375559677,-0.25230318448137773,-1.7036907509921746,-0.25424477299214704,-0.8249461946312479,0.9588141869453389,-0.7165920619460349,-0.7982568096681819,-0.001
1.4013752237962935,-1.0867921694260516,0.9749451717570476,-0.9503500397324817,-0.6398494057034008,-1.0514487534744243,-0.45868618058930144,0.8605822219691309,-0.22911008036754502,1.3547955766964932,-0.837881925924021,0.47098302323333724,-2.637031665745123,-0.11020775375559677,0.973137000168342,0.9726442362760338,-0.014317185910584729,-0.8666596401820071,0.633272333126282,0.837868107147959,0.3176073045673058,0.032
1.4040806424045442,0.20343946776163135,0.15832784163546637,-0.29744124032019525,1.7053485702529048,0.3447760434677316,1.8494672155728498,-1.301401493695795,0.670045149948739,-1.00825487665157,-0.5440977077527858,0.25472607914076406,0.48568780840852466,-0.11020775375559677,0.24783263558247465,1.0711862868317137,0.6350664914791739,-0.5737556511108324,0.037926523688642744,-0.37664011381592716,0.3067978598317797,-0.023
1.406785228269541,1.353772336708146,-0.13758361505046504,1.121370581280838,-0.05565186220384015,1.2936751583255042,-0.8934316469565443,-0.609875390853859,-1.5450778769110516,-0.13261763165829574,-0.7253520987059855,-0.6664112119415394,0.1551771692301189,-0.11020775375559677,0.9951837370382384,-0.5872427527780288,0.25022324730081325,0.29162198192560335,0.8459652611532312,0.4833243005695962,-0.004812574706594828,0.098
1.40948898252841,0.7517092297241682,1.0402008506268459,-0.1119725154234315,0.37252412736124435,-0.5731822308484655,0.13271659015924128,0.4530511836704831,-0.7296021969506858,1.0765774708766975,-1.203083816225081,-0.26154594999665476,0.8137639122170288,-0.11020775375559677,0.827791628494015,0.07178004965770203,0.47610499014367014,-0.4138710334622585,0.2788394320251166,-1.2815311558857105,-0.03246963512530559,-0.023
1.4121919063155237,-0.17647570975670127,1.1137168539653333,-0.9941937276968231,0.1714038885240941,-0.806179687415719,0.9677250859948984,-0.16057595460416377,0.39713090599166345,-0.09467447953744769,0.7907696487644787,-0.8521618056068184,0.42654783847481326,-0.11020775375559677,-1.093218686033577,0.3253120257388466,-1.8622918971133162,-1.1987810381476753,-1.0783603953883028,2.7478940566815395,-1.3643542346246538,0.116
1.4148940007625141,0.9424077068637058,0.34313439143171237,-2.0295011408371098,0.7894392410216087,-0.37644175543786734,1.4882740120520481,-0.03916651332437809,-0.21912599123629292,-0.7868988149795594,0.8699708407763785,-0.12243714001924738,-1.728002026475962,-0.11020775375559677,-0.5764839783796546,-0.9144993789716205,-1.4864779699907575,-1.2235752199691146,-0.040699383685863455,-0.7912840836264656,-1.653842704583262,-0.178
1.4175952669982756,-0.29376028536804394,1.236488602962561,0.18715966827512018,1.5659079875616826,-0.6975371653686065,-1.3574157427196274,-0.845571001776061,-1.0388974887833975,-0.1250281695579609,-0.27232608877097986,-0.8037929053588944,-0.9904883771719497,-0.11020775375559677,0.632978927564189,-0.9401017563631725,0.3848690608545693,-0.09228124159652579,1.1712955076513452,0.7966734631687257,-0.757665431474258,-0.056
1.420295706148982,0.8989647343704156,2.0047092791315517,0.7859945485292611,-1.049718042257931,-0.07052306875431827,0.16633379483876073,-0.13786238461469255,-0.21912599123629292,2.626771304210723,0.3920092589922684,1.4224933041880718,0.03591915025489451,-0.11020775375559677,-0.9619341121135571,-1.1764716548576357,-0.08914357499864684,2.3473517727842856,-0.9316668372011948,-0.6419245438598874,1.3204151828540602,-0.077
1.422995319338089,1.038196203213036,1.4829631824659482,0.886580334344819,0.380889879117111,0.5740105573946748,-0.8164657097600712,-0.03916651332437809,1.467192270290299,0.163065515556302,0.5727618271668495,0.2995430416476769,-0.7990653201251938,-0.11020775375559677,-1.151635641730649,-0.17443123134233668,-0.7353126101174242,-0.21104154328656907,-1.305527745145112,0.26865602086087415,0.8832837901955867,-0.069
1.4256941076863479,-0.543660706590029,-0.16947310293283618,0.17059452408134917,-0.22439402242772494,-0.9156299138482568,0.5014932128562948,-0.2511952324442823,-0.061189653353613906,-0.292092943655482,0.908793114243052,-0.3684386040182161,-0.03237372471653703,-0.11020775375559677,-0.5894178167771537,0.3188006525147558,-0.5284732382470131,-0.10077486436329713,-0.24818284833904075,-0.9324354910743837,-1.1559517812942568,-0.158
1.428392072311814,-1.3550358566369718,0.8446912172608327,0.9163652592403554,-1.2815689662116787,-0.27101595275873436,2.2495204417887216,-0.13028598510750003,-1.0721235337893527,-0.9166137788248694,-0.9589818533962445,-0.4558636123875924,0.10410642198412987,-0.11020775375559677,0.7647504790091936,-0.535770421167945,0.04087268073813154,0.5407522305230956,0.4476603448944681,0.0951114523093534,0.9657418193230335,-0.197
1.4310892143298557,-1.2089903201830554,-1.0468048521083047,-1.153143670190886,-0.6909241996829489,-0.7810366974787308,-0.8592114915063002,-0.9841981634156565,-0.6606542755686048,-1.2376424807359852,1.2339151561433979,-0.3751453280676326,-1.130164713597797,-0.11020775375559677,-0.5491707137999969,0.019878474858187604,-0.8131863254065748,0.5063101274054594,-0.003374510282125502,0.5493319367150161,-1.4003088981051914,-0.048
1.4337855348531636,0.5449900510833064,1.9298226904229454,0.24258853883151363,-2.3766265698723514,0.41398840797783304,-0.5266598762410868,-0.4835423039494811,0.5462130496453403,0.07973090335970699,-0.05640692023184647,1.5150589770583895,0.7298679443761906,-0.11020775375559677,-0.020810691810933733,1.3807237093031652,-0.07733456959042069,0.6269676768990273,0.024154011025956743,0.8625808969916698,1.660958822254862,0.058
1.436481034991759,-0.6182572680414872,1.3020930964360669,0.4619264876608201,0.0032962061116459445,2.669428374888473,1.4388723198707525,-0.4835423039494811,2.1964296138241926,0.7450512471507078,1.3860259570557116,0.7763036021801648,1.6775066009666137,-0.11020775375559677,-2.119138960354255,1.1566862319575828,-1.4941724258884395,1.051671368448342,-1.8636834988075661,0.07857606657957812,1.6463292646583274,-0.059
1.4391757158530056,0.09322182050052884,0.8528220890925935,0.3600611496201945,0.6313390754531287,1.6369042922058865,-1.8076535573671206,0.5075180751726729,0.05024055934458999,-1.275913754653679,-1.3324218233390352,0.32508450509788683,-0.36679228195677105,-0.11020775375559677,0.1533257451151924,2.7307382722413056,-0.2934924787262403,0.8692015928779093,-0.8436899780810071,2.2006576105782174,0.13816933425991376,-0.026
1.4418695785416158,-1.9329152636912244,0.4801625087894364,0.0011138924099523126,-0.04722718266617803,-0.9579415202158323,-1.703460421188806,0.14418871401919423,-1.3540364890621839,-0.42893416412159535,-0.600928385713692,-0.8590837071226994,-0.8859844936872017,-0.11020775375559677,1.58990308895618,-1.42472588669767,1.7619378010248643,0.43750180429149466,2.0781519108597246,-0.5672816374037093,-1.126367019281093,0.119
1.4445626241596616,-0.5187571297661083,-0.6928719422905133,0.25371358999533083,1.2201301121255865,1.5051208626033268,-0.08625499389934223,0.7030437372188398,1.055996533995607,-0.2692994171367511,-1.203083816225081,0.32508450509788683,3.0660878699722147,-0.11020775375559677,-0.4196360805320841,1.2027617649732205,-0.21497312919597364,0.74793232311557,-1.4128068072988138,0.7554705125156034,1.9121066430681763,0.162
1.4472548538065815,-0.6016950173363558,-0.3524607999743173,-0.4741097238227152,0.8309786807860237,0.39095976423380047,0.7100544316746141,-1.2512984095628958,-0.3804820989631928,-0.5278499407767023,-1.3324218233390352,0.1452532457799261,-0.4012296883688854,-0.11020775375559677,1.3724395194318146,-0.09029281081165585,0.9860668868231542,-1.2813652287218176,1.1206000734821637,-1.181736379087438,0.011756901465531717,-0.261
1.4499462685791937,-0.21002916681594824,-2.12582195982456,-0.5356599942743816,2.252086970805028,1.442120619823675,0.27546138146944654,0.14418871401919423,0.05984833648389112,1.4599351306891506,-0.28835151287576294,-0.15543577123509655,0.8640278960467792,-0.11020775375559677,-0.4441234079056471,0.16269405480275131,-0.9763994760865126,-0.10077486436329713,-1.0308115338594663,-0.5589895050935909,-0.5790480340753632,0.186
1.4526368695717002,2.4938733474079684,1.4747271477251338,-0.7028139606044745,0.11261908093497987,-1.3528380067130124,-0.25524660844242153,-1.1146134977217064,-0.056308743588299834,-0.39851309816849106,-0.12805431688008254,-0.29486594734321103,-1.7633771438591186,-0.11020775375559677,0.879143908507222,0.013393305100744457,0.08426857067012473,-1.854314731830398,0.858040326829453,-0.4843740728096616,-0.6422137854931125,-0.194
1.4553266578756994,-1.135725618922261,-0.08172993334335621,0.4278496092307938,1.5905365847688373,-0.1824349034791694,-0.5947150213237375,-0.0010899337431420082,-0.13973323426496523,1.0012953376710219,-0.13321814927670173,-0.40200269861447363,0.9810982317193075,-0.11020775375559677,-0.36775044355932124,-0.5808107441901399,-0.3640778677115108,-0.9832242653300153,-0.9335765498503791,-2.4655745132366325,-0.17711312290079273,-0.085
1.4580156345801927,-1.6692889731496188,-0.28888542576771964,-0.9503500397324817,-1.0668596567387076,-0.05461124345377861,-0.001940183317280823,1.2988667031918235,-0.3398199414093157,0.6771474497893462,-0.22986869625026446,0.5840147115611452,0.3334536484647806,-0.11020775375559677,0.9643201210991382,0.8217802505550734,1.5037435870284288,0.043840132019028734,0.954778159206093,0.037232050640478596,0.20368517616715276,-0.178
1.460703800771594,-2.170804098549563,0.33508540560233085,-0.8373250623465884,0.28042581454575305,0.4828216893599729,0.19153446215441736,2.1308475352490293,0.7483759947670464,0.05699471030429917,-1.3684914352281357,-0.5777620950318191,0.11262237231400452,-0.11020775375559677,0.9085040237577312,1.4401293821624486,0.05664970705676986,-2.35406821237515,0.032023345189190894,-0.11167179520257543,0.8987855409828337,-0.318
1.4633911575337413,0.24593264062123676,0.6661463875711429,-1.18174233145184,-1.5403105291167827,-0.17441047548776645,-2.7177226060009727,0.821104957989342,-0.18925382912776958,2.1117186338571927,0.03395340413989648,-0.30821532779762056,-0.3151839313854066,-0.11020775375559677,-0.11784464922233592,-0.10324341419717509,-0.7664739088013847,-0.39700550185949995,-0.3300386307459189,0.5658305794232529,0.3769067943454399,-0.068
1.466077705947899,0.872927976226804,0.2707392144920232,-1.6136110283091405,-1.6961381400243905,0.47519225196460724,-0.9619344081757082,1.1226698832482178,-1.4403784176107544,0.14034278052902377,-0.62097455973995,-0.9911718084671142,-2.4755789606412426,-0.11020775375559677,0.2740263610167014,0.23420319857786506,0.14744065941986534,0.06940951509371253,0.04973590769577931,0.4172958260914007,-1.2866812056038441,0.019
1.4687634470927733,-1.3874034521508725,-1.289284267676832,0.36569168800121005,-1.0925817784874812,-0.07848606273889204,0.35089729811330267,1.54911953682437,-0.7616224994011207,-0.23891394611544528,-1.1807418780652055,-0.8452429177932396,1.5538821730923043,-0.11020775375559677,0.7940652398711552,-0.6001050253561157,0.8342830163424549,0.7912079340899231,-0.09563023781339712,1.19179583372047,0.13816933425991376,-0.063
1.4714483820445183,0.8989647343704156,0.20647394792777998,0.3375724570681983,1.145794525359142,-0.7058656384774751,-0.6032276779096443,-0.10754117469941776,1.006523685058409,-0.03398700326229202,0.25372082644779764,0.7207883626033733,-0.36679228195677105,-0.11020775375559677,-1.5844252954838596,-0.34241960574261315,-1.7015336297695343,0.8258563234183341,-1.6689772511229397,-0.24411612418316272,-0.45343061585074357,0.072
1.4741325118767425,0.11015360765442403,-0.5268981010661306,-0.6776840415445943,-0.4020883210183642,-0.6227955259196737,0.15793124411721388,-1.1362621853721406,-0.9673472577291521,0.6016618226026778,-0.17736071169354312,-1.6315346236149637,-0.8338146496103057,-0.11020775375559677,0.40368296451762026,-0.5872427527780288,-0.30133914297392805,0.6442295969893737,0.5094268132735393,0.49157639648889406,-2.046314889421719,-0.073
1.4768158376605225,1.9229376721076834,-2.3406832476981485,-1.124453028167394,0.6146737563920093,0.6193529578585192,-0.2806374747220832,-0.13786238461469255,0.6744229395198937,-0.9853385454080863,-0.7606251830568674,0.15817878725189655,0.4096362139192582,-0.11020775375559677,-0.32592400534277066,0.46217828080942874,-0.42283944783391103,-1.371998789703761,-0.9583918306001253,0.9449351446851403,1.1240072983235574,0.057
1.4794983604644045,-0.21002916681594824,-0.049786552936606374,-1.032986952536625,0.3139320595551589,1.0925919654023653,0.47641923544090065,-0.6616699665315479,1.591232575198581,2.0369373862657927,0.8582234588325677,1.2585270270654145,0.5784638755303462,-0.11020775375559677,-1.8608602825269163,-1.82378183156399,-1.5556911212673474,-0.6827954648679389,-1.6410459090055936,-0.8410923249474438,1.1341516347932872,0.019
1.4821800813544208,-0.025050199969984636,1.4335680090396776,1.2440128827917918,-1.0240152995690808,-0.8397705874328191,-1.1077770436325838,0.16721216012367893,0.6962657893419972,0.9636400744482433,0.25372082644779764,0.9534511199913324,-0.7209691453120582,-0.11020775375559677,-0.5031434206808123,0.12371749352647683,0.27000723343902355,1.2260769323808118,-0.8417746168045905,-0.40149717858983935,0.940031113221014,0.121
1.4848610013940933,0.14404415905700552,1.056528259539604,-0.5560850396866523,1.623360392064192,-1.0344042833877132,-0.45868618058930144,0.7423355867055936,-0.9181634853903358,1.2420658842793082,-0.4573011899924023,-0.48286709170531245,-0.3753992498186365,-0.11020775375559677,0.4386871503980808,-0.7285994501972329,0.05270509700626287,0.8085290328310005,0.5912781286823586,0.2603951935344961,-1.7024993273241447,0.143
1.4875411216444423,0.9250232496924005,-0.3842196492867333,1.3183441858425944,1.754492775793394,1.2508899456449674,0.4931363402671559,0.15186063662718793,0.9524454697328758,0.5034719534744142,-0.17214420043627884,0.5087726189364805,0.7046690431944237,-0.11020775375559677,-0.4023454102065334,1.1698480242442562,-0.39542412927012216,1.6999641121885867,-1.1618609290303352,0.39252979368264135,0.2634751112018342,0.159
1.4902204431639954,-0.21002916681594824,1.5406548163833922,1.2378440259836396,-1.1526454771469485,1.2936751583255042,0.0822556645554264,-0.07717837732213038,0.026163998565949795,0.6545058571471447,-1.1458077862703453,-0.0566699913811951,0.30803011665385066,-0.11020775375559677,0.581798744140007,0.7955720646289012,-0.6105104926079614,1.53273304449617,-0.27354079279593924,0.18603332140629342,-1.1027330861319669,-0.027
1.4928989670087993,-0.21841207135518576,1.400665878462034,0.9223332860650951,-0.5718192125956468,-1.3789457157753748,0.9760199382346731,-0.7280691705337964,-0.9783159270048412,-1.2070337425645445,-0.4323940111592328,-1.8723658041171007,0.6121530986463634,-0.11020775375559677,1.1894733543902507,-0.933702051767097,1.6165934472792178,-0.0412849369446513,1.2505101970280375,-1.4895720937064012,-1.8491619679290776,-0.013
1.4955766942324196,0.017139628343596607,2.129785737981667,-0.9013828242542049,-0.9127703138128049,-0.37644175543786734,-0.07781812352397512,-0.09995437122118675,-1.4403784176107544,-0.049156389770731404,-0.018517785570402744,-0.8868014406954606,1.039523041983339,-0.11020775375559677,0.23764882757488734,0.05880128927841358,0.19090630302098452,0.773893034281535,0.39593697487431034,-0.11994721978556624,0.5797559270275805,0.061
1.4982536258859616,0.5364061683199977,0.006161785301795178,1.0485199014477802,-0.8188082427131603,1.041756025571094,0.1831354026505648,-0.5207791831857644,0.7699587396344985,0.4732462948020494,1.5028760905740606,1.1993602295666164,-0.2722209179882942,-0.11020775375559677,-1.3819034572532076,-1.2911651490502105,-1.2551697637474128,-0.5065105517528501,-0.7439328114985231,0.7719526881451605,0.8366640569235524,-0.114
1.5009297630180654,0.7603521503974011,1.121892083663176,2.5759849144364853,-0.622834423169366,-1.2747750786106717,1.8903929347037538,-1.064002822194079,-0.19422418672673508,-1.6592681790926032,0.9679552396117614,0.2803543723866178,-0.006751563537464839,-0.11020775375559677,-0.983358251781269,-0.2520122638371557,-0.12849149218700856,1.1911473877170644,-0.35922367868361876,-1.8478244644694635,-0.317489126218639,0.043
1.503605106674925,-0.3355445273962318,-0.11365367103343595,-1.0619720987156505,0.4227016531079465,0.9760626382245783,0.4346068228437693,1.0032090818689647,-1.348309565061271,0.2766245220815355,-1.3063258076167055,-0.10925915514117049,0.6878620116143869,-0.11020775375559677,1.7114706271899274,2.523235750744898,1.753855714665999,0.35163429773727545,1.550498347429043,0.3347310624656026,-0.21068812270992673,0.066
1.5062796579002884,2.1210796925536353,1.5901598431874109,-0.5203112004861639,0.9222696401073114,-1.0003728958109785,-2.541748589049576,-0.31139845435036784,-0.64482641109387,0.12519225709397738,-0.7902042646102077,-0.9702436075978275,-0.7122994951694914,-0.11020775375559677,0.18675201260548677,0.2667295928287615,0.3175125594253437,-0.33792310207010323,-0.7861771248245,0.7801932784545048,-0.6537239016153474,-0.023
1.5089534177354713,1.038196203213036,0.6823514341731595,-0.5100643414757009,0.03695501717749358,-0.6227955259196737,-1.7294924550468413,0.34448770968968623,-1.8603385777472925,0.7978436386090846,-1.3553500371418994,-1.1595697335044406,-0.14357317251692558,-0.11020775375559677,1.298610514789078,0.20169069336057957,1.6932677852111038,1.051671368448342,0.8822019179946563,0.6977724689008638,0.14910961150020574,0.084
1.511626387219363,-0.6265352377452815,0.9260598526092262,-0.32886555554744185,-2.7113525600125565,-1.3615357558120846,-0.7993765758592479,-0.03916651332437809,-0.40089436775359694,0.5487986085081548,-0.418613115801838,1.0500503250597593,0.9476797142218061,-0.11020775375559677,0.35412317702767876,-0.3230560461168968,0.26604996994338426,-1.1574214801280325,0.5213936782395786,-0.9241300703649832,1.0680709855615387,-0.053
1.5142985673884353,0.13556814470161616,-0.32862906018035926,0.2983455677675351,-0.36820072680395044,0.03256647118359272,0.9179337030134324,-0.431298974567497,0.19299321475269068,0.026674049720670737,0.6048179403509358,-1.0331093123244184,0.553180373974043,-0.11020775375559677,-0.34900393001742214,0.013393305100744457,-0.49328159875075905,-0.8332923737396223,0.17200176941575993,-0.5921598648873014,-0.8564084428246777,-0.051
1.5169699592767492,1.7796460473471896,-1.4373705013413594,0.42218201046061,0.6979560523559494,-0.6808945315392564,-0.4756720084239175,-1.493360577985708,-0.39578621838895667,0.3825312791047349,0.5425639920593398,-0.7624515065483467,0.052975894612194235,-0.11020775375559677,-0.04109787762667457,-1.3929500761327887,-0.6651422565419234,0.6960528878879771,0.358185880340853,0.28517671176784143,0.8418525503744242,-0.118
1.5196405639159618,0.22892855854303382,0.1823952469788481,0.7214658579501438,-0.07250475617463595,-2.0095316261699145,-1.3919314871894473,0.044687181013356246,-1.166963170450085,0.29932543838553227,-0.47955083118827396,-0.4221777105510713,-0.10077153952758268,-0.11020775375559677,1.1821048293248606,-0.3617780044908721,2.2647111954966954,0.44609729959421607,1.3543362206618663,0.19429703197700654,-1.3643542346246538,0.061
1.522310382335342,0.35668163830491845,0.4963078349553802,-1.0860549149260608,0.15461401440951772,0.05624321084421583,-0.2637090002764458,-1.6902316313763812,-0.6237709883368627,0.3900930499490079,-0.8588773380113647,-1.005138964415119,-0.530595399896,-0.11020775375559677,1.5854590301076263,0.1821898670586043,0.7904065668507861,0.30019036785084663,1.7187963389878573,0.0620394112582555,-1.8982792045886059,0.013
1.5249794155617657,1.645921485639205,0.15832784163546637,-0.632274413937507,-0.7249990129275343,0.4216552615872523,-0.5691847505929758,-3.1095267369296797,-0.09054434848106707,0.0039292426134980565,1.3210993704546112,0.0348877159818676,1.6445704430427728,-0.11020775375559677,-0.6411272465115669,0.22769958563645595,-0.06946071327939803,-0.6911711124221812,0.18188057443295827,0.3842738018816929,1.888153707842981,-0.045
1.527647664619737,0.09322182050052884,-0.05777424239516764,0.6283747000160494,-0.5463282863508119,-0.41720362797632204,-0.7310726176194986,-1.4862878927168157,-0.4111208393215815,0.427895934308028,0.44365801608694644,-0.9284683713739796,-0.3323803341749484,-0.11020775375559677,-0.13520922651566897,-1.684708432282227,0.4205555094920581,0.19747576212430804,0.10687139404794013,-2.03966384874229,-1.3703420572603517,-0.06
1.5303151305313862,-2.859205277467646,0.447887294548071,-0.4895361367650476,-1.2471604855009104,-0.5649300169226278,-0.35687677407015533,0.4919435449435325,-0.7937684012506205,-0.03398700326229202,1.5434150272783635,-1.2515055241748188,-0.32378133417975624,-0.11020775375559677,-1.258350777704036,-0.5293337686014148,-0.8909613783026974,1.1300788570738718,-0.2774402959491066,-0.2606772795777067,-0.9967544951000139,-0.301
1.5329818143164824,1.2394421066424788,0.690455921368987,1.225517983147626,0.8143661810845244,1.6162060532677274,0.7932870418965996,1.2186321685533257,2.091119314684743,0.7601367183223031,-0.5356296447230459,2.161326192388558,-0.5046938948515577,-0.11020775375559677,-1.2640369566427119,0.1886895856363071,-1.6746959634839478,-0.2956710243000591,-2.0661150505905805,-0.40978348350886423,1.7338737495392123,-0.093
1.5356477169924403,1.1868168774778216,0.05416572383290116,0.5304491528967036,-1.0582882035306844,0.06412603534382745,0.44297155566032526,-0.31139845435036784,-0.9783159270048412,-1.0693849267644076,0.7053425775328143,0.1387858414195283,-0.135009594603207,-0.11020775375559677,0.32061708440116576,-1.6087233145100122,0.3927977619730386,-0.2702996960139711,1.2078365095613002,-0.5258240307847988,0.934882735598761,-0.063
1.538312839574327,-0.2686637646970736,0.8203065663172101,-0.28694263041691787,-0.44447516857898295,0.26742822028929614,0.44297155566032526,-0.8309212992422987,-0.7296021969506858,-0.47457858783696777,0.10288253214527407,-1.2798950688494064,-0.6170355379511117,-0.11020775375559677,0.15768478240641548,-0.193834172305354,0.9301085803380972,-0.22798077102275494,0.1641007247924925,-0.42635701741855725,-1.07323310137998,0.128
1.5409771830748742,0.7776451525441821,0.7309980328597981,-0.5764645097239907,0.6146737563920093,0.4216552615872523,-0.23832550886964282,1.468141749514247,-0.7723238292264694,0.3447164412170232,0.19456296013123744,-0.8106937009434756,0.052975894612194235,-0.11020775375559677,1.1452728838422748,-0.844043990972963,1.278561488613638,0.257364480180488,1.7290803881574823,1.1013156256287409,-0.4875950870387318,-0.193
1.543640748504478,-0.4189513994140772,-0.9762042314118876,-0.14936447038510517,0.6396700709792759,-0.166390777113541,0.884718163921332,1.0429684206831613,-0.365208442785024,0.4430143067825435,-1.0360653090669951,0.0348877159818676,0.3673288237628436,-0.11020775375559677,1.2071607158405488,1.5194027341897638,0.4999257576462849,0.7825497088755086,0.507432715691437,-0.3435016831502827,-0.026934101262888005,0.0
1.5463035368712144,0.9337142655975084,-0.4714578484484482,0.19821934213076658,-0.9897629996151699,0.9173537433326685,-0.001940183317280823,1.2747710197439333,-0.09054434848106707,0.2614885676959954,-0.4656326631989673,0.7639888806715497,0.47724405646711376,-0.11020775375559677,0.3905608306228952,1.294990453924813,0.333355111646048,1.3135061543203175,0.7495026429977403,-0.07029938089302337,-0.0934961590469953,-0.248
1.5489655491808412,0.4250276879445788,-1.5850594446800985,-0.17598106118457293,0.29718122056026686,-0.9918770353482634,1.7921308662992823,-0.46862892114286403,1.2733945580840644,0.6167620716474714,1.2029918509025233,1.6863947995410042,-0.135009594603207,-0.11020775375559677,-0.8088948306660642,-0.8119951891288184,-1.4287369136620234,-0.06679049059444463,-0.4213982683984914,-1.248261533450251,0.80028449820297,0.004
1.5516267864368112,2.466437229491266,-0.20930754645661154,0.30393944240830445,-0.844419047794771,0.45991935246010107,-1.5042446380044194,0.46082462711822,0.06944307483870328,0.4354553189578886,-0.018517785570402744,-0.604984201615191,-0.47018057075508446,-0.11020775375559677,-0.7057055243200502,1.0186155943826902,-0.5089247538371975,-0.42230126820625935,-1.452228050310863,-1.364725689750331,0.6852543480434429,-0.106
1.5542872496402724,-0.6430848736670458,-0.22523281492405298,1.1824989541116309,0.8807900381722115,-0.07052306875431827,-0.6798996138781193,1.671031867231317,-0.017379904546349065,1.377331541624491,-0.641101666022472,0.08044028962980267,1.7350921487290303,-0.11020775375559677,-0.5117760201416093,-0.20030068218526806,-0.30918484733379,1.1562420052482894,-0.6592718411865844,-0.10339668431425099,-0.5905150779031251,-0.203
