0,1,2,3,4,5,6,7,8,9,10,11,12,13,14,15,16,17,18,19,20,x20
0.0,0.6561561561561562,0.9204204204204205,0.51001001001001,0.7462462462462462,0.1066066066066066,0.8163163163163163,0.7837837837837838,0.04604604604604605,0.16466466466466467,0.3238238238238238,0.988988988988989,0.6381381381381381,0.12212212212212212,0.8948948948948949,0.013513513513513514,1.0,0.4269269269269269,0.2967967967967968,0.7252252252252251,0.44294294294294295,1.893
0.001001001001001001,0.9089089089089089,0.0895895895895896,0.5355355355355356,0.3893893893893894,0.7087087087087087,0.3128128128128128,0.5110110110110111,0.6656656656656657,0.7722722722722722,0.6946946946946947,0.9584584584584585,0.27127127127127126,0.1111111111111111,0.7457457457457457,0.02102102102102102,1.0,0.45495495495495497,0.3273273273273273,0.2677677677677678,0.6956956956956957,1.805
0.002002002002002002,0.6811811811811812,0.3273273273273273,0.8353353353353353,0.7062062062062062,0.08108108108108109,0.8313313313313313,0.49199199199199195,0.7892892892892893,0.7497497497497498,0.0980980980980981,0.9029029029029029,0.44244244244244246,0.8048048048048049,0.924924924924925,0.022022022022022022,1.0,0.001001001001001001,0.8463463463463463,0.32432432432432434,0.2042042042042042,1.739
0.003003003003003003,0.7742742742742743,0.6741741741741742,0.3103103103103103,0.8828828828828829,0.31431431431431434,0.7782782782782782,0.6341341341341342,0.23973973973973972,0.13213213213213212,0.41041041041041043,0.986986986986987,0.27977977977977975,0.5915915915915916,0.2052052052052052,0.006006006006006006,1.0,0.6751751751751751,0.24724724724724723,0.5380380380380381,0.985985985985986,1.806
0.004004004004004004,0.16266266266266266,0.062062062062062065,0.4109109109109109,0.8698698698698699,0.23323323323323322,0.7877877877877876,0.7567567567567568,0.9664664664664664,0.1946946946946947,0.22422422422422422,0.996996996996997,0.6721721721721722,0.9264264264264264,0.15165165165165165,0.016516516516516516,1.0,0.2847847847847848,0.6796796796796797,0.2987987987987988,0.7642642642642643,1.939
0.005005005005005004,0.9794794794794794,0.9269269269269269,0.33433433433433435,0.22922922922922923,0.9154154154154155,0.3008008008008008,0.48848848848848847,0.043043043043043044,0.04654654654654655,0.9059059059059059,0.995995995995996,0.48948948948948945,0.8013013013013013,0.6886886886886887,0.004004004004004004,1.0,0.7012012012012012,0.2707707707707708,0.16666666666666666,0.97997997997998,1.868
0.006006006006006006,0.8198198198198199,0.3008008008008008,0.7447447447447448,0.8768768768768769,0.14064064064064064,0.8253253253253253,0.8643643643643644,0.18468468468468469,0.8778778778778779,0.24974974974974976,0.7932932932932932,0.17567567567567566,0.016516516516516516,0.8698698698698699,0.003003003003003003,1.0,0.5975975975975976,0.04504504504504504,0.053553553553553554,0.6716716716716717,1.815
0.007007007007007007,0.47847847847847846,0.3138138138138138,0.9204204204204205,0.7687687687687688,0.567067067067067,0.6751751751751751,0.7032032032032032,0.6971971971971972,0.13213213213213212,0.32182182182182184,0.9879879879879879,0.25225225225225223,0.34734734734734735,0.36936936936936937,0.008008008008008008,1.0,0.5645645645645645,0.4864864864864865,0.7622622622622622,0.7882882882882882,1.866
0.008008008008008008,0.5900900900900901,0.43993993993993996,0.7672672672672672,0.998998998998999,0.005005005005005005,0.9844844844844844,0.9109109109109109,0.481981981981982,0.3233233233233233,0.003003003003003003,0.997997997997998,0.42742742742742745,0.5685685685685685,0.7232232232232232,0.02002002002002002,1.0,0.8888888888888888,0.7272272272272272,0.6261261261261262,0.6326326326326326,1.985
0.009009009009009009,0.8938938938938938,0.48948948948948945,0.44794794794794796,0.7032032032032032,0.7017017017017018,0.6356356356356356,0.02702702702702703,0.5390390390390389,0.23423423423423423,0.6776776776776776,0.992992992992993,0.15915915915915915,0.2032032032032032,0.9074074074074074,0.01001001001001001,1.0,0.602102102102102,0.7392392392392393,0.14714714714714716,0.7882882882882882,1.702
0.010010010010010008,0.016016016016016016,0.992992992992993,0.8963963963963963,0.7657657657657657,0.19269269269269268,0.8868868868868869,0.577077077077077,0.5315315315315315,0.43843843843843844,0.31731731731731727,0.9614614614614614,0.35435435435435436,0.5755755755755756,0.8783783783783784,0.005005005005005005,1.0,0.7442442442442443,0.2122122122122122,0.2732732732732733,0.7292292292292293,1.63
0.011011011011011011,0.24624624624624625,0.7327327327327328,0.57007007007007,0.7867867867867868,0.5645645645645646,0.8093093093093093,0.6026026026026026,0.8743743743743744,0.001001001001001001,0.6376376376376376,1.0,0.07757757757757758,0.6676676676676676,0.9159159159159159,0.001001001001001001,1.0,0.45495495495495497,0.7342342342342343,0.48098098098098097,1.0,1.739
0.012012012012012012,0.8128128128128128,0.05855855855855856,0.5940940940940941,0.8898898898898899,0.1066066066066066,0.8378378378378378,0.7632632632632632,0.9894894894894894,0.47447447447447444,0.03803803803803804,0.612112112112112,0.9314314314314314,0.6056056056056056,0.6076076076076076,0.009009009009009009,1.0,0.5975975975975976,0.25125125125125125,0.7537537537537538,0.9024024024024024,1.732
0.013013013013013013,0.9774774774774775,0.7892892892892893,0.03953953953953954,0.4974974974974975,0.8058058058058059,0.23973973973973972,0.23973973973973972,0.4934934934934935,0.22322322322322324,0.8713713713713713,0.974974974974975,0.6926926926926927,0.996996996996997,0.9684684684684685,0.012012012012012012,1.0,0.008508508508508508,0.6971971971971972,0.8798798798798799,0.36736736736736736,1.924
0.014014014014014014,0.8298298298298298,0.7802802802802803,0.6596596596596597,0.7537537537537538,0.03803803803803804,0.986986986986987,0.8858858858858859,0.3313313313313313,0.16466466466466467,0.11911911911911911,0.990990990990991,0.27977977977977975,0.14314314314314314,0.5415415415415415,0.002002002002002002,1.0,0.3688688688688689,0.6316316316316317,0.5615615615615616,0.993993993993994,1.721
0.015015015015015015,0.46846846846846846,0.8638638638638638,0.9119119119119119,0.9554554554554555,0.2077077077077077,0.943943943943944,0.7032032032032032,0.28728728728728725,0.035035035035035036,0.2272272272272272,0.970970970970971,0.8903903903903904,0.8123123123123124,0.8398398398398398,0.0,1.0,0.7527527527527527,0.9519519519519519,0.4964964964964965,0.7442442442442443,1.81
0.016016016016016016,0.98998998998999,0.18118118118118118,0.018018018018018018,0.7967967967967968,0.11811811811811812,0.7952952952952952,0.6721721721721722,0.5910910910910911,0.004004004004004004,0.18218218218218218,0.9554554554554555,0.04704704704704705,0.7227227227227226,0.998998998998999,0.007007007007007007,1.0,0.01001001001001001,0.9129129129129129,0.9214214214214214,0.0970970970970971,1.971
0.01701701701701702,0.8163163163163163,0.6741741741741742,0.7407407407407407,0.34284284284284283,0.8908908908908909,0.018018018018018018,0.33983983983983984,0.6546546546546546,0.7777777777777777,0.8463463463463463,0.7317317317317318,0.46996996996997,0.2032032032032032,0.6701701701701701,0.015015015015015015,1.0,0.5075075075075075,0.31931931931931934,0.4964964964964965,0.050050050050050046,1.912
0.018018018018018018,0.8893893893893894,0.31681681681681684,0.03403403403403403,0.6656656656656657,0.26476476476476474,0.8338338338338338,0.19119119119119118,0.7097097097097097,0.6556556556556556,0.15865865865865864,0.98998998998999,0.6876876876876875,0.953953953953954,0.5525525525525525,0.018018018018018018,1.0,0.24024024024024024,0.5615615615615616,0.9309309309309309,0.9594594594594594,1.572
0.01901901901901902,0.43593593593593594,0.6676676676676676,0.4544544544544544,0.43743743743743746,0.5855855855855856,0.8293293293293293,0.3008008008008008,0.96996996996997,0.8073073073073074,0.2602602602602603,0.975975975975976,0.24774774774774774,0.46196196196196193,0.27877877877877877,0.013513513513513514,1.0,0.9789789789789789,0.7757757757757757,0.8443443443443444,0.7337337337337337,1.86
0.020020020020020016,0.9029029029029029,0.8373373373373374,0.9529529529529529,0.5325325325325325,0.5885885885885886,0.45995995995996,0.5805805805805806,0.3078078078078078,0.0980980980980981,0.8363363363363363,0.8033033033033032,0.16166166166166165,0.5225225225225225,0.9534534534534534,0.024024024024024024,1.0,0.25875875875875876,0.4129129129129129,0.23273273273273273,0.9479479479479477,1.677
0.021021021021021023,0.33183183183183185,0.15715715715715717,0.6896896896896897,0.05905905905905906,0.7087087087087087,0.12462462462462463,0.15365365365365363,0.6811811811811812,0.6696696696696696,0.6961961961961962,0.6346346346346347,0.3228228228228228,0.47097097097097096,0.28728728728728725,0.13213213213213212,0.0,0.6946946946946947,0.33933933933933935,0.3898898898898899,0.2202202202202202,1.302
0.022022022022022022,0.8923923923923924,0.6441441441441441,0.02002002002002002,0.036036036036036036,0.9114114114114114,0.23473473473473472,0.17967967967967968,0.4744744744744745,0.5910910910910911,0.943943943943944,0.022022022022022022,0.6211211211211212,0.8673673673673674,0.26976976976976974,0.04604604604604605,0.0,0.11611611611611611,0.6646646646646646,0.6691691691691692,0.7252252252252251,1.137
0.023023023023023025,0.8143143143143143,0.4159159159159159,0.5755755755755756,0.16566566566566565,0.8693693693693694,0.26626626626626626,0.1111111111111111,0.12212212212212212,0.7537537537537538,0.8418418418418419,0.5595595595595595,0.7332332332332332,0.7192192192192193,0.06456456456456455,0.8048048048048049,0.0,0.8738738738738738,0.34734734734734735,0.9664664664664664,0.5560560560560561,1.479
0.024024024024024024,0.983983983983984,0.96996996996997,0.07057057057057056,0.13413413413413414,0.8958958958958959,0.0970970970970971,0.2077077077077077,0.2752752752752753,0.527027027027027,0.7887887887887888,0.8448448448448449,0.6576576576576576,0.8673673673673674,0.38388388388388384,0.6756756756756757,0.0,0.4974974974974975,0.5695695695695695,0.8498498498498499,0.7537537537537538,1.172
0.025025025025025023,0.7377377377377378,0.6701701701701701,0.4519519519519519,0.9569569569569569,0.15165165165165168,0.5540540540540541,0.7132132132132132,0.8713713713713713,0.14164164164164164,0.0895895895895896,0.478978978978979,0.6211211211211212,0.7507507507507507,0.6641641641641642,0.35735735735735735,0.0,0.26676676676676675,0.6316316316316317,0.31231231231231227,0.0970970970970971,1.289
0.026026026026026026,0.23473473473473472,0.8508508508508509,0.21371371371371373,0.2742742742742743,0.9139139139139139,0.07257257257257257,0.33433433433433435,0.4204204204204204,0.33483483483483484,0.8803803803803805,0.34284284284284283,0.7252252252252251,0.6836836836836837,0.4169169169169169,0.8738738738738738,0.0,0.2557557557557557,0.1026026026026026,0.9664664664664664,0.37787787787787785,1.32
0.027027027027027032,0.46846846846846846,0.9064064064064064,0.23373373373373374,0.9349349349349348,0.0980980980980981,0.8403403403403403,0.8643643643643644,0.6176176176176176,0.03803803803803804,0.2327327327327327,0.4214214214214214,0.6146146146146146,0.37137137137137133,0.8053053053053053,0.16366366366366364,0.0,0.5975975975975976,0.984984984984985,0.9414414414414414,0.24474474474474472,1.015
0.028028028028028028,0.27627627627627627,0.7562562562562563,0.1266266266266266,0.565065065065065,0.8413413413413413,0.03003003003003003,0.45645645645645644,0.7797797797797797,0.2542542542542543,0.7867867867867868,0.16966966966966968,0.9139139139139139,0.4519519519519519,0.14714714714714713,0.7727727727727728,0.0,0.12762762762762764,0.5930930930930931,0.6516516516516516,0.08558558558558559,1.242
0.02902902902902903,0.6911911911911912,0.11561561561561562,0.8493493493493494,0.06606606606606606,0.5865865865865866,0.08858858858858859,0.05205205205205205,0.9414414414414414,0.9049049049049049,0.3733733733733734,0.7722722722722724,0.526026026026026,0.955955955955956,0.2617617617617618,0.6431431431431431,0.0,0.8368368368368369,0.3303303303303303,0.08058058058058058,0.24924924924924924,1.014
0.03003003003003003,0.6811811811811812,0.07357357357357358,0.008008008008008008,0.8183183183183182,0.0890890890890891,0.8558558558558559,0.26426426426426425,0.9014014014014013,0.1991991991991992,0.0940940940940941,0.6791791791791792,0.46996996996997,0.7032032032032032,0.6581581581581581,0.5865865865865866,0.0,0.5710710710710711,0.6486486486486487,0.7677677677677678,0.1831831831831832,1.568
0.031031031031031032,0.8088088088088088,0.8338338338338338,0.33933933933933935,0.6946946946946947,0.17517517517517514,0.4924924924924925,0.9754754754754755,0.23223223223223222,0.483983983983984,0.22422422422422422,0.508008008008008,0.587087087087087,0.17267267267267267,0.015015015015015015,0.8578578578578578,0.0,0.6636636636636637,0.07707707707707709,0.7707707707707707,0.6151151151151151,1.14
0.03203203203203203,0.9384384384384384,0.5215215215215214,0.21871871871871873,0.9146646646646647,0.12412412412412413,0.8858858858858859,0.517017017017017,0.7682682682682682,0.12262262262262263,0.15265265265265265,0.014014014014014014,0.11761761761761762,0.7162162162162162,0.9439439439439439,0.7962962962962963,0.0,0.5835835835835836,0.464964964964965,0.507007007007007,0.7712712712712713,1.091
0.03303303303303303,0.20620620620620622,0.6991991991991993,0.9569569569569569,0.10710710710710711,0.8813813813813813,0.4154154154154154,0.4504504504504504,0.023023023023023025,0.2172172172172172,0.9349349349349348,0.7497497497497497,0.30480480480480476,0.5945945945945945,0.43293293293293295,0.3918918918918919,0.0,0.13463463463463465,0.7097097097097097,0.7007007007007007,0.4479479479479479,1.216
0.03403403403403404,0.8983983983983983,0.7687687687687688,0.23073073073073075,0.13713713713713713,0.6611611611611612,0.06406406406406406,0.9364364364364364,0.005005005005005005,0.3438438438438438,0.9129129129129129,0.8063063063063063,0.7217217217217218,0.41741741741741745,0.1101101101101101,0.8838838838838838,0.0,0.05455455455455456,0.07107107107107108,0.3663663663663664,0.07407407407407407,1.14
0.035035035035035036,0.22872872872872874,0.13113113113113112,0.5355355355355356,0.2887887887887888,0.8093093093093093,0.4179179179179179,0.18218218218218218,0.18068068068068066,0.4454454454454454,0.8928928928928929,0.5335335335335335,0.6421421421421422,0.7072072072072072,0.937937937937938,0.12412412412412413,0.0,0.33683683683683685,0.6381381381381381,0.3163163163163163,0.8968968968968969,1.181
0.036036036036036036,0.09759759759759759,0.8208208208208208,0.7162162162162162,0.4724724724724725,0.42592592592592593,0.6816816816816818,0.6616616616616616,0.06156156156156156,0.46596596596596596,0.7787787787787788,0.9324324324324325,0.515015015015015,0.7122122122122122,0.7157157157157157,0.9549549549549545,0.0,0.056056056056056056,0.30430430430430433,0.08058058058058058,0.6861861861861862,1.056
0.037037037037037035,0.07907907907907907,0.005005005005005005,0.8433433433433433,0.9009009009009009,0.21521521521521522,0.4964964964964965,0.9364364364364364,0.23223223223223222,0.7917917917917918,0.4189189189189189,0.5045045045045045,0.8953953953953954,0.4554554554554554,0.30980980980980977,0.980980980980981,0.0,0.3813813813813814,0.09509509509509509,0.0,0.4119119119119119,1.235
0.03803803803803804,0.40140140140140135,0.6441441441441441,0.33933933933933935,0.12862862862862862,0.6956956956956957,0.08708708708708714,0.2032032032032032,0.7767767767767768,0.16166166166166168,0.42042042042042044,0.4134134134134134,0.6531531531531531,0.5990990990990991,0.3923923923923924,0.1896896896896897,0.0,0.963963963963964,0.6911911911911912,0.9644644644644644,0.10710710710710711,1.429
0.03903903903903904,0.6451451451451451,0.38788788788788786,0.6031031031031031,0.5455455455455456,0.3163163163163163,0.46996996996997,0.5085085085085085,0.9779779779779779,0.4314314314314315,0.3133133133133133,0.8983983983983983,0.27127127127127126,0.8098098098098099,0.524024024024024,0.22172172172172172,0.0,0.3968968968968969,0.5840840840840841,0.2677677677677678,0.39289289289289286,1.308
0.04004004004004003,0.973973973973974,0.33183183183183185,0.0985985985985986,0.15015015015015015,0.5685685685685685,0.17317317317317318,0.9879879879879879,0.008508508508508508,0.6041041041041041,0.488988988988989,0.6491491491491492,0.8068068068068068,0.5710710710710711,0.24424424424424424,0.46596596596596596,0.0,0.8028028028028027,0.07907907907907907,0.7032032032032032,0.04204204204204204,1.345
0.041041041041041046,0.8178178178178177,0.37037037037037035,0.10810810810810811,0.26976976976976974,0.8093093093093093,0.33583583583583587,0.3808808808808809,0.5315315315315315,0.7032032032032032,0.9179179179179178,0.22872872872872874,0.3738738738738739,0.5075075075075075,0.993993993993994,0.3818818818818819,0.0,0.06006006006006006,0.7892892892892893,0.8773773773773774,0.5955955955955956,1.239
0.042042042042042045,0.6196196196196195,0.8738738738738738,0.9624624624624625,0.2867867867867868,0.933933933933934,0.26176176176176175,0.0930930930930931,0.46596596596596596,0.14664664664664664,0.963963963963964,0.06356356356356356,0.06456456456456457,0.3113113113113113,0.2147147147147147,0.025525525525525526,0.0,0.5975975975975976,0.970970970970971,0.6091091091091091,0.56006006006006,1.236
0.043043043043043044,0.7812812812812813,0.47097097097097096,0.38788788788788786,0.23223223223223222,0.38888888888888884,0.49449449449449445,0.5745745745745745,0.8568568568568569,0.7257257257257257,0.3353353353353353,0.4089089089089089,0.8778778778778776,0.5075075075075075,0.001001001001001001,0.5705705705705706,0.0,0.4974974974974975,0.8368368368368369,0.7437437437437437,0.6386386386386387,1.465
0.044044044044044044,0.08108108108108109,0.5505505505505506,0.4864864864864865,0.7687687687687688,0.03453453453453453,0.7897897897897898,0.7837837837837838,0.28128128128128127,0.6161161161161162,0.014514514514514514,0.036036036036036036,0.0845845845845846,0.06256256256256257,0.7087087087087087,0.9419419419419419,0.0,0.9949949949949949,0.11861861861861861,0.4089089089089089,0.7712712712712713,1.306
0.045045045045045036,0.5025025025025025,0.6701701701701701,0.1841841841841842,0.9519519519519519,0.06156156156156156,0.8678678678678678,0.9214214214214214,0.1111111111111111,0.014014014014014014,0.04804804804804805,0.8868868868868869,0.42742742742742745,0.7352352352352353,0.9104104104104105,0.5685685685685685,0.0,0.12362362362362361,0.7272272272272272,0.9949949949949948,0.1896896896896897,1.126
0.04604604604604605,0.25375375375375375,0.46596596596596596,0.07407407407407407,0.5475475475475475,0.25725725725725723,0.4014014014014014,0.8868868868868869,0.6596596596596596,0.8393393393393394,0.2782782782782783,0.2982982982982983,0.9039039039039038,0.15265265265265265,0.07257257257257257,0.993993993993994,0.0,0.7742742742742743,0.9069069069069069,0.5105105105105106,0.05855855855855856,1.263
0.04704704704704705,0.8748748748748749,0.4974974974974975,0.1991991991991992,0.0890890890890891,0.938938938938939,0.025025025025025023,0.04504504504504504,0.6831831831831832,0.607107107107107,0.8868868868868869,0.17317317317317316,0.009009009009009009,0.1941941941941942,0.9439439439439439,0.0995995995995996,0.0,0.6251251251251251,0.30730730730730726,0.7537537537537538,0.8683683683683684,1.108
0.04804804804804805,0.24974974974974976,0.6401401401401401,0.5940940940940941,0.9459459459459459,0.11311311311311312,0.6636636636636637,0.8528528528528528,0.01001001001001001,0.8643643643643644,0.3873873873873874,0.8323323323323324,0.9009009009009009,0.34734734734734735,0.4419419419419419,0.8478478478478478,0.0,0.27177177177177175,0.13113113113113112,0.4244244244244244,0.43993993993993996,1.262
0.04904904904904905,0.3023023023023023,0.9769769769769769,0.13713713713713713,0.986986986986987,0.002002002002002002,0.9844844844844844,0.996996996996997,0.12212212212212212,0.6261261261261262,0.016016016016016016,0.08408408408408408,0.31231231231231227,0.4244244244244244,0.9504504504504505,0.35935935935935936,0.0,0.04604604604604605,0.34434434434434436,0.8978978978978978,0.08008008008008008,1.23
0.050050050050050046,0.3508508508508509,0.7102102102102101,0.3943943943943944,0.6856856856856857,0.4139139139139139,0.2857857857857858,0.933933933933934,0.05055055055055055,0.1991991991991992,0.6001001001001001,0.8233233233233233,0.8028028028028028,0.6891891891891893,0.9519519519519519,0.7467467467467468,0.0,0.29679679679679677,0.5180180180180181,0.4379379379379379,0.5855855855855856,1.277
0.05105105105105105,0.9794794794794794,0.3463463463463463,0.08558558558558559,0.22622622622622623,0.7562562562562563,0.25225225225225223,0.49549549549549554,0.4239239239239239,0.04254254254254254,0.8903903903903905,0.6711711711711712,0.12612612612612611,0.8468468468468469,0.8353353353353353,0.08058058058058058,0.0,0.6681681681681682,0.23773773773773774,0.17317317317317316,0.24474474474474472,1.223
0.05205205205205205,0.14014014014014015,0.7522522522522523,0.26126126126126126,0.17917917917917917,0.5910910910910911,0.3963963963963964,0.9059059059059059,0.10810810810810811,0.9844844844844844,0.5090090090090089,0.8618618618618619,0.7612612612612613,0.24124124124124124,0.3968968968968969,0.6101101101101101,0.0,0.5545545545545545,0.7577577577577577,0.5735735735735736,0.2107107107107107,1.127
0.05305305305305305,0.22622622622622626,0.6956956956956957,0.21871871871871873,0.9819819819819819,0.04504504504504504,0.8778778778778777,1.0,0.04854854854854855,0.25125125125125125,0.13063063063063063,0.9069069069069069,0.3893893893893894,0.6216216216216217,0.6406406406406406,0.5440440440440439,0.0,0.04804804804804805,0.19569569569569567,0.1176176176176176,0.09009009009009009,1.193
0.054054054054054064,0.8998998998998999,0.4454454454454454,0.4109109109109109,0.08308308308308308,0.6641641641641642,0.5655655655655656,0.27127127127127126,0.8618618618618619,0.6556556556556556,0.5015015015015015,0.025025025025025023,0.5655655655655656,0.37537537537537535,0.5685685685685686,0.03903903903903904,0.0,0.9814814814814814,0.9764764764764764,0.7677677677677678,0.17367367367367367,1.323
0.055055055055055056,0.055055055055055056,0.26576576576576577,0.5960960960960962,0.9479479479479478,0.2077077077077077,0.7687687687687688,0.4504504504504504,0.14864864864864863,0.55005005005005,0.15265265265265265,0.12462462462462463,0.15215215215215216,0.06006006006006006,0.8628628628628628,0.7157157157157157,0.0,0.7977977977977978,0.1061061061061061,0.43543543543543545,0.8538538538538538,1.108
0.056056056056056056,0.918918918918919,0.38538538538538536,0.7637637637637638,0.07757757757757758,0.965965965965966,0.2032032032032032,0.14714714714714716,0.7832832832832832,0.47997997997998,0.9849849849849868,0.2182182182182182,0.904904904904905,0.2627627627627628,0.38388388388388384,0.14864864864864863,0.0,0.11611611611611611,0.5005005005005005,0.30830830830830835,0.032532532532532535,1.388
0.057057057057057055,0.053553553553553554,0.7687687687687688,0.33933933933933935,0.8533533533533533,0.32932932932932935,0.5430430430430431,0.7322322322322322,0.6596596596596596,0.3993993993993994,0.22072072072072071,0.32232232232232233,0.9059059059059059,0.4134134134134134,0.8278278278278278,0.27127127127127126,0.0,0.8188188188188188,0.6186186186186187,0.473973973973974,0.7827827827827827,1.073
0.05805805805805806,0.8708708708708708,0.7937937937937938,0.13413413413413414,0.46096096096096095,0.7817817817817818,0.3843843843843844,0.13013013013013014,0.5285285285285285,0.22322322322322324,0.6686686686686687,0.8233233233233233,0.11061061061061062,0.8298298298298299,0.3303303303303303,0.3363363363363363,0.0,0.6876876876876876,0.7192192192192193,0.8533533533533533,0.3993993993993994,1.231
0.05905905905905907,0.5865865865865866,0.23123123123123124,0.506006006006006,0.07407407407407407,0.5580580580580581,0.44044044044044045,0.058058058058058054,0.34184184184184185,0.6656656656656657,0.44144144144144143,0.7257257257257257,0.8028028028028028,0.2942942942942943,0.4239239239239239,0.7997997997997998,0.0,0.8103103103103103,0.2062062062062062,0.6826826826826826,0.5430430430430431,1.188
0.06006006006006006,0.17567567567567566,0.5295295295295295,0.943943943943944,0.23623623623623624,0.7462462462462462,0.34784784784784784,0.7322322322322322,0.7462462462462462,0.12812812812812813,0.6376376376376376,0.9059059059059059,0.9379379379379374,0.9349349349349347,0.08008008008008008,0.6481481481481481,0.0,0.1836836836836837,0.14964964964964966,0.3213213213213213,0.45945945945945943,1.184
0.06106106106106106,0.7052052052052051,0.6836836836836837,0.44094094094094094,0.24924924924924927,0.7907907907907907,0.7167167167167168,0.3153153153153153,0.1766766766766767,0.9464464464464464,0.7397397397397397,0.24474474474474472,0.33183183183183185,0.001001001001001001,0.6701701701701701,0.5505505505505506,0.0,0.6836836836836837,0.2107107107107107,0.6006006006006006,0.9879879879879879,1.263
0.062062062062062065,0.27377377377377377,0.9064064064064064,0.9459459459459459,0.995995995995996,0.007007007007007007,0.9664664664664664,0.98998998998999,0.12562562562562563,0.0920920920920921,0.01001001001001001,0.5405405405405406,0.03653653653653653,0.7827827827827828,0.5340340340340339,0.9524524524524525,0.0,0.8933933933933933,0.18518518518518517,0.7507507507507507,0.27627627627627627,1.31
0.06306306306306307,0.8968968968968969,0.3273273273273273,0.51001001001001,0.34734734734734735,0.2942942942942943,0.7507507507507507,0.6201201201201201,0.2912912912912913,0.9314314314314314,0.46096096096096095,0.34284284284284283,0.8793793793793794,0.9649649649649651,0.6581581581581581,0.2602602602602603,0.0,0.1866866866866867,0.46196196196196193,0.6966966966966968,0.6836836836836837,1.178
0.06406406406406406,0.43593593593593594,0.8238238238238238,0.002002002002002002,0.5990990990990991,0.16166166166166168,0.13613613613613618,0.7177177177177176,0.08408408408408408,0.8318318318318318,0.38538538538538536,0.5110110110110111,0.7747747747747747,0.7162162162162162,0.16466466466466467,0.9114114114114114,0.0,0.3058058058058058,0.4104104104104104,0.9259259259259259,0.03403403403403403,1.475
0.06506506506506507,0.7187187187187187,0.07557557557557558,0.9949949949949949,0.3358358358358358,0.8303303303303303,0.04204204204204204,0.08158158158158157,0.15115115115115116,0.55005005005005,0.8348348348348348,0.9819819819819819,0.39289289289289286,0.018018018018018018,0.13713713713713713,0.6036036036036035,0.0,0.6876876876876876,0.5645645645645645,0.06956956956956957,0.06706706706706707,1.476
0.06606606606606606,0.9579579579579577,0.5415415415415415,0.2757757757757758,0.8063063063063063,0.09309309309309309,0.8588588588588588,0.9769769769769769,0.37287287287287285,0.15215215215215216,0.12712712712712712,0.6361361361361362,0.6646646646646647,0.6991991991991993,0.11761761761761762,0.562062062062062,0.0,0.3113113113113113,0.7577577577577577,0.24374374374374375,0.5855855855855856,1.411
0.06706706706706707,0.2172172172172172,0.6796796796796797,0.3818818818818819,0.8093093093093093,0.037037037037037035,0.8928928928928929,0.938938938938939,0.7037037037037037,0.7952952952952953,0.01901901901901902,0.2757757757757758,0.43343343343343343,0.2107107107107107,0.5,0.7362362362362362,0.0,0.17817817817817816,0.7892892892892893,0.4319319319319319,0.7377377377377377,1.179
0.06806806806806807,0.5965965965965966,0.7352352352352353,0.37287287287287285,0.7007007007007007,0.2112112112112112,0.7422422422422423,0.21421421421421422,0.8243243243243243,0.7887887887887888,0.11511511511511512,0.5045045045045045,0.6576576576576576,0.6726726726726726,0.1871871871871872,1.0,0.0,0.5775775775775776,0.33433433433433435,0.6221221221221221,0.16916916916916916,1.343
0.06906906906906907,0.3698698698698699,0.2077077077077077,0.34934934934934936,0.4314314314314315,0.7352352352352352,0.15715715715715717,0.8938938938938938,0.7012012012012012,0.9644644644644644,0.7692692692692693,0.9634634634634635,0.562062062062062,0.5755755755755756,0.29479479479479476,0.6986986986986987,0.0,0.06456456456456457,0.46046046046046046,0.4244244244244244,0.7467467467467468,1.395
0.07007007007007007,0.7607607607607607,0.9094094094094094,0.16416416416416418,0.7837837837837838,0.3313313313313313,0.6281281281281281,0.7422422422422423,0.05205205205205205,0.7682682682682682,0.44494494494494496,0.1836836836836837,0.6971971971971972,0.05055055055055055,0.8353353353353353,0.1766766766766767,0.0,0.33683683683683685,0.4214214214214214,0.7437437437437437,0.2072072072072072,1.265
0.07107107107107107,0.043043043043043044,0.7457457457457457,0.9169169169169169,0.25625625625625625,0.9649649649649651,0.16666666666666666,0.4169169169169169,0.4064064064064064,0.7427427427427428,0.8823823823823824,0.980980980980981,0.98998998998999,0.487987987987988,0.02052052052052052,0.6986986986986987,0.0,0.9314314314314314,0.21921921921921922,0.34434434434434436,0.9234234234234234,1.161
0.07207207207207207,0.541041041041041,0.7102102102102101,0.498998998998999,0.5745745745745746,0.09509509509509498,0.8128128128128128,0.9459459459459459,0.22872872872872874,0.1061061061061061,0.10710710710710711,0.4244244244244244,0.4304304304304304,0.4314314314314315,0.1891891891891892,0.2867867867867868,0.0,0.5090090090090089,0.14064064064064064,0.978978978978979,0.4119119119119119,1.278
0.07307307307307308,0.6486486486486487,0.4069069069069069,0.02102102102102102,0.7687687687687688,0.4494494494494494,0.6941941941941943,0.3808808808808809,0.8183183183183182,0.08358358358358359,0.4044044044044044,0.5685685685685686,0.7762762762762763,0.933933933933934,0.14164164164164164,0.5360360360360361,0.0,0.7877877877877878,0.3613613613613613,0.9029029029029029,0.04504504504504504,1.54
0.07407407407407407,0.4034034034034034,0.7937937937937938,0.6486486486486487,0.7157157157157157,0.3803803803803803,0.8523523523523524,0.3153153153153153,0.008508508508508508,0.2852852852852853,0.5375375375375375,0.5555555555555556,0.2177177177177177,0.0915915915915916,0.7847847847847848,0.26726726726726724,0.0,0.4154154154154154,0.07107107107107108,0.39239239239239243,0.973973973973974,1.08
0.07507507507507508,0.9469469469469469,0.4294294294294294,0.40490490490490494,0.7227227227227228,0.4189189189189189,0.5960960960960962,0.8328328328328328,0.1886886886886887,0.022022022022022022,0.48598598598598597,0.9224224224224224,0.8573573573573574,0.8833833833833833,0.12912912912912913,0.9329329329329329,0.0,0.622122122122122,0.474974974974975,0.34784784784784784,0.6206206206206206,1.332
0.07607607607607608,0.9369369369369369,0.37037037037037035,0.006006006006006006,0.5305305305305306,0.7242242242242243,0.7852852852852853,0.33233233233233234,0.14314314314314314,0.3233233233233233,0.7262262262262262,0.6071071071071071,0.4094094094094094,0.4814814814814815,0.7122122122122122,0.6846846846846847,0.0,0.5445445445445445,0.8908908908908908,0.9141641641641641,0.973973973973974,1.269
0.07707707707707707,0.43993993993993996,0.3463463463463463,0.9189189189189191,0.8483483483483483,0.3513513513513513,0.5410410410410411,0.517017017017017,0.519019019019019,0.38738738738738737,0.32182182182182184,0.7792792792792793,0.6081081081081081,0.9364364364364364,0.8648648648648651,0.6661661661661662,0.0,0.44994994994994997,0.7287287287287287,0.05205205205205205,0.33433433433433435,1.308
0.07807807807807808,0.17067067067067065,0.018518518518518517,0.7252252252252251,0.52002002002002,0.7382382382382382,0.058058058058058054,0.31831831831831836,0.7652652652652652,0.7457457457457457,0.7757757757757757,0.7022022022022022,0.6756756756756757,0.3858858858858859,0.15965965965965967,0.955955955955956,0.0,0.6536536536536537,0.011011011011011011,0.22822822822822825,0.24224224224224225,1.306
0.07907907907907907,0.555055055055055,0.9719719719719719,0.012012012012012012,0.1766766766766767,0.8158158158158157,0.0980980980980981,0.7707707707707707,0.24624624624624625,0.4149149149149149,0.9394394394394394,0.5455455455455456,0.22122122122122123,0.6216216216216217,0.960960960960961,0.32682682682682684,0.0,0.08008008008008002,0.005005005005005005,0.990990990990991,0.4264264264264264,1.054
0.08008008008008007,0.5025025025025025,0.06656656656656657,0.33433433433433435,0.6256256256256256,0.42342342342342343,0.36536536536536535,0.29229229229229226,0.481981981981982,0.22322322322322324,0.35185185185185186,0.07007007007007007,0.7682682682682682,0.03803803803803804,0.03303303303303303,0.7602602602602602,0.0,0.7912912912912913,0.8033033033033032,0.5230230230230231,0.6031031031031031,1.071
0.08108108108108109,0.40490490490490494,0.3008008008008008,0.46696696696696693,0.8413413413413413,0.0960960960960961,0.9769769769769769,0.9249249249249251,0.22872872872872874,0.6191191191191191,0.11311311311311312,0.4214214214214214,0.01951951951951952,0.9309309309309309,0.5065065065065065,0.2962962962962963,0.0,0.8278278278278278,0.7892892892892893,0.9584584584584585,0.6576576576576576,1.297
0.08208208208208209,0.04054054054054054,0.6861861861861862,0.5395395395395395,0.975975975975976,0.12912912912912913,0.8328328328328328,0.8273273273273274,0.3003003003003003,0.10010010010010009,0.18618618618618618,0.6191191191191191,0.8648648648648651,0.968968968968969,0.09259259259259259,0.7762762762762763,0.0,0.7212212212212212,0.12062062062062062,0.5925925925925926,0.6466466466466466,1.189
0.08308308308308308,0.8868868868868869,0.3818818818818819,0.5820820820820821,0.2277277277277277,0.5230230230230231,0.14814814814814814,0.3808808808808809,0.5410410410410411,0.993993993993994,0.25725725725725723,0.9719719719719719,0.6801801801801802,0.7867867867867868,0.924924924924925,0.7127127127127127,0.0,0.8073073073073074,0.1936936936936937,0.10910910910910912,0.6081081081081081,1.038
0.08408408408408409,0.32332332332332336,0.4159159159159159,0.46196196196196193,0.6131131131131131,0.1021021021021021,0.5940940940940941,0.94994994994995,0.3613613613613613,0.46946946946946944,0.14814814814814814,0.3563563563563564,0.5415415415415415,0.5615615615615616,0.9024024024024024,0.8508508508508509,0.0,0.08208208208208209,0.3533533533533534,0.34434434434434436,0.08208208208208208,1.378
0.08508508508508507,0.5125125125125125,0.027527527527527528,0.35435435435435436,0.3188188188188188,0.3513513513513513,0.7897897897897898,0.16616616616616617,0.8463463463463463,0.3908908908908909,0.27927927927927926,0.05455455455455456,0.11061061061061062,0.3313313313313313,0.21671671671671672,0.06456456456456457,0.0,0.8833833833833834,0.6781781781781782,0.15115115115115116,0.8128128128128128,1.434
0.08608608608608609,0.3108108108108108,0.8898898898898899,0.6311311311311312,0.3238238238238238,0.567067067067067,0.7667667667667668,0.7247247247247247,0.4064064064064064,0.055055055055055056,0.8758758758758759,0.8793793793793794,0.34484484484484484,0.990990990990991,0.6016016016016016,0.2177177177177177,0.0,0.017017017017017015,0.8033033033033032,0.9569569569569569,0.5680680680680681,1.268
0.0870870870870871,0.8338338338338338,0.050050050050050046,0.8563563563563563,0.43493493493493496,0.5365365365365365,0.2702702702702703,0.33983983983983984,0.9384384384384384,0.8938938938938938,0.3743743743743744,0.9124124124124124,0.0995995995995996,0.46196196196196193,0.984984984984985,0.1971971971971972,0.0,0.2072072072072072,0.545045045045045,0.053553553553553554,0.3613613613613614,1.273
0.08808808808808809,0.19269269269269268,0.6906906906906907,0.15915915915915915,0.7107107107107105,0.19519519519519518,0.2952952952952953,0.8093093093093093,0.8168168168168168,0.24774774774774777,0.16766766766766766,0.487987987987988,0.7157157157157157,0.7627627627627628,0.5035035035035035,0.2022022022022022,0.0,0.08458458458458458,0.08458458458458458,0.7507507507507507,0.4119119119119119,1.192
0.0890890890890891,0.38488488488488487,0.3433433433433434,0.13713713713713713,0.8788788788788788,0.03953953953953954,0.9079079079079077,0.986986986986987,0.6706706706706707,0.45995995995996,0.035035035035035036,0.40040040040040037,0.9119119119119119,0.9119119119119119,0.46846846846846846,0.7867867867867868,0.0,0.3688688688688689,0.32332332332332336,0.5380380380380381,0.6916916916916918,1.419
0.09009009009009007,0.4904904904904905,0.5355355355355356,0.2772772772772773,0.13213213213213212,0.8728728728728729,0.11411411411411412,0.46046046046046046,0.02102102102102102,0.8673673673673674,0.9259259259259259,0.9379379379379378,0.26426426426426425,0.7162162162162162,0.7927927927927928,0.8148148148148148,0.0,0.7482482482482482,0.15265265265265265,0.473973973973974,0.8518518518518519,1.181
0.09109109109109109,0.980980980980981,0.26576576576576577,0.2987987987987988,0.992992992992993,0.004004004004004004,0.9949949949949949,0.9469469469469469,0.7367367367367368,0.7537537537537538,0.006006006006006006,0.7957957957957957,0.8863863863863863,0.1091091091091091,0.9144144144144144,0.32182182182182184,0.0,0.6426426426426426,0.5045045045045045,0.7757757757757757,0.8153153153153153,1.018
0.0920920920920921,0.3583583583583584,0.5380380380380381,0.552052052052052,0.7527527527527528,0.11411411411411411,0.5980980980980981,0.8483483483483483,0.642142142142142,0.8228228228228228,0.09109109109109109,0.2032032032032032,0.3633633633633634,0.6461461461461462,0.8833833833833833,0.15515515515515516,0.0,0.5090090090090089,0.7157157157157157,0.6851851851851851,0.011011011011011011,1.472
0.09309309309309309,0.16566566566566565,0.06656656656656657,0.24874874874874875,0.627127127127127,0.27427427427427425,0.7987987987987988,0.7677677677677678,0.9464464464464464,0.5140140140140139,0.16116116116116116,0.5245245245245245,0.014514514514514514,0.8628628628628628,0.8098098098098099,0.5790790790790791,0.0,0.5185185185185186,0.6436436436436437,0.13613613613613612,0.8658658658658659,1.344
0.0940940940940941,0.8378378378378378,0.13813813813813813,0.6596596596596597,0.52002002002002,0.6196196196196196,0.1841841841841842,0.22072072072072074,0.38288288288288286,0.14164164164164164,0.7432432432432432,0.8753753753753755,0.2097097097097097,0.6781781781781782,0.8053053053053053,0.26726726726726724,0.0,0.08658658658658658,0.036036036036036036,0.14714714714714716,0.16016016016016016,1.3
0.09509509509509508,0.8623623623623624,0.9204204204204205,0.8923923923923924,0.565065065065065,0.2827827827827828,0.9234234234234233,0.8063063063063063,0.5455455455455456,0.483983983983984,0.12112112112112111,0.7222222222222222,0.4219219219219219,0.2197197197197197,0.7457457457457457,0.48348348348348347,0.0,0.8663663663663663,0.95995995995996,0.1946946946946947,0.7097097097097097,1.05
0.0960960960960961,0.1966966966966967,0.7627627627627628,0.7977977977977976,0.0915915915915916,0.998998998998999,0.04204204204204204,0.09009009009009009,0.8028028028028028,0.13513513513513514,0.996996996996997,0.21521521521521522,0.021521521521521522,0.7807807807807807,0.8578578578578578,0.025525525525525526,0.0,0.37237237237237236,0.23123123123123124,0.3873873873873874,0.975975975975976,1.087
0.0970970970970971,0.9284284284284283,0.34934934934934936,0.8263263263263263,0.01901901901901902,0.993993993993994,0.10960960960960961,0.001001001001001001,0.7867867867867868,0.7952952952952953,0.948948948948949,0.5685685685685686,0.01951951951951952,0.6781781781781782,0.8733733733733733,0.7392392392392393,0.0,0.9459459459459459,0.7857857857857857,0.7622622622622622,0.8183183183183182,1.446
0.0980980980980981,0.8223223223223224,0.14164164164164164,0.6596596596596597,0.1041041041041041,0.48198198198198194,0.3408408408408409,0.8013013013013013,0.6266266266266266,0.42842842842842843,0.5165165165165165,0.8378378378378377,0.9724724724724725,0.6031031031031031,0.3128128128128128,0.22172172172172172,0.0,0.7442442442442443,0.27977977977977975,0.3278278278278278,0.12512512512512514,1.397
0.0990990990990991,0.8003003003003002,0.8023023023023023,0.8453453453453453,0.94994994994995,0.018018018018018018,0.998998998998999,0.025025025025025023,0.996996996996997,0.5930930930930931,0.009009009009009009,0.6006006006006006,0.07207207207207207,0.7122122122122122,0.587087087087087,0.21921921921921922,0.0,0.8958958958958959,0.9664664664664664,0.9624624624624625,0.9964964964964964,0.921
0.10010010010010009,0.17967967967967968,0.3008008008008008,0.7867867867867868,0.6906906906906904,0.5655655655655656,0.5610610610610611,0.6176176176176176,0.35035035035035034,0.42492492492492495,0.3083083083083083,0.8128128128128128,0.617117117117117,0.7227227227227226,0.7402402402402403,0.8983983983983983,0.0,0.965965965965966,0.047547547547547545,0.6781781781781782,0.4714714714714715,1.136
0.1011011011011011,0.7052052052052051,0.6401401401401401,0.6896896896896897,0.2932932932932933,0.8488488488488488,0.19869869869869872,0.14114114114114112,0.33433433433433435,0.5075075075075075,0.8318318318318318,0.2982982982982983,0.33683683683683685,0.03953953953953954,0.4574574574574575,0.23623623623623624,0.0,0.16066066066066065,0.5225225225225225,0.6796796796796797,0.13713713713713716,1.324
0.1021021021021021,0.4244244244244244,0.9404404404404405,0.8688688688688688,0.33333333333333337,0.9579579579579578,0.0,0.6961961961961962,0.003003003003003003,0.3908908908908909,0.9769769769769769,0.953953953953954,0.617117117117117,0.41741741741741745,0.5295295295295295,0.5790790790790791,0.0,0.8463463463463463,0.002002002002002002,0.41241241241241244,0.27627627627627627,1.188
0.1031031031031031,0.026026026026026026,0.6906906906906907,0.514014014014014,0.5735735735735735,0.44144144144144143,0.3973973973973974,0.8118118118118118,0.31681681681681684,0.8708708708708708,0.3238238238238238,0.5830830830830831,0.3893893893893894,0.54004004004004,0.8948948948948949,0.477977977977978,0.0,0.6501501501501501,0.25125125125125125,0.2877877877877878,0.23973973973973972,1.072
0.1041041041041041,0.44394394394394393,0.8528528528528528,0.8563563563563563,0.6131131131131131,0.4754754754754755,0.968968968968969,0.31831831831831836,0.08608608608608609,0.15565565565565564,0.5465465465465466,0.7652652652652653,0.4574574574574575,0.44494494494494496,0.6406406406406406,0.12962962962962962,0.0,0.7442442442442443,0.05405405405405406,0.18618618618618618,0.998998998998999,1.073
0.10510510510510511,0.14914914914914915,0.5160160160160161,0.06256256256256257,0.23923923923923923,0.55005005005005,0.45995995995996,0.5985985985985987,0.9334334334334334,0.26726726726726724,0.2807807807807808,0.6386386386386387,0.30480480480480476,0.8578578578578576,0.7557557557557557,0.2827827827827828,0.0,0.058058058058058054,0.6841841841841843,0.985985985985986,0.30930930930930933,1.129
0.1061061061061061,0.6296296296296295,0.6906906906906907,0.4084084084084084,0.6506506506506506,0.4314314314314315,0.36036036036036034,0.28728728728728725,0.6101101101101101,0.14514514514514515,0.37237237237237236,0.4159159159159159,0.12612612612612611,0.54004004004004,0.7622622622622622,0.9449449449449451,0.0,0.5410410410410411,0.09509509509509509,0.8913913913913913,0.5085085085085086,1.247
0.10710710710710711,0.4114114114114114,0.3273273273273273,0.7717717717717718,0.4844844844844845,0.44594594594594594,0.4624624624624625,0.33233233233233234,0.7277277277277276,0.36986986986986986,0.26376376376376376,0.6961961961961962,0.8338338338338338,0.6261261261261262,0.17467467467467468,0.5645645645645646,0.0,0.9614614614614614,0.5005005005005005,0.5675675675675675,0.4154154154154154,1.291
0.10810810810810813,0.982982982982983,0.4294294294294294,0.26726726726726724,0.7717717717717718,0.5065065065065065,0.33583583583583587,0.7757757757757757,0.2077077077077077,0.27627627627627627,0.5555555555555556,0.1961961961961962,0.12612612612612611,0.05205205205205205,0.52002002002002,0.572072072072072,0.0,0.2847847847847848,0.33433433433433435,0.36186186186186187,0.31331331331331336,1.192
0.1091091091091091,0.552052052052052,0.12312312312312312,0.854854854854855,0.16566566566566565,0.40240240240240244,0.8598598598598599,0.5830830830830831,0.953953953953954,0.8503503503503503,0.15615615615615616,0.12762762762762764,0.5290290290290289,0.0075075075075075074,0.3038038038038038,0.14864864864864863,0.0,0.9769769769769769,0.8798798798798799,0.48098098098098097,0.9204204204204205,1.155
0.11011011011011011,0.2807807807807808,0.6956956956956957,0.8938938938938938,0.6796796796796797,0.5695695695695696,0.4154154154154154,0.7287287287287287,0.06006006006006006,0.05655655655655656,0.6776776776776776,0.23923923923923923,0.35435435435435436,0.487987987987988,0.1831831831831832,0.2127127127127127,0.0,0.6836836836836837,0.3788788788788789,0.17067067067067065,0.27627627627627627,1.315
0.1111111111111111,0.45145145145145144,0.7892892892892893,0.15565565565565564,0.6481481481481481,0.2942942942942943,0.8403403403403403,0.7132132132132132,0.04054054054054054,0.29979979979979976,0.488988988988989,0.8298298298298298,0.3768768768768769,0.7977977977977978,0.053553553553553554,0.7567567567567568,0.0,0.5645645645645645,0.3748748748748749,0.7812812812812813,0.8758758758758759,1.11
0.11211211211211211,0.2862862862862863,0.013013013013013013,0.7347347347347348,0.5290290290290289,0.2552552552552553,0.8658658658658659,0.8248248248248248,0.7317317317317318,0.3183183183183183,0.2552552552552553,0.8778778778778777,0.5735735735735736,0.1011011011011011,0.15715715715715717,0.05405405405405406,0.0,0.7677677677677677,0.15765765765765766,0.2677677677677678,0.972972972972973,1.535
0.11311311311311313,0.995995995995996,0.5875875875875876,0.48998998998999,0.9579579579579572,0.07407407407407407,0.970970970970971,0.8788788788788788,0.4064064064064064,0.1836836836836837,0.06506506506506507,0.6321321321321322,0.2072072072072072,0.08008008008008008,0.7887887887887888,0.2057057057057057,0.0,0.43093093093093093,0.9469469469469469,0.19769769769769768,0.7912912912912913,1.019
0.11411411411411411,0.6911911911911912,0.8738738738738738,0.7672672672672672,0.8163163163163163,0.4984984984984985,0.6696696696696697,0.5945945945945945,0.44094094094094094,0.07257257257257257,0.5925925925925926,0.8858858858858859,0.023523523523523524,0.532032032032032,0.9569569569569569,0.05255255255255255,0.0,0.7647647647647647,0.5125125125125125,0.3663663663663664,0.9369369369369369,0.968
0.11511511511511512,0.6371371371371372,0.546046046046046,0.7252252252252251,0.6396396396396397,0.6596596596596597,0.47197197197197194,0.2757757757757758,0.11261261261261261,0.7647647647647647,0.6721721721721721,0.10960960960960961,0.23473473473473472,0.01951951951951952,0.6526526526526526,0.037037037037037035,0.0,0.9429429429429429,0.8728728728728729,0.2932932932932933,0.057057057057057055,1.085
0.11611611611611612,0.1136136136136136,0.15215215215215216,0.28428428428428426,0.7157157157157157,0.43793793793793795,0.464964964964965,0.09009009009009009,0.8848848848848849,0.35935935935935936,0.09309309309309309,0.08308308308308308,0.8303303303303303,0.6856856856856857,0.4964964964964965,0.8613613613613613,0.0,0.6111111111111112,0.4804804804804805,0.3213213213213213,0.15365365365365366,1.248
0.11711711711711711,0.3908908908908909,0.5570570570570571,0.7347347347347348,0.35435435435435436,0.3333333333333333,0.5645645645645646,0.6636636636636637,0.36436436436436437,0.6941941941941943,0.5405405405405406,0.2852852852852853,0.8328328328328328,0.08658658658658658,0.13713713713713713,0.8683683683683683,0.0,0.23773773773773774,0.8748748748748749,0.46596596596596596,0.013013013013013013,1.298
0.11811811811811813,0.6911911911911912,0.01001001001001001,0.8308308308308309,0.592092092092092,0.6816816816816816,0.07657657657657657,0.08008008008008002,0.12212212212212212,0.38288288288288286,0.549049049049049,0.6321321321321322,0.15465465465465467,0.06556556556556556,0.474974974974975,0.5265265265265265,0.0,0.5065065065065065,0.008508508508508508,0.14214214214214216,0.551051051051051,1.293
0.11911911911911911,0.9159159159159159,0.2677677677677678,0.2072072072072072,0.8683683683683683,0.3563563563563563,0.7537537537537538,0.23773773773773774,0.8183183183183182,0.8708708708708708,0.17117117117117117,0.8983983983983983,0.9264264264264264,0.4084084084084084,0.8608608608608609,0.16116116116116116,0.0,0.26126126126126126,0.6316316316316317,0.14714714714714716,0.7912912912912913,1.295
0.12012012012012012,0.3508508508508509,0.602102102102102,0.3288288288288288,0.1841841841841842,0.6956956956956957,0.04904904904904905,0.23073073073073072,0.572072072072072,0.6301301301301301,0.6806806806806804,0.9404404404404405,0.4804804804804805,0.5990990990990991,0.8353353353353353,0.5985985985985985,0.0,0.45495495495495497,0.45895895895895894,0.6611611611611612,0.06456456456456457,1.074
0.12112112112112113,0.22372372372372373,0.7487487487487487,0.5265265265265265,0.28378378378378377,0.9669669669669669,0.13463463463463465,0.014014014014014014,0.7157157157157157,0.15565565565565564,0.8638638638638638,0.5980980980980981,0.24774774774774774,0.8703703703703705,0.5065065065065065,0.46146146146146144,0.0,0.8463463463463463,0.15515515515515516,0.23273273273273273,0.9024024024024024,1.164
0.12212212212212212,0.549049049049049,0.6181181181181181,0.2937937937937938,0.18618618618618618,0.8768768768768769,0.34784784784784784,0.00950950950950951,0.8028028028028028,0.025025025025025027,0.8533533533533533,0.024024024024024024,0.4189189189189189,0.13263263263263264,0.5215215215215215,0.0915915915915916,0.0,0.8073073073073074,0.9664664664664664,0.9464464464464464,0.40290290290290287,1.242
0.12312312312312314,0.5230230230230231,0.0985985985985986,0.5580580580580581,0.10710710710710711,0.7652652652652653,0.16066066066066065,0.7947947947947948,0.36686686686686687,0.48698698698698695,0.6896896896896897,0.32232232232232233,0.34984984984984985,0.3113113113113113,0.6211211211211212,0.495995995995996,0.0,0.44994994994994997,0.27977977977977975,0.5715715715715716,0.13063063063063063,1.255
0.12412412412412413,0.15215215215215216,0.7137137137137137,0.2092092092092092,0.6096096096096096,0.2172172172172172,0.7917917917917918,0.5045045045045045,0.8313313313313313,0.2172172172172172,0.483983983983984,0.5515515515515516,0.8053053053053053,0.9044044044044044,0.6526526526526526,0.26376376376376376,0.0,0.14414414414414414,0.8818818818818819,0.6391391391391392,0.13063063063063063,1.223
0.1251251251251251,0.9594594594594594,0.965965965965966,0.2047047047047047,0.3893893893893894,0.6481481481481481,0.3843843843843844,0.1921921921921922,0.7892892892892893,0.1091091091091091,0.30680680680680683,0.16566566566566565,0.5325325325325325,0.9224224224224224,0.11561561561561562,0.10810810810810811,0.0,0.7122122122122122,0.24724724724724723,0.9039039039039038,0.024524524524524523,1.202
0.12612612612612614,0.7407407407407407,0.42492492492492495,0.9259259259259259,0.4824824824824825,0.3738738738738739,0.30730730730730726,0.36286286286286284,0.2577577577577578,0.5825825825825826,0.483983983983984,0.6826826826826826,0.8113113113113113,0.4479479479479479,0.2532532532532532,0.3053053053053053,0.0,0.8168168168168168,0.11661661661661661,0.14714714714714716,0.04704704704704705,1.321
0.12712712712712712,0.16816816816816815,0.4454454454454454,0.7192192192192193,0.9359359359359359,0.12312312312312312,0.8763763763763763,0.9819819819819819,0.6886886886886887,0.003003003003003003,0.12362362362362363,0.8363363363363363,0.6486486486486487,0.7442442442442443,0.4294294294294294,0.652152152152152,0.0,0.3968968968968969,0.43493493493493496,0.3873873873873874,0.2817817817817818,1.337
0.12812812812812813,0.5325325325325325,0.5630630630630631,0.6686686686686687,0.9064064064064064,0.6396396396396397,0.5565565565565566,0.36786786786786785,0.8528528528528528,0.006006006006006006,0.7262262262262262,0.10960960960960961,0.2122122122122122,0.8493493493493494,0.4364364364364364,0.32682682682682684,0.0,0.5835835835835836,0.9529529529529529,0.5315315315315314,0.5680680680680681,1.354
0.12912912912912913,0.991991991991992,0.5630630630630631,0.26126126126126126,0.1766766766766767,0.6116116116116116,0.44044044044044045,0.5690690690690691,0.23773773773773774,0.6351351351351351,0.602102102102102,0.46546546546546547,0.8763763763763763,0.32582582582582587,0.03903903903903904,0.11561561561561562,0.0,0.487987987987988,0.8233233233233233,0.7227227227227228,0.19869869869869872,1.33
0.13013013013013014,0.4114114114114114,0.2677677677677678,0.9724724724724725,0.5505505505505506,0.8108108108108109,0.053553553553553554,0.26326326326326327,0.5810810810810811,0.502002002002002,0.9269269269269269,0.4724724724724725,0.6266266266266267,0.024024024024024024,0.20120120120120122,0.1941941941941942,0.0,0.8128128128128128,0.5580580580580581,0.13613613613613612,0.11211211211211211,1.24
0.13113113113113112,0.02102102102102102,0.8273273273273274,0.22372372372372373,0.3708708708708709,0.4924924924924925,0.35135135135135137,0.6316316316316316,0.026026026026026026,0.13513513513513514,0.5055055055055055,0.9674674674674675,0.07757757757757758,0.25175175175175174,0.9579579579579577,0.9779779779779779,0.0,0.39039039039039036,0.016016016016016016,0.2807807807807808,0.953953953953954,1.107
0.13213213213213212,0.5025025025025025,0.6181181181181181,0.7602602602602603,0.1841841841841842,0.8718718718718719,0.1816816816816817,0.15515515515515516,0.6461461461461462,0.4149149149149149,0.8978978978978976,0.0065065065065065065,0.026026026026026026,0.028528528528528527,0.7492492492492493,0.34034034034034033,0.0,0.992992992992993,0.37037037037037035,0.8598598598598599,0.40490490490490494,1.178
0.13313313313313313,0.8708708708708708,0.9019019019019019,0.08708708708708708,0.3188188188188188,0.93993993993994,0.3008008008008008,0.5325325325325325,0.5695695695695695,0.3513513513513513,0.9024024024024024,0.22022022022022023,0.5290290290290289,0.8338338338338338,0.15965965965965967,0.07407407407407407,0.0,0.26676676676676675,0.5255255255255256,0.9259259259259259,0.21371371371371373,1.313
0.13413413413413414,0.8558558558558559,0.1831831831831832,0.6431431431431431,0.47447447447447444,0.4994994994994995,0.7132132132132132,0.1151151151151151,0.9109109109109109,0.8338338338338338,0.2977977977977978,0.1041041041041041,0.9094094094094094,0.32082082082082086,0.2532532532532532,0.30180180180180183,0.0,0.9879879879879879,0.9119119119119119,0.21371371371371373,0.39289289289289286,1.487
0.13513513513513514,0.2962962962962963,0.6861861861861862,0.23873873873873874,0.5820820820820821,0.5910910910910911,0.1816816816816817,0.4024024024024024,0.8078078078078078,0.5345345345345345,0.5375375375375375,0.4494494494494494,0.7727727727727728,0.8253253253253253,0.5685685685685686,0.16916916916916916,0.0,0.012012012012012012,0.9099099099099099,0.9379379379379378,0.1101101101101101,1.148
0.13613613613613615,0.7952952952952952,0.05105105105105105,0.7447447447447448,0.9619619619619619,0.08808808808808809,0.9109109109109109,0.8138138138138138,0.960960960960961,0.9334334334334334,0.1981981981981982,0.2852852852852853,0.7952952952952953,0.13263263263263264,0.5105105105105106,0.6281281281281281,0.0,0.9289289289289289,0.9014014014014013,0.33433433433433435,0.16416416416416416,1.187
0.13713713713713713,0.5205205205205206,0.24524524524524524,0.5620620620620621,0.6541541541541542,0.41041041041041043,0.8668668668668669,0.48098098098098097,0.7547547547547547,0.3513513513513513,0.2927927927927928,0.7387387387387387,0.25225225225225223,0.6216216216216217,0.1136136136136136,0.16366366366366364,0.0,0.6336336336336337,0.7427427427427428,0.24674674674674674,0.7052052052052051,1.602
0.13813813813813813,0.541041041041041,0.7537537537537538,0.2552552552552553,0.3993993993993994,0.6761761761761762,0.484984984984985,0.3893893893893894,0.43243243243243246,0.9184184184184183,0.5860860860860861,0.2707707707707708,0.9229229229229229,0.1986986986986987,0.07407407407407407,0.8088088088088088,0.0,0.2847847847847848,0.8463463463463463,1.0,0.3458458458458459,1.065
0.13913913913913914,0.9614614614614614,0.505005005005005,0.7837837837837838,0.7212212212212212,0.47197197197197194,0.3713713713713714,0.5045045045045045,0.23973973973973972,0.3183183183183183,0.3353353353353353,0.19019019019019018,0.03203203203203203,0.15815815815815815,0.947947947947948,0.6126126126126126,0.0,0.8888888888888888,0.4419419419419419,0.2767767767767768,0.3893893893893894,1.177
0.14014014014014015,0.33183183183183185,0.21621621621621623,0.16416416416416418,0.6346346346346345,0.6251251251251251,0.585085085085085,0.49549549549549554,0.8698698698698699,0.7997997997997998,0.5840840840840841,0.7762762762762763,0.7072072072072072,0.4084084084084084,0.5685685685685686,0.91991991991992,0.0,0.2807807807807808,0.3103103103103103,0.35235235235235235,0.7132132132132132,1.256
0.14114114114114115,0.2807807807807808,0.6316316316316316,0.6031031031031031,0.1816816816816817,0.6441441441441442,0.6941941941941943,0.12012012012012012,0.6266266266266266,0.9284284284284283,0.5240240240240239,0.32732732732732733,0.3088088088088088,0.2177177177177177,0.5765765765765766,0.7622622622622623,0.0,0.5125125125125125,0.6526526526526526,0.8498498498498499,0.5760760760760761,1.142
0.14214214214214213,0.6561561561561562,0.9674674674674675,0.7497497497497498,0.15315315315315314,0.8118118118118118,0.3113113113113113,0.2592592592592593,0.6546546546546546,0.8833833833833833,0.6581581581581581,0.46846846846846846,0.003003003003003003,0.16666666666666669,0.970970970970971,0.25225225225225223,0.0,0.22522522522522523,0.1061061061061061,0.7507507507507507,0.7032032032032032,0.981
0.14314314314314314,0.14764764764764765,0.47097097097097096,0.22372372372372373,0.3833833833833834,0.7397397397397397,0.16666666666666666,0.7132132132132132,0.4354354354354354,0.7887887887887888,0.6631631631631631,0.26726726726726724,0.5195195195195195,0.527027027027027,0.1051051051051051,0.8768768768768769,0.0,0.8718718718718719,0.8688688688688688,0.17067067067067065,0.11561561561561562,1.323
0.14414414414414414,0.3383383383383384,0.7687687687687688,0.482982982982983,0.7312312312312312,0.24074074074074076,0.5755755755755756,0.7392392392392393,0.02702702702702703,0.2147147147147147,0.49549549549549554,0.7867867867867868,0.43343343343343343,0.5590590590590591,0.36936936936936937,0.4369369369369369,0.0,0.8518518518518519,0.017517517517517518,0.006006006006006006,0.5730730730730731,1.216
0.14514514514514515,0.6196196196196195,0.4579579579579579,0.6431431431431431,0.9079079079079078,0.10510510510510511,0.8763763763763763,0.8643643643643644,0.5015015015015015,0.34784784784784784,0.04054054054054054,0.6101101101101101,0.7017017017017018,0.8628628628628628,0.7272272272272272,0.4394394394394394,0.0,0.8223223223223224,0.11661661661661661,0.4504504504504504,0.8153153153153153,1.068
0.14614614614614616,0.4624624624624625,0.25925925925925924,0.47047047047047047,0.10960960960960961,0.992992992992993,0.008008008008008008,0.017017017017017015,0.26376376376376376,0.7497497497497498,0.993993993993994,0.3718718718718719,0.562062062062062,0.6216216216216217,0.1916916916916917,0.7407407407407407,0.0,0.8298298298298298,0.15765765765765766,0.9434434434434434,0.7097097097097097,1.215
0.14714714714714713,0.43593593593593594,0.23823823823823823,0.6596596596596597,0.6781781781781782,0.8043043043043043,0.11211211211211211,0.28978978978978975,0.23573573573573575,0.5765765765765766,0.7287287287287287,0.3733733733733734,0.950950950950951,0.8098098098098099,0.023023023023023025,0.6406406406406406,0.0,0.6461461461461462,0.24724724724724723,0.2932932932932933,0.5430430430430431,1.405
0.14814814814814814,0.24974974974974976,0.5705705705705706,0.5025025025025025,0.97997997997998,0.014014014014014014,0.963963963963964,0.8013013013013013,0.8513513513513513,0.448948948948949,0.008008008008008008,0.6941941941941943,0.11061061061061062,0.10510510510510511,0.26576576576576577,0.3818818818818819,0.0,0.5035035035035035,0.38788788788788786,0.3833833833833834,0.27977977977977975,1.368
0.14914914914914915,0.5935935935935936,0.42492492492492495,0.09059059059059059,0.3008008008008008,0.26126126126126126,0.8538538538538538,0.6316316316316316,0.13263263263263264,0.8058058058058059,0.4339339339339339,0.5685685685685686,0.4364364364364365,0.7032032032032032,0.6581581581581581,0.3608608608608609,0.0,0.2132132132132132,0.1921921921921922,0.4469469469469469,0.7007007007007007,1.116
0.15015015015015015,0.15815815815815815,0.17067067067067065,0.3943943943943944,0.6346346346346345,0.21021021021021022,0.8203203203203203,0.8723723723723724,0.08808808808808809,0.24574574574574576,0.4294294294294294,0.6791791791791792,0.7992992992992993,0.6351351351351351,0.7847847847847848,0.39789789789789787,0.0,0.14414414414414414,0.8908908908908908,0.15815815815815815,0.9314314314314314,1.362
0.15115115115115116,0.7837837837837838,0.8758758758758759,0.49199199199199195,0.7177177177177175,0.6216216216216216,0.7332332332332332,0.6626626626626627,0.6441441441441442,0.47447447447447444,0.47047047047047047,0.622122122122122,0.9829829829829831,0.8903903903903904,0.1891891891891892,0.5825825825825826,0.0,0.45495495495495497,0.3213213213213213,0.7437437437437437,0.6206206206206206,1.179
0.15215215215215216,0.473973973973974,0.6626626626626626,0.7837837837837838,0.6921921921921922,0.3483483483483484,0.5245245245245245,0.28228228228228225,0.7462462462462462,0.12512512512512514,0.21371371371371373,0.39239239239239243,0.13563563563563563,0.4814814814814815,0.38788788788788786,0.1766766766766767,0.0,0.39289289289289286,0.7802802802802803,0.27477477477477474,0.04504504504504504,1.335
0.15315315315315314,0.7632632632632632,0.3638638638638638,0.25225225225225223,0.9644644644644644,0.022022022022022022,0.9349349349349347,0.7977977977977978,0.552052052052052,0.34784784784784784,0.026026026026026026,0.037037037037037035,0.12362362362362363,0.476976976976977,0.9144144144144144,0.23923923923923923,0.0,0.9259259259259259,0.7307307307307307,0.9119119119119119,0.8153153153153153,1.329
0.15415415415415415,0.33183183183183185,0.6136136136136137,0.6716716716716717,0.970970970970971,0.04704704704704705,0.9779779779779779,0.9754754754754755,0.8593593593593594,0.6751751751751751,0.060560560560560556,0.8578578578578578,0.978978978978979,0.5125125125125125,0.3608608608608609,0.3608608608608609,0.0,0.7442442442442443,0.8208208208208208,0.25225225225225223,0.07607607607607608,1.143
0.15515515515515516,0.3963963963963964,0.12162162162162163,0.1866866866866867,0.016016016016016016,0.6676676676676676,0.6326326326326326,0.577077077077077,0.38038038038038036,0.6641641641641642,0.8463463463463463,0.13813813813813813,0.526026026026026,0.41741741741741745,0.8138138138138138,0.6101101101101101,0.0,0.11061061061061062,0.032532532532532535,0.19769769769769768,0.7937937937937938,1.193
0.15615615615615616,0.8223223223223224,0.5705705705705706,0.7937937937937938,0.6026026026026026,0.6481481481481481,0.30730730730730726,0.11711711711711711,0.29479479479479476,0.0965965965965966,0.6741741741741742,0.8428428428428428,0.16816816816816815,0.5075075075075075,0.8443443443443444,0.3818818818818819,0.0,0.6501501501501501,0.6911911911911912,0.03803803803803804,0.5855855855855856,1.225
0.15715715715715717,0.8623623623623624,0.9279279279279277,0.6251251251251251,0.516016016016016,0.39239239239239243,0.46796796796796797,0.7587587587587588,0.47697697697697694,0.11411411411411412,0.5265265265265265,0.9104104104104105,0.7252252252252251,0.94994994994995,0.15715715715715717,0.943943943943944,0.0,0.06106106106106106,0.6646646646646646,0.6311311311311312,0.27127127127127126,1.245
0.15815815815815815,0.3063063063063063,0.5215215215215214,0.4754754754754755,0.6196196196196196,0.2502502502502503,0.6606606606606604,0.9009009009009009,0.29479479479479476,0.4984984984984985,0.33933933933933935,0.8663663663663663,0.3793793793793794,0.23823823823823825,0.9074074074074074,0.9059059059059059,0.0,0.5835835835835836,0.5855855855855856,0.4964964964964965,0.33433433433433435,1.015
0.15915915915915915,0.44394394394394393,0.98998998998999,0.14164164164164164,0.7577577577577578,0.5605605605605606,0.07457457457457457,0.9794794794794794,0.21621621621621623,0.04654654654654655,0.5185185185185185,0.7387387387387387,0.5760760760760761,0.958958958958959,0.8478478478478478,0.6326326326326326,0.0,0.3263263263263263,0.024524524524524523,0.032532532532532535,0.07007007007007007,1.353
0.16016016016016013,0.48448448448448445,0.8928928928928929,0.06656656656656657,0.36736736736736736,0.8788788788788788,0.3128128128128128,0.28228228228228225,0.36686686686686687,0.4044044044044044,0.7477477477477473,0.1041041041041041,0.587087087087087,0.14614614614614616,0.7087087087087087,0.39539539539539537,0.0,0.27177177177177175,0.7342342342342343,0.8723723723723724,0.8483483483483483,1.039
0.16116116116116116,0.9694694694694694,0.9154154154154155,0.3103103103103103,0.785785785785786,0.27927927927927926,0.2782782782782783,0.9079079079079079,0.08158158158158157,0.1091091091091091,0.3908908908908909,0.5360360360360361,0.06456456456456457,0.04504504504504504,0.6791791791791792,0.06106106106106106,0.0,0.7122122122122122,0.19019019019019018,0.25925925925925924,0.0915915915915916,1.217
0.16216216216216217,0.7897897897897898,0.48948948948948945,0.12962962962962965,0.5690690690690691,0.6891891891891893,0.31431431431431434,0.16266266266266266,0.7767767767767768,0.5730730730730731,0.7237237237237237,0.23623623623623624,0.8468468468468469,0.7032032032032032,0.28728728728728725,0.6011011011011012,0.0,0.47347347347347346,0.3993993993993994,0.5430430430430431,0.26226226226226224,1.113
0.16316316316316315,0.7162162162162162,0.9849849849849852,0.2277277277277277,0.8838838838838838,0.2942942942942943,0.45995995995996,0.9274274274274275,0.004004004004004004,0.36286286286286284,0.6911911911911912,0.7022022022022022,0.7992992992992993,0.6691691691691692,0.13913913913913914,0.45145145145145144,0.0,0.6081081081081081,0.13263263263263264,0.4964964964964965,0.7777777777777777,1.191
0.16416416416416418,0.42842842842842843,0.48598598598598597,0.7382382382382382,0.7277277277277275,0.5125125125125125,0.3263263263263263,0.6561561561561562,0.8053053053053053,0.26726726726726724,0.56006006006006,0.7482482482482482,0.4124124124124124,0.8558558558558559,0.7492492492492493,0.14614614614614616,0.0,0.468968968968969,0.1816816816816817,0.7707707707707707,0.7712712712712713,1.161
0.16516516516516513,0.2807807807807808,0.47947947947947944,0.4379379379379379,0.4264264264264264,0.3163163163163163,0.9579579579579578,0.6151151151151151,0.20370370370370372,0.4044044044044044,0.30180180180180183,0.15315315315315314,0.6486486486486487,0.036036036036036036,0.1136136136136136,0.7137137137137137,0.0,0.532032032032032,0.8288288288288288,0.3808808808808809,0.15365365365365366,1.313
0.16616616616616617,0.7837837837837838,0.17067067067067065,0.12312312312312312,0.36536536536536535,0.9209209209209209,0.24624624624624625,0.42742742742742745,0.1981981981981982,0.16016016016016016,0.9594594594594594,0.18768768768768768,0.9464464464464464,0.6151151151151151,0.8003003003003003,0.5205205205205206,0.0,0.4774774774774775,0.8908908908908908,0.2677677677677678,0.23323323323323325,1.383
0.16716716716716717,0.28928928928928926,0.044044044044044044,0.9369369369369369,0.3868868868868869,0.7307307307307307,0.2012012012012012,0.07607607607607608,0.8283283283283283,0.11911911911911911,0.7262262262262262,0.5640640640640641,0.0845845845845846,0.8253253253253253,0.5805805805805806,0.08908908908908908,0.0,0.3038038038038038,0.5695695695695695,0.08308308308308307,0.004004004004004004,1.416
0.16816816816816818,0.562062062062062,0.7207207207207207,0.3843843843843844,0.5,0.5325325325325325,0.2742742742742743,0.498998998998999,0.3563563563563563,0.8283283283283283,0.45795795795795796,0.13263263263263264,0.2972972972972973,0.3078078078078078,0.3128128128128128,0.7637637637637638,0.0,0.2847847847847848,0.6561561561561562,0.8833833833833834,0.5580580580580581,1.032
0.1691691691691692,0.5865865865865866,0.06006006006006006,0.12512512512512514,0.44144144144144143,0.7292292292292293,0.1006006006006006,0.15365365365365363,0.8108108108108107,0.55005005005005,0.7982982982982982,0.06856856856856856,0.2902902902902903,0.6546546546546547,0.8813813813813813,0.11761761761761762,0.0,0.008508508508508508,0.8648648648648649,0.8993993993993994,0.13263263263263264,1.347
0.17017017017017014,0.2032032032032032,0.04054054054054054,0.8908908908908909,0.16266266266266266,0.6186186186186187,0.21871871871871873,0.17767767767767767,0.9359359359359359,0.46396396396396394,0.34684684684684686,0.017017017017017015,0.8523523523523524,0.8748748748748749,0.5125125125125125,0.34484484484484484,0.0,0.4774774774774775,0.4214214214214214,0.15115115115115116,0.48948948948948945,1.404
0.17117117117117117,0.2127127127127127,0.3463463463463463,0.07057057057057056,0.6621621621621621,0.2982982982982983,0.6791791791791792,0.918918918918919,0.3078078078078078,0.2092092092092092,0.36186186186186187,0.3163163163163163,0.7157157157157157,0.8903903903903904,0.16466466466466467,0.6736736736736737,0.0,0.29679679679679677,0.3663663663663663,0.918918918918919,0.3388388388388388,1.379
0.17217217217217218,0.9614614614614614,0.5980980980980981,0.9304304304304305,0.958958958958959,0.25825825825825827,0.36736736736736736,0.33983983983983984,0.5810810810810811,0.31431431431431434,0.24374374374374375,0.23323323323323322,0.20370370370370372,0.43593593593593594,0.4714714714714715,0.23623623623623624,0.0,0.9059059059059059,0.23473473473473472,0.7577577577577577,0.4264264264264264,1.186
0.17317317317317318,0.5025025025025025,0.018518518518518517,0.5755755755755756,0.46346346346346345,0.39239239239239243,0.7687687687687688,0.529029029029029,0.4019019019019019,0.6461461461461462,0.4124124124124124,0.8323323323323324,0.2677677677677678,0.476976976976977,0.37487487487487486,0.9524524524524525,0.0,0.8908908908908909,0.08458458458458458,0.7952952952952953,0.9664664664664664,1.298
0.1741741741741742,0.8033033033033032,0.3818818818818819,0.5395395395395395,0.9146646646646647,0.06756756756756757,0.8253253253253253,0.6721721721721722,0.575075075075075,0.8963963963963963,0.1011011011011011,0.7652652652652653,0.17067067067067065,0.2742742742742743,0.4924924924924925,0.5740740740740741,0.0,0.05205205205205205,0.6356356356356356,0.2677677677677678,0.22922922922922923,1.14
0.17517517517517514,0.38488488488488487,0.24524524524524524,0.08408408408408408,0.12312312312312312,0.8393393393393394,0.4544544544544544,0.13463463463463463,0.8618618618618619,0.8803803803803805,0.6926926926926927,0.5980980980980981,0.975975975975976,0.9674674674674675,0.13263263263263264,0.7602602602602602,0.0,0.4269269269269269,0.7857857857857857,0.6611611611611612,0.8808808808808809,1.192
0.17617617617617617,0.05205205205205205,0.8208208208208208,0.44794794794794796,0.4264264264264264,0.5035035035035035,0.53003003003003,0.6606606606606605,0.14514514514514515,0.6696696696696696,0.6456456456456456,0.5335335335335335,0.7107107107107107,0.5590590590590591,0.7087087087087087,0.8263263263263263,0.0,0.062062062062062065,0.19569569569569567,0.8358358358358358,0.39539539539539537,1.096
0.17717717717717718,0.6511511511511512,0.024024024024024024,0.17967967967967968,0.2967967967967968,0.477977977977978,0.4134134134134134,0.5535535535535535,0.7082082082082082,0.8028028028028028,0.5645645645645645,0.7147147147147147,0.7557557557557557,0.1986986986986987,0.2097097097097097,0.32182182182182184,0.0,0.9669669669669669,0.904904904904905,0.18618618618618618,0.023023023023023025,1.56
0.1781781781781782,0.9209209209209209,0.006006006006006006,0.2912912912912913,0.6591591591591592,0.36686686686686687,0.6201201201201201,0.572072072072072,0.26376376376376376,0.07607607607607608,0.30180180180180183,0.07907907907907907,0.24774774774774774,0.4134134134134134,0.7022022022022022,0.13563563563563563,0.0,0.8028028028028027,0.6041041041041041,0.44394394394394393,0.001001001001001001,1.523
0.1791791791791792,0.3963963963963964,0.983983983983984,0.7912912912912913,0.8938938938938938,0.24074074074074076,0.6566566566566567,0.08658658658658658,0.4204204204204204,0.26726726726726724,0.17517517517517517,0.5805805805805806,0.9464464464464464,0.8608608608608609,0.2082082082082082,0.8818818818818819,0.0,0.2132132132132132,0.7157157157157157,0.8478478478478476,0.23323323323323325,1.171
0.18018018018018014,0.6411411411411412,0.505005005005005,0.4224224224224224,0.04504504504504504,0.9249249249249251,0.0940940940940941,0.03353353353353353,0.6336336336336337,0.9334334334334334,0.6686686686686687,0.7057057057057057,0.5195195195195195,0.35435435435435436,0.07507507507507508,0.028528528528528527,0.0,0.964964964964965,0.6716716716716717,0.5380380380380381,0.6296296296296297,1.184
0.18118118118118118,0.2617617617617618,0.23373373373373374,0.027527527527527528,0.5125125125125125,0.1866866866866867,0.7997997997997998,0.47447447447447444,0.7012012012012012,0.9494494494494494,0.1036036036036036,0.6246246246246246,0.3958958958958959,0.3633633633633634,0.22572572572572575,0.4169169169169169,0.0,0.24024024024024024,0.7427427427427428,0.8023023023023023,0.3288288288288288,1.301
0.18218218218218218,0.8923923923923924,0.6136136136136137,0.49199199199199195,0.924924924924925,0.07707707707707707,0.9594594594594594,0.7392392392392393,0.7682682682682682,0.8918918918918919,0.1881881881881882,0.2032032032032032,0.9349349349349348,0.7977977977977978,0.2582582582582582,0.8298298298298299,0.0,0.07107107107107108,0.8688688688688688,0.46596596596596596,0.7937937937937938,1.302
0.1831831831831832,0.10310310310310311,0.22022022022022023,0.1036036036036036,0.2632632632632632,0.32932932932932935,0.7852852852852853,0.6676676676676676,0.7317317317317318,0.8778778778778779,0.16616616616616617,0.032532532532532535,0.5125125125125125,0.1266266266266266,0.587087087087087,0.46596596596596596,0.0,0.602102102102102,0.5045045045045045,0.7982982982982982,0.5955955955955956,1.149
0.1841841841841842,0.9404404404404405,0.17717717717717718,0.42992992992992995,0.6891891891891893,0.42592592592592593,0.7927927927927928,0.17317317317317318,0.487987987987988,0.9434434434434434,0.24624624624624625,0.7812812812812813,0.8183183183183182,0.6826826826826827,0.07857857857857858,0.26176176176176175,0.0,0.5125125125125125,0.5385385385385386,0.2012012012012012,0.527027027027027,1.292
0.18518518518518515,0.45495495495495497,0.32182182182182184,0.8063063063063063,0.4204204204204204,0.7782782782782782,0.14014014014014015,0.5655655655655656,0.8363363363363363,0.7387387387387387,0.8418418418418419,0.07507507507507508,0.5075075075075075,0.2122122122122122,0.17817817817817816,0.6661661661661662,0.0,0.44494494494494496,0.7722722722722724,0.7897897897897898,0.515015015015015,1.223
0.18618618618618618,0.6616616616616617,0.48598598598598597,0.2047047047047047,0.7387387387387387,0.17967967967967968,0.6551551551551551,0.85985985985986,0.8548548548548549,0.7647647647647647,0.12812812812812813,0.2132132132132132,0.17867867867867868,0.5075075075075075,0.47847847847847846,0.46846846846846846,0.0,0.13963963963963966,0.6911911911911912,0.983983983983984,0.35535535535535534,1.262
0.1871871871871872,0.16816816816816815,0.46596596596596596,0.15565565565565564,0.44294294294294295,0.19869869869869872,0.5730730730730731,0.983983983983984,0.45595595595595595,0.8298298298298298,0.13813813813813813,0.968968968968969,0.7797797797797797,0.948948948948949,0.022022022022022022,0.9269269269269269,0.0,0.14414414414414414,0.15265265265265265,0.33433433433433435,0.3288288288288288,1.19
0.1881881881881882,0.6911911911911912,0.5380380380380381,0.13713713713713713,0.09309309309309309,0.7187187187187187,0.14264264264264265,0.16466466466466467,0.8923923923923924,0.7887887887887888,0.7332332332332332,0.46846846846846846,0.20070070070070067,0.7702702702702703,0.8913913913913913,0.3338338338338338,0.0,0.5545545545545545,0.5990990990990991,0.9624624624624625,0.6716716716716717,1.231
0.1891891891891892,0.17267267267267267,0.42492492492492495,0.7497497497497498,0.13113113113113112,0.8008008008008007,0.2362362362362363,0.33983983983983984,0.10810810810810811,0.6041041041041041,0.9249249249249252,0.3138138138138138,0.11761761761761762,0.14464464464464466,0.6251251251251251,0.965965965965966,0.0,0.8253253253253253,0.40240240240240244,0.5535535535535536,0.45295295295295296,1.188
0.19019019019019015,0.9694694694694694,0.14164164164164164,0.15265265265265265,0.48848848848848847,0.7137137137137137,0.03203203203203203,0.4084084084084084,0.25575575575575576,0.11811811811811812,0.549049049049049,0.8513513513513513,0.5705705705705706,0.026026026026026026,0.1941941941941942,0.4189189189189189,0.0,0.5185185185185186,0.23773773773773774,0.3663663663663664,0.26226226226226224,1.482
0.19119119119119118,0.1981981981981982,0.29429429429429427,0.19519519519519518,0.5525525525525525,0.24674674674674674,0.6736736736736737,0.6856856856856857,0.8848848848848849,0.4219219219219219,0.24374374374374375,0.8488488488488488,0.32732732732732733,0.7247247247247247,0.983983983983984,0.2907907907907908,0.0,0.39289289289289286,0.7012012012012012,0.16666666666666666,0.5795795795795795,1.297
0.1921921921921922,0.6411411411411412,0.1036036036036036,0.8123123123123124,0.9029029029029029,0.5285285285285285,0.1816816816816817,0.3718718718718719,0.45045045045045046,0.483983983983984,0.6776776776776776,0.26376376376376376,0.2852852852852853,0.35935935935935936,0.8053053053053053,0.36686686686686687,0.0,0.3813813813813814,0.3183183183183183,0.24874874874874875,0.06606606606606606,1.301
0.1931931931931932,0.7092092092092093,0.975975975975976,0.6251251251251251,0.8808808808808809,0.1816816816816817,0.8638638638638638,0.994994994994995,0.018018018018018018,0.5705705705705706,0.2807807807807808,0.998998998998999,0.8388388388388388,0.9224224224224224,0.1716716716716717,0.6026026026026026,0.0,0.21021021021021022,0.08058058058058058,0.007007007007007007,0.7882882882882882,1.076
0.1941941941941942,0.8163163163163163,0.08308308308308308,0.552052052052052,0.3408408408408409,0.9154154154154155,0.3278278278278278,0.2677677677677678,0.6231231231231231,0.6786786786786787,0.8028028028028028,0.8818818818818819,0.39289289289289286,0.15815815815815815,0.9304304304304305,0.16116116116116116,0.0,0.7047047047047047,0.7692692692692693,0.2012012012012012,0.018518518518518517,1.249
0.19519519519519518,0.8708708708708708,0.965965965965966,0.21371371371371373,0.43493493493493496,0.6006006006006006,0.3233233233233234,0.46046046046046046,0.3463463463463463,0.4344344344344344,0.7497497497497497,0.7387387387387387,0.4854854854854855,0.35935935935935936,0.37487487487487486,0.17117117117117117,0.0,0.08858858858858859,0.5580580580580581,0.45345345345345345,0.08108108108108109,1.06
0.1961961961961962,0.9514514514514514,0.6651651651651651,0.2937937937937938,0.96996996996997,0.023023023023023025,0.97997997997998,0.95995995995996,0.9769769769769769,0.45245245245245247,0.001001001001001001,0.8558558558558559,0.03303303303303303,0.7297297297297297,0.40240240240240244,0.7427427427427428,0.0,0.3213213213213213,0.98998998998999,0.3873873873873874,0.551051051051051,1.266
0.1971971971971972,0.12212212212212212,0.39239239239239243,0.5620620620620621,0.25125125125125125,0.6541541541541542,0.40990990990990994,0.06106106106106106,0.5015015015015015,0.1921921921921922,0.7432432432432432,0.7087087087087087,0.6906906906906907,0.565065065065065,0.33333333333333337,0.54004004004004,0.0,0.6681681681681682,0.3788788788788789,0.3833833833833834,0.4714714714714715,1.357
0.1981981981981982,0.6616616616616617,0.10660660660660662,0.26126126126126126,0.14464464464464466,0.7727727727727728,0.1006006006006006,0.32932932932932935,0.25175175175175174,0.3438438438438438,0.8318318318318318,0.3813813813813814,0.3088088088088088,0.07107107107107107,0.6361361361361362,0.4169169169169169,0.0,0.1836836836836837,0.07457457457457457,0.25225225225225223,0.43993993993993996,1.24
0.1991991991991992,0.4574574574574575,0.5135135135135135,0.21871871871871873,0.026526526526526525,0.960960960960961,0.08208208208208213,0.21621621621621628,0.15415415415415415,0.6426426426426426,0.9694694694694694,0.8178178178178178,0.6486486486486487,0.2602602602602603,0.7157157157157157,0.7442442442442443,0.0,0.4179179179179179,0.18768768768768768,0.6651651651651651,0.5545545545545546,1.234
0.20020020020020018,0.2862862862862863,0.4069069069069069,0.6851851851851851,0.9419419419419419,0.04204204204204204,0.7827827827827828,0.9314314314314314,0.21621621621621623,0.40040040040040037,0.032532532532532535,0.4354354354354354,0.44244244244244246,0.44244244244244246,0.6486486486486487,0.4264264264264264,0.0,0.7722722722722724,0.024524524524524523,0.7952952952952953,0.27977977977977975,1.223
0.2012012012012012,0.45495495495495497,0.6701701701701701,0.7602602602602603,0.3008008008008008,0.9329329329329329,0.1046046046046046,0.5945945945945945,0.6301301301301301,0.025025025025025027,0.9749749749749748,0.918918918918919,0.05955955955955956,0.9934934934934936,0.2827827827827828,0.7702702702702702,0.0,0.014014014014014014,0.7122122122122122,0.3028028028028028,0.11761761761761762,1.131
0.2022022022022022,0.2032032032032032,0.35785785785785784,0.34934934934934936,0.924924924924925,0.13063063063063063,0.7347347347347347,0.6451451451451451,0.6926926926926926,0.011011011011011011,0.10560560560560561,0.2707707707707708,0.001001001001001001,0.5925925925925926,0.5525525525525525,0.07707707707707707,0.0,0.7762762762762763,0.4419419419419419,0.6966966966966968,0.592092092092092,1.197
0.2032032032032032,0.0920920920920921,0.2132132132132132,0.5890890890890891,0.7997997997997998,0.1701701701701701,0.8988988988988988,0.6986986986986987,0.6706706706706707,0.8818818818818819,0.25725725725725723,0.13513513513513514,0.7952952952952953,0.8393393393393394,0.15165165165165165,0.7987987987987988,0.0,0.34184184184184185,0.988988988988989,0.3408408408408409,0.94994994994995,1.192
0.2042042042042042,0.8953953953953955,0.546046046046046,0.5265265265265265,0.6131131131131131,0.5190190190190189,0.6481481481481481,0.30930930930930933,0.44094094094094094,0.992992992992993,0.4079079079079079,0.13063063063063063,0.4604604604604604,0.06006006006006006,0.2202202202202202,0.27127127127127126,0.0,0.6836836836836837,0.8323323323323324,0.9141641641641641,0.23673673673673673,1.162
0.20520520520520522,0.6246246246246245,0.002002002002002002,0.7752752752752752,0.17417417417417416,0.8468468468468469,0.24424424424424424,0.06506506506506507,0.4019019019019019,0.7387387387387387,0.9119119119119119,0.5360360360360361,0.44244244244244246,0.17717717717717718,0.537037037037037,0.6011011011011012,0.0,0.4094094094094094,0.07707707707707709,0.04604604604604605,0.26226226226226224,1.171
0.2062062062062062,0.47847847847847846,0.06506506506506507,0.047547547547547545,0.45695695695695693,0.5430430430430431,0.2277277277277277,0.7322322322322322,0.506006006006006,0.47447447447447444,0.30930930930930933,0.1991991991991992,0.3738738738738739,0.06906906906906907,0.963963963963964,0.34484484484484484,0.0,0.07107107107107108,0.26076076076076077,0.40490490490490494,0.38638638638638634,1.141
0.2072072072072072,0.40140140140140135,0.28728728728728725,0.07907907907907907,0.5885885885885886,0.25625625625625625,0.8948948948948949,0.7652652652652652,0.07407407407407407,0.8563563563563563,0.4519519519519519,0.7907907907907907,0.985985985985986,0.6726726726726726,0.11211211211211211,0.4304304304304304,0.0,0.38738738738738737,0.5790790790790791,0.08658658658658658,0.495995995995996,1.298
0.2082082082082082,0.6451451451451451,0.2502502502502503,0.8233233233233233,0.5325325325325325,0.9479479479479477,0.06706706706706705,0.041541541541541535,0.38988988988988993,0.16816816816816815,0.978978978978979,0.4354354354354354,0.1916916916916917,0.05055055055055055,0.5825825825825826,0.16916916916916916,0.0,0.5880880880880881,0.7932932932932932,0.09109109109109109,0.17367367367367367,1.195
0.2092092092092092,0.2927927927927928,0.23623623623623624,0.8698698698698699,0.8878878878878878,0.02102102102102102,0.9419419419419419,0.7032032032032032,0.4984984984984985,0.9354354354354355,0.050050050050050046,0.9354354354354355,0.4389389389389389,0.9519519519519519,0.9439439439439439,0.6351351351351351,0.0,0.0,0.7957957957957957,0.20370370370370372,0.14414414414414414,1.038
0.21021021021021022,0.22072072072072074,0.7312312312312312,0.14964964964964966,0.7892892892892893,0.5740740740740741,0.25525525525525516,0.5945945945945945,0.4064064064064064,0.6861861861861862,0.5805805805805806,0.6826826826826826,0.3633633633633634,0.2012012012012012,0.40240240240240244,0.9629629629629629,0.0,0.16066066066066065,0.3508508508508509,0.17967967967967968,0.16016016016016016,1.307
0.2112112112112112,0.6736736736736737,0.9874874874874875,0.5820820820820821,0.24124124124124124,0.975975975975976,0.10960960960960961,0.2107107107107107,0.506006006006006,0.0920920920920921,0.9419419419419419,0.6826826826826826,0.6146146146146146,0.7667667667667668,0.960960960960961,0.1266266266266266,0.0,0.493993993993994,0.6486486486486487,0.3363363363363363,0.43043043043043044,0.997
0.2122122122122122,0.7552552552552552,0.9779779779779779,0.24424424424424424,0.6591591591591592,0.484984984984985,0.5565565565565566,0.14464464464464466,0.4624624624624625,0.2172172172172172,0.5025025025025025,0.10960960960960961,0.8903903903903904,0.9724724724724725,0.27877877877877877,0.5595595595595595,0.0,0.3038038038038038,0.5085085085085085,0.9259259259259259,0.7222222222222222,1.005
0.2132132132132132,0.8808808808808809,0.6231231231231231,0.022022022022022022,0.043043043043043044,0.9829829829829829,0.24124124124124127,0.2592592592592593,0.2912912912912913,0.17017017017017017,0.9649649649649656,0.5930930930930931,0.4604604604604604,0.6606606606606606,0.44744744744744747,0.24174174174174173,0.0,0.464964964964965,0.1986986986986987,0.8463463463463463,0.962962962962963,1.154
0.21421421421421422,0.7587587587587588,0.9529529529529529,0.4574574574574575,0.11311311311311312,0.9549549549549549,0.12762762762762764,0.7977977977977978,0.1931931931931932,0.053553553553553554,0.9624624624624625,0.96996996996997,0.35785785785785784,0.9864864864864864,0.6701701701701701,0.09309309309309309,0.0,0.3113113113113113,0.7012012012012012,0.5580580580580581,0.7377377377377377,1.306
0.21521521521521522,0.3698698698698699,0.24824824824824826,0.7142142142142143,0.7797797797797797,0.1966966966966967,0.9159159159159159,0.25375375375375375,0.22872872872872874,0.4089089089089089,0.16766766766766766,0.038538538538538544,0.07307307307307308,0.6326326326326326,0.6251251251251251,0.8683683683683683,0.0,0.45945945945945943,0.8443443443443444,0.016016016016016016,0.7097097097097097,1.202
0.21621621621621626,0.3203203203203203,0.008008008008008008,0.48848848848848847,0.001001001001001001,0.997997997997998,0.05555555555555555,0.23523523523523523,0.7582582582582582,0.5980980980980981,1.0,0.36036036036036034,0.8863863863863863,0.6691691691691692,0.6361361361361362,0.4814814814814815,0.0,0.5295295295295295,0.8908908908908908,0.2012012012012012,0.495995995995996,1.271
0.2172172172172172,0.11061061061061062,0.5630630630630631,0.7162162162162162,0.5265265265265265,0.15165165165165168,0.497997997997998,0.6066066066066066,0.8433433433433433,0.0990990990990991,0.1111111111111111,0.4189189189189189,0.6646646646646647,0.7702702702702703,0.46846846846846846,0.3163163163163163,0.0,0.06706706706706705,0.4914914914914915,0.484984984984985,0.07857857857857858,1.342
0.2182182182182182,0.27377377377377377,0.19119119119119118,0.6526526526526526,0.7242242242242243,0.3008008008008008,0.8188188188188188,0.016016016016016016,0.6846846846846847,0.2952952952952953,0.13263263263263264,0.4614614614614615,0.6006006006006006,0.5615615615615616,0.4364364364364364,0.3508508508508509,0.0,0.9409409409409409,0.38538538538538536,0.07757757757757758,0.8213213213213213,1.156
0.21921921921921922,0.6411411411411412,0.32932932932932935,0.6126126126126126,0.33333333333333337,0.562062062062062,0.6696696696696697,0.21421421421421422,0.7277277277277276,0.9354354354354355,0.42592592592592593,0.0065065065065065065,0.9619619619619619,0.03403403403403403,0.041541541541541535,0.8863863863863863,0.0,0.998998998998999,0.6316316316316317,0.8723723723723724,0.7157157157157157,1.179
0.22022022022022023,0.13763763763763764,0.39789789789789787,0.4254254254254254,0.8228228228228228,0.36236236236236236,0.6186186186186187,0.6381381381381381,0.6926926926926926,0.12812812812812813,0.17867867867867868,0.16966966966966968,0.6861861861861862,0.46846846846846846,0.1941941941941942,0.8518518518518519,0.0,0.9864864864864864,0.9684684684684685,0.2842842842842843,0.19519519519519518,1.242
0.22122122122122126,0.9264264264264264,0.7597597597597597,0.8758758758758759,0.6291291291291292,0.02952952952952953,0.9519519519519519,0.32432432432432434,0.9844844844844844,0.7227227227227226,0.0,0.14714714714714713,0.20370370370370372,0.6086086086086087,0.2112112112112112,0.24374374374374375,0.0,0.9479479479479476,0.5695695695695695,0.15365365365365363,0.7377377377377377,1.172
0.2222222222222222,0.473973973973974,0.022022022022022022,0.2957957957957958,0.15315315315315314,0.8203203203203203,0.022022022022022022,0.2412412412412413,0.3078078078078078,0.39389389389389384,0.6226226226226226,0.8663663663663663,0.5125125125125125,0.8628628628628628,0.36936936936936937,0.2867867867867868,0.0,0.8518518518518519,0.02052052052052052,0.4174174174174174,0.37987987987987987,1.278
0.22322322322322322,0.07057057057057056,0.5705705705705706,0.7382382382382382,0.6826826826826826,0.2782782782782783,0.2102102102102102,0.5585585585585586,0.2197197197197197,0.12812812812812813,0.2722722722722723,0.7992992992992993,0.7412412412412412,0.7552552552552553,0.2072072072072072,0.7652652652652652,0.0,0.5295295295295295,0.03003003003003003,0.6556556556556556,0.29179179179179177,1.247
0.22422422422422422,0.12112112112112113,0.9674674674674675,0.3248248248248248,0.08708708708708708,0.8988988988988988,0.2817817817817818,0.12712712712712712,0.47097097097097096,0.33483483483483484,0.8363363363363363,0.7612612612612613,0.5830830830830831,0.8543543543543544,0.4064064064064064,0.7217217217217218,0.0,0.29229229229229226,0.9409409409409409,0.9524524524524525,0.7712712712712713,1.293
0.22522522522522523,0.0920920920920921,0.5775775775775776,0.8663663663663663,0.8613613613613613,0.2527527527527528,0.7607607607607606,0.9569569569569569,0.15815815815815815,0.7682682682682682,0.28728728728728725,0.08508508508508508,0.09059059059059059,0.07007007007007007,0.7402402402402403,0.7672672672672673,0.0,0.4069069069069069,0.45095095095095095,0.6851851851851851,0.48948948948948945,1.307
0.22622622622622626,0.13213213213213212,0.6401401401401401,0.052552552552552555,0.7927927927927928,0.08508508508508497,0.8463463463463463,0.9049049049049052,0.8618618618618619,0.8153153153153153,0.2977977977977978,0.14314314314314314,0.30480480480480476,0.6086086086086087,0.933933933933934,0.31831831831831836,0.0,0.08858858858858859,0.978978978978979,0.9214214214214214,0.32732732732732733,1.056
0.2272272272272272,0.34534534534534533,0.12612612612612611,0.7672672672672672,0.05655655655655656,0.7707707707707705,0.507007007007007,0.44344344344344344,0.7832832832832832,0.17667667667667666,0.6551551551551551,0.12312312312312312,0.7682682682682682,0.7867867867867868,0.2742742742742743,0.44144144144144143,0.0,0.493993993993994,0.8588588588588588,0.4289289289289289,0.6206206206206206,1.245
0.22822822822822822,0.7307307307307307,0.7172172172172172,0.985985985985986,0.8728728728728729,0.2527527527527528,0.43093093093093093,0.23073073073073072,0.6496496496496496,0.08358358358358359,0.4044044044044044,0.5445445445445446,0.5415415415415415,0.9159159159159159,0.6361361361361362,0.18268268268268267,0.0,0.24474474474474472,0.8523523523523524,0.7157157157157157,0.13713713713713716,1.179
0.22922922922922923,0.03353353353353353,0.8953953953953955,0.980980980980981,0.3383383383383383,0.6956956956956957,0.3993993993993994,0.04804804804804805,0.494994994994995,0.0945945945945946,0.9079079079079077,0.7257257257257257,0.09059059059059059,0.32082082082082086,0.5765765765765766,0.24874874874874875,0.0,0.3968968968968969,0.5790790790790791,0.12062062062062062,0.6011011011011012,1.53
0.23023023023023023,0.4864864864864865,0.43993993993993996,0.9844844844844844,0.16016016016016016,0.7157157157157157,0.2057057057057057,0.6936936936936937,0.7752752752752752,0.8863863863863863,0.7377377377377378,0.8618618618618619,0.016016016016016016,0.7507507507507507,0.3968968968968969,0.9319319319319319,0.0,0.5125125125125125,0.23123123123123124,0.012012012012012012,0.94994994994995,1.103
0.23123123123123127,0.24124124124124124,0.15365365365365363,0.24024024024024024,0.8868868868868869,0.07907907907907907,0.9819819819819819,0.988988988988989,0.7157157157157157,0.7857857857857857,0.0990990990990991,0.11661661661661661,0.18468468468468469,0.6281281281281281,0.44744744744744747,0.9229229229229229,0.0,0.552052052052052,0.7957957957957957,0.8103103103103103,0.7882882882882882,1.022
0.23223223223223224,0.8588588588588588,0.944944944944945,0.34934934934934936,0.32832832832832837,0.7547547547547547,0.33083083083083087,0.2107107107107107,0.3313313313313313,0.2042042042042042,0.9504504504504505,0.3863863863863864,0.7157157157157157,0.35435435435435436,0.15415415415415415,0.6056056056056056,0.0,0.35735735735735735,0.5125125125125125,0.6611611611611612,0.0915915915915916,1.354
0.23323323323323322,0.582082082082082,0.10660660660660662,0.7407407407407407,0.8253253253253253,0.3058058058058058,0.7397397397397397,0.7612612612612613,0.7407407407407406,0.16466466466466467,0.2107107107107107,0.06556556556556556,0.6576576576576576,0.7867867867867868,0.3798798798798799,0.26376376376376376,0.0,0.6336336336336337,0.42492492492492495,0.25675675675675674,0.8288288288288288,1.159
0.23423423423423423,0.08608608608608609,0.8898898898898899,1.0,0.4264264264264264,0.6126126126126126,0.505005005005005,0.612112112112112,0.26676676676676675,0.27627627627627627,0.7942942942942943,0.21521521521521522,0.26126126126126126,0.36786786786786785,0.35935935935935936,0.25625625625625625,0.0,0.9239239239239239,0.986986986986987,0.04104104104104104,0.6326326326326326,1.065
0.23523523523523523,0.4144144144144144,0.25625625625625625,0.506006006006006,0.33733733733733734,0.08658658658658658,0.8293293293293293,0.6586586586586587,0.13813813813813813,0.973973973973974,0.26876876876876876,0.5730730730730731,0.6041041041041041,0.07607607607607608,0.32082082082082086,0.8318318318318318,0.0,0.5035035035035035,0.545045045045045,0.40140140140140135,0.27127127127127126,1.453
0.23623623623623627,0.0990990990990991,0.13113113113113112,0.5925925925925926,0.32832832832832837,0.5460460460460461,0.2227227227227227,0.54004004004004,0.3003003003003003,0.7227227227227226,0.4164164164164164,0.9159159159159159,0.7452452452452452,0.33833833833833843,0.09259259259259259,0.9579579579579578,0.0,0.8918918918918919,0.04904904904904905,0.16266266266266266,0.7827827827827827,1.391
0.23723723723723725,0.3963963963963964,0.5845845845845845,0.01901901901901902,0.3868868868868869,0.6741741741741742,0.3103103103103103,0.1016016016016016,0.9414414414414414,0.8963963963963963,0.44494494494494496,0.0935935935935936,0.9639639639639639,0.7742742742742743,0.24224224224224225,0.1266266266266266,0.0,0.7122122122122122,0.7657657657657657,0.1831831831831832,0.5730730730730731,1.047
0.23823823823823823,0.582082082082082,0.575075075075075,0.4144144144144144,0.24274274274274274,0.5485485485485485,0.36036036036036034,0.17617617617617617,0.2752752752752753,0.8028028028028028,0.6446446446446447,0.18068068068068066,0.07607607607607608,0.2602602602602603,0.7557557557557557,0.8368368368368369,0.0,0.12362362362362361,0.6106106106106106,0.9554554554554555,0.3023023023023023,1.314
0.23923923923923923,0.5865865865865866,0.03453453453453453,0.17117117117117117,0.22372372372372373,0.37137137137137133,0.7187187187187187,0.05305305305305305,0.34184184184184185,0.997997997997998,0.2012012012012012,0.3813813813813814,0.31231231231231227,0.0945945945945946,0.8983983983983983,0.6206206206206206,0.0,0.9379379379379373,0.6131131131131131,0.5960960960960962,0.9264264264264264,1.218
0.24024024024024024,0.6676676676676676,0.5675675675675675,0.9424424424424425,0.5065065065065065,0.7562562562562563,0.007007007007007007,0.8183183183183182,0.0065065065065065065,0.23173173173173173,0.9169169169169169,0.11661661661661661,0.18118118118118118,0.02702702702702703,0.5525525525525525,0.03803803803803804,0.0,0.6536536536536537,0.05205205205205205,0.0945945945945946,0.05305305305305305,1.339
0.24124124124124127,0.27127127127127126,0.3058058058058058,0.44344344344344344,0.36536536536536535,0.26626626626626626,0.7447447447447447,0.5985985985985987,0.04704704704704705,0.36286286286286284,0.37037037037037035,0.8408408408408408,0.5515515515515516,0.3078078078078078,0.24774774774774774,0.933933933933934,0.0,0.24874874874874875,0.1061061061061061,0.22172172172172172,0.5235235235235235,1.281
0.24224224224224225,0.975975975975976,0.546046046046046,0.33433433433433435,0.013013013013013013,0.9949949949949942,0.09509509509509509,0.5805805805805806,0.20370370370370372,0.43843843843843844,0.992992992992993,0.7387387387387387,0.13063063063063063,0.25575575575575576,0.6361361361361362,0.8208208208208209,0.0,0.6336336336336337,0.6186186186186187,0.20620620620620622,0.4674674674674675,1.331
0.24324324324324326,0.7967967967967968,0.6516516516516516,0.9049049049049049,0.8563563563563563,0.2132132132132132,0.8008008008008007,0.7737737737737738,0.525025025025025,0.2107107107107107,0.23073073073073075,0.8448448448448449,0.3388388388388388,0.612112112112112,0.8948948948948949,0.32432432432432434,0.0,0.5445445445445445,0.5695695695695695,0.3898898898898899,0.3718718718718719,1.312
0.24424424424424424,0.9879879879879879,0.26426426426426425,0.3583583583583584,0.2042042042042042,0.5740740740740741,0.5135135135135135,0.35535535535535534,0.3313313313313313,0.2277277277277277,0.5785785785785786,0.39789789789789787,0.22572572572572572,0.002002002002002002,0.6016016016016016,0.597097097097097,0.0,0.9409409409409409,0.8173173173173174,0.05105105105105105,0.12212212212212212,1.641
0.24524524524524524,0.10560560560560561,0.3058058058058058,0.1036036036036036,0.4964964964964965,0.5965965965965966,0.006006006006006006,0.8228228228228228,0.575075075075075,0.8393393393393394,0.535035035035035,0.2707707707707708,0.3163163163163163,0.3513513513513513,0.36436436436436437,0.8073073073073074,0.0,0.464964964964965,0.1026026026026026,0.6046046046046046,0.009009009009009009,1.443
0.24624624624624628,0.5645645645645645,0.996996996996997,0.24874874874874875,0.9209209209209209,0.44344344344344344,0.5215215215215215,0.3483483483483484,0.7892892892892893,0.1866866866866867,0.44844844844844844,0.487987987987988,0.04004004004004004,0.547047047047047,0.7252252252252251,0.5205205205205206,0.0,0.37737737737737737,0.6186186186186187,0.8883883883883883,0.7032032032032032,1.274
0.24724724724724725,0.8198198198198199,0.31931931931931934,0.7062062062062062,0.5045045045045045,0.7277277277277276,0.31681681681681684,0.012512512512512512,0.980980980980981,0.15015015015015015,0.4244244244244244,0.39239239239239243,0.23473473473473472,0.4244244244244244,0.6856856856856857,0.10810810810810811,0.0,0.9114114114114114,0.8968968968968969,0.2987987987987988,0.8833833833833833,1.037
0.24824824824824826,0.7352352352352352,0.3948948948948949,0.38788788788788786,0.6856856856856857,0.3408408408408409,0.6970320574381488,0.6936936936936937,0.4934934934934935,0.17217217217217218,0.17717717717717718,0.14864864864864863,0.6721721721721722,0.2777777777777778,0.562062062062062,0.0915915915915916,0.0,0.7352352352352352,0.5645645645645645,0.1176176176176176,0.7252252252252251,1.351
0.24924924924924924,0.6056056056056056,0.38538538538538536,0.11561561561561562,0.34734734734734735,0.17117117117117117,0.6736736736736737,0.48098098098098097,0.7367367367367368,0.25125125125125125,0.12612612612612611,0.49099099099099097,0.7612612612612613,0.9824824824824825,0.6886886886886887,0.12962962962962962,0.0,0.6501501501501501,0.2017017017017017,0.5230230230230231,0.3993993993993994,1.423
0.2502502502502502,0.37237237237237236,0.5910910910910911,0.7602602602602603,0.25975975975975973,0.55005005005005,0.5175175175175175,0.8063063063063063,0.7652652652652652,0.998998998998999,0.4279279279279279,0.29229229229229226,0.5045045045045045,0.23073073073073075,0.6176176176176176,0.8158158158158159,0.0,0.7182182182182182,0.17517517517517517,0.549049049049049,0.10010010010010009,1.125
0.25125125125125125,0.47847847847847846,0.07907907907907907,0.35435435435435436,0.04704704704704705,0.9059059059059059,0.51001001001001,0.09559559559559559,0.8143143143143143,0.954954954954955,0.6821821821821822,0.5430430430430431,0.4304304304304304,0.7192192192192193,0.6701701701701701,0.45895895895895894,0.0,0.4339339339339339,0.9489489489489489,0.16666666666666666,0.8313313313313313,1.232
0.2522522522522523,0.2807807807807808,0.35785785785785784,0.7892892892892893,0.8768768768768769,0.3188188188188188,0.3743743743743744,0.28978978978978975,0.7117117117117118,0.54004004004004,0.36036036036036034,0.3138138138138138,0.1136136136136136,0.7907907907907907,0.9179179179179179,0.8358358358358359,0.0,0.4019019019019019,0.943943943943944,0.7537537537537538,0.08558558558558559,1.22
0.25325325325325326,0.34234234234234234,0.1881881881881882,0.3158158158158158,0.5950950950950951,0.13763763763763764,0.9249249249249251,0.9544544544544544,0.4984984984984985,0.15565565565565564,0.3048048048048048,0.2852852852852853,0.5325325325325325,0.15065065065065064,0.9209209209209209,0.5045045045045045,0.0,0.11061061061061062,0.2247247247247247,0.11161161161161161,0.8683683683683684,1.265
0.25425425425425424,0.7117117117117117,0.5875875875875876,0.95995995995996,0.6346346346346345,0.5430430430430431,0.3688688688688689,0.7247247247247247,0.4624624624624625,0.016016016016016016,0.5580580580580581,0.10960960960960961,0.26426426426426425,0.1941941941941942,0.36936936936936937,0.13563563563563563,0.0,0.43993993993993996,0.6186186186186187,0.6911911911911912,0.8808808808808809,1.056
0.2552552552552552,0.9384384384384384,0.40990990990990994,0.4009009009009009,0.8858858858858859,0.12812812812812813,0.94994994994995,0.948948948948949,0.17017017017017014,0.08108108108108109,0.4554554554554554,0.3088088088088088,0.9369369369369369,0.9159159159159159,0.06756756756756757,0.6946946946946947,0.0,0.43993993993993996,0.6081081081081081,0.7477477477477478,0.9349349349349347,1.312
0.25625625625625625,0.517017017017017,0.3763763763763764,0.11911911911911913,0.1766766766766767,0.6456456456456456,0.5025025025025025,0.4774774774774775,0.43243243243243246,0.6351351351351351,0.57007007007007,0.11911911911911913,0.25475475475475473,0.04654654654654655,0.4964964964964965,0.9284284284284283,0.0,0.8338338338338338,0.22772772772772773,0.19769769769769768,0.8028028028028028,1.173
0.25725725725725723,0.3963963963963964,0.4454454454454454,0.8263263263263263,0.06706706706706707,0.985985985985986,0.04654654654654655,0.4369369369369369,0.519019019019019,0.7587587587587588,0.975975975975976,0.513013013013013,0.13813813813813813,0.34434434434434436,0.6856856856856857,0.4189189189189189,0.0,0.0945945945945946,0.5930930930930931,0.5675675675675675,0.5985985985985987,1.254
0.25825825825825827,0.5725725725725725,0.09409409409409408,0.6001001001001001,0.9269269269269269,0.1036036036036036,0.8858858858858859,0.8748748748748748,0.22372372372372373,0.9254254254254255,0.14414414414414414,0.5515515515515516,0.7612612612612613,0.03003003003003003,0.20120120120120122,0.6501501501501501,0.0,0.7677677677677677,0.1006006006006006,0.20620620620620622,0.46146146146146144,1.211
0.25925925925925924,0.6156156156156156,0.7037037037037037,0.16766766766766766,0.2982982982982983,0.36436436436436437,0.7027027027027026,0.970970970970971,0.07157157157157157,0.9514514514514514,0.602102102102102,0.04654654654654655,0.495995995995996,0.3908908908908909,0.8508508508508509,0.5155155155155156,0.0,0.14414414414414414,0.4064064064064064,0.8703703703703705,0.5795795795795795,1.221
0.2602602602602603,0.9679679679679679,0.5570570570570571,0.1766766766766767,0.0075075075075075074,0.978978978978979,0.060560560560560556,0.1151151151151151,0.8743743743743744,0.975975975975976,0.8588588588588588,0.8838838838838838,0.474974974974975,0.6931931931931932,0.2277277277277277,0.14264264264264265,0.0,0.6186186186186187,0.7012012012012012,0.032532532532532535,0.5005005005005005,1.388
0.26126126126126126,0.5900900900900901,0.02102102102102102,0.6716716716716717,0.028028028028028028,0.9749749749749749,0.14514514514514515,0.3808808808808809,0.6886886886886887,0.8393393393393394,0.9569569569569569,0.2757757757757758,0.7727727727727728,0.4034034034034034,0.6791791791791792,0.9039039039039038,0.0,0.23173173173173173,0.5385385385385386,0.13613613613613612,0.6206206206206206,1.165
0.26226226226226224,0.053553553553553554,0.2912912912912913,0.1766766766766767,0.45145145145145144,0.32732732732732733,0.913913913913914,0.5875875875875876,0.044044044044044044,0.9009009009009009,0.25425425425425424,0.14314314314314314,0.968968968968969,0.7652652652652652,0.04654654654654655,0.9729729729729738,0.0,0.950950950950951,0.8128128128128128,0.8163163163163163,0.98998998998999,1.194
0.26326326326326327,0.3698698698698699,0.43993993993993996,0.6656656656656657,0.8663663663663663,0.3948948948948949,0.7592592592592593,0.2592592592592593,0.7432432432432432,0.7952952952952953,0.3288288288288288,0.9569569569569569,0.8183183183183182,0.9389389389389389,0.32082082082082086,0.8493493493493494,0.0,0.44494494494494496,0.4864864864864865,0.1916916916916917,0.8508508508508509,1.179
0.26426426426426425,0.8578578578578577,0.8063063063063063,0.23373373373373374,0.6806806806806804,0.16666666666666669,0.8748748748748748,0.8043043043043043,0.42842842842842843,0.8993993993993994,0.14514514514514515,0.6191191191191191,0.6041041041041041,0.516016016016016,0.8948948948948949,0.35735735735735735,0.0,0.04454454454454454,0.5990990990990991,0.6781781781781782,0.3963963963963964,1.23
0.2652652652652653,0.03003003003003003,0.15715715715715717,0.06656656656656657,0.3308308308308308,0.5635635635635635,0.7562562562562563,0.49549549549549554,0.4064064064064064,0.5825825825825826,0.632132132132132,0.18768768768768768,0.960960960960961,0.970970970970971,0.5840840840840841,0.24674674674674674,0.0,0.10510510510510511,0.24724724724724723,0.6611611611611612,0.9119119119119119,1.321
0.26626626626626626,0.10710710710710711,0.11911911911911913,0.2912912912912913,0.2277277277277277,0.9079079079079079,0.16666666666666666,0.46046046046046046,0.31681681681681684,0.03153153153153153,0.7657657657657657,0.34284284284284283,0.3793793793793794,0.5195195195195195,0.3923923923923924,0.8898898898898899,0.0,0.8308308308308309,0.6911911911911912,0.6826826826826826,0.2532532532532532,1.339
0.26726726726726724,0.9284284284284283,0.014014014014014014,0.0935935935935936,0.1816816816816817,0.8518518518518519,0.7222222222222222,0.015015015015015015,0.9489489489489489,0.39389389389389384,0.6336336336336337,0.0935935935935936,0.8663663663663663,0.9264264264264264,0.7557557557557557,0.22172172172172172,0.0,0.050050050050050046,0.7012012012012012,0.585085085085085,0.3238238238238238,1.189
0.2682682682682683,0.7532532532532532,0.9319319319319319,0.43343343343343343,0.19519519519519518,0.8448448448448449,0.45745745745745736,0.3053053053053053,0.7367367367367368,0.12262262262262263,0.7412412412412412,0.3383383383383384,0.3718718718718719,0.7072072072072072,0.8003003003003003,0.0980980980980981,0.0,0.2172172172172172,0.993993993993994,0.8023023023023023,0.13413413413413414,1.466
0.26926926926926925,0.5775775775775776,0.16166166166166165,0.3943943943943944,0.45695695695695693,0.5740740740740741,0.0960960960960961,0.4054054054054054,0.43243243243243246,0.2042042042042042,0.32682682682682684,0.91991991991992,0.3228228228228228,0.54004004004004,0.33333333333333337,0.16116116116116116,0.0,0.5375375375375375,0.13413413413413414,0.22822822822822825,0.6056056056056056,1.366
0.2702702702702703,0.015015015015015015,0.983983983983984,0.9884884884884885,0.7292292292292293,0.2077077077077077,0.35735735735735735,0.5355355355355356,0.5285285285285285,0.11211211211211211,0.14164164164164164,0.5515515515515516,0.18468468468468469,0.4519519519519519,0.17467467467467468,0.24524524524524524,0.0,0.6681681681681682,0.05855855855855856,0.9089089089089089,0.056056056056056056,1.077
0.27127127127127126,0.0075075075075075074,0.6586586586586587,0.954954954954955,0.973973973973974,0.06306306306306306,0.6836836836836837,0.95995995995996,0.36536536536536524,0.008008008008008008,0.07207207207207207,0.038538538538538544,0.2122122122122122,0.47097097097097096,0.7362362362362362,0.4084084084084084,0.0,0.6051051051051051,0.34734734734734735,0.4469469469469469,0.14964964964964966,1.37
0.2722722722722723,0.7437437437437437,0.45095095095095095,0.5445445445445445,0.4664664664664665,0.2917917917917918,0.53003003003003,0.0930930930930931,0.9014014014014013,0.6616616616616616,0.22422422422422422,0.6386386386386387,0.8628628628628628,0.6326326326326326,0.22372372372372373,0.9459459459459459,0.0,0.6876876876876876,0.8958958958958959,0.3363363363363363,0.43043043043043044,1.275
0.2732732732732733,0.026026026026026026,0.582082082082082,0.44794794794794796,0.4084084084084084,0.31231231231231227,0.8733733733733733,0.9034034034034033,0.0970970970970971,0.8643643643643644,0.4654654654654654,0.7577577577577578,0.7832832832832832,0.2177177177177177,0.24424424424424424,0.8798798798798799,0.0,0.2757757757757758,0.7932932932932932,0.5315315315315314,0.592092092092092,1.212
0.27427427427427425,0.012012012012012012,0.8128128128128128,0.16416416416416418,0.5605605605605606,0.562062062062062,0.25225225225225223,0.41991991991991995,0.1716716716716717,0.36686686686686687,0.5445445445445447,0.8958958958958959,0.545045045045045,0.24124124124124124,0.13263263263263264,0.9219219219219219,0.0,0.6636636636636637,0.035035035035035036,0.8163163163163163,0.9289289289289289,1.291
0.2752752752752753,0.4064064064064064,0.5940940940940941,0.958958958958959,0.990990990990991,0.0,0.9829829829829831,0.998998998998999,0.06156156156156156,0.8283283283283283,0.004004004004004004,0.5930930930930931,0.1916916916916917,0.011011011011011011,0.6746746746746747,0.7797797797797797,0.0,0.5975975975975976,0.17867867867867868,0.4154154154154154,0.7587587587587588,1.051
0.27627627627627627,0.13013013013013014,0.5940940940940941,0.9204204204204205,0.549049049049049,0.493993993993994,0.4344344344344344,0.6916916916916916,0.6231231231231231,0.6506506506506506,0.26126126126126126,0.33333333333333337,0.3993993993993994,0.38288288288288286,0.14464464464464466,0.597097097097097,0.0,0.47347347347347346,0.8463463463463463,0.05705705705705706,0.23973973973973972,1.263
0.2772772772772773,0.2032032032032032,0.8638638638638638,0.2757757757757758,0.98998998998999,0.017017017017017015,0.9924924924924925,0.9624624624624625,0.607107107107107,0.012012012012012012,0.024024024024024024,0.2227227227227227,0.6946946946946947,0.7122122122122122,0.16466466466466467,0.38488488488488487,0.0,0.6716716716716717,0.9359359359359359,0.5185185185185185,0.8538538538538538,1.274
0.2782782782782783,0.562062062062062,0.23623623623623624,0.973973973973974,0.6711711711711712,0.23223223223223233,0.6226226226226226,0.8393393393393394,0.5810810810810811,0.9674674674674675,0.20370370370370372,0.26376376376376376,0.15765765765765766,0.12212212212212212,0.965965965965966,0.1766766766766767,0.0,0.3533533533533534,0.3913913913913914,0.2677677677677678,0.19519519519519518,1.22
0.27927927927927926,0.06156156156156156,0.5795795795795795,0.970970970970971,0.2852852852852853,0.7432432432432432,0.37037037037037035,0.018018018018018018,0.44094094094094094,0.494994994994995,0.5115115115115115,0.5045045045045045,0.8953953953953954,0.25575575575575576,0.050050050050050046,0.9819819819819819,0.0,0.7852852852852852,0.6911911911911912,0.7187187187187187,0.5465465465465466,1.393
0.2802802802802803,0.31681681681681684,0.8453453453453453,0.8723723723723724,0.8078078078078076,0.555055055055055,0.464964964964965,0.6766766766766767,0.24924924924924927,0.1091091091091091,0.8383383383383383,0.5295295295295295,0.32732732732732733,0.6216216216216217,0.8413413413413413,0.8218218218218218,0.0,0.6051051051051051,0.36436436436436437,0.7982982982982982,0.962962962962963,1.288
0.28128128128128127,0.3063063063063063,0.06806806806806806,0.33933933933933935,0.9949949949949949,0.006006006006006006,0.993993993993994,0.8138138138138138,0.7057057057057057,0.07807807807807808,0.032532532532532535,0.3458458458458459,0.6801801801801802,0.11011011011011011,0.6361361361361362,0.47447447447447444,0.0,0.17367367367367367,0.6486486486486487,0.005005005005005005,0.6431431431431431,1.178
0.2822822822822823,0.7507507507507507,0.12612612612612611,0.43343343343343343,0.7942942942942943,0.12162162162162163,0.6846846846846847,0.29229229229229226,0.16266266266266266,0.36686686686686687,0.13963963963963966,0.7182182182182182,0.5915915915915916,0.4209209209209209,0.4629629629629629,0.15815815815815815,0.0,0.7482482482482482,0.09509509509509509,0.017017017017017015,0.5855855855855856,1.161
0.2832832832832833,0.6966966966966968,0.7547547547547547,0.46196196196196193,0.014014014014014014,0.9319319319319319,0.19869869869869872,0.3278278278278278,0.01951951951951952,0.4044044044044044,0.9549549549549549,0.27977977977977975,0.16816816816816815,0.06406406406406406,0.7667667667667668,0.05105105105105105,0.0,0.8698698698698699,0.1986986986986987,0.39539539539539537,0.962962962962963,1.139
0.28428428428428426,0.48448448448448445,0.7752752752752753,0.8898898898898899,0.8663663663663663,0.4164164164164164,0.8313313313313313,0.5545545545545546,0.05305305305305305,0.4194194194194194,0.5545545545545546,0.9479479479479477,0.4804804804804805,0.3513513513513513,0.9024024024024024,0.6816816816816816,0.0,0.29679679679679677,0.6716716716716717,0.2552552552552553,0.5335335335335335,1.221
0.2852852852852853,0.5775775775775776,0.19119119119119118,0.8618618618618619,0.21421421421421422,0.6741741741741742,0.58008008008008,0.14464464464464466,0.3763763763763764,0.35535535535535534,0.7042042042042043,0.7387387387387387,0.14014014014014015,0.3633633633633634,0.6931931931931932,0.16916916916916916,0.0,0.8638638638638638,0.932932932932933,0.2877877877877878,0.6981981981981982,1.194
0.2862862862862863,0.8338338338338338,0.8428428428428428,0.11561561561561562,0.004004004004004004,0.9359359359359359,0.057057057057057055,0.12012012012012012,0.3078078078078078,0.14664664664664664,0.8558558558558559,0.5780780780780781,0.062062062062062065,0.5125125125125125,0.9804804804804805,0.35285285285285284,0.0,0.07357357357357358,0.9764764764764764,0.47647647647647645,0.6576576576576576,1.004
0.2872872872872873,0.5680680680680681,0.28728728728728725,0.16416416416416418,0.04954954954954954,0.9714714714714714,0.015515515515515516,0.002002002002002002,0.6301301301301301,0.5230230230230231,0.9884884884884885,0.043043043043043044,0.04454454454454454,0.17717717717717718,0.6131131131131131,0.06806806806806806,0.0,0.25225225225225223,0.16966966966966968,0.995995995995996,0.28728728728728725,1.127
0.2882882882882883,0.2327327327327327,0.12862862862862862,0.6851851851851851,0.23523523523523523,0.8578578578578578,0.497997997997998,0.06306306306306306,0.974974974974975,0.5230230230230231,0.7737737737737738,0.19369369369369369,0.5575575575575575,0.6526526526526526,0.6526526526526526,0.06806806806806806,0.0,0.8998998998998999,0.8588588588588588,0.6486486486486487,0.997997997997998,1.075
0.28928928928928926,0.3663663663663663,0.7247247247247247,0.8293293293293293,0.9879879879879879,0.015015015015015015,0.8968968968968969,0.8563563563563563,0.29479479479479476,0.8593593593593594,0.017517517517517518,0.9269269269269269,0.4039039039039039,0.3858858858858859,0.4629629629629629,0.7582582582582582,0.0,0.6336336336336337,0.3583583583583584,0.1886886886886887,0.29179179179179177,1.226
0.2902902902902903,0.8768768768768769,0.011511511511511512,0.7497497497497498,0.7122122122122122,0.6046046046046046,0.6496496496496497,0.2757757757757758,0.6396396396396397,0.5430430430430431,0.47297297297297297,0.6151151151151151,0.8708708708708708,0.32582582582582587,0.6581581581581581,0.6326326326326326,0.0,0.7877877877877878,0.06406406406406406,0.42042042042042044,0.9144144144144144,1.182
0.2912912912912913,0.07407407407407407,0.6476476476476476,0.31831831831831836,0.4204204204204204,0.8023023023023024,0.12262262262262262,0.5455455455455456,0.15815815815815815,0.31181181181181183,0.6961961961961962,0.7932932932932932,0.7017017017017018,0.7937937937937938,0.537037037037037,0.7672672672672673,0.0,0.1866866866866867,0.6716716716716717,0.05705705705705706,0.0970970970970971,1.159
0.2922922922922923,0.8358358358358359,0.15715715715715717,0.005005005005005005,0.029029029029029027,0.652152152152152,0.6131131131131131,0.21421421421421422,0.8338338338338338,0.6881881881881882,0.5740740740740741,0.3088088088088088,0.980980980980981,0.7937937937937938,0.1051051051051051,0.25625625625625625,0.0,0.16966966966966968,0.5790790790790791,0.5535535535535536,0.3718718718718719,1.139
0.2932932932932933,0.494994994994995,0.16166166166166165,0.12162162162162163,0.041541541541541535,0.6641641641641642,0.7387387387387387,0.3278278278278278,0.506006006006006,0.9704704704704705,0.521021021021021,0.25725725725725723,0.7332332332332332,0.14764764764764765,0.03203203203203203,0.958958958958959,0.0,0.8863863863863863,0.15115115115115116,0.09109109109109109,0.8893893893893894,1.164
0.29429429429429427,0.9234234234234233,0.40240240240240244,0.498998998998999,0.8163163163163163,0.2702702702702703,0.8438438438438438,0.33983983983983984,0.7212212212212212,0.04254254254254254,0.30680680680680683,0.27977977977977975,0.5515515515515516,0.2132132132132132,0.07607607607607608,0.32182182182182184,0.0,0.31831831831831836,0.8288288288288288,0.01001001001001001,0.6836836836836837,1.517
0.2952952952952953,0.2092092092092092,0.029029029029029027,0.6431431431431431,0.25975975975975973,0.4554554554554554,0.7647647647647647,0.07807807807807807,0.7512512512512513,0.4344344344344344,0.24624624624624625,0.46846846846846846,0.4039039039039039,0.17267267267267267,0.12112112112112111,0.9004004004004005,0.0,0.8688688688688688,0.2677677677677678,0.1176176176176176,0.45945945945945943,1.39
0.2962962962962963,0.37537537537537535,0.08758758758758758,0.6456456456456456,0.91991991991992,0.025025025025025023,0.972972972972973,0.9429429429429429,0.6301301301301301,0.7627627627627628,0.06306306306306306,0.43343343343343343,0.8088088088088088,0.5225225225225225,0.3303303303303303,0.39789789789789787,0.0,0.4069069069069069,0.30430430430430433,0.4089089089089089,0.35935935935935936,1.384
0.2972972972972973,0.9014014014014013,0.3763763763763764,0.6126126126126126,0.07207207207207207,0.9169169169169169,0.004004004004004004,0.24824824824824826,0.11911911911911911,0.7952952952952953,0.9819819819819819,0.8708708708708708,0.22122122122122123,0.1701701701701701,0.4964964964964965,0.3038038038038038,0.0,0.16966966966966968,0.04004004004004004,0.001001001001001001,0.7662662662662663,1.119
0.2982982982982983,0.7187187187187187,0.48598598598598597,0.4254254254254254,0.7757757757757757,0.1006006006006006,0.8143143143143143,0.991991991991992,0.21621621621621623,0.1091091091091091,0.6226226226226226,0.7387387387387387,0.1011011011011011,0.08308308308308308,0.7157157157157157,0.3818818818818819,0.0,0.2072072072072072,0.13263263263263264,0.3053053053053053,0.7882882882882882,1.215
0.2992992992992993,0.7287287287287287,0.5380380380380381,0.7252252252252251,0.7512512512512513,0.7957957957957958,0.46996996996997,0.058058058058058054,0.26676676676676675,0.03653653653653653,0.7197197197197197,0.5215215215215215,0.6646646646646647,0.6326326326326326,0.15715715715715717,0.06106106106106106,0.0,0.8598598598598599,0.9279279279279278,0.12762762762762764,0.48948948948948945,1.459
0.3003003003003003,0.42842842842842843,0.32182182182182184,0.948948948948949,0.06406406406406406,0.8413413413413413,0.3023023023023023,0.006006006006006006,0.5980980980980981,0.053553553553553554,0.6861861861861862,0.06356356356356356,0.48948948948948945,0.11211211211211211,0.1011011011011011,0.7147147147147147,0.0,0.9359359359359359,0.7522522522522522,0.2877877877877878,0.22522522522522523,1.291
0.3013013013013013,0.9569569569569569,0.2727727727727728,0.9349349349349347,0.3923923923923924,0.6146146146146146,0.7257257257257257,0.562062062062062,0.11661661661661661,0.5730730730730731,0.8438438438438438,0.6151151151151151,0.8353353353353353,0.17717717717717718,0.8578578578578578,0.5175175175175175,0.0,0.11061061061061062,0.9304304304304305,0.17967967967967968,0.36736736736736736,1.248
0.3023023023023023,0.8058058058058057,0.33683683683683685,0.5265265265265265,0.11911911911911911,0.5190190190190189,0.7222222222222222,0.44744744744744747,0.35835835835835844,0.8963963963963963,0.6001001001001001,0.058058058058058054,0.7392392392392393,0.1036036036036036,0.22972972972972971,0.34784784784784784,0.0,0.7677677677677677,0.8938938938938938,0.7917917917917918,0.6466466466466466,1.168
0.3033033033033033,0.8708708708708708,0.11161161161161161,0.0920920920920921,0.478978978978979,0.33933933933933935,0.9719719719719719,0.32432432432432434,0.8878878878878879,0.6696696696696696,0.3833833833833834,0.45645645645645644,1.0,0.9389389389389389,0.14464464464464466,0.53003003003003,0.0,0.6876876876876876,0.995995995995996,0.6486486486486487,0.9464464464464464,1.412
0.30430430430430433,0.33183183183183185,0.637137137137137,0.4774774774774775,0.09909909909909909,0.95995995995996,0.34784784784784784,0.1031031031031031,0.8513513513513513,0.3748748748748749,0.7157157157157157,0.3383383383383384,0.7287287287287287,0.495995995995996,0.4064064064064064,0.5765765765765766,0.0,0.2557557557557557,0.97997997997998,0.8138138138138138,0.8248248248248249,1.119
0.3053053053053053,0.3908908908908909,0.16416416416416416,0.7837837837837838,0.45545545545545546,0.8708708708708709,0.07257257257257257,0.1151151151151151,0.7157157157157157,0.5630630630630631,0.4994994994994995,0.2522522522522523,0.7557557557557557,0.4574574574574574,0.537037037037037,0.8168168168168168,0.0,0.8028028028028027,0.03803803803803804,0.30830830830830835,0.33433433433433435,1.082
0.3063063063063063,0.5360360360360361,0.5910910910910911,0.7007007007007007,0.9319319319319319,0.2827827827827828,0.5980980980980981,0.7347347347347347,0.28128128128128127,0.3023023023023023,0.4189189189189189,0.29229229229229226,0.07957957957957958,0.3783783783783784,0.6971971971971972,0.7297297297297297,0.0,0.7677677677677677,0.2827827827827828,0.16066066066066065,0.24924924924924924,1.378
0.3073073073073073,0.7867867867867868,0.8558558558558559,0.3313313313313313,0.6226226226226226,0.5580580580580581,0.4034034034034034,0.2967967967967968,0.11661661661661661,0.23773773773773774,0.6841841841841843,0.36436436436436437,0.3718718718718719,0.9024024024024024,0.6286286286286287,0.5265265265265265,0.0,0.8463463463463463,0.27377377377377377,0.6581581581581581,0.96996996996997,1.136
0.3083083083083083,0.0025025025025025025,0.7247247247247247,0.4379379379379379,0.8428428428428428,0.31231231231231227,0.8163163163163163,0.785785785785786,0.24924924924924927,0.6831831831831832,0.3663663663663664,0.29229229229229226,0.8638638638638638,0.9184184184184183,0.3513513513513513,0.938938938938939,0.0,0.3163163163163163,0.4864864864864865,0.7732732732732732,0.9234234234234234,1.19
0.30930930930930933,0.3063063063063063,0.3433433433433434,0.9404404404404405,0.8458458458458459,0.043043043043043044,0.9264264264264264,0.8078078078078077,0.9149149149149148,0.7812812812812813,0.02702702702702703,0.7652652652652653,0.2772772772772773,0.516016016016016,0.4294294294294294,0.7857857857857866,0.0,0.637137137137137,0.3823823823823824,0.31231231231231227,0.7157157157157157,1.221
0.3103103103103103,0.4469469469469469,0.4294294294294294,0.5755755755755756,0.3258258258258258,0.6506506506506504,0.6066066066066066,0.7677677677677678,0.21621621621621623,0.37887887887887883,0.6776776776776776,0.14614614614614616,0.34734734734734735,0.12862862862862862,0.6486486486486487,0.2932932932932933,0.0,0.3533533533533534,0.6186186186186187,0.07257257257257257,0.6386386386386387,1.272
0.3113113113113113,0.3508508508508509,0.6181181181181181,0.8008008008008007,0.8613613613613613,0.24824824824824826,0.7577577577577577,0.5830830830830831,0.11811811811811812,0.9374374374374375,0.2842842842842843,0.5855855855855856,0.04454454454454454,0.08008008008008008,0.6446446446446445,0.34034034034034033,0.0,0.7632632632632632,0.13563563563563563,0.6311311311311312,0.43043043043043044,1.155
0.3123123123123123,0.984984984984985,0.4579579579579579,0.37287287287287285,0.31181181181181183,0.6916916916916918,0.2132132132132132,0.23073073073073072,0.6336336336336337,0.9084084084084083,0.6376376376376376,0.37537537537537535,0.526026026026026,0.08658658658658658,0.32082082082082086,0.6776776776776777,0.0,0.14414414414414414,0.16016016016016016,0.7867867867867868,0.1021021021021021,1.208
0.3133133133133133,0.6616616616616617,0.14164164164164164,0.035035035035035036,0.2067067067067067,0.2732732732732733,0.91991991991992,0.46946946946946944,0.9894894894894894,0.31431431431431434,0.2952952952952953,0.04204204204204204,0.8843843843843844,0.7397397397397397,0.2097097097097097,0.8708708708708709,0.0,0.10810810810810814,0.44744744744744747,0.6826826826826826,0.7977977977977978,1.502
0.31431431431431434,0.16066066066066065,0.4119119119119119,0.8823823823823824,0.5675675675675675,0.8478478478478477,0.2102102102102102,0.6166166166166166,0.09509509509509509,0.33983983983983984,0.9009009009009009,0.7022022022022022,0.8183183183183182,0.6726726726726726,0.053553553553553554,0.6306306306306306,0.0,0.1966966966966967,0.03403403403403403,0.07507507507507508,0.5395395395395395,1.304
0.3153153153153153,0.8283283283283283,0.8313313313313313,0.19119119119119118,0.47447447447447444,0.6691691691691692,0.14014014014014015,0.07057057057057056,0.18468468468468469,0.8488488488488488,0.8508508508508509,0.9369369369369369,0.948948948948949,0.7442442442442443,0.29979979979979976,0.31331331331331336,0.0,0.8223223223223224,0.2082082082082082,0.2987987987987988,0.2072072072072072,1.307
0.3163163163163163,0.6091091091091091,0.8143143143143143,0.8093093093093093,0.26976976976976974,0.9259259259259259,0.12062062062062062,0.3583583583583584,0.8393393393393394,0.5765765765765766,0.7692692692692693,0.4244244244244244,0.5515515515515516,0.8493493493493494,0.22372372372372373,0.4144144144144144,0.0,0.7822822822822822,0.6816816816816816,0.5675675675675675,0.7827827827827827,1.144
0.3173173173173173,0.9459459459459459,0.7587587587587588,0.9724724724724725,0.11461461461461461,0.980980980980981,0.003003003003003003,0.03353353353353353,0.22372372372372373,0.54004004004004,0.9729729729729729,0.3553553553553553,0.11511511511511512,0.1986986986986987,0.9004004004004005,0.08908908908908908,0.0,0.8863863863863863,0.14264264264264265,0.48948948948948945,0.17917917917917917,1.363
0.3183183183183183,0.5125125125125125,0.9479479479479477,0.4009009009009009,0.4494494494494494,0.607107107107107,0.18768768768768768,0.14964964964964966,0.3613613613613613,0.6136136136136137,0.6481481481481481,0.08208208208208208,0.012012012012012012,0.6566566566566566,0.9259259259259259,0.45345345345345345,0.0,0.3113113113113113,0.4214214214214214,0.9309309309309309,0.8248248248248249,0.893
0.31931931931931934,0.526026026026026,0.43993993993993996,0.22372372372372373,0.9679679679679679,0.12512512512512514,0.9469469469469469,0.9449449449449456,0.4064064064064064,0.14314314314314314,0.07757757757757758,0.5515515515515516,0.9524524524524525,0.8903903903903904,0.0985985985985986,0.96996996996997,0.0,0.5680680680680681,0.8233233233233233,0.4244244244244244,0.504004004004004,1.32
0.32032032032032026,0.94994994994995,0.35785785785785784,0.4084084084084084,0.3053053053053053,0.477977977977978,0.13013013013013014,0.6806806806806807,0.8143143143143143,0.8123123123123124,0.7112112112112112,0.5930930930930931,0.6211211211211212,0.15265265265265265,0.6996996996996997,0.17317317317317316,0.0,0.05205205205205205,0.5880880880880881,0.2807807807807808,0.037037037037037035,1.034
0.3213213213213213,0.6911911911911912,0.8208208208208208,0.23073073073073075,0.7622622622622623,0.5430430430430431,0.5825825825825826,0.8898898898898899,0.16616616616616617,0.4149149149149149,0.7332332332332332,0.6826826826826826,0.27477477477477474,0.1816816816816817,0.7557557557557557,0.7417417417417418,0.0,0.22172172172172172,0.4164164164164164,0.9774774774774775,0.6106106106106106,1.126
0.32232232232232233,0.7552552552552552,0.04854854854854855,0.7892892892892893,0.062062062062062065,0.8318318318318318,0.06706706706706705,0.062062062062062065,0.26376376376376376,0.9794794794794794,0.9419419419419419,0.004004004004004004,0.4364364364364365,0.0,0.07057057057057056,0.7332332332332332,0.0,0.973973973973974,0.11861861861861861,0.09109109109109109,0.018518518518518517,1.482
0.32332332332332336,0.993993993993994,0.505005005005005,0.4379379379379379,0.9779779779779779,0.026026026026026026,0.9039039039039038,0.7097097097097097,0.4624624624624625,0.6101101101101101,0.02002002002002002,0.513013013013013,0.3973973973973974,0.15415415415415415,0.5765765765765766,0.6281281281281281,0.0,0.47347347347347346,0.14464464464464466,0.8318318318318318,0.07707707707707707,1.276
0.32432432432432434,0.9404404404404405,0.03803803803803804,0.7777777777777776,0.6686686686686687,0.24374374374374375,0.8223223223223224,0.10710710710710711,0.9514514514514514,0.017017017017017015,0.06406406406406406,0.11411411411411411,0.2122122122122122,0.516016016016016,0.4364364364364364,0.05755755755755755,0.0,0.9694694694694694,0.8523523523523524,0.003003003003003003,0.6576576576576576,1.24
0.32532532532532527,0.13213213213213212,0.24524524524524524,0.0,0.8923923923923924,0.15415415415415415,0.9109109109109109,0.46396396396396394,0.9064064064064064,0.4149149149149149,0.07057057057057056,0.5380380380380381,0.8288288288288288,0.36536536536536524,0.3538538538538538,0.8493493493493494,0.0,0.5915915915915916,0.4864864864864865,0.7577577577577577,0.495995995995996,1.236
0.3263263263263263,0.6056056056056056,0.7287287287287287,0.6311311311311312,0.34284284284284283,0.8358358358358358,0.25225225225225223,0.1886886886886887,0.2692692692692693,0.17667667667667666,0.7042042042042043,0.9789789789789789,0.15215215215215216,0.7352352352352353,0.8138138138138138,0.2922922922922923,0.0,0.7787787787787788,0.7012012012012012,0.35235235235235235,0.8638638638638638,0.981
0.32732732732732733,0.7187187187187187,0.14164164164164164,0.9289289289289291,0.8628628628628628,0.3683683683683684,0.7447447447447447,0.8013013013013013,0.8203203203203203,0.4219219219219219,0.3563563563563563,0.25375375375375375,0.9724724724724725,0.7327327327327328,0.04504504504504504,0.5545545545545546,0.0,0.6081081081081081,0.34184184184184185,0.14214214214214216,0.7007007007007007,1.293
0.32832832832832837,0.517017017017017,0.5570570570570571,0.34934934934934936,0.2022022022022022,0.8548548548548549,0.2327327327327327,0.2122122122122122,0.7057057057057057,0.8123123123123124,0.7797797797797797,0.4269269269269269,0.3658658658658659,0.5005005005005005,0.16766766766766766,0.6896896896896897,0.0,0.6636636636636637,0.4804804804804805,0.34784784784784784,0.03553553553553554,1.61
0.32932932932932935,0.6296296296296295,0.2502502502502503,0.8538538538538538,0.884884884884885,0.09109109109109109,0.9219219219219219,0.9274274274274275,0.28128128128128127,0.8153153153153153,0.09509509509509509,0.5155155155155156,0.08108108108108109,0.2882882882882883,0.06756756756756757,0.6236236236236237,0.0,0.9729729729729734,0.14964964964964966,0.06506506506506507,0.37537537537537535,1.235
0.33033033033033027,0.7982982982982982,0.8768768768768769,0.9119119119119119,0.43343343343343343,0.4924924924924925,0.14264264264264265,0.7447447447447447,0.18468468468468469,0.7257257257257257,0.6861861861861862,0.9494494494494494,0.04004004004004004,0.5880880880880881,0.8443443443443444,0.3683683683683684,0.0,0.13013013013013014,0.5790790790790791,0.7032032032032032,0.6386386386386387,1.162
0.33133133133133136,1.0,0.21621621621621623,0.044044044044044044,0.16916916916916916,0.6991991991991993,0.36536536536536535,0.49199199199199195,0.6336336336336337,0.91991991991992,0.7587587587587588,0.06556556556556556,0.043043043043043044,0.003003003003003003,0.9279279279279279,0.4059059059059059,0.0,0.39289289289289286,0.5840840840840841,0.7827827827827828,0.6431431431431431,1.258
0.33233233233233234,0.517017017017017,0.2782782782782783,0.26726726726726724,0.478978978978979,0.3078078078078078,0.2782782782782783,0.6766766766766767,0.035035035035035036,0.9024024024024024,0.5565565565565566,0.2272272272272272,0.06306306306306306,0.00950950950950951,0.6051051051051051,0.40240240240240244,0.0,0.39289289289289286,0.3023023023023023,0.4469469469469469,0.1021021021021021,0.918
0.33333333333333337,0.15515515515515516,0.04204204204204204,0.01001001001001001,0.14164164164164164,0.8428428428428428,0.2012012012012012,0.04354354354354355,0.8938938938938938,0.9619619619619619,0.5715715715715716,0.17567567567567566,0.6531531531531531,0.5990990990990991,0.8893893893893894,0.5165165165165165,0.0,0.8598598598598599,0.6646646646646646,0.5460460460460461,0.7712712712712713,1.134
0.33433433433433435,0.0075075075075075074,0.9629629629629629,0.058058058058058054,0.8448448448448448,0.01901901901901902,0.9679679679679679,0.9229229229229229,0.05855855855855856,0.7427427427427428,0.04354354354354355,0.34984984984984985,0.7107107107107107,0.4519519519519519,0.3263263263263263,0.7067067067067067,0.0,0.7157157157157157,0.4129129129129129,0.93993993993994,0.5680680680680681,1.089
0.33533533533533527,0.5025025025025025,0.0915915915915916,0.7007007007007007,0.6481481481481481,0.2852852852852853,0.6816816816816818,0.9404404404404405,0.22122122122122123,0.44244244244244246,0.6481481481481481,0.04854854854854855,0.6971971971971972,0.23823823823823825,0.3923923923923924,0.7822822822822824,0.0,0.5125125125125125,0.7157157157157157,0.4244244244244244,0.16716716716716717,1.261
0.33633633633633636,0.8018018018018018,0.6181181181181181,0.34284284284284283,0.565065065065065,0.43593593593593594,0.5915915915915916,0.7132132132132132,0.3763763763763764,0.28128128128128127,0.6166166166166166,0.7907907907907907,0.7917917917917918,0.6391391391391392,0.4629629629629629,0.7177177177177178,0.0,0.2782782782782783,0.6131131131131131,0.5105105105105106,0.18068068068068066,1.441
0.33733733733733734,0.4624624624624625,0.001001001001001001,0.42992992992992995,0.8043043043043043,0.48198198198198194,0.4344344344344344,0.28228228228228225,0.586086086086086,0.0920920920920921,0.2952952952952953,0.4754754754754755,0.4244244244244244,0.8568568568568569,0.3363363363363363,0.14064064064064064,0.0,0.5410410410410411,0.6781781781781782,0.09109109109109109,0.5365365365365365,1.521
0.3383383383383384,0.45145145145145144,0.24174174174174173,0.14514514514514515,0.003003003003003003,0.8938938938938938,0.32032032032032026,0.32432432432432434,0.11261261261261261,0.7887887887887888,0.8823823823823824,0.3718718718718719,0.983983983983984,0.2942942942942943,0.24024024024024024,0.9829829829829833,0.0,0.7602602602602603,0.2227227227227227,0.6726726726726726,0.09309309309309309,1.249
0.33933933933933935,0.15065065065065064,0.9874874874874875,0.026026026026026026,0.8708708708708709,0.07207207207207207,0.8823823823823824,0.9679679679679679,0.14314314314314314,0.6696696696696696,0.15115115115115116,0.8578578578578578,0.6211211211211212,0.9579579579579578,0.8658658658658659,0.2807807807807808,0.0,0.03403403403403403,0.23123123123123124,0.4244244244244244,0.45945945945945943,1.286
0.3403403403403403,0.18768768768768768,0.5085085085085085,0.21371371371371373,0.11611611611611611,0.4554554554554554,0.3833833833833834,0.5085085085085085,0.4354354354354354,0.6426426426426426,0.46346346346346345,0.39239239239239243,0.474974974974975,0.9424424424424425,0.8833833833833833,0.27377377377377377,0.0,0.43593593593593594,0.8088088088088088,0.7127127127127126,0.27127127127127126,1.327
0.34134134134134136,0.4169169169169169,0.12412412412412413,0.4144144144144144,0.0,0.8658658658658659,0.023023023023023025,0.5515515515515516,0.1716716716716717,0.9159159159159159,0.9204204204204205,0.6961961961961962,0.8813813813813813,0.6991991991991993,0.7427427427427428,0.2057057057057057,0.0,0.5005005005005005,0.44744744744744747,0.07757757757757758,0.3008008008008008,1.163
0.34234234234234234,0.8523523523523524,0.3108108108108108,0.5755755755755756,0.5275275275275275,0.43993993993993996,0.4364364364364364,0.07207207207207207,0.6176176176176176,0.5630630630630631,0.3148148148148148,0.9259259259259259,0.9549549549549547,0.8013013013013013,0.4629629629629629,0.02702702702702703,0.0,0.983983983983984,0.14714714714714716,0.5430430430430431,0.8848848848848851,1.252
0.3433433433433434,0.6156156156156156,0.546046046046046,0.5890890890890891,0.7492492492492493,0.0990990990990991,0.7897897897897898,0.4054054054054054,0.8108108108108107,0.5175175175175175,0.1936936936936937,0.8093093093093093,0.5515515515515516,0.8593593593593594,0.1101101101101101,0.7917917917917918,0.0,0.3968968968968969,0.6081081081081081,0.7887887887887888,0.4264264264264264,1.423
0.34434434434434436,0.7952952952952952,0.937937937937938,0.5265265265265265,0.44044044044044045,0.6581581581581581,0.35735735735735735,0.1716716716716717,0.5455455455455456,0.6161161161161162,0.4044044044044044,0.3688688688688689,0.22572572572572572,0.13713713713713713,0.983983983983984,0.2827827827827828,0.0,0.9219219219219219,0.8323323323323324,0.5185185185185185,0.28728728728728725,1.165
0.3453453453453453,0.552052052052052,0.7207207207207207,0.57007007007007,0.1921921921921922,0.9209209209209209,0.1921921921921922,0.037037037037037035,0.3973973973973974,0.502002002002002,0.9369369369369369,0.8093093093093093,0.2902902902902903,0.2882882882882883,0.2202202202202202,0.028528528528528527,0.0,0.8153153153153153,0.22772772772772773,0.7252252252252251,0.97997997997998,1.124
0.34634634634634637,0.14264264264264265,0.9019019019019019,0.6251251251251251,0.7967967967967968,0.04904904904904905,0.8028028028028028,0.41241241241241244,0.25975975975975973,0.7952952952952953,0.062062062062062065,0.7432432432432432,0.988988988988989,0.495995995995996,0.13713713713713713,0.968968968968969,0.0,0.6251251251251251,0.15765765765765766,0.8773773773773774,0.8908908908908909,1.258
0.34734734734734735,0.526026026026026,0.28128128128128127,0.3658658658658659,0.3258258258258258,0.9569569569569569,0.04804804804804805,0.041541541541541535,0.20070070070070067,0.05955955955955956,0.965965965965966,0.42992992992992995,0.7392392392392393,0.27177177177177175,0.3238238238238238,0.18018018018018017,0.0,0.4214214214214214,0.34334334334334343,0.7252252252252251,0.16416416416416416,1.454
0.3483483483483484,0.46846846846846846,0.24174174174174173,0.21871871871871873,0.5360360360360361,0.35435435435435436,0.5710710710710711,0.6676676676676676,0.3533533533533534,0.5295295295295295,0.488988988988989,0.9124124124124124,0.17217217217217218,0.7297297297297297,0.6581581581581581,0.5090090090090089,0.0,0.043043043043043044,0.7367367367367368,0.4289289289289289,0.6511511511511512,1.266
0.34934934934934936,0.09559559559559559,0.1011011011011011,0.6546546546546547,0.0075075075075075074,0.8978978978978975,0.24224224224224225,0.25625625625625625,0.3763763763763764,0.6401401401401401,0.6301301301301301,0.3813813813813814,0.545045045045045,0.015015015015015015,0.28728728728728725,0.34784784784784784,0.0,0.933933933933934,0.46196196196196193,0.12412412412412413,0.8863863863863863,1.106
0.3503503503503503,0.541041041041041,0.482982982982983,0.6126126126126126,0.2907907907907908,0.6991991991991993,0.478978978978979,0.18218218218218218,0.3858858858858859,0.12262262262262263,0.8608608608608609,0.13813813813813813,0.13363363363363362,0.1831831831831832,0.4239239239239239,0.5245245245245245,0.0,0.5345345345345345,0.8748748748748749,0.26076076076076077,0.463963963963964,1.456
0.35135135135135137,0.5325325325325325,0.26326326326326327,0.4194194194194194,0.3613613613613613,0.7757757757757757,0.32182182182182184,0.13913913913913914,0.6741741741741742,0.6351351351351351,0.7077077077077073,0.34984984984984985,0.14964964964964966,0.2777777777777778,0.474974974974975,0.6076076076076076,0.0,0.1866866866866867,0.31331331331331336,0.6311311311311312,0.15665665665665668,1.52
0.35235235235235235,0.07257257257257257,0.5330330330330331,0.6716716716716717,0.7817817817817818,0.13763763763763764,0.8788788788788788,0.8308308308308308,0.3698698698698699,0.1041041041041041,0.10010010010010009,0.6491491491491492,0.5915915915915916,0.5225225225225225,0.18018018018018017,0.6481481481481481,0.0,0.7562562562562563,0.8403403403403403,0.5640640640640641,0.6011011011011012,1.225
0.3533533533533534,0.2127127127127127,0.25925925925925924,0.6126126126126126,0.9189189189189189,0.1831831831831832,0.8718718718718719,0.7062062062062062,0.8678678678678677,0.26726726726726724,0.0970970970970971,0.7087087087087087,0.16566566566566565,0.8098098098098099,0.4944944944944945,0.30180180180180183,0.0,0.4154154154154154,0.6561561561561562,0.2107107107107107,0.6106106106106106,1.33
0.35435435435435436,0.3108108108108108,0.505005005005005,0.964964964964965,0.5690690690690691,0.5325325325325325,0.5610610610610611,0.5515515515515516,0.16616616616616617,0.9449449449449451,0.7357357357357357,0.7337337337337337,0.6546546546546547,0.31731731731731727,0.17617617617617617,0.5530530530530531,0.0,0.9142475809142475,0.46996996996997,0.6026026026026026,0.5855855855855856,1.18
0.3553553553553553,0.6676676676676676,0.8793793793793794,0.8333333333333333,0.7047047047047047,0.7652652652652653,0.08558558558558559,0.07457457457457457,0.1991991991991992,0.29979979979979976,0.5900900900900901,0.35785785785785784,0.057057057057057055,0.4134134134134134,0.4364364364364364,0.652152152152152,0.0,0.6296296296296297,0.22772772772772773,0.44394394394394393,0.8683683683683684,1.163
0.3563563563563564,0.5725725725725725,0.7937937937937938,0.3033033033033033,0.06956956956956957,0.7447447447447447,0.3408408408408409,0.7632632632632632,0.15815815815815815,0.5575575575575575,0.8968968968968969,0.983983983983984,0.9009009009009009,0.3313313313313313,0.1266266266266266,0.2977977977977978,0.0,0.13263263263263264,0.7757757757757757,0.6486486486486487,0.1866866866866867,1.168
0.35735735735735735,0.4084084084084084,0.8768768768768769,0.17117117117117117,0.24924924924924927,0.43793793793793795,0.6251251251251251,0.5135135135135135,0.9279279279279278,0.1946946946946947,0.25925925925925924,0.028028028028028028,0.9229229229229229,0.6526526526526526,0.15165165165165165,0.5595595595595595,0.0,0.1966966966966967,0.8258258258258258,0.9369369369369369,0.6056056056056056,1.223
0.3583583583583584,0.1006006006006006,0.6701701701701701,0.04504504504504504,0.14314314314314314,0.6056056056056056,0.1966966966966967,0.8738738738738738,0.013013013013013013,0.502002002002002,0.7607607607607607,0.7547547547547547,0.27477477477477474,0.7297297297297297,0.937937937937938,0.37037037037037035,0.0,0.2132132132132132,0.006006006006006006,0.009009009009009009,0.6916916916916918,1.287
0.35935935935935936,0.2172172172172172,0.45095095095095095,0.15265265265265265,0.13613613613613612,0.94994994994995,0.18768768768768768,0.23073073073073072,0.9464464464464464,0.6461461461461462,0.6351351351351351,0.13813813813813813,0.785785785785786,0.9864864864864864,0.8733733733733733,0.950950950950951,0.0,0.7392392392392393,0.7737737737737738,0.8358358358358358,0.6716716716716717,1.16
0.3603603603603603,0.2982982982982983,0.21171171171171171,0.08258258258258258,0.9664664664664664,0.02952952952952953,0.985985985985986,0.968968968968969,0.5980980980980981,0.38738738738738737,0.011011011011011011,0.498998998998999,0.06106106106106106,0.06556556556556556,0.988988988988989,0.4369369369369369,0.0,0.26126126126126126,0.7487487487487487,0.6516516516516516,0.9594594594594594,1.044
0.3613613613613614,0.22072072072072074,0.5705705705705706,0.6066066066066066,0.08008008008008008,0.9769769769769769,0.012012012012012012,0.39889889889889885,0.28728728728728725,0.24774774774774777,0.9419419419419419,0.1971971971971972,0.09259259259259259,0.11411411411411411,0.7047047047047047,0.7962962962962963,0.0,0.5035035035035035,0.2827827827827828,0.7032032032032032,0.504004004004004,1.295
0.36236236236236236,0.2682682682682682,0.9039039039039038,0.14964964964964966,0.5715715715715716,0.2752752752752753,0.6201201201201201,0.9274274274274275,0.01951951951951952,0.051551551551551555,0.6631631631631631,0.8998998998998999,0.5790790790790791,0.5945945945945945,0.1716716716716717,0.8298298298298299,0.0,0.1866866866866867,0.08808808808808809,0.3278278278278278,0.33433433433433435,1.433
0.3633633633633634,0.8118118118118118,0.2912912912912913,0.46196196196196193,0.23373373373373374,0.7727727727727728,0.6871871871871872,0.49549549549549554,0.14014014014014015,0.9049049049049049,0.8788788788788788,0.25725725725725723,0.4189189189189189,0.483983983983984,0.562062062062062,0.27127127127127126,0.0,0.03203203203203203,0.990990990990991,0.8198198198198198,0.986986986986987,1.231
0.36436436436436437,0.25375375375375375,0.9579579579579577,0.7192192192192193,0.8758758758758759,0.23123123123123124,0.7273940607273941,0.5655655655655656,0.3003003003003003,0.5075075075075075,0.2822822822822823,0.8178178178178178,0.4804804804804805,0.6151151151151151,0.9359359359359359,0.6611611611611612,0.0,0.47347347347347346,0.6911911911911912,0.972972972972973,0.7337337337337337,1.088
0.3653653653653653,0.06906906906906907,0.25925925925925924,0.9679679679679679,0.8113113113113113,0.2702702702702703,0.8578578578578577,0.3208208208208208,0.928928928928929,0.8533533533533533,0.2707707707707708,0.01001001001001001,0.04904904904904905,0.05655655655655656,0.973973973973974,0.8298298298298299,0.0,0.8413413413413413,0.6971971971971972,0.15365365365365363,0.7377377377377377,1.307
0.3663663663663664,0.6616616616616617,0.3533533533533534,0.5890890890890891,0.25975975975975973,0.4224224224224224,0.5135135135135135,0.1716716716716717,0.2752752752752753,0.7587587587587588,0.2707707707707708,0.9224224224224224,0.5005005005005005,0.4209209209209209,0.16766766766766766,0.8048048048048049,0.0,0.8783783783783784,0.7667667667667668,0.1011011011011011,0.19519519519519518,1.311
0.36736736736736736,0.12612612612612614,0.4754754754754755,0.46696696696696693,0.8808808808808809,0.08358358358358359,0.7297297297297297,0.973973973973974,0.4904904904904905,0.567067067067067,0.26376376376376376,0.6461461461461462,0.3658658658658659,0.565065065065065,0.2532532532532532,0.32682682682682684,0.0,0.15715715715715717,0.003003003003003003,0.14214214214214216,0.05455455455455456,1.1
0.3683683683683684,0.045545545545545546,0.16566566566566565,0.6816816816816818,0.9179179179179179,0.37137137137137133,0.13813813813813813,0.44344344344344344,0.9894894894894894,0.04854854854854855,0.24974974974974976,0.5880880880880881,0.24774774774774774,0.44494494494494496,0.3923923923923924,0.46596596596596596,0.0,0.4339339339339339,0.2082082082082082,0.11161161161161161,0.06806806806806806,1.479
0.36936936936936937,0.7052052052052051,0.8663663663663663,0.954954954954955,0.7637637637637638,0.16866866866866864,0.7747747747747747,0.7737737737737738,0.07757757757757758,0.45995995995996,0.40140140140140135,0.9849849849849851,0.5515515515515516,0.33433433433433435,0.5415415415415415,0.37237237237237236,0.0,0.7392392392392393,0.4214214214214214,0.35435435435435436,0.6266266266266266,1.475
0.3703703703703703,0.526026026026026,0.22522522522522523,0.16016016016016016,0.3708708708708709,0.8968968968968969,0.2722722722722723,0.13763763763763764,0.9414414414414414,0.55005005005005,0.7222222222222222,0.3353353353353353,0.5125125125125125,0.9094094094094094,0.5,0.7897897897897898,0.0,0.23373373373373374,0.8523523523523524,0.6911911911911912,0.5680680680680681,1.168
0.3713713713713714,0.9419419419419419,0.9064064064064064,0.6756756756756757,0.13913913913913914,0.8378378378378374,0.07657657657657657,0.3808808808808809,0.8668668668668669,0.0965965965965966,0.567067067067067,0.16966966966966968,0.08808808808808809,0.547047047047047,0.9804804804804805,0.12962962962962962,0.0,0.1021021021021021,0.5990990990990991,0.8688688688688688,0.4714714714714715,1.181
0.37237237237237236,0.23823823823823825,0.8453453453453453,0.47047047047047047,0.565065065065065,0.6326326326326326,0.21521521521521522,0.529029029029029,0.6641641641641642,0.7997997997997998,0.7487487487487487,0.5880880880880881,0.1931931931931932,0.988988988988989,0.975975975975976,0.3783783783783784,0.0,0.017017017017017015,0.4064064064064064,0.985985985985986,0.4714714714714715,1.087
0.3733733733733734,0.8708708708708708,0.8408408408408408,0.2552552552552553,0.7007007007007007,0.4744744744744745,0.6251251251251251,0.46396396396396394,0.3563563563563563,0.013013013013013013,0.37787787787787785,0.6626626626626627,0.9639639639639639,0.8718718718718719,0.08108108108108109,0.7362362362362362,0.0,0.4069069069069069,0.7577577577577577,0.7357357357357357,0.23323323323323325,1.38
0.3743743743743744,0.6736736736736737,0.9359359359359359,0.12412412412412413,0.33333333333333337,0.7897897897897898,0.1781781781781782,0.91991991991992,0.016016016016016016,0.22972972972972971,0.8688688688688688,0.7887887887887888,0.7492492492492493,0.1816816816816817,0.5985985985985987,0.08208208208208208,0.0,0.6946946946946947,0.09109109109109109,0.8968968968968969,0.2272272272272272,1.191
0.3753753753753753,0.7742742742742743,0.1011011011011011,0.06006006006006006,0.018018018018018018,0.7292292292292293,0.1766766766766767,0.33983983983983984,0.7487487487487487,0.9569569569569569,0.7967967967967968,0.5555555555555556,0.15615615615615616,0.24524524524524524,0.31681681681681684,0.4059059059059059,0.0,0.5295295295295295,0.4104104104104104,0.6091091091091091,0.27127127127127126,1.266
0.3763763763763764,0.6616616616616617,0.8868868868868869,0.4144144144144144,0.2022022022022022,0.6916916916916918,0.07457457457457457,0.8453453453453453,0.002002002002002002,0.36686686686686687,0.8488488488488488,0.7222222222222222,0.18468468468468469,0.6151151151151151,0.488988988988989,0.6186186186186187,0.0,0.7087087087087087,0.001001001001001001,0.9604604604604605,0.05855855855855856,1.473
0.37737737737737737,0.3063063063063063,0.7207207207207207,0.924924924924925,0.3708708708708709,0.31231231231231227,0.6716716716716716,0.8983983983983983,0.26376376376376376,0.5825825825825826,0.4519519519519519,0.057057057057057055,0.3388388388388388,0.33733733733733734,0.5590590590590591,0.25625625625625625,0.0,0.7787787787787788,0.8208208208208208,0.8548548548548549,0.4814814814814815,1.345
0.3783783783783784,0.487987987987988,0.3138138138138138,0.6361361361361362,0.4454454454454454,0.5925925925925926,0.2902902902902903,0.4369369369369369,0.21621621621621623,0.9494494494494494,0.47147147147147145,0.8533533533533533,0.7522522522522522,0.1896896896896897,0.1051051051051051,0.5940940940940941,0.0,0.6716716716716717,0.5930930930930931,0.3163163163163163,0.6386386386386387,1.347
0.3793793793793794,0.45145145145145144,0.04654654654654655,0.6486486486486487,0.5860860860860861,0.4339339339339339,0.536036036036036,0.8958958958958959,0.7707707707707706,0.24324324324324326,0.15015015015015015,0.19369369369369369,0.4804804804804805,0.3783783783783784,0.7717717717717718,0.8728728728728729,0.0,0.8323323323323324,0.44744744744744747,0.37787787787787785,0.6626626626626628,1.379
0.3803803803803803,0.09759759759759759,0.04654654654654655,0.996996996996997,0.8113113113113113,0.1006006006006006,0.7562562562562563,0.612112112112112,0.44094094094094094,0.3748748748748749,0.2172172172172172,0.27977977977977975,0.7217217217217218,0.17717717717717718,0.2052052052052052,0.7252252252252251,0.0,0.557057057057057,0.057057057057057055,0.40490490490490494,0.5085085085085086,1.393
0.3813813813813814,0.6851851851851851,0.8373373373373374,0.014014014014014014,0.7757757757757757,0.4474474474474474,0.6306306306306306,0.9314314314314314,0.18068068068068066,0.03303303303303303,0.4924924924924925,0.22022022022022023,0.986986986986987,0.8048048048048049,0.11561561561561562,0.8938938938938938,0.0,0.468968968968969,0.3663663663663663,0.9464464464464464,0.6781781781781782,1.285
0.38238238238238237,0.8313313313313313,0.28378378378378377,0.14714714714714716,0.5565565565565566,0.7517517517517518,0.8143143143143143,0.35135135135135137,0.972972972972973,0.23773773773773774,0.7007007007007007,0.051551551551551555,0.9744744744744744,0.9279279279279278,0.36436436436436437,0.0845845845845846,0.0,0.3213213213213213,0.972972972972973,0.6176176176176176,0.9159159159159159,1.176
0.3833833833833834,0.9144144144144144,0.5665665665665666,0.8758758758758759,0.16016016016016016,0.9009009009009009,0.2902902902902903,0.7557557557557557,0.20370370370370372,0.17117117117117117,0.8193193193193193,0.17317317317317316,0.2902902902902903,0.05455455455455456,0.7047047047047047,0.2127127127127127,0.0,0.34184184184184185,0.464964964964965,0.3983983983983984,0.12862862862862862,1.334
0.3843843843843844,0.3963963963963964,0.48948948948948945,0.05555555555555555,0.5425425425425425,0.05905905905905906,0.8068068068068068,0.8518518518518519,0.957957957957958,0.494994994994995,0.022022022022022022,0.07107107107107107,0.997997997997998,0.4209209209209209,0.003003003003003003,0.8928928928928929,0.0,0.5975975975975976,0.3558558558558559,0.1886886886886887,0.024524524524524523,1.312
0.3853853853853853,0.1136136136136136,0.973973973973974,0.8513513513513513,0.8978978978978976,0.34534534534534533,0.2277277277277277,0.5875875875875876,0.3278278278278278,0.25925925925925924,0.4114114114114114,0.5245245245245245,0.2592592592592593,0.1896896896896897,0.31681681681681684,0.2077077077077077,0.0,0.4419419419419419,0.2042042042042042,0.527027027027027,0.38638638638638634,1.128
0.3863863863863864,0.990990990990991,0.6796796796796797,0.982982982982983,0.5240240240240239,0.4804804804804805,0.2932932932932933,0.7527527527527527,0.23423423423423423,0.5075075075075075,0.8093093093093093,0.498998998998999,0.5685685685685685,0.0985985985985986,0.4924924924924925,0.30980980980980977,0.0,0.0065065065065065065,0.45095095095095095,0.5015015015015015,0.4479479479479479,1.36
0.38738738738738737,0.8378378378378378,0.11911911911911913,0.9119119119119119,0.3008008008008008,0.8278278278278277,0.2977977977977978,0.22572572572572575,0.5980980980980981,0.42492492492492495,0.9329329329329329,0.39239239239239243,0.38738738738738737,0.3048048048048048,0.5295295295295295,0.21571571571571574,0.0,0.43093093093093093,0.43493493493493496,0.3408408408408409,0.6576576576576576,1.095
0.3883883883883884,0.8663663663663663,0.14714714714714716,0.5265265265265265,0.3213213213213213,0.5580580580580581,0.03403403403403403,0.2277277277277277,0.8393393393393394,0.54004004004004,0.48148148148148145,0.25375375375375375,0.10760760760760761,0.2247247247247247,0.6251251251251251,0.1941941941941942,0.0,0.22522522522522523,0.07307307307307308,0.02252252252252252,0.5185185185185185,1.374
0.3893893893893894,0.948948948948949,0.4579579579579579,0.6756756756756757,0.34734734734734735,0.5715715715715716,0.547047047047047,0.13013013013013014,0.7157157157157157,0.9409409409409409,0.16916916916916916,0.08658658658658658,0.5515515515515516,0.4479479479479479,0.7187187187187187,0.32982982982982983,0.0,0.9069069069069069,0.43043043043043044,0.8933933933933933,0.11761761761761762,1.295
0.39039039039039036,0.9449449449449453,0.31931931931931934,0.7062062062062062,0.6921921921921922,0.1866866866866867,0.547047047047047,0.5805805805805806,0.6811811811811812,0.9109109109109109,0.1036036036036036,0.4724724724724725,0.8573573573573574,0.6446446446446447,0.05555555555555555,0.30680680680680683,0.0,0.9179179179179178,0.3008008008008008,0.5430430430430431,0.14414414414414414,1.232
0.3913913913913914,0.3808808808808809,0.5845845845845845,0.992992992992993,0.8898898898898899,0.09109109109109109,0.8278278278278277,0.6891891891891893,0.7277277277277276,0.18068068068068066,0.07307307307307308,0.9304304304304305,0.6861861861861862,0.8443443443443444,0.43993993993993996,0.1841841841841842,0.0,0.6186186186186187,0.09509509509509509,0.48948948948948945,0.8248248248248249,1.118
0.3923923923923924,0.5580580580580581,0.955955955955956,0.36336336336336356,0.1971971971971972,0.8628628628628628,0.17217217217217218,0.36786786786786785,0.3203203203203202,0.2197197197197197,0.8533533533533533,0.44144144144144143,0.474974974974975,0.9529529529529529,0.2617617617617618,0.992992992992993,0.0,0.7047047047047047,0.31931931931931934,0.6421421421421422,0.9169169169169169,1.323
0.3933933933933934,0.7812812812812813,0.10960960960960961,0.6486486486486487,0.4019019019019019,0.7382382382382382,0.08558558558558559,0.26176176176176175,0.38288288288288286,0.7322322322322322,0.6631631631631631,0.40040040040040037,0.8208208208208209,0.23373373373373374,0.35685685685685686,0.07907907907907907,0.0,0.6391391391391392,0.2677677677677678,0.3053053053053053,0.8413413413413413,1.207
0.3943943943943944,0.1836836836836837,0.11161161161161161,0.7672672672672672,0.39539539539539537,0.7757757757757757,0.45645645645645644,0.35535535535535534,0.8568568568568569,0.33483483483483484,0.5760760760760761,0.5045045045045045,0.03803803803803804,0.43593593593593594,0.93993993993994,0.36436436436436437,0.0,0.3813813813813814,0.13013013013013014,0.1136136136136136,0.8483483483483483,1.278
0.39539539539539537,0.3383383383383384,0.9614614614614614,0.7967967967967968,0.7837837837837838,0.3098098098098098,0.7632632632632632,0.7362362362362362,0.56006006006006,0.13963963963963966,0.28978978978978975,0.3813813813813814,0.3688688688688688,0.9424424424424425,0.562062062062062,0.45545545545545546,0.0,0.13263263263263264,0.32332332332332336,0.7577577577577577,0.37987987987987987,1.097
0.3963963963963964,0.5965965965965966,0.7037037037037037,0.3583583583583584,0.996996996996997,0.008008008008008008,0.98998998998999,0.8273273273273274,0.6126126126126126,0.7322322322322322,0.005005005005005005,0.8063063063063063,0.44844844844844844,0.7797797797797797,0.38788788788788786,0.8408408408408408,0.0,0.7352352352352352,0.38788788788788786,0.46596596596596596,0.8538538538538538,1.419
0.3973973973973974,0.4624624624624625,0.1881881881881882,0.6251251251251251,0.8313313313313313,0.6366366366366366,0.3788788788788789,0.41241241241241244,0.6381381381381381,0.2852852852852853,0.5285285285285285,0.8408408408408408,0.4039039039039039,0.973973973973974,0.4574574574574575,0.1046046046046046,0.0,0.7602602602602603,0.2042042042042042,0.35735735735735735,0.5625625625625625,1.382
0.3983983983983984,0.9234234234234233,0.2532532532532532,0.6686686686686687,0.34434434434434436,0.7782782782782782,0.33583583583583587,0.6266266266266267,0.1931931931931932,0.8258258258258258,0.5425425425425425,0.494994994994995,0.97997997997998,0.37537537537537535,0.2202202202202202,0.23173173173173173,0.0,0.9204204204204205,0.06656656656656657,0.5315315315315314,0.7617617617617618,1.454
0.3993993993993994,0.0920920920920921,0.7422422422422423,0.17967967967967968,0.3773773773773774,0.7052052052052051,0.2922922922922923,0.30930930930930933,0.16916916916916916,0.5575575575575575,0.6581581581581581,0.015515515515515516,0.5105105105105106,0.2082082082082082,0.9179179179179179,0.29479479479479476,0.0,0.4824824824824825,0.464964964964965,0.933933933933934,0.515015015015015,1.095
0.40040040040040037,0.8983983983983983,0.998998998998999,0.2582582582582582,0.02052052052052052,0.8868868868868869,0.5995995995995996,0.1946946946946947,0.5545545545545545,0.1961961961961962,0.8698698698698699,0.9324324324324325,0.8028028028028028,0.9934934934934936,0.5145145145145145,0.1971971971971972,0.0,0.06456456456456457,0.9819819819819819,0.4319319319319319,0.8338338338338338,1.205
0.4014014014014014,0.7232232232232232,0.4934934934934935,0.5960960960960962,0.8283283283283283,0.14764764764764765,0.997997997997998,0.7837837837837838,0.4239239239239239,0.1991991991991992,0.3288288288288288,0.4424424424424425,0.6421421421421422,0.2082082082082082,0.6791791791791792,0.983983983983984,0.0,0.03653653653653653,0.9224224224224224,0.7252252252252251,0.9289289289289289,1.199
0.4024024024024024,0.5025025025025025,0.6546546546546546,0.3033033033033033,0.055055055055055056,0.9434434434434434,0.11411411411411412,0.058058058058058054,0.15115115115115116,0.38738738738738737,0.9669669669669669,0.15865865865865866,0.0,0.07757757757757758,0.9904904904904905,0.39789789789789787,0.0,0.6636636636636637,0.6646646646646646,0.8598598598598599,0.8788788788788788,1.113
0.4034034034034034,0.11961961961961962,0.9614614614614614,0.24874874874874875,0.16566566566566565,0.495995995995996,0.7717717717717718,0.2757757757757758,0.9159159159159159,0.11661661661661661,0.3758758758758759,0.4494494494494494,0.495995995995996,0.7417417417417418,0.5645645645645646,0.7977977977977978,0.0,0.6946946946946947,0.8868868868868869,0.8738738738738738,0.8363363363363363,1.127
0.4044044044044044,0.3788788788788789,0.3533533533533534,0.6431431431431431,0.5605605605605606,0.488988988988989,0.41991991991991995,0.5230230230230231,0.15815815815815815,0.39389389389389384,0.7967967967967968,0.7692692692692693,0.7017017017017018,0.6891891891891893,0.6131131131131131,0.26726726726726724,0.0,0.15015015015015015,0.1111111111111111,0.6456456456456456,0.8918918918918919,1.024
0.40540540540540543,0.2862862862862863,0.2912912912912913,0.03653653653653653,0.26976976976976974,0.1966966966966967,0.9289289289289291,0.42742742742742745,0.537037037037037,0.9159159159159159,0.13963963963963966,0.5685685685685686,0.8388388388388388,0.15815815815815815,0.6701701701701701,0.28428428428428426,0.0,0.5035035035035035,0.4804804804804805,0.31231231231231227,0.6756756756756757,1.191
0.4064064064064064,0.4144144144144144,0.16566566566566565,0.8593593593593594,0.5360360360360361,0.5145145145145145,0.6051051051051051,0.31831831831831836,0.8963963963963963,0.04004004004004004,0.3893893893893894,0.11511511511511512,0.25475475475475473,0.23823823823823825,0.5,0.24874874874874875,0.0,0.8518518518518519,0.7802802802802803,0.4379379379379379,0.8288288288288288,1.53
0.4074074074074074,0.6056056056056056,0.3058058058058058,0.047547547547547545,0.032532532532532535,0.8228228228228228,0.03303303303303303,0.529029029029029,0.513013013013013,0.9779779779779779,0.6076076076076076,0.18068068068068066,0.1966966966966967,0.08458458458458458,0.3538538538538538,0.8848848848848849,0.0,0.4214214214214214,0.46996996996997,0.3408408408408409,0.2072072072072072,1.342
0.4084084084084084,0.7162162162162162,0.8723723723723724,0.04204204204204204,0.16016016016016016,0.5885885885885886,0.8093093093093093,0.5355355355355356,0.47097097097097096,0.5880880880880881,0.7847847847847848,0.6461461461461462,0.9154154154154155,0.98998998998999,0.051551551551551555,0.7277277277277278,0.0,0.041541541541541535,0.7857857857857857,0.6556556556556556,0.6611611611611612,1.218
0.4094094094094094,0.7897897897897898,0.4934934934934935,0.7062062062062062,0.4084084084084084,0.24674674674674674,0.8523523523523524,0.21871871871871873,0.7977977977977978,0.9949949949949949,0.2172172172172172,0.40490490490490494,0.9464464464464464,0.24524524524524524,0.26976976976976974,0.1916916916916917,0.0,0.8128128128128128,0.9179179179179179,0.507007007007007,0.20070070070070067,1.281
0.41041041041041043,0.6781781781781782,0.036036036036036036,0.7937937937937938,0.8563563563563563,0.38888888888888884,0.7097097097097097,0.25625625625625625,0.513013013013013,0.8893893893893894,0.24174174174174173,0.42992992992992995,0.3688688688688688,0.2107107107107107,0.7122122122122122,0.34234234234234234,0.0,0.943943943943944,0.8173173173173174,0.473973973973974,0.5365365365365365,1.313
0.4114114114114114,0.943943943943944,0.14714714714714716,0.964964964964965,0.5325325325325325,0.47347347347347346,0.507007007007007,0.6421421421421422,0.6546546546546546,0.3273273273273273,0.3908908908908909,0.3383383383383384,0.46996996996997,0.28228228228228225,0.7967967967967968,0.22822822822822822,0.0,0.7912912912912913,0.6546546546546547,0.7357357357357357,0.6716716716716717,1.228
0.4124124124124124,0.5360360360360361,0.7137137137137137,0.3248248248248248,0.988988988988989,0.02002002002002002,0.8708708708708709,0.8768768768768769,0.481981981981982,0.0870870870870871,0.036036036036036036,0.23023023023023023,0.4094094094094094,0.4279279279279279,0.5725725725725725,0.7192192192192193,0.0,0.3213213213213213,0.7122122122122122,0.37037037037037035,0.26226226226226224,1.479
0.4134134134134134,0.8568568568568569,0.5005005005005005,0.6201201201201201,0.33933933933933935,0.8928928928928929,0.24824824824824826,0.44744744744744747,0.24624624624624625,0.6506506506506506,0.9779779779779779,0.4244244244244244,0.95995995995996,0.7742742742742743,0.017017017017017015,0.7502502502502502,0.0,0.06306306306306306,0.24424424424424424,0.20370370370370372,0.5680680680680681,1.302
0.4144144144144144,0.6196196196196195,0.07357357357357358,0.8798798798798799,0.7657657657657657,0.3483483483483484,0.7187187187187187,0.9144144144144144,0.586086086086086,0.5705705705705706,0.5645645645645645,0.0,0.35785785785785784,0.05455455455455456,0.30980980980980977,0.26726726726726724,0.0,0.9864864864864864,0.5615615615615616,0.08308308308308307,0.7642642642642643,1.329
0.41541541541541543,0.7377377377377378,0.20370370370370372,0.57007007007007,0.549049049049049,0.6036036036036038,0.3768768768768769,0.5585585585585586,0.6496496496496496,0.9254254254254255,0.44344344344344344,0.43343343343343343,0.6721721721721722,0.37537537537537535,0.16916916916916916,0.9349349349349345,0.0,0.8223223223223224,0.33933933933933935,0.7322322322322322,0.45295295295295296,1.293
0.4164164164164164,0.3278278278278278,0.33183183183183185,0.06006006006006006,0.7312312312312312,0.2122122122122122,0.4239239239239239,0.7707707707707707,0.08708708708708708,0.5980980980980981,0.4554554554554554,0.6711711711711712,0.7612612612612613,0.6781781781781782,0.3263263263263263,0.7217217217217218,0.0,0.038538538538538544,0.3303303303303303,0.028028028028028028,0.1866866866866867,1.298
0.4174174174174174,0.8058058058058057,0.23623623623623624,0.3288288288288288,0.478978978978979,0.5775775775775776,0.5960960960960962,0.5655655655655656,0.19069069069069067,0.7182182182182182,0.7657657657657657,0.7147147147147147,0.9069069069069069,0.2212212212212213,0.26976976976976974,0.5315315315315315,0.0,0.1896896896896897,0.1061061061061061,0.6356356356356356,0.4079079079079079,1.337
0.4184184184184184,0.5125125125125125,0.05205205205205205,0.40490490490490494,0.26976976976976974,0.8238238238238238,0.3533533533533534,0.012512512512512512,0.985985985985986,0.6806806806806807,0.7657657657657657,0.7057057057057057,0.5415415415415415,0.9094094094094094,0.07257257257257257,0.5910910910910911,0.0,0.7237237237237237,0.9394394394394394,0.05705705705705706,0.15665665665665668,1.406
0.4194194194194194,0.6781781781781782,0.6096096096096096,0.9514514514514514,0.928928928928929,0.04804804804804805,0.8223223223223224,0.5555555555555556,0.8313313313313313,0.25125125125125125,0.11611611611611611,0.8283283283283283,0.7707707707707705,0.4034034034034034,0.4239239239239239,0.11761761761761762,0.0,0.7392392392392393,0.534034034034034,0.9719719719719719,0.04104104104104104,1.408
0.42042042042042044,0.3508508508508509,0.03453453453453453,0.8368368368368369,0.7912912912912913,0.12162162162162163,0.6281281281281281,0.6561561561561562,0.47697697697697694,0.8833833833833833,0.36186186186186187,0.7087087087087087,0.27477477477477474,0.01951951951951952,0.23323323323323325,0.9049049049049049,0.0,0.7602602602602603,0.1111111111111111,0.45345345345345345,0.08358358358358359,1.32
0.4214214214214214,0.6091091091091091,0.2277277277277277,0.6126126126126126,0.960960960960961,0.19019019019019012,0.7737737737737738,0.6201201201201201,0.5485485485485486,0.33983983983983984,0.1921921921921922,0.5930930930930931,0.8953953953953954,0.8903903903903904,0.007007007007007007,0.5845845845845845,0.0,0.43793793793793795,0.21921921921921922,0.3163163163163163,0.11561561561561562,1.518
0.4224224224224224,0.013013013013013013,0.43993993993993996,0.9139139139139141,0.7607607607607606,0.4519519519519519,0.6146146146146146,0.529029029029029,0.5980980980980981,0.2077077077077077,0.627127127127127,0.24474474474474472,0.6146146146146146,0.9569569569569569,0.29479479479479476,0.45895895895895894,0.0,0.15015015015015015,0.6646646646646646,0.36186186186186187,0.7487487487487487,1.409
0.42342342342342343,0.45145145145145144,0.20370370370370372,0.8063063063063063,0.01001001001001001,0.6026026026026026,0.14814814814814814,0.3808808808808809,0.03403403403403403,0.8618618618618619,0.8878878878878876,0.9769769769769769,0.7252252252252251,0.43993993993993996,0.24024024024024024,0.974974974974975,0.0,0.8463463463463463,0.022022022022022022,0.1766766766766767,0.6881881881881882,1.309
0.4244244244244244,0.04054054054054054,0.24524524524524524,0.4279279279279279,0.07757757757757758,0.8578578578578578,0.15715715715715717,0.12012012012012012,0.7212212212212212,0.9464464464464464,0.8193193193193193,0.30180180180180183,0.8223223223223224,0.25575575575575576,0.12112112112112111,0.9619619619619619,0.0,0.01951951951951952,0.5825825825825826,0.02102102102102102,0.08708708708708708,1.298
0.42542542542542544,0.42842842842842843,0.9729729729729729,0.057057057057057055,0.6686686686686687,0.4289289289289289,0.51001001001001,0.3893893893893894,0.001001001001001001,0.3078078078078078,0.7817817817817818,0.4354354354354354,0.7612612612612613,0.16116116116116116,0.28728728728728725,0.43293293293293295,0.0,0.004004004004004004,0.05555555555555555,0.8358358358358358,0.2567567567567568,1.155
0.4264264264264264,0.3963963963963964,0.7627627627627628,0.514014014014014,0.40540540540540543,0.6291291291291292,0.3818818818818819,0.7677677677677678,0.4179179179179179,0.2147147147147147,0.7607607607607607,0.5855855855855856,0.34184184184184185,0.7592592592592593,0.7212212212212212,0.5010010010010011,0.0,0.05205205205205205,0.07457457457457457,0.5315315315315314,0.8733733733733733,1.245
0.42742742742742745,0.17967967967967968,0.18518518518518517,0.7767767767767768,0.7417417417417418,0.3188188188188188,0.938938938938939,0.06406406406406406,0.7367367367367368,0.8918918918918919,0.11811811811811812,0.34284284284284283,0.4804804804804805,0.06706706706706707,0.8228228228228228,0.9209209209209209,0.0,0.988988988988989,0.7012012012012012,0.6881881881881882,0.5855855855855856,1.249
0.42842842842842843,0.34534534534534533,0.8938938938938938,0.3943943943943944,0.1041041041041041,0.96996996996997,0.009009009009009009,0.8338338338338338,0.48598598598598597,0.2852852852852853,0.9149149149149148,0.9494494494494494,0.22572572572572572,0.3908908908908909,0.4064064064064064,0.8263263263263263,0.0,0.493993993993994,0.12362362362362363,0.6356356356356356,0.6716716716716717,1.4
0.4294294294294294,0.27127127127127126,0.8023023023023023,0.6031031031031031,0.7462462462462462,0.2962962962962963,0.7132132132132132,0.22322322322322322,0.9529529529529529,0.49099099099099097,0.2072072072072072,0.4454454454454454,0.6906906906906907,0.9614614614614614,0.43293293293293295,0.48898898898898896,0.0,0.9314314314314314,0.7802802802802803,0.5105105105105106,0.5365365365365365,1.372
0.43043043043043044,0.6781781781781782,0.17217217217217218,0.4754754754754755,0.09559559559559559,0.8738738738738738,0.4324324324324325,0.02702702702702703,0.7752752752752752,0.5575575575575575,0.627127127127127,0.24224224224224225,0.6081081081081081,0.11611611611611611,0.15515515515515516,0.3733733733733734,0.0,0.6141141141141141,0.4064064064064064,0.6966966966966968,0.2202202202202202,1.556
0.4314314314314314,0.38488488488488487,0.5330330330330331,0.1016016016016016,0.5240240240240239,0.3533533533533534,0.7332332332332332,0.4544544544544544,0.575075075075075,0.4109109109109109,0.35185185185185186,0.3813813813813814,0.9169169169169169,0.6491491491491492,0.06456456456456455,0.44394394394394393,0.0,0.23773773773773774,0.8258258258258258,0.7282282282282282,0.8948948948948948,1.138
0.4324324324324325,0.46846846846846846,0.8663663663663663,0.3943943943943944,0.6566566566566566,0.7187187187187187,0.16316316316316315,0.1946946946946947,0.09259259259259259,0.1041041041041041,0.8518518518518519,0.6191191191191191,0.1021021021021021,0.6751751751751751,0.7457457457457457,0.7797797797797797,0.0,0.3148148148148148,0.04254254254254254,0.4089089089089089,0.8153153153153153,1.261
0.43343343343343343,0.3633633633633634,0.07907907907907907,0.4279279279279279,0.1011011011011011,0.7207207207207206,0.15115115115115116,0.03903903903903904,0.5430430430430431,0.4554554554554554,0.7547547547547547,0.5430430430430431,0.050050050050050046,0.005005005005005005,0.8983983983983983,0.2127127127127127,0.0,0.5755755755755756,0.06406406406406406,0.24874874874874875,0.23673673673673673,1.271
0.4344344344344344,0.9169169169169169,0.8848848848848849,0.44094094094094094,0.3993993993993994,0.8068068068068068,0.3898898898898899,0.003003003003003003,0.8078078078078078,0.17667667667667666,0.5405405405405406,0.05905905905905906,0.6696696696696697,0.7462462462462462,0.08458458458458458,0.31331331331331336,0.0,0.8833833833833834,0.5145145145145145,0.970970970970971,0.9044044044044044,1.011
0.43543543543543545,0.7232232232232232,0.33683683683683685,0.8883883883883883,0.4114114114114114,0.6826826826826827,0.3803803803803803,0.4329329329329329,0.06656656656656657,0.6556556556556556,0.6911911911911912,0.009009009009009009,0.014514514514514514,0.006006006006006006,0.6446446446446445,0.37037037037037035,0.0,0.9459459459459459,0.3613613613613613,0.4504504504504504,0.8048048048048048,1.211
0.4364364364364364,0.7657657657657657,0.1011011011011011,0.013013013013013013,0.7337337337337337,0.7592592592592593,0.17067067067067065,0.13463463463463463,0.525025025025025,0.2542542542542543,0.7982982982982982,0.002002002002002002,0.14464464464464466,0.3138138138138138,0.6051051051051051,0.5285285285285285,0.0,0.5775775775775776,0.026026026026026026,0.8703703703703705,0.24924924924924924,1.342
0.4374374374374374,0.4084084084084084,0.26226226226226224,0.7347347347347348,0.8923923923923924,0.13613613613613612,0.933933933933934,0.4054054054054054,0.39289289289289286,0.6616616616616616,0.08608608608608609,0.26376376376376376,0.9819819819819819,0.6676676676676676,0.014014014014014014,0.8128128128128128,0.0,0.9014014014014013,0.932932932932933,0.6691691691691692,0.7197197197197197,1.264
0.43843843843843844,0.13213213213213212,0.5380380380380381,0.7222222222222222,0.7737737737737738,0.1881881881881882,0.7537537537537538,0.8353353353353353,0.1006006006006006,0.7142142142142143,0.45795795795795796,0.8128128128128128,0.7157157157157157,0.7507507507507507,0.004004004004004004,0.8383383383383383,0.0,0.6916916916916916,0.04604604604604605,0.3278278278278278,0.5855855855855856,1.344
0.4394394394394394,0.08808808808808809,0.5980980980980981,0.40490490490490494,0.7552552552552552,0.14064064064064064,0.7052052052052051,0.4394394394394394,0.8743743743743744,0.9409409409409409,0.13063063063063063,0.13413413413413414,0.3768768768768769,0.6566566566566566,0.14464464464464466,0.953953953953954,0.0,0.33333333333333337,0.9179179179179179,0.9159159159159159,0.35535535535535534,1.374
0.44044044044044045,0.8143143143143143,0.8238238238238238,0.8633633633633633,0.17267267267267267,0.8608608608608609,0.15365365365365363,0.3718718718718719,0.1041041041041041,0.9084084084084083,0.8108108108108109,0.8488488488488488,0.7647647647647647,0.04654654654654655,0.474974974974975,0.01901901901901902,0.0,0.970970970970971,0.3008008008008008,0.5230230230230231,0.0940940940940941,1.218
0.44144144144144143,0.8463463463463463,0.026026026026026026,0.11211211211211211,0.21871871871871873,0.7242242242242243,0.2992992992992993,0.27127127127127126,0.6786786786786787,0.35935935935935936,0.7007007007007007,0.08858858858858859,0.6361361361361362,0.4279279279279279,0.9074074074074074,0.1016016016016016,0.0,0.14714714714714713,0.2927927927927928,0.3983983983983984,0.6511511511511512,1.386
0.4424424424424425,0.43993993993993996,0.9254254254254255,0.7497497497497498,0.7837837837837838,0.3058058058058058,0.3038038038038038,0.8508508508508509,0.12562562562562563,0.4314314314314315,0.34184184184184185,0.8283283283283283,0.8263263263263263,0.7867867867867868,0.12312312312312312,0.6186186186186187,0.0,0.22172172172172172,0.5735735735735736,0.4189189189189189,0.2022022022022022,1.23
0.44344344344344344,0.3258258258258258,0.8608608608608609,0.7552552552552553,0.8198198198198198,0.4904904904904905,0.4994994994994995,0.3808808808808809,0.5315315315315315,0.43843843843843844,0.3323323323323323,0.1041041041041041,0.45545545545545546,0.46446446446446443,0.8353353353353353,0.0845845845845846,0.0,0.9789789789789789,0.8713713713713713,0.34784784784784784,0.2567567567567568,1.282
0.4444444444444444,0.33183183183183185,0.970970970970971,0.0935935935935936,0.8548548548548549,0.7532532532532532,0.44044044044044045,0.5485485485485486,0.33783783783783783,0.2952952952952953,0.8558558558558559,0.991991991991992,0.3993993993993994,0.991991991991992,0.7362362362362362,0.7557557557557557,0.0,0.022022022022022022,0.5790790790790791,0.9059059059059059,0.8588588588588588,1.337
0.44544544544544545,0.3788788788788789,0.8483483483483483,0.7222222222222222,0.07607607607607608,0.8858858858858859,0.062062062062062065,0.5690690690690691,0.18468468468468469,0.38738738738738737,0.9534534534534534,0.4494494494494494,0.5915915915915916,0.04104104104104104,0.3388388388388388,0.5845845845845845,0.0,0.5445445445445445,0.24724724724724723,0.2172172172172172,0.3238238238238238,1.254
0.44644644644644643,0.03203203203203203,0.6061061061061062,0.3793793793793794,0.9109109109109109,0.05205205205205205,0.7967967967967968,0.6806806806806807,0.28128128128128127,0.5430430430430431,0.05655655655655656,0.9069069069069069,0.21521521521521522,0.8013013013013013,0.3998998998998999,0.42342342342342343,0.0,0.31831831831831836,0.1111111111111111,0.5315315315315314,0.1866866866866867,1.15
0.4474474474474474,0.8108108108108109,0.37037037037037035,0.9049049049049049,0.6081081081081081,0.5210210210210211,0.6686686686686687,0.1111111111111111,0.39289289289289286,0.4554554554554554,0.35835835835835833,0.44344344344344344,0.992992992992993,0.2277277277277277,0.06006006006006006,0.35435435435435436,0.0,0.8663663663663663,0.3533533533533534,0.2197197197197197,0.29179179179179177,1.329
0.44844844844844844,0.37537537537537535,0.7937937937937938,0.26976976976976974,0.8333333333333333,0.3843843843843844,0.4544544544544544,0.19769769769769768,0.5235235235235235,0.2127127127127127,0.552052052052052,0.026526526526526525,0.94994994994995,0.6261261261261262,0.28728728728728725,0.9019019019019019,0.0,0.5395395395395396,0.1006006006006006,0.986986986986987,0.3823823823823824,1.204
0.4494494494494494,0.2172172172172172,0.8113113113113113,0.7837837837837838,0.9629629629629629,0.14764764764764765,0.8558558558558559,0.3603603603603603,0.9844844844844844,0.4089089089089089,0.17867867867867868,0.001001001001001001,0.7157157157157157,0.3138138138138138,0.33333333333333337,0.6551551551551551,0.0,0.5005005005005005,0.6241241241241241,0.5925925925925926,0.983983983983984,0.969
0.45045045045045046,0.017017017017017015,0.7562562562562563,0.44344344344344344,0.7262262262262262,0.40240240240240244,0.6091091091091092,0.6266266266266267,0.08158158158158157,0.1021021021021021,0.5900900900900901,0.7867867867867868,0.587087087087087,0.32582582582582587,0.7292292292292293,0.4814814814814815,0.0,0.027527527527527528,0.2042042042042042,0.8533533533533533,0.21671671671671672,1.243
0.45145145145145144,0.963963963963964,0.5505505505505506,0.3103103103103103,0.28378378378378377,0.484984984984985,0.7222222222222222,0.9169169169169169,0.4984984984984985,0.5075075075075075,0.43793793793793795,0.7722722722722724,0.17717717717717718,0.7462462462462462,0.7252252252252251,0.9259259259259259,0.0,0.15015015015015015,0.14464464464464466,0.23573573573573575,0.6486486486486487,1.136
0.4524524524524525,0.31681681681681684,0.6316316316316316,0.5445445445445445,0.11461461461461461,0.973973973973974,0.44994994994994997,0.42742742742742745,0.9249249249249251,0.6696696696696696,0.955955955955956,0.45645645645645644,0.33483483483483484,0.5805805805805806,0.028528528528528527,0.9244244244244244,0.0,0.7912912912912913,0.28728728728728725,0.8023023023023023,0.9334334334334334,1.419
0.45345345345345345,0.9469469469469469,0.4579579579579579,0.8388388388388388,0.27977977977977975,0.8668668668668669,0.23773773773773774,0.1996996996996997,0.4454454454454454,0.527027027027027,0.7767767767767768,0.15465465465465467,0.04604604604604605,0.4034034034034034,0.8698698698698699,0.03153153153153153,0.0,0.9369369369369369,0.45495495495495497,0.6221221221221221,0.9769769769769769,1.353
0.4544544544544544,0.02002002002002002,0.4934934934934935,0.9844844844844844,0.7492492492492493,0.552052052052052,0.7132132132132132,0.2757757757757758,0.586086086086086,0.938938938938939,0.6286286286286287,0.32232232232232233,0.31981981981981983,0.483983983983984,0.3063063063063063,0.9769769769769769,0.0,0.5610610610610611,0.9684684684684685,0.8068068068068068,0.8638638638638638,0.917
0.45545545545545546,0.12912912912912913,0.6956956956956957,0.35435435435435436,0.8808808808808809,0.1891891891891892,0.8018018018018018,0.37537537537537535,0.8513513513513513,0.8028028028028028,0.04604604604604605,0.622122122122122,0.3833833833833834,0.3078078078078078,0.12112112112112111,0.997997997997998,0.0,0.9014014014014013,0.974974974974975,0.6726726726726726,0.6296296296296297,1.334
0.45645645645645644,0.5025025025025025,0.980980980980981,0.7577577577577576,0.9124124124124124,0.11911911911911911,0.6621621621621621,0.9364364364364364,0.014514514514514514,0.45245245245245247,0.5240240240240239,0.9469469469469469,0.22122122122122123,0.7772772772772772,0.4629629629629629,0.6146146146146146,0.0,0.3148148148148148,0.4264264264264264,0.8428428428428428,0.3993993993993994,1.213
0.4574574574574574,0.9819819819819819,0.2077077077077077,0.519019019019019,0.2092092092092092,0.8158158158158157,0.488988988988989,0.15665665665665668,0.4114114114114114,0.5575575575575575,0.7817817817817818,0.17767767767767767,0.24024024024024024,0.476976976976977,0.40990990990990994,0.47147147147147145,0.0,0.6141141141141141,0.45895895895895894,0.06406406406406406,0.9169169169169169,1.062
0.45845845845845845,0.40490490490490494,0.3818818818818819,0.8608608608608609,0.026526526526526525,0.6936936936936937,0.4034034034034034,0.24724724724724725,0.8688688688688688,0.8618618618618619,0.4924924924924925,0.19369369369369369,0.33183183183183185,0.058058058058058054,0.3363363363363363,0.20020020020020018,0.0,0.975975975975976,0.9624624624624625,0.4244244244244244,0.5235235235235235,1.256
0.4594594594594595,0.8253253253253253,0.5910910910910911,0.10810810810810811,0.5290290290290289,0.17417417417417416,0.7317317317317318,0.6421421421421422,0.23223223223223222,0.5980980980980981,0.12512512512512514,0.25725725725725723,0.34484484484484484,0.7032032032032032,0.7667667667667668,0.13863863863863862,0.0,0.8663663663663663,0.6416416416416416,0.9644644644644644,0.6656656656656657,1.368
0.46046046046046046,0.6371371371371372,0.27477477477477474,0.015015015015015015,0.95995995995996,0.14614614614614616,0.9109109109109109,0.8228228228228228,0.8488488488488488,0.03653653653653653,0.15715715715715717,0.032532532532532535,0.8573573573573574,0.5195195195195195,0.9629629629629629,0.1916916916916917,0.0,0.3763763763763764,0.9249249249249251,0.7062062062062062,0.1866866866866867,1.18
0.46146146146146144,0.5295295295295295,0.0915915915915916,0.011011011011011011,0.35685685685685686,0.6381381381381381,0.3153153153153153,0.15165165165165168,0.56006006006006,0.38288288288288286,0.7247247247247247,0.11911911911911913,0.33683683683683685,0.5990990990990991,0.2202202202202202,0.6611611611611612,0.0,0.5240240240240239,0.5545545545545545,0.7127127127127126,0.1101101101101101,1.236
0.46246246246246253,0.07657657657657657,0.3898898898898899,0.36936936936936937,0.11811811811811812,0.8908908908908909,0.09159159159159158,0.33333333333333337,0.3278278278278278,0.5575575575575575,0.8448448448448448,0.7837837837837838,0.5915915915915916,0.31731731731731727,0.1101101101101101,0.37037037037037035,0.0,0.36236236236236236,0.3163163163163163,0.9214214214214214,0.03903903903903904,1.388
0.46346346346346345,0.2927927927927928,0.7657657657657657,0.617117117117117,0.09559559559559559,0.996996996996997,0.002002002002002002,0.06706706706706707,0.6786786786786787,0.27127127127127126,0.990990990990991,0.9459459459459459,0.56006006006006,0.5435435435435435,0.6836836836836837,0.03153153153153153,0.0,0.0985985985985986,0.05855855855855856,0.7437437437437437,0.31681681681681684,1.315
0.4644644644644645,0.9514514514514514,0.8373373373373374,0.1766766766766767,0.4914914914914915,0.6581581581581581,0.2262262262262263,0.24724724724724725,0.9064064064064064,0.12012012012012012,0.5785785785785786,0.7577577577577578,0.5195195195195195,0.565065065065065,0.41241241241241244,0.7052052052052051,0.0,0.04804804804804805,0.9489489489489489,0.39239239239239243,0.02852852852852853,1.173
0.46546546546546547,0.9649649649649651,0.18518518518518517,0.050050050050050046,0.8283283283283283,0.13513513513513514,0.6226226226226226,0.5585585585585586,0.7977977977977978,0.27627627627627627,0.1881881881881882,0.478978978978979,0.6331331331331331,0.2987987987987988,0.9124124124124124,0.8118118118118118,0.0,0.6081081081081081,0.3163163163163163,0.8233233233233233,0.05455455455455456,1.383
0.46646646646646645,0.14764764764764765,0.43993993993993996,0.09059059059059059,0.3613613613613613,0.8518518518518519,0.6391391391391392,0.16916916916916916,0.7927927927927928,0.33483483483483484,0.8003003003003002,0.42992992992992995,0.0845845845845846,0.30230230230230226,0.4169169169169169,0.7622622622622623,0.0,0.4824824824824825,0.9394394394394394,0.8443443443443444,0.7977977977977978,1.167
0.4674674674674674,0.8558558558558559,0.8998998998998999,0.12962962962962965,0.8183183183183182,0.06956956956956957,0.9664664664664664,0.5690690690690691,0.31231231231231227,0.7722722722722722,0.07607607607607608,0.25375375375375375,0.9119119119119119,0.532032032032032,0.5765765765765766,0.9569569569569569,0.0,0.3688688688688689,0.7072072072072072,0.6966966966966968,0.6356356356356356,1.173
0.46846846846846846,0.23823823823823825,0.053553553553553554,0.6786786786786787,0.35685685685685686,0.7937937937937938,0.15715715715715717,0.3718718718718719,0.8338338338338338,0.26726726726726724,0.6466466466466468,0.7057057057057057,0.20070070070070067,0.9329329329329329,0.2147147147147147,0.4724724724724725,0.0,0.7182182182182182,0.06806806806806806,0.35435435435435436,0.7157157157157157,1.319
0.4694694694694695,0.7092092092092093,0.7137137137137137,0.5025025025025025,0.10960960960960961,0.9269269269269269,0.1816816816816817,0.035035035035035036,0.5910910910910911,0.3303303303303303,0.8678678678678676,0.5830830830830831,0.5575575575575575,0.6931931931931932,0.10760760760760761,0.5655655655655656,0.0,0.5680680680680681,0.2967967967967968,0.3733733733733734,0.3513513513513513,1.172
0.47047047047047047,0.38488488488488487,0.14464464464464466,0.3103103103103103,0.9769769769769769,0.050050050050050046,0.6896896896896897,0.7777777777777777,0.6971971971971972,0.5045045045045045,0.029029029029029027,0.7827827827827828,0.028028028028028028,0.4314314314314315,0.8863863863863863,0.23923923923923923,0.0,0.4339339339339339,0.9239239239239242,0.13063063063063063,0.36736736736736736,1.209
0.47147147147147145,0.18768768768768768,0.28378378378378377,0.9324324324324325,0.46996996996997,0.45045045045045046,0.5595595595595596,0.8508508508508509,0.5545545545545545,0.8258258258258258,0.6301301301301301,0.18518518518518517,0.7682682682682682,0.25575575575575576,0.2582582582582582,0.5530530530530531,0.0,0.34634634634634637,0.3913913913913914,0.5615615615615616,0.527027027027027,1.202
0.47247247247247254,0.9209209209209209,0.6546546546546546,0.7347347347347348,0.14814814814814814,0.6556556556556556,0.7687687687687688,0.23523523523523523,0.6051051051051051,0.968968968968969,0.45945945945945943,0.12762762762762764,0.7452452452452452,0.6566566566566566,0.5965965965965966,0.7167167167167167,0.0,0.30180180180180183,0.8523523523523524,0.6091091091091091,0.8638638638638638,1.14
0.47347347347347346,0.7052052052052051,0.2532532532532532,0.7717717717717718,0.4239239239239239,0.6656656656656657,0.4179179179179179,0.2057057057057057,0.24224224224224222,0.9214214214214214,0.562062062062062,0.2172172172172172,0.35135135135135137,0.2147147147147147,0.26576576576576577,0.622122122122122,0.0,0.6591591591591592,0.5615615615615616,0.07257257257257257,0.2842842842842843,1.326
0.4744744744744745,0.12762762762762764,0.7937937937937938,0.4194194194194194,0.516016016016016,0.5975975975975976,0.5245245245245245,0.46596596596596596,0.10810810810810811,0.45995995995996,0.6256256256256256,0.31831831831831836,0.4189189189189189,0.2912912912912913,0.062062062062062065,0.14464464464464466,0.0,0.8028028028028027,0.8868868868868869,0.2987987987987988,0.6266266266266266,1.09
0.4754754754754755,0.3808808808808809,0.45095095095095095,0.052552552552552555,0.8213213213213213,0.06406406406406406,0.7967967967967968,0.8643643643643644,0.28128128128128127,0.31431431431431434,0.07757757757757758,0.09759759759759759,0.8223223223223224,0.4134134134134134,0.31681681681681684,0.37537537537537535,0.0,0.3078078078078078,0.545045045045045,0.5675675675675675,0.17367367367367367,1.255
0.47647647647647645,0.5645645645645645,0.19769769769769768,0.8493493493493494,0.07207207207207207,0.8068068068068068,0.25225225225225223,0.4229229229229229,0.5485485485485486,0.9184184184184183,0.8153153153153153,0.24774774774774777,0.4039039039039039,0.46446446446446443,0.1971971971971972,0.4264264264264264,0.0,0.493993993993994,0.3788788788788789,0.15565565565565564,0.27627627627627627,1.208
0.47747747747747743,0.7287287287287287,0.3058058058058058,0.8663663663663663,0.2632632632632632,0.8833833833833833,0.04204204204204204,0.7597597597597597,0.13513513513513514,0.36686686686686687,0.9044044044044044,0.9519519519519519,0.007007007007007007,0.6086086086086087,0.994994994994995,0.30980980980980977,0.0,0.15715715715715717,0.12362362362362363,0.015015015015015015,0.07207207207207207,1.445
0.47847847847847846,0.517017017017017,0.8638638638638638,0.8203203203203203,0.4664664664664665,0.8813813813813813,0.029029029029029027,0.15865865865865864,0.1041041041041041,0.35535535535535534,0.8728728728728729,0.8488488488488488,0.1941941941941942,0.16116116116116116,0.3923923923923924,0.5045045045045045,0.0,0.8598598598598599,0.08058058058058058,0.8138138138138138,0.14964964964964966,1.314
0.4794794794794795,0.4934934934934935,0.40040040040040037,0.5265265265265265,0.37487487487487486,0.48698698698698695,0.6751751751751751,0.6536536536536537,0.28728728728728725,0.8258258258258258,0.3253253253253253,0.7547547547547547,0.8353353353353353,0.014014014014014014,0.3063063063063063,0.5635635635635635,0.0,0.552052052052052,0.2767767767767768,0.5895895895895895,0.5210210210210211,1.262
0.4804804804804805,0.16816816816816815,0.5980980980980981,0.3843843843843844,0.997997997997998,0.011011011011011011,0.9879879879879879,0.993993993993994,0.6176176176176176,0.5230230230230231,0.017517517517517518,0.5295295295295295,0.8488488488488488,0.7907907907907907,0.29979979979979976,0.9644644644644644,0.0,0.16316316316316315,0.4864864864864865,0.8833833833833834,0.39289289289289286,1.307
0.48148148148148145,0.3963963963963964,0.5505505505505506,0.07707707707707709,0.5,0.22122122122122123,0.7952952952952952,0.6831831831831832,0.6381381381381381,0.25925925925925924,0.23423423423423423,0.8233233233233233,0.537037037037037,0.39739739739739743,0.38788788788788786,0.5925925925925926,0.0,0.3113113113113113,0.6381381381381381,0.24374374374374375,0.43993993993993996,1.286
0.48248248248248254,0.7742742742742743,0.4159159159159159,0.13213213213213212,0.16566566566566565,0.9524524524524525,0.14514514514514515,0.13763763763763764,0.9029029029029029,0.1991991991991992,0.7942942942942943,0.494994994994995,0.5045045045045045,0.34434434434434436,0.8523523523523524,0.08708708708708708,0.0,0.6141141141141141,0.5180180180180181,0.39539539539539537,0.43993993993993996,1.238
0.48348348348348347,0.15815815815815815,0.6136136136136137,0.08558558558558559,0.12062062062062062,0.8908908908908909,0.04504504504504504,0.1886886886886887,0.2692692692692693,0.6831831831831832,0.7062062062062062,0.005005005005005005,0.16166166166166165,0.1896896896896897,0.6486486486486487,0.9129129129129129,0.0,0.30180180180180183,0.497997997997998,0.9819819819819819,0.4179179179179179,1.102
0.4844844844844845,0.1946946946946947,0.053553553553553554,0.24224224224224222,0.4204204204204204,0.8868868868868869,0.08408408408408413,0.24924924924924924,0.9179179179179179,0.35535535535535534,0.582082082082082,0.035035035035035036,0.5790790790790791,0.12212212212212212,0.6406406406406406,0.2867867867867868,0.0,0.8678678678678677,0.7617617617617618,0.2172172172172172,0.8893893893893894,1.147
0.4854854854854855,0.19069069069069067,0.9309309309309309,0.8008008008008007,0.5715715715715716,0.33433433433433435,0.5940940940940941,0.4369369369369369,0.0065065065065065065,0.6351351351351351,0.6656656656656657,0.965965965965966,0.7882882882882882,0.38788788788788786,0.011511511511511512,0.8628628628628628,0.0,0.957957957957958,0.3273273273273273,0.6006006006006006,0.9234234234234234,1.18
0.4864864864864865,0.7472472472472472,0.9019019019019019,0.3613613613613613,0.032532532532532535,0.9269269269269269,0.536036036036036,0.09009009009009009,0.3533533533533534,0.6556556556556556,0.7847847847847848,0.6876876876876876,0.93993993993994,0.974974974974975,0.2127127127127127,0.05755755755755755,0.0,0.7997997997997998,0.494994994994995,0.9464464464464464,0.9964964964964964,1.083
0.48748748748748744,0.8833833833833833,0.15365365365365363,0.7637637637637638,0.8613613613613613,0.15965965965965967,0.9019019019019019,0.7867867867867868,0.8463463463463463,0.5765765765765766,0.07457457457457457,0.7692692692692693,0.943943943943944,0.9094094094094094,0.011511511511511512,0.15815815815815815,0.0,0.6576576576576576,0.08808808808808809,0.4964964964964965,0.5955955955955956,1.453
0.48848848848848847,0.18518518518518515,0.6546546546546546,0.8048048048048048,0.3173173173173173,0.3513513513513513,0.4754754754754755,0.9544544544544544,0.6596596596596596,0.34784784784784784,0.2842842842842843,0.7612612612612613,0.5655655655655656,0.7627627627627628,0.24774774774774774,0.988988988988989,0.0,0.2682682682682683,0.21921921921921922,0.8068068068068068,0.16016016016016016,1.317
0.4894894894894895,0.13763763763763764,0.482982982982983,0.8963963963963963,0.8063063063063063,0.25925925925925924,0.5630630630630631,0.7707707707707707,0.4529529529529529,0.7227227227227226,0.23073073073073075,0.2757757757757758,0.06706706706706705,0.0915915915915916,0.45145145145145144,0.975975975975976,0.0,0.5375375375375375,0.9209209209209209,0.5925925925925926,0.10810810810810811,1.238
0.4904904904904905,0.4469469469469469,0.4754754754754755,0.37287287287287285,0.4039039039039039,0.5155155155155156,0.21421421421421422,0.5915915915915916,0.3763763763763764,0.532032032032032,0.8568568568568569,0.24224224224224225,0.26926926926926925,0.3943943943943944,0.986986986986987,0.07507507507507508,0.0,0.4214214214214214,0.3583583583583584,0.549049049049049,0.026026026026026026,1.22
0.4914914914914915,0.6296296296296295,0.8968968968968969,0.7552552552552553,0.0915915915915916,0.9289289289289289,0.13013013013013014,0.05405405405405406,0.9894894894894894,0.7587587587587588,0.6496496496496497,0.5405405405405406,0.6616616616616616,0.9069069069069069,0.3038038038038038,0.23323323323323322,0.0,0.6556556556556556,0.17867867867867868,0.8913913913913913,0.30930930930930933,1.231
0.49249249249249255,0.40140140140140135,0.5265265265265265,0.38788788788788786,0.4019019019019019,0.33233233233233234,0.7782782782782782,0.0995995995995996,0.2577577577577578,0.35535535535535534,0.37037037037037035,0.9029029029029029,0.6006006006006006,0.6391391391391392,0.17817817817817816,0.18018018018018017,0.0,0.36236236236236236,0.28978978978978975,0.08308308308308307,0.7222222222222222,1.357
0.4934934934934935,0.47847847847847846,0.5530530530530531,0.6391391391391392,0.2887887887887888,0.7877877877877878,0.12762762762762764,0.5135135135135135,0.08508508508508508,0.7722722722722722,0.9024024024024024,0.04504504504504504,0.9119119119119119,0.38788788788788786,0.8278278278278278,0.05255255255255255,0.0,0.26126126126126126,0.30730730730730726,0.12212212212212212,0.48948948948948945,1.217
0.4944944944944945,0.7332332332332332,0.08758758758758758,0.12162162162162163,0.06306306306306306,0.958958958958959,0.33583583583583587,0.2757757757757758,0.7212212212212212,0.5825825825825826,0.9379379379379378,0.23623623623623624,0.9094094094094094,0.8338338338338338,0.524024024024024,0.2022022022022022,0.0,0.468968968968969,0.13713713713713713,0.7652652652652652,0.35935935935935936,1.219
0.4954954954954955,0.038538538538538544,0.40240240240240244,0.9914914914914914,0.9329329329329329,0.028028028028028028,0.9059059059059059,0.9119119119119119,0.22372372372372373,0.4149149149149149,0.06606606606606606,0.48248248248248254,0.05205205205205205,0.32582582582582587,0.8668668668668669,0.948948948948949,0.0,0.7527527527527527,0.44744744744744747,0.48098098098098097,0.45295295295295296,1.264
0.4964964964964965,0.8313313313313313,0.2552552552552553,0.3103103103103103,0.04704704704704705,1.0,0.01001001001001001,0.08408408408408408,0.7212212212212212,0.15115115115115116,0.995995995995996,0.04654654654654655,0.14314314314314314,0.4209209209209209,0.1831831831831832,0.04804804804804805,0.0,0.8783783783783784,0.4864864864864865,0.5380380380380381,0.551051051051051,1.24
0.49749749749749744,0.22872872872872874,0.1941941941941942,0.9359359359359359,0.41491491491491495,0.5345345345345345,0.3383383383383383,0.7947947947947948,0.8243243243243243,0.5765765765765766,0.56006006006006,0.07507507507507508,0.6211211211211212,0.5355355355355356,0.23323323323323325,0.24674674674674674,0.0,0.13013013013013014,0.19019019019019018,0.20870870870870872,0.2202202202202202,1.246
0.4984984984984985,0.17967967967967968,0.2912912912912913,0.552052052052052,0.23373373373373374,0.642142142142142,0.585085085085085,0.3583583583583584,0.9179179179179179,0.532032032032032,0.6056056056056056,0.0995995995995996,0.495995995995996,0.565065065065065,0.7437437437437437,0.9189189189189189,0.0,0.17817817817817816,0.7577577577577577,0.060560560560560556,0.3823823823823824,1.202
0.4994994994994995,0.11761761761761762,0.7562562562562563,0.35435435435435436,0.5345345345345345,0.15965965965965967,0.7447447447447447,0.5430430430430431,0.519019019019019,0.22322322322322324,0.2912912912912913,0.9449449449449451,0.5705705705705706,0.8948948948948948,0.8733733733733733,0.4304304304304304,0.0,0.15365365365365363,0.9154154154154155,0.35735735735735735,0.12012012012012012,1.267
0.5005005005005004,0.8463463463463463,0.06106106106106106,0.8798798798798799,0.9089089089089089,0.18468468468468469,0.4914914914914916,0.42542542542542544,0.995995995995996,0.12262262262262263,0.03903903903903904,0.494994994994995,0.7432432432432432,0.6351351351351351,0.041541541541541535,0.3793793793793794,0.0,0.8323323323323324,0.5280280280280281,0.0970970970970971,0.015515515515515516,1.611
0.5015015015015015,0.9304304304304305,0.8348348348348348,0.44344344344344344,0.6621621621621621,0.2027027027027027,0.7487487487487487,0.943943943943944,0.6886886886886887,0.8103103103103103,0.22072072072072071,0.26376376376376376,0.6266266266266267,0.4279279279279279,0.7887887887887888,0.5885885885885886,0.0,0.3263263263263263,0.9179179179179179,0.4089089089089089,0.12512512512512514,1.307
0.5025025025025025,0.1836836836836837,0.990990990990991,0.7447447447447448,0.9164164164164164,0.06156156156156156,0.980980980980981,0.9349349349349347,0.7137137137137137,0.1011011011011011,0.03003003003003003,0.5245245245245245,0.3863863863863864,0.7552552552552553,0.25575575575575576,0.46996996996997,0.0,0.08208208208208209,0.998998998998999,0.5230230230230231,0.9204204204204205,1.157
0.5035035035035035,0.25375375375375375,0.16816816816816815,0.28228228228228225,0.8513513513513513,0.1036036036036036,0.8163163163163163,0.9779779779779779,0.022022022022022022,0.9674674674674675,0.31731731731731727,0.7297297297297297,0.993993993993994,0.5990990990990991,0.3283283283283283,0.8808808808808809,0.0,0.44994994994994997,0.12762762762762764,0.22422422422422422,0.3893893893893894,1.462
0.5045045045045046,0.9324324324324325,0.7752752752752753,0.3033033033033033,0.044044044044044044,0.7337337337337337,0.39239239239239243,0.6101101101101101,0.9464464464464464,0.7057057057057057,0.7567567567567568,0.6826826826826826,0.8928928928928929,0.3113113113113113,0.23323323323323325,0.5185185185185185,0.0,0.2757757757757758,0.2652652652652653,0.8213213213213213,0.7097097097097097,1.082
0.5055055055055054,0.6411411411411412,0.43293293293293295,0.5265265265265265,0.978978978978979,0.09109109109109109,0.995995995995996,0.8983983983983983,0.5345345345345345,0.546046046046046,0.025025025025025023,0.7452452452452452,0.7017017017017018,0.6606606606606606,0.2972972972972973,0.6136136136136137,0.0,0.993993993993994,0.3613613613613613,0.4319319319319319,0.990990990990991,1.056
0.5065065065065065,0.7352352352352352,0.6231231231231231,0.08008008008008008,0.8283283283283283,0.16466466466466467,0.9169169169169169,0.6046046046046046,0.5575575575575575,0.7427427427427428,0.20520520520520522,0.1836836836836837,0.9154154154154155,0.25575575575575576,0.6791791791791792,0.23173173173173173,0.0,0.33683683683683685,0.7642642642642643,0.8233233233233233,0.27127127127127126,1.234
0.5075075075075075,0.34534534534534533,0.5875875875875876,0.4254254254254254,0.1266266266266266,0.5775775775775776,0.6166166166166166,0.8393393393393394,0.5645645645645645,0.6226226226226226,0.6551551551551551,0.45645645645645644,0.26426426426426425,0.45945945945945943,0.6131131131131131,0.5695695695695696,0.0,0.27177177177177175,0.958958958958959,0.6281281281281281,0.4154154154154154,1.292
0.5085085085085085,0.6336336336336337,0.3763763763763764,0.3818818818818819,0.06956956956956957,0.8268268268268268,0.2702702702702703,0.1996996996996997,0.6126126126126126,0.7722722722722722,0.562062062062062,0.6996996996996997,0.3688688688688688,0.476976976976977,0.24774774774774774,0.22822822822822822,0.0,0.8623623623623624,0.474974974974975,0.6146146146146146,0.2107107107107107,1.47
0.5095095095095096,0.4169169169169169,0.9124124124124124,0.6931931931931932,0.13413413413413414,0.9434434434434434,0.37287287287287285,0.44494494494494496,0.44894894894894893,0.6861861861861862,0.9694694694694694,0.6711711711711712,0.7217217217217218,0.2742742742742743,0.9104104104104105,0.48898898898898896,0.0,0.0945945945945946,0.9624624624624625,0.35935935935935936,0.6151151151151151,1.194
0.5105105105105104,0.6561561561561562,0.20070070070070067,0.2022022022022022,0.2742742742742743,0.6226226226226226,0.07807807807807808,0.5925925925925926,0.6596596596596596,0.07257257257257257,0.477977977977978,0.36736736736736736,0.45245245245245247,0.36786786786786785,0.45145145145145144,0.23023023023023023,0.0,0.28978978978978975,0.37037037037037035,0.22172172172172172,0.0,1.179
0.5115115115115115,0.17267267267267267,0.5845845845845845,0.07057057057057056,0.1886886886886887,0.5115115115115115,0.32182182182182184,0.8378378378378377,0.3078078078078078,0.22622622622622623,0.44844844844844844,0.6551551551551551,0.8523523523523524,0.13263263263263264,0.6791791791791792,0.6911911911911912,0.0,0.20370370370370372,0.8348348348348348,0.47097097097097096,0.31681681681681684,1.037
0.5125125125125125,0.27627627627627627,0.6761761761761762,0.14164164164164164,0.3088088088088088,0.6851851851851851,0.2592592592592593,0.31231231231231227,0.42842842842842843,0.8318318318318318,0.8053053053053053,0.1041041041041041,0.23473473473473472,0.11761761761761762,0.7887887887887888,0.4844844844844845,0.0,0.16966966966966968,0.5990990990990991,0.8403403403403403,0.1041041041041041,1.376
0.5135135135135135,0.5680680680680681,0.8373373373373374,0.03203203203203203,0.9429429429429429,0.19269269269269268,0.9029029029029029,0.7737737737737738,0.487987987987988,0.3303303303303303,0.3833833833833834,0.487987987987988,0.48948948948948945,0.4134134134134134,0.8353353353353353,0.6056056056056056,0.0,0.33333333333333337,0.45495495495495497,0.9584584584584585,0.6656656656656657,1.195
0.5145145145145145,0.8463463463463463,0.5630630630630631,0.27427427427427425,0.009009009009009009,0.9079079079079079,0.3038038038038038,0.0980980980980981,0.955955955955956,0.7837837837837838,0.6246246246246246,0.6191191191191191,0.970970970970971,0.8363363363363363,0.03803803803803804,0.0940940940940941,0.0,0.6636636636636637,0.6751751751751751,0.48948948948948945,0.8588588588588588,1.261
0.5155155155155156,0.7232232232232232,0.6836836836836837,0.6086086086086087,0.43743743743743746,0.3998998998998999,0.6996996996996997,0.5195195195195195,0.7927927927927928,0.9914914914914914,0.34934934934934936,0.8388388388388388,0.7287287287287287,0.5575575575575575,0.5175175175175175,0.549049049049049,0.0,0.7312312312312312,0.24224224224224222,0.8023023023023023,0.45695695695695693,1.4
0.5165165165165165,0.5680680680680681,0.5005005005005005,0.3103103103103103,0.7757757757757757,0.24374374374374375,0.36286286286286284,0.8228228228228228,0.15315315315315314,0.5075075075075075,0.30180180180180183,0.4214214214214214,0.4244244244244244,0.35435435435435436,0.3798798798798799,0.25875875875875876,0.0,0.13613613613613618,0.047547547547547545,0.5040040040040039,0.6656656656656657,1.434
0.5175175175175175,0.7682682682682682,0.032532532532532535,0.47297297297297297,0.8368368368368369,0.38888888888888884,0.7507507507507507,0.34434434434434436,0.8878878878878879,0.48698698698698695,0.16466466466466467,0.15865865865865866,0.918918918918919,0.9224224224224224,0.3798798798798799,0.023023023023023025,0.0,0.996996996996997,0.7192192192192193,0.1136136136136136,0.9264264264264264,1.355
0.5185185185185185,0.17567567567567566,0.16816816816816815,0.51001001001001,0.3613613613613613,0.5395395395395397,0.567067067067067,0.17467467467467468,0.7367367367367368,0.2197197197197197,0.4924924924924925,0.7992992992992993,0.990990990990991,0.9449449449449452,0.024524524524524523,0.9074074074074074,0.0,0.9059059059059059,0.7802802802802803,0.3103103103103103,0.9314314314314314,1.412
0.5195195195195195,0.035035035035035036,0.04854854854854855,0.6896896896896897,0.8138138138138138,0.22372372372372373,0.5390390390390389,0.7927927927927928,0.47697697697697694,0.2912912912912913,0.3048048048048048,0.46396396396396394,0.011011011011011011,0.6306306306306306,0.7212212212212212,0.7217217217217218,0.0,0.33333333333333337,0.6586586586586587,0.8518518518518519,0.19519519519519518,1.393
0.5205205205205206,0.5605605605605606,0.6491491491491492,0.47947947947947944,0.3833833833833834,0.3998998998998999,0.9359359359359359,0.0995995995995996,0.552052052052052,0.04254254254254254,0.4519519519519519,0.9789789789789789,0.45245245245245247,0.9634634634634635,0.8198198198198199,0.5765765765765766,0.0,0.527027027027027,0.45495495495495497,0.10510510510510511,0.991991991991992,1.178
0.5215215215215215,0.23473473473473472,0.5135135135135135,0.8008008008008007,0.9219219219219219,0.24924924924924924,0.7717717717717718,0.47447447447447444,0.8798798798798799,0.4109109109109109,0.1881881881881882,0.12762762762762764,0.9229229229229229,0.953953953953954,0.25075075075075076,0.24374374374374375,0.0,0.4419419419419419,0.8088088088088088,0.9169169169169169,0.2202202202202202,1.328
0.5225225225225225,0.5125125125125125,0.33683683683683685,0.5620620620620621,0.47647647647647645,0.7967967967967968,0.23473473473473472,0.8613613613613613,0.11511511511511512,0.7142142142142143,0.8398398398398398,0.15615615615615616,0.8663663663663663,0.1856856856856857,0.3488488488488488,0.7317317317317317,0.0,0.2132132132132132,0.06156156156156156,0.4964964964964965,0.6296296296296297,1.213
0.5235235235235235,0.5900900900900901,0.7752752752752753,0.7302302302302301,0.21121121121121122,0.23673673673673673,0.8358358358358359,0.25375375375375375,0.6641641641641642,0.7182182182182182,0.14914914914914915,0.39239239239239243,0.3833833833833834,0.1856856856856857,0.6886886886886887,0.5380380380380381,0.0,0.8153153153153153,0.6646646646646646,0.5735735735735736,0.7337337337337337,1.364
0.5245245245245245,0.7472472472472472,0.21621621621621623,0.21371371371371373,0.35285285285285284,0.2982982982982983,0.6131131131131131,0.9644644644644644,0.07907907907907907,0.8103103103103103,0.3563563563563563,0.9529529529529529,0.6266266266266267,0.08458458458458458,0.8003003003003003,0.8438438438438438,0.0,0.21921921921921922,0.050050050050050046,0.032532532532532535,0.7747747747747747,1.212
0.5255255255255256,0.004004004004004004,0.10960960960960961,0.498998998998999,0.3708708708708709,0.7037037037037037,0.5410410410410411,0.5985985985985987,0.5265265265265265,0.8428428428428428,0.6631631631631631,0.7577577577577578,0.4139139139139139,0.4479479479479479,0.5925925925925926,0.8918918918918919,0.0,0.6946946946946947,0.5280280280280281,0.024524524524524523,0.5680680680680681,1.266
0.5265265265265265,0.4469469469469469,0.92992992992993,0.5785785785785785,0.3358358358358358,0.5430430430430431,0.4454454454454454,0.7287287287287287,0.15115115115115116,0.1866866866866867,0.3948948948948949,0.6651651651651651,0.23173173173173173,0.7867867867867868,0.6016016016016016,0.05905905905905906,0.0,0.8368368368368369,0.28728728728728725,0.0970970970970971,0.8028028028028028,1.459
0.5275275275275275,0.16566566566566565,0.7752752752752753,0.047547547547547545,0.7157157157157157,0.3263263263263263,0.7852852852852853,0.6266266266266267,0.38988988988988993,0.7457457457457457,0.3563563563563563,0.31831831831831836,0.56006006006006,0.4034034034034034,0.26976976976976974,0.37737737737737737,0.0,0.8968968968968969,0.5755755755755756,0.27477477477477474,0.6326326326326326,1.176
0.5285285285285285,0.4319319319319319,0.43493493493493496,0.19119119119119118,0.27977977977977975,0.9039039039039038,0.005005005005005005,0.04904904904904905,0.14014014014014015,0.5880880880880881,0.8663663663663663,0.4089089089089089,0.9879879879879879,0.6086086086086087,0.12912912912912913,0.9114114114114114,0.0,0.8933933933933933,0.013013013013013013,0.7757757757757757,0.04904904904904905,1.345
0.5295295295295295,0.36036036036036034,0.6546546546546546,0.7717717717717718,0.3308308308308308,0.6106106106106106,0.17067067067067065,0.572072072072072,0.9134134134134133,0.2852852852852853,0.24974974974974976,0.36036036036036034,0.22822822822822822,0.2942942942942943,0.26426426426426425,0.4264264264264264,0.0,0.7912912912912913,0.8258258258258258,0.8463463463463463,0.6031031031031031,1.152
0.5305305305305306,0.6296296296296295,0.9169169169169169,0.15765765765765766,0.8413413413413413,0.22022022022022023,0.7762762762762763,0.023023023023023025,0.8433433433433433,0.3183183183183183,0.11311311311311312,0.40290290290290287,0.7952952952952953,0.7417417417417418,0.34534534534534533,0.6461461461461462,0.0,0.7562562562562563,0.8688688688688688,0.998998998998999,0.3633633633633634,1.389
0.5315315315315315,0.3063063063063063,0.33183183183183185,0.8433433433433433,0.39539539539539537,0.9059059059059059,0.3993993993993994,0.03203203203203203,0.5285285285285285,0.2542542542542543,0.8233233233233233,0.8933933933933933,0.3003003003003003,0.5805805805805806,0.36436436436436437,0.32682682682682684,0.0,0.8278278278278278,0.5695695695695695,0.3028028028028028,0.8458458458458459,1.301
0.5325325325325325,0.43593593593593594,0.21621621621621623,0.3658658658658659,0.7777777777777776,0.3813813813813814,0.567067067067067,0.44094094094094094,0.1006006006006006,0.6616616616616616,0.44844844844844844,0.1041041041041041,0.6946946946946947,0.2222222222222222,0.4294294294294294,0.8528528528528528,0.0,0.990990990990991,0.18518518518518517,0.3733733733733734,0.8113113113113113,1.203
0.5335335335335335,0.17967967967967968,0.35785785785785784,0.7047047047047047,0.1111111111111111,0.6541541541541542,0.7132132132132132,0.08658658658658658,0.02952952952952953,0.7777777777777777,0.8038038038038038,0.519019019019019,0.5325325325325325,0.013013013013013013,0.29979979979979976,0.9149149149149141,0.0,0.8548548548548549,0.30430430430430433,0.5535535535535536,0.8928928928928929,1.283
0.5345345345345345,0.6131131131131131,0.3898898898898899,0.617117117117117,0.5990990990990991,0.5065065065065065,0.5160160160160161,0.8453453453453453,0.28128128128128127,0.6191191191191191,0.37037037037037035,0.7612612612612613,0.7252252252252251,0.1651651651651651,0.48398398398398396,0.22172172172172172,0.0,0.9534534534534534,0.7692692692692693,0.6146146146146146,0.7712712712712713,1.224
0.5355355355355356,0.6091091091091091,0.5415415415415415,0.46696696696696693,0.8993993993993994,0.2172172172172172,0.5190190190190189,0.7497497497497497,0.9794794794794794,0.8863863863863863,0.24174174174174173,0.8033033033033032,0.7782782782782782,0.33333333333333337,0.24424424424424424,0.13863863863863862,0.0,0.5480480480480481,0.6586586586586587,0.9679679679679679,0.4344344344344344,1.125
0.5365365365365365,0.8238238238238238,0.7457457457457457,0.494994994994995,0.5465465465465466,0.58008008008008,0.6511511511511512,0.5010010010010011,0.34184184184184185,0.05955955955955956,0.6976976976976976,0.7652652652652653,0.4039039039039039,0.39739739739739743,0.972972972972973,0.5225225225225225,0.0,0.22872872872872874,0.4289289289289289,0.585085085085085,0.9664664664664664,1.272
0.5375375375375375,0.5645645645645645,0.9224224224224224,0.2582582582582582,0.12062062062062062,0.7877877877877878,0.01901901901901902,0.28728728728728725,0.3533533533533534,0.9099099099099099,0.8233233233233233,0.5930930930930931,0.6946946946946947,0.7977977977977978,0.4574574574574575,0.8638638638638638,0.0,0.6251251251251251,0.21921921921921922,0.8648648648648649,0.22522522522522523,1.197
0.5385385385385385,0.4114114114114114,0.031031031031031032,0.25225225225225223,0.6346346346346345,0.3038038038038038,0.33083083083083087,0.25125125125125125,0.3858858858858859,0.45995995995996,0.26876876876876876,0.6416416416416416,0.8143143143143143,0.532032032032032,0.6446446446446445,0.48898898898898896,0.0,0.7602602602602603,0.16966966966966968,0.5230230230230231,0.48448448448448445,1.357
0.5395395395395396,0.5125125125125125,0.6991991991991993,0.9459459459459459,0.1871871871871872,0.46346346346346345,0.6586586586586587,0.8758758758758759,0.47097097097097096,0.8658658658658659,0.5965965965965966,0.7297297297297297,0.7812812812812813,0.6646646646646647,0.10760760760760761,0.46996996996997,0.0,0.9329329329329329,0.2632632632632632,0.37037037037037035,0.960960960960961,1.259
0.5405405405405406,0.5725725725725725,0.22922922922922923,0.5755755755755756,0.627127127127127,0.7562562562562563,0.1046046046046046,0.8273273273273274,0.4114114114114114,0.27127127127127126,0.7847847847847848,0.5595595595595595,0.04204204204204204,0.5075075075075075,0.5565565565565566,0.3153153153153153,0.0,0.6051051051051051,0.14714714714714716,0.06606606606606606,0.3513513513513513,1.16
0.5415415415415415,0.549049049049049,0.8848848848848849,0.9159159159159159,0.22022022022022023,0.6146146146146146,0.48198198198198194,0.16716716716716717,0.8143143143143143,0.6941941941941943,0.35435435435435436,0.6651651651651651,0.6266266266266267,0.980980980980981,0.6971971971971972,0.09559559559559559,0.0,0.2882882882882883,0.3958958958958959,0.37787787787787785,0.8063063063063063,1.087
0.5425425425425425,0.7532532532532532,0.7487487487487487,0.8143143143143143,0.8353353353353353,0.2702702702702703,0.2817817817817818,0.9129129129129129,0.34184184184184185,0.4194194194194194,0.5940940940940941,0.8448448448448449,0.9029029029029029,0.0965965965965966,0.20120120120120122,0.29479479479479476,0.0,0.2782782782782783,0.16616616616616617,0.2107107107107107,0.515015015015015,1.135
0.5435435435435435,0.31681681681681684,0.7287287287287287,0.6361361361361362,0.968968968968969,0.02702702702702703,0.41991991991991995,0.9079079079079079,0.028028028028028028,0.6751751751751751,0.0920920920920921,0.2852852852852853,0.4364364364364365,0.6606606606606606,0.4629629629629629,0.45345345345345345,0.0,0.5775775775775776,0.0,0.37787787787787785,0.17767767767767767,1.325
0.5445445445445446,0.5025025025025025,0.9094094094094094,0.26726726726726724,0.7462462462462462,0.18468468468468469,0.6051051051051051,0.8138138138138138,0.4354354354354354,0.8593593593593594,0.41491491491491495,0.5595595595595595,0.31231231231231227,0.3998998998998999,0.9879879879879879,0.6911911911911912,0.0,0.07107107107107108,0.3958958958958959,0.8318318318318318,0.48948948948948945,1.088
0.5455455455455456,0.42842842842842843,0.8313313313313313,0.26476476476476474,0.19019019019019018,0.642142142142142,0.30930930930930933,0.6266266266266267,0.1931931931931932,0.42842842842842843,0.8053053053053053,0.9429429429429429,0.12062062062062062,0.3908908908908909,0.8578578578578578,0.8103103103103103,0.0,0.12762762762762764,0.037037037037037035,0.6221221221221221,0.5305305305305306,1.252
0.5465465465465466,0.2862862862862863,0.9794794794794794,0.9224224224224224,0.45895895895895894,0.8358358358358358,0.33583583583583587,0.03803803803803804,0.04054054054054054,0.5530530530530531,0.9359359359359359,0.06156156156156156,0.537037037037037,0.08908908908908908,0.1266266266266266,0.991991991991992,0.0,0.9614614614614614,0.33783783783783783,0.9414414414414414,0.9444444444444444,1.423
0.5475475475475475,0.541041041041041,0.21621621621621623,0.017017017017017015,0.4824824824824825,0.28978978978978975,0.4544544544544544,0.8563563563563563,0.4354354354354354,0.7257257257257257,0.17517517517517517,0.8578578578578578,0.9954954954954955,0.32932932932932935,0.05755755755755755,0.947947947947947,0.0,0.9169169169169169,0.13563563563563563,0.7357357357357357,0.34284284284284283,1.386
0.5485485485485485,0.3508508508508509,0.2957957957957958,0.047547547547547545,0.058058058058058054,0.6791791791791792,0.1031031031031031,0.24474474474474472,0.14314314314314314,0.9884884884884885,0.7092092092092093,0.4119119119119119,0.09259259259259259,0.26726726726726724,0.9124124124124124,0.13313313313313313,0.0,0.0965965965965966,0.2677677677677678,0.8773773773773774,0.30930930930930933,1.31
0.5495495495495496,0.2927927927927928,0.4934934934934935,0.6126126126126126,0.5255255255255256,0.2042042042042042,0.7762762762762763,0.8708708708708709,0.12812812812812813,0.0895895895895896,0.41491491491491495,0.48448448448448445,0.3993993993993994,0.2032032032032032,0.23323323323323325,0.17317317317317316,0.0,0.7157157157157157,0.8423423423423424,0.17967967967967968,0.008008008008008008,1.416
0.5505505505505506,0.6531531531531531,0.5215215215215214,0.7162162162162162,0.2817817817817818,0.6851851851851851,0.24424424424424424,0.3483483483483484,0.3003003003003003,0.5345345345345345,0.521021021021021,0.8903903903903904,0.7557557557557557,0.5805805805805806,0.16466466466466467,0.7747747747747747,0.0,0.8738738738738738,0.08208208208208208,0.07907907907907907,0.5430430430430431,1.501
0.5515515515515516,0.14014014014014015,0.2782782782782783,0.9669669669669669,0.23773773773773774,0.6236236236236237,0.5780780780780781,0.2032032032032032,0.7317317317317318,0.8393393393393394,0.4519519519519519,0.2502502502502503,0.7332332332332332,0.0945945945945946,0.6446446446446445,0.8333333333333333,0.0,0.5445445445445445,0.7997997997997998,0.032532532532532535,0.40490490490490494,1.295
0.5525525525525525,0.6296296296296295,0.4294294294294294,0.57007007007007,0.6946946946946947,0.6346346346346347,0.5565565565565566,0.8898898898898899,0.7547547547547547,0.06606606606606606,0.6431431431431431,0.35435435435435436,0.3003003003003003,0.8493493493493494,0.524024024024024,0.6246246246246246,0.0,0.07707707707707709,0.5880880880880881,0.24374374374374375,0.8003003003003002,1.24
0.5535535535535535,0.970970970970971,0.7312312312312312,0.19119119119119118,0.6981981981981982,0.8303303303303303,0.060560560560560556,0.6486486486486487,0.1886886886886887,0.14414414414414414,0.8268268268268268,0.8208208208208209,0.20370370370370372,0.4279279279279279,0.4064064064064064,0.07207207207207207,0.0,0.27177177177177175,1.0,0.7952952952952953,0.8088088088088088,1.242
0.5545545545545546,0.5460460460460461,0.6231231231231231,0.26326326326326327,0.35685685685685686,0.8218218218218218,0.037037037037037035,0.3808808808808809,0.997997997997998,0.08358358358358359,0.6696696696696697,0.6916916916916918,0.056056056056056056,0.5425425425425425,0.48398398398398396,0.0845845845845846,0.0,0.0985985985985986,0.3958958958958959,0.9329329329329329,0.22922922922922923,1.237
0.5555555555555556,0.4904904904904905,0.5330330330330331,0.9514514514514514,0.7192192192192193,0.5045045045045045,0.8648648648648651,0.14114114114114112,0.8433433433433433,0.494994994994995,0.3963963963963964,0.6581581581581581,0.14014014014014015,0.6426426426426426,0.41991991991991995,0.53003003003003,0.0,0.6276276276276276,0.3008008008008008,0.06256256256256257,0.9444444444444444,1.045
0.5565565565565566,0.31331331331331336,0.19119119119119118,0.9884884884884885,0.5885885885885886,0.3738738738738739,0.3948948948948949,0.6891891891891893,0.506006006006006,0.49099099099099097,0.49549549549549554,0.6941941941941943,0.6511511511511512,0.9264264264264264,0.5925925925925926,0.8958958958958959,0.0,0.9089089089089089,0.494994994994995,0.07257257257257257,0.2957957957957958,1.14
0.5575575575575575,0.47847847847847846,0.4069069069069069,0.36936936936936937,0.9039039039039038,0.13313313313313313,0.6511511511511512,0.5210210210210211,0.37287287287287285,0.8048048048048048,0.31981981981981983,0.07907907907907907,0.7762762762762763,0.27177177177177175,0.0960960960960961,0.8023023023023024,0.0,0.24874874874874875,0.12912912912912913,0.7032032032032032,0.5625625625625625,1.058
0.5585585585585585,0.602102102102102,0.7392392392392393,0.6066066066066066,0.1041041041041041,0.5935935935935935,0.13313313313313313,0.46946946946946944,0.6301301301301301,0.6831831831831832,0.488988988988989,0.008008008008008008,0.492992992992993,0.527027027027027,0.6131131131131131,0.5910910910910911,0.0,0.527027027027027,0.34734734734734735,0.993993993993994,0.10560560560560561,1.232
0.5595595595595596,0.582082082082082,0.46296296296296297,0.13963963963963966,0.993993993993994,0.001001001001001001,0.988988988988989,0.8958958958958959,0.7682682682682682,0.8578578578578574,0.002002002002002002,0.494994994994995,0.6886886886886887,0.8233233233233233,0.2582582582582582,0.6766766766766766,0.0,0.8933933933933933,0.8558558558558559,0.8898898898898899,0.4204204204204204,1.256
0.5605605605605606,0.3663663663663663,0.6336336336336337,0.4544544544544544,0.9099099099099099,0.2222222222222222,0.948948948948949,0.9719719719719719,0.5345345345345345,0.13813813813813813,0.3873873873873874,0.943943943943944,0.8488488488488488,0.9879879879879879,0.562062062062062,0.6161161161161162,0.0,0.12362362362362361,0.7072072072072072,0.13863863863863862,0.8338338338338338,1.078
0.5615615615615616,0.8748748748748749,0.5110110110110111,0.37637637637637633,0.4914914914914915,0.44844844844844844,0.6986986986986987,0.0,0.642142142142142,0.6461461461461462,0.3303303303303303,0.15465465465465467,0.5515515515515516,0.6806806806806807,0.9074074074074074,0.12962962962962962,0.0,0.29679679679679677,0.9924924924924925,0.3053053053053053,0.6151151151151151,1.213
0.5625625625625625,0.07907907907907907,0.037037037037037035,0.519019019019019,0.24274274274274274,0.7847847847847848,0.44044044044044045,0.21871871871871873,0.26126126126126126,0.7587587587587588,0.5310310310310311,0.14114114114114115,0.17417417417417416,0.46646646646646645,0.8003003003003003,0.6826826826826827,0.0,0.995995995995996,0.8058058058058059,0.02702702702702703,0.9429429429429429,1.084
0.5635635635635635,0.24624624624624625,0.3433433433433434,0.4379379379379379,0.3088088088088088,0.5775775775775776,0.5755755755755756,0.6226226226226226,0.07607607607607608,0.22322322322322324,0.7182182182182182,0.39239239239239243,0.9169169169169169,0.6856856856856857,0.2202202202202202,0.9469469469469469,0.0,0.03653653653653653,0.1986986986986987,0.5015015015015015,0.5005005005005005,1.366
0.5645645645645646,0.555055055055055,0.20070070070070067,0.8858858858858859,0.5965965965965966,0.8448448448448449,0.08108108108108109,0.14714714714714716,0.4064064064064064,0.8353353353353353,0.8628628628628628,0.29229229229229226,0.2592592592592593,0.04904904904904905,0.8028028028028028,0.11161161161161161,0.0,0.6501501501501501,0.3273273273273273,0.47097097097097096,0.26226226226226224,1.296
0.5655655655655656,0.6851851851851851,0.5265265265265265,0.9779779779779779,0.24024024024024024,0.9309309309309309,0.1941941941941942,0.1886886886886887,0.970970970970971,0.12812812812812813,0.8663663663663663,0.7522522522522523,0.021521521521521522,0.54004004004004,0.5805805805805806,0.4304304304304304,0.0,0.6786786786786787,0.545045045045045,0.2842842842842843,0.7662662662662663,1.236
0.5665665665665666,0.15365365365365363,0.20370370370370372,0.6596596596596597,0.35285285285285284,0.517017017017017,0.48198198198198194,0.32432432432432434,0.537037037037037,0.6351351351351351,0.36786786786786785,0.7957957957957957,0.4114114114114114,0.9784784784784785,0.5295295295295295,0.12012012012012012,0.0,0.7212212212212212,0.05205205205205205,0.05705705705705706,0.15365365365365366,1.348
0.5675675675675675,0.37537537537537535,0.8508508508508509,0.9384384384384384,0.7442442442442443,0.26226226226226224,0.9089089089089089,0.7062062062062062,0.7012012012012012,0.6191191191191191,0.26626626626626626,0.23323323323323322,0.537037037037037,0.7382382382382382,0.5565565565565566,0.30980980980980977,0.0,0.22322322322322322,0.950950950950951,0.9059059059059059,0.08858858858858859,1.128
0.5685685685685685,0.7927927927927928,0.7352352352352353,0.08108108108108109,0.1921921921921922,0.6146146146146146,0.53003003003003,0.5900900900900901,0.4529529529529529,0.8778778778778779,0.5785785785785786,0.18068068068068066,0.7492492492492493,0.15565565565565564,0.0960960960960961,0.17317317317317316,0.0,0.35735735735735735,0.7192192192192193,0.7917917917917918,0.2532532532532532,1.023
0.5695695695695696,0.7682682682682682,0.4044044044044044,0.5860860860860861,0.8648648648648651,0.37637637637637633,0.3863863863863864,0.41241241241241244,0.519019019019019,0.3513513513513513,0.43593593593593594,0.1991991991991992,0.17067067067067065,0.17717717717717718,0.8098098098098099,0.14064064064064064,0.0,0.8413413413413413,0.7667667667667668,0.1066066066066066,0.4079079079079079,1.332
0.5705705705705706,0.7262262262262262,0.5110110110110111,0.6656656656656657,0.4204204204204204,0.6761761761761762,0.17450784117450782,0.6381381381381381,0.9334334334334334,0.92992992992993,0.535035035035035,0.12762762762762764,0.2852852852852853,0.3908908908908909,0.7557557557557557,0.27377377377377377,0.0,0.4269269269269269,0.3533533533533534,0.12062062062062062,0.5465465465465466,1.27
0.5715715715715716,0.8338338338338338,0.0970970970970971,0.24574574574574576,0.04704704704704705,0.972972972972973,0.04654654654654655,0.07457457457457457,0.5645645645645645,0.8673673673673674,0.9679679679679679,0.2602602602602603,0.5955955955955956,0.45945945945945943,0.7402402402402403,0.36686686686686687,0.0,0.13963963963963966,0.5510510510510511,0.6556556556556556,0.5560560560560561,1.516
0.5725725725725725,0.047547547547547545,0.3763763763763764,0.8663663663663663,0.8748748748748747,0.0970970970970971,0.8093093093093093,0.9544544544544544,0.6786786786786787,0.2627627627627628,0.08458458458458458,0.7812812812812813,0.06906906906906907,0.6086086086086087,0.4064064064064064,0.8668668668668669,0.0,0.45945945945945943,0.497997997997998,0.15815815815815815,0.7537537537537538,1.239
0.5735735735735735,0.9109109109109109,0.9549549549549547,0.1886886886886887,0.07507507507507508,0.9079079079079079,0.053553553553553554,0.3483483483483484,0.6086086086086087,0.06306306306306306,0.8988988988988988,0.993993993993994,0.3833833833833834,0.8988988988988988,0.9039039039039038,0.7717717717717718,0.0,0.07907907907907907,0.7222222222222222,0.12762762762762764,0.16016016016016016,1.109
0.5745745745745746,0.8003003003003002,0.32432432432432434,0.009009009009009009,0.3008008008008008,0.7987987987987988,0.2042042042042042,0.8778778778778777,0.19519519519519518,0.12812812812812813,0.9044044044044044,0.45645645645645644,0.5830830830830831,0.3783783783783784,0.15165165165165165,0.8613613613613613,0.0,0.3263263263263263,0.06656656656656657,0.13213213213213212,0.9079079079079077,1.233
0.5755755755755756,0.24624624624624625,0.6626626626626626,0.5660660660660661,0.21871871871871873,0.7947947947947948,0.16916916916916921,0.19769769769769768,0.51001001001001,0.7292292292292293,0.8713713713713713,0.22522522522522523,0.1041041041041041,0.21621621621621628,0.4169169169169169,0.07207207207207207,0.0,0.7762762762762763,0.7247247247247247,0.1916916916916917,0.8288288288288288,1.197
0.5765765765765766,0.2982982982982983,0.9469469469469469,0.2582582582582582,0.1886886886886887,0.7157157157157157,0.488988988988989,0.036036036036036036,0.9664664664664664,0.5295295295295295,0.4694694694694695,0.3688688688688689,0.6306306306306306,0.9464464464464464,0.12462462462462463,0.8228228228228228,0.0,0.6946946946946947,0.6716716716716717,0.8053053053053053,0.24924924924924924,1.257
0.5775775775775776,0.8953953953953955,0.13113113113113112,0.3943943943943944,0.4544544544544544,0.552052052052052,0.13013013013013014,0.8468468468468469,0.28728728728728725,0.8393393393393394,0.6986986986986987,0.15865865865865866,0.0965965965965966,0.03153153153153153,0.5035035035035035,0.18018018018018017,0.0,0.4069069069069069,0.11411411411411411,0.3313313313313313,0.36736736736736736,1.455
0.5785785785785785,0.022022022022022022,0.4974974974974975,0.9029029029029029,0.6541541541541542,0.36236236236236236,0.6436436436436437,0.6691691691691692,0.5645645645645645,0.7087087087087087,0.2752752752752753,0.5415415415415415,0.92992992992993,0.6806806806806807,0.0055055055055055055,0.5440440440440439,0.0,0.7977977977977978,0.474974974974975,0.04454454454454454,0.30930930930930933,1.508
0.5795795795795796,0.7332332332332332,0.8618618618618619,0.24874874874874875,0.27227227227227224,0.44344344344344344,0.8253253253253253,0.31231231231231227,0.975975975975976,0.2042042042042042,0.23523523523523523,0.29229229229229226,0.8708708708708708,0.7122122122122122,0.6446446446446445,0.36536536536536535,0.0,0.11061061061061062,0.7457457457457457,0.3163163163163163,0.7007007007007007,1.397
0.5805805805805806,0.03003003003003003,0.2077077077077077,0.7007007007007007,0.6781781781781782,0.32332332332332336,0.6316316316316316,0.05555555555555555,0.6546546546546546,0.9619619619619619,0.2172172172172172,0.2082082082082082,0.2852852852852853,0.6176176176176176,0.36436436436436437,0.6406406406406406,0.0,0.464964964964965,0.6781781781781782,0.8103103103103103,0.1916916916916917,1.445
0.5815815815815816,0.2172172172172172,0.17417417417417416,0.4194194194194194,0.07207207207207207,0.9619619619619619,0.2832832832832833,0.1016016016016016,0.47097097097097096,0.4194194194194194,0.8418418418418419,0.6521521521521522,0.6801801801801802,0.2502502502502502,0.4924924924924925,0.011011011011011011,0.0,0.950950950950951,0.21421421421421422,0.7387387387387387,0.44294294294294295,1.454
0.5825825825825826,0.3508508508508509,0.017017017017017015,0.8468468468468469,0.1266266266266266,0.7652652652652653,0.2122122122122122,0.22072072072072074,0.3463463463463463,0.9409409409409409,0.8843843843843844,0.21521521521521522,0.46596596596596596,0.2197197197197197,0.7622622622622622,0.7702702702702702,0.0,0.24274274274274274,0.01001001001001001,0.25825825825825827,0.5625625625625625,1.243
0.5835835835835835,0.6246246246246245,0.8273273273273274,0.1971971971971972,0.24424424424424424,0.5375375375375375,0.5275275275275275,0.14314314314314314,0.6101101101101101,0.2277277277277277,0.49549549549549554,0.478978978978979,0.15215215215215216,0.487987987987988,0.48398398398398396,0.8243243243243243,0.0,0.8783783783783784,0.545045045045045,0.9214214214214214,0.6656656656656657,1.215
0.5845845845845846,0.7567567567567568,0.19769769769769768,0.3943943943943944,0.03003003003003003,0.9449449449449454,0.02102102102102102,0.29229229229229226,0.14664664664664664,0.7457457457457457,0.918918918918919,0.973973973973974,0.2937937937937938,0.6646646646646647,0.14864864864864863,0.1971971971971972,0.0,0.3813813813813814,0.12362362362362363,0.3733733733733734,0.42342342342342343,1.107
0.5855855855855856,0.05105105105105105,0.015015015015015015,0.8633633633633633,0.6196196196196196,0.12712712712712712,0.7297297297297297,0.5110110110110111,0.8053053053053053,0.8318318318318318,0.2327327327327327,0.5245245245245245,0.7357357357357357,0.2942942942942943,0.23323323323323325,0.6721721721721721,0.0,0.6186186186186187,0.21421421421421422,0.07257257257257257,0.5085085085085086,1.402
0.5865865865865866,0.8408408408408408,0.6741741741741742,0.13213213213213212,0.16816816816816815,0.6441441441441442,0.2077077077077077,0.04004004004004004,0.1966966966966967,0.9704704704704705,0.7457457457457457,0.6281281281281281,0.6756756756756757,0.26726726726726724,0.7337337337337337,0.25225225225225223,0.0,0.8568568568568569,0.24224224224224222,0.585085085085085,0.12512512512512514,1.115
0.5875875875875876,0.6561561561561562,0.39789789789789787,0.9384384384384384,0.8238238238238238,0.3788788788788789,0.5025025025025025,0.6986986986986987,0.8433433433433433,0.8193193193193193,0.34534534534534533,0.5335335335335335,0.6421421421421422,0.5755755755755756,0.5925925925925926,0.4124124124124124,0.0,0.06706706706706705,0.8818818818818819,0.8563563563563563,0.2072072072072072,1.304
0.5885885885885885,0.973973973973974,0.06406406406406406,0.552052052052052,0.26626626626626626,0.97997997997998,0.15365365365365363,0.16266266266266266,0.6926926926926926,0.7352352352352352,0.9104104104104105,0.40490490490490494,0.34734734734734735,0.28228228228228225,0.8783783783783784,0.12412412412412413,0.0,0.24874874874874875,0.6276276276276276,0.2677677677677678,0.474974974974975,1.293
0.5895895895895896,0.8858858858858859,0.23373373373373374,0.44794794794794796,0.46996996996997,0.6791791791791792,0.35735735735735735,0.2077077077077077,0.513013013013013,0.5115115115115115,0.5475475475475475,0.16966966966966968,0.9524524524524525,0.6476476476476476,0.06456456456456455,0.6946946946946947,0.0,0.33683683683683685,0.534034034034034,0.5040040040040039,0.3238238238238238,1.358
0.5905905905905906,0.7507507507507507,0.032532532532532535,0.007007007007007007,0.015015015015015015,0.8628628628628628,0.14814814814814814,0.18518518518518515,0.42842842842842843,0.958958958958959,0.9069069069069069,0.1011011011011011,0.46346346346346345,0.13263263263263264,0.43993993993993996,0.33783783783783783,0.0,0.07707707707707709,0.5180180180180181,0.9119119119119119,0.31331331331331336,1.272
0.5915915915915916,0.1091091091091091,0.8408408408408408,0.7092092092092093,0.592092092092092,0.8328328328328328,0.2742742742742743,0.8543543543543544,0.03203203203203203,0.7057057057057057,0.8778778778778774,0.6071071071071071,0.7882882882882882,0.975975975975976,0.34234234234234234,0.9094094094094094,0.0,0.08458458458458458,0.8588588588588588,0.7322322322322322,0.4204204204204204,1.409
0.5925925925925926,0.3383383383383384,0.18118118118118118,0.9404404404404405,0.17267267267267267,0.9414414414414414,0.08308308308308308,0.6136136136136137,0.9064064064064064,0.6226226226226226,0.7182182182182182,0.46846846846846846,0.4244244244244244,0.32082082082082086,0.2917917917917918,0.40040040040040037,0.0,0.5375375375375375,0.44744744744744747,0.1066066066066066,0.37537537537537535,1.096
0.5935935935935935,0.6091091091091091,0.37037037037037035,0.43343343343343343,0.6781781781781782,0.3983983983983984,0.5390390390390389,0.46046046046046046,0.6441441441441442,0.33983983983983984,0.5265265265265265,0.3048048048048048,0.2677677677677678,0.15065065065065064,0.8608608608608609,0.477977977977978,0.0,0.557057057057057,0.973973973973974,0.8668668668668669,0.12012012012012012,1.364
0.5945945945945946,0.6616616616616617,0.33683683683683685,0.9914914914914914,0.7997997997997998,0.26476476476476474,0.464964964964965,0.7817817817817818,0.14664664664664664,0.483983983983984,0.6226226226226226,0.6006006006006006,0.5735735735735736,0.8013013013013013,0.1941941941941942,0.24174174174174173,0.0,0.8368368368368369,0.33433433433433435,0.1916916916916917,0.6246246246246246,1.264
0.5955955955955956,0.7012012012012012,0.15715715715715717,0.2072072072072072,0.21421421421421422,0.4189189189189189,0.6896896896896897,0.48448448448448445,0.7627627627627628,0.5930930930930931,0.36486486486486486,0.29229229229229226,0.5515515515515516,0.3943943943943944,0.970970970970971,0.32982982982982983,0.0,0.5880880880880881,0.6241241241241241,0.037037037037037035,0.5335335335335335,1.215
0.5965965965965966,0.7697697697697697,0.34934934934934936,0.924924924924925,0.5065065065065065,0.37637637637637633,0.38738738738738737,0.7652652652652652,0.0,0.3748748748748749,0.8153153153153153,0.6771771771771772,0.5655655655655656,0.11411411411411411,0.24774774774774774,0.31331331331331336,0.0,0.8073073073073074,0.1061061061061061,0.22822822822822825,0.6266266266266266,1.119
0.5975975975975976,0.014014014014014014,0.31681681681681684,0.6126126126126126,0.31431431431431434,0.8648648648648649,0.2702702702702703,0.04654654654654655,0.943943943943944,0.4044044044044044,0.7692692692692693,0.5515515515515516,0.3088088088088088,0.8413413413413413,0.5655655655655656,0.06456456456456457,0.0,0.7787787787787788,0.8443443443443444,0.98998998998999,0.4079079079079079,1.207
0.5985985985985987,0.6336336336336337,0.4579579579579579,0.7717717717717718,0.17067067067067065,0.7327327327327328,0.3788788788788789,0.6651651651651651,0.3463463463463463,0.3438438438438438,0.8133133133133132,0.5480480480480481,0.1061061061061061,0.1856856856856857,0.8353353353353353,0.07207207207207207,0.0,0.5255255255255256,0.08608608608608609,0.23873873873873874,0.9144144144144144,1.193
0.5995995995995996,0.3633633633633634,0.7597597597597597,0.43343343343343343,0.7577577577577578,0.3038038038038038,0.7477477477477477,0.7897897897897898,0.519019019019019,0.24574574574574576,0.23723723723723725,0.13813813813813813,0.023523523523523524,0.7352352352352353,0.4629629629629629,0.7527527527527528,0.0,0.3303303303303303,0.6186186186186187,0.1831831831831832,0.551051051051051,1.397
0.6006006006006006,0.6371371371371372,0.3408408408408409,0.3213213213213213,0.5125125125125125,0.14514514514514515,0.9209209209209209,0.8423423423423424,0.2107107107107107,0.9434434434434434,0.4214214214214214,0.6596596596596597,0.34734734734734735,0.1091091091091091,0.8698698698698699,0.34784784784784784,0.0,0.029029029029029027,0.8143143143143143,0.17317317317317316,0.14964964964964966,0.999
0.6016016016016016,0.9354354354354355,0.10660660660660662,0.46196196196196193,0.4394394394394394,0.84984984984985,0.11761761761761762,0.5985985985985987,0.23773773773773774,0.5705705705705706,0.8168168168168168,0.5295295295295295,0.6461461461461462,0.8778778778778779,0.0870870870870871,0.7502502502502502,0.0,0.1816816816816817,0.16966966966966968,0.4504504504504504,0.5305305305305306,1.323
0.6026026026026026,0.7507507507507507,0.7837837837837838,0.7117117117117118,0.8483483483483483,0.13913913913913914,0.7273940607273941,0.8798798798798799,0.10810810810810811,0.7207207207207207,0.1841841841841842,0.7747747747747747,0.6421421421421422,0.6391391391391392,0.3968968968968969,0.6686686686686687,0.0,0.464964964964965,0.12612612612612611,0.94994994994995,0.2982982982982983,1.189
0.6036036036036037,0.7607607607607607,0.19769769769769768,0.22922922922922923,0.08458458458458458,0.8158158158158157,0.44994994994994997,0.22322322322322322,0.31681681681681684,0.8533533533533533,0.6096096096096096,0.16566566566566565,0.5230230230230231,0.14114114114114112,0.0870870870870871,0.44244244244244246,0.0,0.4019019019019019,0.8033033033033032,0.5895895895895895,0.478978978978979,1.192
0.6046046046046046,0.8378378378378378,0.10660660660660662,0.1866866866866867,0.3053053053053053,0.5535535535535535,0.7812812812812813,0.49199199199199195,0.986986986986987,0.29979979979979976,0.14664664664664664,0.07257257257257257,0.9419419419419419,0.4554554554554554,0.9279279279279279,0.3433433433433433,0.0,0.36436436436436437,0.9304304304304305,0.8213213213213213,0.08858858858858859,1.378
0.6056056056056056,0.7437437437437437,0.07557557557557558,0.5820820820820821,0.3153153153153153,0.8753753753753755,0.036036036036036036,0.6936936936936937,0.6831831831831832,0.7352352352352352,0.9319319319319319,0.04854854854854855,0.3003003003003003,0.3153153153153153,0.6931931931931932,0.7052052052052051,0.0,0.011011011011011011,0.16216216216216217,0.7187187187187187,0.04504504504504504,1.19
0.6066066066066066,0.24424424424424424,0.21021021021021022,0.997997997997998,0.6346346346346345,0.8948948948948947,0.2172172172172172,0.02002002002002002,0.06856856856856856,0.13963963963963966,0.9479479479479476,0.5640640640640641,0.44544544544544545,0.2742742742742743,0.026026026026026026,0.03553553553553554,0.0,0.8968968968968969,0.09509509509509509,0.014014014014014014,0.19869869869869872,1.348
0.6076076076076076,0.31681681681681684,0.3533533533533534,0.552052052052052,0.516016016016016,0.6691691691691692,0.6076076076076076,0.4229229229229229,0.458958958958959,0.2627627627627628,0.5685685685685685,0.9554554554554555,0.8243243243243243,0.7772772772772772,0.18568568568568566,0.6661661661661662,0.0,0.637137137137137,0.3958958958958959,0.06706706706706707,0.9119119119119119,1.347
0.6086086086086087,0.9089089089089089,0.7037037037037037,0.2022022022022022,0.8043043043043043,0.05655655655655656,0.996996996996997,0.12012012012012012,0.6786786786786787,0.6261261261261262,0.06806806806806806,0.01951951951951952,0.3893893893893894,0.3408408408408409,0.30980980980980977,0.12012012012012012,0.0,0.8413413413413413,0.9489489489489489,0.996996996996997,0.8758758758758759,1.341
0.6096096096096096,0.8768768768768769,0.3058058058058058,0.8163163163163163,0.617117117117117,0.6091091091091092,0.2682682682682683,0.3868868868868869,0.5810810810810811,0.8533533533533533,0.6581581581581581,0.4089089089089089,0.13363363363363362,0.7827827827827828,0.9819819819819819,0.14864864864864863,0.0,0.6141141141141141,0.5085085085085085,0.4964964964964965,0.6916916916916918,1.202
0.6106106106106106,0.2617617617617618,0.993993993993994,0.998998998998999,0.6641641641641642,0.8258258258258259,0.5505505505505506,0.3053053053053053,0.4239239239239239,0.47447447447447444,0.8768768768768769,0.9404404404404405,0.16566566566566565,0.7297297297297297,0.09259259259259259,0.7012012012012012,0.0,0.8578578578578577,0.9264264264264264,0.5230230230230231,0.9009009009009009,1.196
0.6116116116116116,0.3383383383383384,0.7037037037037037,0.5580580580580581,0.15815815815815815,0.5305305305305306,0.1816816816816817,0.4014014014014014,0.8798798798798799,0.8993993993993994,0.7147147147147147,0.34984984984984985,0.4189189189189189,0.5880880880880881,0.2827827827827828,0.6926926926926927,0.0,0.3003003003003003,0.5930930930930931,0.5015015015015015,0.14964964964964966,1.197
0.6126126126126126,0.03353353353353353,0.7837837837837838,0.6311311311311312,0.4039039039039039,0.43993993993993996,0.5525525525525525,0.46596596596596596,0.3943943943943944,0.23173173173173173,0.6696696696696697,0.7432432432432432,0.14814814814814814,0.13263263263263264,0.7622622622622622,0.6056056056056056,0.0,0.20370370370370372,0.33433433433433435,0.08808808808808809,0.7512512512512513,1.369
0.6136136136136137,0.6131131131131131,0.2227227227227227,0.47047047047047047,0.15315315315315314,0.8518518518518519,0.37287287287287285,0.6721721721721722,0.9109109109109109,0.17667667667667666,0.8268268268268268,0.4754754754754755,0.07957957957957958,0.28228228228228225,0.7782782782782782,0.08908908908908908,0.0,0.05455455455455456,0.8623623623623624,0.16666666666666666,0.13263263263263264,1.421
0.6146146146146146,0.4319319319319319,0.7892892892892893,0.3613613613613613,0.005005005005005005,0.9229229229229229,0.024024024024024024,0.48098098098098097,0.7832832832832832,0.5980980980980981,0.7527527527527528,0.6876876876876876,0.5830830830830831,0.495995995995996,0.5485485485485486,0.36286286286286284,0.0,0.1021021021021021,0.5180180180180181,0.7477477477477478,0.4814814814814815,1.159
0.6156156156156156,0.8408408408408408,0.7982982982982982,0.33433433433433435,0.26626626626626626,0.555055055055055,0.6970320574381488,0.1946946946946947,0.8363363363363363,0.8193193193193193,0.37987987987987987,0.49099099099099097,0.2592592592592593,0.2777777777777778,0.6131131131131131,0.6796796796796797,0.0,0.45945945945945943,0.6486486486486487,0.5735735735735736,0.6811811811811812,1.229
0.6166166166166166,0.0920920920920921,0.3818818818818819,0.8758758758758759,0.5860860860860861,0.7497497497497497,0.4239239239239239,0.13463463463463463,0.3003003003003003,0.2127127127127127,0.9394394394394394,0.7282282282282282,0.8053053053053053,0.36786786786786785,0.524024024024024,0.27927927927927926,0.0,0.44994994994994997,0.2827827827827828,0.02002002002002002,0.9334334334334334,1.279
0.6176176176176176,0.2552552552552552,0.985985985985986,0.3793793793793794,0.11711711711711711,0.7127127127127127,0.48198198198198194,0.0930930930930931,0.9369369369369369,0.546046046046046,0.7747747747747747,0.6461461461461462,0.545045045045045,0.9724724724724725,0.6096096096096096,0.5575575575575575,0.0,0.11911911911911913,0.9549549549549547,0.9069069069069069,0.3458458458458459,1.297
0.6186186186186187,0.07807807807807808,0.7037037037037037,0.7117117117117118,0.9459459459459459,0.03953953953953954,0.9059059059059059,0.9079079079079079,0.03753753753753754,0.47997997997998,0.14664664664664664,0.6461461461461462,0.5830830830830831,0.06256256256256257,0.52002002002002,0.8333333333333333,0.0,0.5835835835835836,0.22772772772772773,0.5535535535535536,0.1136136136136136,1.3
0.6196196196196196,0.5935935935935936,0.2502502502502503,0.3033033033033033,0.3508508508508509,0.652152152152152,0.4219219219219219,0.7527527527527527,0.7212212212212212,0.23773773773773774,0.5265265265265265,0.6651651651651651,0.5005005005005005,0.547047047047047,0.8163163163163163,0.10810810810810811,0.0,0.6461461461461462,0.7757757757757757,0.23273273273273273,0.33433433433433435,1.304
0.6206206206206206,0.8463463463463463,0.997997997997998,0.8233233233233233,0.3708708708708709,0.8693693693693694,0.4544544544544544,0.6356356356356356,0.13263263263263264,0.3078078078078078,0.9089089089089089,0.9159159159159159,0.5760760760760761,0.995995995995996,0.6361361361361362,0.5360360360360361,0.0,0.7947947947947948,0.33783783783783783,0.8318318318318318,0.8268268268268268,0.939
0.6216216216216216,0.5775775775775776,0.011511511511511512,0.26476476476476474,0.5625625625625625,0.7412412412412412,0.23773773773773774,0.2967967967967968,0.968968968968969,0.3038038038038038,0.2012012012012012,0.5805805805805806,0.3738738738738739,0.7227227227227226,0.44744744744744747,0.7927927927927928,0.0,0.9829829829829829,0.30730730730730726,0.6221221221221221,0.6916916916916918,1.346
0.6226226226226226,0.5775775775775776,0.0895895895895896,0.7602602602602603,0.21121121121121122,0.98998998998999,0.12462462462462463,0.14964964964964966,0.8078078078078078,0.06106106106106106,0.973973973973974,0.8868868868868869,0.3163163163163163,0.7507507507507507,0.7457457457457457,0.016516516516516516,0.0,0.7822822822822822,0.5735735735735736,0.12412412412412413,0.15365365365365366,1.348
0.6236236236236237,0.8788788788788788,0.7867867867867868,0.03303303303303303,0.8283283283283283,0.43593593593593594,0.43093093093093093,0.6511511511511512,0.33783783783783783,0.03153153153153153,0.47297297297297297,0.17767767767767767,0.26426426426426425,0.3633633633633634,0.545045045045045,0.8908908908908909,0.0,0.9694694694694694,0.25475475475475473,0.8403403403403403,0.5210210210210211,1.421
0.6246246246246246,0.9324324324324325,0.4119119119119119,0.46696696696696693,0.24924924924924927,0.5740740740740741,0.45995995995996,0.2967967967967968,0.16916916916916916,0.6041041041041041,0.6166166166166166,0.2057057057057057,0.7357357357357357,0.5840840840840841,0.02052052052052052,0.7027027027027027,0.0,0.23173173173173173,0.5580580580580581,0.34784784784784784,0.43043043043043044,1.407
0.6256256256256256,0.001001001001001001,0.6586586586586587,0.9014014014014013,0.9409409409409409,0.23673673673673673,0.4124124124124124,0.7362362362362362,0.014514514514514514,0.025025025025025027,0.34684684684684686,0.9354354354354355,0.1041041041041041,0.5945945945945945,0.7782782782782782,0.6296296296296297,0.0,0.6786786786786787,0.08808808808808809,0.0970970970970971,0.17617617617617617,1.138
0.6266266266266266,0.8808808808808809,0.4294294294294294,0.9094094094094094,0.7292292292292293,0.8798798798798799,0.1111111111111111,0.008008008008008008,0.3973973973973974,0.7087087087087087,0.8888888888888888,0.5930930930930931,0.12362362362362363,0.38288288288288286,0.5685685685685686,0.044044044044044044,0.0,0.5185185185185186,0.6956956956956957,0.41241241241241244,0.7512512512512513,1.08
0.6276276276276276,0.9179179179179178,0.5180180180180181,0.4544544544544544,0.47447447447447444,0.7352352352352352,0.5215215215215215,0.28228228228228225,0.8878878878878879,0.44244244244244246,0.6886886886886887,0.23923923923923923,0.9419419419419419,0.9634634634634635,0.04654654654654655,0.055055055055055056,0.0,0.43593593593593594,0.8778778778778779,0.9309309309309309,0.6611611611611612,1.271
0.6286286286286287,0.555055055055055,0.23923923923923923,0.7007007007007007,0.7912912912912913,0.6496496496496497,0.050050050050050046,0.982982982982983,0.05455455455455456,0.002002002002002002,0.7512512512512513,0.7737737737737738,0.2852852852852853,0.8168168168168168,0.537037037037037,0.4109109109109109,0.0,0.03403403403403403,0.0985985985985986,0.13363363363363362,0.43743743743743746,1.438
0.6296296296296297,0.5900900900900901,0.6491491491491492,0.19519519519519518,0.7577577577577578,0.23423423423423423,0.973973973973974,0.6201201201201201,0.27177177177177175,0.03903903903903904,0.507007007007007,0.5555555555555556,0.04804804804804805,0.16666666666666669,0.7517517517517518,0.30980980980980977,0.0,0.6716716716716717,0.4419419419419419,0.94994994994995,0.9819819819819819,1.382
0.6306306306306306,0.5025025025025025,0.6061061061061062,0.8823823823823824,0.8958958958958959,0.06956956956956957,0.8913913913913913,0.8423423423423424,0.09259259259259259,0.4454454454454454,0.14314314314314314,0.6751751751751751,0.058058058058058054,0.03153153153153153,0.996996996996997,0.6461461461461462,0.0,0.5710710710710711,0.21921921921921922,0.25225225225225223,0.7132132132132132,1.259
0.6316316316316316,0.0,0.15065065065065064,0.7447447447447448,0.8728728728728729,0.2802802802802803,0.5430430430430431,0.8813813813813813,0.8108108108108107,0.28128128128128127,0.2012012012012012,0.39239239239239243,0.5325325325325325,0.8443443443443444,0.3263263263263263,0.9074074074074074,0.0,0.2847847847847848,0.6526526526526526,0.04704704704704705,0.1916916916916917,1.334
0.6326326326326326,0.7657657657657657,0.6761761761761762,0.07707707707707709,0.04954954954954954,0.36436436436436437,0.6621621621621621,0.4094094094094094,0.14864864864864863,0.9844844844844844,0.4229229229229229,0.1991991991991992,0.9849849849849854,0.6281281281281281,0.5145145145145145,0.4814814814814815,0.0,0.11911911911911913,0.2582582582582582,0.982982982982983,0.6151151151151151,1.11
0.6336336336336337,0.43593593593593594,0.5980980980980981,0.7497497497497498,0.17067067067067065,0.8548548548548549,0.25675675675675674,0.2092092092092092,0.18468468468468469,0.37887887887887883,0.9284284284284283,0.6281281281281281,0.27127127127127126,0.2247247247247247,0.7717717717717718,0.5595595595595595,0.0,0.7392392392392393,0.2767767767767768,0.2932932932932933,0.994994994994995,1.378
0.6346346346346347,0.7147147147147147,0.11561561561561562,0.2802802802802803,0.31181181181181183,0.8183183183183182,0.2592592592592593,0.6266266266266267,0.519019019019019,0.3718718718718719,0.8288288288288288,0.4614614614614615,0.008008008008008008,0.44244244244244246,0.8543543543543544,0.28928928928928926,0.0,0.4824824824824825,0.545045045045045,0.8598598598598599,0.6956956956956957,1.427
0.6356356356356356,0.043043043043043044,0.6061061061061062,0.6391391391391392,0.7512512512512513,0.11511511511511512,0.8893893893893894,0.06906906906906907,0.8923923923923924,0.448948948948949,0.04354354354354355,0.4494494494494494,0.05305305305305305,0.13863863863863862,0.7047047047047047,0.04504504504504504,0.0,0.957957957957958,0.8748748748748749,0.515015015015015,0.5305305305305306,1.237
0.6366366366366366,0.038538538538538544,0.9154154154154155,0.8123123123123124,0.18018018018018017,0.6741741741741742,0.22072072072072074,0.022022022022022022,0.8338338338338338,0.5345345345345345,0.35035035035035034,0.8343343343343343,0.7072072072072072,0.9059059059059059,0.4169169169169169,0.8718718718718719,0.0,0.6186186186186187,0.09109109109109109,0.44094094094094094,0.13713713713713716,1.151
0.6376376376376376,0.6851851851851851,0.13413413413413414,0.5355355355355356,0.09909909909909909,0.8358358358358358,0.6091091091091092,0.02102102102102102,0.586086086086086,0.9829829829829838,0.8338338338338338,0.3813813813813814,0.7992992992992993,0.30230230230230226,0.47847847847847846,0.4044044044044044,0.0,0.957957957957958,0.6841841841841843,0.3363363363363363,0.8993993993993994,1.273
0.6386386386386387,0.2927927927927928,0.016016016016016016,0.28228228228228225,0.12212212212212212,0.5265265265265265,0.5825825825825826,0.8273273273273274,0.6706706706706707,0.5175175175175175,0.33733733733733734,0.01951951951951952,0.3813813813813814,0.08208208208208208,0.45495495495495497,0.0995995995995996,0.0,0.35135135135135137,0.8033033033033032,0.16666666666666666,0.44544544544544545,1.509
0.6396396396396397,0.17567567567567566,0.8793793793793794,0.3943943943943944,0.14664664664664664,0.35835835835835844,0.5880880880880881,0.3053053053053053,0.586086086086086,0.06306306306306306,0.6206206206206206,0.938938938938939,0.4159159159159159,1.0,0.5340340340340339,0.4624624624624625,0.0,0.24024024024024024,0.6041041041041041,0.3313313313313313,0.3993993993993994,1.251
0.6406406406406405,0.2982982982982983,0.6441441441441441,0.6251251251251251,0.15615615615615616,0.7487487487487487,0.34434434434434436,0.12462462462462463,0.6641641641641642,0.9884884884884885,0.7007007007007007,0.4119119119119119,0.958958958958959,0.23823823823823825,0.009009009009009009,0.973973973973974,0.0,0.7677677677677677,0.8778778778778779,0.7577577577577577,0.48948948948948945,1.442
0.6416416416416416,0.9124124124124124,0.3663663663663663,0.1991991991991992,0.0970970970970971,0.7827827827827828,0.026026026026026026,0.44494494494494496,0.13063063063063063,0.9864864864864864,0.9309309309309309,0.4614614614614615,0.16166166166166165,0.2277277277277277,0.8163163163163163,0.1991991991991992,0.0,0.0065065065065065065,0.5930930930930931,0.12412412412412413,0.20070070070070067,0.991
0.6426426426426426,0.5995995995995996,0.9514514514514514,0.11211211211211211,0.2952952952952953,0.22872872872872874,0.44994994994994997,0.7062062062062062,0.04204204204204204,0.26426426426426425,0.6821821821821822,0.4494494494494494,0.4804804804804805,0.3843843843843844,0.6931931931931932,0.1046046046046046,0.0,0.5185185185185186,0.4289289289289289,0.40490490490490494,0.512012012012012,1.217
0.6436436436436437,0.2327327327327327,0.8818818818818819,0.4009009009009009,0.983983983983984,0.01001001001001001,0.9749749749749747,0.997997997997998,0.5015015015015015,0.5825825825825826,0.060560560560560556,0.8933933933933933,0.9419419419419419,0.8968968968968969,0.18118118118118118,0.5455455455455456,0.0,0.16316316316316315,0.5510510510510511,0.2902902902902903,0.6811811811811812,1.396
0.6446446446446447,0.6736736736736737,0.4069069069069069,0.18268268268268267,0.37987987987987987,0.7462462462462462,0.2952952952952953,0.4504504504504504,0.15815815815815815,0.8153153153153153,0.933933933933934,0.5595595595595595,0.5005005005005005,0.7552552552552553,0.14464464464464466,0.8983983983983983,0.0,0.026026026026026026,0.18768768768768768,0.46846846846846846,0.7617617617617618,1.262
0.6456456456456456,0.3908908908908909,0.6291291291291292,0.34934934934934936,0.4064064064064064,0.6806806806806805,0.4344344344344344,0.33433433433433435,0.4529529529529529,0.8753753753753755,0.6191191191191192,0.050050050050050046,0.7467467467467468,0.6461461461461462,0.07707707707707707,0.937937937937937,0.0,0.12362362362362361,0.8323323323323324,0.8628628628628628,0.93993993993994,1.153
0.6466466466466467,0.06156156156156156,0.7892892892892893,0.016016016016016016,0.22372372372372373,0.5090090090090089,0.2952952952952953,0.7612612612612613,0.3253253253253252,0.8893893893893894,0.4974974974974973,0.6961961961961962,0.33183183183183185,0.4479479479479479,0.8163163163163163,0.9949949949949932,0.0,0.06906906906906907,0.3993993993993994,0.8138138138138138,0.47697697697697694,1.251
0.6476476476476476,0.08358358358358359,0.4159159159159159,0.3658658658658659,0.8018018018018018,0.477977977977978,0.36286286286286284,0.2012012012012012,0.16266266266266266,0.5230230230230231,0.6596596596596597,0.9674674674674675,0.6846846846846847,0.13863863863863862,0.11911911911911911,0.48898898898898896,0.0,0.8833833833833834,0.7892892892892893,0.0945945945945946,0.45295295295295296,1.396
0.6486486486486487,0.26576576576576577,0.32432432432432434,0.33933933933933935,0.14914914914914915,0.3948948948948949,0.7362362362362362,0.24224224224224225,0.5485485485485486,0.7012012012012012,0.19119119119119118,0.6771771771771772,0.5005005005005005,0.14114114114114112,0.7967967967967968,0.6746746746746747,0.0,0.7722722722722724,0.5990990990990991,0.48098098098098097,0.38638638638638634,1.334
0.6496496496496497,0.04954954954954954,0.9594594594594594,0.6931931931931932,0.2632632632632632,0.46996996996997,0.8498498498498499,0.7947947947947948,0.05855855855855856,0.9514514514514514,0.6861861861861862,0.4394394394394394,0.7307307307307305,0.3313313313313313,0.05555555555555555,0.46346346346346345,0.0,0.5740740740740741,0.5045045045045045,0.8958958958958959,0.495995995995996,1.141
0.6506506506506505,0.6811811811811812,0.2532532532532532,0.03953953953953954,0.5065065065065065,0.36936936936936937,0.8388388388388388,0.5430430430430431,0.9334334334334334,0.9534534534534534,0.13413413413413414,0.012012012012012012,0.04004004004004004,0.17717717717717718,0.7717717717717718,0.10810810810810811,0.0,0.493993993993994,0.9459459459459459,0.6966966966966968,0.35535535535535534,1.411
0.6516516516516516,0.4204204204204204,0.17567567567567566,0.5620620620620621,0.4824824824824825,0.2272272272272272,0.7222222222222222,0.24474474474474472,0.506006006006006,0.8458458458458458,0.31181181181181183,0.3458458458458459,0.25675675675675674,0.6216216216216217,0.37487487487487486,0.8103103103103103,0.0,0.3738738738738739,0.37037037037037035,0.5985985985985987,0.30480480480480476,1.605
0.6526526526526526,0.4244244244244244,0.5330330330330331,0.9014014014014013,0.41491491491491495,0.5090090090090089,0.4454454454454454,0.47447447447447444,0.46596596596596596,0.7997997997997998,0.3948948948948949,0.11911911911911913,0.5195195195195195,0.5755755755755756,0.6791791791791792,0.12012012012012012,0.0,0.9114114114114114,0.9379379379379378,0.7297297297297297,0.5430430430430431,1.244
0.6536536536536537,0.1996996996996997,0.2727727727727728,0.05555555555555555,0.4084084084084084,0.7117117117117117,0.6536536536536537,0.47147147147147145,0.7732732732732732,0.11661661661661661,0.5325325325325325,0.8968968968968969,0.0995995995995996,0.864864864864865,0.995995995995996,0.8828828828828829,0.0,0.002002002002002002,0.9099099099099099,0.44394394394394393,0.26726726726726724,1.19
0.6546546546546547,0.1136136136136136,0.8063063063063063,0.552052052052052,0.9529529529529529,0.15515515515515516,0.5540540540540541,0.6891891891891893,0.9039039039039038,0.0945945945945946,0.1936936936936937,0.5805805805805806,0.5955955955955956,0.9224224224224224,0.9324324324324325,0.3313313313313313,0.0,0.29679679679679677,0.40240240240240244,0.5765765765765766,0.34284284284284283,1.115
0.6556556556556556,0.3008008008008008,0.043043043043043044,0.9224224224224224,0.5820820820820821,0.35935935935935936,0.31681681681681684,0.5135135135135135,0.481981981981982,0.1921921921921922,0.3988988988988989,0.13063063063063063,0.05955955955955956,0.04254254254254254,0.8783783783783784,0.7297297297297297,0.0,0.24474474474474472,0.38538538538538536,0.3733733733733734,0.6356356356356356,1.401
0.6566566566566567,0.036036036036036036,0.8988988988988988,0.494994994994995,0.45295295295295296,0.24224224224224225,0.18768768768768768,0.0970970970970971,0.51001001001001,0.1041041041041041,0.46096096096096095,0.9239239239239241,0.48948948948948945,0.9674674674674675,0.5415415415415415,0.9719719719719719,0.0,0.34184184184184185,0.28978978978978975,0.40140140140140135,0.006006006006006006,1.011
0.6576576576576576,0.24424424424424424,0.45095095095095095,0.06256256256256257,0.8588588588588588,0.12612612612612611,0.9279279279279277,0.96996996996997,0.48598598598598597,0.018018018018018018,0.11011011011011011,0.8708708708708708,0.7847847847847848,0.7702702702702703,0.5295295295295295,0.7112112112112112,0.0,0.1136136136136136,0.2017017017017017,0.9434434434434434,0.9569569569569569,1.247
0.6586586586586587,0.7857857857857858,0.7982982982982982,0.9469469469469469,0.7062062062062062,0.4089089089089089,0.4034034034034034,0.8958958958958959,0.04504504504504504,0.6831831831831832,0.6036036036036038,0.9009009009009009,0.07457457457457457,0.7382382382382382,0.6656656656656657,0.5340340340340339,0.0,0.8718718718718719,0.17317317317317316,0.011011011011011011,0.6236236236236237,1.254
0.6596596596596597,0.8408408408408408,0.47947947947947944,0.5820820820820821,0.8683683683683683,0.32832832832832837,0.6026026026026026,0.3893893893893894,0.8203203203203203,0.3183183183183183,0.19019019019019018,0.3813813813813814,0.002002002002002002,0.6751751751751751,0.977977977977978,0.2127127127127127,0.0,0.8188188188188188,0.494994994994995,0.7622622622622622,0.551051051051051,1.21
0.6606606606606605,0.5025025025025025,0.546046046046046,0.40490490490490494,0.2932932932932933,0.8768768768768769,0.14014014014014015,0.36786786786786785,0.05655655655655656,0.18218218218218218,0.9159159159159159,0.7957957957957957,0.8663663663663663,0.14914914914914915,0.01001001001001001,0.7582582582582582,0.0,0.9239239239239239,0.21421421421421422,0.9604604604604605,0.8758758758758759,1.1
0.6616616616616616,0.9549549549549549,0.6956956956956957,0.18268268268268267,0.494994994994995,0.5325325325325325,0.18768768768768768,0.54004004004004,0.07157157157157157,0.27627627627627627,0.7412412412412412,0.22022022022022023,0.31981981981981983,0.037037037037037035,0.22972972972972971,0.4369369369369369,0.0,0.17367367367367367,0.4064064064064064,0.5790790790790791,0.2817817817817818,1.327
0.6626626626626627,0.6811811811811812,0.45095095095095095,0.23523523523523523,0.4454454454454454,0.6166166166166166,0.6356356356356356,0.5355355355355356,0.9679679679679679,0.49099099099099097,0.3148148148148148,0.013013013013013013,0.24024024024024024,0.5615615615615616,0.7292292292292293,0.22522522522522523,0.0,0.08208208208208209,0.9949949949949949,0.980980980980981,0.3153153153153153,1.31
0.6636636636636637,0.43593593593593594,0.023023023023023025,0.14364364364364363,0.6736736736736737,0.28428428428428426,0.3408408408408409,0.2277277277277277,0.5485485485485486,0.9314314314314314,0.4079079079079079,0.39239239239239243,0.965965965965966,0.6971971971971972,0.13263263263263264,0.5325325325325325,0.0,0.15715715715715717,0.04004004004004004,0.23273273273273273,0.17367367367367367,1.502
0.6646646646646647,0.4624624624624625,0.9224224224224224,0.6786786786786787,0.03953953953953954,0.7017017017017018,0.5325325325325325,0.3023023023023023,0.036036036036036036,0.6906906906906907,0.8298298298298298,0.8753753753753755,0.34184184184184185,0.6956956956956957,0.25075075075075076,0.2177177177177177,0.0,0.27177177177177175,0.7157157157157157,0.8598598598598599,0.463963963963964,1.362
0.6656656656656657,0.7632632632632632,1.0,0.519019019019019,0.5755755755755756,0.4089089089089089,0.05105105105105105,0.7867867867867868,0.024024024024024024,0.25625625625625625,0.8068068068068068,0.12462462462462463,0.031031031031031032,0.5075075075075075,0.7362362362362362,0.3918918918918919,0.0,0.29229229229229226,0.2582582582582582,0.997997997997998,0.021521521521521522,1.128
0.6666666666666667,0.6966966966966968,0.937937937937938,0.5890890890890891,0.15115115115115116,0.8888888888888888,0.36036036036036034,0.41241241241241244,0.7117117117117118,0.6351351351351351,0.8858858858858859,0.8178178178178178,0.7432432432432432,0.6891891891891893,0.14864864864864863,0.07607607607607608,0.0,0.8368368368368369,0.8668668668668669,0.7322322322322322,0.7422422422422423,1.204
0.6676676676676677,0.05755755755755755,0.5630630630630631,0.17417417417417427,0.7007007007007007,0.4059059059059059,0.5695695695695696,0.3153153153153153,0.7682682682682682,0.13513513513513514,0.2107107107107107,0.16216216216216217,0.46596596596596596,0.6606606606606606,0.45495495495495497,0.15515515515515516,0.0,0.7262262262262262,0.6081081081081081,0.6221221221221221,0.17067067067067065,1.228
0.6686686686686687,0.4904904904904905,0.8538538538538538,0.21871871871871873,0.022022022022022022,0.9379379379379378,0.2742742742742743,0.07057057057057056,0.8993993993993994,0.6301301301301301,0.8803803803803805,0.7907907907907907,0.8978978978978976,0.9849849849849853,0.20120120120120122,0.12212212212212212,0.0,0.005005005005005005,0.8983983983983983,0.6356356356356356,0.48948948948948945,1.343
0.6696696696696697,0.7657657657657657,0.09409409409409408,0.6311311311311312,0.25625625625625625,0.5355355355355356,0.05205205205205205,0.8588588588588588,0.19069069069069067,0.9534534534534534,0.7347347347347347,0.22522522522522523,0.02702702702702703,0.2857857857857858,0.5805805805805806,0.5765765765765766,0.0,0.5915915915915916,0.5880880880880881,0.9279279279279278,0.5395395395395395,1.072
0.6706706706706705,0.028028028028028028,0.31931931931931934,0.482982982982983,0.9749749749749743,0.03453453453453453,0.953953953953954,0.9419419419419419,0.8283283283283283,0.02102102102102102,0.04904904904904905,0.34984984984984985,0.05405405405405406,0.4034034034034034,0.8443443443443444,0.8968968968968969,0.0,0.7212212212212212,0.23473473473473472,0.4379379379379379,0.5855855855855856,1.235
0.6716716716716716,0.5580580580580581,0.08508508508508508,0.8798798798798799,0.22122122122122123,0.6611611611611612,0.6391391391391392,0.498998998998999,0.8243243243243243,0.8193193193193193,0.5375375375375375,0.6036036036036037,0.8438438438438438,0.476976976976977,0.488988988988989,0.04104104104104104,0.0,0.8073073073073074,0.8908908908908908,0.6446446446446447,0.8878878878878878,1.167
0.6726726726726727,0.48448448448448445,0.34934934934934936,0.51001001001001,0.6046046046046046,0.6306306306306306,0.03803803803803804,0.3918918918918919,0.24924924924924927,0.15565565565565564,0.6001001001001001,0.08858858858858859,0.18118118118118118,0.0075075075075075074,0.3363363363363363,0.1136136136136136,0.0,0.487987987987988,0.5990990990990991,0.5960960960960962,0.02852852852852853,1.312
0.6736736736736737,0.27627627627627627,0.6906906906906907,0.2882882882882883,0.39539539539539537,0.3968968968968969,0.7007007007007006,0.8723723723723724,0.13513513513513514,0.9024024024024024,0.6396396396396397,0.14864864864864863,0.14214214214214213,0.025025025025025023,0.7947947947947948,0.37537537537537535,0.0,0.4774774774774775,0.8143143143143143,0.5040040040040039,0.938938938938939,1.082
0.6746746746746747,0.27127127127127126,0.11911911911911913,0.0970970970970971,0.7337337337337337,0.5065065065065065,0.2077077077077077,0.5455455455455456,0.2752752752752753,0.39739739739739743,0.5415415415415415,0.5930930930930931,0.0980980980980981,0.028528528528528527,0.7337337337337337,0.7847847847847848,0.0,0.5480480480480481,0.02702702702702703,0.6726726726726726,0.43043043043043044,1.448
0.6756756756756757,0.6511511511511512,0.7287287287287287,0.28228228228228225,0.2067067067067067,0.950950950950951,0.02002002002002002,0.07807807807807807,0.5775775775775776,0.38288288288288286,0.8738738738738738,0.34984984984984985,0.7612612612612613,0.8068068068068068,0.41241241241241244,0.5885885885885886,0.0,0.38738738738738737,0.06006006006006006,0.48098098098098097,0.017017017017017015,1.277
0.6766766766766767,0.10560560560560561,0.4934934934934935,0.18118118118118118,0.6526526526526526,0.13413413413413414,0.8938938938938938,0.973973973973974,0.4114114114114114,0.4984984984984985,0.2952952952952953,0.8408408408408408,0.7882882882882882,0.8673673673673674,0.45145145145145144,0.8778778778778779,0.0,0.057057057057057055,0.17867867867867868,0.6391391391391392,0.2567567567567568,1.337
0.6776776776776776,0.25925925925925924,0.637137137137137,0.7717717717717718,0.45895895895895894,0.3078078078078078,0.6006006006006006,0.8998998998998999,0.41491491491491495,0.6976976976976976,0.3813813813813814,0.6916916916916918,0.8088088088088088,0.612112112112112,0.27877877877877877,0.16666666666666669,0.0,0.3688688688688689,0.5310310310310311,0.991991991991992,0.23323323323323325,1.364
0.6786786786786787,0.18768768768768768,0.7102102102102101,0.6596596596596597,0.6686686686686687,0.16866866866866864,0.9529529529529529,0.923923923923924,0.29479479479479476,0.3273273273273273,0.5140140140140139,0.9159159159159159,0.8953953953953954,0.8903903903903904,0.04354354354354355,0.15115115115115116,0.0,0.17367367367367367,0.45495495495495497,0.20620620620620622,0.9089089089089089,1.087
0.6796796796796797,0.8808808808808809,0.582082082082082,0.2107107107107107,0.4114114114114114,0.5135135135135135,0.06956956956956957,0.5045045045045045,0.9304304304304305,0.6506506506506506,0.33933933933933935,0.06006006006006006,0.3163163163163163,0.8298298298298299,0.7022022022022022,0.5515515515515516,0.0,0.7482482482482482,0.5385385385385386,0.9309309309309309,0.3733733733733734,1.122
0.6806806806806805,0.5125125125125125,0.30930930930930933,0.8188188188188188,0.980980980980981,0.013013013013013013,1.0,0.9019019019019019,0.7732732732732732,0.6881881881881882,0.03403403403403403,0.038538538538538544,0.7197197197197197,0.5880880880880881,0.8628628628628628,0.572072072072072,0.0,0.9289289289289289,0.9429429429429429,0.18618618618618618,0.9044044044044044,1.175
0.6816816816816816,0.3663663663663663,0.5215215215215214,0.2552552552552553,0.011011011011011011,0.953953953953954,0.03953953953953954,0.28228228228228225,0.7582582582582582,0.13213213213213212,0.913913913913914,0.06706706706706707,0.24324324324324326,0.13713713713713713,0.5985985985985987,0.7947947947947948,0.0,0.1136136136136136,0.8173173173173174,0.7622622622622622,0.060560560560560556,1.26
0.6826826826826827,0.06556556556556556,0.43293293293293295,0.23673673673673673,0.3213213213213213,0.4444444444444444,0.22972972972972971,0.5010010010010011,0.602102102102102,0.7837837837837838,0.22872872872872874,0.27977977977977975,0.8113113113113113,0.6491491491491492,0.8913913913913913,0.6571571571571571,0.0,0.29679679679679677,0.43743743743743746,0.6176176176176176,0.512012012012012,1.106
0.6836836836836837,0.9304304304304305,0.0035035035035035035,0.027527527527527528,0.6066066066066066,0.13063063063063063,0.7537537537537538,0.3653653653653653,0.481981981981982,0.5980980980980981,0.05205205205205205,0.8678678678678677,0.32732732732732733,0.3733733733733734,0.8278278278278278,0.4224224224224224,0.0,0.6391391391391392,0.015015015015015015,0.15565565565565564,0.9064064064064064,1.202
0.6846846846846847,0.6676676676676676,0.5215215215215214,0.1266266266266266,0.9379379379379378,0.15615615615615616,0.6281281281281281,0.525025025025025,0.35035035035035034,0.17317317317317318,0.43593593593593594,0.6386386386386387,0.3688688688688688,0.8808808808808809,0.9004004004004005,0.45695695695695693,0.0,0.5185185185185186,0.494994994994995,0.5105105105105106,0.0990990990990991,1.202
0.6856856856856857,0.8088088088088088,0.5180180180180181,0.94994994994995,0.060560560560560556,0.8598598598598598,0.3818818818818819,0.01901901901901902,0.7117117117117118,0.537037037037037,0.5860860860860861,0.018018018018018018,0.2852852852852853,0.15565565565565564,0.8138138138138138,0.2867867867867868,0.0,0.7087087087087087,0.6276276276276276,0.2172172172172172,0.9519519519519519,1.143
0.6866866866866868,0.7092092092092093,0.7657657657657657,0.043043043043043044,0.08008008008008008,0.955955955955956,0.26626626626626626,0.007007007007007007,0.8243243243243243,0.8918918918918919,0.8003003003003002,0.26376376376376376,0.2937937937937938,0.2777777777777778,0.587087087087087,0.1941941941941942,0.0,0.3813813813813814,0.984984984984985,0.7187187187187187,0.9204204204204205,1.173
0.6876876876876876,0.998998998998999,0.6136136136136137,0.25225225225225223,0.24624624624624625,0.9019019019019019,0.11761761761761762,0.5745745745745745,0.15815815815815815,0.995995995995996,0.9829829829829829,0.5380380380380381,0.8573573573573574,0.6691691691691692,0.008008008008008008,0.3868868868868869,0.0,0.4019019019019019,0.17317317317317316,0.37037037037037035,0.21371371371371373,1.243
0.6886886886886887,0.7742742742742743,0.8818818818818819,0.8468468468468469,0.5125125125125125,0.23673673673673673,0.6026026026026026,0.7392392392392393,0.2752752752752753,0.49099099099099097,0.31181181181181183,0.36036036036036034,0.21521521521521522,0.503003003003003,0.6316316316316316,0.4464464464464465,0.0,0.6426426426426426,0.5045045045045045,0.6751751751751751,0.7457457457457457,1.096
0.6896896896896897,0.8198198198198199,0.5705705705705706,0.57007007007007,0.8213213213213213,0.4114114114114114,0.6281281281281281,0.6026026026026026,0.22872872872872874,0.44244244244244246,0.4994994994994995,0.31831831831831836,0.5655655655655656,0.26726726726726724,0.37487487487487486,0.5010010010010011,0.0,0.34184184184184185,0.05205205205205205,0.8833833833833834,0.7197197197197197,1.133
0.6906906906906906,0.953953953953954,0.6061061061061062,0.2727727727727728,0.8533533533533533,0.26726726726726724,0.3408408408408409,0.517017017017017,0.6176176176176176,0.7777777777777777,0.3833833833833834,0.30180180180180183,0.45245245245245247,0.16366366366366364,0.8698698698698699,0.3338338338338338,0.0,0.15715715715715717,0.5085085085085085,0.6486486486486487,0.12862862862862862,1.224
0.6916916916916916,0.8268268268268268,0.8078078078078076,0.514014014014014,0.6506506506506506,0.12012012012012012,0.9234234234234233,0.8353353353353353,0.6361361361361362,0.5630630630630631,0.08108108108108109,0.6036036036036037,0.6421421421421422,0.6296296296296297,0.7557557557557557,0.6261261261261262,0.0,0.487987987987988,0.33433433433433435,0.029029029029029027,0.6511511511511512,1.023
0.6926926926926927,0.8648648648648649,0.6136136136136137,0.1931931931931932,0.27727727727727725,0.5265265265265265,0.4064064064064064,0.23523523523523523,0.04854854854854855,0.6261261261261262,0.8078078078078074,0.6711711711711712,0.492992992992993,0.8958958958958959,0.35685685685685686,0.13563563563563563,0.0,0.16666666666666669,0.3913913913913914,0.5765765765765766,0.31931931931931934,1.199
0.6936936936936937,0.7262262262262262,0.8848848848848849,0.15265265265265265,1.0,0.003003003003003003,0.990990990990991,0.9144144144144144,0.5645645645645645,0.5530530530530531,0.014514514514514514,0.519019019019019,0.39289289289289286,0.495995995995996,0.5925925925925926,0.6866866866866866,0.0,0.3058058058058058,0.7047047047047047,0.8258258258258258,0.8718718718718719,1.001
0.6946946946946947,0.5460460460460461,0.6351351351351351,0.7967967967967968,0.7242242242242243,0.44594594594594594,0.6356356356356356,0.41241241241241244,0.38038038038038036,0.8708708708708708,0.17267267267267267,0.6321321321321322,0.8708708708708708,0.32932932932932935,0.05755755755755755,0.27627627627627627,0.0,0.957957957957958,0.15415415415415415,0.8563563563563563,0.7567567567567568,1.246
0.6956956956956957,0.07507507507507508,0.22022022022022023,0.34534534534534533,0.7387387387387387,0.2917917917917918,0.5335335335335335,0.12712712712712712,0.7582582582582582,0.9049049049049049,0.14164164164164164,0.15865865865865866,0.5980980980980981,0.1011011011011011,0.7822822822822824,0.5995995995995996,0.0,0.5880880880880881,0.16216216216216217,0.002002002002002002,0.36736736736736736,1.267
0.6966966966966968,0.8058058058058057,0.4209209209209209,0.004004004004004004,0.012012012012012012,0.9779779779779779,0.18768768768768768,0.04654654654654655,0.8898898898898899,0.6041041041041041,0.986986986986987,0.04104104104104115,0.7287287287287287,0.8778778778778779,0.34134134134134136,0.2807807807807808,0.0,0.08658658658658658,0.9014014014014013,0.8403403403403403,0.3288288288288288,1.411
0.6976976976976976,0.7232232232232232,0.8663663663663663,0.6596596596596597,0.22372372372372373,0.7087087087087087,0.44044044044044045,0.39489489489489493,0.16616616616616617,0.9864864864864864,0.8208208208208209,0.7992992992992993,0.35435435435435436,0.4084084084084084,0.7717717717717718,0.5380380380380381,0.0,0.20370370370370372,0.5545545545545545,0.6751751751751751,0.4714714714714715,1.3
0.6986986986986987,0.5230230230230231,0.2702702702702703,0.9269269269269269,0.7797797797797797,0.1091091091091091,0.9319319319319319,0.5785785785785785,0.8283283283283283,0.3273273273273273,0.05855855855855856,0.24774774774774777,0.23173173173173173,0.6426426426426426,0.6286286286286287,0.6796796796796797,0.0,0.29229229229229226,0.4864864864864865,0.5810810810810811,0.8213213213213213,1.286
0.6996996996996997,0.25625625625625625,0.47947947947947944,0.7252252252252251,0.03403403403403403,0.7837837837837838,0.25675675675675674,0.7797797797797797,0.3973973973973974,0.8073073073073074,0.8248248248248248,0.5045045045045045,0.36036036036036034,0.12462462462462463,0.5565565565565566,0.5565565565565566,0.0,0.25225225225225223,0.02052052052052052,0.3663663663663664,0.5005005005005005,0.949
0.7007007007007006,0.19069069069069067,0.8168168168168168,0.6251251251251251,0.5820820820820821,0.16316316316316315,0.8438438438438438,0.6986986986986987,0.33433433433433435,0.08358358358358359,0.22072072072072071,0.985985985985986,0.1136136136136136,0.92992992992993,0.7402402402402403,0.8278278278278275,0.0,0.8833833833833834,0.3748748748748749,0.06956956956956957,0.30480480480480476,1.32
0.7017017017017017,0.7567567567567568,0.8518518518518519,0.5620620620620621,0.21671671671671672,0.7412412412412412,0.13713713713713713,0.1151151151151151,0.8848848848848849,0.8458458458458458,0.5310310310310311,0.7467467467467468,0.2852852852852853,0.12862862862862862,0.5085085085085085,0.5135135135135135,0.0,0.957957957957958,0.23973973973973972,0.4469469469469469,0.8113113113113113,1.078
0.7027027027027027,0.17067067067067065,0.9569569569569569,0.03653653653653653,0.5565565565565566,0.5475475475475475,0.53003003003003,0.6871871871871872,0.11411411411411411,0.36986986986986986,0.8168168168168168,0.6436436436436437,0.8488488488488488,0.983983983983984,0.06106106106106106,0.4109109109109109,0.0,0.024024024024024024,0.3103103103103103,0.9554554554554555,0.07407407407407407,1.286
0.7037037037037037,0.955955955955956,0.6061061061061062,0.029029029029029027,0.031031031031031032,0.948948948948949,0.035035035035035036,0.16466466466466467,0.9214214214214214,0.9234234234234233,0.92992992992993,0.8263263263263263,0.8183183183183182,0.6991991991991993,0.545045045045045,0.5045045045045045,0.0,0.15015015015015015,0.6416416416416416,0.484984984984985,0.3388388388388388,1.274
0.7047047047047047,0.8908908908908909,0.07157157157157157,0.7407407407407407,0.1991991991991992,0.7462462462462462,0.15715715715715717,0.13463463463463463,1.0,0.9284284284284283,0.17517517517517517,0.2707707707707708,0.7522522522522522,0.6046046046046046,0.27877877877877877,0.43293293293293295,0.0,0.5125125125125125,0.25475475475475473,0.6091091091091091,0.02002002002002002,1.36
0.7057057057057057,0.22372372372372373,0.6096096096096096,0.9269269269269269,0.5565565565565566,0.6956956956956957,0.7592592592592593,0.17767767767767767,0.6231231231231231,0.494994994994995,0.6741741741741742,0.36436436436436437,0.24324324324324326,0.24824824824824826,0.24024024024024024,0.8788788788788788,0.0,0.5835835835835836,0.8858858858858859,0.6881881881881882,0.8413413413413413,1.066
0.7067067067067068,0.6451451451451451,0.35785785785785784,0.6596596596596597,0.7717717717717718,0.4244244244244244,0.6586586586586587,0.4169169169169169,0.9664664664664664,0.23423423423423423,0.0895895895895896,0.15115115115115116,0.32732732732732733,0.7702702702702703,0.23723723723723722,0.15265265265265265,0.0,0.9629629629629629,0.43243243243243246,0.4379379379379379,0.7252252252252251,1.319
0.7077077077077076,0.47847847847847846,0.4754754754754755,0.11561561561561562,0.35685685685685686,0.5385385385385385,0.2882882882882883,0.33983983983983984,0.23573573573573575,0.051551551551551555,0.5140140140140139,0.39789789789789787,0.8843843843843844,0.7507507507507507,0.970970970970971,0.5340340340340339,0.0,0.5185185185185186,0.5280280280280281,0.9464464464464464,0.4479479479479479,1.118
0.7087087087087087,0.8893893893893894,0.933933933933934,0.8093093093093093,0.7362362362362362,0.3408408408408409,0.5025025025025025,0.18618618618618618,0.5940940940940941,0.6136136136136137,0.22072072072072071,0.06856856856856856,0.22572572572572572,0.3513513513513513,0.973973973973974,0.34034034034034033,0.0,0.9239239239239239,0.7977977977977977,0.9879879879879879,0.13713713713713716,1.106
0.7097097097097097,0.7287287287287287,0.7247247247247247,0.57007007007007,0.48598598598598597,0.5830830830830831,0.2102102102102102,0.6266266266266267,0.8463463463463463,0.24324324324324326,0.28978978978978975,0.8033033033033032,0.5955955955955956,0.8443443443443444,0.46846846846846846,0.6586586586586587,0.0,0.35735735735735735,0.2927927927927928,0.8648648648648649,0.06456456456456457,1.473
0.7107107107107106,0.045545545545545546,0.9254254254254255,0.8093093093093093,0.9279279279279278,0.05455455455455456,0.5245245245245245,0.24324324324324328,0.7627627627627628,0.08008008008008008,0.023023023023023025,0.22522522522522523,0.2852852852852853,0.547047047047047,0.8278278278278278,0.48898898898898896,0.0,0.8548548548548549,0.7617617617617618,0.7212212212212212,0.014014014014014014,1.346
0.7117117117117117,0.541041041041041,0.4579579579579579,0.97997997997998,0.2907907907907908,0.9209209209209209,0.24924924924924924,0.15865865865865864,0.7432432432432432,0.15565565565565564,0.9504504504504505,0.7117117117117118,0.938938938938939,0.2987987987987988,0.47847847847847846,0.03003003003003003,0.0,0.8223223223223224,0.17717717717717718,0.02252252252252252,0.955955955955956,1.108
0.7127127127127127,0.9669669669669669,0.43993993993993996,0.24574574574574576,0.5225225225225225,0.20070070070070067,0.8568568568568569,0.965965965965966,0.34184184184184185,0.7587587587587588,0.44644644644644643,0.7117117117117118,0.8143143143143143,0.6151151151151151,0.6211211211211212,0.25225225225225223,0.0,0.22872872872872874,0.5580580580580581,0.515015015015015,0.8063063063063063,1.229
0.7137137137137137,0.08808808808808809,0.42492492492492495,0.6311311311311312,0.45295295295295296,0.2772772772772773,0.6426426426426426,0.4369369369369369,0.6971971971971972,0.25925925925925924,0.4079079079079079,0.18068068068068066,0.7917917917917918,0.8413413413413413,0.03453453453453453,0.48898898898898896,0.0,0.25225225225225223,0.9264264264264264,0.4624624624624625,0.007007007007007007,1.321
0.7147147147147147,0.9354354354354355,0.2277277277277277,0.8723723723723724,0.5885885885885886,0.16466466466466467,0.7812812812812813,0.7247247247247247,0.458958958958959,0.7812812812812813,0.3323323323323323,0.7652652652652653,0.9639639639639639,0.928928928928929,0.18568568568568566,0.8408408408408408,0.0,0.1966966966966967,0.6841841841841843,0.5790790790790791,0.4444444444444444,1.4
0.7157157157157157,0.05905905905905909,0.4579579579579579,0.4864864864864865,0.19519519519519518,0.33783783783783783,0.2857857857857858,0.7527527527527527,0.06306306306306306,0.5175175175175175,0.521021021021021,0.8903903903903904,0.22122122122122123,0.2987987987987988,0.2742742742742743,0.9159159159159159,0.0,0.6946946946946947,0.008508508508508508,0.48948948948948945,0.3633633633633634,1.376
0.7167167167167168,0.5775775775775776,0.5415415415415415,0.8723723723723724,0.25225225225225223,0.7187187187187187,0.2592592592592593,0.5585585585585586,0.31681681681681684,0.06306306306306306,0.6606606606606605,0.8153153153153153,0.6681681681681682,0.6856856856856857,0.6076076076076076,0.8023023023023024,0.0,0.6336336336336337,0.6911911911911912,0.7087087087087087,0.16016016016016016,1.228
0.7177177177177176,0.5325325325325325,0.16166166166166165,0.7552552552552553,0.12862862862862862,0.8998998998998999,0.2057057057057057,0.05555555555555555,0.6126126126126126,0.9069069069069069,0.9234234234234233,0.3088088088088088,0.4574574574574575,0.8268268268268268,0.587087087087087,0.8538538538538538,0.0,0.3813813813813814,0.7692692692692693,0.0995995995995996,0.7097097097097097,1.282
0.7187187187187187,0.6851851851851851,0.14714714714714716,0.7007007007007007,0.6856856856856857,0.5460460460460461,0.3688688688688689,0.7917917917917918,0.3698698698698699,0.567067067067067,0.6351351351351351,0.8363363363363363,0.07057057057057056,0.7262262262262262,0.997997997997998,0.14464464464464466,0.0,0.35735735735735735,0.37737737737737737,0.9089089089089089,0.12012012012012012,1.444
0.7197197197197197,0.9044044044044044,0.23123123123123124,0.1991991991991992,0.9019019019019019,0.38288288288288286,0.536036036036036,0.5355355355355356,0.24224224224224222,0.1866866866866867,0.4824824824824826,0.30180180180180183,0.27477477477477474,0.965965965965966,0.9669669669669669,0.22822822822822822,0.0,0.22872872872872874,0.028028028028028028,0.8378378378378377,0.7777777777777777,1.482
0.7207207207207206,0.32332332332332336,0.17317317317317318,0.5820820820820821,0.1841841841841842,0.7507507507507503,0.3503503503503503,0.3918918918918919,0.06456456456456457,0.2852852852852853,0.6936936936936937,0.7762762762762763,0.22972972972972971,0.016516516516516516,0.6791791791791792,0.03353353353353353,0.0,0.8783783783783784,0.3913913913913914,0.7387387387387387,0.29179179179179177,1.213
0.7217217217217217,0.009009009009009009,0.4579579579579579,0.23223223223223222,0.8128128128128128,0.17217217217217218,0.06506506506506507,0.7527527527527527,0.07757757757757758,0.6191191191191191,0.5455455455455456,0.2462462462462463,0.6211211211211212,0.06806806806806806,0.21671671671671672,0.9429429429429429,0.0,0.5710710710710711,0.04254254254254254,0.8833833833833834,0.032532532532532535,1.239
0.7227227227227228,0.4624624624624625,0.5085085085085085,0.08258258258258258,0.46346346346346345,0.7017017017017018,0.5730730730730731,0.37537537537537535,0.7547547547547547,0.8863863863863863,0.6076076076076076,0.4394394394394394,0.7017017017017018,0.8863863863863863,0.4144144144144144,0.542042042042042,0.0,0.041541541541541535,0.7307307307307307,0.6516516516516516,0.4344344344344344,1.368
0.7237237237237237,0.3563563563563563,0.5980980980980981,0.8263263263263263,0.4314314314314315,0.8338338338338338,0.26626626626626626,0.2172172172172172,0.960960960960961,0.19019019019019018,0.7547547547547547,0.6281281281281281,0.5575575575575575,0.8778778778778779,0.488988988988989,0.25225225225225223,0.0,0.22022022022022023,0.3508508508508509,0.2932932932932933,0.39289289289289286,1.037
0.7247247247247247,0.7897897897897898,0.2702702702702703,0.33433433433433435,0.48848848848848847,0.4214214214214214,0.8823823823823824,0.39889889889889885,0.6706706706706707,0.9819819819819819,0.3758758758758759,0.4354354354354354,0.7727727727727728,0.6491491491491492,0.5985985985985987,0.9174174174174174,0.0,0.3688688688688689,0.7722722722722724,0.45645645645645644,0.9529529529529529,1.247
0.7257257257257257,0.6966966966966968,0.40240240240240244,0.7447447447447448,0.1991991991991992,0.8023023023023024,0.6356356356356356,0.3583583583583584,0.7952952952952952,0.7647647647647647,0.7817817817817818,0.32232232232232233,0.2937937937937938,0.8808808808808809,0.5765765765765766,0.26726726726726724,0.0,0.5645645645645645,0.6586586586586587,0.7062062062062062,0.8063063063063063,1.231
0.7267267267267268,0.1966966966966967,0.8723723723723724,0.2072072072072072,0.8368368368368369,0.08358358358358359,0.8508508508508509,0.8858858858858859,0.5545545545545545,0.5230230230230231,0.028028028028028028,0.8128128128128128,0.34184184184184185,0.637137137137137,0.5590590590590591,0.6431431431431431,0.0,0.24274274274274274,0.9569569569569569,0.6911911911911912,0.14064064064064064,1.29
0.7277277277277276,0.32332332332332336,0.07007007007007007,0.8923923923923924,0.7122122122122122,0.17317317317317318,0.3278278278278278,0.995995995995996,0.15815815815815815,0.965965965965966,0.26726726726726724,0.32732732732732733,0.07457457457457457,0.08908908908908908,0.6176176176176176,0.7377377377377378,0.0,0.09259259259259259,0.12362362362362363,0.6536536536536537,0.012012012012012012,1.221
0.7287287287287287,0.5595595595595596,0.8238238238238238,0.4144144144144144,0.41491491491491495,0.46096096096096095,0.7247247247247247,0.7322322322322322,0.7432432432432432,0.7537537537537538,0.5090090090090089,0.0935935935935936,0.7522522522522522,0.1036036036036036,0.35685685685685686,0.14264264264264265,0.0,0.2172172172172172,0.7642642642642643,0.9524524524524525,0.4079079079079079,1.111
0.7297297297297297,0.05755755755755755,0.2702702702702703,0.5660660660660661,0.516016016016016,0.32332332332332336,0.5160160160160161,0.8208208208208209,0.572072072072072,0.39739739739739743,0.1966966966966967,0.37537537537537535,0.9359359359359359,0.08008008008008008,0.22572572572572575,0.30680680680680683,0.0,0.7527527527527527,0.031031031031031032,0.549049049049049,0.7187187187187187,1.239
0.7307307307307306,0.9264264264264264,0.991991991991992,0.023523523523523524,0.22372372372372373,0.5025025025025025,0.7187187187187187,0.6766766766766767,0.8818818818818819,0.5825825825825826,0.26226226226226224,0.9139139139139139,0.8408408408408409,0.997997997997998,0.9304304304304305,0.3938938938938939,0.0,0.8463463463463463,0.9039039039039038,0.9359359359359359,0.8588588588588588,0.941
0.7317317317317318,0.965965965965966,0.8453453453453453,0.552052052052052,0.9719719719719719,0.07107107107107107,0.92992992992993,0.30930930930930933,0.5940940940940941,0.48848848848848847,0.10810810810810811,0.044044044044044044,0.004004004004004004,0.023023023023023025,0.8353353353353353,0.5205205205205206,0.0,0.36436436436436437,0.7522522522522522,0.7847847847847848,0.23973973973973972,1.38
0.7327327327327328,0.7407407407407407,0.9094094094094094,0.8858858858858859,0.7192192192192193,0.3563563563563563,0.6921921921921922,0.4054054054054054,0.6361361361361362,0.8563563563563563,0.44344344344344344,0.6876876876876876,0.3958958958958959,0.33733733733733734,0.16166166166166168,0.3868868868868869,0.0,0.2642642642642643,0.8983983983983983,0.5640640640640641,0.6466466466466466,1.346
0.7337337337337337,0.8858858858858859,0.7407407407407405,0.12812812812812813,0.3893893893893894,0.92992992992993,0.3948948948948949,0.7032032032032032,0.17367367367367367,0.009009009009009009,0.98998998998999,0.95995995995996,0.8903903903903904,0.7192192192192193,0.1831831831831832,0.18268268268268267,0.0,0.24874874874874875,0.28728728728728725,0.5315315315315314,0.3633633633633634,1.399
0.7347347347347347,0.023523523523523524,0.3533533533533534,0.532032032032032,0.1921921921921922,0.38888888888888884,0.28428428428428426,0.9034034034034033,0.31681681681681684,0.8803803803803805,0.5740740740740741,0.4064064064064064,0.9264264264264264,0.5880880880880881,0.11761761761761762,0.8563563563563563,0.0,0.4119119119119119,0.43243243243243246,0.5380380380380381,0.2202202202202202,1.306
0.7357357357357357,0.12412412412412413,0.5570570570570571,0.34534534534534533,0.617117117117117,0.06756756756756757,0.8978978978978978,0.8613613613613613,0.2077077077077077,0.8738738738738738,0.27377377377377377,0.4089089089089089,0.1966966966966967,0.28228228228228225,0.9554554554554555,0.33783783783783783,0.0,0.003003003003003003,0.9014014014014013,0.24374374374374375,0.30480480480480476,0.987
0.7367367367367368,0.4204204204204204,0.6441441441441441,0.6896896896896897,0.7442442442442443,0.21871871871871873,0.5585585585585585,0.5485485485485486,0.8408408408408409,0.22972972972972971,0.15415415415415415,0.7387387387387387,0.35435435435435436,0.5545545545545545,0.34534534534534533,0.547047047047047,0.0,0.7262262262262262,0.6381381381381381,0.1766766766766767,0.6541541541541542,1.427
0.7377377377377377,0.36036036036036034,0.8408408408408408,0.27877877877877877,0.2022022022022022,0.7927927927927928,0.013513513513513514,0.8813813813813813,0.2912912912912913,0.43843843843843844,0.7917917917917918,0.6006006006006006,0.495995995995996,0.24524524524524524,0.9534534534534534,0.6376376376376376,0.0,0.15365365365365363,0.4164164164164164,0.5810810810810811,0.01001001001001001,1.244
0.7387387387387387,0.06406406406406406,0.27627627627627627,0.4574574574574575,0.7797797797797797,0.07607607607607608,0.8693693693693694,0.8833833833833833,0.18468468468468469,0.8618618618618619,0.37987987987987987,0.18618618618618618,0.006006006006006006,0.1896896896896897,0.8053053053053053,0.7392392392392393,0.0,0.09109109109109109,0.37037037037037035,0.8773773773773774,0.6206206206206206,1.322
0.7397397397397397,0.7012012012012012,0.18118118118118118,0.6066066066066066,0.2867867867867868,0.7222222222222222,0.3533533533533534,0.28228228228228225,0.519019019019019,0.1891891891891892,0.46846846846846846,0.003003003003003003,0.4074074074074074,0.2942942942942943,0.013013013013013013,0.2782782782782783,0.0,0.8888888888888888,0.5005005005005005,0.46846846846846846,0.5465465465465466,1.366
0.7407407407407406,0.6246246246246245,0.8048048048048048,0.5355355355355356,0.5,0.6276276276276276,0.44044044044044045,0.6421421421421422,0.06856856856856856,0.5980980980980981,0.7062062062062062,0.8558558558558559,0.24524524524524524,0.0985985985985986,0.8413413413413413,0.9644644644644644,0.0,0.17367367367367367,0.4804804804804805,0.6091091091091091,0.6796796796796797,1.212
0.7417417417417418,0.9014014014014013,0.6586586586586587,0.960960960960961,0.05205205205205205,0.988988988988989,0.031031031031031032,0.6066066066066066,0.7432432432432432,0.5175175175175175,0.9884884884884885,0.12162162162162163,0.6721721721721722,0.6856856856856857,0.031031031031031032,0.10810810810810811,0.0,0.38738738738738737,0.3823823823823824,0.25225225225225223,0.6916916916916918,1.313
0.7427427427427428,0.16566566566566565,0.7837837837837838,0.6716716716716717,0.08208208208208208,0.6566566566566567,0.3883883883883884,0.562062062062062,0.31231231231231227,0.7387387387387387,0.7127127127127127,0.30180180180180183,0.5790790790790791,0.1066066066066066,0.6641641641641642,0.6366366366366366,0.0,0.23573573573573575,0.4419419419419419,0.5705705705705706,0.29179179179179177,1.241
0.7437437437437437,0.13763763763763764,0.9424424424424425,0.8163163163163163,0.15615615615615616,0.968968968968969,0.21621621621621626,0.529029029029029,0.9489489489489489,0.6351351351351351,0.8738738738738738,0.950950950950951,0.526026026026026,0.9319319319319319,0.34034034034034033,0.4264264264264264,0.0,0.2557557557557557,0.8843843843843844,0.45645645645645644,0.8388388388388388,1.227
0.7447447447447447,0.2682682682682682,0.1941941941941942,0.8528528528528528,0.4664664664664665,0.5005005005005005,0.3768768768768769,0.5045045045045045,0.7277277277277276,0.7112112112112112,0.5965965965965966,0.8638638638638638,0.46996996996997,0.5075075075075075,0.8813813813813813,0.5955955955955956,0.0,0.23573573573573575,0.5225225225225225,0.2807807807807808,0.051551551551551555,1.326
0.7457457457457457,0.12762762762762764,0.3108108108108108,0.4519519519519519,0.8958958958958959,0.2027027027027027,0.8483483483483483,0.6846846846846847,0.8363363363363363,0.04504504504504504,0.18068068068068066,0.8708708708708708,0.44244244244244246,0.5710710710710711,0.5175175175175175,0.7907907907907907,0.0,0.7292292292292293,0.7072072072072072,0.4624624624624625,0.7252252252252251,1.454
0.7467467467467468,0.2327327327327327,0.48598598598598597,0.07407407407407407,0.4914914914914915,0.27627627627627627,0.9189189189189189,0.9404404404404405,0.6176176176176176,0.4674674674674675,0.3323323323323323,0.4394394394394394,0.3163163163163163,0.2627627627627628,0.5415415415415415,0.15815815815815815,0.0,0.4269269269269269,0.8938938938938938,0.585085085085085,0.9369369369369369,1.407
0.7477477477477477,0.2862862862862863,0.9124124124124124,0.4194194194194194,0.943943943943944,0.15015015015015015,0.6791791791791792,0.7087087087087087,0.34184184184184185,0.025025025025025027,0.27377377377377377,0.8468468468468469,0.474974974974975,0.9784784784784785,0.7187187187187187,0.8648648648648652,0.0,0.34784784784784784,0.7957957957957957,0.5535535535535536,0.043043043043043044,1.116
0.7487487487487487,0.043043043043043044,0.9494494494494494,0.8758758758758759,0.5950950950950951,0.8183183183183182,0.26376376376376376,0.5085085085085085,0.011511511511511512,0.3718718718718719,0.7777777777777776,0.37537537537537535,0.20370370370370372,0.11761761761761762,0.17817817817817816,0.09559559559559559,0.0,0.6716716716716717,0.014014014014014014,0.6651651651651651,0.9549549549549549,1.147
0.7497497497497497,0.1006006006006006,0.12862862862862862,0.5265265265265265,0.2817817817817818,0.5295295295295295,0.9629629629629629,0.3208208208208208,0.8003003003003002,0.7887887887887888,0.3988988988988989,0.7182182182182182,0.5790790790790791,0.9614614614614614,0.16166166166166168,0.5065065065065065,0.0,0.44494494494494496,0.8488488488488488,0.4624624624624625,0.6956956956956957,1.308
0.7507507507507506,0.31331331331331336,0.11561561561561562,0.6716716716716717,0.8028028028028028,0.15815815815815815,0.8808808808808809,0.7897897897897898,0.7892892892892893,0.9124124124124124,0.04054054054054054,0.5755755755755756,0.2072072072072072,0.8298298298298299,0.6736736736736737,0.9879879879879879,0.0,0.7262262262262262,0.7427427427427428,0.3408408408408409,0.6151151151151151,1.129
0.7517517517517518,0.7052052052052051,0.9254254254254255,0.11911911911911913,0.8483483483483483,0.11711711711711711,0.9459459459459459,0.9794794794794794,0.22622622622622623,0.27627627627627627,0.17017017017017017,0.6521521521521522,0.34184184184184185,0.7552552552552553,0.3513513513513513,0.3338338338338338,0.0,0.7742742742742743,0.25475475475475473,0.24124124124124124,0.8588588588588588,1.187
0.7527527527527528,0.047547547547547545,0.7802802802802803,0.8993993993993994,0.5395395395395395,0.5950950950950951,0.536036036036036,0.54004004004004,0.24224224224224222,0.46946946946946944,0.48598598598598597,0.45645645645645644,0.5735735735735736,0.8393393393393394,0.20120120120120122,0.6706706706706707,0.0,0.7012012012012012,0.2632632632632632,0.5580580580580581,0.5085085085085086,1.256
0.7537537537537538,0.582082082082082,0.13813813813813813,0.31831831831831836,0.6591591591591592,0.5245245245245245,0.34434434434434436,0.16916916916916916,0.7927927927927928,0.4044044044044044,0.6406406406406404,0.45645645645645644,0.22972972972972971,0.532032032032032,0.7782782782782782,0.0970970970970971,0.0,0.34934934934934936,0.43243243243243246,0.013013013013013013,0.8833833833833833,1.409
0.7547547547547547,0.24124124124124124,0.06906906906906907,0.8368368368368369,0.09909909909909909,0.995995995995996,0.001001001001001001,0.2677677677677678,0.44894894894894893,0.33983983983983984,0.991991991991992,0.9284284284284283,0.5095095095095095,0.6931931931931932,0.32082082082082086,0.31831831831831836,0.0,0.9079079079079078,0.06156156156156156,0.03553553553553554,0.13713713713713716,1.394
0.7557557557557557,0.5965965965965966,0.24524524524524524,0.4194194194194194,0.8148148148148148,0.03303303303303303,0.9069069069069069,0.95995995995996,0.2077077077077077,0.2042042042042042,0.08458458458458458,0.6071071071071071,0.6116116116116116,0.7072072072072072,0.6581581581581581,0.4924924924924925,0.0,0.1066066066066066,0.46996996996997,0.17317317317317316,0.8213213213213213,1.193
0.7567567567567568,0.023523523523523524,0.7207207207207207,0.3583583583583584,0.6056056056056056,0.37137137137137133,0.6816816816816818,0.2652652652652653,0.8993993993993994,0.17667667667667666,0.3103103103103103,0.3138138138138138,0.4219219219219219,0.7667667667667668,0.9224224224224224,0.45345345345345345,0.0,0.023023023023023025,0.984984984984985,0.8498498498498499,0.2957957957957958,1.035
0.7577577577577577,0.5345345345345345,0.7352352352352353,0.8163163163163163,0.478978978978979,0.6206206206206206,0.2012012012012012,0.5585585585585586,0.03303303303303303,0.5630630630630631,0.5915915915915916,0.34984984984984985,0.7017017017017018,0.25575575575575576,0.6791791791791792,0.3003003003003003,0.0,0.938938938938939,0.14264264264264265,0.6006006006006006,0.1896896896896897,1.142
0.7587587587587588,0.20620620620620622,0.6796796796796797,0.03953953953953954,0.6746746746746747,0.34534534534534533,0.6871871871871872,0.2967967967967968,0.40040040040040037,0.8228228228228228,0.4279279279279279,0.38738738738738737,0.6461461461461462,0.04254254254254254,0.7782782782782782,0.9284284284284283,0.0,0.3738738738738739,0.8713713713713713,0.5960960960960962,0.7777777777777777,1.281
0.7597597597597597,0.7742742742742743,0.9819819819819819,0.001001001001001001,0.8993993993993994,0.03203203203203203,0.9449449449449451,0.9469469469469469,0.1021021021021021,0.3748748748748749,0.055055055055055056,0.09759759759759759,0.34984984984984985,0.7072072072072072,0.6051051051051051,0.5885885885885886,0.0,0.2172172172172172,0.7522522522522522,0.9774774774774775,0.4479479479479479,1.147
0.7607607607607606,0.933933933933934,0.8273273273273274,0.2912912912912913,0.053553553553553554,0.986986986986987,0.05905905905905906,0.03053053053053053,0.6496496496496496,0.3038038038038038,0.980980980980981,0.6676676676676676,0.18768768768768768,0.9389389389389389,0.4294294294294294,0.5740740740740741,0.0,0.05905905905905906,0.7617617617617618,0.3983983983983984,0.6056056056056056,1.259
0.7617617617617618,0.8868868868868869,0.08208208208208208,0.968968968968969,0.6406406406406405,0.14914914914914915,0.8093093093093093,0.36286286286286284,0.9634634634634635,0.9159159159159159,0.11711711711711711,0.2032032032032032,0.13563563563563563,0.07357357357357358,0.9349349349349347,0.38488488488488487,0.0,0.8413413413413413,0.31331331331331336,0.018518518518518517,0.29179179179179177,1.377
0.7627627627627628,0.8523523523523524,0.43493493493493496,0.2107107107107107,0.9729729729729731,0.024024024024024024,0.978978978978979,0.9624624624624625,0.5430430430430431,0.45995995995996,0.07057057057057056,0.36436436436436437,0.6576576576576576,0.26726726726726724,0.7232232232232232,0.4344344344344344,0.0,0.20070070070070067,0.1111111111111111,0.060560560560560556,0.2842842842842843,1.409
0.7637637637637638,0.2577577577577578,0.933933933933934,0.9579579579579575,0.46996996996997,0.6916916916916918,0.5265265265265265,0.39489489489489493,0.8143143143143143,0.6591591591591592,0.5725725725725725,0.7257257257257257,0.7557557557557557,0.8188188188188188,0.8478478478478478,0.7467467467467468,0.0,0.5345345345345345,0.8498498498498499,0.45895895895895894,0.3238238238238238,1.222
0.7647647647647647,0.22372372372372373,0.0,0.2857857857857858,0.5820820820820821,0.6016016016016016,0.6921921921921922,0.029029029029029027,0.957957957957958,0.9769769769769769,0.34434434434434436,0.03003003003003003,0.6346346346346347,0.03303303303303303,0.7292292292292293,0.7517517517517518,0.0,0.8783783783783784,0.7832832832832832,0.024524524524524523,0.16716716716716717,1.176
0.7657657657657657,0.005005005005005005,0.953953953953954,0.8593593593593594,0.3773773773773774,0.3483483483483484,0.7362362362362362,0.4774774774774775,0.2692692692692693,0.7057057057057057,0.28728728728728725,0.09059059059059059,0.35435435435435436,0.8298298298298299,0.3388388388388388,0.4134134134134134,0.0,0.45945945945945943,0.6911911911911912,0.6691691691691692,0.8958958958958959,1.149
0.7667667667667668,0.5205205205205206,0.7802802802802803,0.3248248248248248,0.6291291291291292,0.5950950950950951,0.51001001001001,0.13213213213213212,0.45595595595595595,0.3233233233233233,0.7222222222222222,0.9614614614614614,0.6041041041041041,0.8153153153153153,0.45145145145145144,0.97997997997998,0.0,0.2807807807807808,0.06906906906906907,0.3808808808808809,0.5680680680680681,1.19
0.7677677677677677,0.07657657657657657,0.963963963963964,0.98998998998999,0.5525525525525525,0.6381381381381381,0.5135135135135135,0.06606606606606606,0.3278278278278278,0.07057057057057056,0.5940940940940941,0.6246246246246246,0.16166166166166165,0.28228228228228225,0.2742742742742743,0.8048048048048049,0.0,0.9189189189189189,0.534034034034034,0.5765765765765766,0.8213213213213213,1.409
0.7687687687687688,0.6246246246246245,0.3663663663663663,0.7797797797797797,0.642142142142142,0.58008008008008,0.6226226226226226,0.31231231231231227,0.3003003003003003,0.5605605605605606,0.7722722722722724,0.7847847847847848,0.029029029029029027,0.1941941941941942,0.7822822822822824,0.5265265265265265,0.0,0.8103103103103103,0.04004004004004004,0.2987987987987988,0.94994994994995,0.982
0.7697697697697697,0.8033033033033032,0.6676676676676676,0.8978978978978976,0.5525525525525525,0.4274274274274274,0.3053053053053053,0.07807807807807807,0.972972972972973,0.1836836836836837,0.2772772772772773,0.7867867867867868,0.025025025025025023,0.5675675675675675,0.8543543543543544,0.9359359359359359,0.0,0.7562562562562563,0.12062062062062062,0.16266266266266266,0.24474474474474472,1.251
0.7707707707707706,0.5025025025025025,0.057057057057057055,0.2277277277277277,0.041541541541541535,0.9129129129129129,0.06956956956956957,0.49199199199199195,0.953953953953954,0.9729729729729729,0.7627627627627628,0.09059059059059059,0.8523523523523524,0.11511511511511512,0.7847847847847848,0.40240240240240244,0.0,0.12362362362362361,0.46996996996997,0.8288288288288288,0.3238238238238238,1.445
0.7717717717717718,0.8463463463463463,0.9949949949949949,0.7867867867867868,0.953953953953954,0.07507507507507508,0.7397397397397397,0.8308308308308308,0.28128128128128127,0.3078078078078078,0.15865865865865864,0.494994994994995,0.5045045045045045,0.7827827827827828,0.8198198198198199,0.4074074074074074,0.0,0.3533533533533534,0.2967967967967968,0.992992992992993,0.48448448448448445,0.95
0.7727727727727728,0.7437437437437437,0.15065065065065064,0.964964964964965,0.46996996996997,0.3008008008008008,0.547047047047047,0.6316316316316316,0.9134134134134133,0.9269269269269269,0.10560560560560561,0.6246246246246246,0.6576576576576576,0.33433433433433435,0.6701701701701701,0.7887887887887888,0.0,0.7012012012012012,0.7547547547547547,0.2677677677677678,0.14414414414414414,1.249
0.7737737737737738,0.9089089089089089,0.39789789789789787,0.3613613613613613,0.02052052052052052,0.991991991991992,0.12612612612612611,0.3808808808808809,0.7582582582582582,0.8458458458458458,0.9459459459459459,0.508008008008008,0.46346346346346345,0.8338338338338338,0.9409409409409409,0.44894894894894893,0.0,0.1896896896896897,0.43743743743743746,0.6866866866866868,0.8413413413413413,1.18
0.7747747747747747,0.34234234234234234,0.2782782782782783,0.2987987987987988,0.5095095095095095,0.4554554554554554,0.8798798798798799,0.1111111111111111,0.7247247247247247,0.47997997997998,0.31981981981981983,0.7022022022022022,0.005005005005005005,0.23373373373373374,0.7492492492492493,0.27627627627627627,0.0,0.18018018018018017,0.9624624624624625,0.8993993993993994,0.8338338338338338,1.222
0.7757757757757757,0.14564564564564564,0.025025025025025023,0.3248248248248248,0.5990990990990991,0.23023023023023023,0.6871871871871872,0.35235235235235235,0.32432432432432434,0.6976976976976976,0.22622622622622623,0.5295295295295295,0.92992992992993,0.22922922922922923,0.8558558558558559,0.567067067067067,0.0,0.7332332332332332,0.004004004004004004,0.6261261261261262,0.9064064064064064,0.981
0.7767767767767768,0.7187187187187187,0.6586586586586587,0.06456456456456457,0.6446446446446447,0.3213213213213213,0.6686686686686687,0.5690690690690691,0.41491491491491495,0.4554554554554554,0.16466466466466467,0.8233233233233233,0.8318318318318318,0.1066066066066066,0.5485485485485486,0.9094094094094094,0.0,0.7247247247247247,0.27227227227227235,0.7757757757757757,0.7052052052052051,1.258
0.7777777777777777,0.06556556556556556,0.04504504504504504,0.8408408408408408,0.5025025025025025,0.7317317317317318,0.02702702702702703,0.08158158158158157,0.1966966966966967,0.15915915915915915,0.9469469469469469,0.8063063063063063,0.23823823823823823,0.5840840840840841,0.8278278278278278,0.46596596596596596,0.0,0.7292292292292293,0.14714714714714716,0.04204204204204204,0.42342342342342343,1.394
0.7787787787787788,0.006006006006006006,0.7457457457457457,0.8868868868868869,0.9124124124124124,0.14314314314314314,0.4289289289289289,0.8693693693693694,0.3233233233233234,0.007007007007007007,0.08008008008008008,0.10960960960960961,0.5165165165165165,0.7297297297297297,0.2277277277277277,0.7467467467467468,0.0,0.950950950950951,0.7247247247247247,0.46046046046046046,0.015515515515515516,1.257
0.7797797797797797,0.42842842842842843,0.7982982982982982,0.6391391391391392,0.34734734734734735,0.2732732732732733,0.3453453453453453,0.8308308308308308,0.6176176176176176,0.6136136136136137,0.4314314314314314,0.5595595595595595,0.18768768768768768,0.8748748748748749,0.1971971971971972,0.98998998998999,0.0,0.10010010010010009,0.34434434434434436,0.8338338338338338,0.22322322322322322,1.221
0.7807807807807807,0.2617617617617618,0.8978978978978976,0.7007007007007007,0.5605605605605606,0.46996996996997,0.5915915915915916,0.5515515515515516,0.22372372372372373,0.029029029029029027,0.7377377377377378,0.4159159159159159,0.9769769769769769,0.8123123123123124,0.474974974974975,0.7822822822822824,0.0,0.16516516516516516,0.9779779779779779,0.7847847847847848,0.7292292292292293,1.199
0.7817817817817818,0.10310310310310311,0.007007007007007007,0.6756756756756757,0.592092092092092,0.32332332332332336,0.3533533533533534,0.6421421421421422,0.47097097097097096,0.1866866866866867,0.2107107107107107,0.5015015015015015,0.08208208208208208,0.5710710710710711,0.6581581581581581,0.7037037037037037,0.0,0.933933933933934,0.25125125125125125,0.03903903903903904,0.40290290290290287,1.476
0.7827827827827828,0.3908908908908909,0.575075075075075,0.8883883883883883,0.7362362362362362,0.15315315315315314,0.8118118118118118,0.9544544544544544,0.017017017017017015,0.6351351351351351,0.4339339339339339,0.5730730730730731,0.9779779779779779,0.3408408408408409,0.5035035035035035,0.9369369369369369,0.0,0.6591591591591592,0.3748748748748749,0.44094094094094094,0.6981981981981982,1.242
0.7837837837837838,0.11061061061061062,0.8023023023023023,0.7347347347347348,0.6826826826826826,0.5885885885885886,0.21871871871871873,0.45645645645645644,0.8003003003003002,0.005005005005005005,0.28728728728728725,0.6606606606606605,0.8738738738738738,0.8543543543543544,0.3608608608608609,0.23923923923923923,0.0,0.5915915915915916,0.1986986986986987,0.5105105105105106,0.14414414414414414,1.176
0.7847847847847848,0.8623623623623624,0.8183183183183182,0.4574574574574575,0.6946946946946947,0.24524524524524524,0.4754754754754755,0.7167167167167168,0.25375375375375375,0.16816816816816815,0.30180180180180183,0.6416416416416416,0.6306306306306306,0.8493493493493494,0.34534534534534533,0.6856856856856857,0.0,0.5185185185185186,0.2927927927927928,0.515015015015015,0.8588588588588588,1.273
0.7857857857857858,0.7742742742742743,0.5135135135135135,0.025025025025025023,0.08458458458458458,0.9819819819819819,0.1941941941941942,0.08308308308308308,0.4454454454454454,0.4344344344344344,0.9949949949949949,0.6916916916916918,0.7657657657657657,0.8988988988988988,0.7717717717717718,0.056056056056056056,0.0,0.04004004004004004,0.43743743743743746,0.22422422422422422,0.592092092092092,1.141
0.7867867867867868,0.7012012012012012,0.8313313313313313,0.6201201201201201,0.036036036036036036,0.9879879879879879,0.11411411411411412,0.13013013013013014,0.09009009009009009,0.7292292292292293,0.985985985985986,0.4724724724724725,0.1991991991991992,0.24124124124124124,0.7782782782782782,0.8453453453453453,0.0,0.6296296296296297,0.08308308308308308,0.20870870870870872,0.9119119119119119,1.366
0.7877877877877877,0.7012012012012012,0.5795795795795795,0.37637637637637633,0.5545545545545546,0.32532532532532527,0.2227227227227227,0.6026026026026026,0.10810810810810811,0.6506506506506506,0.35935935935935936,0.35435435435435436,0.33183183183183185,0.05655655655655656,0.9324324324324325,0.16666666666666669,0.0,0.13963963963963966,0.5180180180180181,0.6421421421421422,0.14714714714714713,1.274
0.7887887887887888,0.8088088088088088,0.3058058058058058,0.7302302302302301,0.6981981981981982,0.1091091091091091,0.9419419419419419,0.7202202202202201,0.6266266266266266,0.7777777777777777,0.0960960960960961,0.32232232232232233,0.4094094094094094,0.8153153153153153,0.9924924924924925,0.6501501501501501,0.0,0.11911911911911913,0.6131131131131131,0.25225225225225223,0.8683683683683684,1.188
0.7897897897897898,0.541041041041041,0.602102102102102,0.3793793793793794,0.6981981981981982,0.4289289289289289,0.7617617617617618,0.14714714714714716,0.9234234234234233,0.42492492492492495,0.32682682682682684,0.7282282282282282,0.7812812812812813,0.8213213213213213,0.937937937937938,0.1136136136136136,0.0,0.47347347347347346,0.45495495495495497,0.3213213213213213,0.8443443443443444,1.149
0.7907907907907907,0.549049049049049,0.1036036036036036,0.3103103103103103,0.39539539539539537,0.7857857857857857,0.16666666666666666,0.41991991991991995,0.7717717717717718,0.6696696696696696,0.6111111111111112,0.519019019019019,0.8988988988988988,0.9424424424424425,0.8228228228228228,0.06806806806806806,0.0,0.44494494494494496,0.16616616616616617,0.4319319319319319,0.14414414414414414,1.18
0.7917917917917918,0.4934934934934935,0.6546546546546546,0.3103103103103103,0.8638638638638638,0.05455455455455456,0.8628628628628628,0.8158158158158159,0.17367367367367367,0.27127127127127126,0.18068068068068066,0.8708708708708708,0.953953953953954,0.8068068068068068,0.4239239239239239,0.978978978978979,0.0,0.34184184184184185,0.25475475475475473,0.13863863863863862,0.5760760760760761,1.292
0.7927927927927928,0.602102102102102,0.9594594594594594,0.6486486486486487,0.9664664664664664,0.031031031031031032,0.9419419419419419,0.7797797797797797,0.13063063063063063,0.015015015015015015,0.08708708708708708,0.5640640640640641,0.8263263263263263,0.07357357357357358,0.36936936936936937,0.8948948948948945,0.0,0.8278278278278278,0.4104104104104104,0.6796796796796797,0.7157157157157157,1.078
0.7937937937937938,0.2172172172172172,0.5295295295295295,0.6851851851851851,0.6131131131131131,0.49749749749749744,0.4064064064064064,0.4054054054054054,0.7012012012012012,0.567067067067067,0.34184184184184185,0.5110110110110111,0.8453453453453453,0.8988988988988988,0.01901901901901902,0.5555555555555556,0.0,0.23373373373373374,0.6081081081081081,0.1831831831831832,0.08358358358358359,1.196
0.7947947947947948,0.7377377377377378,0.39239239239239243,0.7937937937937938,0.7717717717717718,0.5105105105105106,0.5445445445445446,0.6486486486486487,0.9089089089089089,0.47447447447447444,0.477977977977978,0.5480480480480481,0.4544544544544544,0.8298298298298299,0.27877877877877877,0.04704704704704705,0.0,0.9142475809142475,0.18518518518518517,0.7282282282282282,0.56006006006006,1.299
0.7957957957957958,0.8833833833833833,0.39239239239239243,0.6201201201201201,0.1991991991991992,0.517017017017017,0.7087087087087087,0.14114114114114112,0.6856856856856857,0.6286286286286287,0.7297297297297297,0.14514514514514515,0.01001001001001001,0.24824824824824826,0.41241241241241244,0.5805805805805806,0.0,0.3303303303303303,0.913913913913914,0.15115115115115116,0.3893893893893894,1.334
0.7967967967967968,0.8463463463463463,0.055055055055055056,0.052552552552552555,0.5095095095095095,0.5830830830830831,0.5710710710710711,0.17967967967967968,0.27177177177177175,0.17667667667667666,0.5840840840840841,0.9284284284284283,0.8143143143143143,0.9134134134134133,0.1971971971971972,0.2077077077077077,0.0,0.6461461461461462,0.944944944944945,0.2932932932932933,0.5855855855855856,1.372
0.7977977977977977,0.33183183183183185,0.0960960960960961,0.8353353353353353,0.32832832832832837,0.7432432432432432,0.08858858858858859,0.5210210210210211,0.7057057057057057,0.4984984984984985,0.5335335335335335,0.2822822822822823,0.013013013013013013,0.07207207207207207,0.7652652652652652,0.04904904904904905,0.0,0.948948948948949,0.7222222222222222,0.32432432432432434,0.9579579579579578,1.666
0.7987987987987988,0.7132132132132132,0.14914914914914915,0.6311311311311312,0.5095095095095095,0.33783783783783783,0.484984984984985,0.15665665665665668,0.7082082082082082,0.06806806806806806,0.13613613613613612,0.7197197197197197,0.27977977977977975,0.16916916916916916,0.5485485485485486,0.07807807807807808,0.0,0.9409409409409409,0.05555555555555555,0.6356356356356356,0.5795795795795795,1.339
0.7997997997997998,0.20620620620620622,0.25925925925925924,0.27127127127127126,0.7417417417417418,0.08208208208208208,0.9569569569569569,0.6691691691691692,0.7512512512512513,0.9619619619619619,0.05305305305305305,0.7337337337337337,0.4854854854854855,0.7772772772772772,0.6996996996996997,0.7652652652652652,0.0,0.017017017017017015,0.7122122122122122,0.549049049049049,0.7777777777777777,1.201
0.8008008008008007,0.6196196196196195,0.33183183183183185,0.532032032032032,0.6686686686686687,0.20520520520520522,0.8483483483483483,0.8183183183183182,0.4239239239239239,0.4149149149149149,0.08808808808808809,0.7792792792792793,0.2097097097097097,0.17267267267267267,0.5725725725725725,0.9309309309309309,0.0,0.45945945945945943,0.5510510510510511,0.6781781781781782,0.7557557557557557,1.16
0.8018018018018018,0.2127127127127127,0.6266266266266266,0.6896896896896897,0.7262262262262262,0.46796796796796797,0.6526526526526526,0.517017017017017,0.25175175175175174,0.07057057057057056,0.3353353353353353,0.933933933933934,0.5230230230230231,0.6931931931931932,0.7122122122122122,0.050050050050050046,0.0,0.6986986986986987,0.6346346346346347,0.7387387387387387,0.9409409409409409,1.25
0.8028028028028028,0.996996996996997,0.009009009009009009,0.6596596596596597,0.9064064064064064,0.1816816816816817,0.8058058058058059,0.9579579579579575,0.3003003003003003,0.24074074074074076,0.23923923923923923,0.23323323323323322,0.6266266266266267,0.637137137137137,0.38788788788788786,0.7252252252252251,0.0,0.4824824824824825,0.37037037037037035,0.3408408408408409,0.5395395395395395,1.477
0.8038038038038038,0.8283283283283283,0.5025025025025025,0.2727727727727728,0.8898898898898899,0.08658658658658658,0.9369369369369369,0.4329329329329329,0.7582582582582582,0.6906906906906907,0.12112112112112111,0.10960960960960961,0.5075075075075075,0.7727727727727728,0.34534534534534533,0.35285285285285284,0.0,0.8548548548548549,0.5125125125125125,0.36186186186186187,0.8808808808808809,1.277
0.8048048048048048,0.8523523523523524,0.47097097097097096,0.14364364364364363,0.5035035035035035,0.6891891891891893,0.40990990990990994,0.4544544544544544,0.5645645645645645,0.27627627627627627,0.6721721721721721,0.6036036036036037,0.8813813813813813,0.24824824824824826,0.5925925925925926,0.1866866866866867,0.0,0.6251251251251251,0.5180180180180181,0.3213213213213213,0.22922922922922923,1.298
0.8058058058058059,0.15615615615615616,0.5295295295295295,0.5915915915915916,0.24624624624624625,0.7617617617617618,0.0990990990990991,0.48448448448448445,0.7212212212212212,0.8458458458458458,0.8133133133133132,0.8308308308308309,0.7782782782782782,0.12462462462462463,0.9074074074074074,0.1766766766766767,0.0,0.01951951951951952,0.9014014014014013,0.3213213213213213,0.03803803803803804,1.315
0.8068068068068068,0.2807807807807808,0.4454454454454454,0.7302302302302301,0.11211211211211211,0.6871871871871872,0.32432432432432434,0.6201201201201201,0.4179179179179179,0.95995995995996,0.6841841841841843,0.3138138138138138,0.991991991991992,0.5880880880880881,0.06456456456456455,0.970970970970971,0.0,0.8783783783783784,0.7522522522522522,0.45895895895895894,0.3008008008008008,1.353
0.8078078078078077,0.1996996996996997,0.14464464464464466,0.5820820820820821,0.9164164164164164,0.21871871871871873,0.8913913913913913,0.6721721721721722,0.8548548548548549,0.24924924924924924,0.12362362362362363,0.19019019019019018,0.8708708708708708,0.1856856856856857,0.27877877877877877,0.5845845845845845,0.0,0.9469469469469469,0.8558558558558559,0.46846846846846846,0.8363363363363363,1.386
0.8088088088088088,0.3063063063063063,0.13413413413413414,0.4144144144144144,0.6566566566566566,0.21421421421421422,0.5825825825825826,0.7767767767767768,0.992992992992993,0.34784784784784784,0.24024024024024024,0.0935935935935936,0.12062062062062062,0.39739739739739743,0.48398398398398396,0.6326326326326326,0.0,0.04454454454454454,0.3558558558558559,0.9014014014014013,0.16416416416416416,1.304
0.8098098098098098,0.6736736736736737,0.16816816816816815,0.8648648648648651,0.1021021021021021,0.6356356356356356,0.26376376376376376,0.6961961961961962,0.7512512512512513,0.9914914914914914,0.3973973973973974,0.06156156156156156,0.8523523523523524,0.4554554554554554,0.34534534534534533,0.477977977977978,0.0,0.8128128128128128,0.4419419419419419,0.6691691691691692,0.5985985985985987,1.331
0.8108108108108109,0.6336336336336337,0.9154154154154155,0.4009009009009009,0.9554554554554555,0.2682682682682683,0.7052052052052051,0.2057057057057057,0.5695695695695695,0.025025025025025027,0.2082082082082082,0.07707707707707707,0.2502502502502503,0.3783783783783784,0.958958958958959,0.06806806806806806,0.0,0.7087087087087087,0.8403403403403403,0.8668668668668669,0.7977977977977978,1.298
0.8118118118118118,0.14264264264264265,0.19769769769769768,0.954954954954955,0.6081081081081081,0.3163163163163163,0.2902902902902903,0.8168168168168168,0.481981981981982,0.4454454454454454,0.6136136136136137,0.3813813813813814,0.32732732732732733,0.487987987987988,0.6931931931931932,0.15515515515515516,0.0,0.20370370370370372,0.40240240240240244,0.7847847847847848,0.07007007007007007,1.238
0.8128128128128128,0.6486486486486487,0.22522522522522523,0.506006006006006,0.12412412412412413,0.6691691691691692,0.36536536536536535,0.44094094094094094,0.506006006006006,0.9374374374374375,0.5760760760760761,0.8618618618618619,0.996996996996997,0.43993993993993996,0.3023023023023023,0.6596596596596597,0.0,0.8718718718718719,0.24224224224224222,0.48098098098098097,0.6081081081081081,1.498
0.8138138138138138,0.4624624624624625,0.03903903903903904,0.09559559559559559,0.37487487487487486,0.3788788788788789,0.2327327327327327,0.39489489489489493,0.8798798798798799,0.2952952952952953,0.31731731731731727,0.19369369369369369,0.6361361361361362,0.12012012012012012,0.28728728728728725,0.8428428428428428,0.0,0.7947947947947948,0.8113113113113113,0.4244244244244244,0.26226226226226224,1.495
0.8148148148148148,0.44144144144144143,0.23123123123123124,0.3843843843843844,0.6346346346346345,0.37637637637637633,0.6451451451451451,0.6086086086086087,0.5410410410410411,0.448948948948949,0.521021021021021,0.6581581581581581,0.6041041041041041,0.950950950950951,0.5065065065065065,0.6796796796796797,0.0,0.16316316316316315,0.27377377377377377,0.24674674674674674,0.7537537537537538,1.241
0.8158158158158159,0.9864864864864864,0.6476476476476476,0.519019019019019,0.09009009009009009,0.9114114114114114,0.08008008008008008,0.06006006006006006,0.38038038038038036,0.5980980980980981,0.8093093093093093,0.6651651651651651,0.2937937937937938,0.8188188188188188,0.8698698698698699,0.04004004004004004,0.0,0.4154154154154154,0.6381381381381381,0.7867867867867868,0.8483483483483483,1.03
0.8168168168168168,0.541041041041041,0.5570570570570571,0.14714714714714716,0.4114114114114114,0.493993993993994,0.4754754754754755,0.5045045045045045,0.458958958958959,0.996996996996997,0.19519519519519518,0.2082082082082082,0.11061061061061062,0.044044044044044044,0.8198198198198199,0.8548548548548548,0.0,0.8518518518518519,0.9289289289289291,0.8163163163163163,0.02852852852852853,1.238
0.8178178178178177,0.7787787787787788,0.4209209209209209,0.8233233233233233,0.3163163163163163,0.9029029029029029,0.4064064064064064,0.050050050050050046,0.6971971971971972,0.04854854854854855,0.9104104104104105,0.46846846846846846,0.7357357357357357,0.8863863863863863,0.03003003003003003,0.35735735735735735,0.0,0.7332332332332332,0.8648648648648649,0.25675675675675674,0.28728728728728725,1.26
0.8188188188188188,0.8598598598598599,0.7522522522522523,0.6526526526526526,0.2932932932932933,0.6176176176176176,0.51001001001001,0.35535535535535534,0.6176176176176176,0.1921921921921922,0.7332332332332332,0.7762762762762763,0.30480480480480476,0.07757757757757758,0.37487487487487486,0.44894894894894893,0.0,0.5590590590590591,0.5645645645645645,0.6091091091091091,0.22522522522522523,1.706
0.8198198198198198,0.8463463463463463,0.2912912912912913,0.8563563563563563,0.5,0.6291291291291292,0.58008008008008,0.32932932932932935,0.7367367367367368,0.6786786786786787,0.8018018018018018,0.16566566566566565,0.4804804804804805,0.9424424424424425,0.40990990990990994,0.1866866866866867,0.0,0.2092092092092092,0.545045045045045,0.34784784784784784,0.8183183183183182,1.189
0.8208208208208209,0.09559559559559559,0.8818818818818819,0.9179179179179177,0.44294294294294295,0.3843843843843844,0.6646646646646647,0.6766766766766767,0.20370370370370372,0.8863863863863863,0.5580580580580581,0.8903903903903904,0.08808808808808809,0.8528528528528528,0.9224224224224224,0.7092092092092093,0.0,0.4824824824824825,0.7342342342342343,0.527027027027027,0.7617617617617618,1.192
0.8218218218218218,0.6486486486486487,0.6351351351351351,0.7637637637637638,0.6196196196196196,0.19869869869869872,0.7072072072072072,0.6381381381381381,0.8743743743743744,0.3078078078078078,0.22872872872872874,0.6616616616616616,0.1041041041041041,0.5375375375375375,0.9904904904904905,0.6986986986986987,0.0,0.03403403403403403,0.8088088088088088,0.3833833833833834,0.1021021021021021,1.16
0.8228228228228228,0.3563563563563563,0.08508508508508508,0.16766766766766766,0.9304304304304305,0.058058058058058054,0.6111111111111112,0.7567567567567568,0.9264264264264264,0.7112112112112112,0.07457457457457457,0.2012012012012012,0.6756756756756757,0.495995995995996,0.26976976976976974,0.39789789789789787,0.0,0.4119119119119119,0.2827827827827828,0.08508508508508508,0.031031031031031032,1.422
0.8238238238238238,0.0025025025025025025,0.13413413413413414,0.7797797797797797,0.9229229229229229,0.2527527527527528,0.5190190190190189,0.4229229229229229,0.9634634634634635,0.2912912912912913,0.06906906906906907,0.22872872872872874,0.6801801801801802,0.34734734734734735,0.07857857857857858,0.8878878878878879,0.0,0.7977977977977978,0.3663663663663663,0.26226226226226224,0.10560560560560561,1.275
0.8248248248248248,0.23823823823823825,0.7037037037037037,0.17117117117117117,0.23773773773773774,0.6251251251251251,0.6026026026026026,0.011011011011011011,0.8643643643643644,0.6101101101101101,0.6416416416416416,0.8818818818818819,0.5515515515515516,0.5710710710710711,0.29479479479479476,0.8408408408408408,0.0,0.6716716716716717,0.955955955955956,0.5430430430430431,0.5580580580580581,1.235
0.8258258258258259,0.14014014014014015,0.8023023023023023,0.07707707707707709,0.7032032032032032,0.40240240240240244,0.7797797797797797,0.8108108108108109,0.2077077077077077,0.8503503503503503,0.7027027027027027,0.7182182182182182,0.9204204204204205,0.9159159159159159,0.30980980980980977,0.5815815815815816,0.0,0.04804804804804805,0.6911911911911912,0.8188188188188188,0.527027027027027,1.079
0.8268268268268268,0.4574574574574575,0.08508508508508508,0.22372372372372373,0.7867867867867868,0.17967967967967968,0.8048048048048048,0.8898898898898899,0.9414414414414414,0.07907907907907907,0.1091091091091091,0.3088088088088088,0.7412412412412412,0.6426426426426426,0.545045045045045,0.498998998998999,0.0,0.6811811811811812,0.8208208208208208,0.3163163163163163,0.6151151151151151,1.452
0.8278278278278277,0.12412412412412413,0.7487487487487487,0.6956956956956957,0.6306306306306306,0.13213213213213212,0.8838838838838838,0.6151151151151151,0.6676676676676676,0.45995995995996,0.1841841841841842,0.8948948948948947,0.7157157157157157,0.2147147147147147,0.0,0.25225225225225223,0.0,0.6111111111111112,0.09109109109109109,0.5580580580580581,0.968968968968969,1.354
0.8288288288288288,0.487987987987988,0.6796796796796797,0.9094094094094094,0.7417417417417418,0.4519519519519519,0.37537537537537535,0.8043043043043043,0.8283283283283283,0.050050050050050046,0.29929929929929927,0.983983983983984,0.27977977977977975,0.96996996996997,0.35685685685685686,0.3893893893893894,0.0,0.22872872872872874,0.7577577577577577,0.23873873873873874,0.02852852852852853,1.364
0.8298298298298298,0.13463463463463465,0.07907907907907907,0.13213213213213212,0.8513513513513513,0.22522522522522523,0.6111111111111112,0.34434434434434436,0.6886886886886887,0.0,0.16216216216216217,0.5245245245245245,0.3163163163163163,0.5880880880880881,0.9554554554554555,0.11561561561561562,0.0,0.3263263263263263,0.4419419419419419,0.14714714714714716,0.3488488488488488,1.444
0.8308308308308309,0.6966966966966968,0.5265265265265265,0.6526526526526526,0.8563563563563563,0.5015015015015015,0.22072072072072074,0.8833833833833833,0.09109109109109109,0.7587587587587588,0.7547547547547547,0.9259259259259259,0.39289289289289286,0.4314314314314315,0.5925925925925926,0.6696696696696697,0.0,0.2847847847847848,0.7342342342342343,0.04004004004004004,0.06306306306306306,1.196
0.8318318318318318,0.3063063063063063,0.0035035035035035035,0.27877877877877877,0.48848848848848847,0.6626626626626627,0.42592592592592593,0.6651651651651651,0.12212212212212212,0.39389389389389384,0.8918918918918919,0.3088088088088088,0.9314314314314314,0.8703703703703705,0.2617617617617618,0.547047047047047,0.0,0.02102102102102102,0.1816816816816817,0.16666666666666666,0.31331331331331336,1.2
0.8328328328328328,0.8523523523523524,0.8583583583583583,0.43343343343343343,0.7137137137137137,0.39239239239239243,0.7287287287287287,0.6586586586586587,0.7952952952952952,0.13713713713713713,0.40140140140140135,0.9584584584584585,0.8088088088088088,0.9464464464464464,0.036036036036036036,0.477977977977978,0.0,0.5710710710710711,0.21921921921921922,0.1946946946946947,0.8588588588588588,1.188
0.8338338338338338,0.4574574574574575,0.33683683683683685,0.8333333333333333,0.3913913913913914,0.7692692692692693,0.3188188188188188,0.12712712712712712,0.8643643643643644,0.39739739739739743,0.477977977977978,0.3383383383383384,0.8903903903903904,0.5805805805805806,0.0870870870870871,0.8008008008008007,0.0,0.9549549549549544,0.7122122122122122,0.026026026026026026,0.21371371371371373,1.308
0.8348348348348348,0.1136136136136136,0.6231231231231231,0.10010010010010009,0.6641641641641642,0.4314314314314315,0.13463463463463465,0.8868868868868869,0.586086086086086,0.7777777777777777,0.507007007007007,0.45645645645645644,0.9569569569569569,0.30230230230230226,0.8948948948948949,0.35535535535535534,0.0,0.03003003003003003,0.23973973973973972,0.9014014014014013,0.07407407407407407,1.337
0.8358358358358359,0.7697697697697697,0.988988988988989,0.9069069069069069,0.024024024024024024,0.9524524524524525,0.19119119119119118,0.4329329329329329,0.3278278278278278,0.16816816816816815,0.9719719719719719,0.8708708708708708,0.36036036036036034,0.8593593593593594,0.8278278278278278,0.04204204204204204,0.0,0.19119119119119118,0.6041041041041041,0.94994994994995,0.47697697697697694,1.027
0.8368368368368369,0.6616616616616617,0.16166166166166165,0.47947947947947944,0.4204204204204204,0.6406406406406403,0.5215215215215215,0.48098098098098097,0.6461461461461462,0.9234234234234233,0.8498498498498499,0.9789789789789789,0.8708708708708708,0.9464464464464464,0.0985985985985986,0.92992992992993,0.0,0.1021021021021021,0.4064064064064064,0.2677677677677678,0.2532532532532532,1.406
0.8378378378378377,0.6531531531531531,0.08108108108108109,0.17117117117117117,0.002002002002002002,0.985985985985986,0.015515515515515516,0.1841841841841842,0.24424424424424424,0.8228228228228228,0.997997997997998,0.8343343343343343,0.36036036036036034,0.5545545545545545,1.0,0.9004004004004005,0.0,0.06706706706706705,0.1111111111111111,0.03553553553553554,0.8708708708708709,1.15
0.8388388388388388,0.24974974974974976,0.6266266266266266,0.5975975975975976,0.5395395395395395,0.3023023023023023,0.6871871871871872,0.16116116116116116,0.3613613613613613,0.537037037037037,0.3923923923923924,0.32732732732732733,0.25675675675675674,0.23373373373373374,0.7087087087087087,0.6876876876876877,0.0,0.5975975975975976,0.6241241241241241,0.10910910910910912,0.26226226226226224,1.205
0.8398398398398398,0.037037037037037035,0.8568568568568569,0.6361361361361362,0.23123123123123124,0.4059059059059059,0.46796796796796797,0.39489489489489493,0.7977977977977978,0.5825825825825826,0.43043043043043044,0.7222222222222222,0.6081081081081081,0.97997997997998,0.1891891891891892,0.5940940940940941,0.0,0.38738738738738737,0.6841841841841843,0.9119119119119119,0.495995995995996,1.259
0.8408408408408409,0.3383383383383384,0.45095095095095095,0.494994994994995,0.14164164164164164,0.7592592592592593,0.12262262262262262,0.8198198198198198,0.575075075075075,0.8753753753753755,0.7577577577577577,0.5930930930930931,0.14964964964964966,0.3048048048048048,0.8478478478478478,0.93993993993994,0.0,0.3263263263263263,0.34184184184184185,0.6091091091091091,0.30930930930930933,1.209
0.8418418418418419,0.01901901901901902,0.7352352352352353,0.9304304304304305,0.9064064064064064,0.17617617617617617,0.6166166166166166,0.4329329329329329,0.8593593593593594,0.2887887887887888,0.15515515515515516,0.36436436436436437,0.43343343343343343,0.45945945945945943,0.31681681681681684,0.995995995995996,0.0,0.6876876876876876,0.8778778778778779,0.14214214214214216,0.051551551551551555,1.499
0.8428428428428428,0.026026026026026026,0.7487487487487487,0.2987987987987988,0.5395395395395395,0.9459459459459459,0.24624624624624625,0.5875875875875876,0.5910910910910911,0.28128128128128127,0.9449449449449451,0.21121121121121122,0.14014014014014015,0.6971971971971972,0.5105105105105106,0.8613613613613613,0.0,0.4019019019019019,0.9369369369369369,0.9169169169169169,0.6656656656656657,1.295
0.8438438438438438,0.45145145145145144,0.8183183183183182,0.3158158158158158,0.577077077077077,0.7222222222222222,0.488988988988989,0.10510510510510511,0.12212212212212212,0.6401401401401401,0.552052052052052,0.8108108108108109,0.515015015015015,0.5355355355355356,0.5525525525525525,0.549049049049049,0.0,0.9719719719719719,0.7757757757757757,0.47647647647647645,0.592092092092092,1.206
0.8448448448448448,0.6966966966966968,0.8918918918918919,0.21871871871871873,0.6246246246246246,0.4059059059059059,0.8618618618618619,0.42992992992992995,0.41491491491491495,0.1991991991991992,0.474974974974975,0.3048048048048048,0.6576576576576576,0.8833833833833833,0.5925925925925926,0.3338338338338338,0.0,0.2132132132132132,0.9649649649649651,0.8738738738738738,0.504004004004004,1.302
0.8458458458458459,0.11761761761761762,0.9424424424424425,0.6816816816816818,0.5375375375375375,0.2882882882882883,0.7657657657657657,0.7422422422422423,0.0890890890890891,0.6641641641641642,0.4554554554554554,0.5155155155155156,0.12912912912912913,0.2057057057057057,0.947947947947948,0.7837837837837838,0.0,0.4794794794794795,0.474974974974975,0.6356356356356356,0.3488488488488488,1.128
0.8468468468468469,0.23823823823823825,0.8693693693693694,0.11211211211211211,0.494994994994995,0.2867867867867868,0.6586586586586587,0.585085085085085,0.25575575575575576,0.0870870870870871,0.17267267267267267,0.25925925925925924,0.8828828828828829,0.7592592592592593,0.037037037037037035,0.7547547547547547,0.0,0.45495495495495497,0.8113113113113113,0.7187187187187187,0.35535535535535534,1.482
0.8478478478478477,0.17967967967967968,0.8483483483483483,0.38788788788788786,0.6131131131131131,0.1781781781781782,0.8418418418418419,0.7467467467467468,0.5645645645645645,0.6506506506506506,0.24974974974974976,0.40290290290290287,0.3228228228228228,0.503003003003003,0.8118118118118118,0.8753753753753755,0.0,0.1966966966966967,0.2632632632632632,0.973973973973974,0.7252252252252251,1.174
0.8488488488488488,0.7837837837837838,0.3763763763763764,0.2277277277277277,0.8333333333333333,0.11011011011011011,0.8608608608608609,0.8483483483483483,0.31231231231231227,0.3183183183183183,0.13263263263263264,0.5780780780780781,0.12812812812812813,0.2902902902902903,0.545045045045045,0.6386386386386387,0.0,0.20070070070070067,0.2247247247247247,0.22422422422422422,0.5085085085085086,1.229
0.8498498498498499,0.6676676676676676,0.13613613613613612,0.8838838838838838,0.23023023023023023,0.7627627627627628,0.3188188188188188,0.06806806806806809,0.9304304304304305,0.9644644644644644,0.7092092092092093,0.12162162162162163,0.21521521521521522,0.3408408408408409,0.7272272272272272,0.8188188188188188,0.0,0.7877877877877878,0.5735735735735736,0.21371371371371373,0.4344344344344344,1.204
0.8508508508508509,0.18768768768768768,0.4159159159159159,0.6001001001001001,0.52002002002002,0.3098098098098098,0.8693693693693694,0.6511511511511512,0.5645645645645645,0.8708708708708708,0.21521521521521522,0.6071071071071071,0.4159159159159159,0.2247247247247247,0.5840840840840841,0.45045045045045046,0.0,0.5645645645645645,0.982982982982983,0.4344344344344344,0.551051051051051,1.291
0.8518518518518519,0.3508508508508509,0.8088088088088088,0.003003003003003003,0.15615615615615616,0.7692692692692693,0.2782782782782783,0.46046046046046046,0.8768768768768769,0.6751751751751751,0.582082082082082,0.2707707707707708,0.9679679679679679,0.527027027027027,0.08308308308308308,0.7867867867867868,0.0,0.5545545545545545,0.932932932932933,0.8288288288288288,0.09509509509509509,1.332
0.8528528528528528,0.5725725725725725,0.15715715715715717,0.03953953953953954,0.006006006006006006,0.8628628628628628,0.2872872872872873,0.39889889889889885,0.20070070070070067,0.7837837837837838,0.6666666666666667,0.39239239239239243,0.9329329329329329,0.4084084084084084,0.024524524524524523,0.1016016016016016,0.0,0.9679679679679679,0.2677677677677678,0.39239239239239243,0.3388388388388388,1.391
0.8538538538538538,0.9064064064064064,0.8158158158158159,0.6656656656656657,0.46096096096096095,0.19119119119119118,0.49449449449449445,0.8923923923923924,0.6396396396396397,0.5980980980980981,0.34934934934934936,0.7147147147147147,0.0965965965965966,0.3408408408408409,0.8053053053053053,0.9139139139139139,0.0,0.13963963963963966,0.7832832832832832,0.6651651651651651,0.7487487487487487,1.19
0.8548548548548549,0.10310310310310311,0.38538538538538536,0.7252252252252251,0.06806806806806806,0.8133133133133132,0.14514514514514515,0.48848848848848847,0.960960960960961,0.7182182182182182,0.7197197197197197,0.5765765765765766,0.1966966966966967,0.4244244244244244,0.7782782782782782,0.7797797797797797,0.0,0.3113113113113113,0.2227227227227227,0.45495495495495497,0.6716716716716717,0.975
0.8558558558558559,0.3883883883883884,0.7982982982982982,0.498998998998999,0.7387387387387387,0.1941941941941942,0.8463463463463463,0.7202202202202201,0.6231231231231231,0.25925925925925924,0.4079079079079079,0.8858858858858859,0.4854854854854855,0.9094094094094094,0.7337337337337337,0.3893893893893894,0.0,0.09259259259259259,0.7487487487487487,0.23873873873873874,0.7097097097097097,1.051
0.8568568568568569,0.526026026026026,0.02002002002002002,0.17117117117117117,0.060560560560560556,0.7917917917917918,0.2977977977977978,0.03053053053053053,0.513013013013013,0.9794794794794794,0.6521521521521522,0.7692692692692693,0.7467467467467468,0.9009009009009009,0.4444444444444444,0.5115115115115115,0.0,0.6751751751751751,0.6716716716716717,0.2842842842842843,0.6781781781781782,1.049
0.8578578578578577,0.6371371371371372,0.37037037037037035,0.8318318318318318,0.025025025025025023,0.8668668668668669,0.1641641641641642,0.08658658658658658,0.8028028028028028,0.3078078078078078,0.8383383383383383,0.6151151151151151,0.8613613613613613,0.5990990990990991,0.23723723723723722,0.5075075075075075,0.0,0.7392392392392393,0.3748748748748749,0.1916916916916917,0.6881881881881882,1.571
0.8588588588588588,0.17967967967967968,0.24024024024024024,0.6851851851851851,0.44794794794794796,0.9184184184184183,0.07907907907907907,0.48448448448448445,0.41491491491491495,0.42842842842842843,0.8958958958958959,0.056056056056056056,0.06706706706706705,0.14114114114114112,0.8628628628628628,0.29929929929929927,0.0,0.7822822822822822,0.2082082082082082,0.515015015015015,0.5760760760760761,1.114
0.8598598598598599,0.992992992992993,0.5085085085085085,0.34534534534534533,0.10710710710710711,0.7052052052052051,0.2327327327327327,0.024024024024024024,0.6596596596596596,0.7387387387387387,0.5505505505505506,0.16566566566566565,0.7882882882882882,0.487987987987988,0.5105105105105106,0.4264264264264264,0.0,0.6186186186186187,0.8588588588588588,0.8258258258258258,0.4674674674674675,1.393
0.8608608608608609,0.8463463463463463,0.47097097097097096,0.4864864864864865,0.3213213213213213,0.48698698698698695,0.17450784117450782,0.37537537537537535,0.42842842842842843,0.37887887887887883,0.5965965965965966,0.03003003003003003,0.44244244244244246,0.05305305305305305,0.2127127127127127,0.9174174174174174,0.0,0.7012012012012012,0.38538538538538536,0.48948948948948945,0.003003003003003003,1.235
0.8618618618618619,0.7787787787787788,0.5160160160160161,0.46196196196196193,0.27727727727727725,0.36686686686686687,0.33083083083083087,0.6986986986986987,0.9514514514514514,1.0,0.2842842842842843,0.2882882882882883,0.16416416416416416,0.5505505505505506,0.5175175175175175,0.7092092092092093,0.0,0.19269269269269268,0.7997997997997998,0.22822822822822825,0.7977977977977978,1.399
0.8628628628628628,0.9629629629629629,0.4159159159159159,0.519019019019019,0.6131131131131131,0.5705705705705706,0.6769288372341807,0.35535535535535534,0.5345345345345345,0.6461461461461462,0.7512512512512513,0.13813813813813813,0.955955955955956,0.8138138138138138,0.23723723723723722,0.043043043043043044,0.0,0.7157157157157157,0.34934934934934936,0.8833833833833834,0.7422422422422423,1.276
0.8638638638638638,0.9719719719719719,0.7392392392392393,0.06806806806806806,0.053553553553553554,0.46796796796796797,0.7132132132132132,0.7487487487487487,0.07307307307307308,0.5140140140140139,0.477977977977978,0.9419419419419419,0.8613613613613613,0.6806806806806807,0.12462462462462463,0.6636636636636637,0.0,0.7312312312312312,0.4214214214214214,0.2877877877877878,0.8588588588588588,1.25
0.864864864864865,0.473973973973974,0.21171171171171171,0.7527527527527528,0.6026026026026026,0.26326326326326327,0.7362362362362362,0.6536536536536537,0.5980980980980981,0.567067067067067,0.23823823823823823,0.21121121121121122,0.1966966966966967,0.3998998998998999,0.8758758758758759,0.3893893893893894,0.0,0.3813813813813814,0.8423423423423424,0.35735735735735735,0.30480480480480476,1.183
0.8658658658658659,0.5295295295295295,0.0985985985985986,0.8938938938938938,0.5820820820820821,0.8043043043043043,0.044044044044044044,0.4229229229229229,0.05455455455455456,0.9719719719719719,0.983983983983984,0.8533533533533533,0.3633633633633634,0.2882882882882883,0.06906906906906907,0.1866866866866867,0.0,0.27177177177177175,0.017517517517517518,0.5960960960960962,0.12512512512512514,1.229
0.8668668668668669,0.6851851851851851,0.944944944944945,0.5860860860860861,0.950950950950951,0.05105105105105105,0.9549549549549549,0.8543543543543544,0.3858858858858859,0.46596596596596596,0.2107107107107107,0.6321321321321322,0.4574574574574575,0.9184184184184183,0.9924924924924925,0.4464464464464465,0.0,0.464964964964965,0.7917917917917918,0.41241241241241244,0.4814814814814815,1.303
0.8678678678678677,0.33183183183183185,0.7352352352352353,0.8513513513513513,0.6711711711711712,0.5830830830830831,0.40990990990990994,0.9274274274274275,0.458958958958959,0.06806806806806806,0.44044044044044045,0.08658658658658658,0.8793793793793794,0.36786786786786785,0.08458458458458458,0.6406406406406406,0.0,0.4019019019019019,0.6446446446446447,0.8648648648648649,0.45295295295295296,1.259
0.8688688688688688,0.7472472472472472,0.8708708708708709,0.5445445445445445,0.16266266266266266,0.7532532532532532,0.49449449449449445,0.25375375375375375,0.28728728728728725,0.35935935935935936,0.8578578578578574,0.5685685685685686,0.15765765765765766,0.7772772772772772,0.9279279279279279,0.7687687687687688,0.0,0.4119119119119119,0.3823823823823824,0.7322322322322322,0.48448448448448445,1.358
0.8698698698698699,0.7927927927927928,0.5910910910910911,0.19519519519519518,0.9304304304304305,0.07807807807807808,0.9594594594594594,0.8678678678678677,0.7832832832832832,0.3438438438438438,0.12912912912912913,0.7547547547547547,0.17317317317317318,0.25175175175175174,0.91991991991992,0.542042042042042,0.0,0.031031031031031032,0.8068068068068068,0.7732732732732732,0.8003003003003002,1.177
0.8708708708708709,0.12412412412412413,0.2802802802802803,0.8008008008008007,0.46346346346346345,0.6326326326326326,0.06706706706706705,0.9179179179179178,0.7462462462462462,0.6591591591591592,0.7112112112112112,0.37737737737737737,0.1896896896896897,0.43593593593593594,0.977977977977978,0.8138138138138138,0.0,0.013013013013013013,0.07107107107107108,0.8598598598598599,0.478978978978979,1.249
0.8718718718718719,0.6911911911911912,0.3533533533533534,0.07407407407407407,0.05655655655655656,0.990990990990991,0.011011011011011011,0.0045045045045045045,0.4204204204204204,0.6426426426426426,0.998998998998999,0.478978978978979,0.08808808808808809,0.47097097097097096,0.8893893893893894,0.7347347347347347,0.0,0.038538538538538544,0.6041041041041041,0.7652652652652652,0.062062062062062065,1.312
0.8728728728728729,0.549049049049049,0.9794794794794794,0.13963963963963966,0.5785785785785785,0.38288288288288286,0.6416416416416416,0.7202202202202201,0.16616616616616617,0.07607607607607608,0.33933933933933935,0.2962962962962963,0.2177177177177177,0.35685685685685686,0.4419419419419419,0.7487487487487487,0.0,0.38738738738738737,0.8173173173173174,0.7212212212212212,0.5185185185185185,1.211
0.8738738738738738,0.4204204204204204,0.1941941941941942,0.5445445445445445,0.36536536536536535,0.4174174174174174,0.10810810810810814,0.5900900900900901,0.9489489489489489,0.7682682682682682,0.36786786786786785,0.19019019019019018,0.44844844844844844,0.4519519519519519,0.29979979979979976,0.7442442442442443,0.0,0.1066066066066066,0.5790790790790791,0.8403403403403403,0.3993993993993994,1.499
0.8748748748748748,0.5025025025025025,0.17917917917917917,0.96996996996997,0.592092092092092,0.7677677677677677,0.26176176176176175,0.6266266266266267,0.602102102102102,0.05655655655655656,0.632132132132132,0.33333333333333337,0.5655655655655656,0.5005005005005005,0.7927927927927928,0.7252252252252251,0.0,0.55005005005005,0.7457457457457457,0.004004004004004004,0.07857857857857858,1.453
0.8758758758758759,0.9044044044044044,0.13813813813813813,0.9149149149149147,0.6891891891891893,0.9349349349349348,0.1941941941941942,0.02702702702702703,0.994994994994994,0.5175175175175175,0.9219219219219219,0.23923923923923923,0.17867867867867868,0.26726726726726724,0.6211211211211212,0.7112112112112112,0.0,0.43793793793793795,0.464964964964965,0.7812812812812813,0.6511511511511512,1.36
0.8768768768768769,0.9124124124124124,0.4974974974974975,0.3288288288288288,0.31181181181181183,0.5265265265265265,0.8438438438438438,0.8423423423423424,0.1766766766766767,0.7497497497497498,0.5880880880880881,0.3688688688688689,0.96996996996997,0.46446446446446443,0.04354354354354355,0.6966966966966975,0.0,0.58008008008008,0.4164164164164164,0.6911911911911912,0.9649649649649652,1.445
0.8778778778778777,0.03003003003003003,0.36186186186186187,0.07057057057057056,0.4289289289289289,0.34234234234234234,0.4289289289289289,0.9099099099099099,0.494994994994995,0.058058058058058054,0.6191191191191192,0.6751751751751751,0.03403403403403403,0.04804804804804805,0.9179179179179179,0.5025025025025025,0.0,0.17817817817817816,0.3583583583583584,0.13363363363363362,0.1831831831831832,1.35
0.8788788788788788,0.2682682682682682,0.9329329329329329,0.494994994994995,0.3053053053053053,0.983983983983984,0.013513513513513514,0.4169169169169169,0.44094094094094094,0.7087087087087087,0.9284284284284283,0.5855855855855856,0.8613613613613613,0.14764764764764765,0.04004004004004004,0.34784784784784784,0.0,0.9289289289289289,0.11511511511511512,0.16066066066066065,0.23323323323323325,1.386
0.8798798798798799,0.6116116116116116,0.1881881881881882,0.8453453453453453,0.7597597597597597,0.14314314314314314,0.955955955955956,0.6101101101101101,0.9079079079079078,0.980980980980981,0.08308308308308308,0.2982982982982983,0.7917917917917918,0.527027027027027,0.09259259259259259,0.8383383383383383,0.0,0.58008008008008,0.2852852852852853,0.5615615615615616,0.9679679679679679,1.396
0.8808808808808809,0.541041041041041,0.968968968968969,0.44794794794794796,0.4454454454454454,0.706706706706707,0.2802802802802803,0.00950950950950951,0.7797797797797797,0.23773773773773774,0.5115115115115115,0.48448448448448445,0.5075075075075075,0.7122122122122122,0.28728728728728725,0.41541541541541543,0.0,0.4019019019019019,0.9719719719719719,0.7787787787787788,0.33433433433433435,1.172
0.8818818818818819,0.47847847847847846,0.6626626626626626,0.8293293293293293,0.36536536536536535,0.4554554554554554,0.48198198198198194,0.24924924924924924,0.9264264264264264,0.3078078078078078,0.5165165165165165,0.33333333333333337,0.6081081081081081,0.5545545545545545,0.13513513513513514,0.6101101101101101,0.0,0.7122122122122122,0.5385385385385386,0.6421421421421422,0.27627627627627627,1.277
0.8828828828828829,0.06306306306306306,0.7172172172172172,0.8408408408408408,0.7082082082082082,0.7802802802802802,0.15115115115115116,0.1091091091091091,0.32182182182182184,0.7012012012012012,0.7887887887887888,0.9059059059059059,0.6681681681681682,0.16366366366366364,0.0895895895895896,0.996996996996997,0.0,0.9204204204204205,0.474974974974975,0.4964964964964965,0.17767767767767767,1.314
0.8838838838838838,0.7132132132132132,0.39789789789789787,0.23873873873873874,0.5820820820820821,0.46596596596596596,0.6666666666666669,0.2992992992992993,0.38988988988988993,0.7142142142142143,0.35435435435435436,0.7612612612612613,0.9449449449449451,0.7262262262262262,0.3303303303303303,0.5235235235235235,0.0,0.8988988988988988,0.4804804804804805,0.585085085085085,0.8413413413413413,1.237
0.884884884884885,0.5725725725725725,0.7687687687687688,0.47947947947947944,0.25625625625625625,0.3563563563563563,0.4289289289289289,0.46596596596596596,0.07007007007007007,0.47997997997998,0.5040040040040039,0.2757757757757758,0.8278278278278276,0.13263263263263264,0.051551551551551555,0.2907907907907908,0.0,0.34934934934934936,0.4164164164164164,0.07607607607607608,0.3843843843843844,1.353
0.8858858858858859,0.3203203203203203,0.3408408408408409,0.11011011011011011,0.8253253253253253,0.0940940940940941,0.8998998998998999,0.6451451451451451,0.31681681681681684,0.2912912912912913,0.20370370370370372,0.15115115115115116,0.9264264264264264,0.26726726726726724,0.13263263263263264,0.998998998998999,0.0,0.487987987987988,0.023023023023023025,0.8103103103103103,0.23973973973973972,1.346
0.8868868868868869,0.46846846846846846,0.8898898898898899,0.10560560560560561,0.08008008008008008,0.8133133133133132,0.32432432432432434,0.36286286286286284,0.3078078078078078,0.38288288288288286,0.970970970970971,0.6101101101101101,0.46346346346346345,0.5545545545545545,0.6211211211211212,0.985985985985986,0.0,0.1966966966966967,0.9924924924924925,0.8103103103103103,0.005005005005005005,1.429
0.8878878878878878,0.8253253253253253,0.9514514514514514,0.1886886886886887,0.3508508508508509,0.7267267267267269,0.22972972972972971,0.1946946946946947,0.5910910910910911,0.9124124124124124,0.4654654654654654,0.011011011011011011,0.6116116116116116,0.31731731731731727,0.3488488488488488,0.1031031031031031,0.0,0.6811811811811812,0.9579579579579576,0.975975975975976,0.4179179179179179,1.168
0.8888888888888888,0.08358358358358359,0.7422422422422423,0.7117117117117118,0.7552552552552552,0.2982982982982983,0.5630630630630631,0.950950950950951,0.6706706706706707,0.2107107107107107,0.7137137137137137,0.45645645645645644,0.17567567567567566,0.7907907907907907,0.4629629629629629,0.8188188188188188,0.0,0.13013013013013014,0.6806806806806805,0.30830830830830835,0.07007007007007007,1.498
0.8898898898898899,0.8748748748748749,0.027527527527527528,0.24224224224224222,0.948948948948949,0.044044044044044044,0.960960960960961,0.6586586586586587,0.33783783783783783,0.5115115115115115,0.04604604604604605,0.07257257257257257,0.48948948948948945,0.1941941941941942,0.6641641641641642,0.4944944944944945,0.0,0.8028028028028027,0.2967967967967968,0.09109109109109109,0.7587587587587588,1.295
0.8908908908908909,0.9144144144144144,0.2977977977977978,0.7552552552552553,0.21421421421421422,0.9414414414414414,0.24624624624624625,0.28728728728728725,0.42842842842842843,0.7337337337337337,0.9594594594594594,0.6151151151151151,0.7682682682682682,0.47347347347347346,0.1026026026026026,0.9669669669669669,0.0,0.4974974974974975,0.8378378378378377,0.06256256256256257,0.3513513513513513,1.243
0.8918918918918919,0.0890890890890891,0.7102102102102101,0.7007007007007007,0.3408408408408409,0.8578578578578578,0.028028028028028028,0.32432432432432434,0.12812812812812813,0.36286286286286284,0.8998998998998999,0.36436436436436437,0.7832832832832832,0.24524524524524524,0.6701701701701701,0.2092092092092092,0.0,0.11611611611611611,0.012012012012012012,0.7477477477477478,0.5760760760760761,1.023
0.8928928928928929,0.997997997997998,0.8453453453453453,0.13513513513513514,0.7892892892892893,0.28978978978978975,0.7467467467467468,0.7227227227227228,0.519019019019019,0.47447447447447444,0.1991991991991992,0.5640640640640641,0.8418418418418419,0.8363363363363363,0.6286286286286287,0.16516516516516516,0.0,0.6536536536536537,0.5085085085085085,0.5315315315315314,0.6356356356356356,1.34
0.8938938938938938,0.7982982982982982,0.03003003003003003,0.6786786786786787,0.03803803803803804,0.7607607607607606,0.11911911911911911,0.07307307307307308,0.30430430430430433,0.9579579579579578,0.57007007007007,0.4269269269269269,0.44844844844844844,0.00950950950950951,0.4804804804804805,0.990990990990991,0.0,0.997997997997998,0.07707707707707709,0.050050050050050046,0.5985985985985987,1.269
0.8948948948948948,0.2577577577577578,0.43993993993993996,0.6361361361361362,0.37987987987987987,0.4059059059059059,0.5880880880880881,0.46946946946946944,0.2122122122122122,0.98998998998999,0.4324324324324327,0.5465465465465466,0.1896896896896897,0.16916916916916916,0.8878878878878876,0.8888888888888888,0.0,0.12362362362362361,0.029029029029029027,0.04904904904904905,0.8863863863863863,1.118
0.8958958958958959,0.7787787787787788,0.6836836836836837,0.10560560560560561,0.1766766766766767,0.8248248248248248,0.23973973973973972,0.980980980980981,0.38988988988988993,0.6906906906906907,0.7657657657657657,0.5730730730730731,0.16816816816816815,0.487987987987988,0.8443443443443444,0.7737737737737738,0.0,0.027527527527527528,0.3163163163163163,0.2807807807807808,0.14064064064064064,1.287
0.8968968968968969,0.988988988988989,0.944944944944945,0.5395395395395395,0.03953953953953954,0.5210210210210211,0.6769288372341807,0.7287287287287287,0.8978978978978978,0.502002002002002,0.2062062062062062,0.40040040040040037,0.8863863863863863,0.998998998998999,0.5145145145145145,0.47447447447447444,0.0,0.55005005005005,0.5545545545545545,0.7127127127127126,0.9289289289289289,1.256
0.8978978978978978,0.06906906906906907,0.38788788788788786,0.3658658658658659,0.3053053053053053,0.7367367367367368,0.6481481481481481,0.5355355355355356,0.9109109109109109,0.5230230230230231,0.7297297297297297,0.498998998998999,0.7072072072072072,0.8728728728728729,0.40240240240240244,0.8468468468468469,0.0,0.16666666666666669,0.6316316316316317,0.6221221221221221,0.988988988988989,1.233
0.8988988988988988,0.3278278278278278,0.2957957957957958,0.6486486486486487,0.8313313313313313,0.23673673673673673,0.8893893893893894,0.34634634634634637,0.6741741741741742,0.546046046046046,0.05405405405405406,0.2502502502502503,0.22122122122122123,0.476976976976977,0.965965965965966,0.06106106106106106,0.0,0.8253253253253253,0.5930930930930931,0.7797797797797797,0.982982982982983,1.116
0.8998998998998999,0.14414414414414414,0.575075075075075,0.8143143143143143,0.6226226226226226,0.46596596596596596,0.30730730730730726,0.4774774774774775,0.46596596596596596,0.7952952952952953,0.42592592592592593,0.2057057057057057,0.3228228228228228,0.5505505505505506,0.5685685685685686,0.7077077077077077,0.0,0.1041041041041041,0.1831831831831832,0.5185185185185185,0.12512512512512514,1.346
0.9009009009009009,0.2807807807807808,0.575075075075075,0.552052052052052,0.9644644644644644,0.17717717717717718,0.7852852852852853,0.26176176176176175,0.9214214214214214,0.03403403403403403,0.037037037037037035,0.9089089089089089,0.44844844844844844,0.44244244244244246,0.48398398398398396,0.03553553553553554,0.0,0.98998998998999,0.7487487487487487,0.21371371371371373,0.42342342342342343,1.34
0.9019019019019019,0.06006006006006006,0.04054054054054054,0.7192192192192193,0.3833833833833834,0.42042042042042044,0.42592592592592593,0.54004004004004,0.3763763763763764,0.7292292292292293,0.2927927927927928,0.2852852852852853,0.7072072072072072,0.004004004004004004,0.26976976976976974,0.9604604604604605,0.0,0.9029029029029029,0.4914914914914915,0.7127127127127126,0.4204204204204204,1.282
0.9029029029029029,0.34234234234234234,0.7437437437437437,0.7142142142142143,0.938938938938939,0.23923923923923923,0.6451451451451451,0.6066066066066066,0.0990990990990991,0.11411411411411412,0.4134134134134134,0.48148148148148145,0.5005005005005005,0.8903903903903904,0.8278278278278278,0.23623623623623624,0.0,0.2642642642642643,0.2767767767767768,0.938938938938939,0.8313313313313313,1.221
0.9039039039039038,0.2092092092092092,0.5570570570570571,0.6816816816816818,0.036036036036036036,0.8848848848848853,0.09159159159159158,0.15865865865865864,0.025025025025025023,0.06806806806806806,0.8938938938938938,0.9209209209209209,0.4039039039039039,0.03953953953953954,0.1716716716716717,0.495995995995996,0.0,0.9114114114114114,0.007007007007007007,0.19769769769769768,0.527027027027027,1.424
0.904904904904905,0.2092092092092092,0.05855855855855856,0.11561561561561562,0.6026026026026026,0.28128128128128127,0.7717717717717718,0.92992992992993,0.3563563563563563,0.54004004004004,0.36486486486486486,0.494994994994995,0.46996996996997,0.32582582582582587,0.8783783783783784,0.6536536536536537,0.0,0.468968968968969,0.3303303303303303,0.23873873873873874,0.8483483483483483,1.191
0.9059059059059059,0.4084084084084084,0.6906906906906907,0.506006006006006,0.06506506506506507,0.6871871871871872,0.4454454454454454,0.5745745745745745,0.4454454454454454,0.607107107107107,0.7182182182182182,0.8768768768768769,0.7157157157157157,0.2857857857857858,0.7887887887887888,0.03353353353353353,0.0,0.9114114114114114,0.6751751751751751,0.5895895895895895,0.21371371371371373,1.338
0.9069069069069069,0.26426426426426425,0.4209209209209209,0.7797797797797797,0.8093093093093093,0.11611611611611611,0.8958958958958959,0.9519519519519519,0.1766766766766767,0.37887887887887883,0.7607607607607607,0.7497497497497497,0.14464464464464466,0.9134134134134133,0.7557557557557557,0.9604604604604605,0.0,0.07357357357357358,0.12762762762762764,0.7437437437437437,0.9234234234234234,1.172
0.9079079079079078,0.08208208208208209,0.28378378378378377,0.31831831831831836,0.13413413413413414,0.20070070070070067,0.5685685685685685,0.525025025025025,0.8963963963963963,0.4044044044044044,0.1021021021021021,0.5155155155155156,0.4139139139139139,0.17267267267267267,0.6131131131131131,0.6186186186186187,0.0,0.3738738738738739,0.6586586586586587,0.018518518518518517,0.2982982982982983,1.297
0.9089089089089089,0.16266266266266266,0.9179179179179178,0.1766766766766767,0.5990990990990991,0.6481481481481481,0.547047047047047,0.6766766766766767,0.1766766766766767,0.028028028028028028,0.7927927927927928,0.29229229229229226,0.12062062062062062,0.2247247247247247,0.985985985985986,0.4094094094094094,0.0,0.25875875875875876,0.4164164164164164,0.8288288288288288,0.8028028028028028,1.001
0.9099099099099099,0.16066066066066065,0.47097097097097096,0.35435435435435436,0.14664664664664664,0.4314314314314315,0.4774774774774773,0.48848848848848847,0.993993993993994,0.42492492492492495,0.25325325325325326,0.9729729729729735,0.2962962962962963,0.9949949949949938,0.8353353353353353,0.3038038038038038,0.0,0.17617617617617617,0.6276276276276276,0.8053053053053053,0.8443443443443444,1.229
0.9109109109109109,0.5025025025025025,0.17567567567567566,0.9819819819819819,0.8958958958958959,0.07307307307307308,0.9009009009009009,0.4544544544544544,0.9384384384384384,0.23423423423423423,0.013013013013013013,0.026526526526526525,0.5980980980980981,0.9044044044044044,0.5,0.40240240240240244,0.0,0.9269269269269269,0.9349349349349348,0.12762762762762764,0.474974974974975,1.321
0.9119119119119119,0.22872872872872874,0.8583583583583583,0.6956956956956957,0.25375375375375375,0.8833833833833833,0.33083083083083087,0.1041041041041041,0.0970970970970971,0.01901901901901902,0.8843843843843844,0.9649649649649651,0.9669669669669669,0.7122122122122122,0.12912912912912913,0.36286286286286284,0.0,0.991991991991992,0.5280280280280281,0.4754754754754755,0.5235235235235235,1.369
0.9129129129129129,0.6246246246246245,0.7722722722722724,0.2857857857857858,0.5585585585585585,0.35935935935935936,0.9309309309309309,0.7132132132132132,0.0970970970970971,0.04254254254254254,0.4654654654654654,0.9634634634634635,0.5325325325325325,0.5355355355355356,0.6486486486486487,0.14864864864864863,0.0,0.6876876876876876,0.9224224224224224,0.5460460460460461,0.9719719719719719,1.143
0.913913913913914,0.9864864864864864,0.25925925925925924,0.2882882882882883,0.21671671671671672,0.5985985985985987,0.5915915915915916,0.3483483483483484,0.13513513513513514,0.4044044044044044,0.7377377377377378,0.8793793793793794,0.8368368368368369,0.5755755755755756,0.14014014014014015,0.23423423423423423,0.0,0.4179179179179179,0.2767767767767768,0.4864864864864865,0.31931931931931934,1.408
0.9149149149149148,0.9729729729729732,0.2227227227227227,0.4084084084084084,0.41491491491491495,0.6326326326326326,0.25225225225225223,0.7897897897897898,0.6546546546546546,0.2042042042042042,0.5535535535535535,0.05305305305305305,0.15465465465465467,0.07507507507507508,0.4294294294294294,0.06306306306306306,0.0,0.532032032032032,0.8648648648648649,0.6091091091091091,0.7677677677677676,1.354
0.9159159159159159,0.0920920920920921,0.47947947947947944,0.7752752752752752,0.7942942942942943,0.1111111111111111,0.9264264264264264,0.48848848848848847,0.6051051051051051,0.7747747747747747,0.27627627627627627,0.26376376376376376,0.8573573573573574,0.7627627627627628,0.7717717717717718,0.6946946946946947,0.0,0.5740740740740741,0.996996996996997,0.21371371371371373,0.6541541541541542,1.265
0.9169169169169169,0.555055055055055,0.7627627627627628,0.986986986986987,0.6506506506506506,0.9634634634634635,0.27627627627627627,0.17467467467467468,0.6496496496496496,0.16166166166166168,0.9579579579579578,0.7337337337337337,0.3088088088088088,0.1266266266266266,0.4444444444444444,0.8588588588588588,0.0,0.7047047047047047,0.32332332332332336,0.7087087087087087,0.1831831831831832,1.263
0.9179179179179178,0.9264264264264264,0.9494494494494494,0.4754754754754755,0.9259259259259259,0.11211211211211211,0.505005005005005,0.7797797797797797,0.46446446446446454,0.24074074074074076,0.21371371371371373,0.7452452452452452,0.38538538538538536,0.8518518518518519,0.3798798798798799,0.5105105105105106,0.0,0.7677677677677677,0.6241241241241241,0.6966966966966968,0.04804804804804805,1.22
0.918918918918919,0.15815815815815815,0.6651651651651651,0.5445445445445445,0.9369369369369369,0.05305305305305305,0.93993993993994,0.6871871871871872,0.06656656656656657,0.448948948948949,0.04204204204204204,0.7992992992992993,0.13063063063063063,0.8233233233233233,0.25575575575575576,0.6446446446446447,0.0,0.8368368368368369,0.7392392392392393,0.40490490490490494,0.2567567567567568,1.255
0.91991991991992,0.46846846846846846,0.6796796796796797,0.8408408408408408,0.48598598598598597,0.5580580580580581,0.40990990990990994,0.8563563563563563,0.08158158158158157,0.3303303303303303,0.9204204204204205,0.8663663663663663,0.9009009009009009,0.8378378378378377,0.4239239239239239,0.5135135135135135,0.0,0.4269269269269269,0.8818818818818819,0.6581581581581581,0.3823823823823824,1.309
0.9209209209209209,0.5295295295295295,0.3638638638638638,0.5355355355355356,0.6566566566566566,0.45345345345345345,0.6356356356356356,0.585085085085085,0.0940940940940941,0.2952952952952953,0.7457457457457457,0.8513513513513513,0.537037037037037,0.8808808808808809,0.5295295295295295,0.2977977977977978,0.0,0.2782782782782783,0.14064064064064064,0.17967967967967968,0.4154154154154154,1.241
0.9219219219219219,0.22372372372372373,0.3138138138138138,0.6201201201201201,0.4174174174174174,0.06006006006006006,0.8253253253253253,0.6806806806806807,0.972972972972973,0.8458458458458458,0.11311311311311312,0.16216216216216217,0.055055055055055056,0.1011011011011011,0.8863863863863863,0.4464464464464465,0.0,0.22522522522522523,0.7457457457457457,0.6176176176176176,0.2032032032032032,1.214
0.9229229229229229,0.5205205205205206,0.2977977977977978,0.08808808808808809,0.2067067067067067,0.6836836836836837,0.09159159159159158,0.29429429429429427,0.9234234234234233,0.6751751751751751,0.7637637637637638,0.612112112112112,0.6801801801801802,0.2082082082082082,0.3063063063063063,0.5090090090090089,0.0,0.15015015015015015,0.7247247247247247,0.40140140140140135,0.1136136136136136,1.263
0.923923923923924,0.9774774774774775,0.11311311311311312,0.16416416416416418,0.35935935935935936,0.36236236236236236,0.4154154154154154,0.6831831831831832,0.8768768768768769,0.6696696696696696,0.23623623623623624,0.6551551551551551,0.9954954954954955,0.95995995995996,0.02702702702702703,0.7332332332332332,0.0,0.015015015015015015,0.7997997997997998,0.6651651651651651,0.021521521521521522,1.432
0.9249249249249251,0.11761761761761762,0.8113113113113113,0.16116116116116116,0.6481481481481481,0.036036036036036036,0.975975975975976,0.7447447447447447,0.5485485485485486,0.6556556556556556,0.02102102102102102,0.7482482482482482,0.23473473473473472,0.8673673673673674,0.7122122122122122,0.8698698698698699,0.0,0.34184184184184185,0.6646646646646646,0.9694694694694694,0.97997997997998,1.259
0.9259259259259259,0.2617617617617618,0.8953953953953955,0.37287287287287285,0.34734734734734735,0.5230230230230231,0.4994994994994995,0.8013013013013013,0.5575575575575575,0.0895895895895896,0.37787787787787785,0.6711711711711712,0.8143143143143143,0.516016016016016,0.1716716716716717,0.27627627627627627,0.0,0.6786786786786787,0.2582582582582582,0.4154154154154154,0.37787787787787785,1.311
0.9269269269269269,0.22872872872872874,0.9094094094094094,0.34284284284284283,0.9829829829829829,0.05655655655655656,0.6956956956956957,0.8923923923923924,0.011511511511511512,0.2952952952952953,0.1841841841841842,0.15115115115115116,0.8738738738738738,0.5545545545545545,0.028528528528528527,0.8753753753753755,0.0,0.3688688688688689,0.2107107107107107,0.2197197197197197,0.45695695695695693,1.105
0.9279279279279278,0.018018018018018018,0.995995995995996,0.2022022022022022,0.4289289289289289,0.477977977977978,0.3533533533533534,0.8668668668668669,0.07507507507507508,0.45245245245245247,0.7722722722722724,0.6521521521521522,0.23723723723723725,0.23523523523523523,0.7967967967967968,0.498998998998999,0.0,0.4214214214214214,0.16966966966966968,0.9259259259259259,0.7487487487487487,1.117
0.928928928928929,0.3698698698698699,0.6266266266266266,0.5565565565565566,0.7657657657657657,0.22372372372372373,0.8348348348348348,0.529029029029029,0.7797797797797797,0.3233233233233233,0.16016016016016016,0.4894894894894895,0.4604604604604604,0.3078078078078078,0.947947947947948,0.8243243243243243,0.0,0.9534534534534534,0.3993993993993994,0.12762762762762764,0.8993993993993994,1.268
0.92992992992993,0.7867867867867868,0.20370370370370372,0.9769769769769769,0.8398398398398398,0.22622622622622623,0.7632632632632632,0.5635635635635635,0.3613613613613613,0.8708708708708708,0.25725725725725723,0.4159159159159159,0.6906906906906907,0.4924924924924925,0.6316316316316316,0.6886886886886887,0.0,0.8623623623623624,0.17317317317317316,0.7707707707707707,0.9419419419419419,1.018
0.9309309309309309,0.36036036036036034,0.47097097097097096,0.06006006006006006,0.3833833833833834,0.495995995995996,0.7507507507507507,0.3053053053053053,0.4904904904904905,0.7497497497497498,0.5645645645645645,0.8818818818818819,0.18118118118118118,0.7462462462462462,0.6931931931931932,0.22522522522522523,0.0,0.24624624624624625,0.6686686686686687,0.7677677677677678,0.3458458458458459,1.07
0.9319319319319319,0.5845845845845846,0.7157157157157157,0.2882882882882883,0.577077077077077,0.14314314314314314,0.9149149149149148,0.36786786786786785,0.7277277277277276,0.8393393393393394,0.12112112112112111,0.35785785785785784,0.4304304304304304,0.1941941941941942,0.9684684684684685,0.6351351351351351,0.0,0.7947947947947948,0.9419419419419419,0.0995995995995996,0.8758758758758759,1.136
0.9329329329329329,0.2927927927927928,0.07707707707707707,0.482982982982983,0.9469469469469469,0.04604604604604605,0.9129129129129129,0.9669669669669669,0.6926926926926926,0.5545545545545546,0.05655655655655656,0.5730730730730731,0.14664664664664664,0.7937937937937938,0.8098098098098099,0.8563563563563563,0.0,0.16966966966966968,0.01901901901901902,0.45495495495495497,0.5185185185185185,1.352
0.933933933933934,0.8623623623623624,0.6491491491491492,0.11911911911911913,0.27727727727727725,0.9099099099099099,0.16216216216216217,0.23323323323323322,0.05655655655655656,0.33483483483483484,0.9234234234234233,0.2502502502502503,0.5195195195195195,0.6606606606606606,0.7652652652652652,0.4934934934934935,0.0,0.1966966966966967,0.474974974974975,0.8933933933933933,0.6781781781781782,1.164
0.9349349349349348,0.9949949949949948,0.28378378378378377,0.44794794794794796,0.24624624624624625,0.6776776776776776,0.1966966966966967,0.8093093093093093,0.18068068068068066,0.8193193193193193,0.8663663663663663,0.21121121121121122,0.3003003003003003,0.4084084084084084,0.7622622622622622,0.25875875875875876,0.0,0.0965965965965966,0.5510510510510511,0.37787787787787785,0.6106106106106106,1.361
0.9359359359359359,0.13463463463463465,0.33683683683683685,0.974974974974975,0.6386386386386387,0.607107107107107,0.10710710710710711,0.5230230230230231,0.25975975975975973,0.1091091091091091,0.5115115115115115,0.8903903903903904,0.5705705705705706,0.8443443443443444,0.1026026026026026,0.4974974974974975,0.0,0.15715715715715717,0.15765765765765766,0.08658658658658658,0.6836836836836837,1.169
0.9369369369369369,0.6676676676676676,0.22022022022022023,0.24224224224224222,0.5455455455455456,0.6266266266266266,0.39239239239239243,0.22572572572572575,0.14014014014014015,0.6226226226226226,0.4804804804804805,0.015515515515515516,0.7522522522522522,0.527027027027027,0.08208208208208208,0.7762762762762763,0.0,0.6591591591591592,0.8388388388388388,0.6046046046046046,0.060560560560560556,1.467
0.9379379379379378,0.9594594594594594,0.12612612612612611,0.36936936936936937,0.93993993993994,0.06506506506506507,0.7422422422422423,0.6486486486486487,0.3698698698698699,0.8533533533533533,0.012012012012012012,0.7222222222222222,0.933933933933934,0.3613613613613614,0.3968968968968969,0.6551551551551551,0.0,0.5225225225225225,0.13863863863863862,0.6146146146146146,0.495995995995996,1.362
0.938938938938939,0.37537537537537535,0.7037037037037037,0.3943943943943944,0.25375375375375375,0.7877877877877878,0.1766766766766767,0.15165165165165168,0.13713713713713713,0.7142142142142143,0.6776776776776776,0.6986986986986987,0.9569569569569569,0.5195195195195195,0.37487487487487486,0.46046046046046046,0.0,0.9814814814814814,0.42492492492492495,0.9694694694694694,0.6431431431431431,1.446
0.93993993993994,0.9429429429429429,0.28728728728728725,0.47297297297297297,0.7967967967967968,0.34534534534534533,0.44044044044044045,0.9329329329329329,0.47697697697697694,0.07607607607607608,0.1966966966966967,0.4754754754754755,0.9204204204204205,0.43593593593593594,0.3238238238238238,0.26176176176176175,0.0,0.7212212212212212,0.3103103103103103,0.14214214214214216,0.1101101101101101,1.284
0.9409409409409409,0.48448448448448445,0.7722722722722724,0.5265265265265265,0.991991991991992,0.016016016016016016,0.9479479479479473,0.9159159159159159,0.44094094094094094,0.15565565565565564,0.04604604604604605,0.23623623623623624,0.13213213213213212,0.7352352352352353,0.8508508508508509,0.4214214214214214,0.0,0.28978978978978975,0.5880880880880881,0.5675675675675675,0.45295295295295296,1.266
0.9419419419419419,0.15065065065065064,0.40990990990990994,0.023523523523523524,0.13813813813813813,0.9184184184184183,0.1061061061061061,0.27127127127127126,0.5785785785785785,0.02002002002002002,0.8218218218218218,0.023023023023023025,0.44844844844844844,0.5125125125125125,0.6931931931931932,0.8188188188188188,0.0,0.5240240240240239,0.45495495495495497,0.7387387387387387,0.2072072072072072,1.236
0.9429429429429429,0.3203203203203203,0.6316316316316316,0.15265265265265265,0.3053053053053053,0.4139139139139139,0.5780780780780781,0.47447447447447444,0.05055055055055055,0.7587587587587588,0.6431431431431431,0.4159159159159159,0.5395395395395397,0.06006006006006006,0.6986986986986987,0.6161161161161162,0.0,0.7527527527527527,0.31331331331331336,0.7952952952952953,0.463963963963964,1.137
0.943943943943944,0.3508508508508509,0.85985985985986,0.8038038038038038,0.08808808808808809,0.8753753753753755,0.488988988988989,0.5985985985985987,0.5695695695695695,0.8963963963963963,0.9519519519519519,0.5295295295295295,0.42742742742742745,0.527027027027027,0.4714714714714715,0.6261261261261262,0.0,0.13463463463463465,0.96996996996997,0.6421421421421422,0.9849849849849852,1.32
0.9449449449449451,0.4244244244244244,0.5795795795795795,0.5620620620620621,0.13013013013013014,0.923923923923924,0.4219219219219219,0.4169169169169169,0.12812812812812813,0.6786786786786787,0.97997997997998,0.17317317317317316,0.8303303303303303,0.6216216216216217,0.2617617617617618,0.8348348348348348,0.0,0.09009009009009007,0.16616616616616617,0.953953953953954,0.24924924924924924,1.368
0.9459459459459459,0.3258258258258258,0.9289289289289291,0.8723723723723724,0.7212212212212212,0.07907907907907907,0.8733733733733733,0.7447447447447447,0.9319319319319319,0.5880880880880881,0.05855855855855856,0.051551551551551555,0.05105105105105105,0.0965965965965966,0.4444444444444444,0.7192192192192193,0.0,0.31831831831831836,0.5665665665665666,0.97997997997998,0.37537537537537535,1.145
0.9469469469469469,0.6451451451451451,0.46596596596596596,0.9624624624624625,0.3773773773773774,0.6716716716716716,0.44994994994994997,0.28228228228228225,0.35035035035035034,0.6261261261261262,0.36486486486486486,0.519019019019019,0.7017017017017018,0.8048048048048049,0.0960960960960961,0.6836836836836837,0.0,0.9789789789789789,0.26076076076076077,0.7127127127127126,0.7827827827827827,1.359
0.9479479479479478,0.11961961961961962,0.47947947947947944,0.8993993993993994,0.8353353353353353,0.5995995995995996,0.09159159159159158,0.3008008008008008,0.3698698698698699,0.06506506506506507,0.5040040040040039,0.8738738738738738,0.3003003003003003,0.09309309309309309,0.2917917917917918,0.47447447447447444,0.0,0.7087087087087087,0.23473473473473472,0.36186186186186187,0.3238238238238238,1.368
0.948948948948949,0.602102102102102,0.8313313313313313,0.519019019019019,0.6736736736736737,0.2602602602602603,0.6551551551551551,0.8693693693693694,0.32182182182182184,0.5910910910910911,0.4229229229229229,0.4454454454454454,0.24024024024024024,0.32082082082082086,0.14164164164164164,0.31831831831831836,0.0,0.6296296296296297,0.17617617617617617,0.7577577577577577,0.17067067067067065,1.149
0.94994994994995,0.5935935935935936,0.5005005005005005,0.2987987987987988,0.43743743743743746,0.45845845845845845,0.6166166166166166,0.22322322322322322,0.06456456456456457,0.7182182182182182,0.8118118118118118,0.8263263263263263,0.6511511511511512,0.35935935935935936,0.6581581581581581,0.42042042042042044,0.0,0.2072072072072072,0.3913913913913914,0.8883883883883883,0.6861861861861862,1.248
0.950950950950951,0.8663663663663663,0.7752752752752753,0.10810810810810811,0.5425425425425425,0.4139139139139139,0.47197197197197194,0.23773773773773774,0.957957957957958,0.01001001001001001,0.3873873873873874,0.4189189189189189,0.13713713713713713,0.5505505505505506,0.7927927927927928,0.15265265265265265,0.0,0.5610610610610611,0.5310310310310311,0.988988988988989,0.504004004004004,1.372
0.9519519519519519,0.602102102102102,0.6906906906906907,0.18518518518518517,0.7997997997997998,0.15715715715715717,0.8203203203203203,0.4544544544544544,0.24624624624624625,0.25925925925925924,0.07907907907907907,0.8198198198198198,0.14664664664664664,0.37137137137137133,0.7717717717717718,0.44394394394394393,0.0,0.7852852852852852,0.6186186186186187,0.7917917917917918,0.35535535535535534,1.352
0.9529529529529529,0.5995995995995996,0.07157157157157157,0.5445445445445445,0.25975975975975973,0.9679679679679679,0.017017017017017015,0.04354354354354355,0.9794794794794794,0.47447447447447444,0.85985985985986,0.32732732732732733,0.017517517517517518,0.46646646646646645,0.7887887887887888,0.2022022022022022,0.0,0.2557557557557557,0.545045045045045,0.03003003003003003,0.6576576576576576,1.167
0.953953953953954,0.38488488488488487,0.9404404404404405,0.6956956956956957,0.3993993993993994,0.8448448448448449,0.6656656656656657,0.8368368368368369,0.2107107107107107,0.14864864864864863,0.8903903903903905,0.8033033033033032,0.8428428428428428,0.7592592592592593,0.0895895895895896,0.7537537537537538,0.0,0.6081081081081081,0.36436436436436437,0.2987987987987988,0.4364364364364364,1.152
0.9549549549549549,0.1946946946946947,0.546046046046046,0.933933933933934,0.642142142142142,0.4139139139139139,0.4454454454454454,0.18218218218218218,0.031031031031031032,0.5295295295295295,0.7457457457457457,0.3383383383383384,0.0845845845845846,0.2057057057057057,0.3513513513513513,0.622122122122122,0.0,0.5345345345345345,0.032532532532532535,0.34434434434434436,0.9359359359359359,1.248
0.955955955955956,0.01001001001001001,0.9204204204204205,0.3213213213213213,0.985985985985986,0.012012012012012012,0.9924924924924925,0.990990990990991,0.5980980980980981,0.6976976976976976,0.007007007007007007,0.6361361361361362,0.6116116116116116,0.11911911911911911,0.5525525525525525,0.7762762762762763,0.0,0.7482482482482482,0.953953953953954,0.5580580580580581,0.2982982982982983,1.135
0.9569569569569569,0.07057057057057056,0.5630630630630631,0.48998998998999,0.933933933933934,0.04104104104104104,0.9619619619619619,0.985985985985986,0.3613613613613613,0.35535535535535534,0.08208208208208208,0.3088088088088088,0.9264264264264264,0.9364364364364364,0.03453453453453453,0.9409409409409409,0.0,0.8463463463463463,0.4289289289289289,0.13063063063063063,0.3458458458458459,1.258
0.9579579579579578,0.7927927927927928,0.8693693693693694,0.7302302302302301,0.14464464464464466,0.8288288288288288,0.16066066066066065,0.36286286286286284,0.3973973973973974,0.6101101101101101,0.7907907907907907,0.03403403403403403,0.10760760760760761,0.14464464464464466,0.7317317317317319,0.6626626626626626,0.0,0.34184184184184185,0.2927927927927928,0.39539539539539537,0.34134134134134136,1.287
0.958958958958959,0.04954954954954954,0.8558558558558559,0.975975975975976,0.6436436436436437,0.2077077077077077,0.9664664664664664,0.7202202202202201,0.991991991991992,0.9749749749749748,0.06706706706706707,0.23323323323323322,0.7107107107107107,0.08908908908908908,0.36436436436436437,0.7252252252252251,0.0,0.7632632632632632,0.997997997997998,0.2782782782782783,0.8363363363363363,1.142
0.95995995995996,0.4424424424424425,0.3948948948948949,0.46196196196196193,0.31181181181181183,0.6091091091091092,0.8368368368368369,0.3718718718718719,0.2132132132132132,0.24324324324324326,0.6111111111111112,0.08108108108108109,0.998998998998999,0.35685685685685686,0.002002002002002002,0.7012012012012012,0.0,0.5880880880880881,0.7072072072072072,0.11511511511511512,0.9464464464464464,1.337
0.960960960960961,0.056056056056056056,0.6401401401401401,0.993993993993994,0.8483483483483483,0.06606606606606606,0.7027027027027026,0.8423423423423424,0.4529529529529529,0.11411411411411412,0.3433433433433433,0.14314314314314314,0.6381381381381381,0.2987987987987988,0.38388388388388384,0.4854854854854855,0.0,0.9039039039039038,0.06406406406406406,0.4154154154154154,0.18068068068068066,1.221
0.9619619619619619,0.7607607607607607,0.22522522522522523,0.37637637637637633,0.39539539539539537,0.48348348348348347,0.7132132132132132,0.09559559559559559,0.8713713713713713,0.46946946946946944,0.4174174174174174,0.32732732732732733,0.545045045045045,0.4814814814814815,0.45145145145145144,0.1866866866866867,0.0,0.1816816816816817,0.8358358358358359,0.15815815815815815,0.7377377377377377,1.113
0.9629629629629629,0.9064064064064064,0.6206206206206206,0.06456456456456457,0.5425425425425425,0.3968968968968969,0.9169169169169169,0.39889889889889885,0.6926926926926926,0.38738738738738737,0.25225225225225245,0.4454454454454454,0.18468468468468469,0.3943943943943944,0.4714714714714715,0.11161161161161161,0.0,0.4119119119119119,0.9879879879879879,0.973973973973974,0.7587587587587588,1.183
0.963963963963964,0.24974974974974976,0.32432432432432434,0.9469469469469469,0.4314314314314315,0.8203203203203203,0.34784784784784784,0.2032032032032032,0.35035035035035034,0.6996996996996997,0.8948948948948947,0.46396396396396394,0.4389389389389389,0.37137137137137133,0.4239239239239239,0.13563563563563563,0.0,0.34784784784784784,0.5385385385385386,0.008008008008008008,0.5335335335335335,1.338
0.9649649649649651,0.6156156156156156,0.18518518518518517,0.995995995995996,0.6856856856856857,0.488988988988989,0.2247247247247247,0.12312312312312312,0.1041041041041041,0.33483483483483484,0.5165165165165165,0.7522522522522523,0.07057057057057056,0.23073073073073075,0.977977977977978,0.2042042042042042,0.0,0.5005005005005005,0.16216216216216217,0.1026026026026026,0.4119119119119119,1.364
0.965965965965966,0.10810810810810813,0.7867867867867868,0.23673673673673673,0.7082082082082082,0.2527527527527528,0.47347347347347346,0.5465465465465466,0.25375375375375375,0.5115115115115115,0.24624624624624625,0.32732732732732733,0.7992992992992993,0.8863863863863863,0.31431431431431434,0.6661661661661662,0.0,0.5935935935935935,0.5245245245245245,0.3313313313313313,0.6716716716716717,1.37
0.9669669669669669,0.2127127127127127,0.7037037037037037,0.14714714714714716,0.26626626626626626,0.7997997997997998,0.464964964964965,0.0045045045045045045,0.9819819819819819,0.14864864864864863,0.6046046046046046,0.6876876876876876,0.6306306306306306,0.9769769769769769,0.018018018018018018,0.45695695695695693,0.0,0.6576576576576576,0.6506506506506505,0.8258258258258258,0.2842842842842843,1.425
0.9679679679679679,0.15365365365365363,0.6906906906906907,0.3288288288288288,0.45045045045045046,0.46096096096096095,0.5755755755755756,0.1701701701701701,0.5390390390390389,0.31181181181181183,0.40140140140140135,0.9159159159159159,0.46996996996997,0.7417417417417418,0.9459459459459459,0.94994994994995,0.0,0.487987987987988,0.8623623623623624,0.2677677677677678,0.7377377377377377,1.371
0.968968968968969,0.4204204204204204,0.06306306306306306,0.8093093093093093,0.7337337337337337,0.46346346346346345,0.15715715715715717,0.42992992992992995,0.7627627627627628,0.2887887887887888,0.3933933933933934,0.03003003003003003,0.03653653653653653,0.2602602602602603,0.7187187187187187,0.21571571571571574,0.0,0.3303303303303303,0.9624624624624625,0.04804804804804805,0.002002002002002002,1.264
0.96996996996997,0.011011011011011011,0.3763763763763764,0.3103103103103103,0.3813813813813814,0.5405405405405406,0.4864864864864865,0.08658658658658658,0.8658658658658659,0.18068068068068066,0.5295295295295295,0.17567567567567566,0.03003003003003003,0.9024024024024024,0.8863863863863863,0.22522522522522523,0.0,0.07507507507507508,0.6131131131131131,0.35235235235235235,0.31931931931931934,1.476
0.970970970970971,0.14564564564564564,0.056056056056056056,0.6031031031031031,0.6226226226226226,0.3188188188188188,0.8038038038038038,0.2757757757757758,0.6756756756756757,0.955955955955956,0.13613613613613612,0.16216216216216217,0.25225225225225223,0.34734734734734735,0.7597597597597597,0.5135135135135135,0.0,0.35735735735735735,0.8288288288288288,0.043043043043043044,0.8938938938938938,1.178
0.9719719719719719,0.9209209209209209,0.7207207207207207,0.1016016016016016,0.21121121121121122,0.7727727727727728,0.39239239239239243,0.10710710710710711,0.6676676676676676,0.9479479479479475,0.8258258258258259,0.2227227227227227,0.7357357357357357,0.1986986986986987,0.6176176176176176,0.3508508508508509,0.0,0.025025025025025023,0.6526526526526526,0.8948948948948948,0.3388388388388388,1.195
0.972972972972973,0.38488488488488487,0.3663663663663663,0.978978978978979,0.6346346346346345,0.33433433433433435,0.7027027027027026,0.6381381381381381,0.8548548548548549,0.7682682682682682,0.4674674674674675,0.05455455455455456,0.6006006006006006,0.547047047047047,0.488988988988989,0.4369369369369369,0.0,0.7822822822822822,0.9099099099099099,0.26076076076076077,0.7442442442442443,1.484
0.973973973973974,0.4204204204204204,0.09409409409409408,0.8233233233233233,0.08608608608608609,0.9469469469469469,0.1021021021021021,0.6341341341341342,0.4964964964964965,0.8153153153153153,0.9534534534534534,0.9029029029029029,0.24324324324324326,0.7652652652652652,0.38388388388388384,0.32182182182182184,0.0,0.6461461461461462,0.6456456456456456,0.23573573573573575,0.515015015015015,1.192
0.9749749749749749,0.31331331331331336,0.3008008008008008,0.0890890890890891,0.2967967967967968,0.2867867867867868,0.5880880880880881,0.7132132132132132,0.8218218218218218,0.9214214214214214,0.2652652652652653,0.6711711711711712,0.8763763763763763,0.7977977977977978,0.5295295295295295,0.8453453453453453,0.0,0.2642642642642643,0.91991991991992,0.3853853853853853,0.463963963963964,1.285
0.975975975975976,0.2012012012012012,0.4209209209209209,0.052552552552552555,0.0940940940940941,0.7652652652652653,0.2247247247247247,0.10710710710710711,0.3858858858858859,0.29979979979979976,0.8618618618618619,0.0960960960960961,0.2072072072072072,0.6646646646646647,0.5295295295295295,0.6101101101101101,0.0,0.4214214214214214,0.23473473473473472,0.7757757757757757,0.7937937937937938,1.347
0.9769769769769769,0.3008008008008008,0.27477477477477474,0.8008008008008007,0.6826826826826826,0.3863863863863864,0.5505505505505506,0.9644644644644644,0.08158158158158157,0.8353353353353353,0.474974974974975,0.2707707707707708,0.6421421421421422,0.012012012012012012,0.48398398398398396,0.12412412412412413,0.0,0.5645645645645645,0.534034034034034,0.06806806806806806,0.19519519519519518,1.409
0.9779779779779779,0.06706706706706707,0.5980980980980981,0.3033033033033033,0.017017017017017015,0.9634634634634635,0.03953953953953954,0.2677677677677678,0.7367367367367368,0.6941941941941943,0.960960960960961,0.11311311311311312,0.33483483483483484,0.4924924924924925,0.9504504504504505,0.3938938938938939,0.0,0.19269269269269268,0.8323323323323324,0.6311311311311312,0.16716716716716717,1.359
0.978978978978979,0.4469469469469469,0.12162162162162163,0.514014014014014,0.3238238238238238,0.46096096096096095,0.9369369369369369,0.3053053053053053,0.4454454454454454,0.4314314314314315,0.4394394394394394,0.5110110110110111,0.8243243243243243,0.47097097097097096,0.04804804804804805,0.8658658658658659,0.0,0.9849849849849851,0.5045045045045045,0.4189189189189189,0.9779779779779779,1.358
0.97997997997998,0.7407407407407407,0.7287287287287287,0.26976976976976974,0.12512512512512514,0.7977977977977976,0.3898898898898899,0.7287287287287287,0.7867867867867868,0.5765765765765766,0.5435435435435435,0.9949949949949947,0.9079079079079077,0.91991991991992,0.0055055055055055055,0.7937937937937938,0.0,0.6426426426426426,0.9069069069069069,0.6281281281281281,0.26726726726726724,1.415
0.980980980980981,0.7332332332332332,0.8098098098098098,0.482982982982983,0.985985985985986,0.009009009009009009,0.950950950950951,0.992992992992993,0.03753753753753754,0.2077077077077077,0.031031031031031032,0.7117117117117118,0.11611611611611611,0.8938938938938938,0.5725725725725725,0.562062062062062,0.0,0.36236236236236236,0.32332332332332336,0.1176176176176176,0.21671671671671672,1.388
0.9819819819819819,0.46846846846846846,0.7802802802802803,0.09559559559559559,0.4239239239239239,0.7157157157157157,0.13213213213213212,0.44744744744744747,0.33433433433433435,0.43843843843843844,0.6166166166166166,0.42992992992992995,0.9744744744744744,0.035035035035035036,0.016016016016016016,0.6721721721721721,0.0,0.6391391391391392,0.0985985985985986,0.8868868868868869,0.7827827827827827,1.108
0.982982982982983,0.7472472472472472,0.5245245245245245,0.7092092092092093,0.7622622622622623,0.4339339339339339,0.05555555555555555,0.7977977977977978,0.5575575575575575,0.46396396396396394,0.5880880880880881,0.9104104104104105,0.0945945945945946,0.8748748748748749,0.6076076076076076,0.44044044044044045,0.0,0.07707707707707709,0.044044044044044044,0.7997997997997998,0.04004004004004004,1.181
0.983983983983984,0.8663663663663663,0.46596596596596596,0.03003003003003003,0.05105105105105105,0.9369369369369369,0.6481481481481481,0.12012012012012012,0.998998998998999,0.7032032032032032,0.8463463463463463,0.33333333333333337,0.8453453453453453,0.6031031031031031,0.1916916916916917,0.6571571571571571,0.0,0.5590590590590591,0.8588588588588588,0.6966966966966968,0.7292292292292293,1.489
0.9849849849849851,0.19269269269269268,0.8143143143143143,0.15765765765765766,0.7097097097097097,0.16166166166166168,0.7072072072072072,0.9214214214214214,0.607107107107107,0.546046046046046,0.05105105105105105,0.6281281281281281,0.6801801801801802,0.8213213213213213,0.29479479479479476,0.54004004004004,0.0,0.44494494494494496,0.13863863863863862,0.9089089089089089,0.5680680680680681,1.295
0.985985985985986,0.07257257257257257,0.36186186186186187,0.2957957957957958,0.6456456456456456,0.7757757757757757,0.15115115115115116,0.7527527527527527,0.8908908908908909,0.36286286286286284,0.8318318318318318,0.0995995995995996,0.035035035035035036,0.6526526526526526,0.960960960960961,0.0845845845845846,0.0,0.35735735735735735,0.4914914914914915,0.22822822822822825,0.36736736736736736,1.06
0.986986986986987,0.6196196196196195,0.1781781781781782,0.9424424424424425,0.3708708708708709,0.33783783783783783,0.7937937937937938,0.25625625625625625,0.91991991991992,0.9139139139139139,0.16316316316316315,0.8618618618618619,0.3793793793793794,0.5805805805805806,0.3998998998998999,0.8073073073073074,0.0,0.3263263263263263,0.6416416416416416,0.05705705705705706,0.970970970970971,1.161
0.9879879879879879,0.6676676676676676,0.3763763763763764,0.8203203203203203,0.14014014014014015,0.7802802802802802,0.12062062062062062,0.3453453453453453,0.02952952952952953,0.5880880880880881,0.6076076076076076,0.6876876876876876,0.6681681681681682,0.022022022022022022,0.07057057057057056,0.8863863863863863,0.0,1.0,0.464964964964965,0.10910910910910912,0.24474474474474472,1.554
0.988988988988989,0.3633633633633634,0.6096096096096096,0.6001001001001001,0.5715715715715716,0.16666666666666669,0.96996996996997,0.6486486486486487,0.8948948948948948,0.3233233233233233,0.13613613613613612,0.07507507507507508,0.6836836836836837,0.26726726726726724,0.04904904904904905,0.06806806806806806,0.0,0.9159159159159159,0.980980980980981,0.1041041041041041,0.7337337337337337,1.429
0.98998998998999,0.494994994994995,0.7657657657657657,0.7912912912912913,0.023023023023023025,0.9714714714714714,0.07107107107107107,0.05105105105105105,0.2197197197197197,0.7387387387387387,0.9624624624624625,0.13263263263263264,0.12062062062062062,0.02102102102102102,0.4364364364364364,0.7297297297297297,0.0,0.7392392392392393,0.16416416416416416,0.17517517517517517,0.8968968968968969,1.129
0.990990990990991,0.26576576576576577,0.2077077077077077,0.9324324324324325,0.6756756756756757,0.8393393393393394,0.11761761761761762,0.12462462462462463,0.8828828828828829,0.07407407407407407,0.6521521521521522,0.6581581581581581,0.06706706706706705,0.5005005005005005,0.41991991991991995,0.9679679679679679,0.0,0.6786786786786787,0.7367367367367368,0.1026026026026026,0.03553553553553554,1.298
0.991991991991992,0.24124124124124124,0.11561561561561562,0.5025025025025025,0.52002002002002,0.46446446446446443,0.5505505505505506,0.7467467467467468,0.6496496496496496,0.6941941941941943,0.6136136136136137,0.07907907907907907,0.6331331331331331,0.16116116116116116,0.8523523523523524,0.9244244244244244,0.0,0.8188188188188188,0.7307307307307307,0.5380380380380381,0.4674674674674675,1.354
0.992992992992993,0.2927927927927928,0.3138138138138138,0.5445445445445445,0.19519519519519518,0.5830830830830831,0.478978978978979,0.5485485485485486,0.3973973973973974,0.8088088088088088,0.567067067067067,0.6521521521521522,0.6646646646646647,0.34734734734734735,0.10010010010010009,0.986986986986987,0.0,0.4269269269269269,0.5225225225225225,0.04454454454454454,0.7777777777777777,1.244
0.993993993993994,0.4144144144144144,0.6291291291291292,0.42342342342342343,0.8388388388388388,0.34534534534534533,0.6391391391391392,0.985985985985986,0.03903903903903904,0.03003003003003003,0.6136136136136137,0.24474474474474472,0.017517517517517518,0.3813813813813814,0.9419419419419419,0.1896896896896897,0.0,0.622122122122122,0.7392392392392393,0.585085085085085,0.6431431431431431,1.059
0.9949949949949949,0.5680680680680681,0.9749749749749748,0.9049049049049049,0.8438438438438438,0.47197197197197194,0.8878878878878879,0.3868868868868869,0.9179179179179179,0.7292292292292293,0.43793793793793795,0.8153153153153153,0.26426426426426425,0.8188188188188188,0.8228228228228228,0.21021021021021022,0.0,0.13713713713713713,0.8843843843843844,0.7087087087087087,0.8733733733733733,1.254
0.995995995995996,0.37537537537537535,0.8273273273273274,0.0985985985985986,0.44794794794794796,0.6676676676676676,0.5880880880880881,0.23973973973973972,0.9829829829829831,0.27627627627627627,0.4624624624624627,0.02102102102102102,0.7952952952952953,0.495995995995996,0.05905905905905906,0.9849849849849852,0.0,0.5445445445445445,0.9154154154154155,0.933933933933934,0.8098098098098098,1.158
0.996996996996997,0.3563563563563563,0.46296296296296297,0.031031031031031032,0.2067067067067067,0.7257257257257257,0.06406406406406406,0.7377377377377377,0.4904904904904905,0.7497497497497498,0.6521521521521522,0.2082082082082082,0.587087087087087,0.43593593593593594,0.6856856856856857,0.37537537537537535,0.0,0.3078078078078078,0.2707707707707708,0.2767767767767768,0.26726726726726724,1.4
0.997997997997998,0.08358358358358359,0.5530530530530531,0.7837837837837838,0.8728728728728729,0.22872872872872874,0.9329329329329329,0.6536536536536537,0.6051051051051051,0.6101101101101101,0.4994994994994995,0.48448448448448445,0.5915915915915916,0.43593593593593594,0.2052052052052052,0.9029029029029029,0.0,0.973973973973974,0.1936936936936937,0.8833833833833834,0.9099099099099099,1.154
0.998998998998999,0.6736736736736737,0.937937937937938,0.9069069069069069,0.4934934934934935,0.7107107107107106,0.1841841841841842,0.1871871871871872,0.47097097097097096,0.16466466466466467,0.6521521521521522,0.9304304304304305,0.0945945945945946,0.7577577577577577,0.6316316316316316,0.08058058058058058,0.0,0.487987987987988,0.19019019019019018,0.3278278278278278,0.35935935935935936,1.137
1.0,0.9529529529529529,0.8868868868868869,0.3213213213213213,0.2742742742742743,0.8548548548548549,0.3993993993993994,0.2677677677677678,0.7512512512512513,0.0870870870870871,0.7887887887887888,0.6416416416416416,0.8388388388388388,0.9824824824824825,0.6251251251251251,0.567067067067067,0.0,0.7527527527527527,0.9059059059059059,0.3663663663663664,0.992992992992993,1.037
