0,1,2,3,4,5,6,7,8,9,10,11,12,13,14,15,16,17,18,19,20,x20
-1.7303196219213355,-1.9076937955168691,6.827814263660637,0.7497856356768908,0.8319408044303954,0.9075266916453777,1.8327983322058297,-0.028396777853255936,0.7605665655615019,0.06582272866540834,-0.934359838626879,0.7139796189863986,0.7182571121784613,-1.6499649256494615,-0.3201680409448847,-2.3405997794757027,0.16443704676905413,1.1708203460819573,-0.5703368256237548,1.7719942743011838,0.03888183252908592,0.992
-1.7268555185741457,-0.9560609008195667,6.827814263660637,1.6739256960839042,1.5414581627169481,1.520063182445732,1.81868854139548,1.8780834016560373,-1.0921814048494312,-0.2622753729186337,-0.4539401169846522,1.542508299181908,0.03150476397388545,1.18409684564847,-1.68557734245401,-1.7424948825391309,0.8301740782227146,0.9816325275833104,0.07068669210289433,0.607740480410787,1.1974650943738152,0.608
-1.7233914152269558,-1.3639035699755537,6.827814263660637,1.8890272618682953,1.5233428259096327,1.7667792690180961,1.4494823485246526,1.0372767583852716,0.5915202178962706,0.22205991989590412,1.6429506680655372,0.9923652555320898,1.0884595498824903,-0.939430920309809,0.22763090037913505,-1.8894578000721176,0.34751473041881065,1.0499503509300434,1.5505804922866404,2.067908780248326,-1.873612068602166,0.069
-1.719927311879766,-1.2538507862350494,6.827814263660637,0.8825643799882429,1.2365166597937913,0.6664822392470905,1.759897746352355,0.4751095259658659,0.4495212858574764,1.2297898033326038,0.5690712902770305,0.5350174240641687,-1.2668863943503912,-0.10778316405998885,0.2766875219902414,-1.7424948825391309,-0.7176645199070459,1.585982503342876,-0.053297280461519145,0.7872296069688899,-0.30481272361624057,0.632
-1.7164632085325762,-2.574484191121101,6.827814263660637,4.130332465843927,3.8994711704692806,4.6990141370160865,4.419593314103347,3.080632437961899,-1.2612277525146625,-1.0434613290711139,-0.7874079237716095,-0.7840002348070816,-2.329206432979344,1.7735171000779544,-3.623313896092709,-4.19301608884497,-0.1351446173850931,3.9245541486733697,1.2102840569502709,2.3250148263991215,-1.33589639205222,0.224
-1.7129991051853863,-1.1179032298497202,6.827814263660637,1.2782450380360735,2.2358794069974044,1.5881227925346604,1.9174570770679304,0.7537489368172238,0.02352448974109438,0.6907714935873928,-2.618654862737274,1.0321346321814742,-0.5479425298237259,0.7642358424932209,-2.0616781081391586,-1.4280625938639044,1.7205973577919853,1.5281751143571791,-0.7444419785865485,1.4324202510831512,1.0145308951351741,0.775
-1.7095350018381965,-1.2020612409454001,6.827814263660637,1.11094382020377,0.847036918436492,1.5512571704031566,1.233132222765951,1.9905168481399194,-2.234934715066393,-1.434054307147354,0.7160232051322999,-0.6448074165342361,0.1763665874232877,0.8288298429786439,-0.663564392222629,-0.8094512433180804,-0.5678736878299723,1.026301873617713,1.2551293236225058,0.5543788481908105,-1.4190483007970567,-0.015
-1.7060708984910065,-0.7618501059833832,6.827814263660637,2.337819417640667,1.656188629163284,2.0163311726774995,1.8539630184213547,1.0030578833684398,-0.26047337433649415,0.3314259537572515,0.5803752837274359,2.6759355336893647,0.6216825632121927,0.3040035890345825,-1.092809831319809,-1.9543949031680878,-0.2516485978894835,1.872391839681105,0.9517642843691533,2.87803537849706,0.13866412302289047,0.449
-1.7026067951438166,0.6235202305147308,6.827814263660637,1.8146711650539389,1.5867465047352391,1.8064807082366383,1.9386217632834553,1.1008260977022497,-1.646653425191389,1.151671207717356,-0.9117518517260683,1.6021623641559843,0.7826401448226398,1.7412200998352427,-2.597212894060401,-1.6912287485159974,-0.6843776683343629,1.8960403169934354,0.22896410388725233,0.651399997681677,0.9923570528032176,0.874
-1.6991426917966268,-3.377222143110663,6.827814263660637,1.1321884192935865,2.157379614165701,1.6788689393198968,2.599430299568185,0.9786158297849856,-0.07790331885804438,-0.7778581039792705,0.5012473295745985,0.8863135844670645,-0.6981696059934764,-0.42267891642642563,-0.005388052273619556,-2.8771853155845126,-0.49297827179143555,1.7410114101681564,-0.43843898247012364,0.6028894229362437,0.36040254634245583,0.967
-1.695678588449437,-0.6776920948877033,6.827814263660637,0.3647272771739684,1.302939561420617,1.029466826388041,1.7857656961713293,0.8564055618677237,-0.5985660696669567,-1.2543815372322835,-0.8608838811992443,-1.267860984041259,-1.94290823711427,-0.4469016666084592,-1.8736277252965852,-1.5921142227379357,-0.11017947870558081,1.3652633817611215,-0.4911981197315763,-0.17327977299068736,0.5045325215001735,0.878
-1.6922144851022471,-1.9141674886780753,6.827814263660637,1.0312765736169578,1.299920338619398,1.148571144043665,1.8586662820248052,2.327817187591563,-1.5993204478451242,-1.3637475710936309,-0.544372064587895,-0.8767954469889787,-0.5586730352644225,2.371011604568116,-1.4443822861994051,-1.927052965022416,0.3391930175256399,2.224491390775808,-0.38304188834559805,0.5204214458690072,-0.08861776087966403,0.754
-1.6887503817550573,-2.02422027241858,6.827814263660637,4.162199364478651,4.569738632339981,4.28498484230844,4.697085866706899,0.201358525831198,1.1933252155844931,0.5892173192875702,-0.3861161562822203,1.747983411870394,-1.0898330545788983,-1.5934451752247163,-3.3984710470418045,-3.7931402434645194,0.2975844530597863,3.900905671361038,1.0124372922198235,4.071395517234717,-0.7870937943362954,0.166
-1.6852862784078675,-2.496799873186628,6.827814263660637,1.5889472997246386,1.9762262460925386,1.8149881594977533,2.5406395045250596,1.8731949909393473,-1.8292234806698386,-1.4965491836395524,-1.0587037665813375,0.8598006667008083,-0.17237483939934817,0.7480873423718651,-1.5343194258197659,-2.4123723671080914,-0.035284062667043946,1.9538477059791337,-0.28279952754883797,0.5883362505126137,1.1364870279609354,0.867
-1.6818221750606774,-1.6681671485522425,6.827814263660637,1.8890272618682953,1.7860152096157174,1.851853781629257,1.5929318884298784,-0.7812120282235916,0.7808521272813297,0.3001785155111522,1.5694747106379028,1.6419317408053686,0.3373241690337353,0.09407308745695801,-0.675828547625406,-1.3870496866453967,0.031289640478322146,1.617513806425984,0.8014007431740129,1.8981217686393097,0.08322951719299905,0.406
-1.6783580717134876,-1.7070093075194794,6.827814263660637,1.827949039485074,0.7232487835864978,1.9425999284144948,1.8327983322058297,-0.1359418136204458,-0.08466517276465363,0.6517121957797687,-0.612196025290327,1.6286752819222405,-0.24212312476387549,1.3859530971654168,-0.9211116556809377,-2.1218642743103286,-2.282146543823148,1.6805764125921994,0.2553436725179787,1.1947184348305289,1.1808347126248477,0.931
-1.6748939683662978,-4.5295395258053555,6.827814263660637,2.895490143748348,3.9689132948973254,4.446626416269644,4.78644787517245,3.046413562945066,-0.08466517276465363,-1.7699642682929206,-1.6069474489259963,2.6759355336893647,-1.9321777316735735,0.5623795909762743,-3.5211126010695715,-5.23542748064871,0.16443704676905413,4.305557394260922,-0.778735417806493,2.92169489576795,1.3637689118634895,0.946
-1.671429865019108,-3.856275437039917,6.827814263660637,3.8143190543829077,3.9960863001083005,3.8652839134267154,4.737063607336225,1.0323883476685816,2.2752218406419717,-0.17634491774186078,1.106010979171284,3.093513988507901,-0.9449712311294961,-2.5704294325667383,-2.6667097746761366,-4.6202338723710925,-1.3834015513607063,4.28190891694859,0.9860577235890973,4.241182528843733,-0.6429638191785779,0.373
-1.6679657616719181,-1.3380087973307293,6.827814263660637,2.544954258766378,3.3077035014302827,2.779165969090903,3.3519524761201898,0.8368519190009617,0.949898474946561,1.0188695951714344,0.8064551527355426,0.4024528352328874,-1.250790636189346,-0.49534716697252634,-2.4868354954354133,-3.584657965103772,-0.850811926197778,3.033794836575575,0.5455189274559678,2.5287592403299413,-1.430135221963035,0.401
-1.6645016583247283,-1.195587547784194,6.827814263660637,1.4641352800719678,1.680342411573039,1.7242420127125155,1.5858769930247032,0.17202806153105613,1.1933252155844931,-0.42632442371065427,-0.25046823487735614,1.6154188230391124,0.267575883669208,0.11829583763899142,-1.6610490316484576,-1.7869255320258481,-0.784238223052412,2.1535459588388166,0.8963671902446277,2.3347169413482085,-0.5819857527656973,0.34
-1.6610375549775385,-0.7230079470161463,6.827814263660637,1.9979058322036052,0.6024798715377226,2.3481217718610248,1.1131990008779749,1.1741522584526056,-1.0921814048494312,1.6125709218473194,0.4447273623225719,0.4422222118822718,-0.15627908123830342,0.1263700876996693,-1.1132500903244362,-0.9051480268279304,-0.9090639164499733,-0.04576243120795126,1.616529413863456,0.6853574000034801,0.06659913544403162,0.1
-1.6575734516303484,3.8474194247953872,-0.1464597543788288,-0.8329369965144316,-1.7223216854011976,-1.341276258376292,-2.1790855215370457,-0.1457186350538279,0.8755180819738592,0.8938798421870373,0.47298734594858516,0.34279877025881067,-0.6659780896713869,-0.5599411674579493,0.055932724740261994,3.0628507465626944,-0.4680131331119232,-1.987565179409338,-0.029555668693865736,-0.42553476166694,0.5599671273300649,0.749
-1.6541093482831586,1.0572576723155416,-0.1464597543788288,-1.1330169586580885,-1.8340329290463142,-0.46784459556837926,-2.0426908770369954,1.4430148478705835,-2.3431243775721415,1.1360474885943064,1.0947069857208787,-1.4136820317556686,0.4714554870424416,0.7077160920684757,0.9798324317494321,2.2255038908514955,-0.2849354494621666,-1.635465628314636,0.9332985863276446,-0.24119457763429383,-0.8702457030811324,0.499
-1.6506452449359688,0.39694096987251504,-0.1464597543788288,2.077573078790416,0.38811505265114654,1.911405940457069,0.9415298793520499,0.6217618474665798,-0.6797083165462676,0.09707016691150758,2.32684227181506,-1.2811174429243872,-0.2635841356452685,0.021404836910857143,-1.5588477366253182,-0.8948948000233046,-1.9159911765236346,0.9921429619443464,1.753703170743233,0.7726764345452599,-1.8791555291851552,-0.102
-1.647181141588779,-1.0790610708824835,-0.1464597543788288,0.330204803653017,-0.2278063987976052,0.3205125546283724,0.19841423000694325,-1.4069285999599754,1.4097045405959892,-0.6997395083640224,1.835118556722428,-1.4865925556128734,0.010043753092492435,-0.9636536704918426,0.019140258531932703,0.08257948868446392,-0.1351446173850931,-0.48457306578120063,0.7011583823772535,0.5592299056653538,-1.302635628554285,0.313
-1.643717038241589,-0.33458635734377773,-0.1464597543788288,0.2983379050182924,0.06203899011945508,0.39424379889137745,-0.12375932682938287,0.059594615047174115,-0.4700908454413809,-0.7778581039792705,-0.3522041759310043,-0.4194476155210577,0.3695156853558248,1.1195028451630469,0.3134799881985707,0.20220046807177872,-0.15178804317143463,0.2826886425744214,0.281723241148705,0.5737830780889838,-0.17176966962450116,0.619
-1.6402529348943993,-1.0920084572048958,-0.1464597543788288,0.3647272771739684,0.8168446904242989,0.06528901679489083,1.1978577457400754,0.3235687937484599,-0.46332899153477164,1.3938388541246247,0.529507313200612,0.4422222118822718,-0.5533077825440742,0.48163709036949554,0.5751153034578045,-1.5989497072743544,-0.48465655889826476,1.0552055681105619,0.39515538626082797,0.4525066412254008,-0.3935080929440668,0.581
-1.6367888315472092,0.7465204005776468,-0.1464597543788288,0.8719420804433347,0.3669804930426119,0.7146911297267476,0.090239167127594,-0.6638901710230196,0.6659006108689725,1.3782151350015752,0.06604358173399318,0.5350174240641687,0.7397181230598537,-0.6649064182467617,-0.4673379057782037,0.06207303507521078,1.3794071291719845,-0.02736917107613808,0.8093146137632311,1.6070583201667108,0.39366330984039066,0.453
-1.6333247282000194,-0.34753374366619,-0.1464597543788288,-1.0347606878676878,0.1616733425596942,-0.8818738902760256,0.4900165734208465,0.08403666863062606,-1.247704044701444,-0.9340952952097665,-0.3352481857553962,0.9061982727917568,-0.10262655403482089,2.274120603839982,-1.0355771061068524,-0.4095753979376297,0.13115019519637106,0.5769808046834275,-1.5358290375083374,0.04016675588921866,2.2839833686396864,1.125
-1.6298606248528296,-1.195587547784194,-0.1464597543788288,-0.8860484942389728,-0.3032869688280893,-0.42247152217576045,0.031448372084467775,-0.1457186350538279,-1.1530380900089146,-1.5824796388163254,0.4503793590477745,-0.8502825292227224,-0.45136798085745733,0.7642358424932209,0.11725350175414537,0.3457456433365553,-0.2599703107826543,0.17232908178354467,-0.8446843393833086,-0.2848540949051837,0.22181603176772757,0.817
-1.6263965215056397,-0.004428006122265114,-0.1464597543788288,1.3260453859881611,0.2703653634035918,1.1570785953047813,0.5394008412570716,0.7048648296503198,-0.8284691024916704,1.2454135224556533,-2.183451114896669,0.4753633590900922,0.17100133470293943,-0.25311966515219037,-0.6145077706115227,0.42777145777357084,-1.8993477507372931,0.16707386460302612,0.5006736607837333,0.3554854917345345,0.9202920652243588,0.725
-1.62293241815845,0.014993073361353316,-0.1464597543788288,0.5293729201200451,-1.1577270215731736,0.3375274571506039,-0.6293601642002609,-0.4830189745054717,1.2744674624638042,1.3704032754400504,-0.561328054763503,1.820893935727599,1.2440518787725896,-1.423885923950481,0.6650524430781651,0.8413182722268575,-0.3265440139280204,-0.9575426120278189,0.8014007431740129,1.049186710594229,-0.21611735428841428,0.268
-1.61946831481126,1.1867315355396646,-0.1464597543788288,-1.1781617317239481,-2.356358473657266,-1.6560519550375843,-2.1038333038818453,0.5386588652828419,-1.2138947751683977,0.06582272866540834,0.39385939179574786,-0.08140791400128997,0.9489629791534355,0.08599883739628014,1.1678828145920055,2.334871643434183,-0.7759165101592412,-1.9796823536385608,0.8910912765184824,-1.7110649924209198,-0.7760068731703171,0.299
-1.6160042114640703,-0.9754819803031852,-0.1464597543788288,-0.049542405077451876,1.248593550998669,0.11916954144862602,0.8615743980933978,1.3843539192702974,-1.0178010118767293,-0.9653427334558657,-0.4143761399082335,-0.9298212825214913,-0.8537619348835758,0.09407308745695801,-0.20570259051896994,-0.925654480437185,0.7053483848251532,1.270669472511798,-1.3696377551347623,-0.7505556124613423,0.8260532353135434,1.203
-1.6125401081168802,-1.5710617511341505,-0.1464597543788288,-0.057509129736132154,0.463595622681632,0.49916903111180816,1.0355951514210495,1.7363194908720134,-1.2274184829816162,-1.434054307147354,-0.4991560907862736,-0.7906284642486457,-0.46746373901850213,1.305210596558638,-0.14846986530601347,-1.0486932020927084,-0.4596914202187525,1.5071542456351072,-1.0715486296075551,-0.6486834054959326,1.0367047374671308,0.836
-1.6090760047696904,-1.189113854622988,-0.1464597543788288,0.09385863877880958,0.01675064810116408,0.5161839336340409,0.3700833515328703,-0.3705855280215897,0.7132335882152372,1.9094215851852623,-0.8043639139472175,2.4770886504424423,1.5069492620696534,0.3524490893986498,0.8612789295225904,-0.8402109237319608,0.7552786621841778,0.014672566368005655,-0.3724900608933075,1.4566755384558678,1.3970296753614244,0.888
-1.6056119014225005,-0.4511128342454883,-0.1464597543788288,0.2133595086590267,1.1882090949742814,0.5473779215914666,0.5676204228777707,-0.08705770645354191,-0.3348537673091959,-0.12166190081118711,-0.2561202316025588,-0.49235813937826256,-2.034117533360191,0.5220083406728849,-0.10758934729675729,-1.2127448309667397,0.9716431974066171,0.5191734156977293,-0.7444419785865485,0.38944289405633764,0.7761620900666412,0.78
-1.6021477980753107,-1.28621925204108,-0.1464597543788288,0.6063845918206305,1.203305208980378,0.743049300597135,1.1578800051107505,-0.6541133495896375,0.6320913413359261,-1.1996985203016097,-0.23351224470174814,0.5681585712719891,-0.8483966821632275,-0.8344656695209969,-0.9783443808938942,-1.257175480453456,0.7719220879705193,1.1708203460819573,-0.11924620203833527,1.3014416992704816,-0.609703055680643,0.539
-1.5986836947281209,1.0313628996707171,-0.1464597543788288,1.6208141983593631,0.7987293536169819,1.2166307541325934,0.7628058624209475,0.3480108473319119,1.0175170140126526,0.06582272866540834,0.27516746056649183,-1.6986958977429238,-0.7196306168748694,-1.1170644216447223,-1.9880931757225,-0.16008021235837275,0.3808015819914937,0.5060353727464347,1.3105264177470308,0.6611021126307636,-0.7094853461744475,0.228
-1.595219591380931,-1.2538507862350494,-0.1464597543788288,1.3791568837127022,0.5239800787060181,1.6817047564069363,0.990914147188274,-0.2825941351211618,-0.017046633698561124,0.2767429368265778,0.17908351623804647,1.4430848575584467,-0.09189604859412438,0.09407308745695801,-0.013564155875471518,-0.6795770371261383,0.07289820494417573,1.2654142553312806,0.9227467588753541,2.295908481551862,-1.1640491139795568,0.29
-1.5917554880337412,1.5622057388896209,-0.1464597543788288,-0.2885441448378861,-0.13722971476102452,-1.0265005617149985,-1.1067414199504397,-2.736576314899789,3.2556906571003124,0.745454510518066,0.7725431723843266,3.040488152975388,0.9596934845941321,-2.0779001788653884,1.3354929384299516,0.9882811897598441,0.7386352363978362,-1.3254078146640753,0.36613786076702926,0.9861229634251659,-0.7094853461744475,0.28
-1.5882913846865512,1.3679949440534365,-0.1464597543788288,-0.041575680418770425,-0.4995364509073498,-0.7117248650537061,-0.45063614726916057,-2.115748153880097,2.4713156039336406,0.948562859117711,1.1342709627972973,2.192074784455187,1.1850340988487587,-1.5369254247999713,-0.24249505672730107,-0.2113463463815079,1.4459808323173506,-0.2796195957410005,0.4083451705761914,0.8454422966634098,-0.321443105365208,0.337
-1.5848272813393613,0.4034146630337219,-0.1464597543788288,0.532028495006273,-0.24592173560492211,1.0578249972584273,-0.5564595783467862,-0.003954724269801816,-0.44980528372155315,-0.9575308738943409,1.852074546898036,0.8200312900514239,1.818133919849852,0.7480873423718651,-0.5981555634078206,1.2411941176073082,-1.7745220573397316,0.05934191240240808,2.1916040100132896,0.26331539971821133,-1.796003620440318,0.043
-1.5813631779921715,-0.9560609008195667,-0.1464597543788288,0.16290358582071238,0.844017695635273,0.3829005305432227,1.1978577457400754,0.06448302576386407,0.8958036436936869,-1.1137680651248372,-1.0700077600317428,-1.0425011830280806,-0.22066211388248247,-0.5760896675793051,-1.5097911150142118,-1.3426190371586801,0.954999771620276,1.4230707707468198,-0.5782506962129729,0.4864640435472041,0.6874667207388149,0.779
-1.5778990746449817,1.1155209107663964,-0.1464597543788288,1.1852999170181275,-0.8437278502463582,0.2212589565820184,-0.9891598298641894,0.6804227760668657,-0.7743742712387964,1.9484808829928855,1.9820704715776976,-1.552874850028514,0.40707245439826256,2.249897853657948,1.3722854046382809,0.5303037258198411,-2.7315190400543683,-0.5660289320792306,1.8644973589922835,0.0886773306346519,-1.6296998029506442,-0.002
-1.5744349712977919,-0.15979664199121182,-0.1464597543788288,-0.04688683019122394,0.871190700846247,-0.13605399638485433,0.35362192892079597,-0.6834438138897816,0.5712346561764429,-0.5747497553796257,-1.0134877927797161,1.807637476844471,-1.4385744814015353,-1.9648606780158981,-0.7821178944494689,-0.026788263898223544,2.1616481411300352,-0.26648155278970587,-0.868425951150962,0.4816129860726608,1.1531174097099028,0.857
-1.570970867950602,-0.09505971037915112,-0.1464597543788288,1.639403222562953,0.8772291464486851,0.8366312644694112,1.0120788334037998,1.2865857049364875,-0.7405650017057501,0.08144644778845796,-0.5330680711374897,1.9136891479094962,0.6753350904156753,0.6511963416437306,-0.5695392008013415,-0.8197044701227062,0.08954163073051725,0.9001766612852816,0.629933547074292,0.18084742265097498,0.8704009199774565,0.406
-1.5675067646034122,0.526414833096638,-0.1464597543788288,0.39659417580869305,0.06807743572189316,0.703347861378593,0.12786527595519429,0.167139650814364,-0.2266641048034479,-0.6841157892409728,0.9138430905143932,0.5482738829472968,-0.18847059756039294,-0.28541666539490185,-1.252243851555905,0.14068110724401625,-0.7176645199070459,0.5165458071074707,0.5982780647174204,0.4913151010217474,-1.6407867241166225,0.267
-1.5640426612562222,-0.7165342538549402,-0.1464597543788288,1.9394831847066094,0.9225174884669761,2.288569613033213,0.8874423479123732,1.7803151873222274,-1.5114163470592048,1.6594420792164684,1.2303549071257425,2.4770886504424423,0.3909766962372178,0.2636323387311931,-0.32425609274581163,-0.5975512226891226,0.1894021854485664,0.994770570534605,1.2129220138133436,0.75812326212163,0.1164902806909339,0.228
-1.5605785579090323,-0.5611656179859927,-0.1464597543788288,1.4800687293893295,0.17375023376457172,1.321555986353024,0.25250176144661995,-0.4194696351884936,-0.15904556573735537,0.6595240553412934,1.5525187204622948,-1.8511451748988972,0.5304732669662724,0.1263700876996693,-0.27928752293563036,-0.10197859379882042,-0.7010210941207043,0.11452169279784645,1.7246856452494341,0.5689320206144405,-1.9401335955980357,-0.086
-1.5571144545618425,-0.9560609008195667,-0.1464597543788288,1.1932666416768078,0.2250770213853008,0.8394670815564494,0.7698607578261228,1.1985943120360596,-1.1936092134485699,1.6203827814088443,0.9647110610412173,-0.3200241738975966,0.036870016694233704,1.78966560019931,0.6527882876753899,-1.6092029340789817,-1.3085061353221694,1.044695133749526,0.7908489157217223,0.5592299056653538,-0.3158996447822188,0.361
-1.5536503512146527,1.1090472176051909,-0.1464597543788288,-1.0241383883227795,-0.5418055701244204,-0.7769486580555949,-1.2666523824677398,-1.1869501177089012,2.2616981328287533,-0.09041446256508787,0.0603915850087905,-1.6522982916519753,-0.44063747541676085,-2.578503682627416,1.4376942334530893,1.3232199320443236,1.2961900002402769,-0.9417769604862644,-0.4041455432501791,0.5252725033435506,-0.19948697253944686,0.629
-1.5501862478674628,1.1349419902500153,-0.1464597543788288,-0.1398319512091711,0.1616733425596942,-0.4451580588720699,0.03850326748964309,-1.1282891891086153,0.949898474946561,-2.1683691059306858,0.529507313200612,-0.34653709166385294,-1.2829821525114353,-0.22082266490947886,-0.8148223088568731,-0.5394496041295703,0.23101074991442022,0.09087321548551588,-0.5703368256237548,-0.42068370419239665,-0.5875292133486865,0.586
-1.546722144520273,0.8630468774793574,-0.1464597543788288,-1.4915195682987397,-1.785725364226804,-1.6305296012542365,-1.7722532198386178,-0.1457186350538279,-0.6256134852933937,-0.20759235598796003,-0.5387200678626923,-1.9903379931717429,-0.9127797148074065,-0.34193641581964684,2.3288895260548537,2.307529705288511,-1.291862709535828,-1.9297577904236398,-0.42524919815476014,-1.7789797970645262,0.31051140109555353,0.781
-1.5432580411730832,1.4197844893430858,-0.1464597543788288,-0.9816491901431467,-1.5230529805207165,-0.7854561093167112,-1.3207399139074165,-1.4607011178435692,0.6253294874293169,0.15956504340370606,1.015579031568041,-0.8303978408980301,-0.5425772771033777,-1.2381781725548902,0.2725994701893163,0.7285327773759614,-0.3515091526075327,-1.0941782587212847,0.49012183333144277,-0.653534462970476,-1.0420929811537956,0.422
-1.5397939378258931,0.765941480061266,-0.1464597543788288,2.109439977425141,0.2552692493974939,0.7487209347712118,0.6781471175588479,0.09381349006400815,-0.1996166891770109,0.5579698810414709,0.9929710446672306,1.111673385480243,1.3191654168574651,-0.1804514146060895,-1.419853975393851,-0.5394496041295703,-1.1503935903519251,1.0289294822079715,2.3287777668930665,0.5204214458690072,-2.394697363403145,-0.105
-1.5363298344787033,-0.9754819803031852,-0.1464597543788288,2.1386513011736388,1.2063244317815982,1.8858835866737211,0.9274200885416992,0.7390837046671518,-0.1996166891770109,0.1126938860345572,0.28647145401689716,-0.20734427339100736,0.40170720167791435,-0.38230766612303624,-0.5490989417967143,-0.8880593154868859,-0.41808285575289866,0.9133147042365775,1.703581990344853,0.864846526561583,-0.7372026490893931,0.146
-1.5328657311315135,1.1932052287008699,-0.1464597543788288,0.3328603785392438,-0.1644027199719986,0.1872291515375543,-0.2860219211484088,-0.7567699746401396,0.3142842077252914,2.1594010911540553,-0.35785617265620695,-0.15431843785849478,0.6538740795342822,-0.38230766612303624,0.17448622696710364,0.6943553546938723,0.239332462807591,0.2169984278179471,0.9359365431907175,0.273017514667298,-0.8369849395831975,0.176
-1.5294016277843236,-0.4964286863739313,-0.1464597543788288,-0.1159317772331279,0.6417297679535743,0.5927509949840842,0.35362192892079597,-2.115748153880097,0.7808521272813297,-1.4028068689012547,-0.13742830037330286,0.7404925367526549,-0.6123255624679044,-1.2866236729189573,-0.659476340421704,-0.3002076453549422,1.5375196741422286,0.0041621320069697215,-0.4595426373747047,1.165612089983269,0.5100759820831626,0.599
-1.5259375244371338,-0.004428006122265114,-0.1464597543788288,1.1693664677007647,0.442461063073096,0.6523031538118974,0.6546307995415982,0.147586007947602,-0.2807589360563219,0.5501580214799462,1.0551430086444598,1.4629695458831389,-0.23139261932317898,0.021404836910857143,0.4688259566337416,-1.4929996969598756,-0.1601097560646054,0.0041621320069697215,0.24215388820261521,1.185016319881442,0.14975104418886875,0.53
-1.522473421089944,-0.6000077769532296,-0.1464597543788288,1.2516892891738036,0.7474025659962529,1.0549891801713889,0.6075981635070968,1.4185727942871316,-1.1462762361023051,0.7220189318334915,2.8185659869076924,-0.810513152573338,0.3695156853558248,-0.12393166418134459,-0.41828128416709737,-0.6488173567122577,-0.44304799443241094,0.8266036207580301,1.7062199472079256,0.25846434224366804,-3.287194517264396,-0.12
-1.5190093177427542,-0.7747974923057954,-0.1464597543788288,-0.31244431881392926,1.1912283177755003,0.28081111540983034,0.859222766291674,-0.28748254583785177,1.024278867919262,-0.12166190081118711,1.049491011919257,1.5623929875066003,-2.162883598648549,-0.07548616381727735,-0.2956397301393325,-0.0028640680207602824,2.2615086958480846,1.0026533963053823,-1.2403778688442035,1.2626332394741349,0.5156194426661518,0.726
-1.515545214395564,2.7792600531963743,-0.1464597543788288,0.7816525343116155,-0.605209248950027,-0.0708302033829657,-0.26015397132943335,0.13292077579753214,0.3278079155385099,1.2922846798248022,0.5351593099258145,0.16383657533658072,0.48218599248313815,0.7965328427359324,-1.5670238402271701,0.8857489217135739,-0.1601097560646054,-0.3610754620390293,0.8567978372985385,0.39914500900542427,-0.5154642257698276,0.263
-1.5120811110483743,1.3938897166982611,-0.1464597543788288,-0.1796655745025772,1.0432864005157512,-0.3969491683924127,0.45474209639496993,-0.9278643497243054,1.5111323491951272,1.4563337306168234,0.8516711265371638,-0.5520122043523391,-0.880588198485317,-0.454975916669137,-0.9415519146855649,-0.6283109031030031,-0.884098777770461,0.6479262366204193,-0.013727927515429936,0.1468900203291717,-0.09416122146265317,0.749
-1.5086170077011845,-0.34106005050498384,-0.1464597543788288,-1.6428873368136814,-0.6082284717512475,-1.0321721958890764,-0.8668749761744874,0.6022082045998178,-0.5241856766942549,0.40954454937249957,-0.7817559270464068,0.7670054545189113,-0.3655239373318853,0.19096408818509228,0.5628511480550275,0.8686602103725294,0.9383563458339346,-0.3952343737123958,-1.087376370785991,-0.11991814077071088,0.9480093681393045,1.057
-1.5051529043539946,0.04736153916738403,-0.1464597543788288,-0.4346007635803743,0.17073101096335133,-1.0123214762798054,0.39359966955012,1.3256929906700115,-0.6526609009198306,-1.910577740400367,0.4503793590477745,-2.6266480195618938,-0.7089001114341729,0.11829583763899142,0.30530388459672053,-0.7684383360995726,0.5555575527480797,0.5901188476347222,-1.1665150766781698,-0.8039172446813189,-0.19948697253944686,0.79
-1.5016888010068048,-0.256902039409304,-0.1464597543788288,-1.6535096363585897,-0.6414399225646596,-1.2391868432428996,-0.6152503733899103,-0.2679289029710898,0.04381005146092213,-1.309064554162957,-0.629152015465935,-0.5917815810017235,0.010043753092492435,1.0145375943742345,1.4581344924577184,-0.047294717507476686,-0.9007422035568026,-0.5870498008013024,-1.512087425740684,-1.0222148310357684,1.2639866213696849,1.108
-1.498224697659615,-1.28621925204108,-0.1464597543788288,-0.6682913535683538,-1.2513229284109733,-0.33172537539052277,-0.4224165656484593,-1.4313706535434272,1.240658192930758,-0.9028478569636672,-0.0696043396708708,0.641069095129194,-0.22066211388248247,-0.26926816527354613,1.0534173641660907,-0.18400440823583603,-1.3001844224289987,-0.5187319774545671,-0.29071339813805613,-0.668087635394106,-0.42676885644200135,0.875
-1.4947605943124251,0.22862494768115604,-0.1464597543788288,-0.6178354307300407,-0.716920492595145,-0.9442618661908772,-0.8997978213986382,-0.4830189745054717,-0.1319981501109184,0.8313849656948389,-0.01308437241884424,-0.3664217799885451,0.3158631581523423,0.5462310908549185,0.4892662156383688,1.1796747567795471,-0.8924204906636318,-0.4924558915519779,-0.3909557589348162,-0.823321474579492,-0.6207899768466213,0.891
-1.491296490965235,-1.1632190819781634,-0.1464597543788288,1.2888673375809818,0.5209608559047991,1.1769293149140525,0.9885625153865492,-0.8496497782572574,0.6997098804020186,0.3392378133187763,1.106010979171284,-0.9165648236383632,-1.6585498429358132,-0.277342415334224,-0.8679669822689063,-0.812868985586289,0.15611533387588336,1.1471718687696266,0.281723241148705,1.7380368719793806,-0.5875292133486865,0.479
-1.4878323876180453,1.2708895466353436,-0.1464597543788288,-1.4569970947777884,-0.14024893756224358,-1.5114252835986126,-0.5423497875364355,-0.17993751007065975,-1.3761792689270198,1.065740752540583,-0.8213199041228256,-0.2868830266897762,0.246114872787815,-0.19659991472744523,0.5464989408513253,0.9780279629552168,1.5042328225695454,-0.2717367699702233,-1.0346172335245383,-0.9785553137648784,0.7484447871516954,0.775
-1.4843682842708554,-0.14684925566879956,-0.1464597543788288,0.5426507945511813,1.1610360897633072,0.41693033558768683,0.899200506920998,0.5239936331327698,0.8214232507209852,-1.0122138908250147,0.6142872640786519,0.38919637634975923,-1.2776168997910877,-0.8748369198243862,-0.5940675116068955,-0.9769206144603202,1.6207368030739362,0.8633901410216565,0.17356700976272674,1.3596543889650015,-0.7926372549192845,0.445
-1.4809041809236656,1.0637313654767486,-0.1464597543788288,-1.0772498860473205,-0.5840746893414924,-0.7485904871852087,-0.7963260221227384,-2.1988511360638348,2.5727434125327786,0.8001375274487397,1.1399229595225,-2.076504975912076,-2.3560326965810847,-1.181658422130145,0.33800829900412477,0.9165086021274559,1.695632219112473,-0.58967740939156,-1.0557208884291192,1.2432290095759617,-0.5542684498507516,0.869
-1.4774400775764758,1.2385210808293137,-0.1464597543788288,-0.4239784640354661,0.4575571770791926,-1.6135146987320037,0.29718276567939556,0.8710707940177957,-0.8284691024916704,-1.707469391800722,-0.6969759761683668,0.07104136315468368,-0.41381121181501956,1.4909183479542292,-1.3380929393753407,-0.20792860411329928,1.3544419904924723,0.33786842296985975,-0.6494755315159337,0.24876222729458136,0.044425293112075055,0.739
-1.473975974229286,-0.8524818102402691,-0.1464597543788288,-0.6045575562989045,1.7799767640132793,-0.4309789734368768,0.9673978291710242,0.279573097298246,-1.4167503923666753,-0.9497190143328161,-0.4991560907862736,-2.593506872354073,0.246114872787815,1.4182500974081282,-0.647212185018927,-0.39590442886479377,1.8953533285485713,1.3626357731708627,-1.6096918296743712,-1.201703957593871,0.9868135922202285,1.107
-1.470511870882096,0.3257303450992482,-0.1464597543788288,-0.33634449278997247,0.9315751568706345,-0.07650183755704242,0.16549138478279457,0.26490786514817394,0.11142859052701463,-0.46538372151827834,0.7442831887583132,-0.7376026287161331,-1.2990779106724808,-0.7698716690355739,0.04775662113841185,-0.03020600616643215,-0.4680131331119232,0.46136602671203225,-0.193108994204369,-0.08596073844890761,-0.3158996447822188,0.649
-1.467047767534906,0.798309945867296,-0.1464597543788288,0.8799088051020162,1.5686311679279223,0.5643928241136981,0.9250684567399734,1.2865857049364875,-0.5039001149744271,-0.2778990920416829,0.4899433361241932,-2.056620287587384,0.14417507110119818,-0.4711244167904927,-1.550671633023468,-0.672741552589721,-1.391723264253877,1.1760755632624746,0.7802970882694324,0.6174425953598737,-1.3525267738011875,0.631
-1.4635836641877162,0.19625648187512534,-0.1464597543788288,0.6674628142038519,0.4303841718682185,0.31484092045429446,0.3018860292828451,0.5191052224160798,-1.3356081454873643,-0.8012936826638449,-0.44828812025944953,-1.526361932262258,1.0777290444417937,0.3766718395806832,0.03140441393470974,-0.6317286453712132,-0.1601097560646054,-0.14561155763779204,0.7776591314063594,-1.0125127160866816,-0.5043773046038493,0.585
-1.4601195608405264,-0.9495872076583606,-0.1464597543788288,0.5001615963715484,0.7021142239779619,0.550213738678505,0.4500388327915204,1.9611863838397752,-2.133506906467255,1.5344523262320713,-0.9117518517260683,-0.5718968926770313,-0.07043503771273137,-0.6487579181254058,-0.45507375037542847,-0.5497028309341976,0.547235839854909,-0.1508667748183106,0.26589549997026923,-0.5904707158014127,-0.005465852134827216,0.579
-1.4566554574933366,2.2872593729447077,-0.1464597543788288,-2.20321363780759,-2.9451069198950424,-2.163663213617508,-3.1103317150201537,-0.3901391708883517,-0.8487546642114981,-0.09822632212661267,-0.4143761399082335,-0.8502825292227224,-0.0543392795516866,1.0064633443135567,1.7279459113188023,2.724494262010006,-0.6011605394026553,-2.494693637329323,-0.3487484491256541,-2.3514045790606377,0.4601848368362604,0.745
-1.4531913541461468,-0.5546919248247866,-0.1464597543788288,0.3886274511500116,-0.24592173560492211,0.4594675918932673,-0.14492401304490882,-0.03817359928663584,-0.16580741964396464,-0.1919686368649104,1.81816256654682,-0.8038849231317738,-0.5479425298237259,-0.6003124177613386,0.0027880513282305917,0.18852949899894278,-1.433331828719731,0.5165458071074707,0.9517642843691533,0.7047616299016534,-2.4501319692330363,0.18
-1.449727250798957,-0.9819556734643913,-0.1464597543788288,0.8905311046469244,0.42736494906699946,1.0464817289102726,0.49942310062774553,-0.6590017603063296,0.8349469585342036,-0.6059971936257249,0.6877632215062865,-0.9430777414046193,0.1388098183808499,-0.4711244167904927,-0.1280296063013863,-0.6829947793943468,-0.44304799443241094,0.16181864742250873,0.7354518215971974,-0.2072371753124906,-0.28818234186727315,0.687
-1.4462631474517669,0.5523096057414625,-0.1464597543788288,-0.36290024165224355,-0.9886505447048883,-0.18426288686451153,-0.6105471097864608,-0.3901391708883517,0.06409561318074988,1.8313029895700141,-0.595240035114719,1.5822776758312924,2.3117371701218907,0.09407308745695801,0.24398310758283717,0.6943553546938723,-0.1351446173850931,-0.6790161014603648,0.6246576333481467,0.8842507564597564,0.5377932849981083,0.42
-1.442799044104577,1.0766787517991607,-0.1464597543788288,1.1481218686109482,0.5088839646999217,0.6267808000285483,0.8357064482744243,1.1301565620023917,0.06409561318074988,-0.6294327723102994,1.6542546615159426,0.11081073980406815,0.26221063094885977,0.04562758709289077,-1.9349485023104667,-0.39932217113300233,-0.068570914239727,1.113012957096259,0.9913336373152425,0.19540059507460494,-1.0032887570728717,0.259
-1.4393349407573872,1.0184155133483048,-0.1464597543788288,-0.317755468586384,-1.7343985766060737,-0.6351578037036616,-1.6711330523644439,-1.0842934926584014,0.7267572960284556,0.40954454937249957,0.1225635489860199,-2.5073398896137404,1.8771516997736828,-1.423885923950481,1.9282604495641527,1.1318263650246208,-0.4014394299665571,-1.6591141056269654,1.3580096412823384,-0.49830062378508977,-1.0864406658177088,0.116
-1.4358708374101974,-1.5192722058445012,-0.1464597543788288,0.8852199548744708,0.7383448975925944,0.796929825250869,0.8451129754813234,1.0812724548354877,-0.7067557321727047,-0.2857109516032077,-0.49350409406107093,1.7744963296366505,1.276243395094679,0.9822405941315235,0.2562472629856142,-1.1990738618939036,0.08121991783734649,0.9343355729586481,0.32920646468401243,0.743570089698,1.0810524221310438,0.458
-1.4324067340630076,1.795258692693042,-0.1464597543788288,1.9155830107305662,0.16469256536091326,0.9160341429064941,0.8733325571020246,-0.2972593672712317,0.3007604999120729,0.9641865782407606,1.2360069038509451,0.07766959259624776,0.5251080142459241,0.2151868383671259,-1.1745708673383195,-0.3309673257688227,-2.1573208504255867,0.6058844991762755,2.4079164727852453,1.1122504577632923,-1.4356786825460242,-0.332
-1.4289426307158177,0.33220403826045364,-0.1464597543788288,-0.19294344893371215,-0.2429025128037031,-0.7485904871852087,-0.07202342719143195,-0.7372163317733776,0.06409561318074988,-0.42632442371065427,-0.6404560089163404,-0.35316532110541693,0.6324130686528893,1.668551849289142,-1.4075898199910741,0.04498432373416473,-0.2849354494621666,0.1591910388322489,0.32920646468401243,-0.3333646696506169,0.23844641351669502,0.566
-1.425478527368628,1.8535219311438966,-0.1464597543788288,-0.4797455366462339,0.9315751568706345,-0.9499335003649538,0.07142611271379386,0.42133700808226987,-1.518178200965814,0.9329391399946614,-0.13742830037330286,-0.3929346977548014,-0.6230560679086009,0.9337950937674563,-0.9333758110837147,0.5849876021111848,0.8551392169022269,0.632160585078866,-0.2775236138226927,-0.8281725320540354,0.36594600692544493,0.548
-1.4220144240214379,0.9407311954138311,-0.1464597543788288,-0.4239784640354661,-1.0671503375365916,-0.538740022744346,-0.5893824235709368,-0.6687785817397096,0.07085746708735913,-2.3714774545303303,0.6199392608038545,0.4090810646744514,0.004678500372144182,0.8530525931606775,0.4770020602355918,-0.12590278967628368,-0.8258467875182657,-0.16400481776960524,0.2869991548748503,0.1614431927528017,0.027794911363107633,0.743
-1.418550320674248,-0.34753374366619,-0.1464597543788288,-0.09734275302953825,-0.48444033690125193,0.16737843192828322,-0.21076970349320825,0.17691647224774606,-0.686470170452877,1.6125709218473194,-0.8213199041228256,0.09755428092093998,0.4392639707203521,0.4170430898840725,-0.04218051848194885,0.745621488717006,-1.5498358092241213,0.2879438597549388,0.4452765666592083,0.08382627316010857,-0.37133425061211023,0.786
-1.4150862173270582,0.24804602716477447,-0.1464597543788288,0.532028495006273,1.3633240174450045,0.22409477366905678,1.447130716722928,2.352259241175015,-1.8697946041094942,-0.12166190081118711,-0.18829627090012693,0.6609537834538862,-1.5405142830881515,1.4747698478328735,-0.8434386714633523,-0.44375282061971877,-0.6261256780821676,1.6017481548844295,-0.8842536923293978,0.5058682734453774,0.731814405402728,0.905
-1.4116221139798684,2.0671538054636986,-0.1464597543788288,-2.0863683428135995,-2.600915520556034,-2.532319434932535,-3.1338480330374034,-1.944653778795929,0.3548553311649469,0.6126528979721446,-0.6065440285651243,-0.5984098104432877,1.8074034144091555,-0.5437926673365936,1.413165922647537,2.8338620145926936,0.15611533387588336,-3.0070773124298227,0.7275379510079798,-1.356937796779257,0.005621069031151067,0.29
-1.4081580106326785,0.6040991510311117,-0.1464597543788288,-0.052197979963678635,0.7594794572011303,0.005736857967078917,0.2689631840586943,-0.5025726173722337,-0.14552185792413688,0.8548205443794133,-0.10351632002208684,0.7935183722851676,-0.7893789022393968,-0.0593376636959216,-0.4141932323661723,0.19878272580357012,0.547235839854909,-0.05101764838846981,0.1630151823104362,0.287570687090928,-0.2604650389523274,0.477
-1.4046939072854887,-0.3799022094722207,-0.1464597543788288,0.9356758777127839,-0.08288370433907505,0.975586301734306,0.08318427172241868,0.20624693654788798,0.4224738702310394,1.7766199726393406,1.5581707171874974,-0.34653709166385294,0.8255621665854258,0.3685975895200055,0.39524102421708124,-0.01995277936180482,-0.7426296585865582,0.6347881936691246,1.6719265079879813,1.3159948716941114,-2.8714349735402105,0.124
-1.4012298039382989,-0.2439546530868917,-0.1464597543788288,-0.11327620234690115,0.34282671063285686,-0.21829269190897566,0.00793205406721812,0.015598918596960177,0.1790471295931064,-0.356017687656931,0.08865156863480386,0.38919637634975923,-0.022147763229597085,-1.480405674375226,-0.47551400938005567,-0.13957375874911962,0.9466780587271053,-0.3479374190877347,0.0917903470074754,0.593187307987157,-0.4489426987739579,0.513
-1.3977657005911088,-1.687588228035861,-0.1464597543788288,-0.5965908316402242,1.6229771783498717,0.47081086024142205,1.2495936453780263,1.6776585622717273,-1.220656629075007,-1.0981443460017875,-0.3522041759310043,-0.18083135562475108,-1.7443938864613853,0.8530525931606775,-0.6880927030281832,-0.8538818928047968,0.2892627401666156,1.4756229425519993,-1.6809166649773326,-0.5953217732759561,1.535616189936153,1.209
-1.394301597243919,0.18330909555271305,-0.1464597543788288,0.856008631125973,0.23413468978895927,0.8224521790342181,0.0432065310930926,-2.105971332446715,2.2008414476692706,0.3861089706879251,1.1851389333241213,0.13732365757032441,0.19246234558433245,-1.9406379278338646,-0.13211765810231135,0.09966820002550845,0.6387746816797871,-0.3032680730533311,1.474079743257534,2.092164067621043,-2.6164357867227106,-0.174
-1.3908374938967292,1.2061526150232822,-0.1464597543788288,-0.2009101735923936,-0.7259781609988035,-0.16441216725524174,-0.5964373189761101,0.6462039010500339,-0.31456820558936816,1.261037241578703,-0.48220010061066554,-0.174203126183187,-1.1005635600195949,-0.5599411674579493,-0.3160799891439596,0.5713166330383489,-0.2849354494621666,-1.3753323778789963,-0.3962316726609615,-0.19268400288886062,0.48790213975120605,0.894
-1.3873733905495393,-0.8589555034014753,-0.1464597543788288,-1.2684512778556671,-0.7803241714207516,-0.9414260491038388,-0.30013171195875943,0.8319635082842718,-0.46332899153477164,0.08144644778845796,-2.0873671705682235,-1.0093600358202601,-0.7625526386376554,1.176022595587792,0.20719064137450788,-0.13957375874911962,1.4626242581036921,-0.6264639296551864,-1.5437429080975555,-1.356937796779257,1.7351807709237619,1.26
-1.3839092872023495,0.5069937536130202,-0.1464597543788288,-0.02829780598763545,0.6900373327730843,-0.048143666686656275,0.6381693769295218,0.9052896690346297,-0.6323753392000029,-0.1919686368649104,-1.663467416178023,-0.45921699217044215,-1.0791025491382018,0.14251858782102503,-0.377400766157843,-0.6043867072255413,0.8301740782227146,0.4456003751704778,-1.0398931472506834,0.04501781336376198,0.10540335952495561,0.892
-1.3804451838551597,-0.846008117079063,-0.1464597543788288,-0.7745143490174359,0.08619277252921011,-0.57276982778881,0.12786527595519429,-0.5514567245391376,1.2879911702770228,-2.2542995611074583,-1.923459265537346,-0.08140791400128997,-0.9020492093667101,0.021404836910857143,0.521970630045773,-0.6624883257850936,1.1547208810563738,-0.6527400155577756,-1.5015355982883933,-1.1143849230520912,1.9402888124943596,0.913
-1.3769810805079699,-0.38637590263342686,-0.1464597543788288,0.47626142239550523,-0.20667183918907053,0.7884223739897539,-0.0908364816052321,-0.07728088502015983,0.32104606163190064,-0.012295866949839761,2.3494502587158705,-1.1286681657684134,0.669969837695327,-1.1655099220087892,-0.5490989417967143,0.3901762928232732,-0.6344473909753384,0.11714930138810514,1.3237162020623943,1.1801652624068988,-2.1119808736706993,0.138
-1.3735169771607798,-1.4804300468772644,-0.1464597543788288,-1.3693631235322958,-0.055710699128100984,-1.1314257939354293,-0.5211851013209096,-0.3314782422880657,1.4029426866893793,-1.3012526946014324,-1.4769515242463347,0.4157092941160155,0.7128918594581131,-0.8748369198243862,0.3420963508050498,0.557645663965513,1.2379380099880815,-0.2822472043312592,-0.6890448844620235,-0.7651087848849722,0.8205097747305543,0.727
-1.37005287381359,0.9536785817362434,-0.1464597543788288,0.7285410365870745,0.847036918436492,0.5757360924618528,0.22193054802419498,0.8026330439841298,-1.5519874704988603,-1.6996575322391974,-0.8891438648252576,0.6344408656876299,0.6431435740935857,0.3443748393379719,-0.6880927030281832,-0.621475418566586,-0.31822230103484966,-0.04839003979820995,0.7275379510079798,0.18084742265097498,1.7462676920897402,0.635
-1.3665887704664001,0.7270993210940291,-0.1464597543788288,0.6913629881798963,0.1677117881621323,0.4623034089803057,-0.3236480299760091,-0.2728173136877798,-0.19285483527040165,0.05801086910388353,0.953407067590812,0.051156674829991484,0.6646045849749788,0.9822405941315235,-0.05035662208380081,0.8925844062499926,-0.26829202367582505,-0.1692600349501238,1.6376330687680372,0.7484211471725433,-1.258287943890372,0.063
-1.3631246671192103,-1.4804300468772644,-0.1464597543788288,1.0737657717965907,0.5179416331035801,1.1003622535640079,0.8027836030502735,0.17691647224774606,-0.017046633698561124,0.948562859117711,-0.7139319663439748,0.03127198650529925,0.267575883669208,0.7400130923111873,0.10090129455044325,-0.5326141195931515,-0.24332688499631278,0.6426710194399018,0.3054648529163584,0.4913151010217474,-0.46557308052292534,0.352
-1.3596605637720205,-1.059639991398865,-0.1464597543788288,0.7205743119283929,0.9919596128950221,0.8734968866009136,1.3083844404211515,0.9786158297849856,-0.38218674465546065,-1.2621933967938084,-1.358259593017079,0.8001466017267317,-2.2111708731316826,0.19096408818509228,-0.33243219634766175,-2.28249816091615,0.4723404238163721,1.094619696964447,-0.9132712178231971,0.7193148023252833,0.7872490112326194,1.061
-1.3561964604248307,-1.234429706751431,-0.1464597543788288,-0.4797455366462339,-0.0013646887061528575,-0.31187465578125295,0.4476872009897967,0.27468468658155604,-0.030570341511779626,-0.1997804964264352,-0.646108005641543,0.3030293936094262,0.010043753092492435,-0.2934909154555797,-0.18935038331526785,-0.15324472782195556,0.6554181074661286,0.571725587502909,-0.8868916491924708,-0.30425832480335696,0.8260532353135434,1.115
-1.3527323570776408,0.08620369813462089,-0.1464597543788288,0.6462182151140354,0.022789093703602166,-0.002770593294037431,-0.48355899249331136,0.16225124009767403,-0.6391371931066122,0.06582272866540834,-0.7591479401455962,1.018878173298346,2.5799998061393032,0.23133533848848165,-0.3446963517504388,0.526885983551631,0.8551392169022269,-0.8524382684174595,1.716771774660216,0.287570687090928,-0.24383465720336,0.209
-1.3492682537304508,1.516889886761177,-0.1464597543788288,2.0297727308383298,1.254631996601107,1.168421863652936,1.122605528084875,-0.5856755995559716,0.48333055539052266,0.3392378133187763,0.9760150544916226,-0.16757489674162293,-0.295775651967358,-0.148154414363378,-2.110734729750265,-0.655652841248675,0.6470963945729579,1.3784014247124161,0.6879685980618899,0.7920806644434332,-0.7760068731703171,0.092
-1.345804150383261,-2.0954308971918474,-0.1464597543788288,-0.052197979963678635,0.9104405972620986,0.530363019069234,0.7957287076450983,-0.46835374235539967,-0.4565671376281624,-0.47319558107980314,-1.1830476945357964,-0.4194476155210577,-0.41381121181501956,0.15866708794238077,-0.05035662208380081,-0.9769206144603202,0.7053483848251532,0.5375666758295425,-0.27488565695962036,0.6805063425289367,1.3249646877825656,0.713
-1.3423400470360711,1.4780477277939403,-0.1464597543788288,0.4151832000122827,0.8893060376535625,-0.09068092299223549,0.7416411762054236,1.9025254552394892,-2.566265556490247,-0.840352980471469,-0.7761039303212042,1.0984169265971149,-1.3419999324352667,2.39523435475015,-1.836835259088254,-0.6283109031030031,0.031289640478322146,1.2890627326436113,-0.5334054295407379,-1.6237459578791398,-0.37133425061211023,0.95
-1.3388759436888813,0.5976254578699062,-0.1464597543788288,-1.1038056349095906,-0.8950546378670887,-1.3866493317689108,-0.6622830094244117,0.372452900915366,-0.32809191340258664,-1.6996575322391974,-2.6808268267145032,-0.5453839749107751,-1.2132338671469087,0.7803843426145767,-0.3814888179587681,1.4975247877229823,0.9799649102997879,-0.25597111842866993,-1.8761254728447068,-1.0998317506284614,2.3283310533035997,1.421
-1.3354118403416915,1.866469317466309,-0.1464597543788288,-0.1504542507540793,-0.5357671245219824,-0.6067996328332742,-0.08848484980350839,0.333345615181842,-0.30104449777614967,0.08925830734998277,0.5068993262998012,0.9393394199995772,0.5626647832883619,0.8369040930393218,-0.4223693359680243,0.5610634062337216,-1.832774047591927,-0.2796195957410005,0.4215349548915543,-0.48859850883600314,-0.2715519601183057,0.687
-1.3319477369945016,1.283836932957756,-0.1464597543788288,-0.4983345608498224,-0.2157295075927277,-0.45366551013318623,0.07142611271379386,-0.03328518856994589,-0.4700908454413809,0.08144644778845796,0.22429949003966784,-0.39956292719636544,-0.5962298043068602,-0.15622866442405586,-0.8516147750652042,-0.3378028103052399,-0.2516485978894835,0.14868060447121295,-0.8631500374248168,-0.31396043975244364,0.5710540484960432,0.752
-1.3284836336473116,-1.5322195921669135,-0.1464597543788288,-1.7517659071489915,-0.15232582876712109,-1.4830671127282251,0.21252402081729388,-0.05772724215339784,-0.017046633698561124,0.6126528979721446,-1.7086833899796443,0.03127198650529925,0.3695156853558248,0.6996418420077979,0.04366856933748677,-0.1771689236994188,0.5389141269617382,0.23013647076924174,-2.4169066297745965,-0.9251936815449019,1.995723418324251,1.443
-1.3250195303001218,-0.049743858250708116,-0.1464597543788288,-0.317755468586384,1.1821706493718431,-0.6975457796185118,-0.034397318363831676,0.22091216869796002,-0.1725692735505739,-0.7075513679255472,-0.6348040121911377,1.1381863032464994,-0.7357263750359142,1.1033543450416912,1.0411532087633137,-0.3002076453549422,1.2545814357744232,-0.1351011232767561,-0.3170929667687825,0.3942939515308809,0.7817055506496302,0.667
-1.321555426952932,-0.5870603906308173,-0.1464597543788288,1.1985777914492626,1.2093436545828173,1.3470783401363717,0.38419314234322094,2.2496026161245153,-1.7616049416037463,1.5578879049166459,-0.024388365869249584,0.647697324570758,0.669969837695327,1.918853601170156,-0.9129355520790857,-0.3343850680370313,0.3308713046324691,0.5007801555659174,1.0572825588920587,0.3845918365817943,-0.4323123170249905,0.31
-1.318091323605742,1.1284682970888085,-0.1464597543788288,-1.879233501687889,-2.0755707531438645,-1.7496339189098602,-1.4830025082264426,0.6217618474665798,-1.1259906743824775,-2.293358858915082,0.7386311920331106,-1.5661313089116424,-0.3494281791708405,0.3928203397020389,0.7713417899022298,1.425752200090594,-0.15178804317143463,-1.180889342199832,-0.9660303550846497,-4.039572580201713,-0.3990515535270556,0.828
-1.3146272202585523,-0.39932328895583913,-0.1464597543788288,-0.5541016334605914,-0.8497662958487964,0.14752771231901343,-0.7516450178899629,-0.9865252783245914,0.8011376890011574,-0.39507698546455505,1.1116629758964867,0.09755428092093998,-1.1595813399434263,-0.5841639176399829,1.3191407312262495,0.27397305570416697,-0.051927488453385476,-0.776237619299947,-0.4305251118809054,0.5349746182926371,-0.8813326242471107,0.692
-1.3111631169113624,-0.22453357360327328,-0.1464597543788288,-0.41601173937678465,0.7624986800023494,-1.0605303667594626,0.4570937281966957,0.294238329448318,1.0175170140126526,-1.2075103798631346,-0.7082799696187722,-0.5056145982613907,0.916771462831346,-0.22889691497015674,0.2930397291939435,-0.9290722227053937,1.262903148667594,0.8712729667924337,-0.7840113315326384,-0.013194876330757829,0.3992067704233798,0.664
-1.3076990135641726,1.426258182504291,-0.1464597543788288,0.16821473559316708,-0.17949883397809513,-0.2579941311275178,0.14432669856726862,0.47999793668255586,-0.814945394678452,-1.152827362932461,-0.12047231019769486,0.4687351296485281,-0.5264815189423329,1.6443290991071082,-0.6840046512272562,-0.006281810288968887,-1.3501146997880233,-0.10094221160338962,-0.43316306874397836,-0.6438323480213893,1.1143131856289787,0.93
-1.3042349102169826,-1.3574298768143476,-0.1464597543788288,0.16024801093448562,1.0885747425340422,0.2949902008450234,1.2260773273607757,1.0714956334021055,-1.031324719689948,-0.7466106657331713,-1.7878113441324817,0.9658523377658335,-0.7464568804766107,1.4505470976508397,0.35027245440689997,-0.9905915835331561,0.5139489882822259,1.0919920883741872,-1.2192742139396224,-0.6244281181232161,1.7628980738387077,0.976
-1.3007708068697927,0.12504585710185775,-0.1464597543788288,-0.9365044170772859,1.1489591985584298,-0.8109784631000589,0.8850907161106495,-0.3363666530047557,0.25342752256580814,0.1126938860345572,-0.6800199859927588,-1.6522982916519753,-1.4171134705201425,-0.43882741654778135,-0.7371493246392894,-0.9700851299239014,2.311438973207109,0.95535644168072,-1.2456537825703482,-0.13932237066888412,0.6431190360749017,0.793
-1.297306703522603,1.6463637499853,-0.1464597543788288,-1.2923514518317116,-1.1154579023561015,-1.3582911608985233,-1.0949832609418149,-0.39502758160504164,0.6456150491491447,0.8391968252563636,0.9760150544916226,0.1439518870118885,-0.03824352139064185,0.013330586850179267,0.5546750444531773,1.333473158848951,-0.9090639164499733,-1.2833660772199316,-0.7629076766280573,-0.7165982101395391,0.3881198492574015,0.726
-1.293842600175413,0.04088784600617789,-0.1464597543788288,0.24522640729375134,1.1610360897633072,0.1560351635801285,0.9815076199813738,0.8172982761341997,-1.5993204478451242,-0.9106597165251921,-1.0473997731309321,-1.718580586067616,-1.3259041742742215,0.8772753433427112,-0.6226838742133747,-0.4369173360833,-0.48465655889826476,1.3048283841851644,-0.5043879040469391,-0.5128537962087196,0.37703292809142325,0.865
-1.2903784968282233,0.9148364227690066,-0.1464597543788288,1.246378139401349,0.4817109594889476,0.6381240683767031,0.6734438539553963,1.3599118656868456,-1.518178200965814,0.8860679826255126,0.1225635489860199,-2.069876746470512,-0.23675787204352722,0.04562758709289077,0.22354284857821,-0.7445141402221093,-0.026962349773873188,0.62165015071783,0.8990051471077006,0.2536132847691247,-0.970027993574937,0.438
-1.2869143934810334,-0.41874436843945756,-0.1464597543788288,0.9887873754373251,0.2582884721987143,0.5275272019821956,0.5064779960329209,-0.4781305637887796,0.6118057796160984,0.8548205443794133,-0.3409001824805989,1.3966872514674982,0.8792146937889083,-0.26926816527354613,0.4851781638374437,-0.5462850886659875,-0.12682290449192232,0.44822798376073764,0.5376050568667502,0.501017215970834,1.0311612768841416,0.499
-1.2834502901338436,-0.5546919248247866,-0.1464597543788288,-0.8727706198078367,-1.2513229284109733,-1.0775452692816954,-1.5841226757006186,-0.46835374235539967,0.733519149935065,2.0265994786081336,-0.42568013335863886,-1.996966222613307,-1.2293296253079529,-0.23697116503083462,2.3779461476659596,1.9076538599080604,-0.7093428070138751,-1.33591824902511,-0.0664870647768826,-0.5274069686323497,0.1331206624399013,0.693
-1.2799861867866535,-0.8783765828850938,-0.1464597543788288,0.4019053255811478,1.1761322037694038,0.22693059075609515,0.9227168249382497,-0.8300961353904954,0.8552325202540314,-1.309064554162957,0.4616833524981798,1.74135518242883,0.8899451992296048,0.06985033727492439,-0.3201680409448847,-1.0521109443609171,0.2809410272734448,1.0420675251592673,-0.17200533929978795,1.2141226647287016,0.5655105879130541,0.661
-1.2765220834394637,0.7400467074164414,-0.1464597543788288,1.004720824754688,0.3216921510243209,0.24678131036536619,-0.23663765331218373,-0.6492249388729475,1.213610777304321,0.22205991989590412,-0.6856719827179615,1.0851604677139868,2.043474534104478,-2.457389931717248,0.04775662113841185,0.27397305570416697,1.1297557423768616,-1.199282602331644,2.088723692353457,0.5107193309199207,-0.6374203585955888,-0.116
-1.2730579800922739,0.20273017503633148,-0.1464597543788288,0.5692065434134512,0.48774940509138565,0.07096065096896881,0.28542460667077074,-0.08705770645354191,0.10466673662040539,-0.14509747949576154,0.10560755881041188,-0.6978332520667488,-0.6713433423917351,1.0872058449203355,-0.2343189531254491,0.03814883919774752,-0.5096216975777771,0.21437081922768841,-0.2142126491089495,-0.5128537962087196,-0.3547038688631428,0.651
-1.269593876745084,1.2967843192801682,-0.1464597543788288,-1.0214828134365517,-0.5810554665402721,-0.8223217314482136,-1.0361924658986887,-1.4704779392769514,1.321800439810069,-0.7700462444177457,-0.03569235931965493,-0.14106197897536663,0.3587851799151283,-0.826391419460319,0.10090129455044325,1.1147376536835762,1.0215734747656418,-1.1861445593803495,0.0917903470074754,-0.7068960951904526,-0.47666000168890366,0.33
-1.2661297733978942,-0.7618501059833832,-0.1464597543788288,-0.317755468586384,0.8802483692499055,-0.6947099625314734,0.8498162390847729,-0.10172293860361178,0.36161718507155616,-1.0200257503865393,0.07734757518439851,0.554902112388861,-0.3494281791708405,-0.4711244167904927,-0.5613630971994913,-0.24894151133180709,0.48066213670954283,1.0552055681105619,-0.9554785276323592,0.07897521568556524,-0.4489426987739579,0.876
-1.2626656700507044,-1.195587547784194,-0.1464597543788288,-0.14779867586785256,1.420689250668173,0.21842313949498005,1.122605528084875,-0.20437956365411386,1.1933252155844931,-0.8325411209099441,-1.3695635864674842,-0.5984098104432877,-0.15627908123830342,0.013330586850179267,-0.4141932323661723,-1.6126206763471904,1.1131123165905201,1.1287786086378135,-1.6650889237988973,1.0055271933233392,1.1475739491269137,1.264
-1.2592015667035146,0.27394079980959907,-0.1464597543788288,1.4721020047306492,-0.36669064765369724,1.1117055219121625,1.0050239379986246,0.06448302576386407,-0.27399708214971263,0.07363458822693315,1.4394787859582412,0.10418251036250407,-0.3494281791708405,-0.6649064182467617,-1.5179672186160638,-0.8641351196094226,-1.3168278482153402,0.9001766612852816,0.8040387000370859,-1.1725976127466111,-1.2693748650563503,0.272
-1.2557374633563245,-0.5935340837920234,-0.1464597543788288,0.4550168233056888,0.4545379542779735,0.530363019069234,0.5887851090932967,0.1573628293809841,-1.2950370220477088,-0.15290933905728635,-0.4708961071602602,0.8863135844670645,-0.08653079587377613,0.9337950937674563,-1.1214261939262882,-0.22843505772255243,-1.5331923834377799,0.16707386460302612,0.30018893919021317,0.30697491698910123,0.3992067704233798,0.491
-1.2522733600091347,0.33867773142166047,-0.1464597543788288,0.3222380789943356,-0.6293630313597821,-0.016949678729230505,-0.7069640136571872,-1.4411474749768072,1.6193220117008753,0.39392083024944996,-0.3069882021293829,1.4033154809090622,1.4264704712644296,-1.2624009227369237,-0.03809246668102378,1.0053699011008888,1.1214340294836909,-1.33591824902511,1.1074037392904383,1.1753142049323555,-0.7427461096723823,0.226
-1.2488092566619449,1.212626308184489,-0.1464597543788288,0.6701183890900798,-0.6746513733780731,0.8820043378620299,-0.6246569005968113,-0.21904479580418373,0.2872367920988544,0.1048820264730324,0.5577672968266252,0.4422222118822718,0.7504486285005502,-0.6891291684287952,0.4892662156383688,0.796887622740141,-1.7162700670875366,-0.5844221922110426,1.3158023314731762,0.1032305030582818,-0.69285496442548,0.048
-1.245345153314755,0.05383523232859018,-0.1464597543788288,-1.6641319359034978,0.20998090737920425,-1.0208289275409217,-0.3989002476312097,0.07425984719724615,-0.5782805079471289,-1.0668969077556882,0.12821554571122257,0.07766959259624776,-1.443939734121883,0.9580178439494899,0.9062474993327717,0.13384562270759906,0.954999771620276,0.11189408420758776,-2.1557489003304067,-0.8912362792230986,1.1531174097099028,1.259
-1.2418810499675652,1.4392055688267034,-0.1464597543788288,-0.009708781784045783,-1.8008214782329006,-0.8336649997963683,-1.3042784912953402,-2.159743850330311,1.8221776288991527,1.5656997644781705,-0.39742014973262546,1.1713274504543196,2.1829711048335327,-1.2220296724335344,0.21536674497635802,1.3266376743125323,-0.6094822522958261,-1.4778091128990958,1.2419395393071424,0.5834851930380704,-0.04981353679874035,0.226
-1.2384169466203754,0.9083627296078011,-0.1464597543788288,-0.4239784640354661,-0.5448247929256396,-0.46784459556837926,-0.8268972355451634,-0.9425295818743774,0.8281851046275944,0.7688900892026403,1.0381870184688518,-0.20071604394944328,-1.0200847692143715,-1.0928416714626885,0.7631656863003778,0.29106176704521153,-0.29325716235533733,-0.6868989272311421,-0.1614535118474974,1.1171015152378356,-1.1086145081496652,0.648
-1.2349528432731856,-1.3380087973307293,-0.1464597543788288,0.356760552515287,0.5451146383145542,0.7345418493360187,0.9133102977313486,1.4234612050038216,-2.1740780299069105,-2.3480418758457557,-0.7195839630691775,-1.2280916073918746,0.02077425853318894,1.3132848466193159,0.02322831033285959,-1.3562900062315162,1.1796860197358863,0.8318588379385486,-0.5307674726776656,-1.1337891529502646,0.5544236667470758,1.024
-1.2314887399259955,0.9601522748974503,-0.1464597543788288,-1.3215627755802084,-0.13722971476102452,-1.3327688071151755,-0.9562369846400386,-0.3608087065882098,-0.65942275482644,0.7767019487641652,-0.3352481857553962,-2.103017893678332,-0.8752229457649687,0.7642358424932209,1.523543321272527,0.46194888045566146,-0.1767531818509469,-0.26122633560918734,-0.8657879942878897,-1.6819586475736599,-0.22166081487140343,0.921
-1.2280246365788057,-0.7489027196609709,-0.1464597543788288,-1.3879521477358856,0.17375023376457172,-1.5369476373819604,-0.6317117960019867,-1.758894171561689,1.7410353820198416,-1.9027658808388421,-0.6178480220155297,-0.9695906591708756,-0.3494281791708405,-1.5853709251640384,1.4826628032632707,0.2397956330220779,2.9022805886222325,-0.48982828296171804,-1.3458961433671088,-0.9057894516467285,0.14975104418886875,0.843
-1.2245605332316158,-1.5322195921669135,-0.1464597543788288,-0.6072131311851324,0.7926909080145438,0.2864827495839083,1.0990892100676253,0.7928562225507477,0.05733375927414063,-2.152745386807636,-0.917403848451271,0.369311688025067,-0.6498823315103421,1.0952800949810133,-1.092809831319809,-0.6693238103215109,1.0049300489793003,1.3915394676637118,-1.622881613989735,0.02561358346558869,1.5189858081871854,1.125
-1.221096429884426,-0.2892705052153347,-0.1464597543788288,0.571862118299678,0.17676945656579077,0.37439307928210636,0.565268791076047,-0.2825941351211618,1.3353241476232875,0.597029178849095,-0.5048080875114762,0.7206078484279628,0.45535972888139686,0.013330586850179267,-1.1582186601346174,-0.4847657278382266,-1.7828437702329025,0.35626168310167294,-0.5334054295407379,0.29242174456547126,1.1143131856289787,1.029
-1.2176323265372362,-1.2991666383634923,-0.1464597543788288,0.4231499246709642,0.08921199533042914,0.5955868120711239,0.47590678261049585,-1.0402977962081874,0.18580898349971564,-1.3715594306551555,0.7555871822087186,1.549136528623472,1.297704405976072,0.4897113404301734,0.2194547967772831,-0.7513496247585265,-0.5512302620436308,0.4823868954341041,0.6774167706095995,0.8696975840361264,-0.69285496442548,0.573
-1.2141682231900464,1.4715740346327348,-0.1464597543788288,-0.17700999961634925,-2.480146608507259,-0.23530759443120836,-2.127349621899097,-0.7323279210566855,1.2812293163704134,1.4719574497398729,1.4733907663094572,-1.2877456723659513,1.7430203817649765,-0.9152081701277754,0.9880085353512823,1.5898038289646252,-0.9090639164499733,-2.4053549452605156,1.5927878020958026,-0.8475767619522087,-1.2361141015584154,0.192
-1.2107041198428565,-0.8783765828850938,-0.1464597543788288,-0.827625846741977,0.17073101096335133,-0.3969491683924127,0.14197506676554283,0.45066747238241395,-0.5647568001339104,0.40954454937249957,0.8686271167127718,0.369311688025067,-0.24212312476387549,-0.8506141696423526,0.5914675106615066,0.03131335466132879,1.4626242581036921,0.0435762608608536,-0.9607544413585044,-0.3818752443960501,0.08322951719299905,0.741
-1.2072400164956665,1.7887849995318352,-0.1464597543788288,0.3195825041081088,-0.9644967622951334,-0.7259039504888992,-1.2172681146315147,-2.017979939546287,0.6726624647755817,1.1829186459634553,1.699470635317564,2.2185877022214435,4.001791777031589,-1.1978069222515006,1.1433545037864514,0.9199263443956645,-0.6594125296548506,-1.317524988893298,2.29184637081005,0.26816645719275467,-1.3414398526352092,-0.111
-1.2037759131484767,0.08620369813462089,-0.1464597543788288,0.48422814705418554,1.1399015301547712,0.6834971417693219,0.4617969918001452,0.279573097298246,-1.3423699993939735,-0.1919686368649104,-0.0696043396708708,0.6278126362460659,0.06369628029597438,0.4897113404301734,-0.5654511490004164,-0.5633738000070335,-0.07689262713289777,0.48764211261462154,0.9148328882861364,-0.13932237066888412,-0.0165527733008055,0.396
-1.2003118098012868,0.33220403826045364,-0.1464597543788288,1.4189905070061082,0.801748576418201,1.083347351041775,0.8827390843089237,1.4723453121707253,-0.6120897774801751,0.25330735814200334,-0.7761039303212042,-0.2603701089235199,0.4982817506441829,0.4735628403088177,0.015052206731007628,-0.9461609340464382,-1.017246184061193,0.503407764156176,0.8752635353400466,0.4525066412254008,-0.5542684498507516,0.291
-1.196847706454097,-0.9690082871419791,-0.1464597543788288,0.4629835479643691,0.5753068663267487,1.029466826388041,0.8521678708864987,-0.4976842066555416,0.5577109483632244,-1.2778171159168579,0.003871617756763777,1.7214704941041379,-0.23139261932317898,-0.24504541509151248,0.17448622696710364,-1.24350451138062,-0.850811926197778,0.35363407451141426,0.1946706646673078,1.1462078600850956,0.14975104418886875,0.579
-1.1933836031069072,0.40988835619492736,-0.1464597543788288,0.5771732680721327,0.397172721054805,0.6721538734211672,0.6899052765674727,2.0589545981735853,-1.6804626947244352,0.2845547963881026,1.8068585730964146,0.6344408656876299,0.015409005812840689,1.9592248514735453,-1.1296022975281383,-0.7718560783677811,-1.9659214538826593,1.0289294822079715,0.6061919353066386,-0.6729386928686493,-0.9589410724089587,0.316
-1.1899194997597173,-0.7489027196609709,-0.1464597543788288,1.2384114147426686,0.7413641203938134,1.9000626721089142,0.9768043563779244,-0.7518815639234475,0.5847583639896614,-1.1996985203016097,0.30342744419250517,0.5217609651810405,-0.07580029043307962,0.3443748393379719,-0.8843191894726085,-0.8402109237319608,0.1477936209827126,1.0079086134858997,0.5507948411821131,1.490632940777671,0.23290295293370586,0.518
-1.1864553964125275,-1.6228512964237995,-0.1464597543788288,1.5942584494970933,0.06203899011945508,2.1127489536368143,0.8850907161106495,0.4017833652155079,-0.14552185792413688,-1.6527863748700486,1.5242587368362814,0.5946714890382454,0.6324130686528893,-1.5611481749820049,-0.4714259575791306,-0.7445141402221093,-0.9673159067021685,1.3442425130390496,1.4793556569836794,1.340250159066828,-1.740569014610427,0.184
-1.1829912930653375,-0.06916493773432655,-0.1464597543788288,0.5346840698924998,-1.1516885759707354,-0.14456144764597068,-0.4694492016829607,-0.3901391708883517,0.9701840366663887,-1.4887373240780275,-0.7761039303212042,-1.0358729535865165,-1.0147195164940228,-0.8021686692782853,1.2700841096151432,-0.23185279999076255,-0.5512302620436308,-0.6343467554259635,0.49012183333144277,0.07412415821102193,0.0887729777759882,0.712
-1.1795271897181476,0.24804602716477447,-0.1464597543788288,0.3886274511500116,1.6743039659706007,-0.29769557034605865,1.254296908981476,0.30401515088169795,-0.07790331885804438,-1.5356084814471764,0.97036305776642,0.6808384717785783,-2.291649663936906,1.797739850259988,-1.419853975393851,-0.672741552589721,0.6387746816797871,1.664810761050645,-0.7760974609434201,0.030464640940132015,-0.570898831599719,0.906
-1.1760630863709578,-0.023849085605883544,-0.1464597543788288,-0.39211156540074144,1.1912283177755003,-0.6011279986591974,0.03615163568791729,-1.5340272785939273,1.9979858304709932,-0.6606802105563984,-0.8947958615504603,0.8995700433501926,-0.05970453227203486,0.8126813428572881,-0.7207971174355873,0.4380246845781982,0.5805226914275917,0.10401125843681051,-0.5835266099391182,0.4622087561744875,0.8759443805604457,0.805
-1.172598983023768,0.15741432290788848,-0.1464597543788288,-0.13186522655048963,-0.4512288860878398,-0.1417256305589323,-0.5094269423122847,-1.2113921712923554,2.5456959969063417,0.8391968252563636,0.8290631396363533,-1.3275150490153358,0.6377783213732375,-1.1089901715840444,1.225115539804962,0.6738489010846177,0.32254959173929837,-0.7657271849389121,0.7723832176802142,0.501017215970834,-0.8203545578342303,0.285
-1.1691348796765781,-0.34106005050498384,-0.1464597543788288,0.8772532302157894,0.9587481620816086,0.6664822392470905,0.42417088297254496,0.4946631688326279,0.05057190536753138,-0.6528683509948735,0.6425472477046653,2.0793948839485976,0.916771462831346,-0.03511491351388798,0.4729140084346667,-0.4950189546428539,-0.010318923987531663,0.4902697212048814,0.41098312743926374,0.8308891242397798,0.15529450477185788,0.389
-1.1656707763293883,-0.755376412822177,-0.1464597543788288,-0.9311932673048323,-0.21271028479150864,-0.5954563644851195,0.5981916363001978,0.14269759723091205,-0.3754248907488514,-0.6528683509948735,-0.849579887748839,-0.008497390144085177,-0.5694035407051189,1.3455818468620273,-0.05853272568565096,-0.2523592536000157,0.7885655137568608,0.33786842296985975,-1.71784806106035,-0.27030092248155374,1.385942754195446,1.327
-1.1622066729821983,-1.2214823204290186,-0.1464597543788288,-0.8807373444665181,-0.17346038837565705,-0.9414260491038388,-0.21782459889838357,-0.17016068863727984,0.05057190536753138,0.26111921770352814,-2.030847203316197,-1.4335667200803608,-0.8859534512056653,-0.5357184172759157,0.8735430849253675,-0.23185279999076255,0.35583644331198144,-0.019486345305362005,-1.4962596845622487,-1.1677465552720678,1.8405065220005556,1.34
-1.1587425696350084,0.4681515946457834,-0.1464597543788288,0.18149261002430206,0.8409984728340538,0.2212589565820184,1.1766930595245506,1.2719204727864155,0.23990381475258965,-0.41851256414912946,0.37690340162013986,-0.3730500094301092,-1.358095690596311,1.426324347468806,-1.8736277252965852,-0.49160121237464377,-0.11017947870558081,1.0552055681105619,-0.9106332609601241,0.19054953760006163,0.26062025584865156,0.947
-1.1552784662878186,0.5393622194190502,-0.1464597543788288,1.017998699185823,1.1127285249437973,0.9840937529954223,1.2213740637573263,-1.3042719749094733,1.051326283545699,1.2688491011402279,1.0607950053696626,-0.5586404337939032,-0.6713433423917351,-0.23697116503083462,-1.4607344934031072,-1.1204657897250967,-0.6510908167616799,1.4546020738299275,0.30810280977943133,-0.003492761381671182,-1.46339598546097,0.41
-1.1518143629406288,-0.5158497658575497,-0.1464597543788288,0.9250535781678758,0.43340339466943756,1.2166307541325934,0.22193054802419498,0.30401515088169795,-1.1800855056353514,0.15956504340370606,0.2977754474673025,-0.29351125613134027,1.147477329806321,1.6201063489250747,0.6814046502818673,-0.6146399340301671,-0.10185776581241004,0.8108379692164768,0.5560707549082583,0.3312302043618179,0.06659913544403162,0.453
-1.148350259593439,-0.03679647192829583,-0.1464597543788288,0.10713651320994456,-1.130554016362198,-0.09068092299223549,-0.6975574864502861,-0.6198944745728057,0.7402810038416742,1.2844728202632774,1.2529628940265531,0.4223375235575796,0.9114062101109978,-1.0363219210379435,0.7100210128883464,0.147516591780435,-1.1836804419246083,-0.9444045690765219,1.0150752490828965,0.4864640435472041,-0.9090499271620563,0.32
-1.1448861562462491,-0.755376412822177,-0.1464597543788288,-0.2965108694965675,0.7775947940084459,-0.050979483773694635,0.6311144815243465,0.23068899013133992,0.3007604999120729,0.432980128057074,-0.7308879565195828,-0.9298212825214913,0.7128918594581131,-1.0282476709772657,-0.013564155875471518,-0.7786915629041984,0.9633214845134468,0.7451477544600025,-0.31973092363185485,-0.03259910622893112,0.48235867916821695,0.8
-1.1414220528990593,0.07973000497341474,-0.1464597543788288,1.5623915508623685,0.17375023376457172,1.4236454014864164,0.34421540171389486,0.10359031149738805,-0.03733219541838888,0.5814054597260454,1.5581707171874974,0.15720834589501664,1.2172256151708483,0.03755333703221289,-0.07488493288935306,-0.31729635669598677,-1.8078089089124147,0.5533323273710969,2.1731383119717815,-0.18298188793977402,-1.2638314044733612,0.055
-1.1379579495518692,-1.6552197622298301,-0.1464597543788288,0.2478819821799781,0.24017313539139737,0.6324524342026263,0.35127029711907015,0.7390837046671518,-2.160554322093692,-0.24665165379558407,-1.2960876290398498,0.01138729818060706,0.8953104519499531,-0.25311966515219037,0.41159323142078336,-0.6624883257850936,0.439053572243689,-0.3794687221708425,-0.169367382436715,-0.6923429227668226,0.4546413762532712,0.799
-1.1344938462046794,1.957101021723195,-0.1464597543788288,0.9038089790780593,1.019132618105996,0.5729002753748145,0.7345862808002483,-0.3363666530047557,-0.23342595871005714,0.6595240553412934,0.8686271167127718,0.21686241086909328,-1.3312694269945704,-1.2220296724335344,-1.6569609798475309,-0.5633738000070335,-0.6178039651889968,0.39042059477503943,0.8963671902446277,0.7387190322234567,-0.48220346227189276,0.385
-1.1310297428574896,-0.6582710154040848,-0.1464597543788288,-0.6125242809575859,0.0741158813243326,-0.399784985479451,-0.40595514303638497,0.7928562225507477,-1.4505596618997214,-0.6997395083640224,-0.26742422505296415,-0.896680135313671,-0.7142653641545211,1.4747698478328735,-0.03809246668102378,0.8618247258361121,0.8551392169022269,-0.5239871946350868,-0.31445500990570957,-1.109533865577548,0.6154017331599563,0.717
-1.1275656395102998,0.8371521048345328,-0.1464597543788288,-0.761236474586301,-0.5689785753353945,-0.8563515364926778,-0.8057325493296374,0.07914825791393611,-0.8690402259313259,1.1829186459634553,0.3882073950705452,-1.2347198368334387,0.3909766962372178,0.9176465936461005,0.8817191885272194,0.9951166742962614,-0.6427691038685092,-0.30064046446307235,0.36086194704088403,-1.5170226934391868,-0.4156819352760231,0.442
-1.12410153616311,-0.03679647192829583,-0.1464597543788288,-0.45053421289773604,1.1519784213596487,-0.836500816883408,0.605246531705371,0.9786158297849856,-0.7811361251454056,0.5579698810414709,0.39385939179574786,-0.3929346977548014,-0.10799180675516915,1.1356513452844026,-0.48777816478283087,-0.19083989277225474,-0.3265440139280204,1.7278733672168607,-0.10078050399682655,-0.6923429227668226,-1.0753537446517305,0.597
-1.12063743281592,0.06030892548979632,-0.1464597543788288,0.10979208809617132,-0.5719977981366149,0.37439307928210636,-0.34481271619153503,-0.06750406358677992,1.2609437546505857,1.2376016628941287,2.270322304563033,0.20360595198596512,1.646445832798708,-3.1033299365714777,0.1990145377726559,-0.2113463463815079,0.547235839854909,-0.7736100107096894,1.5136490962036235,0.8260380667652365,-2.3060019940753187,0.002
-1.1171733294687303,-0.6971131743713217,-0.1464597543788288,0.37003842694642314,0.801748576418201,0.9103625087324161,1.0238369924124247,1.9465211516897054,-0.7405650017057501,-1.355935711532106,0.39385939179574786,0.4157092941160155,-1.9321777316735735,1.0872058449203355,-1.4525583898012553,-0.5326141195931515,-0.4596914202187525,0.9264527471878721,-0.7101485393666046,0.015911468516502113,0.6708363389898474,0.942
-1.1137092261215402,-1.0337452187540406,-0.1464597543788288,-0.23012149734089032,-0.08590292714029543,-0.11903909386262289,0.09494243073104351,0.07914825791393611,-0.07114146495143513,-1.8871421617157924,-1.3639115897422818,0.5814150301551173,-0.25821888292492023,-0.3096394155769355,0.3584485580087519,0.12359239590297172,-0.2599703107826543,-0.3111508988241083,-1.2271880845288397,-0.1587266005670574,1.7961588373366426,1.077
-1.1102451227743504,-0.8783765828850938,-0.1464597543788288,0.5346840698924998,0.8560945868401504,0.8423028986434878,0.6616856949467714,0.9101780797513197,-0.1319981501109184,-0.2700872324801581,0.01517561120716912,1.6684446585716253,0.4392639707203521,0.2232610884278038,-0.9251997074818628,-0.7957802742452444,-0.48465655889826476,0.19072234191535667,-0.0664870647768826,0.25846434224366804,0.21072911060174931,0.744
-1.1067810194271606,2.1642592028817913,-0.1464597543788288,-1.634920612155001,-1.3569957264536519,-2.1750064819656627,-1.7699015880368942,-1.719786885828165,1.0986592608919636,-0.012295866949839761,-0.9626198222528923,-1.2546045251581308,0.45535972888139686,0.06985033727492439,1.535807476675302,1.3779038083356674,0.4307318593505183,-1.7931221437301739,-0.38304188834559805,-1.8954051764535655,0.13866412302289047,0.699
-1.1033169160799707,-0.166270335152418,-0.1464597543788288,-2.1819690387177735,-0.6867282645829492,-2.3423196901009438,-0.8433586581572378,0.005822097163578095,-0.7540887095189687,-1.1059562055633123,0.4673353492233825,-0.5984098104432877,-0.2152968611621342,0.336300589277294,1.2741721614160684,0.3081504783862576,1.262903148667594,-0.30589568164359093,-2.1372832022888977,-2.53089370561874,0.7429013265687062,1.197
-1.099852812732781,-0.1403755625075934,-0.1464597543788288,0.30630462967697386,0.26130769499993334,0.47081086024142205,0.3583251925242455,0.6510923117667239,0.05733375927414063,0.47985128542622285,-0.3069882021293829,-0.6116662693264158,-0.49965525534059163,2.330640354264727,-0.14438181350508839,-0.8709706041458413,-0.31822230103484966,0.6032568905860168,0.5692605392236217,-0.29455620985427033,-1.025462599404828,0.308
-1.096388709385591,-0.5870603906308173,-0.1464597543788288,1.1162549699762236,-0.8467470730475787,0.6182733487674332,-0.4788557288898598,0.6853111867835578,-0.09142702667126287,0.1126938860345572,0.24690747694047852,0.06441313371311964,0.30513265271164575,1.232542346012537,0.8163103597124111,-0.023370521630013425,-1.6247312252626582,-0.3453098104974748,1.5584943628758585,0.8454422966634098,-0.7094853461744475,0.268
-1.0929246060384012,1.322679091924993,-0.1464597543788288,2.449353562862204,0.7896716852133234,1.6306600488402396,0.7369379126019721,-0.3999159923217338,0.7673284194681111,1.0344933142944839,1.8972905206996573,-0.035010307910341446,1.60888906375627,-1.4965541744965818,-1.3503570947781176,-0.6317286453712132,-0.9257073422363148,0.6952231912450815,3.083233429731839,1.5779519753194509,-2.610892326139721,-0.382
-1.0894605026912112,0.6558886963207607,-0.1464597543788288,-1.7384880327178553,-1.1335732391634186,-1.3866493317689108,-1.2501909598556655,-0.9083107068575434,0.5239016788301781,0.3548615324418259,0.2525594736656812,0.6211844068045017,-1.5458795358085005,-0.03511491351388798,0.5505869926522504,1.128408622756412,0.46401871092320135,-0.7525891419876175,-1.1216698100059348,-0.8766831067994686,-0.19948697253944686,0.723
-1.0859963993440214,0.40988835619492736,-0.1464597543788288,0.21070393377279992,-0.8648624098548929,0.5246913848951572,-0.7210738044675379,0.6168734367498898,-1.112466966569259,0.9407509995561862,-1.8612873015601166,0.5018762768563485,1.2011298570098035,0.5381568407942406,1.2823482650179203,0.7011908392302896,-0.20171832053045918,-0.2638539441994472,0.7064342961033987,0.09352838810919523,1.0367047374671308,0.474
-1.0825322959968315,0.6817834689655854,-0.1464597543788288,0.3222380789943356,-1.6045719961536402,-0.17008380142931845,-1.3607176545367405,-0.9474179925910674,1.7004642585801863,-0.3482058280954062,0.7442831887583132,1.2110968271037041,2.0327440286637817,-0.34193641581964684,0.14995791616154958,1.6991715815473127,-0.38479600418021576,-1.4962023730309078,1.3791132961869192,1.0831441129160324,-0.9035064665790672,0.286
-1.0790681926496417,-0.2310072667644794,-0.1464597543788288,0.8347640320361566,-0.913169974674403,0.2864827495839083,-0.638766691407162,-1.5535809214606893,1.6463694273273122,-0.5669378958181008,1.0777509955452707,-0.11454906120911035,0.5412037724069689,-0.7456489188535402,0.6854927020827941,0.1543520763168522,-0.9340290551294856,-0.46092458846887124,1.5057352256144056,0.22935799739640808,-1.2083967986434696,0.013
-1.0756040893024519,0.6040991510311117,-0.1464597543788288,-0.2726106955205232,-0.37574831605735437,-0.10769582551446819,-0.05791363638108342,0.6315386688999619,-1.2138947751683977,2.5343703501072463,-1.1265277272837695,0.15058011645345257,-0.6659780896713869,0.9337950937674563,-0.013564155875471518,0.41068274643252634,-1.3334712740016816,-0.25334350983841125,-0.0664870647768826,0.0013582960928721413,0.6209451937429454,0.748
-1.072139985955262,-0.27632311889292244,-0.1464597543788288,1.1082882453175433,0.7806140168096664,1.6108093292309698,0.5488073684639706,1.9416327409730132,-1.5452256165922509,1.753184393954766,0.08865156863480386,0.5085045062979126,-0.12945281763656216,-0.4872729169118485,-0.32834414454673666,-1.0760351402383803,0.031289640478322146,0.6426710194399018,0.6404853745265826,1.9272281134865696,-0.5930726739316756,0.408
-1.0686758826080722,-1.8882727160332506,-0.1464597543788288,-0.694847102430625,0.2522500265962749,0.24678131036536619,0.8662776616968493,3.1295165451288036,-2.6812170729026037,-0.7622343848562209,-0.6969759761683668,-0.10792083176754626,-0.7625526386376554,1.5797350986216854,0.015052206731007628,-0.5804625113480781,-1.4582969673992432,0.6636918881619737,-1.1823428178566056,-1.2405124173902176,1.119856646211968,1.282
-1.0652117792608822,-2.0565887382246104,-0.1464597543788288,1.352601134850431,0.4152880578621219,1.3073769009178309,0.8333548164726985,1.0714956334021055,-0.6188516313867845,0.08925830734998277,-0.5387200678626923,-0.06815145511816184,0.1280793129401534,-0.9313566702491312,0.45247374943003954,-0.9461609340464382,-0.22668345920997124,0.4061862463165939,0.24215388820261521,0.28271962961638464,0.3160548616785427,0.46
-1.0617476759136923,-0.28279681205412854,-0.1464597543788288,0.6196624662517656,0.2764038090060299,0.23543804201721147,0.5205877868432714,-0.13105340290375586,-0.07790331885804438,-0.9497190143328161,0.5577672968266252,0.9393394199995772,1.126016318924928,0.9983890942528793,0.15813401976340155,-1.1990738618939036,-0.8258467875182657,1.281179906872834,0.7855730019955777,0.5980383654617004,-0.21611735428841428,0.293
-1.0582835725665025,-0.4899549932127252,-0.1464597543788288,-0.7028138270893064,-0.9675159850963537,-0.6635159745740478,-0.8645233443727637,0.7586373475339138,-0.8081835407718427,0.49547500454927246,-0.7195839630691775,-0.445960533287314,0.036870016694233704,0.4735628403088177,0.28486362559209155,1.3779038083356674,-1.0338896098475345,-0.8708315285492715,-0.5782506962129729,-1.2453634748647608,0.9313789863903371,0.898
-1.0548194692193127,0.9472048885750379,-0.1464597543788288,-1.8181552793046676,-1.975936400703624,-1.395156783030026,-2.1014816720801215,-0.37547393873827967,-0.16580741964396464,0.24549549858047853,-0.22786024797654547,0.8399159783761162,0.9543282318737838,-0.1723771645454116,2.173543557619684,1.8939828908352243,0.6637398203592993,-2.0900419144294373,-0.3909557589348162,-1.1628954977975243,0.7373578659857172,0.607
-1.0513553658721229,0.45520420832337105,-0.1464597543788288,-0.0707870041672683,0.022789093703602166,0.40558706723953214,0.052613058299993715,-0.12127658147037378,0.07761932099396839,-0.035731445634414195,0.37125140489493713,-0.4525887627288781,-0.3762544427725818,-0.761797418974896,-0.4673379057782037,0.226124663949242,0.09786334362368802,-0.23757785829685676,0.3133787235055766,0.21965588244732143,-0.4323123170249905,0.5
-1.047891262524933,-0.2892705052153347,-0.1464597543788288,0.48422814705418554,0.0016545340950675257,0.19290078571163227,0.16549138478279457,0.09381349006400815,0.8822799358804685,-0.7309869466101216,1.6542546615159426,0.8465442078176802,1.6840026018411456,-0.20467416478812311,0.4279454386244855,-0.15666247009016415,-0.5845171136163138,0.27480581680364413,0.8752635353400466,0.7047616299016534,-0.9533976118259695,0.44
-1.0444271591777432,1.1867315355396646,-0.1464597543788288,1.4296128065510165,0.8198639132255179,1.2761829129604052,0.8780358207054741,0.0987019007806981,0.11142859052701463,0.9876221569253351,-1.290435632314647,-1.0822705596774649,-1.9750997534363595,1.3536560969227054,-2.2333762837780298,-0.033623748434640756,-0.6011605394026553,1.2417657780189502,0.05749690778753146,0.24391116982003805,-0.22166081487140343,0.456
-1.0409630558305532,-0.10153340354035727,-0.1464597543788288,-1.677409810334634,-0.8195740678366032,-2.047394713048921,-0.5282399967260849,0.11336713293077014,-1.031324719689948,-1.1293917842478864,-0.4991560907862736,-1.632413603327283,0.246114872787815,1.4586213477115177,0.820398411513336,0.5166327567470052,-1.0006027582748516,0.2931990769354573,-1.353810013956326,-1.7207671073700064,0.5211629032491409,1.005
-1.0374989524833633,-0.023849085605883544,-0.1464597543788288,0.5984178671619491,0.28546147740968836,0.4764824944154988,0.34421540171389486,0.2893499187316259,0.5374253866433967,0.26111921770352814,-1.7708553539568737,0.833287748934552,0.5412037724069689,0.949943593888812,-0.08306103649120503,-0.799198016513453,0.31422787884612785,0.23013647076924174,-0.09286663340760894,0.9230592162561027,0.21627257118473844,0.638
-1.0340348491361735,-0.34106005050498384,-0.1464597543788288,-0.3230666183588375,-0.3606522020512578,0.4793183115025384,-0.5846791599674853,-1.558469332177379,1.3556097093431152,-1.629350796185474,0.28647145401689716,0.7073513895448346,-0.0006867523482040713,1.305210596558638,0.5996436142633567,0.19878272580357012,-0.8008816488387533,-0.46880741423964617,0.36086194704088403,0.8454422966634098,0.26062025584865156,0.62
-1.0305707457889837,0.9342575022526257,-0.1464597543788288,-0.6550134791372189,-0.7440934978061178,-1.1115750743261594,-1.184345269407364,-2.149967028896929,0.7199954421218464,1.3235321180709014,0.6934152182314891,-0.9961035769371319,0.69143084857672,-0.3742334160623584,0.1622220715643266,0.9746102206870082,-0.42640456864606946,-1.0022119580622202,0.7855730019955777,0.3409323193109045,-1.2472010227243937,0.104
-1.0271066424417938,-0.44463914108428215,-0.1464597543788288,0.13369226207221568,0.40924961225968254,-0.10769582551446819,0.565268791076047,-0.25326367082101775,0.03704819755431288,-0.035731445634414195,-0.6913239794431641,1.4762260047662672,-0.12945281763656216,-0.5599411674579493,-1.096897883120734,-0.44717056288792734,1.8537447640827174,0.3772825518237448,-0.8657879942878897,0.4622087561744875,0.7817055506496302,0.83
-1.023642539094604,0.18330909555271305,-0.1464597543788288,0.8719420804433347,1.8373419972364464,1.148571144043665,1.1296604234900502,1.3403582228200837,-1.4978926392459861,0.07363458822693315,-0.9117518517260683,0.5283891946226046,-0.8913187039260135,1.7169973496532092,-0.230230901324524,-1.4485690474731592,0.42241014645734754,1.115640565686519,0.5270532294144596,0.850293354137953,-0.5154642257698276,0.45
-1.0201784357474142,0.9472048885750379,-0.1464597543788288,-0.9152598179874695,-1.791763809829242,-0.9414260491038388,-1.6170455209247672,-1.739340528694927,0.5374253866433967,-0.15290933905728635,0.7273271985827052,-1.2280916073918746,1.2386866260522413,-0.9717279205525206,2.173543557619684,1.5487909217461173,0.2809410272734448,-1.8430467069450949,1.1285073941950194,-0.45464110651419987,-1.5188305912908613,0.168
-1.0167143324002241,-0.7812711854670016,-0.1464597543788288,0.0991697885512631,0.7534410115986909,0.2864827495839083,0.5135328914380961,0.39689495449881795,0.0032389280212666276,-0.7622343848562209,0.6764592280558812,1.4165719397921905,0.6538740795342822,-0.09163466393863309,0.7836059453050068,-1.51350615056913,0.6138095430002748,0.7398925372794839,0.2869991548748503,-0.061705451076191,-0.9201368483280347,0.328
-1.0132502290530343,0.04088784600617789,-0.1464597543788288,0.654184939772717,0.0741158813243326,0.802601459424947,-0.0955397452086837,-0.8398729568238775,-0.65942275482644,0.22987177945742893,-1.341303602841471,1.5159953814156517,0.6646045849749788,0.19096408818509228,-0.14846986530601347,-0.23185279999076255,0.239332462807591,-0.30589568164359093,0.5903641941282028,0.5834851930380704,0.8260532353135434,0.574
-1.0097861257058445,-0.5741130043084051,-0.1464597543788288,1.6739256960839042,-0.043633807923223474,1.2024516686974003,0.04085489929136889,-0.7567699746401396,0.44275943195086714,0.20643620077285493,1.9707664781272922,0.6543255540123222,2.4726947517323383,-0.8748369198243862,0.8735430849253675,-0.6659060680533023,-1.0588547485270468,0.012044957777745797,2.5530041002542405,1.5731009178449076,-2.439045048067058,-0.199
-1.0063220223586546,0.5005200604518133,-0.1464597543788288,1.1587441681558563,1.1459399757572106,0.975586301734306,0.8404097118778738,1.7167658480052514,-1.0921814048494312,0.9173154208716118,1.4564347761338492,0.11743896924563223,-0.23675787204352722,-0.15622866442405586,-0.7698537390466936,-0.41299314020583827,0.88842606847491,1.4966438112740712,1.5426666216974225,0.39914500900542427,-1.4744829066269483,0.131
-1.0028579190114648,-1.3509561836531414,-0.1464597543788288,-0.7426474503827113,-0.8558047414512344,-0.2154568748219373,-0.7351835952778865,-0.9620832247411395,0.18580898349971564,-0.1372856199342367,-0.17699227744972157,0.6012997184798095,0.1656360819825912,0.46548859024813977,1.5930402018882603,0.5234682412834224,0.8551392169022269,-0.7920032708415015,-0.7391660648604033,0.6319957677835036,1.1531174097099028,0.91
-0.9993938156642749,0.48109898096819564,-0.1464597543788288,0.7816525343116155,0.9949788356962411,-0.10769582551446819,1.1179022644814254,1.1594870263025356,-0.5850423618537381,0.8626324039409381,0.5916792771778412,0.25663178751847776,0.004678500372144182,-0.25311966515219037,-0.9946965880975963,-1.250339995917039,1.0548603263383247,1.2654142553312806,0.2263261470241794,-0.14417342814342743,-0.6817680432595017,0.515
-0.995929712317085,0.2350986408423622,-0.1464597543788288,-0.23543264711334502,0.30659603701822435,-0.45082969304614784,0.07142611271379386,-0.3705855280215897,0.7538047116548927,-0.2622753729186337,-0.2109042578009376,0.01138729818060706,1.362087438620251,0.4897113404301734,-0.20570259051896994,0.2876440247770029,-1.466618680292414,0.17758429896406205,-0.12452211576448054,-0.07625862349982097,0.8925747623094131,0.814
-0.9924656089698952,0.5328885262578448,-0.1464597543788288,0.11510323786862602,0.20394246177676484,-0.031128764164423575,-0.04380384557073279,-0.4830189745054717,0.3954264546046024,-0.5903734745026753,0.8460191298119613,0.3560552291419388,0.010043753092492435,0.19096408818509228,-0.2751994711347053,-0.34122055257345,-1.832774047591927,0.1355425615199183,0.44263860979613534,-0.06655650855073432,0.1164902806909339,0.507
-0.9890015056227053,-0.4057969821170453,-0.1464597543788288,0.8984978293056058,0.7262680063877168,0.9245415941676104,0.6828503811622975,0.45555588309910394,-1.3356081454873643,0.1126938860345572,0.003871617756763777,-0.9231930530799273,-0.8001094076800932,0.03755333703221289,-0.9374638628846398,-0.10881407833523915,-0.9257073422363148,0.7504029716405198,-0.005814056926211743,0.1614431927528017,-0.6041595950976539,0.539
-0.9855374022755155,-0.302217891537747,-0.1464597543788288,-0.5487904836881367,0.8651522552438076,-0.8450082681445231,0.47590678261049585,0.040040972180412124,0.06409561318074988,0.5032868641107973,-1.5843394620251856,0.641069095129194,0.3158631581523423,0.005256336789501394,-0.7167090656346604,-0.06438342884852122,1.1963294455222278,0.19860516768613393,-1.2245501276657673,-0.653534462970476,1.336051608948544,0.86
-0.9820732989283256,0.1315195502630639,-0.1464597543788288,-0.24871052154447998,1.2002859861791588,0.34036327423764223,0.6452242723346971,-0.7763236175069016,1.7816065054594972,-1.0512731886326387,0.17908351623804647,0.2367470991937855,-2.3077454220979514,-0.5114956670938821,-0.8802311376716815,-0.6829947793943468,2.611020637361256,0.5901188476347222,-0.4674565079639223,0.3166770319381879,-0.29372580245026225,0.205
-0.9786091955811357,-0.10153340354035727,-0.1464597543788288,-2.1102685167896427,-2.4408967120914076,-1.534111820294922,-1.934515814157646,-0.8887570639907815,-0.34161562121580513,-0.33258210897235657,-1.88954728518613,0.9459676494411412,0.8148316611447293,0.8611268432213554,2.1939838166243115,2.4920877877717955,-0.476334846005094,-1.6959006258905918,-1.084738413922918,-0.24119457763429383,1.8682238249155008,1.021
-0.9751450922339459,-0.44463914108428215,-0.1464597543788288,-0.06547585439481361,0.4303841718682185,0.19006496862459263,0.6734438539553963,0.7293068832337718,1.0175170140126526,0.45641570674164844,-0.47654810388546287,0.4024528352328874,-0.5372120243830294,-1.5046284245572596,0.2889516773930184,-0.8983125422915131,-0.043605775560214714,0.3588892916919316,-0.6019923079806263,0.6174425953598737,0.33822870401049926,0.932
-0.971680988886756,2.021837953335256,-0.1464597543788288,-0.18763229916125745,-1.6830717889853433,-0.731575584662976,-1.983900081993871,-0.5025726173722337,0.11142859052701463,1.9484808829928855,-0.44828812025944953,0.6543255540123222,1.2118603624505,0.13444433776034717,1.261908006013293,2.2220861485832852,-1.358436412681194,-1.2334415140050106,1.6930301628925624,0.32637914688727454,-0.6374203585955888,0.112
-0.9682168855395662,-0.36048112998860227,-0.1464597543788288,0.08589191412012813,0.9074213744608796,0.23260222493017313,0.7769156532312981,0.8612939725844136,-0.03733219541838888,-0.10603818168813749,-0.6065440285651243,-0.538755745469211,-0.6767085951120834,-0.9232824201884534,-0.40601712876432217,-0.7786915629041984,0.3641581562051522,0.542821893010061,-0.5360433864038108,0.8308891242397798,0.07214259602702076,0.843
-0.9647527821923763,0.8371521048345328,-0.1464597543788288,-1.0719387362748658,-0.6776705961792935,-1.1456048793706235,-1.2055099556228899,-0.07728088502015983,-0.7608505634255779,-1.4965491836395524,0.21299549658926248,0.09755428092093998,0.5304732669662724,-0.277342415334224,-0.9415519146855649,1.846134499080298,0.8801043555817392,-1.1335923875751688,-0.8895296060555431,-1.230810302441131,0.011164529614140209,0.848
-0.9612886788451864,-0.33458635734377773,-0.1464597543788288,0.8082082831738866,1.2184013229864759,0.7742432885545596,1.2825164906021762,0.7195300618003897,-0.787897979052015,-0.9887783121404402,-0.7026279728935695,-0.9231930530799273,-2.184344609529942,1.4101758473474504,-1.8940679843012123,0.0073891587838670475,-0.11850119159875157,1.331104470087755,-0.5254915589515202,-0.5807686008523262,0.4934456003341952,0.78
-0.9578245754979966,-0.2698494257317163,-0.1464597543788288,1.2277891151977605,0.9013829288584401,1.3300634376141405,0.9932657789899997,0.3089035615983879,0.1790471295931064,-1.5981033579393749,-1.0473997731309321,0.8399159783761162,-0.48892474989989515,0.6188993414010194,-1.5016150114123616,-0.03020600616643215,-1.1836804419246083,0.8213484035775127,-0.3170929667687825,0.4913151010217474,0.9313789863903371,0.745
-0.9543604721508067,0.10562477761823932,-0.1464597543788288,-2.1925913382626816,-1.2694382652182903,-1.5993356132968106,-1.609990625519592,-0.18482592078735188,-0.13876000401752764,-0.46538372151827834,0.01517561120716912,-0.7641155464823894,-0.08653079587377613,-0.3580849159410026,2.4760593908881723,0.9677747361505895,1.0964688908041786,-1.5461269362458288,-1.6255195708528074,-2.1525112226043617,0.6874667207388149,1.086
-0.9508963688036168,1.0766787517991607,-0.1464597543788288,0.5904511425032677,0.3850958298499275,0.24394549327832782,-0.05321037277763182,1.4234612050038216,-1.274751460327881,1.3547795563170006,0.17343151951284377,0.5217609651810405,-0.9127797148074065,0.029479086971535017,-0.8597908786670544,0.24321337529028653,1.1713643068427155,0.22750886217898303,0.30282689605328605,0.49616615849629075,-0.4544861593569471,0.4
-0.947432265456427,-0.36695482314980843,-0.1464597543788288,0.8719420804433347,1.2123628773840363,0.5955868120711239,0.758102598817498,1.2034827227527496,-0.7405650017057501,1.073552612102108,0.6312432542542599,-0.817141382014902,-0.3547934318911888,0.4331915900054283,-1.3340048875744155,-0.4369173360833,0.1894021854485664,0.768796231772333,-0.048021366735373876,-0.008343818856214505,0.4601848368362604,0.614
-0.9439681621092372,1.7499428405645983,-0.1464597543788288,-1.876577926801662,-0.7410742750049001,-1.7836637239543245,-1.3560143909332911,-0.7469931532067575,0.42923572413764866,-0.035731445634414195,-0.030040362594452256,0.49524804741478445,0.3856114435168696,0.336300589277294,0.5955555624624316,1.0566360351240238,0.8052089395432024,-1.554009762016606,-1.1269457237320801,-0.3333646696506169,1.574420414017077,0.879
-0.9405040587620472,0.4293094356785465,-0.1464597543788288,0.6302847657966737,-0.21874873039394804,0.35737817675987493,-0.22487949430355889,-0.5367914923890655,2.0588425156304773,0.8001375274487397,2.2251063307614123,-0.43270407440418585,0.6431435740935857,-1.367366173525736,0.8531028259207403,-0.5223608927885257,-0.8757770648772902,-0.07466612570080036,1.4371483471745172,1.5828030327939944,-3.1763253056046135,0.076
-0.9370399554148574,-0.8136396512730323,-0.1464597543788288,0.39128302603623955,0.19488479337310635,0.1872291515375543,0.29483113387766974,0.12803236508084,0.2669512303790266,0.08144644778845796,0.30342744419250517,1.4364566281168827,0.08515729117736738,0.4251173399447504,0.2358070039809852,0.08941497322088265,-0.8424902133046072,-0.07729373429105905,0.046945080335240925,1.325696986643198,0.2661637164316407,0.673
-0.9335758520676676,-0.2439546530868917,-0.1464597543788288,-0.8860484942389728,-1.538149094526813,-0.15874053308116376,-1.367772549941916,-0.25815208153770774,0.3548553311649469,1.6750657983395179,2.4229262161435052,0.641069095129194,0.41243770711861083,0.2151868383671259,0.656876339476315,1.254865086680144,-0.235005172103142,-0.7394510990363229,1.0678343863443491,1.5585477454212777,-2.500023114479939,0.122
-0.9301117487204776,-0.010901699283471258,-0.1464597543788288,0.4231499246709642,0.17978867936700982,0.3006618350191014,0.5511590002656964,1.8389761159225133,-0.09142702667126287,0.1986243412113301,0.39951138852095053,-0.21397250283257144,-0.24748837748422373,-0.6891291684287952,0.07637298374489099,0.03131335466132879,-0.8757770648772902,0.40093102913607537,-0.42524919815476014,1.020080365746969,0.41583715217234724,0.785
-0.9266476453732878,-0.9431135144971544,-0.1464597543788288,-0.6762580782270352,1.3572855718425665,-0.06515856920888771,0.37478661513631983,1.4576800800206555,-0.7338031477991409,-1.6762219535546228,-0.7874079237716095,0.07766959259624776,-0.6820738478324316,-0.7940944192176075,0.28077557379116647,-0.6659060680533023,2.0701092993051566,-0.3085232902338496,-0.8394084256571633,-0.1247691982452542,0.3714894675084341,0.733
-0.923183542026098,-0.08858601721794498,-0.1464597543788288,-1.069283161388639,-1.6257065557621775,-1.242022660329938,-1.5723645166919917,0.392006543782128,-0.4971382610678179,0.8157612465717893,-1.2452196585130257,-0.7574873170408253,0.5572995305680137,1.1921710957091478,2.001845381980813,0.7934698804719325,-0.30990058814167887,-1.1441028219362057,-0.005814056926211743,-1.2502145323393044,1.086595882714033,0.844
-0.9197194386789082,1.0960998312827785,-0.1464597543788288,-0.6736025033408085,-1.7283601310036356,-0.8081426460130205,-1.1702354785970155,0.7146416510836998,-1.4776070775261585,1.3860269945630999,0.18473551296324914,-0.021753849027213334,0.7343528703395055,1.1033543450416912,0.9225997065364738,0.4141004887007349,-1.4499752545060725,-0.936521743305747,1.059920515755131,-0.46919427893782983,-0.22166081487140343,0.479
-0.9162553353317182,-1.4221668084264092,-0.1464597543788288,0.35410497762906024,-0.11005670955005045,0.6069300804192785,-0.050858740975908104,1.0617188119687258,-1.6263678634715613,0.26111921770352814,-1.0417477764057295,-0.6978332520667488,0.2568453782285115,0.19096408818509228,1.1597067109901535,0.30473273611804746,0.09786334362368802,0.43508994080944186,0.4452765666592083,0.006209353567415465,-0.038726615632762064,0.492
-0.9127912319845284,-0.35400743682739616,-0.1464597543788288,-0.40007829005942175,-0.550863238528079,0.22409477366905678,-1.0103245160797132,-0.9620832247411395,0.09790488271379613,-1.6059152175008997,0.20169150313885714,0.08429782203781183,0.49291649792383463,0.8934238434640669,1.2578199542123663,0.7114440660349168,-0.20171832053045918,-1.5198508503432395,0.14454948426892808,0.6028894229362437,0.19964218943577103,0.591
-0.9093271286373386,1.3679949440534365,-0.1464597543788288,-0.6443911795923106,-0.9101507518731853,-0.6748592429222025,-0.24369254871735904,0.372452900915366,-0.38218674465546065,-0.8481648400329937,-0.5161120809618815,0.4157092941160155,-0.5103857607812882,0.029479086971535017,-1.6201685136392014,0.8960021485182013,0.42241014645734754,0.2511573394913136,-0.7022346687773864,-0.7748108998340589,0.29388101934658645,0.907
-0.9058630252901486,0.10562477761823932,-0.1464597543788288,1.124221694634905,0.6568258819596708,0.6976762272045163,0.5158845232398219,-0.11638817075368381,-0.5039001149744271,-0.6606802105563984,-0.21655625452614027,1.197840368220576,0.40707245439826256,-0.7698716690355739,-0.8393506196624272,-1.0726173979701716,-1.2585758579631448,0.9763773104027919,0.608829892169711,0.1032305030582818,-0.08307430029667488,0.579
-0.9023989219429588,0.27394079980959907,-0.1464597543788288,-1.042727412526368,-2.3020124632353154,-0.8818738902760256,-1.7463852700196445,-0.8545381889739496,0.03028634364770363,2.3546975801921755,-0.10916831674728951,0.6211844068045017,2.880453958478805,0.7884585926752545,2.0059334337817383,1.374486066067459,-2.8397013076655884,-1.3280354232543352,1.1074037392904383,-0.30425832480335696,-0.56535537101673,0.371
-0.898934818595769,0.31278295877683593,-0.1464597543788288,2.0589840545868268,0.9859211672925827,1.4434961210956876,0.8756841889037483,-1.0696282605083294,2.1535084703230067,-0.15290933905728635,0.36559940816973446,1.827522165169163,-0.41381121181501956,0.09407308745695801,-0.8965833448753836,-0.8948948000233046,-0.7343079456933874,0.4245795064484059,1.38966512363921,1.7768453317757271,0.061055674861042485,0.142
-0.895470715248579,0.07973000497341474,-0.1464597543788288,0.9595760516888283,1.4871121522950002,0.7742432885545596,1.0332435196193248,1.3159161692366317,-1.1868473595419606,0.24549549858047853,0.04343559483318248,-0.174203126183187,-0.859127187603924,-0.2934909154555797,-0.09123714009305518,-1.4348980784003231,-1.1087850258860714,0.8029551434456995,0.16037722544736388,0.6174425953598737,-0.32698656594819714,0.531
-0.8920066119013892,0.6688360826431731,-0.1464597543788288,-0.5408237590294552,0.6205952083450383,-1.1682914160669329,-0.05791363638108342,0.06937143648055402,-0.05085590323160737,0.02676343085778429,0.8121071494607452,0.15720834589501664,0.1870970928639842,0.5704538410369522,-0.11167739909768418,-0.14640924328553684,1.5791282386080823,0.62165015071783,-0.7048726256404593,-0.6923429227668226,1.0145308951351741,0.612
-0.8885425085541994,0.20273017503633148,-0.1464597543788288,0.0991697885512631,-0.2640370724122377,-0.1502330818200474,-0.5399981557347097,-0.6198944745728057,0.18580898349971564,0.6360884766567191,0.41646737869655853,0.3229140819341184,-0.07580029043307962,0.44126584006610614,0.13360570895784746,0.06890851961162799,-0.31822230103484966,-0.9338941347154871,0.44263860979613534,-0.7263003250886257,0.25507679526566246,0.502
-0.8850784052070095,1.6269426705016823,-0.1464597543788288,1.3233898111019344,0.4515187314767545,0.3034976521061397,0.5323459458518963,0.9590621869182236,-0.65942275482644,0.5423461619184213,0.35429541471932924,-0.021753849027213334,1.1313815716452762,1.8865566009274446,-2.0575900563382334,0.014224643320284254,-0.9673159067021685,0.5375666758295425,1.181266531456472,-0.837874647003122,-0.7870937943362954,0.093
-0.8816143018598196,-0.3216389710213654,-0.1464597543788288,0.10979208809617132,1.0946131881364802,-0.3232179241294077,1.143770214300401,0.6804227760668657,0.5239016788301781,-0.07479074344203825,-1.5391234882235643,-0.10792083176754626,-0.9020492093667101,1.4909183479542292,-1.0028726916994481,-0.6043867072255413,1.5624848128217408,1.0919920883741872,-1.422396892396215,-0.4740453364123732,1.3083343060335981,0.994
-0.8781501985126298,-0.5676393111471989,-0.1464597543788288,-1.098494485137137,-0.532747901720762,-0.6776950600092421,-0.7234254362692616,1.0421651691019638,-1.0718958431296035,-0.7778581039792705,-0.23351224470174814,0.2102341814275292,-1.0898330545788983,2.3629373545074386,0.4156812832217084,0.3115682206544662,-0.09353605291923929,-0.47931784860068327,-0.43316306874397836,-0.731151382563169,-0.0165527733008055,0.739
-0.8746860951654399,-0.08211232405673884,-0.1464597543788288,0.7922748338565238,0.6930565555743033,0.10215463892639458,1.4189111351022277,1.5701135265045354,-0.7676124173321872,0.003327852173209859,1.1964429267745267,-0.9165648236383632,-1.272251647070739,1.7412200998352427,-1.1623067119355424,-0.4540060474243461,-0.4680131331119232,1.990634226242759,-0.7629076766280573,-1.3084272220338238,-0.05535699738172918,1.148
-0.87122199181825,0.19625648187512534,-0.1464597543788288,0.5957622922757223,0.6960757783755237,0.3375274571506039,0.7157732263864481,0.07914825791393611,0.7808521272813297,1.5188286071090218,0.6934152182314891,0.19697772254440113,-0.6820738478324316,-0.761797418974896,-0.659476340421704,-0.6795770371261383,0.2892627401666156,0.5901188476347222,0.41098312743926374,0.8939528714088429,-1.3857875372991222,0.411
-0.8677578884710602,-0.36695482314980843,-0.1464597543788288,0.3036490547907459,0.8591138096413695,0.0312592117504267,0.5276426822484468,-0.003954724269801816,1.0580881374523081,-0.2935228111647325,-1.0869637502073508,1.111673385480243,0.2836716418302528,-0.38230766612303624,0.17448622696710364,-0.7752738206359898,0.039611353371492915,0.9921429619443464,0.28436119801177734,1.699228412183034,0.2883375587635973,0.702
-0.8642937851238703,-0.03679647192829583,-0.1464597543788288,-0.18763229916125745,0.24319235819261642,-0.26650158238863414,0.34421540171389486,0.48977475811593796,-0.32133005949597737,0.23768363901895373,0.39385939179574786,1.184583909337448,0.5787605414494067,-0.051263413635243726,0.13360570895784746,-0.6043867072255413,2.078431012198328,0.39567581195555795,-0.327644794221073,-0.6098749456995861,0.022251450780118493,0.66
-0.8608296817766805,0.25451972032598064,-0.1464597543788288,0.869286505557108,-0.34857531084638027,0.9982728384306154,-0.017935895751757334,-0.15060704577051784,-0.16580741964396464,-0.996590171701965,1.5638227139127001,-0.5851533515601595,0.23001911462677022,-1.3431434233437025,0.0722849319439641,-0.006281810288968887,-1.4582969673992432,0.09350082407577458,0.8383321392570298,-0.18298188793977402,-1.5687217365377635,0.313
-0.8573655784294906,0.42283574251733963,-0.1464597543788288,-3.0742422004900636,-1.7434562450097322,-2.7988862411141704,-2.1038333038818453,0.279573097298246,-0.8622783720247167,-0.6294327723102994,-0.9965318026041085,1.3171484981687294,-0.4030807063743231,0.29592933897390467,2.316625370652078,1.6479054475241774,1.1963294455222278,-2.5130868974611347,-2.1610248140565513,-1.8177882568608728,1.5688769534340878,1.37
-0.8539014750823007,-0.9301661281747422,-0.1464597543788288,-0.963060165939557,-0.6746513733780731,-0.3232179241294077,-0.31424150276911006,-1.0647398497916394,0.8146613968143759,-0.840352980471469,-0.14873229382370823,-0.8635389881058506,-2.028752280639842,-1.3915889237077694,0.38706492061523107,0.4482779113828255,0.605487830107104,0.14079777870043686,-2.013299229724484,-0.022896991279844476,0.44355445508729296,1.228
-0.8504373717351109,0.5523096057414625,-0.1464597543788288,0.4390833739883259,-1.441533964887793,0.4197661526747252,-0.8527651853641368,-0.8007656710903536,0.2466656686591989,-0.06697888388051343,2.304234284914249,-1.6721829799766674,0.3909766962372178,0.25555808867051527,1.396813715443835,0.8925844062499926,-0.42640456864606946,-0.07992134288131775,1.2208358844025613,-0.760257727410429,-1.7073082511124922,0.296
-0.846973268387921,-1.1308506161721326,-0.1464597543788288,0.6887074132936684,0.44548028587431504,1.4690184748790354,0.4006545649552953,-1.1087355462418533,0.4224738702310394,0.26111921770352814,0.8008031560103399,0.6874667012201423,0.8684841883482117,-0.7052776685501508,-0.05444467388472588,0.04156658146595612,1.362763703385643,0.030438217909558973,0.6668649431573089,0.9764208484760792,-0.02763969446678378,0.276
-0.8435091650407311,-0.8071659581118262,-0.1464597543788288,1.028620998730731,1.8554573340437635,1.2960336325696762,1.2284289591625015,0.3822297223487459,0.6050439257094892,-0.3638295472184558,0.5408113066510172,1.8871762301432398,-1.3312694269945704,-0.34193641581964684,-0.7289732210374374,-1.3562900062315162,1.3710854162788138,0.9921429619443464,0.26589549997026923,2.7373547117353043,-0.8203545578342303,0.229
-0.8400450616935413,-0.3151652778601593,-0.1464597543788288,0.5240617703475916,0.5571915295194317,0.1560351635801285,0.16078812117934296,2.469581098375587,-2.329600669758923,2.1437773720310056,-1.4034755668187002,-0.4724734510535703,0.9918850009162216,1.2486908461338928,-0.37331271435691793,-0.20451086184509068,0.34751473041881065,0.2616677738523495,0.6906065549249629,-0.5807686008523262,-0.1385089061265663,0.413
-0.8365809583463515,2.144838123398172,-0.1464597543788288,-1.4516859450053348,-1.8612059342572869,-2.098439420615618,-1.8380989102869194,-0.5758987781225896,-0.4836145532545994,-0.7856699635407953,-0.7082799696187722,-0.4724734510535703,0.2836716418302528,0.029479086971535017,0.41159323142078336,1.97600870527224,-0.3015788752485081,-2.1793806064982446,-0.5439572569930283,-1.6965118199972897,0.7207274842367497,0.876
-0.8331168549991615,-0.5546919248247866,-0.1464597543788288,-1.14098368331677,-0.38782520726223185,-0.8223217314482136,-0.1308142222345582,0.6853111867835578,0.05733375927414063,0.5423461619184213,-0.5330680711374897,-2.2355824825096136,-1.6907413592579026,0.1263700876996693,0.5628511480550275,0.024477870124911583,-0.31822230103484966,0.2485297309010549,-1.6070538728112989,-0.6583855204450193,0.28279409818060813,1.188
-0.8296527516519717,1.465100341471528,-0.1464597543788288,-0.8515260207180202,-1.1788615811817083,-1.097395988890965,-0.7586999132951382,0.5484356867162239,-1.0989432587560404,-0.8247292613484194,-1.5843394620251856,0.4157092941160155,2.408311719088159,0.6754190918257643,0.21536674497635802,0.9609392516141723,-0.8008816488387533,-0.9890739151109255,-0.09022867654453601,-1.60919278545551,0.7983359323985977,0.75
-0.8261886483047819,0.3192566519380413,-0.1464597543788288,-0.6576690540234456,-2.292954794831657,-0.7485904871852087,-1.7510885336230941,-1.8224435108786672,0.8890417897870777,-0.8559766995945186,1.665558654966348,0.1770930342197089,1.3728179440609476,0.36052333945932763,2.099958625203024,1.2651183134847714,-0.5928388265094846,-0.7604719677583948,1.4028549079545733,-0.3091093822779003,-1.258287943890372,-0.041
-0.822724544957592,-0.5870603906308173,-0.1464597543788288,0.8374196069223833,0.7504217887974719,0.4623034089803057,1.0308918878176,0.9004012583179376,-0.7135175860793139,-0.48881930020285275,-0.2222082512513428,0.3030293936094262,0.8148316611447293,0.3766718395806832,-1.0192248989031503,-0.799198016513453,-1.5831226607968043,0.9816325275833104,1.0256270765351871,0.10808156053282512,-0.5431815286847733,0.265
-0.8192604416104021,-0.166270335152418,-0.1464597543788288,-0.8887040691251995,0.022789093703602166,-0.8109784631000589,-0.8927429259934628,-0.3608087065882098,0.6050439257094892,1.4016507136861496,-0.5669800514887057,-0.8237696114564661,0.18173184014363594,-0.5034214170332042,0.8408386705179632,0.3286569319955107,-0.3015788752485081,-0.7394510990363229,0.22368819016110708,0.2051027100236916,0.7151840236537605,0.557
-0.8157963382632123,0.9601522748974503,-0.1464597543788288,-2.1421354154243675,-1.142630907567077,-2.3479913242750214,-0.7586999132951382,-1.2113921712923554,0.2601893764724174,1.073552612102108,-2.533874911859234,-0.7840002348070816,-0.0060520050685523245,0.6996418420077979,0.2358070039809852,0.5029617876741692,0.006324501798809863,-0.5791669750305252,-1.965816006189177,-1.7886819120136128,0.9480093681393045,1.086
-0.8123322349160224,-0.18569141463603642,-0.1464597543788288,-0.4611565124426442,0.13148111454749978,0.3063334691931781,-0.19901154448458344,-0.6150060638561136,0.2601893764724174,0.7142070722719667,-0.578284044939111,0.647697324570758,-0.6391518260696456,0.19096408818509228,-0.1402937617041615,0.3184037051908834,0.5389141269617382,-0.38997915653187837,-0.8737018648771072,0.850293354137953,0.5655105879130541,0.696
-0.8088681315688325,-0.056217551411914264,-0.1464597543788288,-0.3575890918797889,-0.4451904404854004,-0.4621729613943026,-0.5729210009588604,-1.4802547607103311,1.5652271804480011,0.22987177945742893,-0.29568420867897754,0.16383657533658072,0.15490557654189469,-1.431960174011159,0.15404596796247466,0.6123295402568567,2.236543557168572,-0.5949326265720773,-0.3988696295240338,0.7047616299016534,0.8260532353135434,0.668
-0.8054040282216427,2.6174177241662213,-0.1464597543788288,-0.8966707937838809,-1.2996304932304832,-1.4235149539004133,-1.497112299036791,-0.3314782422880657,-0.5647568001339104,-0.21540421554948483,-0.3069882021293829,0.5217609651810405,0.4660902343220934,-0.11585741412066672,0.26033531478653926,1.692336097010894,-0.9257073422363148,-1.6512312798561881,0.37405173135624686,-0.4303858191414833,0.8426836170625108,0.548
-0.8019399248744529,-0.8006922649506201,-0.1464597543788288,-0.8249702718557502,0.1345003373487188,-0.5614265594406553,0.2266338116276445,-0.8105424925237334,0.8619943741606407,-2.1058742294384873,-0.06395234294566814,1.4298283986753186,0.24074962006746672,0.6592705917044085,-0.22614284952359895,-0.5736270268116593,0.6970266719319824,0.5375666758295425,-1.504173555151467,-0.7020450377159092,0.9923570528032176,1.167
-0.7984758215272629,0.2804144929708052,-0.1464597543788288,-1.1436392582029966,0.04996209891457757,-1.0265005617149985,-0.31659313457083377,-0.37547393873827967,-0.40923416028189763,-0.8559766995945186,-0.6178480220155297,0.9857370260905257,-0.10262655403482089,1.377878847104739,-0.08714908829213011,0.9609392516141723,1.978570457480279,0.02255539213878173,-1.2588435668857112,-0.9640021413412484,1.7185503891747946,1.006
-0.7950117181800731,0.4422568220009588,-0.1464597543788288,-0.06813142928104036,-0.016460802712249412,6.522379300219089e-05,0.5723236864812223,-0.9229759390076154,0.7267572960284556,0.01895157129625948,-0.16568828399931623,0.051156674829991484,-1.4761312504439725,-0.6164609178826944,-1.403501768190149,0.06549077734341939,-1.2169672934972913,0.22488125358872435,-1.1163938962797895,-0.23634352015975052,0.5544236667470758,1.275
-0.7915476148328833,-0.9949030597868036,-0.1464597543788288,0.5904511425032677,1.5988233959401168,-0.14456144764597068,1.5176796707746778,0.22580057941464998,0.3278079155385099,0.9173154208716118,-0.2617722283277615,-0.9298212825214913,-0.25821888292492023,-0.051263413635243726,-1.0846337277179587,-1.130719016529724,0.5389141269617382,2.3295957343861677,-0.8789777786032525,0.593187307987157,-0.4711165411059145,0.938
-0.7880835114856933,0.9989944338646871,-0.1464597543788288,-0.18232114938880395,-0.125152823556147,-0.16157635016820213,0.0008771586620428068,0.5533240974329139,-0.9907535962502925,0.6985833531489175,1.2416589005761478,0.09092605147937591,-0.0543392795516866,0.3524490893986498,-0.0340044148800987,-0.08830762472598448,-0.784238223052412,-0.5739117578500055,0.6141058058958563,-0.5516622560050662,-0.1773131302074903,0.368
-0.7846194081385035,1.0766787517991607,-0.1464597543788288,-0.6842248028857167,0.7232487835864978,-0.48769531517765036,0.21722728442074338,1.4332380264372013,-1.8765564580161036,-0.07479074344203825,-0.934359838626879,-1.175065771859362,-0.9396059784091478,1.1033543450416912,-0.8720550340698314,0.06549077734341939,0.8218523653295439,0.5559599359613557,-0.6441996177897884,-1.187150785170241,-0.1107916032116206,0.714
-0.7811553047913137,-0.166270335152418,-0.1464597543788288,-1.0958389102509092,0.21601935298164235,-0.9782916712353412,-0.16844033106215847,-1.1282891891086153,0.9228510593201239,-1.5746677792548005,0.6651552346054759,-0.008497390144085177,-1.1703118453841228,-1.795301426741663,0.4483856976291126,-0.4266641092786742,0.23101074991442022,-0.2769919871507418,-1.0900143276490633,-0.23634352015975052,-0.6762245826765125,0.763
-0.7776912014441238,-0.13390186934638726,-0.1464597543788288,0.09651421366503635,-0.3183830828341872,-0.49903858352580505,0.10434895793794254,-0.8252077246738055,0.13847600615345088,-1.6527863748700486,-1.3808675799178896,-0.9828471180540038,-0.3440629264504923,0.8692010932820333,0.26442336658746435,0.17144078765789825,1.0964688908041786,0.4429727665802191,0.0997042175966936,-0.6632365779195626,0.11094682010794475,0.421
-0.7742270980969339,-1.5386932853281197,-0.1464597543788288,0.27178215615602125,1.3603047946437856,0.7827507398156759,0.7745640214295723,0.6070966153165099,-0.5918042157603474,-1.1996985203016097,-1.714335386704847,-0.7442308581576972,-2.0019260170381012,0.2232610884278038,-0.22614284952359895,-1.0350222330198724,0.41408843356417674,0.3326132057893424,-1.1744289472673874,-0.1247691982452542,1.302790845450609,0.881
-0.7707629947497441,0.7141519347716168,-0.1464597543788288,-1.8579889025980725,-2.4680697173023827,-2.0842603351804248,-2.226118157571547,-1.2162805820090454,0.42923572413764866,0.2767429368265778,-1.1152237338333642,-1.347399737340028,1.4532967348661707,0.06985033727492439,1.548071632078079,2.3963910042619436,0.26429760148710324,-1.819398229632763,-0.35138640598872645,-2.1622133375534482,0.3326852434275101,0.729
-0.7672988914025543,1.2255736945069013,-0.1464597543788288,-2.7741622383464057,-1.4234186280804788,-2.3479913242750214,-2.1179430946921958,-0.7567699746401396,-0.46332899153477164,0.1048820264730324,-0.5048080875114762,-0.6580638754173643,0.916771462831346,0.4251173399447504,1.2169394362031118,1.7914506227889542,1.520876248355887,-1.467298678538061,-1.5358290375083374,-2.6279148551096068,1.2030085549568044,1.057
-0.7638347880553643,0.6105728441923185,-0.1464597543788288,0.5187506205751369,-0.3153638600329668,0.07379646805600718,-0.03910058196728328,-0.09194611717023186,-0.9434206189040277,-0.7544225252946961,0.24690747694047852,0.9327111905580131,0.4499944761610486,0.4170430898840725,-0.18117427971341768,0.2705553134359584,-0.9340290551294856,-0.15612199199882798,0.8383321392570298,-0.21208823278703393,-0.7760068731703171,0.251
-0.7603706847081745,0.4681515946457834,-0.1464597543788288,-0.7054694019755331,0.01675064810116408,-0.02262131290330723,-0.07907832259660727,-0.7029974567565436,0.44275943195086714,-0.356017687656931,-0.883491868100055,-0.2802547972482122,-0.7679178913580037,-0.3580849159410026,0.010964154930082555,-0.11906730513986495,-0.19339660763728844,-0.011603519534584763,-1.2139983002134767,-0.5613643709541529,1.7850719161706643,0.954
-0.7569065813609847,-1.0402189119152465,-0.1464597543788288,0.3355159534254705,1.9007456760620545,0.272303664148714,1.5200313025764027,-0.28748254583785177,0.9904695983862157,-1.4887373240780275,0.6029832706282465,0.20360595198596512,-2.1253268296061107,-2.22323667995759,-1.0192248989031503,-0.8914770577550944,1.3045117131334476,1.6385346751480558,-0.3962316726609615,0.0692731007364786,-1.019919138821839,0.671
-0.7534424780137948,-0.4511128342454883,-0.1464597543788288,-1.0825610358197741,-0.23686406720126366,-0.7967993776648659,-0.547053051139885,-1.0158557426247354,0.1790471295931064,0.3548615324418259,-0.08090833312127615,0.05778490427155556,0.809466408424381,-0.2934909154555797,0.8939833439299947,0.147516591780435,0.6470963945729579,-0.9417769604862644,-1.2456537825703482,0.08382627316010857,1.5577900322681095,1.006
-0.7499783746666049,0.5134674467742256,-0.1464597543788288,0.5426507945511813,0.10732733213774474,0.5161839336340409,0.1349201713603696,-1.6611259572278791,1.4976086413819087,0.1048820264730324,-0.5895880383895163,0.561530341830425,0.6055868050511479,0.36052333945932763,-1.1377784011299903,0.13384562270759906,1.1214340294836909,0.11714930138810514,0.2949130254640679,0.7726764345452599,0.044425293112075055,0.535
-0.7465142713194151,0.15094062974668232,-0.1464597543788288,1.3340121106468426,1.1640553125645263,1.2081233028714768,1.0402984150245,-0.7274395103399955,1.3691334171563336,1.9719164616774598,0.5182033197502065,1.4364566281168827,-0.7840136495190485,-0.9878764206738763,-1.117338142125363,-0.5667915422752422,0.7303135235046655,0.5874912390444634,0.7961248294478677,2.586971930024461,0.08322951719299905,0.265
-0.7430501679722252,-0.23748095992568555,-0.1464597543788288,1.2224779654253057,0.9738442760877052,1.154242778217743,0.5864334772915709,0.6510923117667239,-1.2409421907948348,0.5814054597260454,0.22429949003966784,0.46210690020696404,-0.16164433395865166,-0.6568321681860837,0.5505869926522504,-1.3118593567447998,1.2961900002402769,-0.16663242635986392,0.6774167706095995,1.218973722203245,0.18301180768680358,0.393
-0.7395860646250353,-2.619800043249544,-0.1464597543788288,-0.6895359526581702,0.6749412187669878,-0.3714268146090649,0.8427613436795975,0.5288820438494619,-0.10495073448448138,-1.3793712902166801,0.5464633033762198,1.8341503946107272,-1.3688261960370074,-1.1655099220087892,0.32983219540227277,-0.9529964185828569,0.9050694942612515,0.8660177496119151,-2.0528685826705737,0.8211870092906931,1.0644220403820766,1.41
-0.7361219612778455,-0.9884293666255974,-0.1464597543788288,-0.814347972310842,1.4810737066925606,-0.9017246098852967,0.8803874525071979,2.195830098240919,-1.166561797822133,-1.2934408350399076,-2.307795042851127,1.277379121519345,0.19782759830468072,1.6281805989857525,-1.3667093019818197,-0.5189431505203156,1.1297557423768616,0.768796231772333,-2.406354802322306,-1.6382991303027699,2.6387648459509907,1.465
-0.7326578579306556,1.970048408045607,-0.1464597543788288,-0.315099893700156,0.2130001301804233,-0.3941133513053743,0.0878875353258682,1.0274999369518916,-1.1800855056353514,-2.2386758419844086,-0.8213199041228256,-1.0358729535865165,-1.8087769191055643,-0.5276441672152379,-1.2318035925512778,0.7422037464487974,0.8634609297953977,0.3825377690042622,-0.9343748727277781,-1.3132782795083673,-0.14405236670955546,0.912
-0.7291937545834657,1.2385210808293137,-0.1464597543788288,-0.9710268905982384,-0.7320166066012416,-1.1087392572391197,-1.0667636793211137,0.8661823833011058,-1.700748256444263,-1.6215389366239494,0.8177591461859479,-0.903308364755235,0.1656360819825912,1.4021015972867725,-0.48777816478283087,1.7641086846432823,0.014646214691980625,-0.6448571897869984,-0.16409146871056976,-1.53642692333736,-0.42676885644200135,0.755
-0.7257296512362759,-0.256902039409304,-0.1464597543788288,0.16290358582071238,-0.3727290932561353,0.06812483388193045,0.052613058299993715,-1.2847183320427114,0.06409561318074988,0.8157612465717893,-1.7199873834300496,-0.6116662693264158,1.1206510662045797,0.4251173399447504,-0.2915516783384074,-0.6624883257850936,-0.9007422035568026,0.1828395161445806,0.1366356136797099,0.13718790538008507,1.1309435673779462,0.635
-0.722265547889086,0.7335730142552345,-0.1464597543788288,0.1390034118446692,-0.2579986268097996,-0.2721732165627109,-0.42947146105363465,0.294238329448318,-0.17933112745718313,0.5579698810414709,0.4616833524981798,-0.7044614815083129,0.4982817506441829,-1.004024920795232,0.07637298374489099,0.07916174641625531,1.5042328225695454,-0.8235345739246104,0.608829892169711,-0.18298188793977402,-0.32698656594819714,0.252
-0.7188014445418962,1.0248892065095117,-0.1464597543788288,1.0153431242995963,-0.8014587310292863,0.5530495557655434,-0.1308142222345582,-0.40480440303842374,0.3413316233517284,-0.8559766995945186,-0.3239441923049909,-0.7972566936902098,0.9275019682720426,-0.051263413635243726,-0.4918662165837578,0.4243537155053623,-1.125428451672413,-0.29275763869229515,1.59014984523273,0.19054953760006163,-0.8425284001661867,0.015
-0.7153373411947063,2.3261015319119442,-0.1464597543788288,0.024813691736905615,0.397172721054805,-0.6776950600092421,-0.32599966177773493,-0.3901391708883517,0.6253294874293169,0.22205991989590412,-0.883491868100055,0.24337532863534958,-0.23675787204352722,0.11022158757831375,-1.0314890543059256,0.33549241653192946,0.19772389834173718,-0.022113953895620698,-0.8737018648771072,-0.2751519799560971,1.5633334928510987,0.839
-0.7118732378475164,-0.755376412822177,-0.1464597543788288,-0.8594927453767016,0.3549036018377344,-0.3572477291738718,0.20782075721384435,0.27468468658155604,1.6734168429537493,1.073552612102108,-0.04699635277006012,0.48861981797322035,0.8362926720261222,-2.4089444313531807,0.9062474993327717,-0.8026157587816616,0.20604561123490792,0.32210277142830646,-0.599354351117554,-0.3915773593451367,0.44909791567028207,0.953
-0.7084091345003266,-0.9301661281747422,-0.1464597543788288,0.2186706584314802,0.5541723067182126,0.24678131036536619,0.30894092468802037,1.0030578833684398,0.21285639912615265,-0.3013346707262573,-0.3861161562822203,0.42896575299914363,0.4499944761610486,0.029479086971535017,0.45247374943003954,-0.3309673257688227,0.2975844530597863,0.661064279571715,0.02056551170451459,-1.1628954977975243,-0.7094853461744475,0.448
-0.7049450311531367,0.26099341348718674,-0.1464597543788288,-0.6868803777719434,-1.1033810111512254,-0.19560615521266625,-1.104389788148714,-0.17016068863727984,-0.4430434298149439,0.7220189318334915,-1.1039197403829588,0.23011886975222143,0.41243770711861083,1.4021015972867725,1.102473985777197,-0.05071245977568529,-1.1004633129929007,-1.3963532466010682,-0.248506088328894,-0.4740453364123732,0.8149663141475652,0.919
-0.7014809278059468,0.38399358355010277,-0.1464597543788288,1.7828042664192143,0.05600054451701565,1.718570378538439,-0.0038261049414067064,-1.499808403577093,1.7951302132727158,0.3314259537572515,0.2073434998640598,2.1589336372473666,1.5284102729510463,-1.488479924435904,-0.17708622791249262,-0.16349795462658287,-0.9423507680226564,-0.4267656767955024,2.4290201276898267,2.082461952671956,-1.8403513051042313,-0.172
-0.698016824458757,2.2743119866222954,-0.1464597543788288,-1.191439606155083,-1.8370521518475318,-0.7173964992277829,-2.047394140640445,-1.768670992995071,0.8011376890011574,0.08925830734998277,0.13951953916162776,-0.2272289617156996,-0.19383585028074118,0.17481558806373654,1.4826628032632707,2.1674022722919415,0.88842606847491,-1.6880178001198145,0.1366356136797099,-0.5565133134796096,0.2883375587635973,0.468
-0.6945527211115672,-0.1403755625075934,-0.1464597543788288,-1.260484553196987,-0.32442152843662525,-1.0605303667594626,-0.8927429259934628,-1.1967269391422835,0.5171398249235689,-0.5044430193259024,-0.8778398713748523,0.6543255540123222,0.8577536829075153,-1.5692224250426827,1.5725999428836313,0.19878272580357012,0.921712920047593,-1.5513821534263486,0.06541077837674907,-0.2654498650070104,0.3493156251764775,0.613
-0.6910886177643772,-1.0855347640436896,-0.1464597543788288,0.2930267552458377,-0.040614585122004436,1.07483989978066,0.4923682052225702,-1.4655895285602614,1.5449416187281741,-0.33258210897235657,-0.16003628727411356,0.15720834589501664,0.026139511253537195,-1.4965541744965818,-0.26293531573192824,-0.389068944328375,0.1228284823032003,0.4114414634971113,0.6246576333481467,0.5398256757671805,-0.29372580245026225,0.283
-0.6876245144171874,-0.6259025495980541,-0.1464597543788288,0.4682946977368238,0.034865984908479676,1.049317545997311,0.022041844877568748,1.2621436513530355,-1.3220844376741456,0.22987177945742893,-0.527416074412287,-0.2206007322741355,0.21392335646572547,1.0952800949810133,0.03958051753655988,-0.5257786350567344,-1.1171067387792422,0.09612843266603327,-0.07440093536610021,0.33608126183636117,0.47127175800223864,0.79
-0.6841604110699976,0.4357831288397519,-0.1464597543788288,0.1894593346829835,-0.37574831605735437,-0.18993452103858952,-0.5447014193381613,1.3403582228200837,-1.8833183119227128,0.003327852173209859,0.48429133939899055,-0.37967823887167323,0.26221063094885977,1.7008488495318534,0.5587630962541024,0.4961263031377505,0.713670097718324,-0.10356982019364831,0.2869991548748503,-0.7263003250886257,0.4546413762532712,0.547
-0.6806963077228076,1.0960998312827785,-0.1464597543788288,0.2850600305871574,-1.287553602025607,-0.3657551804349869,-0.8950945577951887,-2.482378957631883,2.606552682065826,0.9798102973638103,1.207746920224932,1.0255064027399101,0.9275019682720426,-0.6245351679433723,-0.26702336753285333,1.7230957774247744,-1.017246184061193,-1.0179776096037745,1.1285073941950194,1.1947184348305289,-0.5376380681017842,0.257
-0.6772322043756178,0.7076782416104099,-0.1464597543788288,-0.9789936152569187,-0.43311354928052287,-1.1002318059780047,-0.34246108438980927,-0.6736669924563995,0.010000781927875879,-1.0044020312634898,-0.5669800514887057,-0.5453839749107751,-0.8269356712818345,-0.01896641339253223,0.6895807538837192,0.42777145777357084,-1.09214160009973,-0.6974093615921791,-0.1772812530259332,-0.6147260031741294,-1.025462599404828,0.555
-0.673768101028428,1.704626988436156,-0.1464597543788288,0.04340271594049528,1.321054898227934,-0.3544119120868322,0.5676204228777707,0.5337704545661519,-1.0245628657833388,1.0501170334175336,-0.1713402807245189,-0.6116662693264158,-0.11335705947551739,-0.31771366563761333,-1.6569609798475309,-0.17375118143120868,0.405766720671006,0.9790049189930518,-0.11924620203833527,0.011060411041958788,0.4657282974192495,0.661
-0.6703039976812382,0.30630926561562904,-0.1464597543788288,-2.0624681688375563,-1.3932264000682857,-1.6759026746468553,-0.9350722984245127,0.18180488296443603,0.25342752256580814,-0.6528683509948735,-1.358259593017079,0.5283891946226046,-0.0060520050685523245,-0.454975916669137,0.019140258531932703,0.417518230968945,0.5638792656412505,-1.1940273851511267,-1.614967743400517,-0.9931084861885083,0.9701832104712611,1.116
-0.6668398943340482,-0.755376412822177,-0.1464597543788288,0.2558487068386595,-0.0677875903329785,0.5360346532433119,0.2195789162224692,0.25513104371479406,-0.2875207899629311,1.3391558371939511,0.6990672149566919,0.6211844068045017,1.8127686671295038,1.5555123484396516,-0.4468976467735765,-0.14299150101732822,-1.0006027582748516,0.39042059477503943,0.40570721371311846,0.7629743195961732,0.5045325215001735,0.764
-0.6633757909868584,0.05383523232859018,-0.1464597543788288,0.7949304087427504,-0.599170803347589,0.7770791056415992,-0.4482845154674348,0.6950880082169378,-0.16580741964396464,0.40954454937249957,-1.0813117534821481,0.6940949306617065,-0.1348180703569104,0.06985033727492439,0.3093919363976456,0.08941497322088265,-0.051927488453385476,-0.9785634807498907,0.9702299824106615,0.7484211471725433,-0.166226209041512,0.161
-0.6599116876396686,0.7724151732224713,-0.1464597543788288,-0.9258821175323777,-1.8370521518475318,-0.83082918270933,-1.3513111273298415,0.8906244368845577,-1.3964648306468475,0.8157612465717893,0.5068993262998012,-0.9364495119630555,-0.7518221331969589,1.2971363464979602,2.1817196612215346,1.063471519660441,-2.1323557117460745,-0.6711332756895899,-0.34611049226258117,-1.2841719346611076,-0.809267636668252,0.762
-0.6564475842924786,0.3580988109052782,-0.1464597543788288,0.04871386571294998,-0.4119789896719869,-0.048143666686656275,-0.10729790421730853,-2.169520671763691,2.1129373468833514,0.41735640893402437,-0.6574119990919484,0.28314470528473407,-0.39235020093362655,0.08599883739628014,0.11725350175414537,-0.12590278967628368,-0.5096216975777771,-0.41100002525395024,0.29755098232714083,0.651399997681677,-0.1385089061265663,0.566
-0.6529834809452888,1.1155209107663964,-0.1464597543788288,-1.8606444774843005,-1.4324762964841373,-2.5266478007584574,-2.1202947264939214,-2.360168689714621,2.0115095382842116,2.3937568779997997,-0.26742422505296415,1.118301614921807,1.8127686671295038,-1.1089901715840444,1.854675517147494,1.7948683650571626,0.19772389834173718,-1.9139921388820877,-0.06912502163995494,-0.28000303743064037,-0.22720427545439256,0.653
-0.649519377598099,0.39046727671130965,-0.1464597543788288,0.29568233013206563,0.19488479337310635,-0.5047102176998818,0.1796011755931431,0.28446150801493597,-0.08466517276465363,-0.16853305818033595,0.9590590643160146,-0.3730500094301092,-0.6123255624679044,0.3928203397020389,-0.7330612728383625,-0.19083989277225474,-0.3681525783938742,0.46662124389254966,0.1946706646673078,-0.6098749456995861,-0.1773131302074903,0.603
-0.646055274250909,-1.2279560135902248,-0.1464597543788288,0.6329403406829005,-1.3720918404597484,1.1400636927825487,-0.6669862730278612,-0.11638817075368381,0.05057190536753138,1.3704032754400504,0.3203834343681132,1.6353035113638046,0.40707245439826256,-0.1723771645454116,1.6053043572910355,0.33891015880013803,0.26429760148710324,-1.4252569410939173,1.3685614687346288,1.020080365746969,-0.38242117177808854,0.186
-0.6425911709037192,-1.6163776032625934,-0.1464597543788288,-0.5487904836881367,0.7051334467791809,0.056781565533775745,0.33245724270527005,-0.3363666530047557,0.8011376890011574,-2.9886143598907897,-1.2508716552382284,0.19697772254440113,-0.6176908151882526,-0.6487579181254058,0.8408386705179632,-0.7684383360995726,0.3308713046324691,0.4245795064484059,-0.7154244530927498,-0.8669809918503819,-0.25492157836933826,0.903
-0.6391270675565294,-0.4964286863739313,-0.1464597543788288,-1.4543415198915615,0.6839988871706463,-1.3554553438114851,0.21017238901557017,-0.0430620100033258,-0.04409404932499813,-2.0199437742617143,-1.6239034391016043,0.5151327357394765,-0.9717974947312368,1.4909183479542292,0.10498934635136832,0.543974694892677,1.695632219112473,0.39567581195555795,-2.2401635199487306,-1.4442568313210369,1.1974650943738152,1.235
-0.6356629642093395,1.4586266483103225,-0.1464597543788288,0.04605829082672204,-0.39084443006345226,-0.4735162297424573,-0.8668749761744874,-0.4243580459051857,-1.0718958431296035,-0.6059971936257249,0.8234111429111506,-0.8834236764305429,0.3158631581523423,0.7077160920684757,-0.22205479772267206,1.1386618495610394,-0.19339660763728844,-0.33217176754618016,0.37932764508239214,-1.4733631761682968,-0.4600296199399362,0.349
-0.6321988608621496,0.3451514245828659,-0.1464597543788288,-0.43725633846660106,-0.5267094561183239,-0.5103818518739598,-0.5188334695191859,-0.26304049225439985,1.3015148780902412,-1.074708767317213,0.3316874278185185,1.0917886971555508,0.246114872787815,-1.6903361759528506,0.10498934635136832,0.417518230968945,0.21436732412807868,-0.14823916622805192,-0.23795426087660349,0.7241658597998266,-0.5487249892677625,0.478
-0.6287347575149598,1.4456792619879102,-0.1464597543788288,0.09651421366503635,-0.07080681313419754,-0.31187465578125295,-0.47415246528641025,-0.2777057244044697,-0.2266641048034479,-0.3013346707262573,0.6142872640786519,-1.0292447241449523,0.7719096393819432,1.7169973496532092,-0.10758934729675729,0.12359239590297172,-0.7675947972660705,-0.46355219705912876,1.23930158244407,-0.5225559111578063,-0.282638881284284,0.347
-0.62527065416777,-0.2633757325705101,-0.1464597543788288,0.8028971334014319,1.680342411573039,1.3073769009178309,1.12025389628315,0.2893499187316259,-0.2672352282431034,1.59694720272427,-1.527819494773159,0.9592241083242694,-1.2937126579521319,1.1437255953450804,-0.7739417908476187,-0.7103367175400187,1.396050554958326,1.1077577399157417,-0.3012652255903467,0.7823785494943466,1.5633334928510987,0.727
-0.62180655082058,-0.8719028897238876,-0.1464597543788288,0.19477048445543702,-0.3938636528646713,0.06528901679489083,0.43357741017944607,-0.09683452788692182,0.0032389280212666276,0.1830006220882805,0.8177591461859479,2.2318441611045716,0.3695156853558248,0.3766718395806832,-0.5368347863939372,-0.7410963979539007,-0.576195400723143,0.5664703703223917,0.39779334312390086,0.166294250227345,-0.7815503337533063,0.431
-0.6183424474733902,0.14446693658547619,-0.1464597543788288,0.3859718762637849,-1.89139816226948,0.31200510336725606,-1.6429134707437427,-1.0060789211913534,-0.3483774751224144,0.22205991989590412,0.12821554571122257,-0.12117729065067442,1.5498712838324393,0.756161592432543,1.5725999428836313,0.9746102206870082,-0.9673159067021685,-2.116318000332029,1.7642549981955236,-0.7942151297322323,-0.5043773046038493,0.083
-0.6148783441262003,-0.438165447923076,-0.1464597543788288,0.03278041639558707,0.4515187314767545,0.0964830047523166,0.4382806737828956,0.8808476154511756,-0.39571045246867914,0.05801086910388353,-0.8947958615504603,-0.3730500094301092,-0.7947441549597449,-0.3903819161837141,-0.2751994711347053,-0.6761592948579296,0.5139489882822259,0.5191734156977293,-0.2168506059720224,-0.12962025571979746,0.731814405402728,0.595
-0.6114142407790105,0.7788888663836783,-0.1464597543788288,0.8533530562397462,0.6447489907547933,0.4481243235451126,0.25015012964489414,0.16225124009767403,0.5644728022698337,0.8860679826255126,1.9538104879516842,-0.43270407440418585,1.3030696586964203,0.19903833824577016,0.027316362133784664,-1.192238377357485,-0.20171832053045918,0.6689471053424911,1.194456315771835,0.5640809631398971,-2.123067794836677,0.153
-0.6079501374318206,-0.9172187418523299,-0.1464597543788288,-0.038920105532543665,-0.2791331864183343,0.34603490841172024,-0.38714208862258487,-1.964207421662691,1.6463694273273122,-0.40288884502607986,0.27516746056649183,1.2243532859868322,0.6807003431360235,-1.3269949232223468,0.2358070039809852,0.3594166124093912,0.9716431974066171,-0.9864463065206656,0.4452765666592083,0.9861229634251659,0.0499687536950642,0.361
-0.6044860340846308,0.33867773142166047,-0.1464597543788288,-0.18763229916125745,-0.2398832900024827,-0.5529191081795403,-0.10494627241558273,-1.2113921712923554,0.7605665655615019,-2.6605162583067483,2.389014235792289,-1.0491294124696446,0.6967961012970683,0.32822633921661615,0.2358070039809852,-0.5770447690798695,-1.7162700670875366,-0.4372761111565395,0.5771744098128394,-0.7408534975122557,-0.975571454157926,0.352
-0.6010219307374409,-0.166270335152418,-0.1464597543788288,-0.9949270645742816,-0.5689785753353945,-0.5670981936147333,-0.7469417542865112,-0.03328518856994589,0.02352448974109438,-0.6841157892409728,-0.3465521792058016,-0.40619115663792954,-0.9127797148074065,-0.454975916669137,0.9839204835503572,1.0122053856373074,-1.3750798384675356,-0.48982828296171804,-0.9633923982215767,-0.5759175433777828,0.027794911363107633,1.192
-0.597557827390251,-0.7230079470161463,-0.1464597543788288,1.987283532658697,-0.07684525873663697,1.5058840970105378,0.39595130135184575,-0.4781305637887796,1.294753024183632,-0.7544225252946961,1.3433948416297958,-0.1476902084169307,1.4640272403068673,-0.35001066588032476,0.05184467293933692,-0.5975512226891226,-1.1420718774587544,0.4429727665802191,2.54245227280195,0.37003866415816433,-2.2062197035815143,-0.252
-0.5940937240430612,-1.0855347640436896,-0.1464597543788288,0.48688372194041346,0.7081526695804012,0.1333486268838191,1.0873310510590004,0.03515256146372217,0.9566603288531702,0.15175318384218126,-0.030040362594452256,0.9459676494411412,-0.48892474989989515,-0.3580849159410026,-1.5547596848243932,-1.2469222536488287,-0.15178804317143463,0.9973981791248637,-0.6230959628852074,0.5883362505126137,0.6819232601558257,0.892
-0.5906296206958713,1.0054681270258925,-0.1464597543788288,-0.6072131311851324,-1.3781302860621865,-1.2306793919817833,-1.4853541400281662,-1.1820617069922112,0.7267572960284556,1.3938388541246247,1.6146906844395237,-0.09466437288441813,1.8556906888922897,-0.9878764206738763,1.4336061816521644,1.4633473650408917,-0.7509513714797289,-1.454160635586764,1.1100416961535113,0.43310241132722754,-1.7627428569423835,0.231
-0.5871655173486814,-0.3799022094722207,-0.1464597543788288,1.785459841305441,0.6085183171401608,1.73842109814771,0.8521678708864987,-1.1918385284255935,1.7275116742066232,2.2453315463308283,0.9251470839647986,0.8730571255839363,0.6055868050511479,-1.5046284245572596,-0.8352625678615021,-1.017933521678828,-0.18507489474411767,0.3615169002821903,1.3659235118715565,2.1067172400446728,-0.859158781915154,0.243
-0.5837014140014916,-0.6906394812101156,-0.1464597543788288,1.0950103708864072,-0.0677875903329785,0.901855057471301,0.8968488751192742,0.167139650814364,-1.3153225837675364,1.6125709218473194,0.11125955553561455,1.20446859766214,0.7343528703395055,1.2244680959518592,-0.4264573877689493,-1.1614786969436046,-3.3473257941490044,0.6978507998353403,0.6457612882527278,1.0831441129160324,0.3548590857594667,0.704
-0.5802373106543017,-0.21158618728086098,-0.1464597543788288,0.6515293648864902,0.3216921510243209,0.6664822392470905,-0.06261689998453293,-1.4851431714270233,2.0994136390701326,0.5892173192875702,0.7951511592851372,-1.639041832768847,0.1066183020587604,-1.2381781725548902,1.1719708663929305,-0.6761592948579296,-0.11850119159875157,0.025183000729041588,1.511011139340551,1.063739883017859,-2.4057842845691235,-0.028
-0.5767732073071119,0.6105728441923185,-0.1464597543788288,2.0855398034490977,-0.6988051557878281,1.9794655505459973,0.33951213811044534,-0.6687785817397096,1.6666549890471407,2.0344113381696585,-0.3409001824805989,1.3502896453765496,1.0562680335604007,-1.6661134257708172,-0.377400766157843,0.20903595260819594,-0.9673159067021685,-0.5029663259130149,2.363071206113011,2.286206366602775,-0.69285496442548,-0.156
-0.573309103959922,-0.06916493773432655,-0.1464597543788288,-0.8063812476521606,-0.9765736535000096,-0.5926205473980811,-0.8621717125710379,0.11825554364746009,0.706471734308628,0.8313849656948389,0.6595032378802732,0.1704648047781448,0.9865197481958734,-0.7295004187321845,1.3354929384299516,1.3061312207032791,-1.3085061353221694,-0.5502632805376761,0.6431233313896555,0.0886773306346519,-1.33589639205222,0.4
-0.5698450006127321,-1.0725873777212773,-0.1464597543788288,-0.5355126092570017,0.6809796643694258,-0.09918837425335184,0.4030061967570211,1.5750019372212274,-0.9839917423436831,-1.152827362932461,-2.545178905309639,1.1646992210127556,1.5874280528748772,0.4251173399447504,-0.8025581534540979,0.1543520763168522,1.2712248615607646,0.14868060447121295,-1.3036888335579468,-1.1725976127466111,2.19528799931186,0.856
-0.5663808972655423,1.16083676289484,-0.1464597543788288,-1.0002382143467352,-0.8739200782585513,-1.1456048793706235,-1.2196197464332406,1.3012509370865595,-1.1462762361023051,1.2844728202632774,-0.7930599204968122,-0.43270407440418585,-0.6391518260696456,-0.398456166244392,1.523543321272527,1.0395473237829793,1.0548603263383247,-1.2597175999075998,-0.6732171432835877,-0.9251936815449019,-0.37133425061211023,0.652
-0.5629167939183524,0.5652569920638748,-0.1464597543788288,-0.463812087328871,-1.0671503375365916,0.17588588318939957,-0.7634031768985877,-1.0794050819417114,2.0994136390701326,-0.40288884502607986,-0.04699635277006012,-0.7641155464823894,-0.0060520050685523245,-2.6269491829914835,0.5056184228420709,0.48929081860133333,0.20604561123490792,-1.149358039116723,0.12080787250127466,0.6950595149525667,0.14975104418886875,0.652
-0.5594526905711625,0.26099341348718674,-0.1464597543788288,0.558584243868543,-0.668612927775635,0.6693180563341288,-0.43887798826053576,-1.4215938321100452,0.9769458905729972,-0.6059971936257249,-0.6574119990919484,1.8407786240522912,1.667906843680101,0.1263700876996693,1.1637947627910803,0.7182795505713341,-1.874382612057781,-0.2585987270189286,0.8066766569001582,1.2092716072541585,0.5267063638321301,0.512
-0.5559885872239727,0.15741432290788848,-0.1464597543788288,0.3992497506949198,-1.4958799753097438,0.32618418880244915,-0.902149453200364,-0.4830189745054717,-0.04409404932499813,-0.16853305818033595,1.784250586195604,0.22349064031065735,1.4532967348661707,0.3685975895200055,-0.3160799891439596,0.9746102206870082,-1.5831226607968043,-0.6317191468357037,1.215559970676416,-0.1878329454143173,-1.873612068602166,0.115
-0.5525244838767829,-1.1179032298497202,-0.1464597543788288,1.1773331923594461,0.4364226174706566,1.619316780492085,0.758102598817498,0.47999793668255586,-0.30104449777614967,-0.8247292613484194,1.5355627302866868,0.11081073980406815,0.6377783213732375,-0.15622866442405586,0.5301467336476232,-1.1067948206522609,-0.6510908167616799,0.5638427617321329,0.8409700961201027,0.6416978827325903,-0.166226209041512,0.62
-0.5490603805295929,-0.33458635734377773,-0.1464597543788288,-0.5381681841432285,-1.0973425655487847,0.16454261484124486,-0.7046123818554615,0.35778766876529394,-1.6534152790979983,-0.3403939685338814,-0.23351224470174814,0.23011886975222143,0.30513265271164575,-0.7375746687928624,1.102473985777197,1.0908134578061128,-1.7662003444465608,-0.8340450082856452,0.24479184506568813,-0.022896991279844476,1.0588785797990874,0.48
-0.5455962771824031,0.8047836390285028,-0.1464597543788288,-0.5248903097120935,-1.0369581095243985,-0.8620231706667558,-1.4641894538126423,0.3431224366152219,-1.7142719642574815,0.9173154208716118,-0.9287078419016763,0.3560552291419388,0.41243770711861083,0.11829583763899142,1.2700841096151432,1.5043602722593994,-0.16843146895777614,-1.3910980294205484,-0.11397028831219001,-1.0901296356793746,0.8704009199774565,0.704
-0.5421321738352133,-1.1308506161721326,-0.1464597543788288,-0.625802155388721,-1.094323342747567,-0.24665086277936307,-0.38479045682085905,0.22091216869796002,-0.5106619688810364,-0.840352980471469,0.13951953916162776,0.08429782203781183,-0.47282899173885035,0.9660920940101677,1.0575054159670159,0.4414424268464068,-0.884098777770461,-0.3269165503656628,-1.1401355080474436,-1.1192359805266348,0.8537705382284891,1.222
-0.5386680704880233,0.06678261865100246,-0.1464597543788288,-0.8541815956042481,-0.578036243739053,-0.6776950600092421,-0.21076970349320825,0.9883926512183677,-1.247704044701444,0.6595240553412934,-1.437387547169916,0.051156674829991484,0.43389871800000385,1.3213590966799937,-0.23840700492637418,1.029294096978352,-0.7592730843728996,-0.10094221160338962,-0.9396507864539234,-1.1337891529502646,1.5577900322681095,1.056
-0.5352039671408335,-1.007850446109216,-0.1464597543788288,0.19211490956921026,-0.550863238528079,0.4140945185006485,-0.4482845154674348,0.6755343653501757,-0.5985660696669567,-0.7778581039792705,-0.4708961071602602,0.5814150301551173,1.6625415909597527,-0.01896641339253223,-0.3201680409448847,0.9780279629552168,-1.0338896098475345,-0.20341894662349028,0.7196240804187616,0.6950595149525667,-0.22720427545439256,0.462
-0.5317398637936437,-0.923692435013536,-0.1464597543788288,1.164055317928311,0.8560945868401504,1.049317545997311,1.0638147330417498,0.7390837046671518,-0.27399708214971263,-0.1372856199342367,-0.7252359597943802,0.1704648047781448,-0.5372120243830294,0.14251858782102503,0.24807115938376223,-0.9495786763146483,0.11450676941002955,1.585982503342876,0.4769320490160793,0.5640809631398971,-0.7427461096723823,0.514
-0.5282757604464539,-2.037167658740992,-0.1464597543788288,-0.6337688800474024,0.17978867936700982,0.1560351635801285,0.9768043563779244,1.1643754370192256,-0.11171258839109063,-2.0824386507539128,-1.8499833081097112,0.647697324570758,-0.8698576930446206,1.725071599713887,-0.23840700492637418,-1.24350451138062,-0.6178039651889968,0.8318588379385486,-2.2744569591686745,0.4864640435472041,1.9458322730773487,1.643
-0.5248116570992639,0.9277838090914188,-0.1464597543788288,-0.9869603399156002,-0.7048436013902663,-1.335604624202214,-0.6599313776226858,-0.7861004389402815,-0.11171258839109063,0.22205991989590412,1.2133989169501347,-0.3067677150144684,0.5572995305680137,1.1033543450416912,0.7100210128883464,1.1386618495610394,1.3377985647061308,-0.48982828296171804,-0.6600273589682243,-2.011830555842605,0.15529450477185788,0.892
-0.5213475537520741,0.5069937536130202,-0.1464597543788288,-0.9391599919635139,0.004673756896286569,-0.49903858352580505,0.017338581274117148,0.5728777402996759,-1.1057051126626496,1.0344933142944839,0.11125955553561455,0.10418251036250407,-0.8483966821632275,0.3201520891559383,0.804046204309634,0.06207303507521078,0.4307318593505183,0.5480771101905785,-0.5624229550345371,0.15174107780371504,-0.7815503337533063,0.391
-0.5178834504048843,-0.09505971037915112,-0.1464597543788288,-0.13186522655048963,-0.4451904404854004,-0.3572477291738718,-0.14492401304490882,-0.4292464566218757,0.7470428577482834,-0.5122548788874272,-0.1939482676253296,0.7736336839604754,-1.0147195164940228,0.013330586850179267,0.13360570895784746,0.7285327773759614,-0.3598308655007034,-0.10882503737416686,-0.9581164844954315,0.2972728020400146,0.4102936915893581,0.975
-0.5144193470576943,-0.6129551632756419,-0.1464597543788288,1.5278690773414172,0.44548028587431504,1.7696150861051345,0.4500388327915204,-0.7518815639234475,1.3150385859034597,-0.3482058280954062,0.9986230413924333,1.0387628616230382,0.06906153301632263,0.5704538410369522,-0.11167739909768418,-0.9017302845597218,-0.5012999846846063,0.5980016734054994,1.0889380412489302,2.300759539026405,-1.097527586983687,0.055
-0.5109552437105045,-1.0466926050764527,-0.1464597543788288,0.5081283210302288,0.8198639132255179,0.8082730935990237,0.595840004498472,1.7656499551721552,-1.0718958431296035,-1.7621524087313958,0.41081538197135586,1.1315580738049353,-0.09726130131447264,-0.0028179132711764806,-0.0340044148800987,-0.6283109031030031,-0.20171832053045918,-0.3032680730533311,0.12872174309049228,0.24876222729458136,0.5655105879130541,0.764
-0.5074911403633147,0.5717306852250816,-0.1464597543788288,1.1879554919043542,0.5602107523206508,1.083347351041775,0.5793785818863977,-0.1554954564872078,1.321800439810069,-0.035731445634414195,0.10560755881041188,0.9260829611164489,0.6967961012970683,-0.826391419460319,-1.0069607435003733,-0.29337216081852346,-0.33486572682119115,0.05145908663163084,1.273595021664014,0.9909740208997092,-0.6263334374296105,0.243
-0.5040270370161247,-0.23748095992568555,-0.1464597543788288,1.488035454048011,0.9708250532864862,1.400958864790107,0.565268791076047,-0.1261649921870659,0.2060945452195434,-0.012295866949839761,-0.3691601661066123,0.7272360778695268,3.304308923386317,-0.939430920309809,-0.22614284952359895,-0.44375282061971877,0.022967927585151388,0.571725587502909,2.1071893903949657,1.2723353544232217,-2.123067794836677,-0.415
-0.5005629336689349,1.16083676289484,-0.1464597543788288,0.008880242419543884,-1.4505916332914515,-0.45082969304614784,-1.5935292029075177,-1.1282891891086153,-0.15904556573735537,2.2218959676462537,0.27516746056649183,1.4563413164415748,2.2312583793166674,1.3617303469833832,0.8653669813235173,1.220687663998055,-0.33486572682119115,-0.5239871946350868,1.1496110490996005,0.2148048249727781,-0.5764422921827081,-0.003
-0.49709883032174507,0.4681515946457834,-0.1464597543788288,-0.18232114938880395,-0.11005670955005045,-0.6975457796185118,-0.25780233952770965,1.3696886871202254,-1.4302741001798938,1.2532253820171781,0.28647145401689716,-1.9505686165223584,-0.2045663557214377,0.28785508891322675,0.14995791616154958,-0.2113463463815079,1.1796860197358863,0.1539358216517315,-0.193108994204369,-0.8815341642740119,-0.6041595950976539,0.75
-0.4936347269745552,-0.5417445385023743,-0.1464597543788288,0.1044809383237178,1.1036708565401387,0.4424526893710346,1.000320674395174,1.8047572409056793,-0.8284691024916704,0.22987177945742893,0.17908351623804647,-0.048266766793469605,-1.0415457800957646,1.0791315948596576,-1.1623067119355424,-0.9837560989967373,-0.33486572682119115,0.9290803557781308,-1.490983770836103,0.3215280894127312,0.9369224469733263,1.054
-0.49017062362736535,-0.25042834624809784,-0.1464597543788288,1.9607277837964259,0.49680707349504416,1.9511073796756098,0.9156619295330745,-0.1359418136204458,-0.15228371183074613,-0.1372856199342367,1.0777509955452707,-0.5652686632354672,-0.5050205080609399,0.4331915900054283,-1.0519293133105545,-1.004262552605992,-2.3903288114343675,1.299573167004647,1.711495860934071,0.9861229634251659,-2.128611255419666,0.073
-0.48670652028017547,-0.18569141463603642,-0.1464597543788288,-2.4209707784782077,-0.6867282645829492,-1.6900817600820484,-1.012676147881439,-2.697469029166265,1.4840849335686903,-1.2621933967938084,-1.6578154194528203,-1.1021552480021573,-0.4460027281371091,0.8126813428572881,0.8776311367262926,0.42777145777357084,1.5125545354627163,-0.5108491516837899,-2.0502306258075014,-1.842043544233589,2.106592629984034,1.271
-0.4832424169329856,1.5039425004387648,-0.1464597543788288,0.03012484150936031,-2.3020124632353154,-0.5954563644851195,-2.1391077809077217,-1.3140487963428553,-0.5782805079471289,0.40954454937249957,1.8068585730964146,-0.33328063278072473,2.478060004452687,-1.7468559263775958,2.6232292557214913,0.9438505402731278,-0.08521434002606852,-2.5235973318221694,1.8091002648677583,0.30212385951455795,-1.175136035145535,0.058
-0.47977831358579576,-1.1632190819781634,-0.1464597543788288,2.3564084418442564,1.444843033077928,2.606181126781544,1.0285402560158743,0.7635257582506059,-0.6999938782660954,2.0422231977311833,-0.32959618903019355,2.1125360311564183,0.6860655958563717,-0.16430291448473375,-0.1975264869171198,-1.773254562953012,-0.018640636880702423,1.3100836013656831,1.334268029514685,1.932079170961113,-0.06644391854770747,0.099
-0.4763142102386059,1.3938897166982611,-0.1464597543788288,-0.46646766221509894,-1.2966112704292656,-1.1938137698502806,-1.184345269407364,-1.758894171561689,1.213610777304321,-0.23883979423405927,1.1964429267745267,-0.20071604394944328,1.7269246236039317,-0.398456166244392,0.7836059453050068,1.2719537980211901,0.17275875966222487,-1.2465795569563052,0.6853306411988176,-0.49830062378508977,-1.297092167971296,0.076
-0.47285010689141604,1.0184155133483048,-0.1464597543788288,-0.9179153928736974,0.3216921510243209,-0.6862025112703571,-0.050858740975908104,-0.9034222961408535,1.5652271804480011,-1.2387578181092338,0.7668911756591239,-1.718580586067616,-2.9301147376583487,-0.826391419460319,-0.8475267232642774,0.5952408289158106,1.8953533285485713,0.582236021863945,-1.2535676531595665,0.04986887083830531,-0.897963005996078,0.808
-0.46938600354422616,-0.1080070967015627,-0.1464597543788288,1.3924347581438372,1.6380732923559682,1.3385708888752568,0.9862108835848244,-0.5319030816723757,0.7267572960284556,-0.027919586072889382,-0.5048080875114762,2.6096532392737237,0.6967961012970683,-0.6164609178826944,-1.6242565654401266,-0.23185279999076255,1.695632219112473,1.1734479546722159,0.5507948411821131,1.9660365732829164,-0.11633506379460974,0.469
-0.46592190019703633,1.743469147403393,-0.1464597543788288,-0.7506141750413927,-1.8008214782329006,-0.5132176689609981,-1.8757250191145196,-0.5710103674058996,0.32104606163190064,-0.06697888388051343,-0.7026279728935695,0.16383657533658072,-0.5694035407051189,-0.4469016666084592,1.39272566364291,1.8290457877392532,-0.8008816488387533,-1.7642184492373247,0.709072252966471,-0.1635776580416007,-0.11633506379460974,0.35
-0.46245779684984645,-0.9366398213359484,-0.1464597543788288,-0.6762580782270352,-0.36970987045491627,-0.3714268146090649,-0.3800871932174095,-1.8811044394789531,1.4164663945025977,1.6438183600934186,-1.6408594292772123,-1.711952356626052,1.1045553080435349,-2.174791179593523,1.1924111253975578,0.19878272580357012,0.954999771620276,-0.8629487027784942,-0.09022867654453601,0.19540059507460494,0.23844641351669502,0.804
-0.45899369350265656,-1.234429706751431,-0.1464597543788288,0.6223180411379923,-0.4753826684975948,1.7072271101902843,0.34421540171389486,0.294238329448318,-0.6458990470132214,1.1360474885943064,-1.3526075962918764,-0.5984098104432877,-0.4781942444591986,0.885349593403389,0.07637298374489099,-0.9154012536325578,-1.9076694636304639,0.17758429896406205,0.6061919353066386,1.4178670786595213,-0.12187852437759888,0.681
-0.45552959015546673,-0.8136396512730323,-0.1464597543788288,-0.5647239330054996,0.09826966373408762,-0.12187491094966126,0.045558162894818406,0.48977475811593796,-0.5377093845074734,-0.21540421554948483,0.7951511592851372,0.6874667012201423,0.4446292234407004,0.3928203397020389,-0.4223693359680243,0.12359239590297172,0.2809410272734448,-0.0720385171105405,0.046945080335240925,-0.5516622560050662,0.7761620900666412,0.566
-0.45206548680827685,-1.6681671485522425,-0.1464597543788288,0.4151832000122827,0.12242344614384129,0.5161839336340409,0.3489186653173444,0.5728777402996759,0.6253294874293169,-1.3246882732860068,0.39385939179574786,1.4298283986753186,1.2708781423743307,-2.0052319283192874,0.8817191885272194,-0.9495786763146483,0.23101074991442022,-0.040507214027433874,0.5270532294144596,-0.04230122117801777,0.07214259602702076,0.382
-0.448601383461087,-0.2310072667644794,-0.1464597543788288,3.1849478063470964,0.40623038945846346,2.560808053388925,0.48531330981739695,1.0226115262352018,-1.4167503923666753,1.4485218710552985,1.495998753210268,1.1381863032464994,2.5639040479782587,0.28785508891322675,0.0068761031291574804,-1.5203416351055474,-1.7412352057670486,0.7871894919041462,3.249424712105415,0.607740480410787,-1.8680686080191768,-0.466
-0.44513728011389714,1.283836932957756,-0.1464597543788288,-0.26729954574806963,-0.125152823556147,-0.34874027791275547,-0.5893824235709368,0.38711813306543585,-0.8217072485850612,0.1986243412113301,-0.3635081693814096,-2.47419874240592,-0.4460027281371091,1.2971363464979602,1.1678828145920055,0.0723262618798366,0.32254959173929837,-0.3085232902338496,0.012651641115296397,-1.1822997276956977,0.4657282974192495,0.6
-0.44167317676670725,-0.11448078986276883,-0.1464597543788288,0.343482678084152,0.8591138096413695,0.7373776664230571,0.20076586180866904,0.17202806153105613,-0.4024723063752884,0.8391968252563636,-0.21655625452614027,0.9260829611164489,0.1173488074994569,0.11829583763899142,-0.16891012431064065,-0.2113463463815079,0.9633214845134468,-0.04839003979820995,0.068048735239822,0.07897521568556524,0.17746834710381446,0.514
-0.4382090734195174,1.0313628996707171,-0.1464597543788288,-2.904285407771532,-2.4408967120914076,-2.5691850570640375,-2.529478659994073,-0.7323279210566855,-1.619606009564952,0.9251272804331366,0.8064551527355426,-2.215697794184921,0.10125304933841214,-0.7295004187321845,2.521027960698354,2.17423775682836,0.1228284823032003,-2.631329284022789,-0.7022346687773864,-3.166382234783916,-0.07198737913069661,0.719
-0.43474497007232754,-0.03032277876708969,-0.1464597543788288,0.2930267552458377,-0.7833433942219693,0.2212589565820184,-0.6128987415881866,-1.4215938321100452,1.3150385859034597,-0.035731445634414195,0.26386346711608655,1.111673385480243,0.4285334652796556,-0.9475051703704869,0.4851781638374437,1.3573973547264144,-1.125428451672413,-0.5003387173227551,0.7934868725847953,1.3305480441177415,-0.9423106906599912,0.262
-0.4312808667251377,-0.17921772147483025,-0.1464597543788288,-0.9869603399156002,-0.09194137274273352,-1.0860527205428103,0.46885188720532056,2.264267848274586,-2.0456028056813347,-0.2857109516032077,0.020827607932371792,-1.526361932262258,-0.8859534512056653,0.69156759194712,0.21127869317543294,-0.515525408252107,-1.5082272447582676,0.8449968808898433,-1.150687335499734,-1.3908951991010603,-0.12742198496058801,1.281
-0.42781676337794783,0.27394079980959907,-0.1464597543788288,1.2331002649702139,-0.5659593525341755,1.1769293149140525,0.05966795370516903,0.6070966153165099,-0.9704680345304647,2.0656587764157575,0.21864749331446517,0.5946714890382454,-0.01678251050924883,1.4182500974081282,0.14995791616154958,0.37650532375043727,-0.884098777770461,0.3588892916919316,1.2709570648009416,0.6416978827325903,-0.7815503337533063,0.083
-0.424352660030758,1.1673104560560454,-0.1464597543788288,-1.7623882066938996,-1.5019184209121819,-1.8857531390877167,-1.85220870109727,-0.4194696351884936,-0.34161562121580513,-2.160557246369161,0.24125548021527585,-1.5595030794700784,0.13344456566050167,0.69156759194712,1.3232287830271745,1.3608150969946229,-1.1670370161382666,-1.0022119580622202,-0.5360433864038108,-2.0651921880625816,-0.5819857527656973,0.924
-0.4208885566835681,1.16083676289484,-0.1464597543788288,-3.052997601400247,-1.8763020482633834,-2.898139839160524,-2.407193806304373,-1.1722848855588315,-0.13876000401752764,-1.6059152175008997,-1.3695635864674842,0.6211844068045017,1.6786373491207975,-0.07548616381727735,1.5071911140688248,2.3143651898249282,0.5555575527480797,-2.7154127589110764,-1.5516567786867737,-2.2883408318915746,1.3914862147784353,1.139
-0.41742445333637823,-1.4286405015876151,-0.1464597543788288,-0.07875372882594858,1.5203236031084122,0.3346916400635655,1.4729986665419024,0.8368519190009617,-0.09142702667126287,-0.39507698546455505,0.8742791134379745,-0.21397250283257144,-1.9750997534363595,-0.26926816527354613,-0.48369011298190584,-1.192238377357485,1.695632219112473,1.8566261881395516,-1.5490188218237013,-0.6486834054959326,0.28279409818060813,0.849
-0.4139603499891884,0.31278295877683593,-0.1464597543788288,-1.0958389102509092,-0.14930660596590203,-1.4462014905967226,-0.2319343897087342,0.059594615047174115,0.16552342177988788,-0.3091465302877821,-1.7256393801552523,0.25000355807691366,0.06906153301632263,-0.4469016666084592,0.30530388459672053,0.21928917941282325,0.08954163073051725,-1.0048395666524799,-1.3854654963131976,-0.6147260031741294,1.9846364971582728,1.081
-0.4104962466419985,0.5652569920638748,-0.1464597543788288,-0.22746592245466354,-1.9427249498902104,-0.1502330818200474,-2.4448199151319736,-1.5340272785939273,1.0445644296390897,1.221977943771079,0.9307990806900013,0.5350174240641687,2.6336523333427855,-0.5437926673365936,2.373858095865035,1.8324635300074619,0.8218523653295439,-2.5367353747734667,1.218197927539489,-0.30425832480335696,-1.3303529314692308,0.187
-0.4070321432948087,-0.8395344239178569,-0.1464597543788288,-0.10796505257444645,1.296901115818179,0.4197661526747252,1.0732212602486497,2.1664996339407763,-1.6263678634715613,-0.027919586072889382,-1.799115337582887,-0.7044614815083129,-1.3849219541980529,2.4033086048108276,-1.3626212501808947,-1.0931238515794248,0.9133912071544222,1.3232216443169778,-1.4883458139730306,-1.6285970153536833,1.7795284555876751,1.079
-0.4035680399476188,2.7339442010679305,-0.1464597543788288,-3.1884319205978247,-3.9535273355023155,-3.326348219303365,-4.33788351552061,-1.1918385284255935,-0.4971382610678179,-0.5435023171335264,-1.5899914587503883,-1.3341432784568998,1.5498712838324393,0.7400130923111873,3.5103364965223305,4.156528272389569,1.0798254650178372,-3.84265684413218,-0.25905791578118453,-2.991744165700356,0.5655105879130541,0.632
-0.4001039366004289,-1.2214823204290186,-0.1464597543788288,-0.054853554849905395,0.28546147740968836,0.7685716543804828,0.5840818454898472,0.7830794011173678,-0.7338031477991409,-0.2700872324801581,0.6821112247810839,0.4090810646744514,-0.7089001114341729,1.854259600684733,0.7876939971059319,0.024477870124911583,-0.850811926197778,0.6269053678983474,-0.33028275108414534,0.26816645719275467,-0.22720427545439256,0.981
-0.3966398332532391,-0.8654291965626815,-0.1464597543788288,0.25319313195243276,-0.49349800530491045,0.008572675054117278,-0.6223052687950855,-1.4118170106766652,0.4765687014839134,1.0423051738560087,-0.3409001824805989,2.331267602728033,0.8845799465092565,0.69156759194712,0.8531028259207403,0.04840206600237485,-0.0019972110943608998,-1.3070145545322633,0.6642269862942366,1.0249314232215125,0.027794911363107633,0.479
-0.3931757299060492,-0.21805988044206712,-0.1464597543788288,-0.25667724620316146,1.064420960124287,-0.3770984487831416,1.0238369924124247,0.8172982761341997,-0.8622783720247167,-0.9419071547712913,-0.4143761399082335,1.4364566281168827,-1.5727057994102411,1.0064633443135567,-2.3928103040141258,-0.16008021235837275,1.6040933772875947,1.2391381694286903,-1.7758831120479472,0.04016675588921866,1.2196389367057718,1.036
-0.3897116265588594,-0.5741130043084051,-0.1464597543788288,0.21070393377279992,0.8560945868401504,-0.1388898134718927,0.868629293498573,-0.2728173136877798,0.8890417897870777,1.261037241578703,-1.3808675799178896,0.10418251036250407,0.4285334652796556,0.5139340906122071,-1.1418664529309153,-0.7205899443446461,-0.7343079456933874,0.5638427617321329,-0.33028275108414534,-0.11991814077071088,0.4601848368362604,0.996
-0.3862475232116695,0.6817834689655854,-0.1464597543788288,-1.2206509299035808,-1.3660533948573104,-0.8563515364926778,-1.5159253534505912,-0.8447613675405675,0.6388531952425355,-1.2621933967938084,-0.08656032984647882,-0.25374187948195587,0.8577536829075153,0.5058598405515291,2.4842354944900245,0.9130908598592458,0.4889838496027136,-1.8115154038619858,-0.5518711275822465,-1.0658743483066582,1.1087697250459896,0.67
-0.38278341986447967,-0.27632311889292244,-0.1464597543788288,1.7535929426707164,0.1465772285535963,0.8593178011657205,0.7322346489985225,1.0959376869855575,0.706471734308628,-0.42632442371065427,2.0555464290053322,0.15720834589501664,1.7054636127225387,-0.06741191375659948,-0.4673379057782037,-0.27286570720927034,-1.7911654831260733,0.7477753630502612,2.4290201276898267,1.063739883017859,-2.034372425508851,-0.302
-0.3793193165172898,0.28688818613201134,-0.1464597543788288,-0.827625846741977,-1.0158235499158639,-0.7259039504888992,-0.25309907592425807,-0.20926797437080383,-0.686470170452877,0.21424806033437974,0.8516711265371638,-1.1087834774437213,-0.8215704185614863,0.7642358424932209,0.15404596796247466,0.3218214474590935,-0.9090639164499733,0.13028734433940092,-0.4991119903207939,-0.8475767619522087,-0.08861776087966403,0.908
-0.3758552131700999,1.4456792619879102,-0.1464597543788288,-0.33368891790374566,-0.5870939121427114,-0.30053138743309826,-0.14492401304490882,-0.46835374235539967,0.3142842077252914,1.6281946409703691,1.9312025010508735,0.7471207661942191,1.3942789549423407,-1.310846423100991,-1.2277155407503508,0.1509343340486436,-1.0255678969543638,0.19597755909587522,0.6009160215804934,-0.7748108998340589,-1.2915487073883067,0.638
-0.37239110982291007,1.4521529551491157,-0.1464597543788288,-2.3811371551848017,-1.1849000267841463,-2.291274982534248,-1.6852428431747926,-0.3168130101379937,-0.18609298136379238,-1.074708767317213,-1.3299996093910658,-0.10792083176754626,0.15490557654189469,1.0306860944955902,1.409077870846612,1.7333490042294017,1.4709459709968629,-1.819398229632763,-1.862935688529344,-1.6140438429300532,1.380399293612457,1.047
-0.3689270064757202,-0.7747974923057954,-0.1464597543788288,0.277093305928476,0.5632299751218711,0.008572675054117278,0.9768043563779244,0.0009336864468881396,0.18580898349971564,-0.7231750870485968,0.8799311101631772,-1.2744892134828232,-1.3044431633928284,-0.2611939152128682,-1.2849482659633091,-0.8983125422915131,0.2975844530597863,1.183958389033252,-0.46481855110084996,-0.45464110651419987,-1.1307883504816219,0.61
-0.36546290312853036,-0.6129551632756419,-0.1464597543788288,-1.3481185244424794,0.13148111454749978,-0.751426304272247,0.363028456127695,-0.9474179925910674,1.0445644296390897,-2.301170718476607,1.1399229595225,-1.917427469314538,-0.27967989380631325,-2.1263456792294555,-0.7902939980513208,-0.4847657278382266,0.5555575527480797,0.7556581888210384,-0.813028857026437,0.7726764345452599,-1.984481280261949,0.481
-0.3619987997813405,-0.3799022094722207,-0.1464597543788288,-0.840903721173112,-0.6625744821731943,-0.4139640709146454,-0.5658661055536851,-0.023508367136563808,-0.4700908454413809,-1.2778171159168579,-1.816071327758495,0.5747868007135531,0.8255621665854258,0.6431220915830528,1.0207129497586864,-0.016535037093596217,-0.3515091526075327,-0.5660289320792306,-0.5307674726776656,-0.34791784207424686,0.7595317083176737,0.88
-0.3585346964341506,-0.03679647192829583,-0.1464597543788288,0.06730288991653846,0.7413641203938134,0.10499045601343295,0.899200506920998,1.7412079015887032,-0.6188516313867845,0.3626733920033507,0.01517561120716912,0.06441313371311964,0.058331027575626714,1.4666955977721956,-0.5981555634078206,-0.5018544391792711,0.2975844530597863,1.2601590381507621,-0.38304188834559805,0.17114530770188832,0.3714894675084341,0.791
-0.35507059308696076,-0.2439546530868917,-0.1464597543788288,1.5491136764312337,-0.7622088346134347,1.7469285494088251,-0.08613321800178259,-0.3803623494549718,0.6050439257094892,-1.0981443460017875,2.389014235792289,0.15058011645345257,2.1829711048335327,-1.375440423586414,-0.11167739909768418,0.4380246845781982,-0.4596914202187525,-0.3426822019072161,3.133354610130219,1.0734419979669456,-3.0654560939448308,-0.61
-0.3516064897397709,-0.9107450486911245,-0.1464597543788288,0.1044809383237178,0.394153498253586,0.18155751736347756,1.2166708001538755,-1.5780229750441412,1.6260838656074852,-0.23883979423405927,0.9816670512168253,-1.5064772439375655,-1.7497591391817329,-2.957993435479276,0.19492648597173085,-1.6604690681021153,0.2975844530597863,0.7031060170158587,-0.5571470413083919,0.593187307987157,-0.975571454157926,0.713
-0.34814238639258105,-0.5676393111471989,-0.1464597543788288,-0.19294344893371215,-0.5689785753353945,0.2751394812357536,-0.2860219211484088,0.31868038303177,-0.34161562121580513,-0.02010772651136457,0.39951138852095053,0.8134030606098598,-1.1327550763416843,0.6108250913403415,0.6773165984809422,-0.35147377937807583,1.3794071291719845,-0.26122633560918734,-0.2775236138226927,0.665953170105307,-0.4378557776079796,0.648
-0.34467828304539117,0.4422568220009588,-0.1464597543788288,0.25319313195243276,-0.16742194277321762,0.22693059075609515,-0.739886858881338,-1.538915689310617,0.2466656686591989,0.8860679826255126,-0.5500240613130977,0.33617054081724657,0.4392639707203521,1.1679483455271142,0.41159323142078336,0.7080263237667083,0.16443704676905413,-0.49771110873249524,0.5613466686344035,1.3887607338122614,-0.2604650389523274,0.401
-0.34121417969820134,-0.256902039409304,-0.1464597543788288,-0.11062062746067322,-0.40292132126832975,0.08513973640416189,0.605246531705371,3.3006109202129705,-2.904358251820709,-0.16853305818033595,-0.5895880383895163,0.0047590687390429804,-0.6713433423917351,1.4182500974081282,-0.3160799891439596,-0.32413184123240396,-0.917385629343144,0.7976999262651822,-0.29335135500112847,-0.8427257044776654,1.385942754195446,0.845
-0.33775007635101145,0.8112573321897082,-0.1464597543788288,-0.054853554849905395,0.18582712496944923,-0.7230681334018609,0.24309523423971885,-0.5905640102726616,-0.03733219541838888,0.003327852173209859,1.0381870184688518,-1.6721829799766674,-0.5640382879847706,-0.1804514146060895,0.1990145377726559,-0.31387861442777815,0.46401871092320135,0.2485297309010549,-0.5624229550345371,0.18084742265097498,-0.32698656594819714,0.855
-0.33428597300382157,-0.09505971037915112,-0.1464597543788288,1.1507774434971763,0.7021142239779619,1.4576752065308805,0.8098384984554489,-0.21904479580418373,0.7132335882152372,0.39392083024944996,-0.27307622177816687,-0.43270407440418585,-0.6981696059934764,-0.7779459190962518,-1.1663947637364693,-0.799198016513453,-0.4347262815392402,0.3299855971990825,0.4611043078376435,0.7387190322234567,-0.4323123170249905,0.419
-0.33082186965663174,-0.7618501059833832,-0.1464597543788288,0.5399952196649533,1.013094172503558,0.8848401549490683,1.009727201602074,1.6874353837051073,-0.6188516313867845,-0.1294737603727119,0.3373394245437212,-1.002731806378696,-1.7443938864613853,-0.333862165758969,-1.1950111263429466,-0.747931882490318,-0.576195400723143,0.45348320094125505,0.19730862153038073,-0.22664140521066387,-0.5099207651868385,0.601
-0.32735776630944186,1.2191000013456945,-0.1464597543788288,-1.5180753171610109,-1.3479380580499933,-1.593663979122734,-1.7699015880368942,-0.6638901710230196,-0.31456820558936816,-0.9028478569636672,-0.3182921955797882,-1.9505686165223584,0.6377783213732375,0.8530525931606775,1.0002726907540593,1.7094248083519386,-0.5096216975777771,-2.019096482492447,-0.1614535118474974,-1.6480012452518564,0.5544236667470758,0.723
-0.323893662962252,0.09915108445703318,-0.1464597543788288,-0.36290024165224355,-0.36669064765369724,0.15319934649309014,-0.19195664907940813,1.4136843835704416,-1.3626555611138012,0.011139711734734669,1.4733907663094572,-0.33990886222228883,0.3587851799151283,0.5543053409155964,0.06410882834211395,-0.23527054225897115,-0.6427691038685092,-0.03525199684691532,0.049583037198313265,-0.4740453364123732,-0.28818234186727315,0.657
-0.32042955961506214,-0.03679647192829583,-0.1464597543788288,0.2744377310422492,0.022789093703602166,0.19006496862459263,-0.12375932682938287,1.6581049194049653,-1.5317019087790325,-0.2622753729186337,0.22429949003966784,-0.3067677150144684,-0.19920110300108945,1.6927745994711756,0.8980713957309215,-0.26603022267285165,-2.1323557117460745,-0.886597180090826,0.40043129998697324,-1.0416190609339415,0.5100759820831626,0.798
-0.31696545626787226,1.9117851695947525,-0.1464597543788288,-0.4797455366462339,-0.7471127206073381,-0.8535157194056394,-0.8010292857261879,-0.1457186350538279,-1.3220844376741456,1.2922846798248022,-0.052648349495262786,0.8995700433501926,-0.5264815189423329,1.4747698478328735,-0.7003568584309583,0.9985344165644715,0.031289640478322146,-1.1178267360336165,0.20522249211959834,-0.008343818856214505,0.48790213975120605,0.648
-0.31350135292068243,-0.39932328895583913,-0.1464597543788288,0.7869636840840701,1.040267177714532,1.3130485350919077,0.9462331429554994,0.31379197231508005,0.2872367920988544,0.5735936001645205,0.5634192935518278,0.8995700433501926,0.30513265271164575,-0.640683668064728,0.15404596796247466,-1.1683141814800233,0.8634609297953977,0.7898171004944049,0.7908489157217223,1.2626332394741349,-0.892419545413089,0.213
-0.31003724957349255,-1.059639991398865,-0.1464597543788288,-0.5355126092570017,0.6719219959657687,-0.3345611924775624,0.5535106320674222,1.2083711334694396,-0.8825639337445444,-0.5513141766950512,0.6086352673534492,-1.1883222307424903,-0.3494281791708405,-0.07548616381727735,0.37480076521245403,-0.34122055257345,-0.33486572682119115,0.6137673249470528,-0.5360433864038108,-0.7651087848849722,-1.01437567823885,0.475
-0.3065731462263027,-0.25042834624809784,-0.1464597543788288,-0.8860484942389728,-1.4807838613036473,-0.2750090336497492,-1.3936404997608913,0.08403666863062606,-0.5444712384140826,2.003163899923559,1.0381870184688518,-0.18083135562475108,0.33195891631338703,0.021404836910857143,1.0125368461568363,1.5180312413322354,-0.3265440139280204,-1.2649728170881196,0.6378474176635103,0.7726764345452599,-1.097527586983687,0.388
-0.30310904287911283,-0.03032277876708969,-0.1464597543788288,-1.5154197422747828,-1.616648887358519,-0.7287397675759376,-1.184345269407364,-2.9761084400176223,2.6538856594120896,0.13612946471913162,-0.7308879565195828,1.1713274504543196,-1.6746456010968573,-2.021380428440643,1.0615934677679408,0.3081504783862576,-0.3681525783938742,-1.4620434613575413,-1.1717909904043151,0.7823785494943466,0.005621069031151067,0.906
-0.299644939531923,-0.2310072667644794,-0.1464597543788288,-1.0958389102509092,0.3307498194279794,-0.3544119120868322,-0.2648572349328829,0.5288820438494619,-1.437035954086503,-0.8794122782790929,0.97036305776642,-0.3929346977548014,-1.4171134705201425,-0.23697116503083462,0.7713417899022298,-0.6146399340301671,1.4459808323173506,0.22750886217898303,-0.9792201394000126,-0.4837474513614598,-0.166226209041512,0.824
-0.2961808361847331,-0.7812711854670016,-0.1464597543788288,-1.0002382143467352,-0.6655937049744146,-0.8081426460130205,-0.8574684489675883,0.377341311632056,-0.03733219541838888,0.6360884766567191,0.18473551296324914,1.0917886971555508,0.32659366359303876,-0.06741191375659948,1.6257446162956646,0.9677747361505895,1.3128334260266183,-0.92338370035445,-0.813028857026437,-0.13447131319434077,0.8149663141475652,0.648
-0.29271673283754324,-0.5482182316635804,-0.1464597543788288,0.6249736160242191,0.6779604415682068,1.0946906193899297,0.617004690713998,0.7733025796839857,-1.3220844376741456,-0.5044430193259024,-1.1491357141845802,0.04452844538842741,-1.1756770981044704,0.8369040930393218,-0.05853272568565096,-0.16008021235837275,-1.2668975708563157,0.463993635302291,0.2342400176133976,0.3118259744636446,-0.2604650389523274,0.495
-0.2892526294903534,-0.1533229488300057,-0.1464597543788288,-0.8223146969695235,-0.6625744821731943,-0.8875455244501036,-0.7963260221227384,-0.16038386720389775,0.0032389280212666276,-0.7231750870485968,0.07734757518439851,-1.1949504601840544,1.2011298570098035,-0.2934909154555797,1.4990150104669728,0.8139763340811856,1.77052763515101,-0.46880741423964617,-0.3909557589348162,0.22935799739640808,0.07768605661000991,0.752
-0.2857885261431635,0.25451972032598064,-0.1464597543788288,0.23194853286261635,-0.2217679531951671,0.17872170027643794,-0.03204568656210796,0.5826545617330557,-0.6526609009198306,-0.7622343848562209,0.37690340162013986,-0.1940878145078792,-0.2152968611621342,0.5543053409155964,0.39115297241615615,0.8618247258361121,-2.30711168250266,0.18021190755432073,1.0071613784936784,-0.6583855204450193,-0.2660084995353166,0.553
-0.2823244227959737,-0.6906394812101156,-0.1464597543788288,-1.7145878587418122,-0.9644967622951334,-0.9187395124075294,-1.0361924658986887,-0.9914136890412836,-0.11171258839109063,-2.0824386507539128,-0.42568013335863886,-2.739327920068483,-0.6659780896713869,0.5462310908549185,1.1719708663929305,0.8310650454222317,-0.24332688499631278,-0.9575426120278189,-1.5173633394668298,-0.4740453364123732,0.3548590857594667,1.104
-0.2788603194487838,-0.2892705052153347,-0.1464597543788288,0.44705009864700734,0.3639612702413915,0.24678131036536619,0.5441041048605211,0.7146416510836998,-0.4295197220017254,-0.1372856199342367,-0.14873229382370823,0.15058011645345257,-0.7571873859173072,0.08599883739628014,0.07637298374489099,-0.4745125010335992,1.4626242581036921,0.34312364015037833,-0.7180624099558222,-0.44493899156511324,0.18301180768680358,0.621
-0.2753962161015939,0.07325631181220861,-0.1464597543788288,-0.6815692279994899,-1.1939576951878048,-0.2891881190849436,-0.7939743903210127,-0.8887570639907815,1.0107551601060434,0.49547500454927246,-0.6800199859927588,-1.1220399363268494,-0.7303611223155659,-1.6499649256494615,1.4376942334530893,0.5234682412834224,-0.8175250746250949,-1.1835169507900898,0.14191152740585514,0.12263473295645509,-0.14405236670955546,0.622
-0.2719321127544041,-0.6971131743713217,-0.1464597543788288,1.0525211727067743,1.0795170741303837,1.5427497191420414,1.202561009343526,0.0009336864468881396,0.11819044443362389,-0.027919586072889382,-0.612196025290327,1.9733432128835728,-0.9449712311294961,0.3443748393379719,-1.0560173651114797,-1.503252923764503,0.48066213670954283,1.0578331767008207,-0.8288565982048728,0.7338679747489133,1.119856646211968,0.679
-0.2684680094072142,1.1478893765724276,-0.1464597543788288,0.016846967078225337,-2.096705312752399,-0.1417256305589323,-1.0785218383297384,0.2502426329981019,-1.5857967400319057,-1.1996985203016097,2.4003182292426946,-0.12780552009223847,-0.0543392795516866,-0.6972034184894731,0.5792033552587295,0.90283763305462,-1.325149561108511,-1.320152597483558,0.822504398078594,-0.837874647003122,-0.3879646323610777,0.475
-0.2650039060600244,0.47462528780698876,-0.1464597543788288,-0.29119971972411285,1.1791514265706229,-0.031128764164423575,0.30423766108457084,1.6923237944217995,-0.9028494954643722,-1.074708767317213,-0.6743679892675561,-0.14106197897536663,-1.6424540847747677,-0.9313566702491312,-0.47551400938005567,0.46878436499207865,2.0368224477324737,0.40355863772633405,-1.3643618414086165,0.3312302043618179,1.2806170031186523,1.044
-0.2615398027128345,0.15741432290788848,-0.1464597543788288,-0.5859685320953161,-0.4180174352744263,-0.48485949809061196,-0.2766153939415098,-0.46835374235539967,-0.20637854308362014,0.3158022346342018,0.8855831068883798,0.6808384717785783,0.26221063094885977,0.38474608964136103,0.39524102421708124,0.46194888045566146,0.19772389834173718,0.3299855971990825,-0.3672141471671622,0.4088471239545109,-0.31035618419922967,0.719
-0.2580756993656447,-0.0626912445731204,-0.1464597543788288,-0.020331081328953997,0.4515187314767545,-0.19844197229970587,0.3254023473000947,-1.4802547607103311,1.4840849335686903,0.3782971111264003,1.512954743385876,1.3966872514674982,-0.8215704185614863,-1.1655099220087892,0.20719064137450788,-0.39932217113300233,0.9050694942612515,-0.06415569133976444,-0.541319300129956,1.563398802895821,0.43246753392131465,0.67
-0.2546115960184548,1.7240480679197738,-0.1464597543788288,-1.4676193943226965,-1.9849940691072823,-1.8857531390877167,-2.1485143081146205,-0.5758987781225896,-1.700748256444263,1.5735116240396954,-1.0191397895049188,-0.3001394855729044,0.2783063891099045,0.8611268432213554,1.515367217670675,2.252845828997167,0.605487830107104,-2.055883002756071,-0.9185471315493423,-1.0852785782048313,1.158660870292892,0.872
-0.2511474926712649,-0.12742817618518112,-0.1464597543788288,0.7789969594253887,1.0674401829255062,1.3385708888752568,0.9227168249382497,0.3235687937484599,-0.6999938782660954,-0.43413628327217907,1.2303549071257425,-1.2015786896256182,-0.07043503771273137,0.6511963416437306,-1.6406087726438288,-1.0623641711655443,0.006324501798809863,1.546568374488991,0.4980357039206604,-0.19268400288886062,-0.7039418855914583,0.247
-0.24768338932407508,-2.0954308971918474,-0.1464597543788288,0.6727739639763066,-0.07986448153785601,1.015287740952847,0.2713148158604201,2.132280758923943,-1.0448484275031664,-0.9262834356482417,-0.8043639139472175,-0.49235813937826256,1.3030696586964203,-0.10778316405998885,1.0288890533605384,-0.6009689649573312,-0.7259862328002167,-0.38472393935135984,0.5085875313729509,-0.7651087848849722,0.36040254634245583,0.553
-0.2442192859768852,0.9018890364465942,-0.1464597543788288,-0.33368891790374566,0.6326720995499158,-0.3714268146090649,0.4265225147742707,-0.45857692092201763,1.5719890343546112,-2.5355265053223515,0.34864341799412657,0.641069095129194,-2.2540928948944687,-1.8679696772877636,-0.5613630971994913,-0.7650205938313624,-0.051927488453385476,0.14079777870043686,-1.1348595943212982,-0.2508966925833805,-0.07753083971368575,0.922
-0.24075518262969534,0.9536785817362434,-0.1464597543788288,0.6435626402278087,0.8259023588279559,0.34319909132468185,0.42181925117082125,-0.06750406358677992,0.11819044443362389,-0.23102793467253444,1.0551430086444598,0.34279877025881067,0.21392335646572547,0.7077160920684757,-0.1607340207087905,-0.48818347010643515,-0.7592730843728996,0.5007801555659174,0.9966095510413878,-0.07625862349982097,-0.9478541512429803,0.308
-0.23729107928250548,-0.710060560693734,-0.1464597543788288,-0.30447759415524783,0.8108062448218595,-0.03396458125146194,1.143770214300401,-0.5710103674058996,0.6929480264954094,-0.356017687656931,0.3203834343681132,-0.5520122043523391,-1.42247872324049,-0.35001066588032476,-0.05035662208380081,-1.079452882506589,-0.2183617463168005,1.084109262603411,-1.1586012060889517,-0.5904707158014127,0.07214259602702076,1.105
-0.23382697593531562,-0.6259025495980541,-0.1464597543788288,-1.3348406500113446,-1.4868223069060853,-0.9215753294945677,-1.033840834096965,-1.3727097249431413,0.6523769030557539,-0.7231750870485968,-2.05910718694221,0.42896575299914363,0.4714554870424416,-0.4307531664871035,1.678889289707696,0.9062553753228285,0.6887049590388117,-0.9680530463888536,-1.4857078571099582,0.2148048249727781,0.9757266710542503,1.166
-0.23036287258812577,0.8112573321897082,-0.1464597543788288,2.202385098443088,0.8077870220206403,1.1258846073473556,0.8897939797140989,-0.4194696351884936,1.1459922382382284,0.307990375072677,0.5916792771778412,0.8995700433501926,-0.9932585056126297,-0.5034214170332042,-1.096897883120734,-0.32071409896419534,0.20604561123490792,0.7504029716405198,1.8407557472246299,1.0588888255433158,-1.0310060599878172,-0.193
-0.2268987692409359,-0.5352708453411682,-0.1464597543788288,0.6515293648864902,0.36999971584383096,0.8678252524268368,0.7040150673778234,0.45066747238241395,0.7808521272813297,0.307990375072677,-1.0700077600317428,0.3229140819341184,-1.4600354922829284,-1.2543266726762459,-0.24658310852822612,-0.8367931814637523,0.45569699803003055,0.04094865227059491,-0.6257339197482803,0.7338679747489133,0.6043148119939781,0.837
-0.22343466589374603,0.7918362527060905,-0.1464597543788288,-0.38414484074206,-1.033938886723178,-0.20978524064786058,-0.9891598298641894,-1.0989587248084733,0.3413316233517284,0.15175318384218126,1.173834939873716,-1.1551810835346699,-0.7357263750359142,0.9983890942528793,0.6405241322726128,0.73195051964417,-1.4832621060787554,-0.26648155278970587,0.9596781549583709,0.30697491698910123,-1.6851344087805356,0.218
-0.21997056254655617,0.5328885262578448,-0.1464597543788288,-0.18232114938880395,0.11034655493896378,-0.42247152217576045,-0.07437505899315776,0.9248433119013918,-1.4437978079931122,1.2922846798248022,-0.6574119990919484,-1.2612327545996949,0.4392639707203521,0.27170658879187104,0.4034171278189332,-0.734260913417482,0.23101074991442022,0.030438217909558973,-0.1456257706690616,-1.3423846243556272,0.6874667207388149,0.595
-0.2165064591993663,1.2255736945069013,-0.1464597543788288,0.016846967078225337,0.9949788356962411,-0.3969491683924127,0.807486866653723,-0.013731545703183898,-0.4024723063752884,-1.9027658808388421,-0.7930599204968122,-1.002731806378696,-0.6284213206289491,0.3120778390952604,-1.2236274889494259,-0.6043867072255413,0.6221312558934455,0.4508555923509963,-0.657389402105152,-1.861447774131762,0.7817055506496302,0.947
-0.21304235585217646,1.1932052287008699,-0.1464597543788288,0.4603279730781423,1.4116315822645147,0.292154383757985,0.9321233521451487,0.3675644901986739,0.15876156787327864,-0.09822632212661267,-0.9117518517260683,0.16383657533658072,-0.05970453227203486,0.8530525931606775,-1.3380929393753407,-0.44375282061971877,0.006324501798809863,0.7766790575431103,0.3265685078209395,0.3215280894127312,-0.2715519601183057,0.49
-0.2095782525049866,0.7529940937388536,-0.1464597543788288,0.07526961457521993,-1.021861995518302,-0.6351578037036616,-0.7539966496916866,-0.9376411711576875,-0.057617757138216624,-0.5903734745026753,-0.3182921955797882,-2.467570512964356,0.6109520577714962,0.8449783430999996,0.06819688014303903,0.7422037464487974,-0.1601097560646054,-0.6028154523428546,0.23951593133954288,-0.9348957964939885,0.22181603176772757,0.546
-0.20611414915779674,-0.9495872076583606,-0.1464597543788288,0.3089602045632006,-1.0822464515426882,0.7600642031193665,-0.02499079115693265,-0.3070361887046138,1.7816065054594972,1.1360474885943064,2.191194350410196,0.08429782203781183,3.59939782300547,-2.263607930260979,0.8735430849253675,-0.16008021235837275,-1.1587153032450959,0.035693435090077524,2.2443631472747425,1.165612089983269,-2.7494788407144495,-0.189
-0.20265004581060686,1.070205058637954,-0.1464597543788288,1.798737715736576,1.0915939653352613,1.386779779354914,1.0896826828607251,0.8172982761341997,0.2872367920988544,-0.3091465302877821,1.3377428449045932,0.01138729818060706,0.7719096393819432,-0.2934909154555797,-1.268596058759607,-0.641981872175839,1.0382169005519832,1.4230707707468198,1.6772024217141266,2.0630577227737827,-2.195132782415536,-0.177
-0.199185942463417,0.578204378386287,-0.1464597543788288,-0.07609815393972182,-0.23686406720126366,-0.3175462899553297,-0.6975574864502861,1.2865857049364875,-1.0718958431296035,-0.20759235598796003,0.054739588283587826,0.5018762768563485,0.9704239900348286,1.038760344556268,-0.7126210138337353,0.7832166536673051,0.5971661172139333,-0.7709824021194296,0.02320346856758693,-1.1920018426447843,0.8205097747305543,0.502
-0.19572183911622715,-0.166270335152418,-0.1464597543788288,-0.08937602837085679,-0.7984395082280686,-0.07650183755704242,-0.7563482814934124,-0.023508367136563808,0.8011376890011574,-0.6294327723102994,0.8403671330867586,-0.24711365004039176,0.05296577485527846,-0.9313566702491312,1.3068765758234724,-0.01995277936180482,-0.010318923987531663,-1.2807384686296717,0.37405173135624686,0.3554854917345345,-0.8369849395831975,0.38
-0.1922577357690373,0.9472048885750379,-0.1464597543788288,-0.11327620234690115,-0.27007551801467716,-0.5670981936147333,-0.5352948921312601,0.11825554364746009,-1.5993204478451242,-1.0903324864402626,1.6938186385923613,-1.3871691139894125,-1.0844678018585507,0.06177608721424652,-0.675828547625406,0.513215014478795,0.3808015819914937,0.035693435090077524,0.14191152740585514,-1.3617888542538004,-1.8569816868531985,0.565
-0.18879363242184743,-0.9819556734643913,-0.1464597543788288,0.15228128627580417,0.6356913223511362,0.13051280979678073,0.6687405903519468,-1.5731345643274512,1.9438909992181193,-1.1450155033709362,-0.32959618903019355,-0.6978332520667488,-0.7410916277562625,-1.4723314243145482,-0.6431241332180019,-0.6453996144440491,-0.3265440139280204,0.4692488524828095,-0.19574695106744136,0.7823785494943466,-0.5764422921827081,0.783
-0.18532952907465755,0.4357831288397519,-0.1464597543788288,-1.2365843792209426,-2.138974431969471,-1.1172467085002362,-2.712905940528625,-0.7861004389402815,-0.7608505634255779,1.0344933142944839,0.01517561120716912,-0.2603701089235199,0.45535972888139686,-1.2381781725548902,2.3942983548696617,2.8201910455198576,-0.07689262713289777,-2.873069274326614,0.6906065549249629,-2.0651921880625816,-0.205030433122436,0.478
-0.1818654257274677,0.30630926561562904,-0.1464597543788288,2.1174067020838225,-0.550863238528079,1.3981230477030686,-0.08378158620005678,-0.21415638508749377,0.3954264546046024,-0.08260260300356305,0.7386311920331106,1.38343079258437,1.6893678545614939,-0.25311966515219037,0.4320334904254105,-0.27286570720927034,-0.08521434002606852,-0.3269165503656628,2.3920887316068096,0.864846526561583,-1.7350255540274377,-0.169
-0.17840132238027784,-1.4869037400384706,-0.1464597543788288,-1.6641319359034978,0.08619277252921011,-1.4121716855522586,-0.20371480808803294,0.6168734367498898,-0.31456820558936816,-2.1996165441767848,-1.6691194129032256,0.051156674829991484,-1.3956524596387494,0.8611268432213554,1.535807476675302,-0.016535037093596217,1.1630425939495446,-0.09305938583261238,-2.64113296313577,-0.21693929026157724,1.7185503891747946,1.445
-0.17493721903308798,2.2548909071386776,-0.1464597543788288,-1.1038056349095906,-1.1486693531695151,-1.7893353581284024,-1.8145825922696697,-1.1869501177089012,0.9093273515069055,0.4251682684955492,-0.7082799696187722,-0.11454906120911035,-0.6552475842306904,-0.761797418974896,0.33800829900412477,2.0751232310503003,0.9799649102997879,-1.67487975716852,-0.07176297850302787,-1.1968529001193278,0.6154017331599563,0.677
-0.17147311568589813,-1.9141674886780753,-0.1464597543788288,0.5346840698924998,1.2002859861791588,0.796929825250869,1.5059215117660532,1.6043324015213694,-1.619606009564952,-0.676303929679448,-0.3013362054041802,-0.2206007322741355,-1.7819506555038225,0.4170430898840725,-0.8761430858707564,-1.3084416144765911,0.6720615332524702,1.840860536597997,-0.3883178020717433,0.7969317219179766,-0.09416122146265317,0.933
-0.16800901233870827,1.089626138121573,-0.1464597543788288,-1.257828978310759,-0.18553727958053456,-1.1654555989798934,-0.40595514303638497,0.279573097298246,0.7470428577482834,0.6048410384106198,-0.7421919499699882,0.2102341814275292,-0.12945281763656216,0.23133533848848165,-0.8352625678615021,0.6567601897435731,0.746956949291007,-0.04839003979820995,-0.6732171432835877,-0.14902448561797074,0.4601848368362604,0.811
-0.16454490899151838,1.61399528417927,-0.1464597543788288,-0.5886241069815428,-1.100361788350005,-0.816650097274137,-0.6716895366313107,0.7781909904006757,-0.24018781261666639,-0.20759235598796003,-0.9060998550008657,-0.27362656780664807,-0.7679178913580037,1.0629830947383019,0.804046204309634,0.4380246845781982,-0.8175250746250949,-0.8813419629103063,-0.5808886530760452,-0.823321474579492,1.2140954761227827,1.057
-0.16108080564432853,-1.3833246494591722,-0.1464597543788288,0.30630462967697386,1.0704594057267252,0.3658856280209913,0.6734438539553963,0.06448302576386407,-0.1996166891770109,-1.0668969077556882,0.18473551296324914,-1.0955270185605932,-1.5941668102916342,-0.22889691497015674,0.26033531478653926,-0.7889447897088256,1.4459808323173506,1.3127112099559417,-0.5624229550345371,-0.3818752443960501,-0.5986161345146648,0.774
-0.15761670229713867,0.6299939236759362,-0.1464597543788288,0.35410497762906024,-0.08288370433907505,0.21275150532090206,-0.02263915935520685,2.049177776740204,-1.085419550942822,0.41735640893402437,0.39385939179574786,0.20360595198596512,0.29440214727094927,0.4897113404301734,0.0722849319439641,0.3218214474590935,-0.8008816488387533,0.0751075639439614,0.40043129998697324,0.26816645719275467,0.44909791567028207,0.629
-0.15415259894994882,0.38399358355010277,-0.1464597543788288,0.6860518384074415,-0.23686406720126366,0.23827385910424984,-0.5023720469071115,-1.788224635861833,1.3826571249695523,0.47985128542622285,3.1972497674962708,-0.538755745469211,1.0723637917214455,-1.3592919234650582,0.10498934635136832,0.13384562270759906,-1.2585758579631448,-0.650112406967518,1.9515499354736803,0.71446374485074,-3.425781031839124,0.017
-0.15068849560275896,0.33867773142166047,-0.1464597543788288,0.4576723981919156,-0.0677875903329785,0.14185607814493545,0.23368870703281983,0.8808476154511756,0.16552342177988788,0.25330735814200334,1.1116629758964867,-0.4724734510535703,0.5519342778476655,0.5300825907335628,-0.8352625678615021,-0.812868985586289,-1.5997660865831458,0.23013647076924174,0.32920646468401243,-0.061705451076191,0.20518565001876016,0.865
-0.1472243922555691,-2.490326180025422,-0.1464597543788288,-0.947126716622194,1.746765313199866,-0.18142706977747317,1.1249571598866008,0.7390837046671518,1.4435138101290348,-0.16072119861881115,-0.48785209733586826,0.25000355807691366,-2.0824048078433246,-1.6015194252853941,0.6527882876753899,-1.017933521678828,1.3544419904924723,0.718871668557412,-2.572546084695882,0.22450693992186474,1.7906153767536535,1.483
-0.14376028890837922,-0.06916493773432655,-0.1464597543788288,1.0498655978205476,0.43340339466943756,0.8281238132082948,0.7910254440416488,-0.5319030816723757,1.0039933061994342,0.8470086848178885,1.3660028285306065,0.3560552291419388,0.30513265271164575,-0.6729806683074395,-0.7412373764402145,-0.23527054225897115,-1.3168278482153402,1.2838075154630926,0.8752635353400466,1.199569492305072,-1.5299175124568396,0.284
-0.14029618556118936,1.0443102859931295,-0.1464597543788288,-1.0639720116161844,-1.909513499076797,-1.0208289275409217,-1.5347384078643913,-0.06750406358677992,-0.30104449777614967,-1.1450155033709362,-0.578284044939111,-0.3863064683132373,0.12271406021980516,-0.6810549183681174,0.6527882876753899,1.8324635300074619,-0.5345868362572892,-1.370077160698479,0.0759626058290396,-1.2647677047629342,-0.09970468204564231,0.696
-0.1368320822139995,0.7788888663836783,-0.1464597543788288,0.23194853286261635,0.6809796643694258,0.059617382620814105,0.4923682052225702,-1.773559403711761,0.25342752256580814,-1.5356084814471764,1.3038308645533774,-0.04163853735190552,-0.274314641085965,-0.8990596700064197,-0.8393506196624272,-0.39248668659658364,0.921712920047593,-0.04839003979820995,-0.013727927515429936,-0.3915773593451367,-1.33589639205222,0.279
-0.13336797886680965,-0.32811266418257157,-0.1464597543788288,0.4019053255811478,-0.6414399225646596,-0.20978524064786058,0.21252402081729388,0.21602375798127005,-0.814945394678452,0.870444263502463,0.3882073950705452,1.9136891479094962,1.168938340687714,1.232542346012537,0.7917820489068569,-0.41299314020583827,-1.6413746510489997,0.0435762608608536,-0.0031761000631394024,-0.7990661872067756,0.10540335952495561,0.737
-0.1299038755196198,0.850099491156945,-0.1464597543788288,-1.5525977906819621,-2.187281996788981,-2.1551557623563915,-2.0779653540628718,-1.5926882071942132,1.267705608557195,0.6360884766567191,0.09430356536000653,-1.3937973434309765,0.9114062101109978,-0.4146046663657477,1.985493174777111,1.6137280248420869,-1.125428451672413,-1.9928203965898554,0.19730862153038073,-2.094298532909842,-0.41013847469303394,0.662
-0.12643977217242994,-0.2633757325705101,-0.1464597543788288,1.355256709736659,-0.013441579911030368,1.5257348166198088,0.35127029711907015,-0.3314782422880657,-0.12523629620430912,0.6751477744643432,0.6821112247810839,0.554902112388861,-0.2260273666028307,0.1263700876996693,-1.1950111263429466,0.09625045775729986,0.10618505651685878,0.5743531960931688,1.4925454412990427,1.0588888255433158,-1.618612881784666,-0.106
-0.12297566882524007,-2.004799192934961,-0.1464597543788288,-0.16638770007144105,1.3603047946437856,0.7543925689452898,1.0802761556538252,-1.1527312426920695,1.2812293163704134,-0.5591260362565761,0.2525594736656812,-1.2148351485087463,-0.8913187039260135,-1.3915889237077694,-1.2072752817457237,-0.7410963979539007,1.1547208810563738,0.5743531960931688,-1.2456537825703482,-0.07140756602527765,0.027794911363107633,0.923
-0.11951156547805021,0.5458359125802571,-0.1464597543788288,0.8453863315810648,0.895344483256002,0.33185582297652716,0.42887414657599654,0.6364270796166518,-0.7067557321727047,0.948562859117711,1.032535021743649,-0.6116662693264158,0.7504486285005502,0.03755333703221289,-0.6063316670096726,-0.4608415319607633,-0.8424902133046072,0.3825377690042622,0.7486416059125608,-0.4061305317687667,-0.3768777111950994,0.45
-0.11604746213086034,-0.35400743682739616,-0.1464597543788288,0.9038089790780593,0.5632299751218711,1.1655860465658978,1.2166708001538755,-0.4976842066555416,0.04381005146092213,0.40954454937249957,-0.24481623815215348,1.734726952987266,-0.5640382879847706,0.40896883982339466,-1.9513007095141688,-0.20792860411329928,-0.7259862328002167,1.4913885940935527,-0.2326783471504582,1.165612089983269,0.5100759820831626,0.599
-0.11258335878367048,-0.056217551411914264,-0.1464597543788288,-0.5487904836881367,-0.20063339358663113,-0.6493368891388547,-0.34010945258808345,-1.0451862069248774,1.0851355530787452,-1.9652607573310406,-0.39176815300742296,-0.05489499623503368,-0.48892474989989515,-0.7940944192176075,0.6037316660642836,-0.5121076659838985,1.0631820392314955,-0.4556693712883515,-0.7233383236819675,-0.10536496834708091,0.3437721645934884,0.85
-0.10911925543648063,0.9536785817362434,-0.1464597543788288,0.48422814705418554,0.7685371256047888,0.09081137057823988,0.8803874525071979,0.9297317226180817,0.3278079155385099,-0.8794122782790929,0.11125955553561455,-0.37967823887167323,0.8899451992296048,0.2474838386098374,-2.560420427852072,0.0005536742474483216,-0.38479600418021576,0.5165458071074707,0.5428809705928954,-0.48859850883600314,-0.24383465720336,0.639
-0.10565515208929076,0.9472048885750379,-0.1464597543788288,-0.7187472764066681,-0.6384206997634405,-0.19844197229970587,-0.507075310510561,-0.6590017603063296,0.4495212858574764,-0.8716004187175682,0.17343151951284377,-0.49235813937826256,-1.0093542637736752,0.336300589277294,-0.4141932323661723,0.8618247258361121,-0.068570914239727,-0.6974093615921791,-0.8288565982048728,0.05957098578739196,0.4934456003341952,0.673
-0.1021910487421009,0.7724151732224713,-0.1464597543788288,-1.340151799783798,-1.5472067629304715,-1.349783709637407,-1.9321641823559201,-0.9914136890412836,0.9228510593201239,-0.8091055422253698,0.3147314376429105,-0.25374187948195587,1.4908535039086086,0.021404836910857143,2.14083914321228,2.0785409733185087,2.311438973207109,-2.2424432126644605,0.43736269606999006,-0.42068370419239665,-0.4378557776079796,0.276
-0.09872694539491104,-1.2150086272678124,-0.1464597543788288,0.7126075872697127,0.7534410115986909,0.8479745328175659,1.1367153188952255,0.5191052224160798,-0.13876000401752764,-0.9028478569636672,-0.951315828802487,-0.18083135562475108,-2.1950751149706385,1.1275770952237247,-1.4934389078105115,-0.08830762472598448,-0.7759165101592412,1.3389872958585323,-1.029341319798393,0.3748897216327077,0.6985536419047932,1.016
-0.09526284204772117,0.19625648187512534,-0.1464597543788288,1.0365877233894125,-1.1818808039829285,0.7543925689452898,-1.0855767337349138,-1.929988546645857,0.21285639912615265,-0.23102793467253444,1.4790427630346599,2.0860231133901617,2.5585387952579106,-1.6418906755887837,2.018197589184515,0.3594166124093912,-1.466618680292414,-1.2570899913173423,2.3314157237561393,1.9999939756047196,-1.4356786825460242,-0.061
-0.09179873870053132,1.5881005115344455,-0.1464597543788288,0.31161577944942737,-0.05872992192932003,0.03409502883746632,0.1372718031620933,0.6070966153165099,-0.2875207899629311,1.2844728202632774,-0.5556760580383003,0.4024528352328874,0.1870970928639842,1.434398597529484,-0.810734257055948,0.3559988701411826,-1.125428451672413,0.38779298618478075,0.8910912765184824,-0.3091093822779003,0.044425293112075055,0.573
-0.08833463535334146,1.2644158534741383,-0.1464597543788288,-0.1796655745025772,-0.4602865544914969,-0.5982921815721591,-0.5258883649243612,-0.8985338854241636,-0.40923416028189763,1.7688081130778157,-0.42568013335863886,0.07766959259624776,0.04223526941458196,0.29592933897390467,0.7672537381013047,0.147516591780435,-0.1601097560646054,-0.4872006743714605,0.017927554841441665,0.4282513538526842,0.9590962893052828,0.579
-0.08487053200615159,1.1090472176051909,-0.1464597543788288,-1.6003981386340487,-1.818936815040215,-1.7609771872580149,-1.668781420562718,-0.38525076017166177,-0.03733219541838888,-0.3169583898493069,-0.35785617265620695,-0.12117729065067442,0.3963419489575661,1.5393638483182959,2.1939838166243115,1.7025893238155212,-1.633052938155829,-1.0495089126868813,-0.9000814335078335,-0.8572788769012953,0.8482270776455,1.143
-0.08140642865896174,-0.9366398213359484,-0.1464597543788288,-0.009708781784045783,0.4364226174706566,-0.08784510590519713,0.19135933460177001,-0.29237095655454176,0.7538047116548927,0.8938798421870373,-0.44263612353424686,0.8067748311682957,-0.49429000262024336,-0.4711244167904927,0.7917820489068569,-0.2113463463815079,0.46401871092320135,0.47975928684384544,-0.834132511931018,0.24876222729458136,0.693010181321804,0.839
-0.07794232531177188,-0.004428006122265114,-0.1464597543788288,1.5358358020000975,-0.7048436013902663,1.8802119524996432,-0.4224165656484593,0.32845720446514987,0.4021883085112117,0.08144644778845796,0.6312432542542599,0.4753633590900922,1.233321373331893,0.6673448417650865,0.3093919363976456,0.479037591796706,-2.032495157028025,-0.16400481776960524,2.2311733629593795,0.9618676760524493,-2.1785024006665688,-0.034
-0.07447822196458201,-0.17274402831362412,-0.1464597543788288,0.47626142239550523,1.2455743281974498,0.7742432885545596,0.8921456115158247,0.07914825791393611,0.6929480264954094,0.5110987236723221,0.32603543109331584,1.2574944331946527,-0.7196306168748694,-0.8748369198243862,-0.5899794598059704,-0.9598319031192741,0.6221312558934455,0.20386038486665248,-0.034831582420011005,1.4178670786595213,-0.3657907900291211,0.495
-0.07101411861739215,-0.4899549932127252,-0.1464597543788288,1.2092000909941707,0.8409984728340538,1.3158843521789474,0.9368266157485983,-0.1359418136204458,0.5306635327367875,0.01895157129625948,0.16212752606243844,0.8067748311682957,-0.6176908151882526,-0.07548616381727735,-0.7412373764402145,-0.9222367381689764,-1.1587153032450959,0.3089647284770106,0.47429409215300694,1.713781584606664,1.0311612768841416,0.657
-0.0675500152702023,0.2674671066483929,-0.1464597543788288,0.7099520123834847,0.6960757783755237,0.45379595771918935,0.41946761936909543,0.42133700808226987,-0.5377093845074734,-0.7466106657331713,0.04343559483318248,-0.33990886222228883,-0.41381121181501956,1.78966560019931,-0.17708622791249262,-0.6829947793943468,0.07289820494417573,0.7556581888210384,0.6695029000203818,-0.10051391087253758,-0.3380734871141754,0.356
-0.06408591192301243,0.5328885262578448,-0.1464597543788288,-1.098494485137137,-0.9524198710902545,-1.1370974281095072,-1.1796420058039145,-0.7958772603736636,0.05733375927414063,0.22987177945742893,0.23560348349007318,-0.5718968926770313,0.4392639707203521,-1.3431434233437025,1.678889289707696,0.9062553753228285,-0.5012999846846063,-1.3096421631225208,0.19730862153038073,-0.7554066699358857,-0.2604650389523274,0.553
-0.06062180857582257,-0.9107450486911245,-0.1464597543788288,0.4576723981919156,0.42736494906699946,1.0890189852158532,1.0450016786279497,0.04492938289710208,-0.15228371183074613,-0.2622753729186337,0.7725431723843266,-0.08140791400128997,-2.119961576885763,-0.22082266490947886,-0.647212185018927,-0.8880593154868859,-0.9340290551294856,1.4598572910104448,-0.8737018648771072,0.8211870092906931,-0.7870937943362954,1.001
-0.057157705228632706,-2.839905610730553,-0.1464597543788288,-0.8223146969695235,0.1043081093365257,-0.4139640709146454,0.4570937281966957,-0.008843134986493943,-0.11171258839109063,0.49547500454927246,-1.4260835537195107,0.7603772250773472,-0.8698576930446206,0.03755333703221289,0.03140441393470974,-0.11564956287165636,0.20604561123490792,0.4823868954341041,-1.738951715964931,-0.8039172446813189,2.073331866486099,1.32
-0.05369360188144284,0.09267739129582704,-0.1464597543788288,-0.17700999961634925,0.49680707349504416,0.13618444397085872,0.2595566568517953,-0.7274395103399955,0.8755180819738592,-0.40288884502607986,0.8573231232623665,-0.1940878145078792,-0.923510220248103,-1.181658422130145,-0.1975264869171198,-0.11564956287165636,0.4723404238163721,0.4403451579899604,0.0917903470074754,0.578634135563527,-1.01437567823885,0.566
-0.050229498534252986,0.15741432290788848,-0.1464597543788288,-0.6443911795923106,-0.5478440157268599,-0.6947099625314734,-0.6740411684330365,-0.38525076017166177,0.6997098804020186,0.6282766170951942,0.7103712084070972,0.8863135844670645,-0.04897402683133835,-0.640683668064728,0.3993290760180063,0.4448601691146154,0.5555575527480797,-0.47669024001042337,-0.6019923079806263,0.6028894229362437,0.4934456003341952,0.816
-0.04676539518706312,0.2998355724544236,-0.1464597543788288,0.04871386571294998,-0.04665303072444252,-0.7882919264037496,-0.08142995439833307,0.5777661510163659,-0.7743742712387964,0.745454510518066,0.8629751199875692,-0.8767954469889787,1.0723637917214455,0.8288298429786439,-1.2154513853475757,0.605494055720438,0.1477936209827126,-0.09305938583261238,0.43472473920691773,-0.10536496834708091,-0.166226209041512,0.42
-0.04330129183987326,-0.07563863089553269,-0.1464597543788288,0.2346041077488431,0.4484995086755341,-0.5614265594406553,-0.20841807169148455,-0.5123494388056137,0.6388531952425355,-0.15290933905728635,-1.1943516879862017,1.2309815154283965,0.809466408424381,-1.3350691732830247,0.8939833439299947,-0.21818183091792662,-0.29325716235533733,-0.6264639296551864,-0.17200533929978795,0.33608126183636117,0.9369224469733263,0.641
-0.039837188492683404,-0.44463914108428215,-0.1464597543788288,1.2145112407666243,0.6054990943389418,1.5966302437957753,0.5441041048605211,-1.2113921712923554,1.9574147070313377,0.8001375274487397,1.1625309464233107,2.331267602728033,-0.7410916277562625,-1.6338164255281058,-1.0028726916994481,-0.6898302639307655,-1.0006027582748516,0.5980016734054994,1.0942139549750756,1.8399090789447898,-1.4079613796310786,0.306
-0.03637308514549354,-0.44463914108428215,-0.1464597543788288,-0.012364356670272542,0.1435580057523773,-0.20978524064786058,0.8944972433175484,0.015598918596960177,0.3548553311649469,-0.5122548788874272,-0.8213199041228256,-0.9497059708461835,0.29976739999129753,0.6269735914616971,-0.8638789304679794,-0.9905915835331561,-1.5997660865831458,1.0184190478469357,-0.2643338295073298,0.971569791001536,-0.3935080929440668,0.637
-0.03290898179830368,0.12504585710185775,-0.1464597543788288,-0.2805774201792046,1.0342287321120927,-0.57276982778881,0.6334661133260723,0.260019454431484,-1.274751460327881,-0.1841567773033856,0.7838471658347319,-1.168437542417798,-0.837666176722531,1.9511506014128674,-0.11576545089860925,-0.7547673670267366,0.7968872266500316,0.8896662269242457,-0.2458681314658211,-0.8039172446813189,0.2717071770146299,0.637
-0.029444878451113817,-1.5710617511341505,-0.1464597543788288,-0.5780018074366345,-0.4633057772927173,0.036930845924504685,0.37713824693804565,0.8466287404343438,-1.247704044701444,-1.1059562055633123,0.4673353492233825,-2.096389664236768,-1.1005635600195949,1.232542346012537,-0.013564155875471518,-0.10197859379882042,-0.3681525783938742,0.6742023225230096,-0.7207003668188952,-1.2938740496101941,-0.6374203585955888,0.984
-0.025980775103923957,0.5523096057414625,-0.1464597543788288,-0.03360895576008897,0.18884634777066828,-0.2041136064737826,-0.44122962006225946,0.47999793668255586,-0.1725692735505739,1.0423051738560087,0.9081910937891905,-0.8038849231317738,0.6860655958563717,-0.46305016672981486,0.6814046502818673,0.17827627219431547,0.6304529687866164,-0.7341958818558032,0.7829350451325048,-0.9445979114430751,-0.8148110972512411,0.298
-0.022516671756734098,0.9277838090914188,-0.1464597543788288,-0.5169235850534121,-1.4143609596768203,-0.26650158238863414,-1.2925203322867154,-0.7078858674732336,-0.12523629620430912,0.3158022346342018,0.13386754243642524,-1.1021552480021573,0.852388430187167,0.03755333703221289,1.548071632078079,1.3949925196767121,-0.6261256780821676,-1.220303471053716,1.0572825588920587,-0.22179034773612058,0.0499687536950642,0.214
-0.019052568409544234,-0.923692435013536,-0.1464597543788288,0.8480419064672915,0.439441840271877,1.1258846073473556,0.10670058973966834,-0.6052292424227337,0.6929480264954094,-1.074708767317213,-0.1713402807245189,0.5217609651810405,-1.0683720436975053,-0.18852566466676737,0.509706474642996,-0.24210602679538837,0.5139489882822259,0.16181864742250873,-0.1772812530259332,1.2626332394741349,-0.25492157836933826,0.739
-0.015588465062354374,-1.3639035699755537,-0.1464597543788288,-1.1808173066101748,0.21601935298164235,-0.3033672045201366,-0.02499079115693265,-1.5242504571605473,1.5855127421678297,-1.152827362932461,-0.1713402807245189,0.9724805672073975,-0.7089001114341729,-1.318920673161669,1.7974427919345357,-0.21818183091792662,-1.1420718774587544,0.25641255667183216,-1.2904990492425827,0.19054953760006163,0.2883375587635973,1.143
-0.012124361715164513,1.6334163636628878,-0.1464597543788288,0.5612398187547698,0.5541723067182126,-0.019785495816268865,0.08318427172241868,-0.2483752601043278,-0.09142702667126287,1.9484808829928855,0.01517561120716912,0.03127198650529925,0.7128918594581131,0.03755333703221289,-1.1541306083336924,0.5747343753065576,-1.874382612057781,0.27217820821338545,0.9623161118214438,-0.15387554309251408,-0.8314414790002084,0.367
-0.008660258367974653,-0.5223234590187559,-0.1464597543788288,1.9102718609581115,0.28244225460846933,2.2431965396405937,0.5417524730587974,0.6070966153165099,0.11819044443362389,2.0656587764157575,-0.29568420867897754,1.648559970246933,1.126016318924928,-0.35001066588032476,-0.04218051848194885,-1.2024916041621123,-0.4097611428597279,0.3641445088724502,0.8831774059292649,1.2674842969486781,0.7761620900666412,0.599
-0.0051961550207847915,-1.4415878879100275,-0.1464597543788288,-0.07344257905349506,0.17073101096335133,0.5757360924618528,0.3583251925242455,0.4751095259658659,-0.6256134852933937,-0.1372856199342367,0.6029832706282465,1.20446859766214,-0.41381121181501956,-0.3096394155769355,-0.7698537390466936,-0.9290722227053937,0.26429760148710324,0.5559599359613557,-0.3804039314825257,-0.35761995702333355,0.7539882477346845,0.752
-0.0017320516735949306,0.14446693658547619,-0.1464597543788288,-1.0506941371850496,-0.2429025128037031,-0.7060532308796282,-0.932720666622789,-1.1918385284255935,1.078373699172136,-0.3872651259030302,0.21299549658926248,0.4422222118822718,-0.17237483939934817,-0.0028179132711764806,0.5628511480550275,1.2856247670940262,1.9952138832666204,-0.7998860966122786,-0.5940784373914088,-0.4837474513614598,-0.1107916032116206,0.64
0.0017320516735949306,-1.6228512964237995,-0.1464597543788288,0.42580549955719094,0.6205952083450383,0.796929825250869,0.6569824313433219,0.7684141689672958,0.07085746708735913,-0.715363227487072,0.47298734594858516,0.4024528352328874,-0.8752229457649687,-0.212748414848801,0.5015303710411458,-0.9085657690961405,1.3045117131334476,1.3127112099559417,-0.7312521942711856,0.4864640435472041,0.1164902806909339,0.778
0.0051961550207847915,-1.4545352742324398,-0.1464597543788288,-0.2141880480235286,0.08015432692677067,0.19857241988570898,0.5464557366622469,-0.4292464566218757,0.8281851046275944,0.4486038471801236,-0.6630639958171508,0.3229140819341184,-0.08653079587377613,0.5220083406728849,-0.20979064231989683,-0.262612480404643,-0.2516485978894835,0.23801929654001897,-0.14826372753213396,0.287570687090928,0.7817055506496302,0.974
0.008660258367974653,-0.7942185717894139,-0.1464597543788288,0.23194853286261635,0.26734614060237144,0.6154375316803936,0.12081038055001897,0.5142168116993899,-0.43628157590833466,-0.6059971936257249,-0.16568828399931623,0.11743896924563223,0.2568453782285115,0.23940958854915953,-0.6267719260142998,0.21587143714461465,0.1477936209827126,-0.26648155278970587,0.26061958624412396,-0.7554066699358857,-0.07198737913069661,0.605
0.012124361715164513,0.4034146630337219,-0.1464597543788288,0.9330203028265572,0.8832675920511245,1.3499141572234115,0.5370492094553457,-0.10172293860361178,0.21285639912615265,-1.3403119924090565,-0.05830034622046546,0.6211844068045017,-0.45136798085745733,-1.0201734209165878,-1.1909230745420216,-1.0589464288973358,0.11450676941002955,0.05408669522188953,0.6853306411988176,1.398462848761348,-0.03318315504977292,0.482
0.015588465062354374,0.3257303450992482,-0.1464597543788288,0.8666309306708811,1.6018426187413357,1.0266310093010016,1.4024497124901523,0.06937143648055402,1.0918974069853544,0.04238714998083391,1.173834939873716,-0.532127516027647,-1.6370888320544201,-1.1009159215233666,-1.3135646285697884,-1.3973029134500239,-0.11850119159875157,1.4309535965175957,-0.037469539283083345,1.3014416992704816,-1.3469833132181983,0.543
0.019052568409544234,0.7335730142552345,-0.1464597543788288,-0.7214028512928948,0.5360569699108957,-0.910232061146413,0.3136441882914699,-0.6052292424227337,1.7883683593661073,-0.520066738448952,-0.527416074412287,0.48861981797322035,0.9006757046703013,0.013330586850179267,-0.365136610755066,-0.17375118143120868,0.2975844530597863,-0.6790161014603648,-1.1612391629520247,0.41369818142905423,2.278439908056697,1.094
0.022516671756734098,-0.5741130043084051,-0.1464597543788288,0.6594960895451716,0.8349600272316144,0.3885721647173007,0.8568711344899482,1.0274999369518916,-0.7946598329586242,1.0423051738560087,2.044242435554927,1.111673385480243,0.3909766962372178,-0.24504541509151248,-1.415765923592926,0.18511175673073418,-0.5262651233641186,1.1760755632624746,0.6800547274726724,0.593187307987157,-1.7183951722784705,0.324
0.025980775103923957,0.07325631181220861,-0.1464597543788288,-0.08937602837085679,0.01976987090238312,0.062453199707852465,0.3559735607225197,-0.9083107068575434,0.9363747671333424,-1.2543815372322835,2.3664062488914785,-0.7707437759239535,-0.6981696059934764,-1.5611481749820049,-0.48777816478283087,-0.8402109237319608,0.05625477915783421,0.8213484035775127,-0.11660824517526235,0.45735769869994414,-1.5188305912908613,0.526
0.029444878451113817,0.5393622194190502,-0.1464597543788288,-2.1527577149692756,-1.1396116847658566,-2.217543738271242,-0.8997978213986382,-1.4118170106766652,-0.14552185792413688,-0.47319558107980314,-1.0304437829553241,0.2632600169600418,-0.25285363020457197,0.3443748393379719,0.8817191885272194,0.5166327567470052,0.8717826426885684,-0.36895828780980655,-2.208508037591859,-1.3229803944574539,1.0810524221310438,1.146
0.03290898179830368,-0.166270335152418,-0.1464597543788288,0.36738285206019516,0.6447489907547933,0.124841175622704,0.7886738122399229,-0.40480440303842374,0.6794243186821909,-0.39507698546455505,-1.8273753212089006,0.9724805672073975,-0.9986237583329786,-0.8586884197030304,-0.8597908786670544,-0.23527054225897115,-0.6011605394026553,0.3326132057893424,-0.5175776883623027,1.2917395843213948,0.8704009199774565,0.867
0.03637308514549354,-1.7070093075194794,-0.1464597543788288,0.011535817305770642,0.919498265665757,0.5388704703303503,1.1602316369124752,-0.023508367136563808,0.8281851046275944,-1.2309459585477092,-0.815667907397623,0.826659519492988,-1.4546702395625795,-0.6245351679433723,0.3543605062078269,-1.2708464495262919,-1.1087850258860714,1.0552055681105619,-0.43316306874397836,-0.0277480487543878,0.2883375587635973,1.023
0.039837188492683404,-0.6259025495980541,-0.1464597543788288,-1.9509340236160195,-1.7736484730219253,-1.2590375628521693,-2.106184935683571,-1.710010064394785,0.7876139811879389,-2.6058332413760747,0.7160232051322999,0.2897729347262981,0.4982817506441829,-1.787227176680985,2.120398884207653,2.1332248496098525,2.0451441606256444,-1.9796823536385608,-0.3804039314825257,-0.2994072673288136,-0.42676885644200135,0.842
0.04330129183987326,-0.7618501059833832,-0.1464597543788288,-1.7491103322627635,0.06807743572189316,-1.182470501502126,-0.11905606322593336,1.0372767583852716,-0.6932320243594862,1.2454135224556533,0.01517561120716912,0.10418251036250407,-1.1810423508248191,0.4897113404301734,0.8858072403281445,0.4380246845781982,1.8953533285485713,-0.0010930851735488293,-1.567484519865209,-0.44493899156511324,0.8814878411434348,1.053
0.04676539518706312,0.7270993210940291,-0.1464597543788288,-1.4384080705741986,-2.3473008052536075,-1.3327688071151755,-1.3136850185022413,0.6510923117667239,-0.5579949462273012,0.8001375274487397,-1.3808675799178896,-0.33990886222228883,1.6840026018411456,-0.46305016672981486,1.9936692783789611,0.8925844062499926,-0.2183617463168005,-1.0363708697355867,-0.3593002765779446,-1.3811930841519737,0.5821409696620214,0.902
0.050229498534252986,-0.7294816401773525,-0.1464597543788288,-0.4691232371013257,0.1495964513548167,-0.13605399638485433,0.2901278702742202,1.1790406691692976,-1.6398915712847797,0.7688900892026403,-0.7930599204968122,-0.34653709166385294,-0.3762544427725818,1.0791315948596576,-0.7330612728383625,-0.3070431298913594,-0.010318923987531663,0.39567581195555795,-0.33819662167336356,-0.4303858191414833,-0.22166081487140343,0.799
0.05369360188144284,-0.7230079470161463,-0.1464597543788288,-1.7491103322627635,-0.7712665030170932,-1.1682914160669329,-0.4600426744760596,-0.1261649921870659,-0.7946598329586242,-1.8168354256620691,-0.7365399532447855,-0.09466437288441813,-0.5372120243830294,0.8288298429786439,1.0615934677679408,-0.08488988245777589,-1.4166884029333893,0.10138364984655182,-1.6888305355665507,-1.2114060725429576,1.5467031111021312,1.347
0.057157705228632706,-0.17921772147483025,-0.1464597543788288,0.5028171712577751,-0.18855650238175362,0.9784221188213443,-0.04145221376900699,0.5239936331327698,-0.13876000401752764,-0.5513141766950512,1.2868748743777694,-0.06152322567659776,1.3889137022219924,0.6511963416437306,-0.17708622791249262,0.22270692168103187,0.4307318593505183,-0.2165569895747849,1.7589790844693782,1.218973722203245,-1.4911132883759155,-0.179
0.06062180857582257,-0.8265870375954446,-0.1464597543788288,1.4986577535929193,0.8832675920511245,1.1372278756955103,0.7369379126019721,1.0910492762688675,0.15876156787327864,0.7298307913950164,0.8968871003387852,-1.0491294124696446,0.40170720167791435,-0.640683668064728,-0.35287245535228895,-0.1669156968947915,1.1630425939495446,0.947473615909944,1.5637702766020036,-0.3091093822779003,-1.4966567489589047,-0.023
0.06408591192301243,-1.3444824904919355,-0.1464597543788288,-0.747958600155166,-1.1124386795548813,0.18439333445051592,-0.9045010850020877,-1.2260574034424252,-0.6323753392000029,-0.043543305195939006,0.6425472477046653,-1.2612327545996949,1.2011298570098035,-0.11585741412066672,1.7197698077169503,0.1543520763168522,-0.19339660763728844,-0.7841204450707242,-0.016365884378502275,-0.28000303743064037,0.05551221427805334,0.516
0.0675500152702023,1.61399528417927,-0.1464597543788288,-0.9391599919635139,-1.975936400703624,-1.5851565278616175,-2.461281337744048,0.28446150801493597,-1.1259906743824775,0.3470496728803011,2.9994298821141774,-1.4600796378466172,0.7987359029836845,0.4977855904908513,2.3861222512678117,1.7606909423750736,-1.083819887206559,-1.9008540959307931,2.360433249249938,-1.386044141626517,-2.5831750232247757,-0.41
0.07101411861739215,2.390838463524006,-0.1464597543788288,-0.4611565124426442,-1.50795686651462,-0.7429188530111307,-1.9697902911835203,-0.7665467960735195,0.37514089288477465,-1.0278376099480642,1.6259946778899292,0.6145561773629377,1.0669985390010972,0.6754190918257643,1.1106500893790472,1.7025893238155212,-1.250254145069974,-1.8588123584866494,0.6906065549249629,-0.4400879340905699,0.1164902806909339,0.554
0.07447822196458201,0.0020456870389410292,-0.1464597543788288,0.9436426023714655,0.12544266894506167,0.8933476062101847,0.5699720546794965,-0.018619956419873854,-0.44980528372155315,0.9954340164868599,1.4394787859582412,-1.532990161703822,-0.18310534484004468,-1.5046284245572596,-0.1648220725097156,-0.799198016513453,-0.5096216975777771,0.6742023225230096,1.2788709353901593,-0.018045933805301152,-1.0310060599878172,0.208
0.07794232531177188,-0.29574419837654087,-0.1464597543788288,0.5160950456889102,0.7443833431950337,0.8451387157305275,1.343658917447027,1.7118774372885615,-1.8833183119227128,-0.7934818231023202,-0.917403848451271,1.277379121519345,-0.9771627474515856,1.5070668480755844,-0.6513002368198519,-1.7903432742940566,0.405766720671006,1.6122585892454653,-0.9897719668523032,0.030464640940132015,1.2584431607866957,0.999
0.08140642865896174,-1.415693115265203,-0.1464597543788288,0.654184939772717,0.4998262962962632,1.2733470958733668,1.1766930595245506,0.6608691332001038,-0.38218674465546065,-2.410536752337954,-0.2900322119537749,-0.6182944987679798,-1.7765854027834747,0.8449783430999996,-0.7657656872457668,-1.3562900062315162,0.8967477813680808,0.7083612341963762,-0.7945631589849288,0.08382627316010857,0.6819232601558257,0.896
0.08487053200615159,-0.36048112998860227,-0.1464597543788288,1.2649671636049387,0.397172721054805,1.1315562415214335,-0.06732016358798244,-0.1946027422207318,0.7132335882152372,1.5266404666705466,1.3942628121566198,-0.24048542059882774,-0.09726130131447264,0.07792458733560226,-0.13211765810231135,0.400429519627899,0.3308713046324691,-0.008975910944326072,1.824928006046194,0.9958250783742525,-1.873612068602166,0.048
0.08833463535334146,-0.14684925566879956,-0.1464597543788288,1.3711901590540208,0.7655179028035685,1.5852869754476206,0.9344749839468746,-0.1457186350538279,1.6531312812339223,-0.035731445634414195,0.03778359810797981,-0.174203126183187,0.21392335646572547,-0.6891291684287952,-0.8229984124587251,-0.4847657278382266,0.8717826426885684,0.6768299311132684,1.0361789039874776,1.277186411897765,-0.5210076863528168,0.436
0.09179873870053132,-0.47053391372910675,-0.1464597543788288,-1.111772359568272,-0.3395176424427218,-1.5397834544689988,-0.8410070263555119,0.167139650814364,-1.0583721353163849,-0.996590171701965,-2.2060591017974795,-0.7044614815083129,1.6893678545614939,1.854259600684733,0.5832914070596545,0.5747343753065576,0.6720615332524702,-1.2465795569563052,-0.8051149864372193,-1.3229803944574539,2.788438281691698,0.958
0.09526284204772117,-0.39932328895583913,-0.1464597543788288,-0.8754261946940646,0.8228831360267369,-0.6606801574870094,0.29483113387766974,-0.11149976003699386,1.2744674624638042,1.4172744328091993,-0.883491868100055,1.5159953814156517,-0.7518221331969589,-2.2070881798362345,-0.7821178944494689,-0.047294717507476686,0.8801043555817392,-0.06941090852028182,-1.374913668860907,1.1316546876614655,0.12203374127392304,1.225
0.09872694539491104,1.3162053987637874,-0.1464597543788288,-1.1755061568377212,-1.4566300788938922,-1.7609771872580149,-1.5112220898471418,-1.3042719749094733,0.8078995429077667,-0.1294737603727119,0.17908351623804647,0.018015527622171092,1.7805771508074142,-0.49534716697252634,0.7059329610874213,1.8734764372259698,1.520876248355887,-1.7852393179593966,0.2553436725179787,-1.0416190609339415,-0.060900457964718324,0.299
0.1021910487421009,1.0572576723155416,-0.1464597543788288,0.37534957671887664,-0.6323822541610025,0.19857241988570898,-0.5494046829416108,-1.0989587248084733,0.8214232507209852,1.026681454732959,0.6990672149566919,-0.18745958506631513,2.118588072189354,-0.18852566466676737,-0.38966492156062005,0.9472682825413363,-0.41808285575289866,-0.3926067651221371,1.8882389707599372,0.5592299056653538,-1.5520913547887962,-0.13
0.10565515208929076,0.9018890364465942,-0.1464597543788288,-0.9604045910533302,-2.012167074318255,-1.1853063185891644,-1.527683512459218,-0.48790738522216165,1.1527540921448378,0.12050574559608201,-0.27307622177816687,-0.13443374953380255,1.2118603624505,-0.25311966515219037,0.362536609809677,1.6239812516467143,-0.6344473909753384,-1.3963532466010682,0.8014007431740129,-0.5516622560050662,-0.4600296199399362,0.421
0.10911925543648063,2.332575225073151,-0.1464597543788288,0.4948504465990937,0.46963406828407006,-0.7684412067944797,0.19135933460177001,-0.9620832247411395,0.30752235381868215,1.307908398947852,0.6821112247810839,1.005621714415218,1.1582078352470175,-1.246252422615568,-0.7044449102318852,-0.925654480437185,1.1547208810563738,-0.022113953895620698,1.0572825588920587,0.7678253770707166,-1.1917664168945024,-0.011
0.11258335878367048,-1.7523251596479217,-0.1464597543788288,1.0817324964552721,0.44548028587431504,1.4264812185734548,0.8404097118778738,0.4751095259658659,-0.4295197220017254,-0.5513141766950512,-1.0756597567569455,0.7139796189863986,1.3245306695778134,-0.8506141696423526,0.7999581525087089,-1.291352903135545,0.405766720671006,0.6242777593080887,0.23951593133954288,0.9230592162561027,0.6597494178238692,0.677
0.11604746213086034,0.37751989038889733,-0.1464597543788288,-2.1182352414483243,-0.7410742750049001,-1.7184399309524359,-0.7187221726658121,0.7537489368172238,-0.8487546642114981,-0.6841157892409728,0.4955953328493959,-0.532127516027647,-1.6424540847747677,-0.8425399195816747,0.7059329610874213,0.4448601691146154,1.6373802288602777,-0.5555184977181935,-1.3722757119978346,-1.386044141626517,0.4269240733383255,0.948
0.11951156547805021,1.0119418201870993,-0.1464597543788288,-0.5408237590294552,-3.002472153118211,-0.3544119120868322,-2.5882694550371994,-2.379722332581383,1.6260838656074852,1.151671207717356,0.04908759155838516,-0.08140791400128997,2.778514156792189,-0.14008016430270012,2.136751091411355,2.023857097027165,0.13947190808954182,-2.8126342767506585,1.511011139340551,-0.11991814077071088,-0.7538330308383605,0.201
0.12297566882524007,0.6429413099983485,-0.1464597543788288,1.0950103708864072,1.0221518409072152,0.6693180563341288,0.7886738122399229,0.22580057941464998,0.6523769030557539,0.9798102973638103,-0.544372064587895,1.2376097448699606,0.6216825632121927,-0.9555794204311647,-1.7550742230697436,-0.4198286247422555,0.1228284823032003,0.27480581680364413,0.8647117078877561,0.5689320206144405,0.5710540484960432,0.402
0.12643977217242994,-0.23748095992568555,-0.1464597543788288,0.776341384539162,-0.5357671245219824,0.7770791056415992,-0.2272311261052826,0.5044399902660078,0.6320913413359261,0.7298307913950164,1.3490468383549985,-1.7517217332754365,-2.1414225877671558,-1.1089901715840444,0.3543605062078269,0.3286569319955107,0.6720615332524702,-0.7289406646752858,0.9464883706430081,-0.008343818856214505,-1.1197014293156435,0.192
0.1299038755196198,-2.2378521467383825,-0.1464597543788288,-0.4558453626701907,0.7926909080145438,0.07663228514304554,1.2002093775418012,2.269156258991277,-1.6669389869112168,-2.3636655949688055,-2.7260428005161246,-0.09466437288441813,-2.8603664522938206,0.8611268432213554,-0.38966492156062005,-1.6057851918107715,-0.6760559554411921,0.9343355729586481,-2.5329767317497924,-0.7893640722576889,1.7240938497577838,1.617
0.13336797886680965,-0.4316917547618699,-0.1464597543788288,-0.38148926585583326,-0.19459494798419302,0.23543804201721147,-0.34010945258808345,-1.4753663499936411,0.733519149935065,-0.027919586072889382,-1.8047673343080897,-2.08313320535364,-0.880588198485317,-1.0847674214020107,0.26442336658746435,0.3970117773596904,-0.6344473909753384,-0.5292424118156043,-0.15090168439520688,-0.32366255470153027,0.770618629483652,0.81
0.1368320822139995,-1.2603244793962556,-0.1464597543788288,0.11244766298239925,0.15865411975847382,0.8791685207749916,0.8921456115158247,2.112727116057181,-1.863032750202885,-0.9731545930173906,-1.748247367056063,-0.2272289617156996,0.14954032382154642,1.3940273472260947,-0.46324985397727864,-1.4588222742777865,-0.5345868362572892,0.36939972605296756,-1.0530829315660464,-0.7117471526649959,2.3283310533035997,0.892
0.14029618556118936,0.6494150031595554,-0.1464597543788288,-0.15310982564030606,0.6598451047608912,-0.6379936207907,0.5064779960329209,-0.008843134986493943,-0.5377093845074734,2.7374786987068913,-0.1939482676253296,-0.5254992865860828,-0.29041039924700973,0.6431220915830528,0.3134799881985707,-0.13615601648091102,0.19772389834173718,0.44822798376073764,-0.1614535118474974,0.9667187335269926,-0.18285659079047945,0.684
0.14376028890837922,0.7141519347716168,-0.1464597543788288,-0.2593328210893882,-0.09194137274273352,-0.6635159745740478,0.00793205406721812,-0.6003408317060437,0.9296129132267332,-0.47319558107980314,1.156878949698108,-0.631550957651108,-0.11335705947551739,-1.1089901715840444,-1.0478412615096278,0.21928917941282325,0.16443704676905413,0.5743531960931688,-0.14826372753213396,0.3845918365817943,-0.4378557776079796,0.673
0.1472243922555691,0.9472048885750379,-0.1464597543788288,0.8772532302157894,-0.5659593525341755,0.4481243235451126,0.14667833036899441,-0.11638817075368381,-0.7405650017057501,-0.07479074344203825,-0.16003628727411356,1.555764758065036,2.3707549500457215,2.136858352808458,-0.9292877592827878,0.2773907979723756,0.6221312558934455,0.05408669522188953,1.376475339323847,0.0886773306346519,0.4102936915893581,0.314
0.15068849560275896,0.9536785817362434,-0.1464597543788288,-0.3496223672211086,-0.8678816326561133,-0.731575584662976,-1.2619491188642904,-0.3705855280215897,-0.4768526993479902,1.1204237694712569,0.35429541471932924,1.1315580738049353,0.8201969138650775,-0.4469016666084592,1.2659960578142182,0.9130908598592458,-0.49297827179143555,-1.5697754135581605,1.117955566742729,-0.517704853683263,-0.8757891636641215,0.311
0.15415259894994882,-2.4061681689297423,-0.1464597543788288,-0.4824011115324607,1.0553632917206286,0.13051280979678073,1.395394817084977,0.6608691332001038,-0.19285483527040165,0.3236140941957266,-1.9291112622625486,0.1770930342197089,-1.8785252044700909,-0.35001066588032476,-0.6676524440235541,-1.079452882506589,-0.035284062667043946,1.7699151046610044,-2.633219092546553,1.7477389869284672,2.2507226051417515,1.672
0.15761670229713867,-1.4092194221039969,-0.1464597543788288,0.9197424283954223,0.895344483256002,1.4179737673123396,1.0144304652055247,0.8075214547008198,-0.4971382610678179,0.15175318384218126,-0.47654810388546287,0.9658523377658335,-0.9288754729684513,-0.7537231689142181,-0.51639452738931,-0.6351463876394218,1.6373802288602777,0.6952231912450815,0.36349990390395637,1.9126749410629398,-0.24383465720336,0.369
0.16108080564432853,-0.5352708453411682,-0.1464597543788288,0.895842254419379,1.4508814786803674,1.3499141572234115,1.1978577457400754,0.47999793668255586,0.5036161171103504,-0.17634491774186078,0.7612391789339212,0.22349064031065735,-2.1092310714450666,-0.35001066588032476,-0.35287245535228895,-1.5203416351055474,0.7552786621841778,1.517664679996143,-0.4542667236485594,1.427569193608608,-0.56535537101673,0.787
0.16454490899151838,-0.3216389710213654,-0.1464597543788288,-0.8116923974246153,-1.6770333433829052,0.005736857967078917,-1.3348497047177652,0.9248433119013918,-2.2214110072531748,0.5735936001645205,-1.7256393801552523,0.48199158853165625,0.830927419305774,1.5070668480755844,1.9405246049669298,1.3027134784350707,-2.1906077019982697,-1.4489054184062466,-0.3804039314825257,-1.5024695210155568,1.008987434552185,0.944
0.16800901233870827,1.555732045728414,-0.1464597543788288,-0.8249702718557502,-1.7736484730219253,-1.2391868432428996,-2.082668617666321,-0.6247828852894957,1.0716118452655268,1.5188286071090218,-0.2391642414269508,-0.2868830266897762,1.0723637917214455,-0.7133519186108287,1.1801469699947824,2.0546167774410455,0.6803832461456409,-1.9849375708190806,0.8014007431740129,-0.6438323480213893,-0.06644391854770747,0.251
0.17147311568589813,-0.6259025495980541,-0.1464597543788288,-0.23277707222711824,-0.2519601812073602,-0.1559047159941254,-0.41771330204500984,-0.3168130101379937,0.3007604999120729,-0.6841157892409728,-0.7026279728935695,-0.3200241738975966,0.7826401448226398,-0.3580849159410026,0.3666246616106021,0.08257948868446392,0.16443704676905413,0.06985234676344401,0.5639846254974765,-0.11506708329616755,-0.648507279761567,0.383
0.17493721903308798,-0.302217891537747,-0.1464597543788288,-0.8302814216282037,-0.34555608804516125,-0.7003815967055514,-0.5682177373554109,-1.1722848855588315,0.49685426320374115,-1.6137270770624246,-0.4708961071602602,0.12406719868719626,0.6109520577714962,0.7400130923111873,0.9266877583373989,0.7661279423262606,0.9133912071544222,-0.5765393664402654,-0.29862726872727374,0.24391116982003805,-0.0165527733008055,0.878
0.17840132238027784,1.5751531252120332,-0.1464597543788288,0.2797488808147027,-0.22478717599638615,-0.836500816883408,-0.34481271619153503,-0.5319030816723757,0.9296129132267332,-0.3403939685338814,2.0668504224557376,0.04452844538842741,0.87384944106856,-1.488479924435904,-0.51639452738931,0.5952408289158106,1.1047906036973494,-0.8393002254661626,1.1496110490996005,-0.5225559111578063,-1.829264383938253,-0.039
0.1818654257274677,0.08620369813462089,-0.1464597543788288,0.6435626402278087,0.8530753640389314,0.24678131036536619,0.45474209639496993,-0.8252077246738055,0.3142842077252914,-0.09822632212661267,-1.256523651963431,0.15720834589501664,0.26221063094885977,-0.7133519186108287,-1.0028726916994481,-0.39590442886479377,0.7386352363978362,0.5848636304542048,-0.40942145697632437,-0.5225559111578063,0.36594600692544493,0.761
0.18532952907465755,0.14446693658547619,-0.1464597543788288,0.7710302347667073,1.3844585770535405,0.9131983258194557,1.1414185824986751,-1.3873749570932132,1.4435138101290348,1.1048000503482072,0.4390753655973692,0.7471207661942191,-1.1166593181806401,-2.392795931231825,-1.0641934687133299,-1.462240016545995,0.78024380086369,1.1970964319845465,0.27908528428563206,1.8593133088429632,-0.6762245826765125,0.371
0.18879363242184743,0.2092038681975376,-0.1464597543788288,-1.3985744472807937,-1.646841115370712,-1.2250077578077052,-1.802824433261045,-1.0305209747748054,1.0851355530787452,-1.746528689608346,0.47298734594858516,0.07104136315468368,-0.0543392795516866,-0.3903819161837141,1.5725999428836313,1.1386618495610394,-0.068570914239727,-1.6985282344808517,-0.034831582420011005,-0.12962025571979746,-1.3081790891372742,0.398
0.1922577357690373,0.04088784600617789,-0.1464597543788288,-1.0082049390054166,0.8379792500328335,-0.9754558541483028,0.494719837024296,-0.07239247430346987,-0.2942826438695404,-1.6684100939930981,-1.188699691260999,-1.6191571444441548,-0.2152968611621342,0.7884585926752545,-0.1280296063013863,-0.7923625319770343,0.5638792656412505,0.18021190755432073,-1.0662727158814098,-2.4726810159242203,1.269530081952674,0.897
0.19572183911622715,0.02146676652255946,-0.1464597543788288,0.40456090046737453,0.4364226174706566,0.9528997650379966,0.7957287076450983,-0.5416799031057576,0.21285639912615265,0.8391968252563636,-0.7874079237716095,1.376802563142806,-0.7786483967987002,-0.4872729169118485,-0.27928752293563036,-0.6898302639307655,-0.7592730843728996,0.4745040696633269,-0.20366082165665897,1.6943773547084906,1.158660870292892,0.658
0.199185942463417,-0.4252180616006637,-0.1464597543788288,-1.0188272385503248,-1.5019184209121819,-0.6209787182684685,-1.3301464411143156,-0.1946027422207318,0.03028634364770363,-1.0512731886326387,-2.0364992000413995,0.4157092941160155,0.6592393322546305,0.07792458733560226,1.4663105960595686,0.6977730969620809,-0.11850119159875157,-1.7431975805152529,-0.6310098334744255,-0.25574775005792383,1.2528997002037068,0.957
0.20265004581060686,-0.017375392444677402,-0.1464597543788288,-1.3082849011490734,-0.040614585122004436,-1.3724702463337164,-0.38243882501913534,-0.4145812244718037,0.21285639912615265,-0.7856699635407953,0.2808194572916945,0.5482738829472968,0.7504486285005502,-0.3742334160623584,0.6773165984809422,1.1044844268789489,0.23101074991442022,-0.5949326265720773,-1.0794625001967726,-0.7796619573086022,1.186378173207837,1.157
0.20611414915779674,-0.12742817618518112,-0.1464597543788288,0.5160950456889102,1.3633240174450045,0.49916903111180816,1.0450016786279497,-0.8740918318407116,1.4705612257554717,-0.027919586072889382,-0.12047231019769486,0.18372126366127298,-1.1112940654602914,0.09407308745695801,-1.1623067119355424,-0.6351463876394218,1.262903148667594,0.4114414634971113,-0.8156668138895099,1.4178670786595213,0.964639749888272,1.015
0.2095782525049866,-0.23748095992568555,-0.1464597543788288,-0.8170035471970688,-0.7561703890109966,-0.8903813415371419,-0.39184535222603434,-0.9523064033077595,0.22638010693937113,-1.824647285223594,-2.256927072324303,0.12406719868719626,0.34268942175408357,1.3617303469833832,-0.25884726393100316,-0.2557769958682243,2.8939588757290617,-0.5844221922110426,-1.5727604335913548,-0.6147260031741294,2.378222198550502,1.146
0.21304235585217646,0.2221512545199499,-0.1464597543788288,-0.007053206897819025,-0.17346038837565705,-0.2551583140404794,-0.017935895751757334,-0.07728088502015983,0.8755180819738592,2.6124889457224945,0.47298734594858516,0.05778490427155556,0.34268942175408357,-0.051263413635243726,-0.1648220725097156,-0.2694479649410602,0.6470963945729579,-0.48457306578120063,0.20786044898267128,0.636846825258047,-0.48220346227189276,0.626
0.2165064591993663,1.1673104560560454,-0.1464597543788288,-0.7984145229934803,-1.3207650528390207,-0.7854561093167112,-2.115591462890472,1.3354698121033937,-1.8224616267632294,1.9875401808005095,-0.5556760580383003,0.9592241083242694,0.8362926720261222,0.9418693438281341,1.0534173641660907,2.0170216124907476,1.0298951876588125,-1.388470420830291,0.6167437627589292,-1.2890229921356509,-0.7538330308383605,0.249
0.21997056254655617,0.4293094356785465,-0.1464597543788288,-1.3826409979634309,-0.34555608804516125,-1.2817240995484789,-0.6176020051916361,0.279573097298246,-0.5309475306008642,-0.6294327723102994,-0.16003628727411356,0.8399159783761162,-1.4385744814015353,-0.027040663453210104,0.5873794588605815,0.14409884951222637,1.1297557423768616,-0.11145264596442556,-1.7969867669525283,-1.5315758658628167,0.4657282974192495,1.021
0.22343466589374603,0.7335730142552345,-0.1464597543788288,-3.0875200749211986,-2.0423593023304507,-2.750677350634513,-2.3060736388301972,-1.6171302607776652,0.12495229834023314,-0.8559766995945186,-0.04699635277006012,-1.354027966781592,0.4982817506441829,-0.04318916357456585,2.2675687490409717,2.3519603547752275,1.0382169005519832,-1.9061093131113105,-1.4962596845622487,-1.4733631761682968,1.0034439739691958,1.223
0.2268987692409359,0.584678071547494,-0.1464597543788288,0.6727739639763066,0.7353256747913753,0.3658856280209913,0.5864334772915709,2.259379437557896,-1.2003710673551793,-0.8716004187175682,-0.4708961071602602,-1.2280916073918746,0.5304732669662724,0.2232610884278038,-0.9292877592827878,-0.6283109031030031,-0.7759165101592412,0.13291495292965963,0.9095569745599912,-1.6382991303027699,0.12203374127392304,0.365
0.23036287258812577,-0.36048112998860227,-0.1464597543788288,-0.4478786380115093,-0.30026774602687023,0.3545423596728366,0.5441041048605211,-0.03328518856994589,-0.16580741964396464,-0.5044430193259024,-0.37481216283181495,-0.20734427339100736,-1.5619752939695446,0.7157903421291537,-0.4305454395698744,0.05181980827058345,-1.4582969673992432,0.650553845210679,-1.047807017839901,-1.0901296356793746,0.48235867916821695,1.084
0.23382697593531562,-0.6259025495980541,-0.1464597543788288,0.40987205023982803,-0.09797981834517294,0.3034976521061397,-0.2672088667346087,0.377341311632056,-0.32133005949597737,-1.121579924686362,-0.08090833312127615,-0.24711365004039176,-0.5211162662219846,0.6592705917044085,0.5751153034578045,-0.28311893401389615,-0.2849354494621666,0.41932428926788856,-0.10078050399682655,-1.158044440322981,0.809422853564576,0.803
0.23729107928250548,1.555732045728414,-0.1464597543788288,0.5931067173894944,-1.5170145349182784,-0.6011279986591974,-1.1420158969763141,-2.105971332446715,1.0918974069853544,0.3548615324418259,0.6142872640786519,0.12406719868719626,1.5606017892731359,-0.7214261686715067,0.2194547967772831,0.7832166536673051,-2.5817282079772945,-1.2965041201712262,1.7220476883863614,0.04016675588921866,-1.5299175124568396,0.296
0.24075518262969534,0.2350986408423622,-0.1464597543788288,0.9516093270301469,-1.477764638502427,0.7685716543804828,-1.3489594955281157,-0.45857692092201763,0.010000781927875879,-1.0278376099480642,1.4338267892330385,-0.5586404337939032,2.5156167734951245,0.7480873423718651,1.2741721614160684,1.0258763547101433,0.6720615332524702,-1.5829134565094551,2.3235018531669214,-0.6050238882250427,-2.3004585334923298,-0.232
0.2442192859768852,-1.2020612409454001,-0.1464597543788288,1.219822390539079,1.064420960124287,1.2648396446122505,0.767509126024397,-0.2288216172375658,0.7402810038416742,0.1908124816498053,0.6934152182314891,1.7015858057794457,0.4660902343220934,-0.11585741412066672,0.055932724740261994,-0.7240076866128546,0.46401871092320135,0.2485297309010549,0.5718984960866941,0.593187307987157,-0.21611735428841428,0.389
0.24768338932407508,-0.256902039409304,-0.1464597543788288,0.1841481849105288,-0.3214023056354062,0.11633372436158765,-0.19195664907940813,-1.5829113857608332,1.186563361677884,-0.14509747949576154,2.106414399532156,0.5747868007135531,-0.3440629264504923,-1.0363219210379435,0.37071271341152895,0.0073891587838670475,-0.6427691038685092,-0.10094221160338962,0.14454948426892808,0.43795346880177083,-1.2305706409754262,0.383
0.2511474926712649,-1.2797455588798738,-0.1464597543788288,-1.6030537135202765,-0.3214023056354062,-1.1541123306317387,0.4171159875673696,0.7781909904006757,0.3278079155385099,-1.2465696776707587,0.7329791953079079,-0.5056145982613907,-0.8537619348835758,0.69156759194712,0.03140441393470974,-1.130719016529724,-0.8424902133046072,1.5018990284545886,-1.7917108532263837,-1.0125127160866816,-0.2992692630332514,1.177
0.2546115960184548,-0.2892705052153347,-0.1464597543788288,0.4443945237607806,1.0070557269011187,-0.08500928881815877,0.00793205406721812,0.22580057941464998,0.5171398249235689,0.5267224427953717,1.716426625493172,0.19034949310283705,0.9918850009162216,-2.247459430139623,0.1295176571569224,-0.7786915629041984,1.43765911942418,-0.48982828296171804,0.7802970882694324,0.09837944558373854,-0.5819857527656973,0.311
0.2580756993656447,0.8889416501241819,-0.1464597543788288,0.47095027262305056,-1.8219560378414352,-0.20127778938674423,-1.3019268594936164,0.5484356867162239,-1.619606009564952,0.48766314498774765,0.26386346711608655,1.5690212169481643,1.8878822052143793,1.531289598257618,0.362536609809677,0.9814457052234254,-1.7495569186602193,-1.2360691225952705,2.2390872335485974,-0.5128537962087196,-0.41013847469303394,0.124
0.2615398027128345,-0.6517973222428788,-0.1464597543788288,-1.4410636454604266,0.10732733213774474,-1.083216903455772,-0.23898928511390952,-0.9083107068575434,-0.6458990470132214,-1.7230931109237717,-2.273883062499911,-1.5661313089116424,0.4446292234407004,0.4574143401874619,0.8490147741198152,0.400429519627899,0.8551392169022269,-0.6133258867038917,-1.6888305355665507,-1.7692776821154397,1.6076811775150117,1.128
0.2650039060600244,-1.5386932853281197,-0.1464597543788288,0.680740688634988,0.397172721054805,0.5984226291581622,0.6640373267484972,0.08403666863062606,0.3548553311649469,-0.7700462444177457,0.6481992444298679,-0.4525887627288781,-0.24212312476387549,-0.14008016430270012,-0.39375297336154513,-0.9974270680695733,-0.5179434104709478,0.119776909978365,0.06541077837674907,-0.5371090835814363,0.9424659075563153,0.696
0.2684680094072142,0.36457250406648506,-0.1464597543788288,-0.11062062746067322,0.5481338611157732,0.04260248009858141,0.8121901302571726,1.0714956334021055,-0.9163732032775906,0.6985833531489175,-0.7365399532447855,-0.6448074165342361,-0.590864551586512,1.0952800949810133,-1.3258287839725635,-0.7240076866128546,-1.0588547485270468,0.62165015071783,-0.6679412295574424,0.09837944558373854,-0.12187852437759888,0.833
0.2719321127544041,-1.1049558435273081,-0.1464597543788288,-0.45053421289773604,-0.8558047414512344,-0.42530733926280007,-0.6857993274416613,-0.03328518856994589,-0.9637061806238555,-0.39507698546455505,-0.849579887748839,0.04452844538842741,0.5358385196866207,1.1356513452844026,2.001845381980813,0.3149859629226748,0.09786334362368802,-0.5108491516837899,-0.31445500990570957,-1.6771075900991164,0.9701832104712611,0.613
0.2753962161015939,1.5039425004387648,-0.1464597543788288,-1.2896958769454836,-1.2996304932304832,-1.3072464533318278,-1.4312666085884915,0.9981694726517476,0.07085746708735913,-0.20759235598796003,-0.5500240613130977,-1.9571968459639224,0.8255621665854258,0.44934009012678405,1.0615934677679408,1.0190408701737246,0.3391930175256399,-1.249207165546565,-0.6283718766113526,-1.9099583488771954,1.0034439739691958,0.922
0.2788603194487838,1.8729430106275158,-0.1464597543788288,-1.0374162627539145,0.3216921510243209,-0.9953065737575727,-0.7210738044675379,0.8612939725844136,-2.072650221307772,0.011139711734734669,-0.9908798058789058,-0.8569107586642865,0.26221063094885977,1.2163938458911814,-0.04626857028287574,0.2671375711677498,-0.7093428070138751,-0.17188764354038247,-0.6521134883790066,-1.5994906705064234,0.23290295293370586,0.726
0.2823244227959737,-0.27632311889292244,-0.1464597543788288,0.263815431497341,0.24017313539139737,0.0312592117504267,1.000320674395174,0.5582125081496039,0.5306635327367875,-0.16853305818033595,-0.25046823487735614,-0.20734427339100736,0.5251080142459241,-0.28541666539490185,-0.659476340421704,-1.4417335629367405,-0.9257073422363148,0.9080594870560589,0.31601668036864894,-0.1587266005670574,-1.3580702343841766,0.355
0.2857885261431635,0.3192566519380413,-0.1464597543788288,0.16290358582071238,-1.520033757719499,0.7572283860323281,-0.6810960638382118,-1.2065037605756632,1.5855127421678297,-0.5356904575720016,1.1794869365989187,0.2632600169600418,-0.5479425298237259,-1.84374692710573,-0.4305454395698744,1.1523328186338753,-1.358436412681194,-1.0363708697355867,1.0203511628090418,1.1947184348305289,-1.1252448898986327,0.295
0.2892526294903534,0.1315195502630639,-0.1464597543788288,1.100321520658862,0.7866524624121044,1.0379742776491563,0.6146530589122722,1.6581049194049653,-1.8833183119227128,0.5735936001645205,0.3203834343681132,0.9525958788827052,0.24074962006746672,1.9269278512308339,0.3461844026059749,-0.4745125010335992,-0.3515091526075327,0.7635410145918146,0.23951593133954288,0.10808156053282512,-0.1385089061265663,0.247
0.29271673283754324,0.6494150031595554,-0.1464597543788288,0.4948504465990937,-0.28215240921955465,0.0312592117504267,0.029096740282744064,0.8026330439841298,-0.5782805079471289,0.5501580214799462,0.10560755881041188,-1.0822705596774649,-0.9878932528922821,0.06177608721424652,-0.04218051848194885,0.1099214268301358,-0.16843146895777614,0.25378494808157226,0.2500677587918334,-0.837874647003122,-0.970027993574937,0.375
0.2961808361847331,0.7270993210940291,-0.1464597543788288,0.43111664932964444,0.7232487835864978,0.25528876162648256,0.5770269500846719,1.0128347048018196,-0.7811361251454056,1.300096539386327,0.8064551527355426,-0.9497059708461835,-0.24212312476387549,1.0872058449203355,-0.8311745160605752,-0.3753979752555391,-1.6496963639421705,0.20648799345691116,0.45846635097457117,-0.6729386928686493,-0.37133425061211023,0.461
0.299644939531923,1.9247325559171635,-0.1464597543788288,-1.0852166107060008,-0.5719977981366149,-1.7184399309524359,-1.3019268594936164,-1.2456110463091872,0.8146613968143759,-0.10603818168813749,1.3773068219810118,-0.21397250283257144,0.9114062101109978,-0.28541666539490185,0.8898952921290696,1.552208664014326,-0.22668345920997124,-1.1178267360336165,0.34239624899937526,-1.3957462565756036,-0.6873115038424908,0.451
0.30310904287911283,-1.642272375907418,-0.1464597543788288,-0.007053206897819025,0.9949788356962411,0.8309596302953332,0.39830293315356946,0.8564055618677237,-0.07790331885804438,-0.6997395083640224,-0.48220010061066554,0.9459676494411412,1.2869739005353755,0.5220083406728849,1.3641093010364307,-1.0350222330198724,-0.035284062667043946,0.19072234191535667,-0.45690468051163174,0.6950595149525667,1.0755089615480549,0.922
0.3065731462263027,-1.234429706751431,-0.1464597543788288,-0.6709469284545817,0.17676945656579077,0.0964830047523166,0.3112925564897441,-0.2483752601043278,0.5847583639896614,-0.3013346707262573,-0.9795758124285004,-0.33328063278072473,-1.1703118453841228,-1.2946979229796352,-0.1402937617041615,-0.18400440823583603,1.55416309992857,0.3930482033652981,-1.2931370061056562,-0.047152278652561094,0.6209451937429454,1.071
0.31003724957349255,0.6040991510311117,-0.1464597543788288,0.6780851137487601,0.9345943796718535,0.8139447277731017,0.8827390843089237,0.294238329448318,-0.17933112745718313,2.2297078272077786,-0.12612430692289753,-0.021753849027213334,-0.5318467716626811,1.0629830947383019,-1.7836905856762226,-0.19083989277225474,-0.850811926197778,1.417815553566301,0.1682910960365815,1.107399400288749,-0.5431815286847733,0.687
0.31350135292068243,-0.1403755625075934,-0.1464597543788288,1.2809006129223015,0.5481338611157732,1.148571144043665,0.7792672850330239,-0.8985338854241636,0.9431366210399517,0.05801086910388353,1.0607950053696626,-0.001869160702521098,0.4392639707203521,-0.9878764206738763,-0.4346334913707995,-0.7069189752718101,-0.5096216975777771,0.05408669522188953,1.294698676568595,1.6798241822848607,-0.6263334374296105,0.202
0.31696545626787226,-0.256902039409304,-0.1464597543788288,0.5081283210302288,0.7564602343999113,0.4424526893710346,1.171989795921101,1.5310062407710114,-1.9509368509888052,-0.15290933905728635,-0.7534959434203935,-0.7110897109498769,-0.3977154536539748,1.0791315948596576,-0.8311745160605752,-1.2469222536488287,0.6637398203592993,1.2601590381507621,-0.5967163942544811,-0.4837474513614598,-0.23274773603738172,0.56
0.32042955961506214,-0.13390186934638726,-0.1464597543788288,0.5134394708026834,0.08921199533042914,0.16454261484124486,-0.0038261049414067064,0.9981694726517476,-0.3551393290290236,-0.004484007388314951,0.8516711265371638,-0.3266524033391607,1.3889137022219924,0.15866708794238077,-0.11167739909768418,-0.3275495835006141,-0.3265440139280204,0.14342538729069557,0.35558603331473876,0.33608126183636117,-0.56535537101673,0.601
0.323893662962252,0.798309945867296,-0.1464597543788288,0.9091201288505141,0.17073101096335133,0.9727504846472677,0.3489186653173444,1.5163410086209415,-1.619606009564952,1.589135343162745,-0.7817559270464068,0.8531724372592443,-1.0039890110533263,0.8449783430999996,-0.8720550340698314,-0.5121076659838985,0.1477936209827126,0.12503212715888237,0.5138634450990962,0.12748579043099842,0.36040254634245583,0.492
0.32735776630944186,0.2350986408423622,-0.1464597543788288,1.5570804010899137,1.4297469190718315,1.9879730018071136,1.1908028503349013,0.5386588652828419,0.6861861725888002,1.3782151350015752,1.6712106516915506,0.7073513895448346,0.2568453782285115,-0.9071339200670976,-1.1418664529309153,-1.0486932020927084,1.695632219112473,1.36789099035138,1.1759906177303268,2.130972527417389,-1.4578525248779808,0.029
0.33082186965663174,0.12504585710185775,-0.1464597543788288,-0.9949270645742816,-1.5653220997377886,-0.9159036953204897,-1.438321503993667,-0.6101176531394236,-0.19285483527040165,-0.5591260362565761,-1.1604397076349855,-0.5453839749107751,1.5123145147900017,-0.7537231689142181,1.4376942334530893,1.6137280248420869,-0.12682290449192232,-1.3989808551913256,-0.47009446482699524,-2.1088517053334717,1.4912685052722399,0.973
0.33428597300382157,-0.11448078986276883,-0.1464597543788288,-0.6629802037959003,0.6598451047608912,-0.5273967543961912,-0.00852936854485622,2.2887099018580392,-3.7225425745204275,-0.6138090531872498,-0.7874079237716095,-1.539618391145386,0.1870970928639842,1.668551849289142,-0.03809246668102378,-0.40273991340121096,1.4210156936378384,0.3746549432334861,-0.4358010256070507,-2.57455322288963,0.3437721645934884,0.438
0.33775007635101145,-0.664744708565291,-0.1464597543788288,0.024813691736905615,0.28546147740968836,0.22976640784313476,0.35127029711907015,0.470221115249176,0.12495229834023314,1.1751067864019304,-0.10916831674728951,-0.23385719115726367,-0.02751301594994534,-0.01896641339253223,-0.07488493288935306,-0.7000834907353929,-0.035284062667043946,0.3483788573308957,-0.1377119000798434,0.6174425953598737,-0.21057389370542515,0.593
0.34121417969820134,-1.5386932853281197,-0.1464597543788288,1.4136793572336535,1.324074121029153,1.6788689393198968,1.1884512185331755,2.156722812507395,-0.5241856766942549,0.3861089706879251,1.0777509955452707,-0.021753849027213334,0.5358385196866207,-1.01209917085591,-0.5818033562041185,-1.9749013567773417,-0.8258467875182657,1.890785099812918,0.8910912765184824,0.3554854917345345,-1.1529621928135785,0.344
0.34467828304539117,1.4003634098594666,-0.1464597543788288,0.03012484150936031,0.20394246177676484,-0.27784485073678883,0.20546912541211856,-0.003954724269801816,0.7402810038416742,-1.8090235661005443,0.21299549658926248,-1.5131054733791298,-1.250790636189346,-1.7468559263775958,-1.1132500903244362,0.2056182103399873,-0.08521434002606852,0.36939972605296756,-0.169367382436715,-0.8524278194267519,-0.2715519601183057,0.788
0.34814238639258105,-0.5417445385023743,-0.1464597543788288,0.28771560547338415,0.01976987090238312,0.4452885064580743,0.4617969918001452,-0.8936454747074736,1.2068489233977118,0.3861089706879251,1.326438851454188,-1.453451408405053,-0.8537619348835758,-0.5437926673365936,0.10498934635136832,-0.32413184123240396,-0.5678736878299723,1.0552055681105619,0.257981629381051,-0.047152278652561094,-1.9678508985129815,0.449
0.3516064897397709,0.7788888663836783,-0.1464597543788288,-0.19825459870616569,-1.2422652600073147,-0.2041136064737826,-0.39654861582948386,-0.2972593672712317,0.07761932099396839,1.2844728202632774,0.3203834343681132,-0.42607584496262174,-0.8483966821632275,-0.5437926673365936,-0.7207971174355873,1.2651183134847714,-0.7509513714797289,-0.040507214027433874,-0.11924620203833527,-0.11021602582162424,-0.5487249892677625,0.77
0.35507059308696076,-2.1601678288039086,-0.1464597543788288,-0.2805774201792046,0.26130769499993334,0.39424379889137745,1.0779245238521005,1.4087959728537494,-1.7142719642574815,-0.1372856199342367,-2.65256684308849,0.9923652555320898,0.015409005812840689,1.5716608485610075,-0.8148223088568731,-1.335783552622263,0.7968872266500316,1.113012957096259,-1.2351019551180578,0.7387190322234567,1.2861604637016415,0.996
0.3585346964341506,-0.3151652778601593,-0.1464597543788288,-0.2885441448378861,-0.08590292714029543,0.24110967619128948,-0.5305916285278106,-0.11149976003699386,-0.5715186540405197,0.5110987236723221,-1.2678276454138364,3.073629300183209,0.4714554870424416,0.13444433776034717,0.5342347854485501,0.6635956742799903,0.3308713046324691,-0.4872006743714605,-0.5782506962129729,0.75812326212163,1.3138777666165873,0.793
0.3619987997813405,-0.5676393111471989,-0.1464597543788288,0.15493686116203212,0.7232487835864978,0.21842313949498005,0.7604542306192238,1.9416327409730132,-2.0117935361482884,-0.5122548788874272,1.2416589005761478,0.5151327357394765,-0.31187141012840275,0.029479086971535017,-0.025828311278246738,-0.8504641505365866,0.21436732412807868,0.6531814538009377,-0.3355586648102906,-0.7554066699358857,0.5599671273300649,0.613
0.36546290312853036,0.13799324342427005,-0.1464597543788288,0.34613825297037876,-1.7706292502207075,0.4424526893710346,-0.9656435118469376,-0.48790738522216165,0.03704819755431288,1.800055551323915,1.7220786222183746,0.051156674829991484,0.9865197481958734,-1.01209917085591,0.4197693350226353,1.2343586330708909,-0.5928388265094846,-1.1887721679706071,1.5136490962036235,0.9764208484760792,-0.9090499271620563,0.114
0.3689270064757202,0.6040991510311117,-0.1464597543788288,0.2744377310422492,-0.170441165574438,-0.33172537539052277,-0.16373706745870895,0.4408906509490319,-0.003522925885342623,0.1751887625267557,-0.3409001824805989,0.018015527622171092,1.3942789549423407,-0.24504541509151248,0.03958051753655988,0.2295424062174506,-0.4680131331119232,-0.41625524243446765,0.6404853745265826,-0.19753506036340396,0.37703292809142325,0.61
0.37239110982291007,0.6882571621267922,-0.1464597543788288,0.6382514904553552,1.0070557269011187,0.37722889636914597,0.9485847747572251,0.08403666863062606,-0.07790331885804438,-0.5669378958181008,-0.3069882021293829,0.9658523377658335,-1.2025033617062122,-0.47919866685117063,-1.4239420271947762,-0.6659060680533023,1.2545814357744232,1.0499503509300434,-0.8077529433002917,-0.17327977299068736,0.8925747623094131,0.6
0.3758552131700999,-0.19863880095844869,-0.1464597543788288,0.5346840698924998,0.19488479337310635,0.7402134835100954,0.6452242723346971,0.9150664904680097,-1.2612277525146625,-0.8012936826638449,0.04343559483318248,-1.72520881550918,-0.7679178913580037,1.2971363464979602,-0.17299817611156573,-0.4608415319607633,-2.789771030306564,1.5518235916695096,0.36613786076702926,-0.7651087848849722,0.061055674861042485,0.855
0.3793193165172898,0.28688818613201134,-0.1464597543788288,-0.5222347348258668,-0.170441165574438,-0.40829243674056737,-0.3589225070018836,0.23068899013133992,-0.5106619688810364,-0.2622753729186337,-0.018736369144046913,0.6675820128954502,0.8470231774668188,0.3766718395806832,-0.48777816478283087,0.5200504990152138,-0.068570914239727,-0.1193354717352028,-0.06384910791380968,0.12263473295645509,0.4047502310063689,0.787
0.38278341986447967,0.6623623894819677,-0.1464597543788288,-0.30447759415524783,-0.5267094561183239,-0.5557549252665787,-0.5023720469071115,-0.6785554031730916,0.41571201632443017,-0.3247702494108317,0.07169557845919584,1.0453910910646025,2.1132228194690055,-1.3592919234650582,-0.25884726393100316,0.7422037464487974,0.3641581562051522,-0.9838186979304081,0.78821095885865,0.5640809631398971,-0.38242117177808854,0.205
0.3862475232116695,-0.36695482314980843,-0.1464597543788288,1.3233898111019344,0.19186557057188733,1.213794937045555,0.4617969918001452,-0.26304049225439985,0.38866460069799313,-2.0199437742617143,1.4620867728590519,0.0047590687390429804,-0.7947441549597449,-0.22889691497015674,-1.9472126577132438,1.2104344371934277,1.2379380099880815,0.6111397163567941,0.6061919353066386,1.5391435155231044,-1.3580702343841766,0.125
0.3897116265588594,-0.3151652778601593,-0.1464597543788288,0.26647100638356774,-0.5719977981366149,0.5275272019821956,-0.24369254871735904,0.3235687937484599,-0.7946598329586242,0.823573106133314,-0.6743679892675561,0.08429782203781183,-0.23675787204352722,-0.4711244167904927,0.2398950557819121,0.6943553546938723,0.06457649205100496,-0.30064046446307235,0.529691186277532,0.1614431927528017,-0.12742198496058801,0.337
0.3931757299060492,-0.2698494257317163,-0.1464597543788288,0.4019053255811478,0.26130769499993334,0.16454261484124486,0.35362192892079597,0.6119850260331998,0.11819044443362389,-1.0278376099480642,0.3203834343681132,0.8200312900514239,1.2118603624505,0.5381568407942406,-0.013564155875471518,0.14409884951222637,0.35583644331198144,-0.014231128124843456,0.11289400191205647,0.6708042275798501,0.8759443805604457,0.513
0.3966398332532391,-0.056217551411914264,-0.1464597543788288,0.3195825041081088,0.01675064810116408,0.3176767375413328,-0.15668217205353363,0.5191052224160798,-0.5850423618537381,-0.09041446256508787,-1.748247367056063,-0.7044614815083129,0.23001911462677022,2.177229603111847,-0.9946965880975963,-0.44717056288792734,0.6720615332524702,-0.17188764354038247,0.1366356136797099,0.05957098578739196,0.9036616834753913,0.662
0.4001039366004289,-1.1437980024945449,-0.1464597543788288,0.0991697885512631,0.13751956014993919,0.5275272019821956,0.6311144815243465,-0.4292464566218757,0.1790471295931064,-0.9731545930173906,-1.3752155831926869,0.4157092941160155,-1.443939734121883,-0.9878764206738763,-0.8638789304679794,-0.3378028103052399,-0.33486572682119115,0.34312364015037833,-1.0557208884291192,0.33608126183636117,0.809422853564576,1.005
0.4035680399476188,-0.1403755625075934,-0.1464597543788288,-0.30447759415524783,0.9527097164791705,-0.07650183755704242,0.5088296278346466,-0.6883322246064716,1.6396075734207038,-0.9575308738943409,-0.7478439466951908,-0.9231930530799273,-1.1756770981044704,-1.3915889237077694,-0.9906085362966712,-0.3378028103052399,0.022967927585151388,0.46662124389254966,-0.8737018648771072,0.05957098578739196,0.731814405402728,0.9
0.4070321432948087,0.4293094356785465,-0.1464597543788288,0.2850600305871574,0.964786607684048,0.10215463892639458,1.1813963231280011,0.7341952939504618,0.6929480264954094,-0.004484007388314951,0.7329791953079079,1.4430848575584467,-0.8323009240021827,-0.6245351679433723,-1.7877786374771478,-1.1273012742615154,0.3308713046324691,1.320594035726719,-0.5940784373914088,0.7678253770707166,0.29942447992957527,0.765
0.4104962466419985,1.0507839791543363,-0.1464597543788288,1.0312765736169578,0.08015432692677067,0.48782576276365347,0.23839197063626932,0.9052896690346297,0.41571201632443017,1.307908398947852,1.1625309464233107,-0.035010307910341446,-0.20993160844178596,-0.6326094180040501,-0.01765220767639659,-0.15666247009016415,0.031289640478322146,0.11452169279784645,1.6429089824941825,0.6028894229362437,-2.017742043759884,-0.026
0.4139603499891884,0.11209847077944547,-0.1464597543788288,0.6833962635212149,1.5776888363315806,0.20707987114682533,1.2637034361883759,1.3794655085536076,-1.220656629075007,0.5110987236723221,-0.951315828802487,0.3560552291419388,-1.3205389215538739,0.029479086971535017,-1.1132500903244362,-1.0110980371424092,1.046538613445154,1.2154896921163596,-0.4278871550178331,0.43795346880177083,-0.19394351195645773,0.746
0.41742445333637823,-0.302217891537747,-0.1464597543788288,0.6780851137487601,0.7957101308157629,0.5757360924618528,1.2096159047487014,0.392006543782128,-0.7202794399859225,-0.46538372151827834,-0.9456638320772843,-0.6182944987679798,-1.8624294463090467,1.2567650961945709,-0.9088475002781606,-0.9529964185828569,0.16443704676905413,1.804074016334372,-0.92646100213856,0.24876222729458136,0.5710540484960432,1.013
0.4208885566835681,0.45520420832337105,-0.1464597543788288,0.4895392968266402,-0.20365261638785015,0.32618418880244915,-0.1754952264673338,-0.18482592078735188,-1.0448484275031664,0.6985833531489175,3.1520337936946494,-1.2015786896256182,-1.2454253834689983,0.8692010932820333,-0.4387215431717264,0.2808085402405857,-1.0588547485270468,0.017300174958264348,0.7618313902279237,-0.23634352015975052,-2.123067794836677,0.3
0.424352660030758,-0.08211232405673884,-0.1464597543788288,-0.04688683019122394,0.5300185243084576,0.33185582297652716,0.1796011755931431,-1.5438041000273093,1.6057983038876567,-0.14509747949576154,-0.11482031347249218,0.02464375706373517,1.2279561206115448,-1.1897326721908228,-0.005388052273619556,-0.08147214018956728,1.4543025452105214,-0.11145264596442556,0.22368819016110708,0.04501781336376198,0.027794911363107633,0.575
0.42781676337794783,0.8954153432853889,-0.1464597543788288,-0.3097887439277025,0.6326720995499158,-0.9726200370612632,0.3700833515328703,1.4527916693039633,-1.4843689314327677,0.3001785155111522,-1.2791316388642417,-1.4799643261713094,0.7289876176191578,0.16674133800305865,-0.810734257055948,-0.16349795462658287,-0.035284062667043946,0.14605299588095425,-0.5175776883623027,-1.0658743483066582,0.20518565001876016,0.813
0.4312808667251377,0.5458359125802571,-0.1464597543788288,-0.45053421289773604,-0.1764796111768761,-0.47068041265541893,-0.9632918800452139,-0.5465683138224476,-0.3348537673091959,-0.17634491774186078,-1.0247917862301215,-0.10792083176754626,0.5733952887290584,-0.212748414848801,0.9593921727448032,0.400429519627899,0.7053483848251532,-0.8892247886810836,0.05749690778753146,0.07412415821102193,0.5821409696620214,0.701
0.43474497007232754,-0.056217551411914264,-0.1464597543788288,0.37534957671887664,0.5873837575316262,0.3829005305432227,0.46885188720532056,-1.0842934926584014,-0.023808487605170375,-0.676303929679448,0.10560755881041188,-0.05489499623503368,0.4499944761610486,-0.8425399195816747,-0.5654511490004164,-0.6146399340301671,0.9966083360861294,0.19072234191535667,-0.23795426087660349,-0.1247691982452542,0.8704009199774565,0.659
0.4382090734195174,-0.710060560693734,-0.1464597543788288,0.47626142239550523,0.7202295607852788,0.6834971417693219,0.6005432681019215,1.1594870263025356,-1.6331297173781705,0.04238714998083391,-0.6856719827179615,-0.810513152573338,0.03150476397388545,2.0964871025050686,-0.3610485589541409,-1.1375545010661412,0.1894021854485664,1.0236742650274542,-0.30654113931649196,-0.10051391087253758,0.8537705382284891,0.732
0.44167317676670725,-0.47700760689031285,-0.1464597543788288,-0.8913596440114263,1.7648806500071814,-0.15306889890708703,1.3389556538435765,0.2502426329981019,-0.32133005949597737,-0.5278785980104768,-1.7878113441324817,-0.27362656780664807,-1.6907413592579026,-1.2543266726762459,-1.4566464416021805,-0.8231222123909163,2.061787586411986,1.212862083526101,-2.2639051317163843,-0.8960873366976418,0.9535528287222936,1.049
0.44513728011389714,0.21567756135874377,-0.1464597543788288,0.9489537521439201,0.5783260891279677,1.029466826388041,0.7298830171967967,0.6901995975002478,0.13847600615345088,0.4251682684955492,-1.4769515242463347,-0.174203126183187,-1.0415457800957646,0.06985033727492439,-1.370797353782745,-0.5257786350567344,0.9466780587271053,0.4955249383853988,0.20522249211959834,1.277186411897765,0.7817055506496302,0.578
0.448601383461087,-1.0790610708824835,-0.1464597543788288,0.11510323786862602,0.6900373327730843,-0.05665111794777136,0.7087183309812729,1.5945555800879894,-2.3228388158523137,-0.41851256414912946,-1.0417477764057295,-0.06815145511816184,-0.05970453227203486,2.903912108572856,0.46064985303188966,-0.621475418566586,-1.017246184061193,0.7372649286892252,-0.1535396412582792,-1.5121716359646435,0.7761620900666412,0.932
0.45206548680827685,2.222522441332646,-0.1464597543788288,-2.20321363780759,-2.018205519920696,-2.3593345926231764,-2.4777427603561244,0.13780918651422208,-1.3220844376741456,1.1438593481558312,-0.7195839630691775,0.4157092941160155,-0.17237483939934817,2.637461856570486,0.4851781638374437,2.8680394372747826,-1.2003238677109498,-1.6591141056269654,-1.2614815237487846,-0.8281725320540354,1.7351807709237619,1.033
0.45552959015546673,-1.0402189119152465,-0.1464597543788288,-1.1223946591131801,0.15865411975847382,-0.5585907423536169,0.9156619295330745,0.22580057941464998,-0.7405650017057501,-0.49663115976437755,0.12821554571122257,-0.015125619585649255,-0.5747687934254672,0.5704538410369522,0.03140441393470974,-0.23527054225897115,-0.2516485978894835,0.6820851482937869,-1.6281575277158797,-0.49830062378508977,1.2085520155397935,1.25
0.45899369350265656,0.07325631181220861,-0.1464597543788288,1.3207342362157064,0.6689027731645484,1.3187201692659856,0.6687405903519468,2.816658259260612,-2.295791400225877,1.1282356290327817,1.73338261566878,-0.16757489674162293,-0.11335705947551739,-0.0593376636959216,-0.7494134800420647,-0.860717377341214,0.07289820494417573,1.2154896921163596,1.674564464851054,-0.2654498650070104,-1.9235032138490684,-0.07
0.46245779684984645,0.5199411399354325,-0.1464597543788288,-1.393263297508339,-1.0913041199463465,-1.5256043690338057,-1.327794809312592,-1.807778278728595,1.3353241476232875,0.3782971111264003,0.30907944091770784,-0.8767954469889787,-0.0060520050685523245,-1.1251386717054002,1.6257446162956646,1.1660037877067113,0.8801043555817392,-1.724804320383441,-0.5676988687606823,-0.5419601410559797,0.3160548616785427,0.479
0.46592190019703633,-0.7294816401773525,-0.1464597543788288,-1.2896958769454836,-0.1432681603634626,-0.7429188530111307,-0.055562004579357616,-1.2602762784592594,1.1121829687051823,0.02676343085778429,-0.42568013335863886,-0.8237696114564661,-1.1327550763416843,-1.7468559263775958,1.077945674971643,0.2397956330220779,-0.3681525783938742,-0.5344976289961216,-1.1928946453088956,0.4476555837508575,0.5156194426661518,1.076
0.46938600354422616,0.5134674467742256,-0.1464597543788288,-0.28588856995165934,-1.190938472386587,-0.5529191081795403,-0.6528764822175105,-0.17016068863727984,0.5915202178962706,-0.6059971936257249,0.7612391789339212,-0.6912050226251847,1.6035238110359218,-1.2704751727976016,-0.44280959497265143,0.9541037670777536,-0.9090639164499733,-1.0600193470479182,0.4769320490160793,-0.988257428713965,-0.7649199520043388,0.238
0.47285010689141604,0.6170465373535239,-0.1464597543788288,-0.6098687060713592,-0.18553727958053456,-1.0548587325853858,-0.34716434799325874,0.1915817043978181,-0.9434206189040277,-1.0668969077556882,0.32603543109331584,-1.4070538023141044,-0.5854992988661637,0.9983890942528793,0.1826623305689538,1.0908134578061128,-0.09353605291923929,-0.49771110873249524,-0.4120594138393973,-1.3375335668810837,0.887031301726424,0.815
0.4763142102386059,-0.28279681205412854,-0.1464597543788288,-0.9072930933287892,-0.2851716320207737,-0.8478440852315614,-0.5658661055536851,0.10359031149738805,0.28047493819224517,-1.0434613290711139,-0.9060998550008657,0.4024528352328874,1.2655128896539825,-0.46305016672981486,0.19492648597173085,0.6499247052071544,0.11450676941002955,-1.0731573899992128,-0.485922206005431,0.006209353567415465,0.36594600692544493,0.925
0.47977831358579576,1.0637313654767486,-0.1464597543788288,-1.0799054609335474,-0.2640370724122377,-1.315753904592943,-0.4200649338467356,-0.9963020997579735,0.10466673662040539,-0.7466106657331713,-0.917403848451271,0.42896575299914363,-0.5854992988661637,0.5139340906122071,-0.33652024814858683,1.1796747567795471,0.1477936209827126,-0.28750242151177774,-1.807538594404819,-0.5565133134796096,0.5045325215001735,1.22
0.4832424169329856,1.1932052287008699,-0.1464597543788288,0.8321084571499298,-0.4059405440695488,0.9443923137768803,-0.14492401304490882,-0.9327527604409975,1.6598931351405308,-0.47319558107980314,0.8347151363615559,-0.35979355054698103,-0.18847059756039294,-0.7375746687928624,-0.7044449102318852,0.11675691136655451,-0.7675947972660705,-0.33479937613643884,0.9544022412322256,0.9764208484760792,-0.6873115038424908,0.358
0.48670652028017547,0.7788888663836783,-0.1464597543788288,0.6435626402278087,-1.526072203321937,0.19290078571163227,-1.2784105414763647,-0.3901391708883517,-0.19285483527040165,-1.1606392224939859,0.0603915850087905,-0.42607584496262174,2.338563433723632,0.8288298429786439,0.7181971164901984,1.6479054475241774,-1.391723264253877,-1.6433484540854109,2.2470011041378153,-0.24119457763429383,-0.2715519601183057,-0.07
0.49017062362736535,0.08620369813462089,-0.1464597543788288,0.330204803653017,0.9829019444913636,0.24961712745240455,0.1796011755931431,-0.4096928137551137,1.5855127421678297,-0.42632442371065427,-0.23351224470174814,-0.1476902084169307,-0.6713433423917351,-1.2220296724335344,-0.10350129549583222,-0.7205899443446461,1.013251761872471,-0.014231128124843456,-0.633647790337498,0.5398256757671805,0.29388101934658645,0.56
0.4936347269745552,0.3192566519380413,-0.1464597543788288,-1.6827209601070876,-0.5236902333171048,-2.1097826889637727,-0.7986776539244621,-0.7176626889066157,1.240658192930758,-1.1684510820555105,-0.25046823487735614,1.8606633123769836,1.458661987586519,0.07792458733560226,0.5137945264439211,1.4018280042131308,-0.9839593324885101,-0.92338370035445,-1.5252772100560468,-1.701362877471833,1.3693123724464786,1.018
0.49709883032174507,0.24157233400356834,-0.1464597543788288,-1.839399878394484,-1.6106104417560783,-1.2250077578077052,-1.6005840983126929,-0.7958772603736636,-0.26047337433649415,1.6047590622857946,0.5351593099258145,-2.089761434795204,-0.9664322420108891,0.16674133800305865,1.4826628032632707,1.0908134578061128,1.5708065257149115,-2.226677561122906,-0.5175776883623027,-1.109533865577548,0.4657282974192495,0.641
0.5005629336689349,0.5523096057414625,-0.1464597543788288,0.016846967078225337,-0.016460802712249412,-0.1785912526904348,-0.3989002476312097,0.8564055618677237,-0.4700908454413809,1.0501170334175336,0.5803752837274359,-2.447685824639664,0.16027082926224293,0.09407308745695801,0.44429764582818754,0.4653666227238701,1.0382169005519832,-0.58967740939156,0.036393252882950394,-0.9543000263921618,-0.05535699738172918,0.577
0.5040270370161247,1.1932052287008699,-0.1464597543788288,1.028620998730731,-0.09194137274273352,0.4594675918932673,-0.4036035112346592,-0.2972593672712317,-0.32133005949597737,1.3704032754400504,0.12821554571122257,0.15720834589501664,0.4499944761610486,0.2636323387311931,0.24398310758283717,0.147516591780435,-0.2849354494621666,-0.2980128558728137,1.1337833079211648,0.13233684790554173,-0.5376380681017842,0.277
0.5074911403633147,-0.2439546530868917,-0.1464597543788288,0.40456090046737453,0.2945191458133468,-0.03680039833850156,0.3018860292828451,-0.6443365281562576,0.14523786006006015,1.7453725343932411,-1.7595513605064683,-0.9894753474955679,-0.859127187603924,0.5381568407942406,-0.3038158337411826,0.3218214474590935,-0.6427691038685092,0.2485297309010549,-0.32236888049492773,0.879399698985213,0.2883375587635973,0.974
0.5109552437105045,1.8405745448214843,-0.1464597543788288,-0.5912796818677696,-0.7350358294024593,-0.5614265594406553,-0.8621717125710379,-1.2944951534760933,0.5239016788301781,-0.7934818231023202,-0.8439278910236363,-0.001869160702521098,-0.5854992988661637,-0.4469016666084592,-0.6349480296161498,0.9711924784187996,0.2809410272734448,-0.7026645787726966,0.11289400191205647,-0.20238611783794727,-0.5431815286847733,0.457
0.5144193470576943,0.7465204005776468,-0.1464597543788288,-1.7597326318076718,-0.2157295075927277,-1.68724594299501,-0.507075310510561,-0.06261565287008779,-0.686470170452877,0.6360884766567191,-1.3752155831926869,0.5416456535057328,-0.8913187039260135,1.0064633443135567,-0.14438181350508839,0.7080263237667083,2.4445863794978413,-0.23757785829685676,-1.9156948257907966,-1.0755764632557447,1.502355426438218,1.021
0.5178834504048843,1.374468637214642,-0.1464597543788288,0.478916997281732,0.2733845862048109,0.10782627310047131,0.11610711694656946,1.2034827227527496,-0.6458990470132214,0.3158022346342018,-1.940415255712954,-0.8767954469889787,0.5787605414494067,-1.2058811723121787,-0.18526233151434277,-0.29337216081852346,-0.1351446173850931,0.009417349187487104,-0.16672942557364268,-0.42068370419239665,0.9923570528032176,0.687
0.5213475537520741,-0.3734285163110146,-0.1464597543788288,-1.016171663664098,-0.3606522020512578,-0.904560426972335,-0.8950945577951887,-0.06261565287008779,-0.030570341511779626,-0.996590171701965,-0.832623897573231,-1.354027966781592,0.648508826813934,-0.6164609178826944,2.1326630396104282,1.063471519660441,1.188007732629057,-1.1940273851511267,-0.8446843393833086,-1.080427520730288,0.21072911060174931,0.855
0.5248116570992639,1.3679949440534365,-0.1464597543788288,-2.4820490008614304,-1.9246096130828936,-2.163663213617508,-2.207305103157747,-0.39502758160504164,0.11142859052701463,-0.7544225252946961,-0.8778398713748523,-1.7649781921585646,0.14954032382154642,0.09407308745695801,0.9798324317494321,2.625379736231946,0.9716431974066171,-1.724804320383441,-1.1533252923628063,-1.6043417279809666,1.1420304885439245,1.007
0.5282757604464539,0.9213101159302134,-0.1464597543788288,0.07526961457521993,0.6990950011767428,-0.34874027791275547,0.17254628018796989,1.3403582228200837,-0.551233092320692,0.39392083024944996,1.0212310282932437,-0.7840002348070816,0.4714554870424416,0.57852809109763,0.2725994701893163,-0.06096568658031262,-0.068570914239727,0.11452169279784645,0.2316020607503247,-0.6244281181232161,-0.13296544554357717,0.585
0.5317398637936437,0.6882571621267922,-0.1464597543788288,1.2118556658803976,-0.1130759323512695,0.8139447277731017,0.20311749361039486,0.167139650814364,1.1392303843316192,1.0188695951714344,1.0777509955452707,0.1704648047781448,0.8792146937889083,-1.5934451752247163,0.21127869317543294,-0.49160121237464377,-0.6677342425480213,0.1591910388322489,1.5637702766020036,1.063739883017859,-1.6463301846996117,0.229
0.5352039671408335,-1.5904828306177687,-0.1464597543788288,0.5453063694374081,0.5360569699108957,0.995437021343577,0.5511590002656964,1.3990191514203696,-1.328846291580755,-0.41851256414912946,-1.358259593017079,-1.3871691139894125,-0.17774009211969644,1.498992598014907,0.8653669813235173,-1.192238377357485,-1.3667581255743648,0.3641445088724502,0.052220994061386194,0.11293261800736845,0.37703292809142325,0.647
0.5386680704880233,-1.1243769230109264,-0.1464597543788288,1.4827243042755576,0.7323064519901563,1.5285706337068472,0.42417088297254496,1.2523668299196535,-1.4167503923666753,1.2922846798248022,0.5973312739030439,1.0851604677139868,-0.33869767373014403,1.6362548490464304,0.46064985303188966,-0.49160121237464377,-1.5248706705446091,0.7766790575431103,1.2287497549917796,1.4518244809813245,-0.7649199520043388,0.203
0.5421321738352133,-0.5805866974696111,-0.1464597543788288,-0.060164704622360086,0.6085183171401608,-0.39127753421833594,0.6028948999036473,-1.0402977962081874,1.2744674624638042,-1.355935711532106,-1.646511426002415,0.38256814690819513,-0.25285363020457197,-0.8586884197030304,-0.7003568584309583,-0.1669156968947915,1.0548603263383247,-0.016858736715102147,-0.9950478805784484,0.04501781336376198,0.4047502310063689,0.846
0.5455962771824031,0.45520420832337105,-0.1464597543788288,1.0498655978205476,0.6447489907547933,0.6494673367248578,0.5229394186449973,0.9297317226180817,0.4698068475773042,1.3313439776324263,-0.18829627090012693,0.6344408656876299,0.1173488074994569,0.7965328427359324,-0.4714259575791306,-0.2899544185503149,-1.9659214538826593,0.29845429411597474,0.6035539784435657,1.5973562052176242,0.29388101934658645,0.504
0.5490603805295929,0.9407311954138311,-0.1464597543788288,-0.5673795078917264,-0.4572673316902779,-1.1399332451965456,-0.8574684489675883,0.22580057941464998,-0.4565671376281624,0.3314259537572515,1.2586148907517558,-1.3871691139894125,0.1656360819825912,-0.49534716697252634,0.5383228372494752,0.7216972928395442,0.1477936209827126,-0.7052921873629564,-0.2696097432334751,-2.113702762808015,-0.11633506379460974,0.558
0.5525244838767829,-1.3444824904919355,-0.1464597543788288,-0.17169884984389575,0.8651522552438076,0.6806613246822836,0.504126364231197,-0.9816368676079015,1.0851355530787452,-1.6605982344315735,0.17908351623804647,-0.24711365004039176,-0.48892474989989515,-0.5357184172759157,0.7836059453050068,-0.8983125422915131,0.5722009785344212,-0.011603519534584763,-0.3645761903040899,1.2092716072541585,0.8704009199774565,0.848
0.5559885872239727,-0.010901699283471258,-0.1464597543788288,0.011535817305770642,0.7262680063877168,-0.2041136064737826,0.16784301658451828,-0.8056540818070436,1.3691334171563336,1.8469267086930639,0.8403671330867586,-0.008497390144085177,0.1388098183808499,-2.538132432324027,-0.18935038331526785,-0.5189431505203156,1.2046511584153985,-0.0010930851735488293,0.6563131157050184,0.29242174456547126,-1.5576348153717854,0.197
0.5594526905711625,0.4681515946457834,-0.1464597543788288,-2.3120922081428987,-1.215092254796342,-2.053066347222999,-1.5018155626402427,0.17691647224774606,-0.21990225089683862,-0.051355164757463816,-1.7708553539568737,-0.6116662693264158,-0.6445170787899939,1.2729135963159266,0.8408386705179632,1.0668892619286512,0.5971661172139333,-1.41737411532314,-1.7811590257740932,-1.3423846243556272,1.6852896256768597,1.305
0.5629167939183524,-0.010901699283471258,-0.1464597543788288,0.6409070653415819,0.03184676210726063,0.40275125015249374,0.12081038055001897,-0.7518815639234475,0.9160892054135147,-1.074708767317213,2.0046784584785082,-0.7442308581576972,0.5090122560848794,-0.454975916669137,0.6159958214670588,-0.34463829484165864,-1.2419324321768033,0.5848636304542048,0.8858153627923372,-0.14902448561797074,-1.1862229563115132,0.368
0.5663808972655423,0.40988835619492736,-0.1464597543788288,0.3859718762637849,0.41226883506090156,0.6608106050730125,0.3489186653173444,-0.5758987781225896,1.0580881374523081,0.23768363901895373,-0.7591479401455962,0.23011886975222143,-0.03824352139064185,0.6027508412796636,-0.6431241332180019,-0.3856512020601664,1.1713643068427155,0.37202733464322624,-0.07440093536610021,0.6174425953598737,0.7151840236537605,0.486
0.5698450006127321,-0.1403755625075934,-0.1464597543788288,0.2478819821799781,0.376038161446269,-0.5075460347869214,0.09494243073104351,0.9150664904680097,-0.5715186540405197,1.0579288929790585,-0.018736369144046913,-1.0756423302359008,1.2708781423743307,0.1263700876996693,0.027316362133784664,0.0005536742474483216,1.013251761872471,0.44822798376073764,0.7248999941449068,-1.3035761645592805,0.29388101934658645,0.335
0.573309103959922,-1.3315351041695231,-0.1464597543788288,0.12306996252730747,-0.1311912691585851,0.7742432885545596,0.4665002554035968,-0.8594265996906395,0.5847583639896614,2.8155972943221395,1.4394787859582412,0.4157092941160155,-0.032878268670293594,0.25555808867051527,0.0722849319439641,-0.7855270474406171,-0.4097611428597279,1.1918412148040292,0.30810280977943133,0.898803928883386,-0.892419545413089,0.405
0.5767732073071119,-0.15979664199121182,-0.1464597543788288,0.6435626402278087,1.2274589913901328,0.23543804201721147,1.4400758213177525,-0.5123494388056137,0.36161718507155616,0.24549549858047853,0.17908351623804647,0.23011886975222143,-1.42247872324049,0.5543053409155964,-2.127086936953967,-1.7014819753206232,-0.12682290449192232,1.7620322788902283,-1.1163938962797895,1.4324202510831512,-0.2604650389523274,0.902
0.5802373106543017,-0.7618501059833832,-0.1464597543788288,-0.5673795078917264,0.034865984908479676,0.08230391931712353,0.5088296278346466,-0.46835374235539967,0.2196182530327619,0.2923666559496274,1.2020949234997294,1.3237767276102934,0.5143775088052277,1.0306860944955902,-0.8638789304679794,-0.18400440823583603,0.5805226914275917,1.16293752031118,0.07068669210289433,1.1753142049323555,-0.205030433122436,0.756
0.5837014140014916,0.25451972032598064,-0.1464597543788288,1.5730138504072768,0.7957101308157629,1.321555986353024,0.6264112179208969,-1.0842934926584014,1.4029426866893793,-1.1372036438094113,-0.018736369144046913,2.344524061611161,-0.9396059784091478,-1.3269949232223468,-0.46324985397727864,-1.3289480680858443,2.1450047153436937,0.035693435090077524,0.6325715039373649,2.1067172400446728,-0.11633506379460974,0.133
0.5871655173486814,0.17036170923030075,-0.1464597543788288,-0.7638920494725278,-0.1825180567793155,-0.8620231706667558,-0.22487949430355889,0.6510923117667239,0.38866460069799313,-1.629350796185474,-0.2391642414269508,-0.33328063278072473,-0.18847059756039294,0.57852809109763,0.6364360804716878,0.09283271548909125,-0.3515091526075327,0.5480771101905785,-1.580674304180573,-1.5849374980827933,1.0256178163011525,1.05
0.5906296206958713,1.3874160235370543,-0.1464597543788288,0.7471300607906641,0.040904430510919104,-0.3714268146090649,0.6828503811622975,0.8857360261678677,-1.3897029767402382,-0.5435023171335264,-0.5387200678626923,0.7404925367526549,0.9596934845941321,0.2797808388525489,-1.7428100676669682,-0.19767537730867196,-1.3334712740016816,0.3641445088724502,0.45846635097457117,-1.2453634748647608,0.7151840236537605,0.505
0.5940937240430612,2.261364600299883,-0.1464597543788288,-1.2100286303586727,-0.5719977981366149,-1.6645594062987006,-1.1326093697694153,-0.5954524209893516,-0.38218674465546065,0.39392083024944996,-1.3808675799178896,-1.2148351485087463,-0.5694035407051189,0.03755333703221289,0.5505869926522504,0.8857489217135739,1.6040933772875947,-0.8971076144518607,-1.047807017839901,-1.871149889080849,0.277250637597619,0.672
0.597557827390251,0.09915108445703318,-0.1464597543788288,-0.4239784640354661,0.034865984908479676,-0.5614265594406553,-0.4036035112346592,0.6315386688999619,-0.8217072485850612,0.823573106133314,0.03778359810797981,-1.532990161703822,-1.1112940654602914,-0.9798021706131984,0.2398950557819121,0.7148618083031255,1.3045117131334476,-0.36633067921954665,-0.8552361668355991,-0.43523687661602656,-0.005465852134827216,0.675
0.6010219307374409,-0.36048112998860227,-0.1464597543788288,0.08323633923390138,0.6719219959657687,-0.21829269190897566,0.3677317197311445,0.5728777402996759,-0.9704680345304647,-0.08260260300356305,-1.2621756486886337,-0.9099365941967992,0.41243770711861083,1.3132848466193159,0.0027880513282305917,-0.09856085153061182,0.10618505651685878,0.0041621320069697215,0.29755098232714083,-1.1192359805266348,0.8315966958965325,0.566
0.6044860340846308,0.33867773142166047,-0.1464597543788288,-0.23543264711334502,1.462958369885245,0.09364718766527823,0.8262999210675233,0.005822097163578095,1.0580881374523081,-0.20759235598796003,-0.6800199859927588,0.7670054545189113,0.584125794169755,-0.7860201691569296,-1.6528729280466057,-0.36172700618270315,1.1796860197358863,0.25904016526209084,-0.5360433864038108,0.636846825258047,-0.04981353679874035,0.831
0.6079501374318206,-1.4286405015876151,-0.1464597543788288,-0.7107805517479866,-0.7561703890109966,-0.37993426587018125,-0.48120736069158554,-0.29237095655454176,-0.6323753392000029,1.0032458760483847,-0.2900322119537749,-2.103017893678332,-0.2635841356452685,-0.19659991472744523,0.8285745151151862,0.10308594229371858,-0.6178039651889968,0.3299855971990825,-0.19047103734129608,-1.4685121186937535,-0.4877469228548819,0.626
0.6114142407790105,-0.392849595794633,-0.1464597543788288,-0.07875372882594858,0.3216921510243209,0.3063334691931781,0.41946761936909543,-0.34614347443813775,0.21285639912615265,0.5267224427953717,0.8064551527355426,-0.8436542997811584,-1.8195074245462608,-0.8667626697637082,0.10907739815229521,-0.3275495835006141,0.5139489882822259,0.7635410145918146,-0.7998390727110741,0.1614431927528017,-0.06644391854770747,0.966
0.6148783441262003,-0.08211232405673884,-0.1464597543788288,1.1720220425869914,0.5783260891279677,0.9727504846472677,1.0450016786279497,0.1573628293809841,0.3954264546046024,2.010975759485084,2.49640217357114,-0.8303978408980301,-0.6445170787899939,-0.9959506707345541,-1.37488540558367,-1.1273012742615154,0.4889838496027136,0.8844110097437283,1.0177132059459688,0.8696975840361264,-2.3448062181562426,0.035
0.6183424474733902,-0.5611656179859927,-0.1464597543788288,0.5214061954613649,0.6658835503633292,0.21275150532090206,0.44063230558462135,1.3941307407036796,-0.8622783720247167,-0.7309869466101216,0.34864341799412657,-1.1021552480021573,-0.5962298043068602,0.8449783430999996,0.4238573868235604,-0.8948948000233046,0.5139489882822259,0.7451477544600025,-0.4199732844286149,-1.2841719346611076,0.19409872885278187,0.696
0.62180655082058,1.3291527850861997,-0.1464597543788288,-1.2020619056999913,-0.8376894046439202,-1.6106788816449653,-1.6052873619161425,1.0079462940851296,-1.382941122833629,0.5345343023568965,0.9477550708656093,-1.5131054733791298,0.6055868050511479,0.03755333703221289,0.7386373754948256,1.729931261961193,1.7455624964714975,-1.1835169507900898,-0.29071339813805613,-1.1531933828484378,0.29942447992957527,0.447
0.62527065416777,2.578575565198985,-0.1464597543788288,-1.4012300221670204,-2.7790496658279777,-1.9027680416099495,-2.750532049356225,-1.5926882071942132,0.733519149935065,2.0265994786081336,-0.5161120809618815,0.3030293936094262,1.7269246236039317,-0.8909854199457419,1.8342352581428651,3.2337378599731443,-1.3001844224289987,-2.865186448555839,0.9201088020122817,-1.890554118979022,0.8149663141475652,0.51
0.6287347575149598,-0.22453357360327328,-0.1464597543788288,-1.2418955289933973,0.12544266894506167,-1.1342616110224688,-0.4224165656484593,0.7830794011173678,-1.1530380900089146,0.23768363901895373,-0.9626198222528923,0.1770930342197089,0.5787605414494067,1.3213590966799937,1.2128513844021866,-0.22843505772255243,1.362763703385643,-0.5239871946350868,-1.4039311943547064,-1.6577033602009432,2.306157210971643,0.969
0.6321988608621496,1.037836592831924,-0.1464597543788288,-1.1755061568377212,-2.114820649559716,-0.8960529757112199,-2.7176092041320743,-0.9425295818743774,-0.5579949462273012,0.13612946471913162,0.10560755881041188,-0.3929346977548014,0.23001911462677022,1.18409684564847,2.1980718684252367,2.355378097043436,-0.8175250746250949,-2.2897401672891213,-0.045383409872301536,-1.3666399117283436,0.3992067704233798,0.691
0.6356629642093395,-1.0920084572048958,-0.1464597543788288,-0.6576690540234456,-0.14930660596590203,-0.4139640709146454,-0.4036035112346592,0.8515171511510338,-0.9163732032775906,0.4486038471801236,-0.8891438648252576,-0.21397250283257144,0.16027082926224293,1.3617303469833832,1.0166248979577615,-0.09172536699419309,1.9702487445871082,0.3299855971990825,-0.6257339197482803,-1.6480012452518564,0.9313789863903371,0.594
0.6391270675565294,-1.0855347640436896,-0.1464597543788288,0.1894593346829835,-0.019480025513468453,-0.02262131290330723,1.12025389628315,1.0666072226854157,-1.1259906743824775,-0.11385004124966229,-0.1713402807245189,0.6874667012201423,-0.6069603097475567,1.2971363464979602,-1.530231374018841,-0.5018544391792711,-2.040816869921196,1.0131638306664181,-0.5545090844453189,-0.2508966925833805,1.1974650943738152,1.107
0.6425911709037192,-1.6228512964237995,-0.1464597543788288,-0.3390000676762004,0.8319408044303954,0.025587577576349975,0.7769156532312981,2.2887099018580392,-1.6669389869112168,-1.4809254645165029,-1.9856312295145753,-0.40619115663792954,-0.25285363020457197,0.4897113404301734,-0.18526233151434277,-0.21818183091792662,1.1297557423768616,1.3337320786780136,-1.0319792766614653,-0.49830062378508977,2.0234407212391967,0.914
0.646055274250909,-1.325061411008317,-0.1464597543788288,1.6155030485869095,-0.9433622026865988,1.1173771560862393,0.2666115522569706,-1.1038471355251633,0.841708812440813,-0.1919686368649104,1.609038687714321,1.3635461042596777,0.7075266067377648,-0.31771366563761333,0.509706474642996,-0.10881407833523915,-2.040816869921196,0.42720711503866576,2.109827347258038,1.1753142049323555,-1.624156342367655,0.214
0.649519377598099,0.7788888663836783,-0.1464597543788288,-0.3788336909696053,-0.43009432647930385,-0.751426304272247,-0.32835129357945864,-0.8985338854241636,0.6456150491491447,0.5814054597260454,-0.6856719827179615,0.8664288961423725,0.9382324737127391,-1.1493614218874337,-0.7902939980513208,0.3662520969458099,2.020179021946132,-0.3952343737123958,-0.4753703785531405,0.2536132847691247,0.37703292809142325,0.642
0.6529834809452888,0.4681515946457834,-0.1464597543788288,0.5134394708026834,-0.3576329792500388,-0.11903909386262289,-0.30483497556220895,0.8564055618677237,-0.15904556573735537,0.4407919876185988,-0.20525226107573494,0.7007231601032705,0.9704239900348286,0.4251173399447504,-0.18935038331526785,-0.20792860411329928,-0.5012999846846063,-0.2901300301020364,1.2524913667594328,1.165612089983269,0.06659913544403162,0.176
0.6564475842924786,-1.603430216940181,-0.1464597543788288,0.8188305827187948,1.3059587842218374,1.3102127180048693,0.37478661513631983,0.42133700808226987,-0.13876000401752764,-1.3793712902166801,-0.9400118353520817,0.7471207661942191,1.2118603624505,0.3040035890345825,0.37071271341152895,-0.7855270474406171,0.08954163073051725,0.3142199456575292,0.05749690778753146,0.593187307987157,0.31051140109555353,0.657
0.6599116876396686,0.1185721639406516,-0.1464597543788288,-1.4941751431849664,-1.9366865042877723,-1.5511267228171535,-1.4006953951660668,-0.23859843867094574,-0.24018781261666639,-0.42632442371065427,-0.04134435604485744,0.9989934849736538,0.830927419305774,-1.2381781725548902,0.804046204309634,1.6068925403056697,-0.19339660763728844,-1.6459760626756708,-0.193108994204369,-0.6050238882250427,-0.1773131302074903,0.626
0.6633757909868584,-1.6163776032625934,-0.1464597543788288,0.40456090046737453,0.9376136024730726,0.5587211899396214,0.4476872009897967,-0.3901391708883517,0.18580898349971564,-1.1840748011785602,-0.5048080875114762,0.8995700433501926,0.3909766962372178,0.6027508412796636,1.2946124204206972,-0.6761592948579296,0.3308713046324691,-0.31903372459488555,-0.15881555498442448,-0.11506708329616755,0.9757266710542503,0.701
0.6668398943340482,1.1932052287008699,-0.1464597543788288,-0.7267140010653496,-0.5418055701244204,-1.1370974281095072,-0.8127874447348128,-0.1946027422207318,0.7740902733747205,2.0734706359772823,-0.1543842905489109,0.23011886975222143,-0.18847059756039294,-1.318920673161669,-0.6063316670096726,0.8515714990314848,-1.250254145069974,-0.7972584880220188,-0.33819662167336356,-0.3867263018705934,-0.46557308052292534,0.892
0.6703039976812382,0.6105728441923185,-0.1464597543788288,0.5346840698924998,-1.02790044112074,-0.15874053308116376,-0.5188334695191859,-1.1380660105419973,0.8822799358804685,-0.8481648400329937,3.072905839541812,-1.5727595383532065,1.3567221858999028,-1.2543266726762459,-0.09941324369490714,1.0258763547101433,-2.30711168250266,-0.33479937613643884,1.561132319738931,-0.1635776580416007,-2.804913446544341,-0.028
0.673768101028428,-1.2020612409454001,-0.1464597543788288,-0.8727706198078367,0.4605763998804116,-1.3611269779855617,0.8780358207054741,-0.7616583853568296,1.0716118452655268,1.261037241578703,-0.612196025290327,0.9592241083242694,0.026139511253537195,-0.3903819161837141,-0.9251997074818628,-0.4369173360833,-0.19339660763728844,0.5244286328782479,-1.9842817042306857,-0.6438323480213893,1.5300727293531637,1.328
0.6772322043756178,0.8695205706405642,-0.1464597543788288,-0.7028138270893064,-0.2519601812073602,-1.2023212211113958,-0.9092043486055372,0.6119850260331998,-0.8284691024916704,0.48766314498774765,-0.001780378968438895,-2.447685824639664,0.19246234558433245,-0.7860201691569296,0.9961846389531342,0.26371982889953965,0.22268903702124945,-0.8682039199590117,-0.23795426087660349,-0.07140756602527765,-0.1385089061265663,0.586
0.6806963077228076,1.0507839791543363,-0.1464597543788288,-0.26729954574806963,-0.578036243739053,-0.6294861695295836,-1.1279061061659637,0.35778766876529394,-0.3754248907488514,0.15956504340370606,1.3999148088818225,0.2367470991937855,1.1099205607638831,0.029479086971535017,0.4851781638374437,1.3403086433853684,0.16443704676905413,-1.5592649791971234,0.822504398078594,-0.22664140521066387,-0.7649199520043388,0.148
0.6841604110699976,-0.10153340354035727,-0.1464597543788288,1.084388071341499,0.08317354972798972,1.4746901090531133,0.5840818454898472,-0.24348684938763784,-0.5309475306008642,0.8938798421870373,0.7442831887583132,0.6609537834538862,0.004678500372144182,0.005256336789501394,-1.244067747954053,-0.5736270268116593,-0.9257073422363148,0.4456003751704778,0.709072252966471,1.1753142049323555,-1.258287943890372,0.242
0.6876245144171874,-0.5093760726963436,-0.1464597543788288,-1.0719387362748658,-0.13421049195980547,-1.3923209659429876,-0.015584263950031534,-1.6709027786612611,1.9777002687511662,-1.0200257503865393,-0.48220010061066554,-1.5793877677947705,-0.6445170787899939,-1.787227176680985,1.409077870846612,-0.6693238103215109,0.4307318593505183,0.014672566368005655,-1.216636257076549,-1.230810302441131,0.8925747623094131,0.997
0.6910886177643772,-0.6388499359204665,-0.1464597543788288,0.7418189110182094,1.1700937581669657,0.7657358372934445,0.8168933938606242,-0.18482592078735188,-0.06437961104482588,0.15175318384218126,0.27516746056649183,2.5963967803905956,-0.816205165841138,1.4505470976508397,-0.11167739909768418,-1.537430346446592,0.5722009785344212,1.1392890429988494,-0.00845201378928467,1.9514834008592863,0.44909791567028207,0.616
0.6945527211115672,0.7076782416104099,-0.1464597543788288,-0.15842097541276076,0.2764038090060299,-0.3714268146090649,-0.0955397452086837,2.670005937759897,-2.904358251820709,-0.9887783121404402,0.8177591461859479,-0.6646921048589284,-0.33333242100979577,0.5462310908549185,-0.26293531573192824,-0.16008021235837275,0.1477936209827126,0.8528797066606205,0.18148088035194493,-1.8517456591826755,-0.9811149147409152,0.476
0.698016824458757,-0.18569141463603642,-0.1464597543788288,0.2930267552458377,-0.1130759323512695,0.14752771231901343,0.4006545649552953,1.4087959728537494,-1.6331297173781705,-0.2700872324801581,-1.273479642139039,1.0719040088308587,-0.5854992988661637,2.346788854386083,0.1295176571569224,-0.7684383360995726,-0.6261256780821676,1.0473227423397848,-0.5149397314992297,-0.8718320493249253,0.49898906091718437,0.85
0.7014809278059468,1.9441536354007827,-0.1464597543788288,-1.0214828134365517,0.6477682135560137,-1.0066498421057275,-0.0931881134069579,-0.14083022433713577,0.4359975780442579,-0.051355164757463816,0.23560348349007318,-0.33328063278072473,-1.2239643725876053,0.013330586850179267,-0.7167090656346604,0.07574400414804672,0.8717826426885684,0.2196260364082058,-0.9185471315493423,-1.0658743483066582,0.4269240733383255,0.824
0.7049450311531367,-0.17921772147483025,-0.1464597543788288,1.164055317928311,0.43340339466943756,0.643795702550781,0.5182361550415456,-1.0402977962081874,0.9296129132267332,-0.43413628327217907,1.8803345305240493,-0.7508590875992612,0.1763665874232877,-0.8183171693996412,0.1295176571569224,-1.0726173979701716,-1.7828437702329025,0.4114414634971113,0.9385745000537898,0.75812326212163,-1.1418752716476002,0.581
0.7084091345003266,-1.8429568639048077,-0.1464597543788288,-0.599246406526451,0.34282671063285686,-0.12754654512373925,0.2242821798259187,-1.0940703140917833,1.2744674624638042,-1.4653017453934531,0.5577672968266252,1.277379121519345,0.14417507110119818,-1.0766931713413328,0.9471280173420279,-0.6488173567122577,0.5971661172139333,0.34312364015037833,-0.7286142374081127,1.2626332394741349,1.0256178163011525,0.752
0.7118732378475164,-0.043270165089501975,-0.1464597543788288,0.23194853286261635,-0.24592173560492211,0.18155751736347756,0.7792672850330239,2.7824393842437787,-1.7075101103508723,-1.3715594306551555,-0.46524411043505753,0.5283891946226046,-0.032878268670293594,2.5486451059030295,-0.8352625678615021,-0.389068944328375,-1.2668975708563157,0.8686453582021738,-0.31445500990570957,-0.6438323480213893,0.8371401564795217,0.763
0.7153373411947063,0.5134674467742256,-0.1464597543788288,-1.5871202642029136,-1.2815151564231664,-1.4462014905967226,-1.7416820064161929,-1.3189372070595453,0.5847583639896614,-0.7075513679255472,0.8121071494607452,1.6353035113638046,0.19782759830468072,-1.431960174011159,0.8858072403281445,2.129807107341644,1.22129458420174,-2.016468873902187,-0.33819662167336356,-0.8184704171049487,-0.04427007621575121,0.433
0.7188014445418962,0.7918362527060905,-0.1464597543788288,0.04605829082672204,-0.36970987045491627,-0.6266503524425452,-0.8480619217606873,-1.558469332177379,0.841708812440813,1.3938388541246247,-0.8947958615504603,1.6419317408053686,0.6216825632121927,0.7803843426145767,-0.03809246668102378,1.1386618495610394,-0.41808285575289866,-0.4556693712883515,0.3529480764516658,-0.6486834054959326,0.8704009199774565,0.642
0.722265547889086,0.9407311954138311,-0.1464597543788288,0.6382514904553552,0.2552692493974939,0.15319934649309014,0.4006545649552953,0.5777661510163659,-0.5985660696669567,-0.5591260362565761,1.3660028285306065,-0.33990886222228883,0.38024619079652133,1.3375075968013495,-0.32834414454673666,0.25688434436312246,-1.3501146997880233,0.7635410145918146,0.8093146137632311,-0.3915773593451367,-1.2804617862223286,0.389
0.7257296512362759,-0.4511128342454883,-0.1464597543788288,-2.1447909903105944,-0.7803241714207516,-1.8347084315210211,-0.9068527168038135,-0.9474179925910674,-0.39571045246867914,-1.8402710043466437,0.04343559483318248,0.6742102423370142,-0.0060520050685523245,-0.6003124177613386,1.3641093010364307,0.9472682825413363,1.4293374065310092,-1.2807384686296717,-2.192680296413423,-1.5315758658628167,1.7961588373366426,1.166
0.7291937545834657,0.8242047185121205,-0.1464597543788288,-0.2009101735923936,-1.2513229284109733,-0.19277033812562788,-0.779864599510662,0.240465811564722,-0.23342595871005714,0.3782971111264003,0.8460191298119613,0.27651647584316996,1.7430203817649765,0.013330586850179267,0.4729140084346667,0.4141004887007349,-1.5165489576514386,-0.9575426120278189,0.709072252966471,-0.8087683021558623,-0.1773131302074903,0.621
0.7326578579306556,-0.23748095992568555,-0.1464597543788288,1.421646081892335,0.351884379036514,1.2733470958733668,0.3912480377483963,1.3256929906700115,-0.6120897774801751,0.9798102973638103,1.1342709627972973,0.647697324570758,0.49291649792383463,-0.14008016430270012,0.03958051753655988,-0.13615601648091102,-1.2668975708563157,-0.24283307547737532,1.6692885511249087,1.8932707111647664,-0.282638881284284,0.178
0.7361219612778455,-0.5741130043084051,-0.1464597543788288,0.5373396447787266,0.5541723067182126,-0.062322752121849345,1.343658917447027,-0.0430620100033258,-1.2138947751683977,0.8157612465717893,-0.27872821850336954,0.641069095129194,-0.3762544427725818,1.369804597044061,-0.9906085362966712,-0.8538818928047968,-2.1739642762119282,1.7515218445291922,0.046945080335240925,0.15659213527825835,-0.011009312717816357,0.832
0.7395860646250353,1.2773632397965506,-0.1464597543788288,-1.972178622705836,-2.3956083700731177,-2.2544093604027453,-2.287260584416397,-0.6003408317060437,-0.8487546642114981,0.6360884766567191,-1.9178072688121433,-1.002731806378696,1.8556906888922897,0.885349593403389,1.077945674971643,2.17423775682836,-0.48465655889826476,-1.9481510505554542,-0.18783308047822375,-2.5648511079405436,0.7650751689006628,0.805
0.7430501679722252,2.2937330661059145,-0.1464597543788288,0.9675427763475086,-0.14930660596590203,-0.4479938759591095,0.10905222154139414,-0.7909888496569715,0.8146613968143759,-0.11385004124966229,-1.923459265537346,-0.06815145511816184,0.43389871800000385,-1.01209917085591,-1.6692251352503078,0.3457456433365553,0.039611353371492915,-0.48457306578120063,0.09442830387054833,0.2778685721418413,1.1974650943738152,0.64
0.7465142713194151,-1.1308506161721326,-0.1464597543788288,-1.4729305440951512,1.3331317894328114,-0.8251575485352532,0.929771720343425,0.9004012583179376,-1.3356081454873643,-0.43413628327217907,-0.2900322119537749,-1.1949504601840544,-1.1166593181806401,0.4977855904908513,-1.542495529421616,0.3218214474590935,0.746956949291007,0.7477753630502612,-2.2190598650441498,-1.6431501877773131,0.3992067704233798,1.457
0.7499783746666049,-0.2633757325705101,-0.1464597543788288,-1.9084448254363868,-0.5659593525341755,-1.42918658807449,-0.39654861582948386,0.6755343653501757,-1.085419550942822,-1.7621524087313958,0.07734757518439851,-1.0557576419112087,-0.15091382851795518,1.1679483455271142,0.22763090037913505,0.226124663949242,1.3294768518129598,-0.6028154523428546,-1.498897641425321,-2.9044251311585763,0.09985989894196648,0.962
0.7534424780137948,0.12504585710185775,-0.1464597543788288,0.5877955676170409,0.6054990943389418,0.5587211899396214,0.8357064482744243,1.7363194908720134,-0.7405650017057501,0.47203942586469805,-0.4369841268090442,0.9989934849736538,0.19782759830468072,0.9822405941315235,-0.3569605071532158,-0.19425763504046334,-0.8092033617319242,0.3983034205458167,-0.24059221773967582,0.015911468516502113,0.9701832104712611,0.748
0.7569065813609847,0.25451972032598064,-0.1464597543788288,1.1321884192935865,-1.052054223530495,0.7005120442915546,-0.507075310510561,0.7146416510836998,-0.551233092320692,1.5656997644781705,-1.222611671612215,0.561530341830425,2.0595702922655232,0.9176465936461005,0.5056184228420709,0.6567601897435731,-0.6594125296548506,-0.46092458846887124,1.8381177903615573,0.25846434224366804,-0.3879646323610777,-0.027
0.7603706847081745,-0.47700760689031285,-0.1464597543788288,1.3871236083713836,-0.6263438085585631,1.5512571704031566,0.2572050250500695,0.6706459546334859,0.0032389280212666276,1.9094215851852623,0.009523614481966449,1.111673385480243,1.0026155063569182,0.2474838386098374,0.6650524430781651,-0.7513496247585265,-2.9229184365972958,0.35626168310167294,1.4688038295313888,1.7525900444030105,-0.8868760848300998,0.315
0.7638347880553643,1.4586266483103225,-0.1464597543788288,-1.3295295002388898,-2.1057629811560576,-0.9556051345390318,-2.155569203519796,-0.7567699746401396,-0.5039001149744271,1.7375606748317165,0.28647145401689716,-0.631550957651108,0.1173488074994569,0.7642358424932209,2.230776282832641,1.8939828908352243,-1.8078089089124147,-1.6013067166412671,0.6826926843357447,-0.5371090835814363,-0.6207899768466213,0.498
0.7672988914025543,1.4780477277939403,-0.1464597543788288,-0.2646439708618429,-0.8558047414512344,-0.7230681334018609,-1.1279061061659637,-0.8692034211240195,0.5239016788301781,0.6673359149028183,-0.6856719827179615,-1.2479762957165668,0.4982817506441829,-1.060544671219977,0.9185116547355487,1.1728392722431285,-0.5096216975777771,-1.4226293325036574,0.36613786076702926,0.43310241132722754,0.09985989894196648,0.635
0.7707629947497441,0.19625648187512534,-0.1464597543788288,0.5293729201200451,-0.16138349717077954,-0.10769582551446819,0.09494243073104351,1.1154913298523195,-0.6458990470132214,-0.12166190081118711,0.6990672149566919,-1.8710298632235893,0.4392639707203521,0.1505928378817029,-0.230230901324524,-0.29337216081852346,-0.0019972110943608998,-0.04313482261769257,1.334268029514685,-1.3375335668810837,-1.0808972052347197,-0.007
0.7742270980969339,-0.2892705052153347,-0.1464597543788288,-1.0799054609335474,-0.32442152843662525,-1.196649586937319,-0.48591062429503507,0.12314395436415006,-0.05085590323160737,1.1438593481558312,-1.0587037665813375,-0.13443374953380255,0.4660902343220934,-0.5922381677006607,-0.7371493246392894,0.5029617876741692,-0.0019972110943608998,0.07773517253422126,-1.1770669041304604,-0.9057894516467285,0.6264886543259346,0.962
0.7776912014441238,0.3192566519380413,-0.1464597543788288,-1.5180753171610109,-1.1818808039829285,-1.7638130043450546,-1.3183882821056907,-0.24348684938763784,0.9160892054135147,-1.270005256355333,-1.392171573368295,-1.9704533048470505,0.3158631581523423,-0.08356041387795522,1.1637947627910803,1.0908134578061128,0.6970266719319824,-1.5119680245724623,-1.2324639982549854,-1.992426325944432,0.8149663141475652,0.841
0.7811553047913137,-0.10153340354035727,-0.1464597543788288,0.9595760516888283,0.6266336539474777,1.3640932426586045,0.5064779960329209,-0.48790738522216165,1.4435138101290348,-0.035731445634414195,0.6029832706282465,0.1704648047781448,0.20319285102502896,-1.6015194252853941,-0.35287245535228895,0.03131335466132879,0.46401871092320135,-0.245460684067634,0.901643103970773,1.4324202510831512,-0.7205722673404257,0.395
0.7846194081385035,-1.8429568639048077,-0.1464597543788288,1.1056326704313153,-0.6988051557878281,1.786629988627367,0.15138159397244394,0.4995515795493179,-0.3551393290290236,0.3704852515648755,0.7386311920331106,-0.4128193860794936,0.5197427615255759,-0.010892163331854355,0.820398411513336,-0.9940093258013647,0.2975844530597863,0.3115923370672705,0.8567978372985385,0.9327613312051893,-0.49329038343787107,0.55
0.7880835114856933,0.39046727671130965,-0.1464597543788288,-0.3575890918797889,1.399554691059637,-0.3714268146090649,0.5699720546794965,-0.45857692092201763,1.4502756640356447,0.8548205443794133,-0.4313321300838415,0.9923652555320898,-1.2025033617062122,-1.246252422615568,-0.806646205255023,-0.34122055257345,1.3877288420651552,0.6190225421275712,-0.7444419785865485,0.37003866415816433,-0.13296544554357717,0.608
0.7915476148328833,-0.36695482314980843,-0.1464597543788288,1.567702700634822,0.5451146383145542,1.5909586096216988,0.960342933765849,1.0910492762688675,-0.9366587649974184,0.2767429368265778,1.3829588187062145,0.8465442078176802,0.015409005812840689,0.69156759194712,-0.5736272526022683,-0.2557769958682243,-1.050533035633876,1.3836566418929346,0.8647117078877561,1.7913985041993572,-0.5043773046038493,0.401
0.7950117181800731,0.40988835619492736,-0.1464597543788288,1.0737657717965907,0.6447489907547933,0.7005120442915546,1.0544082058348496,2.547795669842635,-2.160554322093692,-0.39507698546455505,0.03213160138277714,-1.72520881550918,-0.6606128369510387,1.6847003494104977,-0.8965833448753836,-1.1409722433343514,-1.7495569186602193,1.331104470087755,0.0997042175966936,-1.2890229921356509,-0.03318315504977292,0.643
0.7984758215272629,-1.2797455588798738,-0.1464597543788288,-0.07609815393972182,-0.15232582876712109,-0.2721732165627109,0.4594453599984215,-1.0794050819417114,0.7470428577482834,0.6048410384106198,-0.7987119172220148,-1.36728442566472,-0.27967989380631325,-0.8183171693996412,0.0722849319439641,0.055237550538792056,-1.325149561108511,0.3772825518237448,-0.44107693933319597,-0.6923429227668226,-0.03318315504977292,0.874
0.8019399248744529,0.27394079980959907,-0.1464597543788288,0.9489537521439201,1.0915939653352613,0.272303664148714,0.8733325571020246,-1.1527312426920695,1.8018920671793257,0.40954454937249957,0.5351593099258145,0.7868901428436035,-0.043608774110990095,-1.2946979229796352,-0.34878440355136386,-0.9222367381689764,0.8801043555817392,0.3983034205458167,0.5138634450990962,0.2972728020400146,-0.37133425061211023,0.226
0.8054040282216427,-2.7233791338288427,-0.1464597543788288,-0.7718587741312092,1.0070557269011187,0.3006618350191014,1.2566485407832007,0.27468468658155604,1.0378025757324805,-1.871518442592743,0.020827607932371792,-0.7309743992745692,-2.1950751149706385,0.06177608721424652,0.5383228372494752,-1.6604690681021153,-0.33486572682119115,1.0893644797839284,-2.2137839513180038,0.578634135563527,0.49898906091718437,1.358
0.8088681315688325,1.283836932957756,-0.1464597543788288,0.6515293648864902,0.2794230318072489,0.025587577576349975,-0.5047236787088352,-0.7029974567565436,-0.19285483527040165,1.7844318322008652,0.026479604657574467,-0.6646921048589284,0.3641504326354766,1.9027051010488003,0.06819688014303903,0.7900521382037239,-1.0006027582748516,-0.38209633076110117,0.8488839667093203,0.07897521568556524,-0.3990515535270556,0.52
0.8123322349160224,0.8954153432853889,-0.1464597543788288,-0.7718587741312092,-0.4451904404854004,-0.9130678782334514,-0.8739298715796627,-0.5661219566892096,0.02352448974109438,-1.1450155033709362,-0.39742014973262546,-0.7243461698330051,0.1656360819825912,-0.454975916669137,1.1678828145920055,1.1352441072928308,1.43765911942418,-1.0705297814089532,-0.7444419785865485,-1.2065550150684143,0.9147486046413696,0.748
0.8157963382632123,-0.528797152179962,-0.1464597543788288,-0.12389850189180937,0.02882753930604159,-0.18993452103858952,0.2242821798259187,-0.08705770645354191,-0.4836145532545994,2.284390844138452,0.6368952509794626,0.04452844538842741,-0.30650615740805454,-0.5518669173972715,0.0027880513282305917,0.07916174641625531,-0.6427691038685092,-0.019486345305362005,-0.20366082165665897,0.9182081587815594,-0.7981807155022737,0.705
0.8192604416104021,-0.25042834624809784,-0.1464597543788288,-1.1967507559275377,-0.09797981834517294,0.005736857967078917,-0.20606643988975876,-0.17993751007065975,0.7470428577482834,-0.6997395083640224,-0.7308879565195828,-1.8975427809898457,-1.7122023701392957,-0.2934909154555797,-0.013564155875471518,0.226124663949242,0.921712920047593,0.26692299103286693,-1.8945911708862155,-0.3285136121760736,0.4102936915893581,1.12
0.822724544957592,0.30630926561562904,-0.1464597543788288,1.1348439941798132,0.1677117881621323,0.6466315196378194,0.5793785818863977,0.17202806153105613,-0.8014216868652334,1.1204237694712569,1.0777509955452707,-0.18745958506631513,0.48755124520348636,1.2567650961945709,0.22763090037913505,-0.06780117111673134,-1.97424316677583,0.7845618833138863,1.0783862137966398,-0.7845130147831456,-0.970027993574937,0.402
0.8261886483047819,-1.325061411008317,-0.1464597543788288,0.8347640320361566,1.6048618415425548,1.2648396446122505,0.838058080076148,-0.8789802425574015,0.8214232507209852,-0.6528683509948735,-0.1713402807245189,0.20360595198596512,-0.7840136495190485,-1.8356726770450524,-0.7330612728383625,0.11675691136655451,2.1200395766641815,0.29057146834519865,-0.34347253539950884,0.6465489402071336,1.9347453519113704,0.74
0.8296527516519717,-0.017375392444677402,-0.1464597543788288,-0.03095338087386221,-0.043633807923223474,-0.09918837425335184,-0.1402207494414572,0.9199549011846996,-0.1319981501109184,-0.9887783121404402,0.3825553983453425,-1.2413480662750027,0.03150476397388545,0.7319388422505094,-0.5409228381948641,0.04156658146595612,-0.3265440139280204,-0.03525199684691532,0.33712033527323004,-0.7020450377159092,0.5100759820831626,0.439
0.8331168549991615,1.5751531252120332,-0.1464597543788288,0.8267973073774751,0.34886515623529496,0.19290078571163227,0.2736664476621438,0.6510923117667239,-0.4768526993479902,0.5814054597260454,0.04343559483318248,2.1324207194811104,1.5713322947138324,0.7400130923111873,-1.268596058759607,-0.03704149070284936,0.13947190808954182,0.14079777870043686,1.0757482569335668,0.6271447103089604,0.22735949235071673,0.27
0.8365809583463515,-0.30869158469895314,-0.1464597543788288,0.9462981772576922,0.2794230318072489,1.5682720729253894,0.2266338116276445,-0.8105424925237334,0.5847583639896614,0.9641865782407606,1.089054988995676,0.25663178751847776,1.6947331072818421,-1.6338164255281058,-0.5368347863939372,-0.5428673463977789,0.13115019519637106,-0.3926067651221371,1.7985484374154677,-0.09566285339799425,-0.4045950141100448,0.035
0.8400450616935413,0.2092038681975376,-0.1464597543788288,2.0297727308383298,1.0674401829255062,1.573943707099466,1.0167820970072494,0.35778766876529394,-0.16580741964396464,-0.14509747949576154,0.2073434998640598,0.051156674829991484,0.809466408424381,0.6673448417650865,-1.9513007095141688,-0.9359077072418124,-1.832774047591927,1.212862083526101,1.4450622177637356,0.6319957677835036,-0.6207899768466213,0.086
0.8435091650407311,-1.1696927751393695,-0.1464597543788288,0.26647100638356774,-0.040614585122004436,1.162750229478858,0.2289854434293703,-0.3999159923217338,1.294753024183632,-0.6919276488024976,0.9307990806900013,0.833287748934552,0.04760052213493021,-1.310846423100991,0.03140441393470974,-0.4198286247422555,1.728919070685156,0.20386038486665248,0.43736269606999006,1.1171015152378356,0.12203374127392304,0.261
0.846973268387921,-0.049743858250708116,-0.1464597543788288,-0.5647239330054996,0.7836332396108854,-0.5841130961369647,0.35362192892079597,-0.17504909935396978,0.016762635834485128,-0.16853305818033595,0.4221193754217612,0.45547867076539994,1.4211052185440813,0.4008945897627168,-0.33243219634766175,0.09625045775729986,0.5638792656412505,1.0972473055547056,-0.37776597461945277,-0.7214492676140823,0.10540335952495561,0.6
0.8504373717351109,0.6558886963207607,-0.1464597543788288,0.8002415585152052,1.1670745353657452,0.4112587014136101,0.7251797535933472,-0.3803623494549718,-0.003522925885342623,0.8079493870102644,-1.0417477764057295,-0.27362656780664807,-0.880588198485317,0.6592705917044085,-2.2579045945835836,-0.672741552589721,1.936961893014425,0.6558090623911965,0.33975829213630293,-0.003492761381671182,0.7927924718156085,0.354
0.8539014750823007,2.5656281788765725,-0.1464597543788288,-0.21153247313730184,-1.6075912189548605,-0.5273967543961912,-1.7252205838041186,-1.1967269391422835,0.3007604999120729,1.112611909909732,1.1681829431485133,0.2367470991937855,1.7483856344853248,-0.10778316405998885,0.6977568574855694,1.4872715609183549,-1.2336107192836325,-1.8325362725840577,1.6877542491664173,-0.11021602582162424,-1.3857875372991222,0.22
0.8573655784294906,-0.23748095992568555,-0.1464597543788288,-0.3575890918797889,-0.09194137274273352,0.22693059075609515,-0.2907251847518583,0.31379197231508005,-1.328846291580755,0.05801086910388353,0.2582114703908839,1.6220470524806765,1.0455375281197041,-0.4469016666084592,0.7999581525087089,0.4243537155053623,-0.24332688499631278,-0.4872006743714605,0.22105023329803414,0.5737830780889838,-0.4378557776079796,0.553
0.8608296817766805,-1.0661136845600712,-0.1464597543788288,0.7550967854493456,1.0221518409072152,1.2790187300474447,1.009727201602074,1.1643754370192256,-0.34161562121580513,-0.10603818168813749,0.6425472477046653,0.01138729818060706,-0.20993160844178596,0.3040035890345825,-0.9170236038800126,-0.4608415319607633,0.3308713046324691,1.6674383696409047,0.26589549997026923,-0.21693929026157724,-1.2305706409754262,0.351
0.8642937851238703,0.636467616837143,-0.1464597543788288,1.164055317928311,0.004673756896286569,0.8111089106860634,0.4570937281966957,0.8026330439841298,0.32104606163190064,0.1830006220882805,1.7390346123939826,0.5416456535057328,0.6860655958563717,-1.1009159215233666,-0.8802311376716815,-0.4061576556694196,-0.27661373656899585,0.11189408420758776,1.3580096412823384,0.898803928883386,-1.0365495205708064,0.235
0.8677578884710602,1.4974688072775595,-0.1464597543788288,0.9197424283954223,-1.196976917989025,0.24110967619128948,-1.0597087839159383,-1.1722848855588315,1.2068489233977118,0.6829596340258679,1.1681829431485133,0.6145561773629377,0.6860655958563717,-2.0052319283192874,0.12134155355507044,1.0976489423425315,-0.33486572682119115,-1.1835169507900898,2.0676200374488762,0.04016675588921866,-1.1418752716476002,-0.06
0.87122199181825,-0.29574419837654087,-0.1464597543788288,0.776341384539162,1.3361510122340305,1.148571144043665,0.8662776616968493,-0.21415638508749377,-0.21314039699022938,1.112611909909732,-0.527416074412287,0.0047590687390429804,-0.4460027281371091,0.6592705917044085,-0.6962688066300332,-0.8572996350730053,0.8052089395432024,0.6111397163567941,0.36613786076702926,0.0013582960928721413,7.760844816192553e-05,0.492
0.8746860951654399,-1.4286405015876151,-0.1464597543788288,0.17352588536562058,1.1851898721730623,1.1031980706510462,1.2590001725849265,0.06937143648055402,0.29399864600546366,-0.8012936826638449,-0.10916831674728951,-0.7972566936902098,-1.6317235793340712,0.15866708794238077,-1.3544451465790428,-1.1136303051886796,1.7205973577919853,1.1918412148040292,-0.947564657043141,1.0976972853396623,0.47127175800223864,0.935
0.8781501985126298,-1.467482660554852,-0.1464597543788288,-0.4239784640354661,-0.28215240921955465,-0.45082969304614784,0.6428726405329713,0.22091216869796002,0.45628313976408563,0.22205991989590412,0.08865156863480386,-0.4194476155210577,-0.9610669892905402,0.1505928378817029,0.15404596796247466,-0.7650205938313624,-2.032495157028025,0.3142199456575292,-1.6756407512511877,-1.2405124173902176,0.5932278908279998,1.334
0.8816143018598196,0.38399358355010277,-0.1464597543788288,0.16290358582071238,1.064420960124287,0.1134979072745493,0.6099497953088227,-0.4488000994886377,1.1798015077712747,0.2923666559496274,0.6990672149566919,1.38343079258437,-0.923510220248103,-0.6568321681860837,-0.28337557473655545,-0.29337216081852346,1.4126939807446675,0.0041621320069697215,-0.8657879942878897,1.7962495616739005,1.0644220403820766,0.922
0.8850784052070095,-1.6099039101013872,-0.1464597543788288,1.0126875494133694,0.32773059662675896,1.5115557311846157,0.6993118037743717,2.459804276942206,-1.46408336971294,0.7142070722719667,0.054739588283587826,-0.5453839749107751,0.24074962006746672,1.7492943498959206,0.66096439127724,-1.250339995917039,-0.7176645199070459,0.7871894919041462,0.9121949314230635,0.7775274920198032,-0.5210076863528168,0.434
0.8885425085541994,-1.1308506161721326,-0.1464597543788288,0.30630462967697386,0.9829019444913636,0.272303664148714,0.8709809253002988,1.1203797405690117,-1.004277304063511,-0.5435023171335264,-0.21655625452614027,-0.028382078468777414,0.4768207397627899,0.7965328427359324,0.12542960535599731,-0.5121076659838985,1.1297557423768616,0.7162440599671533,-0.6151820922959897,-0.9445979114430751,0.6985536419047932,0.729
0.8920066119013892,-0.438165447923076,-0.1464597543788288,-1.3826409979634309,-0.1553450515683401,-1.1342616110224688,-0.04380384557073279,-0.8643150104073295,0.2060945452195434,-0.8325411209099441,-0.6065440285651243,1.0321346321814742,0.010043753092492435,0.44126584006610614,-0.16891012431064065,0.14068110724401625,-0.2599703107826543,0.006789740597228413,-1.9631780493261046,-1.2744698197120208,2.034527642405175,1.344
0.895470715248579,-0.15979664199121182,-0.1464597543788288,0.4417389488745527,0.010712202498724654,0.8423028986434878,0.10434895793794254,0.8221866868508897,-1.2612277525146625,-0.2935228111647325,0.0829995719096012,0.22349064031065735,-2.576008058115364,1.0226118444349124,-0.647212185018927,0.3901762928232732,0.2559758885939325,-0.02474156248587939,-0.7101485393666046,0.9764208484760792,0.7207274842367497,0.831
0.898934818595769,-1.3897983426203784,-0.1464597543788288,-0.4983345608498224,-0.13421049195980547,0.14185607814493545,-0.08378158620005678,-0.31192459942130374,-0.030570341511779626,-0.7544225252946961,-0.7591479401455962,2.2318441611045716,1.2225908678911965,0.6996418420077979,0.0027880513282305917,0.4551133959192427,-0.26829202367582505,-0.23495024970659809,-0.8103909001633647,0.3506344342599912,2.112136090567023,1.146
0.9023989219429588,-0.8201133444342384,-0.1464597543788288,0.8453863315810648,0.5964414259352833,1.114541338999201,0.6546307995415982,0.470221115249176,0.59828207180288,-0.5669378958181008,-0.3352481857553962,0.11081073980406815,0.05296577485527846,-0.010892163331854355,0.06002077654118888,-0.5975512226891226,0.5139489882822259,0.38779298618478075,0.257981629381051,0.26331539971821133,-0.17176966962450116,0.28
0.9058630252901486,0.07325631181220861,-0.1464597543788288,1.4535129805270597,0.17073101096335133,1.0663324485195438,0.5111812596363703,-0.6003408317060437,0.5915202178962706,1.3391558371939511,0.30907944091770784,0.38256814690819513,0.7772748921022915,-0.25311966515219037,0.28486362559209155,-0.5565383154706148,-0.235005172103142,0.2616677738523495,1.2287497549917796,0.9521655611033626,-0.9035064665790672,0.18
0.9093271286373386,0.42283574251733963,-0.1464597543788288,-0.7745143490174359,0.26432691780115236,-1.1597839648058166,-0.38243882501913534,-0.7763236175069016,-0.3754248907488514,1.1985423650865046,-1.3356516061162684,-0.35316532110541693,0.25148012550816323,-1.61766792540675,-0.2997277819402575,0.3457456433365553,2.1200395766641815,-0.33742698472669874,-0.7576317629019119,-0.7990661872067756,1.0145308951351741,1.05
0.9127912319845284,-0.8589555034014753,-0.1464597543788288,0.9436426023714655,0.42736494906699946,1.2534963762640958,0.4006545649552953,0.0987019007806981,-1.1057051126626496,0.6673359149028183,-0.9569678255276897,0.11743896924563223,-0.7249958695952177,1.4101758473474504,0.22763090037913505,0.08941497322088265,1.3877288420651552,0.6873403654743043,0.1366356136797099,0.5640809631398971,1.3194212271995764,0.475
0.9162553353317182,0.6235202305147308,-0.1464597543788288,0.7497856356768908,1.420689250668173,0.14185607814493545,1.0120788334037998,0.4653327045324838,0.30752235381868215,0.12050574559608201,0.1225635489860199,-0.4393323038457499,-0.9503364838498437,-0.5841639176399829,-0.94563996648649,-0.14982698555374693,0.20604561123490792,0.7766790575431103,0.6325715039373649,0.1856984801255183,-0.6873115038424908,0.361
0.9197194386789082,-0.9819556734643913,-0.1464597543788288,0.7418189110182094,1.6048618415425548,0.11633372436158765,1.3295491266366766,0.6608691332001038,0.5374253866433967,-0.996590171701965,-0.3465521792058016,-1.4335667200803608,-1.5834363048509377,0.3685975895200055,-1.0723695723151818,-0.7513496247585265,0.5888444043207626,1.6385346751480558,-0.6758551001466601,0.2099537674982349,-0.02209623388379464,0.904
0.923183542026098,-0.528797152179962,-0.1464597543788288,1.140155143952268,0.5511530839169936,0.8820043378620299,0.8921456115158247,1.3110277585199395,0.6050439257094892,-0.7700462444177457,0.7499351854835159,-1.168437542417798,-1.1488508345027297,-0.4469016666084592,-0.1648220725097156,-0.9427431917782295,-0.3015788752485081,0.6137673249470528,0.08651443328133013,1.0249314232215125,-0.3935080929440668,0.43
0.9266476453732878,0.7076782416104099,-0.1464597543788288,-0.8116923974246153,-0.48745955970247234,-1.08888853762985,-0.6740411684330365,-0.5954524209893516,0.5171398249235689,0.3704852515648755,-0.578284044939111,-0.3929346977548014,0.4285334652796556,-1.2301039224942123,0.18675038236987887,1.1591683031702926,0.5805226914275917,-0.7709824021194296,-1.2535676531595665,-0.6341302330723027,0.9923570528032176,0.845
0.9301117487204776,0.36457250406648506,-0.1464597543788288,-1.098494485137137,-2.4167429296816523,-0.737247218837054,-1.873373387312794,-0.9963020997579735,-0.6729464626396584,0.04238714998083391,0.2299514867648705,-1.5992724561194627,0.3909766962372178,-0.3015651655162576,1.682977341508621,1.029294096978352,-1.1337501645655836,-1.5934238908704923,0.5587087117713312,-1.0367680034593982,7.760844816192553e-05,0.54
0.9335758520676676,-0.21805988044206712,-0.1464597543788288,-0.4107005896043299,-0.24592173560492211,-0.6408294378777383,-0.26956049853633446,0.40667177593219783,0.03704819755431288,0.5892173192875702,-0.24481623815215348,0.5350174240641687,1.4050094603830365,0.3524490893986498,0.1663101233652517,-0.18742215050404462,1.3128334260266183,0.11452169279784645,0.32393055095786716,-0.17327977299068736,0.044425293112075055,0.359
0.9370399554148574,-2.5939052706047194,-0.1464597543788288,-1.3428073746700246,-0.46632500009393635,-0.6096354499203138,-0.2907251847518583,-0.7029974567565436,-0.10495073448448138,-1.082520626878738,-2.064759183667413,0.9260829611164489,0.17100133470293943,1.5555123484396516,0.669140494879092,-0.08488988245777589,0.26429760148710324,-0.10356982019364831,-2.1557489003304067,-1.109533865577548,1.773984995004686,1.378
0.9405040587620472,2.0671538054636986,-0.1464597543788288,-0.38680041562828676,-0.6565360365707562,-0.8194859143611753,-0.4788557288898598,-0.6003408317060437,-0.20637854308362014,0.7142070722719667,0.8686271167127718,-0.21397250283257144,0.21392335646572547,0.2232610884278038,-1.3013004731670113,1.3949925196767121,-1.4749403931855847,-0.2480882926578927,-0.09286663340760894,-0.42553476166694,0.43246753392131465,0.794
0.9439681621092372,-0.7035868675325279,-0.1464597543788288,0.922398003281649,-0.3153638600329668,0.9188699599935325,0.5817302136881214,-0.17504909935396978,0.30752235381868215,0.3001785155111522,1.015579031568041,-0.896680135313671,0.267575883669208,-1.5127026746179377,0.24807115938376223,-0.3480560371098672,-0.1767531818509469,0.4718764610730682,0.9069190176969183,0.15174107780371504,-1.0365495205708064,0.4
0.947432265456427,0.8047836390285028,-0.1464597543788288,-0.10796505257444645,-0.2761139636171152,-0.011278044555152519,-0.16373706745870895,-0.018619956419873854,1.267705608557195,0.16737690296523086,0.26386346711608655,1.370174333701242,-0.0543392795516866,-0.8506141696423526,-0.51639452738931,0.01764238558849286,0.1894021854485664,-0.25334350983841125,0.1313596999535646,1.4227181361340646,0.005621069031151067,0.593
0.9508963688036168,0.48109898096819564,-0.1464597543788288,-0.8727706198078367,0.8319408044303954,-0.9215753294945677,0.3653800879294208,-1.1869501177089012,2.1535084703230067,-0.9731545930173906,0.6199392608038545,-0.8569107586642865,-1.8141421718259119,-1.0766931713413328,-1.7550742230697436,0.08257948868446392,0.5222707011753966,0.26692299103286693,-0.8974434766447612,0.12748579043099842,-0.12742198496058801,0.901
0.9543604721508067,1.1867315355396646,-0.1464597543788288,0.03278041639558707,0.6990950011767428,-0.479187863916534,0.18900770280004422,-1.5340272785939273,1.3961808327827707,-0.051355164757463816,-0.35785617265620695,0.9989934849736538,-0.40844595909467135,-0.051263413635243726,-0.8761430858707564,-0.16008021235837275,-0.10185776581241004,0.4166966806776298,-0.11397028831219001,-0.008343818856214505,-0.18285659079047945,0.865
0.9578245754979966,0.8695205706405642,-0.1464597543788288,-3.685024424322284,-2.646203862574324,-3.317840768042249,-2.933959329890777,-2.101082921730025,0.2872367920988544,0.02676343085778429,0.6086352673534492,-2.3350059241330747,-0.1348180703569104,-1.060544671219977,2.9339211925918316,2.806520076447022,0.9383563458339346,-2.3475475562748196,-1.9288846101061594,-2.1476601651298184,0.11094682010794475,1.091
0.9612886788451864,0.5005200604518133,-0.1464597543788288,0.7524412105631176,-0.3364984196415028,0.2099156882338637,-0.11905606322593336,0.6266502581832719,-0.2672352282431034,-0.46538372151827834,-0.1939482676253296,0.8995700433501926,0.9650587373144803,1.4909183479542292,0.4729140084346667,0.5473924371608857,-0.7176645199070459,0.05934191240240808,0.7565554765017785,-0.013194876330757829,0.23290295293370586,0.504
0.9647527821923763,-0.17921772147483025,-0.1464597543788288,-0.7665476243587557,0.376038161446269,-0.7797844751426345,-0.0931881134069579,-1.1967269391422835,1.8830343140586367,-0.9497190143328161,1.1003589824460813,-0.896680135313671,0.7933706502633362,-0.22082266490947886,0.7345493236939005,-0.6932480061989742,-0.6261256780821676,-0.1193354717352028,-0.6837689707358783,0.1032305030582818,-0.34361694769716455,0.811
0.9682168855395662,1.9247325559171635,-0.1464597543788288,0.2000816342278917,-1.0429965551268365,-1.0009782079316507,-1.1349610015711389,-0.3168130101379937,0.28047493819224517,0.16737690296523086,0.26951546384128916,-0.2272289617156996,1.168938340687714,1.4101758473474504,-0.22614284952359895,1.5248667258686541,-2.490189366152417,-0.7841204450707242,1.0546446020289857,-0.9348957964939885,-0.19948697253944686,0.357
0.971680988886756,0.5523096057414625,-0.1464597543788288,0.03012484150936031,-0.14628738316468298,-0.40829243674056737,-0.21547296709665778,-0.2288216172375658,0.6861861725888002,0.07363458822693315,-0.544372064587895,-1.532990161703822,-0.7089001114341729,0.8611268432213554,-0.1280296063013863,-0.05413020204389541,-0.4097611428597279,-0.2165569895747849,-0.17991920988900556,0.37003866415816433,0.3825763886744124,0.823
0.9751450922339459,0.578204378386287,-0.1464597543788288,0.04340271594049528,-0.532747901720762,-0.3572477291738718,-0.7681064405020371,1.0128347048018196,-1.5790348861252965,2.4796873331765727,1.4055668056070252,-0.3266524033391607,-0.48892474989989515,0.07792458733560226,-0.8352625678615021,0.4722021072602873,0.9466780587271053,-0.9155008745836751,0.1946706646673078,-0.33821572712516024,-0.07198737913069661,0.67
0.9786091955811357,-0.28279681205412854,-0.1464597543788288,1.2755894631498468,0.49076862789260606,1.2988694496567146,0.8215966574640737,1.0128347048018196,-0.3551393290290236,0.7610782296411156,1.609038687714321,-0.7574873170408253,-0.19920110300108945,-0.7133519186108287,-0.7085329620328102,-0.5326141195931515,-0.8424902133046072,0.718871668557412,1.046730731439768,0.12748579043099842,-1.4578525248779808,0.211
0.9820732989283256,1.523363579922384,-0.1464597543788288,-0.45850093755641746,0.09525044093286723,-1.0747094521946556,-0.25074744412253436,0.5191052224160798,-1.1327525282890867,-0.5591260362565761,-0.05830034622046546,-2.527224577938433,-0.04897402683133835,-0.01896641339253223,-0.20570259051896994,0.3115682206544662,0.10618505651685878,-0.49771110873249524,-0.17991920988900556,-1.6528523027264,-0.5154642257698276,0.655
0.9855374022755155,0.014993073361353316,-0.1464597543788288,-0.6656357786821271,1.1066900793413579,-0.9073962440593746,0.44063230558462135,0.31868038303177,-1.0178010118767293,-0.3794532663415054,0.5521153001014225,-2.288608318042126,-1.8624294463090467,0.7319388422505094,0.010964154930082555,-0.23868828452717974,1.0049300489793003,0.768796231772333,-1.6334334414420257,-1.7207671073700064,0.8205097747305543,1.139
0.9890015056227053,0.5199411399354325,-0.1464597543788288,0.13369226207221568,0.21903857578286137,-0.09918837425335184,-0.3565708752001599,1.3550234549701556,-1.646653425191389,0.7923256678872148,-0.14308029709850553,-0.7110897109498769,0.5572995305680137,-1.1089901715840444,0.30530388459672053,0.5952408289158106,0.7303135235046655,-0.31903372459488555,0.416259041165409,-0.8184704171049487,-0.1773131302074903,0.432
0.9924656089698952,-0.28279681205412854,-0.1464597543788288,0.2133595086590267,1.1308438617511127,0.20707987114682533,0.6405210087312476,0.279573097298246,-0.04409404932499813,-0.9184715760867169,0.0829995719096012,-0.06815145511816184,-0.7947441549597449,-0.31771366563761333,-1.1663947637364693,-0.3583092639144946,0.05625477915783421,0.6794575397035271,-0.43316306874397836,0.17114530770188832,0.3825763886744124,0.938
0.995929712317085,0.4422568220009588,-0.1464597543788288,-0.9577490161671023,-1.7162832397987569,-0.816650097274137,-1.9721419229852462,0.8124098654175097,-2.464837747891108,0.12831760515760682,1.90294251742486,-0.903308364755235,1.7644813926463696,1.668551849289142,1.7974427919345357,2.4408216537486602,-1.6829832155148534,-0.8524382684174595,0.9517642843691533,-0.517704853683263,-1.2638314044733612,0.533
0.9993938156642749,0.15741432290788848,-0.1464597543788288,0.4337722242158724,0.20998090737920425,0.5842435437229692,0.34421540171389486,-1.2504994570258794,1.267705608557195,-0.7544225252946961,-0.4200281366334362,0.30965762305099026,0.04223526941458196,0.005256336789501394,0.32165609180042265,-0.8504641505365866,0.5222707011753966,0.5454495016003198,0.05749690778753146,0.5883362505126137,-0.44339923819096877,0.387
1.0028579190114648,0.3710461972276905,-0.1464597543788288,-0.8701150449216098,0.08619277252921011,-0.7826202922296728,-0.29778008015703367,-0.7714352067902095,1.6057983038876567,-0.2700872324801581,-0.22786024797654547,0.07104136315468368,1.2655128896539825,-0.5680154175186273,0.14178181255969943,0.17827627219431547,0.5222707011753966,-0.4346485025662797,-0.9027193903709065,0.6853574000034801,1.0311612768841416,1.148
1.0063220223586546,-0.7230079470161463,-0.1464597543788288,-0.4611565124426442,-0.47236344569637445,-0.8762022561019489,-0.20841807169148455,-0.5367914923890655,0.5644728022698337,0.5267224427953717,0.0999555620852092,-2.010222681496435,0.1870970928639842,0.7642358424932209,0.4729140084346667,0.3867585505550631,-0.7759165101592412,-0.10356982019364831,0.26853345683334157,-0.7748108998340589,-0.4877469228548819,0.614
1.0097861257058445,0.5199411399354325,-0.1464597543788288,1.0259654238445044,-0.7108820469927043,0.703347861378593,-0.6176020051916361,-1.2065037605756632,2.3022692562684086,0.745454510518066,-0.01308437241884424,1.814265706286035,0.9757892427551769,-1.908340927591153,-0.5000423201856079,0.9165086021274559,0.20604561123490792,-1.0705297814089532,1.3210782451993215,2.0388024354010663,-0.3380734871141754,0.132
1.0132502290530343,-1.5257458990057073,-0.1464597543788288,-1.462308244550243,-1.951782618293869,-0.17575543560339646,-1.4900574036316179,-0.03328518856994589,-0.9366587649974184,-0.7075513679255472,-0.5387200678626923,0.7404925367526549,-0.4245417172557161,0.4251173399447504,2.45153108008262,0.9267618289320817,-0.9257073422363148,-1.7326871461542181,-0.7681835903542025,-0.6147260031741294,0.5765975090790323,0.955
1.0167143324002241,-0.47700760689031285,-0.1464597543788288,-0.6231465805024942,-0.30630619162930967,-0.12471072803669962,-0.06261689998453293,-0.2728173136877798,0.6659006108689725,1.9719164616774598,-0.815667907397623,1.3966872514674982,-0.25821888292492023,0.4735628403088177,0.4770020602355918,-0.515525408252107,0.239332462807591,-0.38472393935135984,-0.9422887433169957,0.8017827793925199,0.7040971024877822,0.91
1.0201784357474142,-0.010901699283471258,-0.1464597543788288,-0.13717637632294433,-0.9735544306987919,0.15887098066716812,-0.8739298715796627,-2.0326451716963567,1.4435138101290348,0.12831760515760682,0.41646737869655853,0.4753633590900922,0.310497905431994,-1.068618921280655,0.517882578244848,1.0873957155379044,0.26429760148710324,-1.1677512992485353,0.8436080529831751,0.28271962961638464,-0.532094607518795,0.353
1.023642539094604,1.4392055688267034,-0.1464597543788288,0.9542649019163737,1.4297469190718315,0.005736857967078917,0.6710922221536726,0.43111382951565197,-0.20637854308362014,-0.3638295472184558,0.4051633852461532,-0.896680135313671,-0.6230560679086009,-1.5288511747392934,-0.9129355520790857,-0.2865366762821063,0.605487830107104,-0.22181220675530344,0.36613786076702926,-0.4497900490396565,0.47127175800223864,0.607
1.0271066424417938,0.5069937536130202,-0.1464597543788288,-0.2699551206342964,0.06203899011945508,-0.09351674007927512,-0.034397318363831676,0.1573628293809841,0.49685426320374115,-1.0044020312634898,-0.5387200678626923,1.0586475499477306,-0.9020492093667101,1.0629830947383019,-0.7943820498522459,-0.04387697523926808,0.13947190808954182,0.2353916879497603,-0.09022867654453601,0.011060411041958788,0.6043148119939781,0.649
1.0305707457889837,0.30630926561562904,-0.1464597543788288,1.355256709736659,0.5239800787060181,1.1797651320010907,0.10199732613621883,-0.3803623494549718,-0.27399708214971263,1.3235321180709014,-0.9682718189780951,2.3113829144033406,1.168938340687714,0.7238645921898316,0.055932724740261994,0.2363778907538678,-1.125428451672413,-0.6553676241480354,1.355371684419266,1.3499522740159147,0.6763797995728366,0.422
1.0340348491361735,-0.5870603906308173,-0.1464597543788288,-1.0214828134365517,-0.5478440157268599,-0.7173964992277829,-0.11200116782075804,-0.6052292424227337,-0.26047337433649415,-0.7075513679255472,0.5238553164754093,-0.8635389881058506,-0.6069603097475567,0.1263700876996693,0.26851141838838943,-0.10539633606702903,-0.19339660763728844,-0.48982828296171804,-1.0003237943045937,-0.2848540949051837,0.3714894675084341,1.098
1.0374989524833633,-0.07563863089553269,-0.1464597543788288,1.017998699185823,0.8228831360267369,1.3839439622678755,0.7651574942226733,1.0519419905353435,-0.9096113493709814,2.3156382823845516,0.48429133939899055,-1.2214633779503106,-2.1414225877671558,-0.11585741412066672,-0.7698537390466936,-1.335783552622263,0.547235839854909,1.5991205462941707,-0.44899080992241414,1.0782930554414891,-0.7482895702553715,0.659
1.0409630558305532,-1.6293249895850057,-0.1464597543788288,0.9436426023714655,0.8862868148523435,1.2052874857844387,0.7369379126019721,2.137169169640633,-1.6398915712847797,0.7298307913950164,0.6425472477046653,0.0047590687390429804,-1.0683720436975053,1.498992598014907,-0.810734257055948,-0.5565383154706148,0.38912329488466446,1.1051301313254829,0.2500677587918334,0.30697491698910123,-0.205030433122436,0.53
1.0444271591777432,0.9601522748974503,-0.1464597543788288,0.03012484150936031,0.37301893864505,0.039766663011543045,0.05731632190344323,0.279573097298246,0.25342752256580814,1.4875811688629226,0.8799311101631772,0.33617054081724657,-0.01678251050924883,0.5704538410369522,-0.021740259477321666,-0.39932217113300233,1.7205973577919853,-0.2717367699702233,0.2869991548748503,0.2051027100236916,0.15529450477185788,0.312
1.047891262524933,-2.166641521965115,-0.1464597543788288,-1.786288380669943,-0.9977082131085468,-0.7712770238815181,-0.5282399967260849,0.352899258048604,-1.0651339892229943,-1.4418661667088788,0.1508235326120331,0.2367470991937855,-0.7035348587138247,1.7654428500172765,1.2414677470086641,0.923344086663873,-1.291862709535828,-0.14823916622805192,-1.636071398305098,-1.3035761645592805,1.657572322761914,1.523
1.0513553658721229,-0.8783765828850938,-0.1464597543788288,1.3871236083713836,0.9738442760877052,1.5881227925346604,1.2284289591625015,-0.8349845461071875,1.8627487523388082,-0.8872241378406176,0.8742791134379745,-0.46584522161200626,-1.4546702395625795,-1.2220296724335344,-0.5654511490004164,-0.8333754391955421,-1.8244523346987562,0.8266036207580301,0.6404853745265826,1.3062927567450249,-1.258287943890372,0.424
1.0548194692193127,-1.0402189119152465,-0.1464597543788288,0.006224667533317125,-0.2972485232256512,-0.005606410381075794,0.25250176144661995,0.9492853654848437,-0.7202794399859225,-0.47319558107980314,0.5634192935518278,-0.2802547972482122,0.1066183020587604,0.5543053409155964,-0.15664596890786361,0.0073891587838670475,0.2975844530597863,0.7714238403625917,0.28436119801177734,-0.4061305317687667,-1.2305706409754262,0.381
1.0582835725665025,2.682154655778283,-0.1464597543788288,-0.3443112174486539,-0.7984395082280686,-0.3884417171312963,-1.306630123097066,-0.09194611717023186,-1.112466966569259,1.261037241578703,-0.27872821850336954,-1.0093600358202601,1.0401722753993559,-0.4872729169118485,-0.03809246668102378,0.9165086021274559,-1.083819887206559,-1.4909471558503904,0.6695029000203818,-0.37702418692150674,-0.5210076863528168,0.503
1.0617476759136923,0.08620369813462089,-0.1464597543788288,-0.29916644438279427,-0.26101784961101865,-0.5018744006128434,-0.7469417542865112,-1.3678213142264513,0.6659006108689725,0.8938798421870373,0.1903875096884518,-0.12780552009223847,1.0562680335604007,0.5623795909762743,0.5914675106615066,0.4482779113828255,1.1630425939495446,0.16181864742250873,-0.07440093536610021,-0.42553476166694,-0.06644391854770747,0.867
1.0652117792608822,-0.8201133444342384,-0.1464597543788288,-0.34696679233488065,-0.18553727958053456,-0.32605374121644604,-0.0461554773724565,0.4017833652155079,-0.8555165181181075,0.2923666559496274,-1.505211507872348,1.820893935727599,0.6753350904156753,0.005256336789501394,-0.18935038331526785,0.18169401446252406,0.34751473041881065,0.2196260364082058,-0.17464329616286028,0.5592299056653538,1.2528997002037068,0.677
1.0686758826080722,-0.03679647192829583,-0.1464597543788288,-0.694847102430625,0.2703653634035918,-1.1257541597613525,-0.14492401304490882,0.07914825791393611,0.12495229834023314,0.3704852515648755,-1.6012954522007936,0.22349064031065735,0.9489629791534355,0.005256336789501394,0.6119077696661337,0.13384562270759906,-0.06024920134655624,-0.19816372944297173,-0.8868916491924708,-0.653534462970476,0.925835525807348,0.806
1.072139985955262,-0.5223234590187559,-0.1464597543788288,0.3487938278566067,0.20998090737920425,-0.06515856920888771,0.7110699627829966,-0.4976842066555416,1.4773230796620818,0.7220189318334915,0.07169557845919584,-0.9430777414046193,-0.4352722226964126,-2.6269491829914835,-1.0192248989031503,-0.05413020204389541,-0.3598308655007034,0.6531814538009377,-0.5043879040469391,1.6652710098612307,-0.005465852134827216,0.914
1.0756040893024519,-1.2797455588798738,-0.1464597543788288,1.0896992211139536,0.11336577774018416,1.3045410838307927,0.08083263992069288,0.5142168116993899,-0.3754248907488514,1.5656997644781705,0.7273271985827052,1.018878173298346,0.6538740795342822,0.3040035890345825,0.2358070039809852,-0.9154012536325578,0.3724798690983229,-0.0037206937638075213,1.231387711854852,0.4088471239545109,-0.6429638191785779,0.054
1.0790681926496417,0.5005200604518133,-0.1464597543788288,1.2570004389462572,0.7836332396108854,1.162750229478858,0.6240595861191712,-0.9963020997579735,0.6929480264954094,-0.6997395083640224,1.0834029922704733,-0.24048542059882774,-0.46746373901850213,-0.9959506707345541,-0.20570259051896994,-0.4608415319607633,0.047933066264663676,0.7031060170158587,1.4160446922699361,0.8454422966634098,-1.9678508985129815,0.227
1.0825322959968315,0.8436257979957397,-0.1464597543788288,-0.6072131311851324,-0.05872992192932003,-0.5585907423536169,-0.3683290342087847,-0.8056540818070436,0.6388531952425355,-0.3247702494108317,0.17343151951284377,0.8995700433501926,0.03150476397388545,-1.5288511747392934,0.19083843417080576,0.24663111755849512,1.803814486723693,-0.8576934855979769,0.3529480764516658,0.19540059507460494,0.29388101934658645,0.356
1.0859963993440214,0.3451514245828659,-0.1464597543788288,-1.0321051129814598,-0.8467470730475787,-1.1938137698502806,-1.558254725881643,0.8466287404343438,-1.0583721353163849,-0.012295866949839761,-0.024388365869249584,-1.1419246246515418,-0.6015950570272085,1.2729135963159266,1.4703986478604936,1.2138521794616364,0.22268903702124945,-0.6711332756895899,0.39251742939775564,-0.6729386928686493,-1.1474187322305893,0.165
1.0894605026912112,0.6882571621267922,-0.1464597543788288,2.1811404993532717,-0.12213360075492796,1.26767546169929,0.12786527595519429,-1.0451862069248774,2.02503324609743,1.1282356290327817,1.3773068219810118,1.2508662037530887,1.7859424035277625,-1.1089901715840444,-0.2874636265374805,0.14409884951222637,-0.4596914202187525,-0.2113017723942675,2.397364645332955,1.7186326420812073,-1.4800263672099374,-0.251
1.0929246060384012,0.1315195502630639,-0.1464597543788288,-0.3443112174486539,0.4515187314767545,-0.5472474740054623,-0.08378158620005678,-0.2679289029710898,0.2872367920988544,1.3860269945630999,1.032535021743649,1.2376097448699606,-0.33333242100979577,-1.1493614218874337,0.22763090037913505,0.03131335466132879,1.396050554958326,-0.33742698472669874,-1.0003237943045937,0.5737830780889838,-0.19948697253944686,0.674
1.096388709385591,-0.27632311889292244,-0.1464597543788288,-0.7426474503827113,0.26130769499993334,-0.5585907423536169,0.4594453599984215,-0.2728173136877798,1.348847855436506,-0.7466106657331713,-1.4939075144219427,1.6021623641559843,-0.08116554315342787,-1.9648606780158981,-0.47551400938005567,-0.3753979752555391,2.4362646666046706,-0.07729373429105905,-1.050444974702974,-0.008343818856214505,1.541159650519142,0.934
1.099852812732781,-0.2439546530868917,-0.1464597543788288,0.5267173452338184,0.4243457262657791,0.19857241988570898,0.6710922221536726,-1.519362046443855,1.0716118452655268,-0.7934818231023202,-0.7252359597943802,0.11081073980406815,-0.5264815189423329,-0.7860201691569296,-0.6390360814170768,-0.35489152164628596,-0.051927488453385476,0.1513082130614728,-0.33819662167336356,1.3353991015922848,0.7650751689006628,0.689
1.1033169160799707,-0.8977976623687122,-0.1464597543788288,-0.11327620234690115,-0.6776705961792935,0.5275272019821956,-0.2342860215104579,0.3675644901986739,-0.23342595871005714,1.0891763312251577,-0.7647999368707988,-1.3208868195737717,-0.1240875649162139,-0.26926816527354613,0.6200838732679856,0.73195051964417,-0.2516485978894835,-0.41100002525395024,0.033755296019877465,-0.46919427893782983,-0.19394351195645773,0.687
1.1067810194271606,-1.6228512964237995,-0.1464597543788288,0.9781650758924169,0.34282671063285686,1.5143915482716541,0.494719837024296,-0.6590017603063296,1.2609437546505857,0.5657817406029958,0.35429541471932924,1.2309815154283965,1.7430203817649765,-1.0443961710986214,1.0084487943559095,-1.5442658309830106,-0.8924204906636318,0.2012327762763926,1.104765782427366,0.9521655611033626,-0.8647022424981432,0.179
1.1102451227743504,-0.03032277876708969,-0.1464597543788288,-0.4558453626701907,0.9859211672925827,0.08797555349120025,0.4500388327915204,-0.29237095655454176,0.6118057796160984,1.7766199726393406,-1.1208757305585668,1.0719040088308587,0.6109520577714962,-0.8506141696423526,0.21127869317543294,-0.43008185154688283,2.5444469342158897,0.025183000729041588,-0.4542667236485594,0.011060411041958788,1.4912685052722399,0.694
1.1137092261215402,-1.0207978324316282,-0.1464597543788288,1.3818124585989289,-0.019480025513468453,1.2620038275252121,0.7980803394468241,0.5679893295829859,-0.4227578680951162,1.065740752540583,-0.9117518517260683,0.19034949310283705,-0.7625526386376554,0.9580178439494899,-0.2506711603291512,-0.8572996350730053,-0.9007422035568026,0.8029551434456995,0.4980357039206604,1.2577821819995916,0.0887729777759882,0.658
1.1171733294687303,0.5199411399354325,-0.1464597543788288,-2.0173233957716956,-1.4475724104902339,-1.732619016387629,-1.9274609187524707,0.6804227760668657,-1.6263678634715613,0.14394132428065645,-0.3635081693814096,-1.8975427809898457,0.267575883669208,1.2648393462552487,0.362536609809677,3.103863653781202,-0.2183617463168005,-1.41737411532314,-0.9132712178231971,-2.293191889366118,0.6486624966578909,1.191
1.12063743281592,-0.023849085605883544,-0.1464597543788288,1.017998699185823,-0.4633057772927173,0.8196163619471785,-0.017935895751757334,1.2572552406363455,-0.8419928103048889,0.06582272866540834,-1.0700077600317428,-0.6646921048589284,-0.9771627474515856,1.7492943498959206,-0.33652024814858683,-0.023370521630013425,-0.8674553519841195,-0.02474156248587939,0.5850882804020575,-0.14417342814342743,0.1442075836058796,0.598
1.12410153616311,-0.17921772147483025,-0.1464597543788288,0.8321084571499298,0.28546147740968836,0.33185582297652716,0.4900165734208465,-0.6198944745728057,-0.4836145532545994,-0.20759235598796003,-0.951315828802487,-0.18083135562475108,0.09052254389771563,1.0629830947383019,0.2562472629856142,-0.39248668659658364,0.1894021854485664,0.0435762608608536,0.37932764508239214,-0.35761995702333355,0.9147486046413696,0.576
1.1275656395102998,1.037836592831924,-0.1464597543788288,-0.6975026773168517,-0.913169974674403,-0.4933669493517271,-0.7539966496916866,0.9932810619350576,-0.11171258839109063,-0.6059971936257249,-0.866535877924447,-0.10129260232598218,-0.24748837748422373,0.5543053409155964,0.0068761031291574804,0.3901762928232732,-0.5678736878299723,-0.2638539441994472,-0.12452211576448054,-0.546811198530523,0.4102936915893581,0.809
1.1310297428574896,-0.36048112998860227,-0.1464597543788288,0.13634783695844244,0.07713510412555163,0.2864827495839083,0.6663889585502231,0.7928562225507477,0.13847600615345088,0.22205991989590412,0.20169150313885714,0.03127198650529925,-1.3902872069184005,1.8704081008060889,-0.15664596890786361,-1.1546432124071873,-1.0255678969543638,0.6452986280301606,-0.7418040217234761,1.063739883017859,0.3548590857594667,0.886
1.1344938462046794,0.15094062974668232,-0.1464597543788288,0.7577523603355723,-0.6625744821731943,0.9330490454287256,-0.26956049853633446,-0.3412550637214478,0.9431366210399517,0.1751887625267557,1.3716548252558092,-1.453451408405053,-0.590864551586512,-1.431960174011159,-0.7575895836439166,1.00195215883268,-0.26829202367582505,-0.26122633560918734,0.78821095885865,0.8260380667652365,-1.1141579687326544,0.418
1.1379579495518692,0.6623623894819677,-0.1464597543788288,0.9648872014612818,0.5420954155133352,1.2620038275252121,0.6028948999036473,-0.5710103674058996,0.48333055539052266,-0.40288884502607986,-0.4087241431830308,-0.12780552009223847,-0.6767085951120834,-0.22082266490947886,-1.3585331983799678,-0.7923625319770343,0.13115019519637106,-0.1193354717352028,0.7143481666926162,0.515570388394464,-0.166226209041512,0.355
1.1414220528990593,1.322679091924993,-0.1464597543788288,-2.083712767927373,-2.685453758990178,-2.166499030704546,-3.2420230959167524,-2.086417689579953,0.41571201632443017,0.2845547963881026,-0.40307214645782813,-0.39956292719636544,0.48755124520348636,0.6511963416437306,3.138323782638107,2.837279756860902,-0.11017947870558081,-2.807379059570141,-0.14034985694291635,-0.49830062378508977,0.011164529614140209,0.865
1.1448861562462491,-0.4575865274066944,-0.1464597543788288,1.084388071341499,0.9225174884669761,1.26767546169929,1.346010549248752,0.9883926512183677,-0.9163732032775906,0.9016917017485622,-0.3861161562822203,0.31628585249255436,-1.5673405466898935,0.9580178439494899,-1.7836905856762226,-0.9564141608510655,0.5555575527480797,1.2522762123799849,-0.327644794221073,0.2051027100236916,0.6763797995728366,0.735
1.148350259593439,-0.7230079470161463,-0.1464597543788288,0.37534957671887664,1.5867465047352391,0.4623034089803057,1.2754615951970008,0.8075214547008198,0.733519149935065,0.7220189318334915,-0.20525226107573494,1.012249943856782,-1.0415457800957646,-0.7052776685501508,-1.1623067119355424,-0.9940093258013647,-0.8591336390909488,1.557078808850027,-0.5676988687606823,1.2723353544232217,-0.3879646323610777,0.887
1.1518143629406288,1.2191000013456945,-0.1464597543788288,-1.0374162627539145,-1.0248812183195195,-0.7287397675759376,-1.2454876962522161,-0.9229759390076154,-0.26047337433649415,-0.10603818168813749,0.18473551296324914,0.641069095129194,1.0669985390010972,-0.7860201691569296,0.41159323142078336,1.6649941588652222,0.22268903702124945,-0.7525891419876175,0.36613786076702926,-0.4837474513614598,-0.9811149147409152,0.398
1.1552784662878186,-0.08858601721794498,-0.1464597543788288,0.6993297128385766,1.1489591985584298,0.6409598854637427,0.9932657789899997,0.10847872221407802,0.3819027467913839,-0.24665165379558407,-0.8439278910236363,-0.5785251221185954,-0.923510220248103,0.48163709036949554,-0.5490989417967143,-1.3631254907679349,1.1713643068427155,0.3799101604140035,-0.6837689707358783,1.0831441129160324,0.7927924718156085,0.808
1.1587425696350084,0.10562477761823932,-0.1464597543788288,0.006224667533317125,-0.2398832900024827,0.12200535853566438,-0.07202342719143195,-0.6101176531394236,0.41571201632443017,0.011139711734734669,0.5068993262998012,-0.3266524033391607,-0.6391518260696456,-0.42267891642642563,0.40750517961985827,0.557645663965513,0.08954163073051725,0.19072234191535667,0.06541077837674907,-0.16842871551614405,-0.005465852134827216,0.63
1.1622066729821983,1.6722585226301245,-0.1464597543788288,-0.1504542507540793,0.8077870220206403,-0.8421724510574847,-0.24604418051908275,-0.5074610280889237,-0.057617757138216624,-0.49663115976437755,-0.6348040121911377,-0.9762188886124398,-0.3977154536539748,-2.0536774286833546,0.41159323142078336,0.2978972515816303,1.728919070685156,-0.5817945836207827,-0.15881555498442448,-0.503151681259633,-0.005465852134827216,0.633
1.1656707763293883,0.14446693658547619,-0.1464597543788288,-0.34165564256242714,-0.47236344569637445,-0.8450082681445231,-0.25780233952770965,-0.6394481174395676,0.1519997139666694,0.5814054597260454,-0.2617722283277615,-0.33990886222228883,0.6807003431360235,-0.3096394155769355,0.7754298417031549,-0.4745125010335992,0.49730556249588437,-0.471435022829906,0.11816991563820173,-0.4740453364123732,-0.4156819352760231,0.509
1.1691348796765781,1.283836932957756,-0.1464597543788288,-0.1451431009816258,-0.3153638600329668,-0.6776950600092421,-0.34481271619153503,-0.34614347443813775,-0.31456820558936816,-1.0122138908250147,1.089054988995676,0.037900215946863325,-1.1703118453841228,-0.2611939152128682,-0.7535015318429915,0.024477870124911583,0.17275875966222487,-0.48457306578120063,0.14191152740585514,0.0013582960928721413,-0.7261157279234148,0.644
1.172598983023768,0.26099341348718674,-0.1464597543788288,-0.9311932673048323,-0.913169974674403,-1.1853063185891644,-0.8950945577951887,-1.0549630283582594,-0.8825639337445444,0.7220189318334915,-0.5669800514887057,-0.3929346977548014,-0.0060520050685523245,-0.12393166418134459,0.6936688056846443,0.06549077734341939,0.16443704676905413,-0.9890739151109255,-0.813028857026437,-0.7651087848849722,1.4690946629402832,0.638
1.1760630863709578,0.9407311954138311,-0.1464597543788288,-0.2194991977959821,-1.3690726176585306,-0.29485975325902025,-1.0879283655366396,-0.05772724215339784,-0.5309475306008642,0.3236140941957266,-1.527819494773159,-2.5471092662631247,-0.5694035407051189,-0.5114956670938821,0.8898952921290696,1.3573973547264144,0.46401871092320135,-0.5607737148987109,0.7908489157217223,-0.682640807817736,-0.38242117177808854,0.332
1.1795271897181476,0.07973000497341474,-0.1464597543788288,0.31161577944942737,0.7383448975925944,-0.17575543560339646,0.6405210087312476,-1.4753663499936411,1.7613209437396702,-0.520066738448952,0.3373394245437212,0.38256814690819513,0.8953104519499531,0.4331915900054283,-1.0478412615096278,-0.6932480061989742,0.6554181074661286,0.6163949335373115,0.2632575431071963,0.515570388394464,0.044425293112075055,0.62
1.1829912930653375,1.5945742046956508,-0.1464597543788288,0.16290358582071238,-1.6921294573890018,-0.816650097274137,-1.558254725881643,-0.13105340290375586,-0.4159960141885069,2.581241507476395,0.07169557845919584,-0.6845767931836206,1.083094297162142,-0.28541666539490185,2.7826632759575873,0.6806843856210364,-1.0338896098475345,-1.724804320383441,1.1707147040041816,-0.546811198530523,-0.8868760848300998,0.275
1.1864553964125275,-0.1403755625075934,-0.1464597543788288,-0.54613490880191,-0.40292132126832975,-0.3770984487831416,-0.25074744412253436,-0.5172378495223036,1.2338963390241486,2.0656587764157575,1.9085945141500626,-0.5188710571445188,-0.23675787204352722,-2.0617516787440326,1.1515306073883034,0.6499247052071544,0.8218523653295439,-0.2638539441994472,-0.09286663340760894,2.0776108951974126,-1.3580702343841766,0.554
1.1899194997597173,1.1219946039276032,-0.1464597543788288,-0.8435592960593399,0.2462115809938368,-1.8290367973469432,-0.7634031768985877,0.04492938289710208,-0.34161562121580513,-0.06697888388051343,-1.0134877927797161,-0.6580638754173643,1.1099205607638831,0.336300589277294,-0.6962688066300332,0.9335973134685004,1.6789887933261314,-1.0048395666524799,-0.6653032726943695,-2.0312347857407786,1.696376546842838,0.702
1.1933836031069072,0.1315195502630639,-0.1464597543788288,0.5479619443236348,1.0976324109377007,0.31484092045429446,0.6828503811622975,1.7558731337387754,-0.4565671376281624,0.3548615324418259,0.10560755881041188,0.5085045062979126,-0.9127797148074065,1.0872058449203355,-0.7494134800420647,-0.6351463876394218,-0.11017947870558081,0.5769808046834275,0.1076180881859112,0.971569791001536,0.18301180768680358,0.7
1.196847706454097,0.8047836390285028,-0.1464597543788288,-0.1398319512091711,-0.2851716320207737,-0.5415758398313856,-0.6176020051916361,0.1573628293809841,-1.031324719689948,1.5578879049166459,-1.3469555995666738,-0.12780552009223847,-0.9127797148074065,0.2636323387311931,0.4729140084346667,0.13042788043939044,0.7719220879705193,-0.47406263142016586,-0.19047103734129608,-0.760257727410429,0.9812701316372393,0.628
1.2003118098012868,0.5976254578699062,-0.1464597543788288,-1.7464547573765368,-1.2211307003987801,-2.0842603351804248,-1.06441204751939,-1.3922633678099032,1.8559868984321997,0.4407919876185988,-1.4769515242463347,2.1125360311564183,0.8416579247464705,-1.8195241769236967,0.6895807538837192,0.4824553340649146,0.5139489882822259,-1.151985647706983,-0.9343748727277781,-0.09081179592345094,0.5156194426661518,0.82
1.2037759131484767,0.27394079980959907,-0.1464597543788288,0.2000816342278917,1.345208680637689,-0.17575543560339646,0.8474646072830492,0.5777661510163659,0.2331419608459804,0.25330735814200334,-0.5556760580383003,0.7139796189863986,-0.2045663557214377,0.10214733751763588,-0.9251997074818628,-0.7855270474406171,0.9633214845134468,0.6847127568840455,-0.5888025236652634,-0.1587266005670574,0.5100759820831626,0.762
1.2072400164956665,0.3580988109052782,-0.1464597543788288,1.29948963712589,0.11638500054140322,1.1854367661751675,0.7463444398088731,0.7097532403670098,0.2196182530327619,-0.5981853340642,-0.17699227744972157,1.310520268727165,1.0401722753993559,0.4574143401874619,-0.8229984124587251,-0.31387861442777815,1.1297557423768616,0.7214992771476708,0.7618313902279237,0.7726764345452599,1.4857250446892507,0.393
1.2107041198428565,-1.3897983426203784,-0.1464597543788288,1.3180786613294797,-0.508594119311007,1.579615341273544,-0.07202342719143195,1.1350449727190814,-0.8555165181181075,1.026681454732959,0.16212752606243844,1.6618164291300612,0.6216825632121927,-0.640683668064728,1.0411532087633137,-0.047294717507476686,-0.6261256780821676,-0.5555184977181935,1.355371684419266,1.398462848761348,0.5267063638321301,0.383
1.2141682231900464,1.9247325559171635,-0.1464597543788288,0.0991697885512631,-0.2217679531951671,-0.6465010720518163,-0.51648183771746,-0.4488000994886377,0.733519149935065,2.2375196867693035,1.4338267892330385,-1.1087834774437213,0.4660902343220934,-0.34193641581964684,-1.0396651579077776,0.5610634062337216,-1.0588547485270468,-0.7604719677583948,0.8884533196554101,-0.5419601410559797,-0.970027993574937,0.4
1.2176323265372362,-0.03679647192829583,-0.1464597543788288,0.8055527082876587,0.16469256536091326,0.6126017145933553,-0.34246108438980927,-1.4509242964101892,0.7876139811879389,-0.6216209127487745,1.8633785403484413,0.9989934849736538,1.1045553080435349,0.20711258830644802,0.4892662156383688,0.02106012785670298,0.7552786621841778,-0.7604719677583948,1.8513075746769205,0.45735769869994414,-1.1973098774774915,0.037
1.221096429884426,0.7012045484492045,-0.1464597543788288,-0.06813142928104036,0.41226883506090156,-0.6493368891388547,0.2689631840586943,0.6853111867835578,-0.2537115204298849,-0.3716414067799806,-1.0700077600317428,-1.002731806378696,-0.4567332335778056,0.1263700876996693,-1.2890363177642343,-0.14299150101732822,0.34751473041881065,-0.05627286556898719,-0.8420463825202362,-1.2259592449665877,1.7019200074258272,0.804
1.2245605332316158,-0.7877448786282077,-0.1464597543788288,0.006224667533317125,0.1435580057523773,0.5955868120711239,0.3348088745069958,1.5750019372212274,-1.673700840817826,-0.5122548788874272,-1.3130436192154578,-0.04163853735190552,0.04223526941458196,1.176022595587792,0.08046103554581607,-0.20109311957688056,0.13947190808954182,0.28531625116468007,-0.15881555498442448,-0.09566285339799425,1.7684415344216968,0.954
1.2280246365788057,-0.846008117079063,-0.1464597543788288,-0.6231465805024942,-0.8920354150658683,-0.9300827807556841,-1.0597087839159383,0.43111382951565197,-1.8765564580161036,-0.7622343848562209,-0.3861161562822203,-0.2206007322741355,0.5680300360087102,0.6834933418864422,1.237379695207739,1.0224586124419333,1.2878682873471061,-0.776237619299947,-0.32236888049492773,-1.8662988316063056,0.5655105879130541,0.359
1.2314887399259955,-1.0272715255928344,-0.1464597543788288,0.4284610744434177,0.20998090737920425,0.3346916400635655,0.5182361550415456,-0.7518815639234475,1.8086539210859343,1.5344523262320713,0.11691155226081722,0.7404925367526549,0.8255621665854258,-0.4469016666084592,-0.7821178944494689,-0.6043867072255413,0.6887049590388117,0.02781060931930028,0.47165613528993405,1.0540377680687725,0.4102936915893581,0.336
1.2349528432731856,0.4163620493561342,-0.1464597543788288,-0.7081249768617599,0.18884634777066828,-0.4905311322646887,-0.2648572349328829,-0.9034222961408535,0.21285639912615265,-1.9418251786464662,0.03213160138277714,0.6808384717785783,-0.9878932528922821,-0.398456166244392,0.10090129455044325,0.226124663949242,0.4723404238163721,-0.13772873186701598,-0.7233383236819675,-0.5128537962087196,0.01670799019712935,0.794
1.2384169466203754,0.5328885262578448,-0.1464597543788288,0.5612398187547698,0.18884634777066828,-0.09351674007927512,-0.10494627241558273,1.0763840441187955,-1.0448484275031664,-0.3013346707262573,1.852074546898036,-1.4335667200803608,0.05296577485527846,-0.6245351679433723,-0.6921807548291081,0.3594166124093912,-0.576195400723143,0.25378494808157226,1.5795980177804394,-1.4976184635410135,-2.527740417394884,-0.029
1.2418810499675652,0.008519380200147173,-0.1464597543788288,-0.22746592245466354,-0.8709008554573336,0.32902000588948754,-0.1825501218725091,0.7977446332674377,-0.7608505634255779,-1.0590850481941634,0.48429133939899055,-1.5992724561194627,0.1280793129401534,2.314491854143371,-0.3446963517504388,0.35258112787297397,-1.2585758579631448,0.503407764156176,-0.019003841241575205,-0.6098749456995861,-0.25492157836933826,0.863
1.245345153314755,-1.7393777733255094,-0.1464597543788288,0.5240617703475916,0.9315751568706345,0.6721538734211672,1.150825109705575,0.8515171511510338,-0.5647568001339104,-1.2153222394246594,-0.7817559270464068,-0.532127516027647,-1.4761312504439725,0.14251858782102503,-0.4509856985745016,-0.9529964185828569,0.6138095430002748,1.026301873617713,-0.46481855110084996,0.273017514667298,0.07768605661000991,0.757
1.2488092566619449,-0.7359553333385586,-0.1464597543788288,0.10713651320994456,1.4418238102767091,0.9330490454287256,1.0802761556538252,1.9025254552394892,-1.0516102814097756,-1.5668559196932756,-0.10351632002208684,-1.72520881550918,-1.8195074245462608,-0.4307531664871035,0.7509015308976026,-1.4246448515956958,1.3461202775993015,1.1261510000475548,-1.047807017839901,-0.19268400288886062,-0.21611735428841428,0.839
1.2522733600091347,1.322679091924993,-0.1464597543788288,-1.1940951810413098,-1.1818808039829285,-1.6248579670801584,-1.4947606672350673,-1.6904564215280231,1.2271344851175394,0.5579698810414709,0.20169150313885714,-1.0822705596774649,-0.09189604859412438,-0.826391419460319,-0.1607340207087905,1.9110716021762688,1.7122756448988146,-1.5645201963776432,-0.4542667236485594,-1.2065550150684143,-0.2660084995353166,0.708
1.2557374633563245,-1.2991666383634923,-0.1464597543788288,0.03809156616804176,0.01675064810116408,0.5133481165470025,0.15138159397244394,-1.0940703140917833,0.7132335882152372,0.5032868641107973,1.5525187204622948,0.46210690020696404,0.3373241690337353,-0.6245351679433723,0.9062474993327717,-0.4745125010335992,0.11450676941002955,0.20648799345691116,0.22368819016110708,1.1510589175596389,-1.0808972052347197,0.544
1.2592015667035146,-0.5741130043084051,-0.1464597543788288,-0.1159317772331279,-0.03457613951956501,-0.18142706977747317,0.10905222154139414,-0.6932206353231615,1.213610777304321,0.5657817406029958,-0.1713402807245189,1.197840368220576,0.289036894550601,-0.8425399195816747,0.24807115938376223,0.03814883919774752,-0.026962349773873188,-0.836672616875905,-0.29335135500112847,1.2626332394741349,0.5876844302450106,0.79
1.2626656700507044,-0.7035868675325279,-0.1464597543788288,-0.45850093755641746,0.2733845862048109,-0.33172537539052277,1.1131990008779749,1.4674569014540355,0.5577109483632244,-0.47319558107980314,-0.42568013335863886,0.01138729818060706,-1.6478193374951167,-0.8102429193389632,-0.7535015318429915,-1.2708464495262919,0.2559758885939325,0.8660177496119151,-1.3063267904210192,0.3845918365817943,0.7817055506496302,0.967
1.2661297733978942,-0.7618501059833832,-0.1464597543788288,1.259656013832485,0.8138254676230785,1.5966302437957753,1.0473533104296744,-0.4830189745054717,0.7876139811879389,-1.074708767317213,0.3203834343681132,0.9128265022333208,-0.2152968611621342,-1.0443961710986214,-1.6242565654401266,-0.8778060886822585,-0.7675947972660705,0.6663194967522325,0.6404853745265826,1.8447601364193331,-0.7760068731703171,0.483
1.269593876745084,0.20273017503633148,-0.1464597543788288,1.2331002649702139,0.6447489907547933,1.1967800345233222,0.5887851090932967,0.7537489368172238,-0.24694966652327563,1.6594420792164684,-0.24481623815215348,2.4373192737930576,0.11198355477910865,0.6592705917044085,-0.663564392222629,-0.27628344947747896,-2.2488596922504644,0.23801929654001897,0.9702299824106615,1.3596543889650015,0.7872490112326194,0.563
1.2730579800922739,2.041259032818874,-0.1464597543788288,-0.7718587741312092,-0.21874873039394804,-1.128589976848391,-0.4482845154674348,0.5142168116993899,-0.04409404932499813,0.6751477744643432,-0.018736369144046913,-0.9430777414046193,-0.45136798085745733,0.6673448417650865,-0.32425609274581163,0.8857489217135739,0.014646214691980625,-0.3400545933169574,-1.1005661551013537,-0.8669809918503819,-0.1107916032116206,1.002
1.2765220834394637,0.9083627296078011,-0.1464597543788288,-0.155765400526534,0.34886515623529496,0.07096065096896881,0.0878875353258682,-1.3482676713596893,1.2000870694911026,0.4486038471801236,-1.0530517698561348,1.2177250565452682,-0.9127797148074065,-0.8506141696423526,-0.021740259477321666,-0.20451086184509068,1.2961900002402769,-0.35319263626825204,-0.7681835903542025,0.9376123886797326,1.04224819805012,0.863
1.2799861867866535,0.979573354381068,-0.1464597543788288,1.3765013088264755,0.442461063073096,1.1769293149140525,0.6710922221536726,0.4995515795493179,-0.023808487605170375,0.47985128542622285,0.07734757518439851,0.42896575299914363,0.32122841087269055,0.11022158757831375,-1.088721779518884,-0.2215995731861352,-0.6594125296548506,0.9422183987294254,0.9755058961368067,0.7484211471725433,0.2883375587635973,0.159
1.2834502901338436,-1.687588228035861,-0.1464597543788288,0.15228128627580417,0.5149224103023611,0.4736466773284604,1.0802761556538252,1.2865857049364875,-0.43628157590833466,-0.48881930020285275,-0.7704519335960015,0.03127198650529925,-1.0361805273754159,1.038760344556268,-0.06262077748657785,-1.3392012948904717,0.15611533387588336,1.065716002471598,-1.163877119815097,0.30697491698910123,0.33822870401049926,1.163
1.2869143934810334,-0.2439546530868917,-0.1464597543788288,-0.06813142928104036,0.8681714780450279,-0.13321817929781596,0.23839197063626932,-1.1722848855588315,1.2609437546505857,-0.5591260362565761,-1.171743701085391,0.9459676494411412,0.3158631581523423,-1.068618921280655,-0.5736272526022683,-0.07463665565314856,0.8384957911158855,0.035693435090077524,-0.8948055197816883,-0.47889639388691646,2.0456145635711533,0.988
1.2903784968282233,-0.5417445385023743,-0.1464597543788288,0.24257083240752456,1.5414581627169481,0.1134979072745493,1.2778132269987266,1.2425900084862735,-0.6932320243594862,-0.9887783121404402,0.24125548021527585,-0.3664217799885451,-0.837666176722531,0.1263700876996693,-1.4443822861994051,-1.475910985618831,-0.6178039651889968,1.4598572910104448,-0.37776597461945277,0.015911468516502113,-0.19948697253944686,0.626
1.293842600175413,1.303258012441375,-0.1464597543788288,0.9595760516888283,-1.2513229284109733,0.21558732240794168,-0.5682177373554109,-0.6150060638561136,0.7470428577482834,0.12050574559608201,-0.052648349495262786,-0.5056145982613907,0.42316821255930737,-1.431960174011159,-0.3446963517504388,0.3594166124093912,-0.3598308655007034,-0.8103965309733158,1.3237162020623943,-0.7408534975122557,-0.6263334374296105,0.274
1.297306703522603,0.42283574251733963,-0.1464597543788288,-0.4292896138079196,-0.5931323577451496,-1.1597839648058166,-0.7281286998727111,0.31379197231508005,-1.3964648306468475,-1.0044020312634898,0.1225635489860199,-0.810513152573338,0.7075266067377648,1.1517998454057585,0.7509015308976026,0.6157472825250653,-0.30990058814167887,-0.4477865455175743,0.26589549997026923,-2.57455322288963,-0.9589410724089587,0.53
1.3007708068697927,-1.2926929452022862,-0.1464597543788288,0.4550168233056888,0.3156537054218815,0.11633372436158765,0.7722123896278485,-0.6981090460398537,1.4232282484092078,-1.8558947234696932,-0.5104600842366789,0.7736336839604754,0.25148012550816323,-0.6326094180040501,0.6364360804716878,-1.24350451138062,0.19772389834173718,0.4088138549068526,0.10234217445976593,0.9570166185779059,0.6320321149089237,0.524
1.3042349102169826,-1.2926929452022862,-0.1464597543788288,-0.038920105532543665,-0.7682472802158729,-0.07933765464408078,0.20311749361039486,0.20624693654788798,-0.2942826438695404,-1.2231340989861843,-1.7086833899796443,0.6278126362460659,1.3352611750185097,2.1853038531725253,1.0697695713697928,-0.6488173567122577,-1.7412352057670486,0.24327451372053635,-0.4542667236485594,-0.4061305317687667,1.0921393432970221,1.026
1.3076990135641726,-0.6517973222428788,-0.1464597543788288,0.34082710319792525,-0.2519601812073602,0.05394574844673612,-0.20136317628630923,-0.7176626889066157,0.36161718507155616,-0.7309869466101216,0.6481992444298679,0.641069095129194,0.6753350904156753,-0.38230766612303624,0.66096439127724,0.08257948868446392,0.46401871092320135,-0.11408025455468425,0.5402430137298225,0.26816645719275467,-0.4600296199399362,0.381
1.3111631169113624,-1.953009647645312,-0.1464597543788288,-1.0241383883227795,-0.03759536232078539,-0.32605374121644604,0.47355515080877003,0.25513104371479406,-0.3754248907488514,-1.191886660740085,-1.409127563543903,1.0321346321814742,-0.46209848629815387,0.3766718395806832,0.06002077654118888,-0.31387861442777815,0.9050694942612515,0.5953740648152396,-1.6730027943881143,0.22450693992186474,1.008987434552185,1.199
1.3146272202585523,0.8695205706405642,-0.1464597543788288,0.3726940018326499,-1.1637654671756117,0.008572675054117278,-1.1490707923814896,-0.9425295818743774,-0.1725692735505739,0.823573106133314,1.682514645141956,0.04452844538842741,1.0669985390010972,-0.5760896675793051,0.8531028259207403,0.9985344165644715,-0.5262651233641186,-1.3070145545322633,1.9304462805690994,-0.3527688995487902,-1.8569816868531985,-0.049
1.318091323605742,0.36457250406648506,-0.1464597543788288,0.6010734420481759,-0.043633807923223474,0.6749896905082068,0.3724349833345961,0.7097532403670098,0.32104606163190064,1.0969881907866825,-0.2391642414269508,-0.3929346977548014,-0.41917646453536783,0.6027508412796636,0.019140258531932703,-0.3070431298913594,-0.4680131331119232,0.33786842296985975,0.35558603331473876,0.3118259744636446,-0.7870937943362954,0.446
1.321555426952932,-1.1308506161721326,-0.1464597543788288,1.9554166340239725,0.394153498253586,2.0021520872423064,0.8545195026882245,-0.22393320652087587,0.19933269131293413,1.0969881907866825,0.3599474114445318,0.8134030606098598,1.1850340988487587,0.756161592432543,-0.7535015318429915,-0.925654480437185,-1.125428451672413,0.8975490526950229,1.8644973589922835,2.009696090553806,-1.3525267738011875,-0.152
1.3250195303001218,0.8112573321897082,-0.1464597543788288,-0.24339937177202647,0.2552692493974939,-0.13605399638485433,0.30894092468802037,0.1915817043978181,-0.24018781261666639,0.48766314498774765,0.5521153001014225,-0.035010307910341446,-0.9342407256887996,-0.25311966515219037,-0.36922466255599107,-0.10539633606702903,-0.8258467875182657,-0.04576243120795126,-0.25641995891811165,-0.06655650855073432,0.07768605661000991,0.627
1.3284836336473116,-0.18569141463603642,-0.1464597543788288,0.0009135177608624295,0.17073101096335133,0.4282736039358416,0.37948987873976936,0.18669329368112597,0.19933269131293413,0.3704852515648755,2.168586363509385,-0.7574873170408253,-1.9590039952753153,-1.1170644216447223,0.2358070039809852,-0.40273991340121096,-0.3598308655007034,1.1576823031306627,-0.2959893118642014,0.15174107780371504,-1.2860052468053176,0.703
1.3319477369945016,-1.2603244793962556,-0.1464597543788288,0.04605829082672204,0.6538066591584518,0.22976640784313476,1.2590001725849265,0.3431224366152219,-0.9298969110908092,-0.10603818168813749,-0.6630639958171508,-0.5056145982613907,-0.49965525534059163,0.4251173399447504,-0.6104197188105976,-1.6228739031518176,-1.1587153032450959,2.001144660603795,-0.005814056926211743,-1.187150785170241,0.2495333346826733,0.688
1.3354118403416915,0.8177310253509151,-0.1464597543788288,0.19742605934166377,-1.2935920476280451,-0.17575543560339646,-1.3701241817436418,-0.3999159923217338,-1.3897029767402382,1.6125709218473194,0.6595032378802732,1.0586475499477306,1.480122998467912,0.5058598405515291,0.7754298417031549,1.2001812103888003,-1.1670370161382666,-1.162496082068018,0.8779014922031195,-0.6923429227668226,-0.6983984250084692,0.395
1.3388759436888813,-0.4511128342454883,-0.1464597543788288,-0.599246406526451,-0.716920492595145,-0.06515856920888771,-0.8809847669848381,-0.04795042072001793,-0.3619011829356329,-0.5513141766950512,1.90294251742486,-2.209069564743357,-0.37088919005223353,0.17481558806373654,1.5562477356799311,1.1010666846107402,0.5056272753890552,-0.6343467554259635,0.1630151823104362,-1.1628954977975243,-1.0032887570728717,0.406
1.3423400470360711,-0.8524818102402691,-0.1464597543788288,0.08589191412012813,0.10732733213774474,-0.37426263169610324,0.5111812596363703,-0.013731545703183898,0.42923572413764866,-2.933931342960116,-1.2000036847114044,0.6211844068045017,-0.19383585028074118,-1.1897326721908228,-0.524570630991162,-0.6248931608347945,0.5638792656412505,-0.3926067651221371,-1.0583588452921917,-0.7554066699358857,1.158660870292892,1.041
1.345804150383261,-0.1403755625075934,-0.1464597543788288,-0.32041104347261073,-0.30026774602687023,0.3658856280209913,-0.3095382391656585,-2.6534733327160507,2.0317951000040404,0.20643620077285493,-1.6860754030788336,-0.8569107586642865,-0.4030807063743231,-1.1251386717054002,0.7631656863003778,0.13726336497580766,0.9633214845134468,-0.3295441589559215,-0.41469737070246965,0.6271447103089604,0.23844641351669502,0.671
1.3492682537304508,-1.2538507862350494,-0.1464597543788288,0.6488737900002635,0.4364226174706566,0.7515567518582502,0.5817302136881214,1.5652251157878454,-1.46408336971294,-0.11385004124966229,1.156878949698108,-1.354027966781592,-0.7142653641545211,0.9176465936461005,-0.0340044148800987,-0.6624883257850936,-1.09214160009973,1.3337320786780136,-0.07176297850302787,-0.6438323480213893,-0.6595942009275452,0.557
1.3527323570776408,-0.39932328895583913,-0.1464597543788288,-2.413004053819526,-2.329185468446291,-1.500082015250458,-2.263744266399147,-0.6590017603063296,-1.139514382195696,-1.121579924686362,-0.4369841268090442,0.7139796189863986,-0.773283144078352,0.6027508412796636,1.854675517147494,2.5228474681856756,0.24765417570076173,-2.224049952532646,-1.1612391629520247,-0.8621299343758386,1.347138530114522,0.848
1.3561964604248307,0.5717306852250816,-0.1464597543788288,0.6355959155691273,0.03788520770970006,0.028423394663388335,-0.4106584066398345,-1.6855680108113331,1.8018920671793257,1.511016747547497,2.9146499312361374,-1.1286681657684134,2.075666050426568,-1.2866236729189573,0.08046103554581607,1.1660037877067113,0.22268903702124945,-0.5239871946350868,1.682478335440272,0.15659213527825835,-2.0454593466748294,0.044
1.3596605637720205,1.4521529551491157,-0.1464597543788288,-2.0093566711130153,-0.8044779538305067,-1.9282903953932973,-1.2290262736401396,-0.8692034211240195,0.03704819755431288,0.5579698810414709,-1.3299996093910658,-1.9770815342886148,-1.1703118453841228,1.1517998454057585,0.5342347854485501,1.3232199320443236,0.5805226914275917,-1.3937256380108083,-1.6993823630188412,-1.386044141626517,1.4968119658552288,1.234
1.3631246671192103,0.2674671066483929,-0.1464597543788288,-0.24605494665825323,-0.8920354150658683,0.2836469324968687,-0.4576910426743359,-0.5367914923890655,0.7199954421218464,-0.09041446256508787,-0.629152015465935,-0.9629624297293116,-0.022147763229597085,-0.06741191375659948,0.3829768688143042,0.5986585711840208,-1.09214160009973,-0.3610754620390293,0.6800547274726724,-0.18298188793977402,-0.18285659079047945,0.558
1.3665887704664001,0.6558886963207607,-0.1464597543788288,-1.1994063308137644,-0.59615158054637,-0.9754558541483028,-1.0361924658986887,0.06448302576386407,0.36161718507155616,-0.5903734745026753,0.0829995719096012,0.3229140819341184,-1.4332092286811866,-0.24504541509151248,0.33800829900412477,0.8549892412996934,0.34751473041881065,-1.1572408648875003,-1.0398931472506834,-0.6777897503431927,0.4601848368362604,0.993
1.37005287381359,0.526414833096638,-0.1464597543788288,0.5160950456889102,1.2667088878059845,0.19573660279867064,0.8098384984554489,-1.3140487963428553,1.0716118452655268,-0.22321607511100963,1.156878949698108,0.18372126366127298,-1.4600354922829284,-0.6649064182467617,-1.3585331983799678,-0.7513496247585265,0.9383563458339346,0.29057146834519865,-0.7708215472172748,1.4809308258285845,-0.09416122146265317,0.8
1.3735169771607798,-0.5546919248247866,-0.1464597543788288,-0.5567572083468182,-0.605209248950027,-0.4167998880016837,-0.19901154448458344,-0.6394481174395676,3.0731206016218633,-0.3091465302877821,-0.17699227744972157,-1.1286681657684134,-0.19383585028074118,-2.457389931717248,0.8408386705179632,-0.07121891338493995,1.4626242581036921,-0.9076180488128979,-0.8710639080140349,0.5543788481908105,0.011164529614140209,0.707
1.3769810805079699,-0.1533229488300057,-0.1464597543788288,1.2676227384911654,0.4575571770791926,0.8337954473823728,0.6358177451277981,0.10847872221407802,-0.16580741964396464,1.1048000503482072,0.17343151951284377,0.8664288961423725,1.6357153273580114,0.04562758709289077,-0.24249505672730107,-0.5907157381527054,-1.666339789728512,0.5874912390444634,1.1865424451826174,0.26816645719275467,-0.19948697253944686,0.319
1.3804451838551597,-0.36048112998860227,-0.1464597543788288,-0.5195791599396388,1.4720160382889023,-0.20694942356082097,1.0591114694383001,0.9541737762015337,-0.5985660696669567,-0.5747497553796257,-0.27872821850336954,-1.267860984041259,-2.1092310714450666,0.4574143401874619,-0.7167090656346604,-0.8094512433180804,0.07289820494417573,1.2312553436579141,-1.4619662453423048,-0.6244281181232161,0.770618629483652,1.002
1.3839092872023495,0.2998355724544236,-0.1464597543788288,-1.5074530176161025,-0.5418055701244204,-1.5908281620356943,-0.9256657712176136,-0.08705770645354191,-0.9907535962502925,-0.059167024318988626,-0.9965318026041085,-0.7110897109498769,-0.5425772771033777,1.8058141003206658,0.4361215422263374,1.1454973340974566,0.746956949291007,-0.2585987270189286,-1.0979281982382814,-0.745704554986799,1.4746381235232724,0.911
1.3873733905495393,0.0020456870389410292,-0.1464597543788288,-2.136824265651914,-0.6082284717512475,-1.633365418341275,-1.1561256877866648,-1.6122418500609752,1.1527540921448378,0.1830006220882805,-0.4708961071602602,-0.6448074165342361,0.627047815932541,-0.10778316405998885,0.9471280173420279,0.6567601897435731,0.9383563458339346,-0.7920032708415015,-1.1374975511843706,-0.5080027387341765,-0.1773131302074903,1.097
1.3908374938967292,0.3516251177440728,-0.1464597543788288,-1.1223946591131801,-3.0417220495340627,-0.9357544149297607,-2.7952130535890007,-2.0082031181129048,0.6794243186821909,0.1986243412113301,0.7838471658347319,-2.2289542530680495,1.190399351569107,0.4008945897627168,3.126059627235332,2.1571490454873157,0.6554181074661286,-2.397472119489738,1.3659235118715565,-1.187150785170241,-1.175136035145535,0.095
1.394301597243919,0.4357831288397519,-0.1464597543788288,0.20273720911411847,0.18884634777066828,-0.20127778938674423,0.4594453599984215,2.518465205542492,-1.8021760650434018,0.3392378133187763,1.2699188842021611,-0.2603701089235199,-0.17774009211969644,0.9095723435854226,-0.9088475002781606,0.2295424062174506,-1.1753587290314376,1.249648603789726,-0.016365884378502275,-1.1143849230520912,-0.9977452964898826,0.556
1.3977657005911088,1.5104161935999718,-0.1464597543788288,-1.0347606878676878,-0.9554390938914749,-1.5908281620356943,-0.9868081980624636,-0.3705855280215897,0.7538047116548927,-0.7778581039792705,0.8008031560103399,-0.11454906120911035,0.310497905431994,-1.8760439273484415,-0.13211765810231135,0.9916989320280527,0.5888444043207626,-0.2139293809845262,-0.2775236138226927,-0.1635776580416007,-0.770463412587328,0.587
1.4012298039382989,0.8954153432853889,-0.1464597543788288,-0.8037256727659338,-1.8400713746487523,-1.0803810863687335,-1.934515814157646,-0.5661219566892096,-0.31456820558936816,0.0345752904193091,-0.3804641595570176,-0.4989863688198266,1.2708781423743307,0.029479086971535017,1.3722854046382809,1.692336097010894,-0.7509513714797289,-2.5341077661832068,0.5692605392236217,-0.5419601410559797,0.6154017331599563,0.641
1.4046939072854887,-0.8848502760462998,-0.1464597543788288,0.7922748338565238,0.397172721054805,1.4605110236179188,0.6264112179208969,1.2621436513530355,-0.40923416028189763,-0.1841567773033856,-0.08090833312127615,0.6543255540123222,0.22465386190642198,1.5232153481969402,-0.7575895836439166,0.11333916909834439,0.014646214691980625,0.689967974064563,0.5666225823605489,0.8017827793925199,-0.6651376615105343,0.501
1.4081580106326785,-0.06916493773432655,-0.1464597543788288,-0.9311932673048323,-1.7887445870280219,-0.7173964992277829,-2.127349621899097,-1.538915689310617,-0.7540887095189687,-0.8012936826638449,2.394666232517492,-0.5188710571445188,1.8503254361719415,1.054908844677624,1.3559331974345787,2.3041119630203006,0.30590616595295705,-1.8483019241256122,1.041454817713623,-0.3867263018705934,-0.970027993574937,0.188
1.4116221139798684,-0.20511249411965485,-0.1464597543788288,-0.3230666183588375,1.7437460903986468,-0.07650183755704242,1.1813963231280011,0.06448302576386407,-0.010284779791951873,-1.2621933967938084,-1.3186956159406604,-0.7309743992745692,-1.4814965031643215,-0.32578791569829113,-1.6119924100373515,-0.686412521662557,2.228221844275401,1.3652633817611215,-1.2060844296242585,0.02561358346558869,0.65420595724088,0.696
1.4150862173270582,0.9277838090914188,-0.1464597543788288,-0.23543264711334502,-1.0671503375365916,-0.6408294378777383,-0.8668749761744874,-1.3824865463765212,1.3353241476232875,-0.5278785980104768,1.4790427630346599,-1.8909145515482817,0.40707245439826256,-1.5692224250426827,0.8408386705179632,0.9199263443956645,-0.18507489474411767,-1.4331397668646921,0.5323291431406049,-0.061705451076191,-0.7593764914213497,0.451
1.418550320674248,-0.08211232405673884,-0.1464597543788288,-0.38148926585583326,0.46661484548285104,-0.17008380142931845,0.3677317197311445,-0.5270146709556857,0.29399864600546366,-0.16853305818033595,-0.49350409406107093,0.25000355807691366,0.9865197481958734,-1.6338164255281058,-0.2547592121300763,-0.8983125422915131,-1.125428451672413,0.13817017011017702,-0.2326783471504582,0.593187307987157,0.5876844302450106,0.691
1.4220144240214379,-1.325061411008317,-0.1464597543788288,1.5092800531378274,0.17978867936700982,1.7809583544532892,1.0802761556538252,-0.05283883143670788,-0.19285483527040165,0.1908124816498053,1.0947069857208787,-0.45921699217044215,-0.3977154536539748,-0.6245351679433723,0.8449267223188883,-1.8586981196582364,-2.2488596922504644,0.9606116588612386,1.0150752490828965,1.4178670786595213,-1.6407867241166225,0.317
1.425478527368628,-1.4545352742324398,-0.1464597543788288,0.6568405146589437,0.6326720995499158,0.7345418493360187,1.0379467832227742,1.7900920087556094,0.05733375927414063,-1.3637475710936309,-0.16568828399931623,0.5151327357394765,-0.4352722226964126,0.7480873423718651,-1.0069607435003733,-1.0247690062152452,0.039611353371492915,0.7109888427866349,0.08651443328133013,-0.08596073844890761,-0.11633506379460974,0.711
1.4289426307158177,-2.0112728860961675,-0.1464597543788288,0.08589191412012813,1.1399015301547712,0.7005120442915546,1.2519452771797512,0.8955128476012477,0.17228527568649715,0.8782561230639877,-1.1095717371081615,1.3237767276102934,-0.9825280001719332,-0.277342415334224,-0.4223693359680243,-1.164896439211813,-0.051927488453385476,1.1182681742767775,-0.7760974609434201,2.1067172400446728,0.5987713514109889,0.593
1.4324067340630076,0.15094062974668232,-0.1464597543788288,0.8028971334014319,-0.21874873039394804,0.5530495557655434,-0.49531715150193617,-1.3873749570932132,0.9431366210399517,0.6439003362182438,-0.866535877924447,0.7868901428436035,0.16027082926224293,0.05370183715356864,0.4483856976291126,0.6020763134522295,-0.4596914202187525,-0.5344976289961216,0.4611043078376435,0.5883362505126137,0.6043148119939781,0.416
1.4358708374101974,0.636467616837143,-0.1464597543788288,0.922398003281649,0.4605763998804116,0.8111089106860634,0.5417524730587974,0.2893499187316259,0.6659006108689725,1.5813234836012202,0.6312432542542599,-0.06152322567659776,0.20319285102502896,-0.11585741412066672,-1.4239420271947762,-0.19767537730867196,0.4889838496027136,0.4245795064484059,0.6615890294311636,0.5834851930380704,0.6985536419047932,0.411
1.4393349407573872,1.4456792619879102,-0.1464597543788288,-0.48505668641868743,-0.4753826684975948,-0.7060532308796282,-0.6857993274416613,-1.5633577428940713,1.6260838656074852,-0.39507698546455505,-0.9569678255276897,-0.817141382014902,-0.043608774110990095,0.07792458733560226,-0.38557686975969313,0.6806843856210364,-0.026962349773873188,-0.7552167505778751,-0.7127864962296769,-0.22179034773612058,1.0921393432970221,0.826
1.442799044104577,0.6947308552879976,-0.1464597543788288,0.12306996252730747,1.1187669705462353,-0.5472474740054623,0.5064779960329209,0.12314395436415006,-0.7473268556123595,-0.3716414067799806,-0.3182921955797882,0.9592241083242694,0.14417507110119818,1.7169973496532092,-1.5792879956299473,0.05865529280700066,0.6803832461456409,0.7346373200989665,-0.9422887433169957,-0.21693929026157724,0.6763797995728366,0.919
1.4462631474517669,-0.5611656179859927,-0.1464597543788288,1.1268772695211318,0.6598451047608912,0.6097658975063169,0.7628058624209475,-0.07728088502015983,0.05733375927414063,0.04238714998083391,-0.27307622177816687,-0.266998338365084,-0.05970453227203486,0.06985033727492439,-0.6104197188105976,-0.4095753979376297,-1.6247312252626582,1.0867368711936698,0.09442830387054833,0.6028894229362437,-0.6651376615105343,0.676
1.449727250798957,-1.0337452187540406,-0.1464597543788288,-1.3959188723945657,-0.07684525873663697,-1.1512765135447003,-0.34951597979498455,-0.8056540818070436,0.09790488271379613,-0.9106597165251921,-1.0982677436577561,-1.1949504601840544,-1.3741914487573563,0.16674133800305865,1.4744866996614205,-0.1669156968947915,0.4889838496027136,-0.25597111842866993,-1.1928946453088956,-1.0464701184084848,0.6209451937429454,1.125
1.4531913541461468,-0.34106005050498384,-0.1464597543788288,0.07792518946144668,1.3904970226559799,0.07379646805600718,0.9885625153865492,-0.1066113493203039,0.21285639912615265,-1.0044020312634898,-1.307391622490255,-0.8436542997811584,0.1388098183808499,-0.3096394155769355,-1.0396651579077776,-0.7410963979539007,0.746956949291007,1.2575314295605033,-0.8657879942878897,-0.3285136121760736,0.6985536419047932,0.956
1.4566554574933366,-1.1114295366885143,-0.1464597543788288,-0.054853554849905395,0.9134598200633176,0.4906615798506931,0.6405210087312476,1.0617188119687258,0.11142859052701463,-0.22321607511100963,-0.16003628727411356,1.6021623641559843,0.33195891631338703,0.11022158757831375,-0.029916363079173627,-1.2537577381852474,0.7968872266500316,0.24327451372053635,-0.34347253539950884,-0.11021602582162424,1.0256178163011525,0.771
1.4601195608405264,1.037836592831924,-0.1464597543788288,-0.31244431881392926,-0.6203053629561249,-0.3345611924775624,-0.547053051139885,-0.028396777853255936,-0.814945394678452,1.0423051738560087,-0.27872821850336954,1.290635580402473,-0.14018332307725867,1.0064633443135567,0.9716563281475802,1.0327118392465606,-0.11850119159875157,-0.7920032708415015,-0.834132511931018,0.0013582960928721413,0.4934456003341952,0.983
1.4635836641877162,0.7853625595448837,-0.1464597543788288,0.02746926662313355,0.7383448975925944,-0.36008354626091016,0.19135933460177001,-0.5172378495223036,0.08438117490057763,0.7063952127104424,-0.10351632002208684,0.3560552291419388,-0.032878268670293594,-0.333862165758969,-1.710105653259564,0.003971416515658443,0.78024380086369,-0.6106982781136319,-0.058573194187664414,-0.49344956631054643,0.14975104418886875,0.535
1.467047767534906,0.4163620493561342,-0.1464597543788288,0.7657190849942538,1.2576512194023273,1.0209593751269248,1.1343636870935008,0.22091216869796002,0.48333055539052266,-0.8169174017868945,0.0999555620852092,-1.8644016337820253,-2.377493707462478,-0.24504541509151248,-1.710105653259564,-1.117048047456888,1.2379380099880815,0.8003275348554408,-0.5571470413083919,0.665953170105307,-0.9256803089110238,0.758
1.470511870882096,1.989469487529225,-0.1464597543788288,0.34613825297037876,-0.18855650238175362,0.08513973640416189,-1.012676147881439,-1.739340528694927,1.294753024183632,1.8547385682545885,1.2133989169501347,-0.174203126183187,1.667906843680101,-1.8841181774091194,0.7876939971059319,0.3149859629226748,0.405766720671006,-0.6816437100506247,1.9726535903782614,0.71446374485074,-2.394697363403145,-0.035
1.473975974229286,0.8759942638017697,-0.1464597543788288,-0.28323299506543137,0.32471137382553994,-0.1417256305589323,0.4829616780156712,1.8145340623390613,-2.0050316822416794,-0.8872241378406176,-0.29568420867897754,-0.04163853735190552,0.29976739999129753,2.8070211078447214,-1.4934389078105115,0.07916174641625531,-0.44304799443241094,0.45348320094125505,-0.10605641772297181,-0.8184704171049487,0.9480093681393045,0.7
1.4774400775764758,-0.11448078986276883,-0.1464597543788288,1.113599395089997,0.05600054451701565,1.168421863652936,-0.11435279962248385,0.4604442938157939,-0.20637854308362014,-0.6919276488024976,-0.27872821850336954,0.8200312900514239,-0.18310534484004468,0.48163709036949554,-0.365136610755066,-0.033623748434640756,-0.37647429128704496,-0.42939328538576227,0.8515219235723932,0.4864640435472041,0.6043148119939781,0.531
1.4809041809236656,0.3710461972276905,-0.1464597543788288,-1.2631401280832137,-0.9071315290719648,-0.7741128409685565,-1.6029357301144187,0.13780918651422208,0.2669512303790266,0.6985833531489175,-0.6800199859927588,0.6012997184798095,-0.6713433423917351,-1.0363219210379435,1.2005872289994097,1.077142488733277,0.6887049590388117,-1.6617417142172253,-0.7840113315326384,-0.46919427893782983,0.6819232601558257,0.84
1.4843682842708554,0.6429413099983485,-0.1464597543788288,-0.24339937177202647,-0.553882461329298,-0.46784459556837926,-0.38949372042431063,0.17691647224774606,0.2669512303790266,0.5423461619184213,1.2133989169501347,-0.6845767931836206,-1.1005635600195949,1.0710573447989797,-0.45916180217635355,0.4927085608695419,-0.8008816488387533,-0.1508667748183106,0.36086194704088403,-0.9348957964939885,-1.4467656037120025,0.557
1.4878323876180453,-0.25042834624809784,-0.1464597543788288,0.12306996252730747,0.34886515623529496,0.062453199707852465,0.21252402081729388,-0.23859843867094574,-0.15228371183074613,0.07363458822693315,-0.9230558451764737,0.037900215946863325,0.3909766962372178,-1.0201734209165878,-1.0478412615096278,-0.5428673463977789,0.6803832461456409,0.2012327762763926,-0.5571470413083919,-0.9203426240703585,0.9424659075563153,1.0
1.491296490965235,1.4068371030206734,-0.1464597543788288,-0.17169884984389575,0.967805830485267,-0.5103818518739598,0.6569824313433219,0.6853111867835578,-0.8690402259313259,0.7142070722719667,-0.4369841268090442,-0.7641155464823894,-0.7947441549597449,-0.20467416478812311,-1.2849482659633091,-0.48134798557001796,0.8384957911158855,0.6558090623911965,-0.8446843393833086,-0.4740453364123732,0.7983359323985977,0.746
1.4947605943124251,1.212626308184489,-0.1464597543788288,-0.06282027950858685,-0.3817867616597938,-0.11053164260150655,-0.12846259043283237,-2.3894991540147625,2.5051248734666864,1.300096539386327,1.716426625493172,-0.40619115663792954,-0.17774009211969644,-2.9176221851758863,-0.528658682792087,0.3149859629226748,0.20604561123490792,-0.4188828510247275,0.7248999941449068,1.2626332394741349,-2.3448062181562426,0.201
1.498224697659615,-0.47700760689031285,-0.1464597543788288,-0.17700999961634925,0.1435580057523773,0.07663228514304554,0.11375548514484365,1.1545986155858434,-1.2003710673551793,0.6282766170951942,-1.906503275361738,-0.06815145511816184,0.07979203845701913,0.4008945897627168,0.06410882834211395,-0.0028640680207602824,-0.026962349773873188,-0.037879605437174016,-0.8605120805617443,-0.7068960951904526,1.5300727293531637,0.877
1.5016888010068048,-0.7618501059833832,-0.1464597543788288,0.08058076434767461,-0.2761139636171152,0.056781565533775745,-0.3236480299760091,-1.0451862069248774,0.1790471295931064,0.3861089706879251,-0.3861161562822203,-0.16757489674162293,1.861055941612638,-0.49534716697252634,0.8858072403281445,0.09625045775729986,-1.050533035633876,-0.5476356719474162,0.40570721371311846,-0.6001728307504994,-0.30481272361624057,0.541
1.5051529043539946,0.14446693658547619,-0.1464597543788288,-0.09468717814331148,1.6682655203681613,0.22693059075609515,1.2989779132142516,-1.749117350128309,1.5922745960744382,0.15175318384218126,-1.2791316388642417,-0.174203126183187,-2.3238411802589956,-0.9475051703704869,-1.6079043582364245,-0.9017302845597218,0.7303135235046655,1.2470209951994675,-1.5490188218237013,0.8696975840361264,0.7373578659857172,1.122
1.5086170077011845,-0.4316917547618699,-0.1464597543788288,-1.7650437815801265,-3.2983559876377093,-1.4603805760319157,-2.5765112960285745,-0.4292464566218757,-0.6188516313867845,0.9329391399946614,0.6764592280558812,-0.46584522161200626,1.5981585583155737,0.23940958854915953,3.31002195827698,1.7811973959843268,-1.3667581255743648,-2.394844510899481,-0.00845201378928467,-0.6923429227668226,0.7373578659857172,0.81
1.5120811110483743,0.12504585710185775,-0.1464597543788288,0.574517693185906,1.792053655218157,0.3829005305432227,1.233132222765951,1.4576800800206555,-1.3897029767402382,-2.0824386507539128,-0.10916831674728951,-0.174203126183187,-0.4299069699760643,0.69156759194712,-2.5481562724492948,-0.7069189752718101,0.23101074991442022,1.3836566418929346,-0.25114404519196637,0.19054953760006163,-0.04427007621575121,0.485
1.515545214395564,-1.0790610708824835,-0.1464597543788288,-1.2790735774005755,-0.4240558808768644,-0.40829243674056737,-0.34716434799325874,-1.2602762784592594,0.6185676335227077,-1.1996985203016097,-1.4656475307959294,-0.34653709166385294,0.7021613540174165,1.1517998454057585,1.4417822852540163,-0.14299150101732822,-0.4014394299665571,0.17758429896406205,-1.2746713080641476,-0.6729386928686493,1.4413773600253375,1.141
1.5190093177427542,0.9730996612198626,-0.1464597543788288,-1.4782416938676048,-0.5840746893414924,-0.8223217314482136,-0.7939743903210127,0.9052896690346297,-1.491130785339377,-0.6919276488024976,0.6481992444298679,-2.209069564743357,-1.2829821525114353,0.336300589277294,-0.11167739909768418,0.32523918972730215,0.4473752851368598,-0.3216613331851442,-0.36193823344101694,-0.8136193596304054,-0.4711165411059145,0.594
1.522473421089944,-0.34106005050498384,-0.1464597543788288,-0.049542405077451876,2.0547260389242417,-0.18142706977747317,1.364823603662552,-0.06750406358677992,1.1527540921448378,-1.0668969077556882,-0.5726320482139083,0.28314470528473407,-0.8644924403242723,-0.07548616381727735,-2.122998885153042,-0.8436286660001694,0.2892627401666156,1.5728444603915814,-1.6518991394835332,-0.05685439360164767,0.8759443805604457,1.09
1.5259375244371338,-0.9949030597868036,-0.1464597543788288,-0.17700999961634925,0.20394246177676484,0.25528876162648256,0.2572050250500695,1.4967873657541795,-1.9306512892689776,0.45641570674164844,-0.7930599204968122,-0.035010307910341446,0.310497905431994,0.23940958854915953,0.3420963508050498,-0.4164108824740469,-0.9257073422363148,0.6111397163567941,-0.24059221773967582,0.5495277907162671,-0.3547038688631428,0.729
1.5294016277843236,-0.4899549932127252,-0.1464597543788288,-0.9391599919635139,0.2764038090060299,-0.8648589877537941,0.026745108481018263,1.0714956334021055,-0.6729464626396584,-0.15290933905728635,-0.9908798058789058,-0.9231930530799273,-1.8731599517497433,-1.2381781725548902,-0.13620570990323644,0.055237550538792056,-0.8341685004114364,-0.0536452569787285,-1.5437429080975555,-0.24119457763429383,0.8482270776455,1.361
1.5328657311315135,1.4068371030206734,-0.1464597543788288,-1.4118523217119288,-1.2935920476280451,-1.8035144435635955,-1.388937236157442,-0.5758987781225896,0.23990381475258965,0.6048410384106198,0.054739588283587826,0.5151327357394765,1.0777290444417937,0.8126813428572881,0.3993290760180063,1.2309408908026824,0.5056272753890552,-0.7289406646752858,-0.12716007262755288,-1.60919278545551,0.9369224469733263,0.611
1.5363298344787033,-0.36048112998860227,-0.1464597543788288,0.7922748338565238,0.850056141237711,1.0436459118232342,0.9956174107917245,0.299126740165008,-0.1725692735505739,-0.5591260362565761,-0.42568013335863886,0.22349064031065735,0.14954032382154642,-0.03511491351388798,-1.1663947637364693,-0.39248668659658364,-0.10185776581241004,0.9527288330904613,0.529691186277532,0.7484211471725433,-0.011009312717816357,0.425
1.5397939378258931,-0.9107450486911245,-0.1464597543788288,1.352601134850431,0.8681714780450279,1.3102127180048693,1.193154482136626,0.7097532403670098,-0.40923416028189763,0.6126528979721446,-1.0191397895049188,-0.9695906591708756,-0.4460027281371091,1.2890620964372823,-0.7535015318429915,-1.1990738618939036,-2.273824830929977,1.3600081645806041,0.29755098232714083,0.5107193309199207,0.3437721645934884,0.657
1.5432580411730832,-0.9819556734643913,-0.1464597543788288,-0.6125242809575859,-0.07684525873663697,0.01991594340227199,0.35127029711907015,-0.15060704577051784,-0.3619011829356329,-1.9027658808388421,-0.2900322119537749,0.5416456535057328,-0.9503364838498437,-0.6729806683074395,1.237379695207739,-0.6795770371261383,0.5389141269617382,0.5638427617321329,-1.1163938962797895,-0.1781308304652307,-0.205030433122436,0.889
1.546722144520273,0.1315195502630639,-0.1464597543788288,-0.009708781784045783,-0.34555608804516125,-0.22963596025713037,-0.5752726327605863,-0.8447613675405675,0.49009240929713194,0.1048820264730324,-0.26742422505296415,-0.6514356459758003,-0.7410916277562625,-0.6972034184894731,0.8980713957309215,0.04156658146595612,0.5638792656412505,-1.2965041201712262,-0.3804039314825257,0.020762525991045437,0.7539882477346845,0.78
1.5501862478674628,0.008519380200147173,-0.1464597543788288,0.2850600305871574,1.3603047946437856,0.32902000588948754,0.6546307995415982,-0.5563451352558275,1.1189448226117915,-0.356017687656931,0.4051633852461532,1.9468302951173166,-1.3259041742742215,-1.0443961710986214,-0.8802311376716815,0.12701013817118031,-0.21004003342362973,0.3010819027062346,-0.5756127393499,0.37974077910725096,0.6874667207388149,0.843
1.5536503512146527,-0.528797152179962,-0.1464597543788288,0.48688372194041346,1.1157477477450162,0.6608106050730125,1.4588888757315528,1.4527916693039633,0.36837903897816543,-0.1294737603727119,0.5012473295745985,-0.9364495119630555,-2.6618521016409358,0.1263700876996693,-1.9349485023104667,-1.1136303051886796,0.2892627401666156,1.3967946848442292,-0.5756127393499,0.6028894229362437,-0.6041595950976539,0.832
1.5571144545618425,1.037836592831924,-0.1464597543788288,-0.34696679233488065,-0.5055748965097879,-0.19844197229970587,-0.7445901224847875,0.08892507934731603,-0.15904556573735537,-0.3403939685338814,0.1225635489860199,-0.896680135313671,-0.5103857607812882,0.8611268432213554,0.4851781638374437,0.745621488717006,1.3377985647061308,-0.58967740939156,-0.1297980294906258,-1.8760009465553922,0.33822870401049926,0.539
1.5605785579090323,-0.5935340837920234,-0.1464597543788288,-0.7293695759515764,0.4545379542779735,-1.0690378180205788,0.17019464838624407,0.35778766876529394,-0.5782805079471289,0.3236140941957266,-0.5330680711374897,0.15058011645345257,-0.6874391005527799,0.8046070927966102,0.2971277809948686,0.5303037258198411,0.9882866231929587,0.16444625601276744,-0.868425951150962,-1.1725976127466111,1.2140954761227827,0.998
1.5640426612562222,0.578204378386287,-0.1464597543788288,-1.648198486586136,-2.558646401338962,-1.8347084315210211,-1.8404505420886452,-1.4167054213933552,0.2196182530327619,1.425086292370724,-0.3352481857553962,0.2964011641678622,1.544506031112091,-1.3350691732830247,1.261908006013293,1.5556264062825347,-0.9922810453816808,-2.297622993059899,-0.27488565695962036,-0.7408534975122557,0.9147486046413696,0.902
1.5675067646034122,-0.08858601721794498,-0.1464597543788288,-0.08672045348463003,0.07713510412555163,0.14752771231901343,-0.942127193829688,0.8368519190009617,-0.15228371183074613,0.9719984378022855,1.9368544977760762,-0.3200241738975966,1.4479314821458225,0.40896883982339466,1.2046752808003347,0.08257948868446392,0.031289640478322146,-0.48457306578120063,1.5426666216974225,0.13718790538008507,-2.1729589400835794,-0.04
1.570970867950602,-0.9301661281747422,-0.1464597543788288,0.16821473559316708,1.462958369885245,0.4424526893710346,1.1908028503349013,-0.7714352067902095,0.7943758350945482,1.3860269945630999,1.6372986713403346,-0.5586404337939032,-0.7571873859173072,-0.9878764206738763,-1.3094765767688614,-1.222998057771367,0.8301740782227146,0.9632392674514972,-0.23531630401353057,0.6125915378853304,-1.5243740518738504,0.385
1.5744349712977919,0.2221512545199499,-0.1464597543788288,1.2224779654253057,0.4998262962962632,1.4037946818771454,0.3348088745069958,-0.6834438138897816,0.09114302880718689,-0.48100744064132794,2.2251063307614123,-1.2744892134828232,0.267575883669208,-0.15622866442405586,0.4197693350226353,0.12017465363476312,-1.2419324321768033,0.7477753630502612,1.218197927539489,0.9036549863579294,-2.394697363403145,0.243
1.5778990746449817,-0.9107450486911245,-0.1464597543788288,-1.3348406500113446,-0.11609515515248854,-0.9811274883223796,0.03615163568791729,-1.851773975178809,1.5922745960744382,-0.6919276488024976,0.6199392608038545,0.4090810646744514,-0.8644924403242723,-1.310846423100991,1.0411532087633137,-0.5257786350567344,1.3710854162788138,0.3588892916919316,-2.0660583669859363,0.02561358346558869,1.0699655009650657,1.142
1.5813631779921715,0.10562477761823932,-0.1464597543788288,0.9197424283954223,0.4605763998804116,0.8905117891231463,0.8051352348519972,0.3089035615983879,-0.10495073448448138,-1.387183149778205,0.4390753655973692,0.2897729347262981,0.23001911462677022,-0.7860201691569296,-0.8516147750652042,-0.23185279999076255,-0.21004003342362973,0.3588892916919316,0.6141058058958563,0.5980383654617004,-0.16068274845852287,0.397
1.5848272813393613,-1.189113854622988,-0.1464597543788288,-1.379985423077204,1.2636896650047653,-0.6153070840943905,0.6663889585502231,0.5973197938831278,0.9025654976002961,-0.7622343848562209,-1.8443313113845086,1.018878173298346,-1.0737372964178542,-1.1493614218874337,-0.48369011298190584,-0.47109475876539064,3.767738729511991,0.27743342539390287,-2.448562112131468,0.2148048249727781,2.4447437255463713,1.132
1.5882913846865512,-1.0402189119152465,-0.1464597543788288,-0.02829780598763545,-0.055710699128100984,0.7260343980749023,0.899200506920998,1.9514095624063952,-1.4099885384600659,0.13612946471913162,-1.0247917862301215,-0.20734427339100736,-1.2883474052317843,1.7169973496532092,0.07637298374489099,-1.0213512639470366,-0.476334846005094,0.188094733325098,-0.8183047707525822,-0.28970515237972705,2.0511580241541423,1.104
1.5917554880337412,-0.6517973222428788,-0.1464597543788288,-0.16904327495766897,0.964786607684048,0.4282736039358416,0.9815076199813738,0.4653327045324838,-0.11847444229769988,0.307990375072677,-0.9795758124285004,-0.3200241738975966,-0.9878932528922821,0.4251173399447504,-0.7780298426485438,-1.0828706247747975,-0.11017947870558081,1.0394399165690076,-0.9792201394000126,0.41369818142905423,0.9313789863903371,0.891
1.595219591380931,0.04736153916738403,-0.1464597543788288,1.4083682074612,0.8772291464486851,1.2364814737418643,1.2989779132142516,-0.11638817075368381,0.05057190536753138,-0.6997395083640224,-0.001780378968438895,0.09092605147937591,-0.8001094076800932,-0.9152081701277754,-2.6830619818798387,-0.6795770371261383,-0.42640456864606946,1.4598572910104448,0.3503101195885935,0.6611021126307636,-0.532094607518795,0.545
1.5986836947281209,0.13799324342427005,-0.1464597543788288,0.8108638580601134,1.511265934704755,0.6579747879859741,0.7839705486364734,-0.22393320652087587,0.2737130842856359,0.26111921770352814,0.20169150313885714,1.5822776758312924,0.648508826813934,-1.3269949232223468,-0.3079038855421095,-1.1136303051886796,0.6387746816797871,0.3483788573308957,0.440000652933063,1.1122504577632923,0.37703292809142325,0.387
1.6021477980753107,0.6040991510311117,-0.1464597543788288,-2.001389946454334,-1.3177458300378002,-1.8347084315210211,-1.2737072778729153,0.06448302576386407,-0.05085590323160737,-0.09822632212661267,-1.5673834718495776,-0.40619115663792954,0.9543282318737838,-0.51956991715456,1.6012163054901105,0.5029617876741692,-0.6261256780821676,-1.5986791080510097,-1.2482917394334205,-1.0852785782048313,1.1808347126248477,0.981
1.6056119014225005,-0.056217551411914264,-0.1464597543788288,1.7562485175569431,0.8862868148523435,1.752600183582903,0.5887851090932967,0.9248433119013918,0.32104606163190064,-0.49663115976437755,2.3494502587158705,1.2707508920777808,0.6807003431360235,-0.6568321681860837,-0.5572750453985662,-0.5531205732024063,-1.3750798384675356,0.82923122934829,1.653460809946473,0.7387190322234567,-1.8902424503511335,0.123
1.6090760047696904,0.4293094356785465,-0.1464597543788288,0.23194853286261635,1.0040365040998995,-0.4962027664387667,0.8310031846709728,0.6608691332001038,-0.5444712384140826,0.07363458822693315,-0.1939482676253296,0.5416456535057328,-0.4299069699760643,0.5462310908549185,0.5914675106615066,-1.4690755010824124,0.10618505651685878,0.5454495016003198,-1.0821004570598456,-0.7651087848849722,0.9369224469733263,1.019
1.6125401081168802,-0.36048112998860227,-0.1464597543788288,0.7418189110182094,0.9949788356962411,0.8394670815564494,0.6616856949467714,-0.21904479580418373,0.7876139811879389,0.8860679826255126,1.3151348580037827,-0.39956292719636544,0.9650587373144803,-1.2704751727976016,-0.7167090656346604,-0.6180576762983773,0.8301740782227146,0.01992778354852304,1.046730731439768,0.5737830780889838,-1.9290466744320576,0.107
1.6160042114640703,2.183680282365409,-0.1464597543788288,-0.5939352567539963,-1.2241499232000006,-1.2703808312003242,-1.3042784912953402,-1.8224435108786672,1.7275116742066232,2.409380597122849,-1.2621756486886337,1.0387628616230382,0.6592393322546305,-1.6418906755887837,-0.8434386714633523,1.1352441072928308,1.1963294455222278,-1.3937256380108083,0.529691186277532,0.0013582960928721413,0.09985989894196648,0.277
1.61946831481126,-0.23748095992568555,-0.1464597543788288,1.0657990471379104,1.064420960124287,0.9982728384306154,0.9673978291710242,-0.2972593672712317,0.49009240929713194,0.7376426509565411,0.3429914212689239,-0.10129260232598218,-0.4352722226964126,0.9660920940101677,-0.8516147750652042,-0.44375282061971877,-0.7509513714797289,1.2601590381507621,0.08915239014440306,0.9230592162561027,0.2717071770146299,0.503
1.62293241815845,0.19625648187512534,-0.1464597543788288,-0.14248752609539786,0.40321116665724444,-0.5160534860480365,0.3700833515328703,-0.8936454747074736,0.3819027467913839,-0.3091465302877821,-2.307795042851127,-0.3067677150144684,0.42316821255930737,0.6188993414010194,-0.6840046512272562,-0.48818347010643515,2.2698304087412553,-0.04313482261769257,-0.5888025236652634,-1.6577033602009432,1.1364870279609354,0.659
1.6263965215056397,0.37751989038889733,-0.1464597543788288,-0.827625846741977,0.9587481620816086,-1.5227685519467673,0.19841423000694325,1.5994439908046794,-1.7413193798839186,-0.6684920701179232,-0.3352481857553962,-2.4079164479902793,-0.18310534484004468,0.4008945897627168,-0.3978410251624702,0.03131335466132879,1.936961893014425,0.2485297309010549,-1.332706359051745,-0.9251936815449019,1.0976828038800113,0.892
1.6298606248528296,-0.9042713555299183,-0.1464597543788288,0.7126075872697127,0.9527097164791705,0.969914667560228,1.2919230178090761,1.9905168481399194,-0.7473268556123595,0.1126938860345572,1.4394787859582412,-0.7309743992745692,-1.6907413592579026,0.5462310908549185,-1.542495529421616,-1.0213512639470366,-0.22668345920997124,1.3600081645806041,-0.7127864962296769,-0.13932237066888412,-0.5154642257698276,1.055
1.6333247282000194,-0.010901699283471258,-0.1464597543788288,-0.48771226130491535,0.376038161446269,-0.5217251202221145,0.3818415105414951,-1.4264822428267374,1.3082767319968505,-1.6918456726776725,-0.12047231019769486,0.5350174240641687,0.32122841087269055,-0.2611939152128682,-0.8761430858707564,-1.0726173979701716,0.22268903702124945,0.19072234191535667,-0.8024770295741465,-0.30425832480335696,0.9701832104712611,0.879
1.6367888315472092,1.775837613209423,-0.1464597543788288,-0.599246406526451,-2.066513084740206,-0.9499335003649538,-1.5770677802954434,1.5456714729210834,-1.28151331423449,-0.6216209127487745,-0.2109042578009376,-0.8767954469889787,0.6646045849749788,1.2486908461338928,1.0411532087633137,2.1195538805370164,-0.8008816488387533,-1.6459760626756708,0.9834197667260249,-1.2696187622374775,1.4192035176933808,0.31
1.6402529348943993,0.3710461972276905,-0.1464597543788288,-1.3029737513766197,-2.096705312752399,-0.26650158238863414,-2.0591522996490714,0.5142168116993899,-1.2138947751683977,0.7532663700795907,0.4955953328493959,0.8730571255839363,-0.37088919005223353,-0.6083866678220164,1.0656815195688678,2.0990474269277635,-0.1601097560646054,-1.9796823536385608,0.10234217445976593,0.5980383654617004,0.07768605661000991,0.463
1.643717038241589,0.3257303450992482,-0.1464597543788288,0.5877955676170409,1.0432864005157512,-0.011278044555152519,0.39359966955012,-1.3238256177762353,1.6260838656074852,-0.035731445634414195,-2.0364992000413995,0.8796853550255005,-0.6767085951120834,-1.3431434233437025,-0.5327467345930121,0.3559988701411826,0.713670097718324,0.04094865227059491,-0.23795426087660349,0.5980383654617004,1.6021377169320226,0.828
1.647181141588779,0.2998355724544236,-0.1464597543788288,0.5081283210302288,-0.9524198710902545,0.34036327423764223,-0.9186108758124383,-1.6757911893779511,2.1940795937626625,3.042141221606358,-0.17699227744972157,1.5226236108572158,1.7859424035277625,-1.0363219210379435,1.0697695713697928,0.6157472825250653,-1.591444373689975,-0.9444045690765219,1.9067046688014457,1.7622921593520973,-1.2527444833073829,0.316
1.6506452449359688,1.3097317056025806,-0.1464597543788288,1.286211762694755,-0.8195740678366032,1.3527499743104499,0.06672284911034435,0.4995515795493179,0.4765687014839134,-0.6606802105563984,1.631646674615132,1.0255064027399101,-0.043608774110990095,0.5220083406728849,-0.671740495824481,-0.07121891338493995,-3.164248110499248,-0.5108491516837899,1.503097268751333,1.2432290095759617,-1.6574171058655898,0.264
1.6541093482831586,-1.1243769230109264,-0.1464597543788288,-0.7373363006102578,-0.43311354928052287,-0.042472032512578285,0.14197506676554283,1.7021006158551792,-0.9096113493709814,0.5345343023568965,-1.2508716552382284,0.12406719868719626,-1.1434855817823808,-0.3580849159410026,-0.8229984124587251,-0.3002076453549422,-0.15178804317143463,0.20386038486665248,-1.4804319433838125,0.2972728020400146,1.1475739491269137,1.251
1.6575734516303484,1.0572576723155416,-0.1464597543788288,-0.5434793339156831,-1.130554016362198,-0.8393366339704463,-1.2643007506660162,-0.04795042072001793,-1.2071329212617885,0.06582272866540834,-0.7930599204968122,-0.9563342002877475,1.544506031112091,-0.826391419460319,1.4254300780503142,0.8652424681043207,-0.3015788752485081,-1.201910210921904,0.9359365431907175,-0.3333646696506169,-1.3137225497202634,0.223
1.6610375549775385,0.5134674467742256,-0.1464597543788288,-1.6163315879514115,-0.5448247929256396,-1.8829173220006785,-0.942127193829688,-1.851773975178809,1.2000870694911026,-0.49663115976437755,-0.3352481857553962,-1.1485528540931058,0.26221063094885977,0.25555808867051527,0.4892662156383688,1.5146134990640268,-0.1601097560646054,-0.18502568649167708,-1.0240654060722476,-1.1628954977975243,1.0256178163011525,1.045
1.6645016583247283,-0.36695482314980843,-0.1464597543788288,-0.5620683581192717,-1.915551944679235,-0.6124712670073521,-1.7793081152437933,-0.39502758160504164,-0.05085590323160737,0.8313849656948389,-0.48785209733586826,0.19697772254440113,1.4372009767051261,0.2232610884278038,1.4417822852540163,1.3949925196767121,-0.6677342425480213,-1.9796823536385608,1.4292344765852996,-0.09566285339799425,-0.8702457030811324,0.229
1.6679657616719181,-0.7230079470161463,-0.1464597543788288,0.13369226207221568,1.1429207529559904,0.3687214451080296,1.1414185824986751,0.12314395436415006,0.14523786006006015,0.4251682684955492,0.6086352673534492,0.9658523377658335,-0.38161969549293007,-0.6245351679433723,-1.1663947637364693,-1.4554045320095763,0.21436732412807868,1.467740116781222,-0.25114404519196637,0.8308891242397798,0.18301180768680358,0.873
1.671429865019108,0.12504585710185775,-0.1464597543788288,-0.5514460585743635,-1.8219560378414352,-0.3770984487831416,-1.638210207140293,-0.06750406358677992,-1.0786576970362127,-0.1841567773033856,0.7216752018575026,-0.13443374953380255,-0.2152968611621342,0.20711258830644802,1.2823482650179203,1.4565118805044746,0.45569699803003055,-1.4410225926354694,0.7248999941449068,-0.20238611783794727,-1.2804617862223286,0.418
1.6748939683662978,1.8599956243051035,-0.1464597543788288,-1.6800653852208607,-0.42707510367808477,-1.8545591511302923,-1.3230915457091403,0.17691647224774606,-1.004277304063511,1.112611909909732,-0.9400118353520817,-0.7044614815083129,-0.08116554315342787,2.3548631044467605,0.6078197178652086,1.5385376949414902,0.09786334362368802,-0.6448571897869984,-1.2509296962964942,-1.803235084437243,0.6486624966578909,1.04
1.6783580717134876,-0.7165342538549402,-0.1464597543788288,-0.5541016334605914,-0.19459494798419302,0.059617382620814105,0.09494243073104351,-1.5975766179109032,1.294753024183632,1.026681454732959,-1.4147795602691053,-1.1949504601840544,-0.38161969549293007,0.06177608721424652,-0.13211765810231135,0.16802304538968812,0.006324501798809863,-0.5108491516837899,-0.7180624099558222,1.2044205497796152,-0.30481272361624057,0.861
1.6818221750606774,-1.1373243093333387,-0.1464597543788288,-0.5487904836881367,0.7504217887974719,-0.2409792286052851,0.06907448091206805,-1.6855680108113331,1.4908467874753002,-0.2778990920416829,-0.7195839630691775,1.0917886971555508,-0.44063747541676085,-0.13200591424202246,0.795870100707782,-0.21818183091792662,0.5222707011753966,-0.3794687221708425,-1.2008085158981139,0.42340029637814086,0.8814878411434348,0.973
1.6852862784078675,1.6463637499853,-0.1464597543788288,-1.5605645153406438,-1.7102447941963186,-1.3696344292466782,-1.9980098728042195,-0.31192459942130374,0.13171415224684163,-0.45757186195675353,-0.527416074412287,-0.35979355054698103,0.32659366359303876,-0.9071339200670976,0.7631656863003778,1.6752473856698493,0.6720615332524702,-2.061138219936591,0.017927554841441665,-0.2508966925833805,0.1331206624399013,0.723
1.6887503817550573,1.0313628996707171,-0.1464597543788288,-0.11062062746067322,0.034865984908479676,-0.1785912526904348,0.08553590352414239,0.30401515088169795,0.0032389280212666276,-0.09822632212661267,0.14517153588683043,-1.161809312976234,-0.30650615740805454,-1.3592919234650582,-0.3038158337411826,-0.4369173360833,-0.45136970732558174,-0.30064046446307235,-0.07967684909224548,0.30697491698910123,-0.011009312717816357,0.669
1.6922144851022471,-0.15979664199121182,-0.1464597543788288,0.14165898673089594,0.02882753930604159,-0.039636215425539925,0.05496469010171743,0.3089035615983879,-0.5985660696669567,0.6126528979721446,-1.595643455475591,0.12406719868719626,0.036870016694233704,0.57852809109763,0.3420963508050498,-0.14299150101732822,-0.08521434002606852,-0.6133258867038917,-0.40678350011325204,-0.24119457763429383,1.3526819906975112,0.875
1.695678588449437,-0.8783765828850938,-0.1464597543788288,0.04605829082672204,0.4484995086755341,0.21558732240794168,0.4382806737828956,-0.7323279210566855,0.19257083740632489,0.6595240553412934,-0.40307214645782813,-0.4393323038457499,-0.2045663557214377,-0.10778316405998885,-0.44280959497265143,0.09625045775729986,-0.9589941938089978,0.0724799553537027,-0.3408345785364359,0.5204214458690072,0.21072911060174931,0.863
1.6991426917966268,-1.0920084572048958,-0.1464597543788288,-0.007053206897819025,1.1821706493718431,0.48498994567661513,0.8756841889037483,-0.03817359928663584,0.32104606163190064,-0.6372446318718239,0.9590590643160146,-0.10792083176754626,-0.9449712311294961,-0.9798021706131984,-0.9047594484772356,-0.3002076453549422,0.9050694942612515,0.38779298618478075,-0.8737018648771072,-1.1289380954757213,-0.060900457964718324,0.657
1.7026067951438166,-0.33458635734377773,-0.1464597543788288,-0.6204910056162675,0.24923080379505583,-0.6635159745740478,-0.06261689998453293,0.3480108473319119,1.159515946051447,-1.2075103798631346,0.8968871003387852,0.4223375235575796,0.1870970928639842,-0.333862165758969,0.6446121840735379,0.08941497322088265,-0.44304799443241094,0.4718764610730682,0.1524633548581457,0.3554854917345345,-0.9423106906599912,0.465
1.7060708984910065,-0.7424290264997647,-0.1464597543788288,0.014191392191997401,-0.6142669173536855,0.4367810551969579,-0.12140769502765707,1.3256929906700115,-2.566265556490247,0.5189105832338469,-0.17699227744972157,-1.0491294124696446,0.1656360819825912,1.5393638483182959,0.6446121840735379,0.2397956330220779,-0.9589941938089978,0.4745040696633269,0.37405173135624686,-0.5856196583268695,-0.6540507403445561,0.568
1.7095350018381965,-1.0725873777212773,-0.1464597543788288,-0.4266340389216928,0.04996209891457757,0.17872170027643794,1.2190224319556013,1.0666072226854157,-0.6323753392000029,-3.0432973768214637,0.5973312739030439,-0.5586404337939032,-0.3440629264504923,-0.22082266490947886,-0.9865204844957461,-1.117048047456888,-0.5595519749368015,1.5649616346208042,-1.353810013956326,-0.9106405091212719,0.6708363389898474,1.177
1.7129991051853863,1.2320473876681068,-0.1464597543788288,-0.5806573823228613,-0.055710699128100984,-1.3753060634207561,-0.34951597979498455,-0.05283883143670788,-0.4700908454413809,-0.41070070458760466,-0.6574119990919484,-0.266998338365084,0.766544386661595,1.5716608485610075,0.11316544995322028,0.09283271548909125,0.5722009785344212,-0.48982828296171804,-0.1456257706690616,-0.7845130147831456,0.6985536419047932,0.631
1.7164632085325762,-0.8848502760462998,-0.1464597543788288,-0.9843047650293735,-0.3817867616597938,-0.3770984487831416,-0.6528764822175105,0.9883926512183677,-1.7210338181640907,-0.356017687656931,-0.561328054763503,0.6145561773629377,-0.8698576930446206,-1.480405674375226,1.3641093010364307,0.07574400414804672,0.7219918106114948,-1.0784126071797304,-0.5597849981714642,-0.3673220719724201,0.5932278908279998,0.746
1.719927311879766,-1.9400622613229,-0.1464597543788288,1.7615596673293978,0.24017313539139737,2.3963306623406817,1.0191337288089741,0.26490786514817394,0.8281851046275944,0.09707016691150758,0.1903875096884518,1.8805480007016757,0.23001911462677022,0.06177608721424652,0.6364360804716878,-1.3050238722083811,-0.8674553519841195,0.9422183987294254,1.0546446020289857,2.446291263262705,-0.7981807155022737,0.413
1.7233914152269558,-0.9754819803031852,-0.1464597543788288,-0.4319451886941464,-0.36970987045491627,0.24110967619128948,-0.10024300881213322,-1.1771732962755215,0.5171398249235689,0.1126938860345572,1.032535021743649,0.5416456535057328,0.26221063094885977,0.29592933897390467,1.1106500893790472,-0.47109475876539064,-0.5345868362572892,-0.12459068891572019,0.19730862153038073,0.10808156053282512,-0.2604650389523274,0.46
1.7268555185741457,-1.596956523778975,-0.1464597543788288,0.43642779910209917,0.10732733213774474,0.901855057471301,0.5017747324294713,1.1839290798859876,0.16552342177988788,0.22205991989590412,-0.7365399532447855,0.7935183722851676,-0.09189604859412438,1.046834594616946,0.40750517961985827,-0.5018544391792711,-0.4014394299665571,0.3326132057893424,-0.5967163942544811,1.3887607338122614,1.125400106794957,0.861
1.7303196219213355,-2.02422027241858,-0.1464597543788288,0.7152631621559394,0.3609420474401725,1.8149881594977533,1.4588888757315528,0.6462039010500339,-0.38218674465546065,0.011139711734734669,-1.002183799329311,0.1439518870118885,-1.6639150956561608,1.2244680959518592,-0.6799165994263311,-1.205909346430321,-0.6677342425480213,1.8960403169934354,-0.5307674726776656,1.4663776534049544,1.1420304885439245,0.903
