0,1,2,3,4,5,6,7,8,9,10,11,12,13,14,15,16,17,18,19,20,x20
0.0,0.5443786982248521,1.0,0.8664508296236342,-0.294811320754717,0.6402209389907104,0.6876790830945559,-0.8814763472535089,-0.6332940714566155,0.49770114942528737,-0.13555093555093556,-0.4898373983739837,0.375,0.7143209267931969,-0.07636363636363637,-0.6623021301543873,0.7316513761467889,-0.7507002801120447,-0.20101010101010103,0.9524220520012946,0.21610517666392767,1.747
0.001001001001001001,0.33727810650887574,1.0,0.52853095912586,-0.23584905660377362,0.7998995731860407,-0.058739255014326655,-0.5440998093917866,-0.6627404789948959,0.414176245210728,0.6120582120582121,-0.2723577235772358,0.24284140969162996,0.7754498397830909,0.49696969696969695,-0.7541528239202657,0.7816513761467889,-0.5306122448979592,0.5565656565656566,0.9292264537706333,0.7378800328677074,1.867
0.002002002002002002,0.5443786982248521,1.0,0.4443545123431809,0.1509433962264151,0.7883504895807181,-0.4756446991404012,-0.47963957719632644,-0.7424420887318414,0.2264367816091954,0.7218295218295219,-0.491869918699187,-0.10517621145374449,0.746117821050037,0.4993939393939394,-0.8092632401797929,0.8876146788990825,-0.4641856742697078,0.5161616161616162,0.936778509008523,0.39523418241577646,1.468
0.003003003003003003,0.6461538461538462,1.0,0.6819101578308377,0.6910377358490566,0.7293497363796133,0.1848137535816619,-0.7380003465603883,-0.7180997251668629,0.49310344827586206,0.28357588357588365,-0.5142276422764228,0.34251101321585903,0.7517870347547447,0.20363636363636367,-0.7174125464139144,0.8665137614678898,-0.6162464985994398,0.08383838383838384,0.9428201531988349,0.4494658997534922,1.901
0.004004004004004004,0.5420118343195267,1.0,0.7037636584378795,0.07075471698113207,0.7451669595782073,-0.054441260744985676,-0.7840928781840236,-0.6588142913231252,0.5578544061302683,0.2918918918918919,-0.09552845528455285,0.2527533039647577,0.8267192506778407,0.5127272727272727,-0.7516122728161032,0.7729357798165137,-0.7002801120448179,0.3616161616161616,0.9038731254720035,0.1922760887428102,2.064
0.005005005005005005,0.5325443786982249,1.0,0.47389720760825577,0.18867924528301888,0.9789103690685412,-0.501432664756447,-0.5558828625888061,-0.8468786808009422,0.5896551724137931,0.8465696465696466,-0.3678861788617886,0.2747797356828194,0.9260537342864185,0.7842424242424243,-0.9257377369552472,0.7477064220183485,-0.6182472989195678,0.5686868686868687,0.9203797604919625,0.552999178307313,2.156
0.006006006006006006,0.42011834319526625,1.0,0.5552407932011332,0.5330188679245284,0.7624905849861913,-0.0071633237822349575,-0.5867267371339456,-0.6972909305064782,0.47892720306513414,0.5646569646569647,-0.08536585365853659,0.11453744493392069,0.7700271136307616,0.5793939393939394,-0.7498534297439906,0.8256880733944953,-0.5934373749499801,0.4292929292929293,0.9148775488186428,0.5866885784716516,2.166
0.007007007007007007,0.5005917159763313,1.0,0.594091460946985,0.12735849056603774,0.7293497363796133,-0.2177650429799427,-0.7104487957026512,-0.7561837455830388,0.4091954022988506,0.5775467775467776,-0.1524390243902439,0.19713656387665196,0.669953167365048,0.3103030303030303,-0.6984561266367012,0.8298165137614678,-0.6270508203281312,0.5272727272727273,0.8963210702341137,0.39112571898110104,2.081
0.008008008008008008,0.5100591715976331,1.0,0.6936462970457304,-0.16037735849056606,0.9477780567411498,-0.42263610315186245,-0.7203257667648588,-0.9210836277974087,0.4697318007662835,0.654054054054054,-0.4898373983739837,0.2593612334801762,0.902637416810451,0.2375757575757576,-0.920656634746922,0.7330275229357798,-0.6462585034013605,0.28080808080808084,0.921782285036142,0.4272801972062448,1.806
0.009009009009009009,0.4911242603550296,1.0,0.6750303520841764,0.5424528301886793,0.8229977403966859,-0.36389684813753587,-0.6731935539767804,-0.6505692972124067,0.47739463601532567,0.47068607068607066,-0.17276422764227645,0.20870044052863435,0.8996795661819077,0.34060606060606063,-0.825092827828806,0.8596330275229358,-0.550220088035214,0.2777777777777778,0.9255583126550869,0.43796220213640097,2.028
0.01001001001001001,0.8,1.0,0.5726426547956293,0.1556603773584906,0.7760482048707005,-0.3538681948424069,-0.6018021140183677,-0.6898311739301137,0.5134099616858238,0.4735966735966736,0.016260162601626018,0.28744493392070486,0.8173527236874537,0.4351515151515152,-0.7797537619699043,0.7954128440366972,-0.588235294117647,0.3505050505050505,0.9024706009278239,0.45768282662284304,2.159
0.011011011011011011,0.19644970414201185,1.0,0.5406717927964387,-0.36556603773584906,0.8340446899322119,-0.4197707736389685,-0.584474094610986,-0.7255594817432273,0.7417624521072798,0.32432432432432434,-0.04065040650406504,0.7092511013215859,0.7976337194971653,0.38787878787878793,-0.7819034590580419,0.8435779816513761,-0.7338935574229691,0.4313131313131313,0.9657999784226993,0.903861955628595,2.928
0.012012012012012012,0.6733727810650887,1.0,0.5957102387697288,0.35141509433962265,0.6891790107958825,-0.29369627507163326,-0.6761393172760354,-0.6525323910482921,0.48773946360153253,0.4652806652806653,0.06097560975609756,0.10517621145374449,0.752280009859502,0.4642424242424243,-0.6957201485245261,0.9399082568807339,-0.6750700280112045,0.5111111111111111,0.9695760060416442,0.46836483155299913,2.207
0.013013013013013013,0.4366863905325444,1.0,0.6434641845406718,0.5212264150943396,0.6713532513181019,-0.04584527220630373,-0.604401316929475,-0.5598743619945032,0.5049808429118774,0.25322245322245324,-0.2865853658536585,0.2615638766519824,0.6864678333744145,0.2375757575757576,-0.6568301739300372,0.828440366972477,-0.6186474589835934,0.33333333333333337,0.8980472542884885,0.6746096959737058,1.9
0.014014014014014014,0.29940828402366865,1.0,0.5758802104411169,-0.464622641509434,0.6585488325382878,-0.20773638968481375,-0.6449488823427483,-0.6560659599528857,0.667816091954023,0.2627858627858628,0.11178861788617886,0.4520925110132158,0.6238599950702489,0.2775757575757576,-0.652530779753762,0.886697247706422,-0.7262905162064826,0.43737373737373736,0.9061387420433703,0.7633525061626951,2.883
0.015015015015015015,0.4236686390532544,1.0,0.6636989073249696,-0.5400943396226415,0.8413256339442631,-0.26217765042979946,-0.6796049211575117,-0.845700824499411,0.6260536398467433,0.40623700623700626,-0.4085365853658537,0.3986784140969163,0.8212965245255114,0.34909090909090906,-0.8299785030291186,0.7660550458715596,-0.7847138855542217,0.5636363636363637,0.9146617758118459,0.5299917830731307,2.327
0.016016016016016016,0.7005917159763313,1.0,0.7762039660056657,-0.03773584905660377,0.7273412001004268,0.05014326647564471,-0.7735227863455207,-0.7110325873576756,0.5551724137931034,0.2623700623700624,-0.1483739837398374,0.31938325991189426,0.7825979788020704,0.36484848484848487,-0.7375415282392027,0.8307339449541283,-0.7366946778711484,0.28181818181818186,0.913906570288057,0.35497124075595726,2.223
0.01701701701701702,0.7301775147928994,1.0,0.5422905706191825,0.42924528301886794,0.6881747426562892,-0.05730659025787966,-0.5609079882169469,-0.6890459363957596,0.38045977011494253,0.6590436590436591,-0.35569105691056907,-0.025881057268722467,0.6588612275080108,0.6775757575757577,-0.6732460426030877,0.8628440366972476,-0.45378151260504196,0.705050505050505,0.9181141439205955,0.5456039441248973,1.643
0.018018018018018018,0.47692307692307695,1.0,0.7790368271954674,-0.40566037735849053,0.8556364549334672,0.06876790830945559,-0.8329578929128402,-0.8413820180604632,0.7229885057471265,0.3422037422037422,-0.4369918699186992,0.63215859030837,0.87453783583929,0.2545454545454546,-0.8907563025210083,0.88348623853211,-0.7699079631852741,0.05555555555555556,0.9580321501780128,0.44207066557107644,2.664
0.01901901901901902,0.5218934911242604,1.0,0.5872116552003238,-0.07075471698113207,0.7469244288224957,-0.20057306590257884,-0.6326459885635072,-0.7322340007852375,0.6145593869731801,0.32224532224532226,-0.26422764227642276,0.43887665198237885,0.8077397091446882,0.13333333333333333,-0.7903068204025796,0.8440366972477064,-0.6794717887154862,0.3787878787878788,0.9193008954579783,0.4363188167625308,2.596
0.02002002002002002,0.5301775147928994,1.0,0.6831242411978955,0.16509433962264153,0.5839819231734873,0.1862464183381089,-0.6199965343961185,-0.6156262269336474,0.43333333333333335,0.3101871101871102,-0.1991869918699187,0.0974669603524229,0.6327335469558787,0.26545454545454544,-0.6177447723275357,0.8293577981651375,-0.5914365746298519,0.30303030303030304,0.9064624015535655,0.3935907970419063,1.942
0.021021021021021023,0.3124260355029586,1.0,0.4981788749494132,-0.11084905660377359,0.7474265628922921,-0.35673352435530087,-0.4798128573904003,-0.7722811150372988,0.6260536398467433,0.37754677754677757,-0.36178861788617883,0.43061674008810574,0.7259058417549913,0.06787878787878789,-0.7477037326558531,0.7848623853211009,-0.6446578631452581,0.44242424242424244,0.9427122666954363,0.800328677074774,2.319
0.022022022022022022,0.5337278106508876,1.0,0.7187373532982598,0.06132075471698113,0.7534521717298518,-0.09025787965616046,-0.7986484144862243,-0.7589320769532784,0.5620689655172414,0.3343035343035344,-0.09552845528455285,0.3650881057268723,0.8190781365541039,0.22545454545454546,-0.7746726597615791,0.8371559633027522,-0.7374949979991996,0.12323232323232323,0.9535009170352788,0.2908792111750205,2.582
0.023023023023023025,0.7727810650887574,1.0,0.5961149332254149,0.5872641509433962,0.7140346472508159,-0.03724928366762178,-0.5959105874198579,-0.674126423243031,0.49042145593869735,0.49230769230769234,-0.17073170731707318,0.0803964757709251,0.7202366280502834,0.49696969696969695,-0.6914207543482509,0.7922018348623853,-0.5522208883553421,0.3797979797979798,0.9022548279210271,0.5546425636811833,1.841
0.024024024024024024,0.6840236686390532,1.0,0.802104411169567,0.21462264150943397,0.610595028872709,0.40401146131805155,-0.8301854098076591,-0.6395759717314488,0.6195402298850575,0.14885654885654886,0.3516260162601626,0.21696035242290748,0.6260783830416563,0.12363636363636364,-0.639828024232949,0.7013761467889907,-0.6862745098039216,-0.08787878787878788,0.896644729744309,0.257189811010682,2.451
0.025025025025025027,0.6414201183431953,1.0,0.763658437879401,0.830188679245283,0.6876726085864926,0.40830945558739257,-0.820654999133599,-0.5681193561052218,0.5252873563218391,0.20914760914760916,0.19715447154471546,-0.08645374449339206,0.7498151343357159,0.10303030303030304,-0.708813758061364,0.8555045871559632,-0.5918367346938775,0.007070707070707071,0.9467040673211782,0.36647493837304845,2.225
0.026026026026026026,0.4532544378698225,1.0,0.6628895184135977,0.23820754716981135,0.7004770273663068,0.3295128939828081,-0.7256974527811471,-0.7330192383195916,0.5762452107279694,0.1501039501039501,-0.22357723577235772,0.34526431718061673,0.6926300221838797,0.09212121212121212,-0.6681649403947626,0.8788990825688072,-0.746298519407763,0.20101010101010103,0.9118567267234868,0.5998356614626129,2.342
0.02702702702702703,0.33491124260355026,1.0,0.5422905706191825,0.25471698113207547,0.8214913381872959,-0.31232091690544417,-0.5907121815976434,-0.8260698861405575,0.5482758620689656,0.5713097713097715,-0.27845528455284557,0.31167400881057267,0.7650973625831895,0.5163636363636364,-0.7666601524330663,0.8825688073394494,-0.6058423369347739,0.4505050505050505,0.9200561009817673,0.5866885784716516,2.218
0.028028028028028028,0.5585798816568047,1.0,0.6689599352488871,0.15330188679245285,0.8192317348732111,0.3008595988538682,-0.6761393172760354,-0.6199450333725952,0.6283524904214559,0.1862785862785863,0.1361788617886179,0.24174008810572686,0.8999260537342862,0.3018181818181818,-0.8454172366621067,0.886697247706422,-0.6650660264105641,0.4121212121212121,1.0,0.7091207888249794,2.811
0.02902902902902903,0.3715976331360947,1.0,0.594091460946985,0.11556603773584906,0.7998995731860407,-0.3223495702005731,-0.5442730895858603,-0.746368276403612,0.596551724137931,0.3808731808731809,0.03048780487804878,0.5319383259911894,0.7961547941828937,0.3103030303030303,-0.8274379519249561,0.8399082568807339,-0.6250500200080032,0.29292929292929293,0.918761462940986,0.7296631059983566,2.556
0.03003003003003003,0.3479289940828402,1.0,0.6823148522865237,0.07547169811320754,0.7107707757971378,0.3739255014326648,-0.7508230809218507,-0.6372202591283863,0.6574712643678161,0.10062370062370063,-0.034552845528455285,0.45759911894273125,0.7478432339166871,0.1296969696969697,-0.7250341997264022,0.8610091743119266,-0.7390956382553021,0.1303030303030303,0.9052756500161829,0.47165160230073944,2.704
0.031031031031031032,0.21775147928994082,0.0,0.6276811007689194,-0.14858490566037735,0.708511172483053,0.42836676217765046,-0.6955466990123029,-0.5716529250098155,0.7467432950191571,0.013721413721413724,-0.10975609756097561,0.5055066079295154,0.7374907567167858,0.5115151515151515,-0.7367598202071526,0.940366972477064,-0.7334933973589435,0.48787878787878786,0.8825115977991153,0.6277732128184059,4.202
0.03203203203203203,0.6106508875739646,0.0,0.6333468231485229,-0.2665094339622642,0.8405724328395681,-0.36103151862464183,-0.6194766938138971,-0.8044758539458186,0.5808429118773947,0.5667359667359668,-0.35772357723577236,0.38546255506607924,0.8279516884397337,0.3709090909090909,-0.8364275942935314,0.8096330275229356,-0.6290516206482593,0.4575757575757576,0.8401122019635343,0.4124897288414133,3.144
0.03303303303303303,0.2757396449704142,0.0,0.5949008498583569,-0.0047169811320754715,0.7785588752196836,-0.08739255014326648,-0.6563853751516201,-0.713388299960738,0.6513409961685824,0.15675675675675677,-0.07926829268292683,0.5853524229074889,0.7160463396598471,0.33818181818181825,-0.7312878639828024,0.7903669724770642,-0.7751100440176071,0.33535353535353535,0.8866112849282555,0.6795398520953163,3.411
0.03403403403403404,0.7266272189349112,0.0,0.698097936058276,0.2830188679245283,0.815967863419533,0.14183381088825217,-0.7154739213307918,-0.7923046721633292,0.6996168582375479,0.158004158004158,-0.37601626016260165,0.6073788546255506,0.9006655163914221,0.2751515151515152,-0.8344733242134063,0.8995412844036696,-0.7643057222889155,0.31414141414141417,0.8171323767396699,0.581758422350041,3.381
0.035035035035035036,0.6568047337278107,0.0,0.5892351274787535,0.4834905660377358,0.7077579713783579,0.015759312320916905,-0.6735401143649281,-0.6164114644680015,0.6015325670498085,0.31351351351351353,0.022357723577235773,0.2643171806167401,0.6997781612028592,0.4290909090909091,-0.7033418018370139,0.8495412844036697,-0.6634653861544617,0.4414141414141414,0.8625525946704067,0.5661462612982744,3.212
0.036036036036036036,0.4284023668639053,0.0,0.4933225414811817,-0.09433962264150944,0.7250815967863419,-0.021489971346704873,-0.5638537515162018,-0.6446800157047506,0.4475095785440613,0.44906444906444914,0.08333333333333334,0.046255506607929514,0.7687946758688686,0.07515151515151515,-0.7484854406879031,0.8279816513761467,-0.479391756702681,0.42626262626262623,0.8882295824792319,0.43303204601479045,2.96
0.037037037037037035,0.36213017751479293,0.0,0.7049777418049372,0.07311320754716981,0.6758724579462717,0.034383954154727794,-0.760006931207763,-0.6808009422850412,0.7153256704980844,0.18004158004158005,-0.05081300813008131,0.46806167400881055,0.6255854079368991,0.12363636363636364,-0.6896619112761383,0.6908256880733944,-0.7887154861944778,-0.08181818181818182,0.8692415578811091,0.6540673788003286,3.326
0.03803803803803804,0.29467455621301775,0.0,0.5750708215297451,0.38207547169811323,0.6921918152146623,-0.2979942693409742,-0.6329925489516548,-0.696113074204947,0.5114942528735632,0.28814968814968817,-0.2621951219512195,0.4944933920704846,0.7054473749075671,0.4412121212121212,-0.7119405901895641,0.8706422018348623,-0.7442977190876351,0.46565656565656566,0.7803430790808069,0.47329498767460965,3.02
0.03903903903903904,0.5124260355029586,0.0,0.6123027114528531,-0.0330188679245283,0.7780567411498871,-0.09455587392550144,-0.722924969675966,-0.7553985080486847,0.5333333333333333,0.4735966735966736,-0.17886178861788618,0.2279735682819383,0.7683017007641113,0.2278787878787879,-0.7645104553449287,0.7880733944954128,-0.6062424969987995,0.22828282828282828,0.7898370913798684,0.5102711585866886,2.986
0.04004004004004004,0.1940828402366864,0.0,0.4253338729259409,-0.24528301886792453,0.707004770273663,-0.1518624641833811,-0.47963957719632644,-0.7502944640753828,0.596551724137931,0.3908523908523909,-0.15853658536585366,0.5903083700440529,0.6958343603648015,0.3503030303030303,-0.7011921047488763,0.9444954128440367,-0.6202480992396958,0.5242424242424243,0.7591973244147157,0.7502054231717338,3.757
0.04104104104104104,0.3479289940828402,0.0,0.6543909348441926,0.3231132075471698,0.8385638965603815,-0.06446991404011461,-0.6388840755501646,-0.6670592854338437,0.3950191570881226,0.4627858627858628,-0.2378048780487805,0.12720264317180616,0.8358392901158491,0.2181818181818182,-0.8217705686925934,0.8669724770642201,-0.4705882352941176,0.28080808080808084,0.8702125364116949,0.6458504519309778,2.632
0.042042042042042045,0.5230769230769231,0.0,0.5584783488466207,-0.11792452830188681,0.8611599297012302,-0.27793696275071633,-0.4928088719459366,-0.8076168040832351,0.5091954022988506,0.6074844074844076,-0.491869918699187,0.41409691629955947,0.8676361843726891,0.2909090909090909,-0.8553840140707445,0.7426605504587155,-0.5450180072028812,0.2787878787878788,0.8042938828352573,0.7855382087099424,2.656
0.043043043043043044,0.25443786982248523,0.0,0.6090651558073654,0.051886792452830184,0.820738137082601,0.1332378223495702,-0.5700918385028592,-0.6458578720062819,0.6245210727969348,0.17130977130977132,-0.16666666666666669,0.5743392070484581,0.8136554104017747,0.39272727272727276,-0.8059409810435801,0.8954128440366972,-0.6670668267306923,0.49595959595959593,0.8653576437587659,0.5628594905505341,3.488
0.044044044044044044,0.714792899408284,0.0,0.7409955483609875,0.4457547169811321,0.7313582726587998,-0.13037249283667623,-0.7307225784092878,-0.6866902237926973,0.6000000000000001,0.2856548856548857,-0.31910569105691056,0.29570484581497797,0.7557308355928024,0.2109090909090909,-0.7000195427008012,0.7885321100917431,-0.7394957983193278,0.3393939393939394,0.8484194627252131,0.1865242399342646,2.975
0.04504504504504504,0.3763313609467456,0.0,0.6426547956292998,-0.6014150943396227,0.7388902837057494,0.1189111747851003,-0.7366141050077977,-0.718884962701217,0.7842911877394637,0.224948024948025,0.25203252032520324,0.5545154185022025,0.7007641114123736,0.68,-0.7283564588626148,0.8178899082568807,-0.8119247699079631,0.1383838383838384,0.8517639443305642,0.4445357436318817,4.166
0.04604604604604605,0.5053254437869823,0.0,0.5770942938081748,0.11792452830188681,0.7547075069043434,-0.4011461318051577,-0.5012996014555536,-0.6144483706321161,0.7118773946360154,0.3567567567567568,0.11585365853658537,0.5269823788546255,0.790978555582943,0.503030303030303,-0.7391049443033028,0.8431192660550458,-0.6726690676270508,0.5969696969696969,0.8678390333369296,0.6696795398520953,3.875
0.04704704704704705,0.3715976331360947,0.0,0.6665317685147714,0.1627358490566038,0.6249058498619131,-0.20057306590257884,-0.6837636458152834,-0.6391833529642716,0.5881226053639846,0.23866943866943868,-0.540650406504065,0.30231277533039647,0.6849889080601429,0.33696969696969703,-0.6374829001367989,0.9188073394495413,-0.7378951580632253,0.4484848484848485,0.8490667817456036,0.5160230073952341,3.235
0.04804804804804805,0.6449704142011835,0.0,0.5900445163901255,0.4457547169811321,0.8465980416771277,-0.05587392550143267,-0.5688788771443424,-0.6929721240675304,0.5352490421455939,0.5700623700623701,-0.2113821138211382,0.1998898678414097,0.9430613754005422,0.7042424242424242,-0.86828219659957,0.8408256880733944,-0.6286514605842336,0.7707070707070707,0.8144352141547093,0.29416598192276083,3.15
0.04904904904904905,0.762130177514793,0.0,0.7932011331444759,0.544811320754717,0.6989706251569169,-0.05730659025787966,-0.7995148154565933,-0.7357675696898311,0.48084291187739464,0.4615384615384616,-0.15447154471544716,0.034691629955947136,0.7271382795168844,0.15515151515151515,-0.7094000390854016,0.793577981651376,-0.6462585034013605,0.020202020202020204,0.7196029776674938,0.18405916187345933,2.728
0.05005005005005005,0.4958579881656805,0.0,0.651558073654391,0.014150943396226415,0.7788099422545819,-0.08739255014326648,-0.6962398197885982,-0.6713780918727915,0.6203065134099617,0.40083160083160085,0.036585365853658534,0.41519823788546256,0.742913482869115,0.6024242424242424,-0.7578659370725035,0.8481651376146788,-0.6842737094837935,0.5,0.8515481713237674,0.6902218570254725,3.51
0.05105105105105105,0.8674556213017751,0.0,0.5499797652772157,0.35141509433962265,0.7720311323123275,-0.46704871060171926,-0.5685323167561948,-0.7656065959952885,0.3674329501915709,0.9476091476091476,-0.2967479674796748,-0.09030837004405286,0.7801331032782843,0.5357575757575758,-0.7258159077584522,0.922018348623853,-0.39695878351340536,0.6050505050505051,0.8339626712698242,0.39112571898110104,2.719
0.05205205205205205,0.6319526627218935,0.0,0.6956697693241602,-0.2099056603773585,0.8302786844087371,-0.10601719197707736,-0.6395771963264598,-0.8303886925795053,0.432183908045977,0.6848232848232849,-0.19715447154471546,0.20209251101321585,0.850875030810944,0.5575757575757576,-0.8641782294313074,0.8711009174311926,-0.5214085634253701,0.49292929292929294,0.8558636314597043,0.45028759244042726,3.091
0.05305305305305305,0.2875739644970414,0.0,0.7187373532982598,-0.2806603773584906,0.9548079337183027,-0.46848137535816625,-0.6998787038641483,-0.889674126423243,0.5195402298850575,0.5492723492723492,-0.46138211382113825,0.4003303964757709,0.8890806014296277,0.2206060606060606,-0.892905999609146,0.8247706422018348,-0.6318527410964385,0.39292929292929296,0.8214478368756069,0.6335250616269515,3.094
0.05405405405405406,0.4958579881656805,0.0,0.5082962363415621,0.33018867924528306,0.7720311323123275,-0.5114613180515759,-0.6248483798301854,-0.6878680800942285,0.6340996168582376,0.4232848232848233,-0.04878048780487805,0.3177312775330396,0.824007887601676,0.4872727272727273,-0.7826851670900918,0.8747706422018348,-0.7619047619047619,0.5636363636363637,0.8754989750782177,0.5316351684470008,3.239
0.055055055055055056,0.6366863905325444,0.0,0.5491703763658438,0.08254716981132076,0.7273412001004268,-0.33237822349570206,-0.6485877664182984,-0.7322340007852375,0.4375478927203065,0.5014553014553015,-0.5792682926829268,0.29350220264317184,0.7103771259551392,0.21454545454545454,-0.7148719953097518,0.786697247706422,-0.6198479391756702,0.4404040404040404,0.7926421404682275,0.49794576828266224,2.632
0.056056056056056056,0.4331360946745562,0.0,0.6361796843383246,0.2641509433962264,0.7785588752196836,0.10601719197707736,-0.6934673366834171,-0.6442873969375735,0.4375478927203065,0.24365904365904367,-0.22967479674796748,0.138215859030837,0.7724919891545476,0.20363636363636367,-0.7486808676959156,0.8889908256880733,-0.5914365746298519,0.27575757575757576,0.8622289351602115,0.30073952341824156,3.119
0.057057057057057055,0.3325443786982249,0.0,0.7082152974504249,0.3066037735849057,0.8797388902837058,0.2521489971346705,-0.6407901576849766,-0.6160188457008244,0.4984674329501916,0.19251559251559255,-0.11788617886178862,0.33094713656387664,0.925067784076904,0.12484848484848485,-0.8569474301348446,0.8311926605504587,-0.6814725890356143,0.1686868686868687,0.85273492286115,0.3705834018077239,2.888
0.05805805805805806,0.45680473372781066,0.0,0.5904492108458114,0.13443396226415094,0.8463469746422294,-0.37822349570200575,-0.50476520533703,-0.7962308598351001,0.5348659003831417,0.6149688149688151,-0.6666666666666667,0.4922907488986784,0.9184126201626817,0.5345454545454545,-0.8684776236075825,0.9160550458715596,-0.6110444177671068,0.7080808080808081,0.8310497356780667,0.6672144617912901,2.769
0.05905905905905906,0.43905325443786986,0.0,0.6766491299069203,0.1792452830188679,0.7311072056239015,0.08022922636103152,-0.7007451048345174,-0.6764821358460934,0.5344827586206897,0.22744282744282748,-0.20934959349593496,0.16409691629955947,0.7569632733546956,0.21333333333333332,-0.7424272034395153,0.8454128440366971,-0.6674669867947178,0.4070707070707071,0.8655734167655625,0.4995891536565324,3.145
0.06006006006006006,0.5159763313609468,0.0,0.6523674625657628,0.634433962264151,0.8066783831282952,-0.02865329512893983,-0.5945243458672674,-0.8150765606595995,0.36130268199233717,0.6295218295218296,-0.4247967479674797,0.1877753303964758,0.784076904116342,0.3466666666666667,-0.7637287473128787,0.7495412844036696,-0.5070028011204482,0.31212121212121213,0.8541374474053296,0.47740345110928506,2.058
0.06106106106106106,0.5928994082840237,0.0,0.6240388506677459,0.0778301886792453,0.745669093648004,-0.11031518624641834,-0.7140876797782014,-0.7502944640753828,0.5363984674329502,0.491891891891892,-0.4227642276422764,0.35187224669603523,0.7727384767069262,0.39151515151515154,-0.7578659370725035,0.8949541284403669,-0.6486594637855142,0.30707070707070705,0.8500377602761894,0.4445357436318817,3.083
0.062062062062062065,0.6248520710059172,0.0,0.660056657223796,-0.25,0.7075069043434598,-0.03868194842406877,-0.6454687229249697,-0.6034550451511581,0.6869731800766283,0.3496881496881497,0.33943089430894313,0.2395374449339207,0.700517623859995,0.4206060606060606,-0.7236662106703146,0.8637614678899082,-0.6462585034013605,0.2,0.8484194627252131,0.6031224322103532,3.966
0.06306306306306306,0.4674556213017752,0.0,0.47511129097531357,-0.11320754716981132,0.8209892041174993,-0.17048710601719197,-0.5245191474614452,-0.7864153906556733,0.5643678160919541,0.6220374220374221,-0.3130081300813008,0.3986784140969163,0.8247473502588119,0.6824242424242424,-0.8082861051397303,0.9055045871559633,-0.6470588235294117,0.798989898989899,0.8781961376631784,0.6737880032867707,3.349
0.06406406406406406,0.3514792899408284,0.0,0.6228247673006879,-0.1509433962264151,0.6916896811448656,-0.23209169054441264,-0.6971062207589672,-0.74126423243031,0.4697318007662835,0.5866943866943868,0.06707317073170732,0.12995594713656386,0.6751294059649987,0.3151515151515152,-0.6863396521399258,0.8252293577981651,-0.6358543417366946,0.31313131313131315,0.8883374689826302,0.3270336894001643,3.268
0.06506506506506507,0.5952662721893491,0.0,0.6082557668959935,0.11084905660377359,0.6131056992216922,-0.24498567335243557,-0.6329925489516548,-0.5751864939144091,0.5984674329501917,0.2972972972972973,0.2804878048780488,0.2241189427312775,0.6628050283460685,0.343030303030303,-0.6585890170021497,0.7619266055045871,-0.6514605842336934,0.25353535353535356,0.867731146833531,0.3114215283483977,3.465
0.06606606606606606,0.6733727810650887,0.0,0.6187778227438283,0.040094339622641514,0.8772282199347226,-0.47851002865329517,-0.638537515162017,-0.8417746368276403,0.5896551724137931,0.4997920997920998,-0.4735772357723578,0.5297356828193832,0.8489031303919151,0.3963636363636364,-0.8358413132694938,0.8325688073394495,-0.7298919567827131,0.46565656565656566,0.8701046499082964,0.5488907148726376,3.154
0.06706706706706707,0.2106508875739645,0.0,0.5511938486442736,-0.10377358490566037,0.7122771780065278,0.03581661891117479,-0.5836076936406168,-0.6776599921476246,0.5881226053639846,0.18087318087318088,-0.44308943089430897,0.48127753303964754,0.7478432339166871,0.5272727272727273,-0.7078366230213016,0.8371559633027522,-0.7014805922368946,0.49292929292929294,0.7962023950803754,0.5447822514379622,3.336
0.06806806806806807,0.8899408284023669,0.0,0.6086604613516795,-0.10613207547169812,0.8350489580718051,-0.11031518624641834,-0.6324727083694334,-0.6886533176285826,0.33524904214559387,0.6590436590436591,-0.540650406504065,-0.021475770925110133,0.8454523046586147,0.35393939393939394,-0.8301739300371311,0.8192660550458715,-0.4241696678671469,0.32323232323232326,0.8260869565217391,0.5308134757600658,2.548
0.06906906906906907,0.4863905325443787,0.0,0.7337110481586402,0.25707547169811323,0.8101933216168716,0.336676217765043,-0.7652053370299775,-0.7322340007852375,0.4666666666666667,0.32681912681912684,-0.5447154471544716,0.1877753303964758,0.8136554104017747,0.3248484848484849,-0.7862028532343169,0.7463302752293578,-0.6222488995598239,0.20202020202020204,0.813895781637717,0.504519309778143,2.807
0.07007007007007007,0.7337278106508875,0.0,0.6179684338324565,0.37971698113207547,0.9063519959829274,-0.6160458452722063,-0.6416565586553457,-0.8280329799764429,0.385823754789272,0.8523908523908524,-0.5609756097560976,0.21090308370044053,0.850875030810944,0.5842424242424242,-0.8649599374633574,0.8784403669724771,-0.5418167266906763,0.21212121212121213,0.7467903765238968,0.43385373870172556,2.471
0.07107107107107107,0.578698224852071,0.0,0.7288547146904087,0.2806603773584906,0.7308561385890032,-0.03581661891117479,-0.8457806272743026,-0.7675696898311739,0.471264367816092,0.46361746361746364,-0.48577235772357724,0.24394273127753305,0.702982499383781,0.31272727272727274,-0.7416454954074653,0.8206422018348623,-0.7170868347338936,0.09696969696969697,0.8353651958140037,0.304847986852917,2.645
0.07207207207207207,0.421301775147929,0.0,0.7284500202347228,-0.051886792452830184,0.7075069043434598,0.10458452722063037,-0.7944896898284526,-0.6203376521397723,0.7099616858237549,0.13097713097713098,-0.0040650406504065045,0.32213656387665196,0.7315750554596993,0.29333333333333333,-0.7125268712136017,0.8802752293577981,-0.8139255702280911,0.35353535353535354,0.8307260761678714,0.25390304026294164,3.907
0.07307307307307308,0.32899408284023673,0.0,0.6616754350465398,0.051886792452830184,0.6613105699221692,0.01002865329512894,-0.7516894818922197,-0.6336866902237926,0.6352490421455939,0.19667359667359668,-0.11178861788617886,0.30396475770925113,0.6785802316982992,0.24000000000000002,-0.6912253273402384,0.7628440366972477,-0.7751100440176071,0.08585858585858587,0.8817563922753263,0.36647493837304845,3.221
0.07407407407407407,0.5230769230769231,0.0,0.6171590449210845,0.4009433962264151,0.7813206126035651,-0.15329512893982808,-0.7118350372552417,-0.7071063996859049,0.3551724137931035,0.5925155925155926,-0.30081300813008127,-0.03359030837004405,0.7702736011831401,0.29939393939393943,-0.7553253859683409,0.8775229357798164,-0.5426170468187275,0.3808080808080808,0.7963102815837739,0.39934264585045187,2.612
0.07507507507507508,0.6378698224852072,0.0,0.5799271549979765,0.11792452830188681,0.903590258599046,-0.09885386819484242,-0.590192341015422,-0.9061641146446799,0.4509578544061303,0.5542619542619542,-0.4146341463414634,0.2064977973568282,0.9368991865910771,0.3660606060606061,-0.9142075434825093,0.8688073394495411,-0.6126450580232092,0.6202020202020202,0.853490128384939,0.4921939194741166,2.965
0.07607607607607608,0.5905325443786983,0.0,0.5151760420882233,0.0778301886792453,0.7429073562641225,-0.5329512893982808,-0.5796222491769191,-0.7891637220259127,0.39233716475095787,0.8374220374220374,-0.5020325203252033,0.15583700440528633,0.7118560512694108,0.7503030303030304,-0.7285518858706274,0.9165137614678899,-0.5238095238095237,0.6212121212121212,0.8208005178552162,0.6606409202958093,2.592
0.07707707707707707,0.6994082840236686,0.0,0.7847025495750708,0.20047169811320756,0.6454933467235752,0.336676217765043,-0.7988216946802981,-0.6729485669414997,0.4118773946360153,0.36715176715176717,-0.35569105691056907,-0.06387665198237885,0.7372442691644071,0.33939393939393947,-0.7164354113738518,0.773394495412844,-0.6278511404561824,0.14646464646464646,0.7908080699104542,0.27198027937551356,2.639
0.07807807807807808,0.48994082840236686,0.0,0.8535006070416835,0.049528301886792456,0.6357017323625408,0.1848137535816619,-0.950615144688962,-0.6784452296819787,0.6398467432950191,-0.014553014553014556,-0.27845528455284557,0.263215859030837,0.6465368498890806,-0.1296969696969697,-0.6554621848739496,0.7747706422018348,-0.817126850740296,-0.09797979797979799,0.8482036897184162,0.4223500410846343,3.349
0.07907907907907907,0.6899408284023668,0.0,0.5346013759611493,0.009433962264150943,0.7587245794627164,-0.5601719197707737,-0.6156645295442731,-0.7137809187279152,0.47816091954022993,0.740956340956341,-0.6077235772357723,0.24449339207048457,0.6847424205077643,0.5260606060606061,-0.7082274770373266,0.8261467889908256,-0.5722288915566226,0.38585858585858585,0.8672996008199374,0.49055053410024646,2.743
0.08008008008008008,0.4923076923076923,0.0,0.698097936058276,-0.2240566037735849,0.7981421039417523,-0.16045845272206305,-0.8291457286432161,-0.7911268158617982,0.563984674329502,0.28316008316008323,-0.7276422764227642,0.4884361233480176,0.8671432092679319,0.3066666666666667,-0.8155169044361931,0.8123853211009173,-0.8319327731092437,0.32727272727272727,0.8572661560038839,0.4059161873459326,2.935
0.08108108108108109,0.47218934911242605,0.0,0.7385673816268716,0.04245283018867924,0.9510419281948279,-0.24068767908309457,-0.7348813030670593,-0.8315665488810364,0.7026819923371648,0.3093555093555094,-0.3089430894308943,0.637114537444934,0.8770027113630761,0.10545454545454545,-0.8759038499120579,0.8211009174311926,-0.7599039615846338,0.14343434343434341,0.8068831589168195,0.6992604765817584,3.477
0.08208208208208208,0.3857988165680474,0.0,0.6373937677053824,0.10849056603773585,0.6781320612603565,-0.1332378223495702,-0.6083867613931728,-0.8001570475068707,0.5452107279693487,0.5538461538461539,-0.6300813008130082,0.2566079295154185,0.7276312546216416,0.23030303030303031,-0.7492671487199531,0.7279816513761467,-0.6042416966786714,0.14141414141414144,0.8640630057179847,0.37551355792933444,2.746
0.08308308308308308,0.24142011834319527,0.0,0.7154997976527722,0.009433962264150943,0.6520210896309314,0.10458452722063037,-0.6588112978686537,-0.5885355319984296,0.6739463601532567,0.0058212058212058215,-0.04878048780487805,0.5666299559471365,0.6440719743652945,0.2921212121212121,-0.6454954074653116,0.8669724770642201,-0.8223289315726291,0.34545454545454546,0.8718308339626712,0.6031224322103532,3.528
0.08408408408408409,0.36923076923076925,0.0,0.5580736543909348,-0.12264150943396226,0.7007280944012051,-0.28223495702005735,-0.47322821001559523,-0.7758146839418923,0.47624521072796944,0.5950103950103951,-0.524390243902439,0.2544052863436123,0.7231944786788267,0.3248484848484849,-0.719171389486027,0.8321100917431192,-0.49819927971188477,0.4585858585858586,0.8137878951343187,0.4757600657354149,2.965
0.08508508508508508,0.6840236686390532,0.0,0.7041683528935654,-0.25235849056603776,0.8975646497614863,-0.20773638968481375,-0.6693813897071564,-0.8488417746368275,0.4965517241379311,0.530977130977131,-0.5609756097560976,0.33645374449339205,0.8392901158491495,0.40242424242424246,-0.8854797733046706,0.8087155963302751,-0.6358543417366946,0.2595959595959596,0.8129248031071313,0.49876746096959734,2.682
0.08608608608608609,0.3562130177514793,0.0,0.7385673816268716,0.02358490566037736,0.7501883002761737,0.18194842406876793,-0.7449315543233409,-0.7923046721633292,0.6559386973180077,0.14760914760914762,-0.24186991869918698,0.6618942731277533,0.790978555582943,0.1672727272727273,-0.7910885284346296,0.7224770642201834,-0.7715086034413765,-0.04141414141414142,0.7995468766857265,0.619556285949055,3.182
0.08708708708708708,0.6165680473372781,0.0,0.5346013759611493,0.15801886792452832,0.8408234998744665,-0.2879656160458453,-0.6184370126494542,-0.7656065959952885,0.43448275862068964,0.6432432432432432,-0.3902439024390244,0.10407488986784141,0.8323884643825485,0.4218181818181818,-0.7860074262263045,0.8509174311926605,-0.539015606242497,0.5404040404040404,0.8129248031071313,0.5916187345932621,2.818
0.08808808808808809,0.4982248520710059,0.0,0.6778632132739781,0.28537735849056606,0.7200602560883755,-0.017191977077363897,-0.7671114191647894,-0.6666666666666666,0.4685823754789273,0.49563409563409566,0.03048780487804878,0.026982378854625552,0.6731575055459699,0.3018181818181818,-0.6912253273402384,0.8990825688073394,-0.6022408963585434,0.24141414141414141,0.8855324198942712,0.4305669679539852,3.063
0.0890890890890891,0.4532544378698225,0.0,0.92391744233104,-0.19339622641509435,0.7544564398694451,0.3538681948424069,-0.913706463351239,-0.7695327836670592,0.5950191570881226,0.2948024948024948,-0.15447154471544716,0.2852422907488987,0.7325610056692137,0.22181818181818183,-0.7768223568497167,0.7339449541284404,-0.7583033213285314,-0.16161616161616163,0.8208005178552162,0.24897288414133112,2.989
0.09009009009009009,0.050887573964497036,0.0,0.6592472683124241,0.0919811320754717,0.7288476023098167,0.2177650429799427,-0.6799514815456593,-0.6387907341970945,0.7440613026819923,-0.006237006237006237,-0.09552845528455285,0.611784140969163,0.6529455262509243,0.07636363636363637,-0.7017783857729138,0.7472477064220183,-0.7743097238895558,0.1101010101010101,0.8496062142625957,0.5957271980279375,3.459
0.09109109109109109,0.7940828402366865,0.0,0.5277215702144881,0.5,0.8134571930705499,-0.6074498567335244,-0.5510310171547392,-0.8645465253239104,0.41685823754789275,0.9530145530145531,-0.6036585365853658,0.14482378854625552,0.7431599704214936,0.5503030303030304,-0.7830760211061168,0.8275229357798165,-0.4685874349739896,0.5464646464646465,0.7967418275973676,0.3163516844700082,2.3
0.0920920920920921,0.770414201183432,0.0,0.6361796843383246,0.643867924528302,0.7539543057996485,0.0673352435530086,-0.5770230462658118,-0.6164114644680015,0.5681992337164752,0.4316008316008316,-0.14430894308943087,0.22301762114537446,0.7759428148878481,0.5490909090909092,-0.7475083056478405,0.9555045871559633,-0.5714285714285714,0.4313131313131313,0.8433487970654872,0.5020542317173377,3.391
0.09309309309309309,0.6,0.0,0.6908134358559288,0.125,0.8124529249309566,-0.26361031518624645,-0.7319355397678046,-0.7691401648998822,0.6597701149425288,0.44656964656964665,-0.39227642276422764,0.6707048458149779,0.7821050036973132,0.623030303030303,-0.7875708422904046,0.7894495412844037,-0.8103241296518606,0.31313131313131315,0.813895781637717,0.39441248972884135,3.203
0.0940940940940941,0.7041420118343196,0.0,0.6462970457304734,0.28537735849056606,0.7752950037660056,-0.11604584527220632,-0.6253682204124069,-0.6219081272084805,0.6095785440613027,0.2661122661122661,-0.06910569105691057,0.3904185022026431,0.7867882671925067,0.4787878787878788,-0.7621653312487786,0.7715596330275228,-0.7519007603041216,0.34747474747474744,0.8230661344265832,0.4050944946589975,3.002
0.09509509509509509,0.3680473372781065,0.0,0.5455281262646702,0.17688679245283018,0.6577956314335928,0.005730659025787966,-0.664182983884942,-0.6183745583038869,0.4885057471264368,0.5330561330561331,0.02032520325203252,0.0011013215859030836,0.605126941089475,0.4545454545454546,-0.6492085206175494,0.8596330275229358,-0.6418567426970788,0.4808080808080808,0.8523033768475564,0.3722267871815941,3.17
0.0960960960960961,0.38934911242603554,0.0,0.5677863213273978,0.20754716981132074,0.8272658799899573,0.02865329512893983,-0.5667995148154565,-0.7369454259913624,0.5727969348659004,0.45654885654885663,-0.1483739837398374,0.43447136563876654,0.8765097362583189,0.6460606060606061,-0.8530388899745945,0.9096330275229357,-0.6350540216086434,0.6090909090909091,0.8382781314057611,0.6647493837304848,3.211
0.0970970970970971,0.5502958579881657,0.0,0.5997571833265885,0.08490566037735849,0.7815716796384634,-0.15759312320916907,-0.5888060994628315,-0.7287004318806439,0.5195402298850575,0.6328482328482329,-0.07520325203252032,0.1327092511013216,0.7283707172787773,0.4448484848484849,-0.7764315028336916,0.9555045871559633,-0.4965986394557823,0.4666666666666667,0.8324522602222462,0.5439605587510271,3.378
0.0980980980980981,0.1940828402366864,0.0,0.5443140428976123,-0.2783018867924528,0.827014812955059,-0.2363896848137536,-0.5252122682377405,-0.7086768747546132,0.6685823754789273,0.2964656964656965,-0.10162601626016261,0.552863436123348,0.8230219373921616,0.27272727272727276,-0.8020324408833301,0.9711009174311925,-0.7030812324929971,0.5797979797979798,0.893084475132161,0.810188989317995,3.795
0.0990990990990991,0.6792899408284023,0.0,0.8717118575475515,0.3490566037735849,0.8802410243535023,0.25501432664756446,-0.8603361635765032,-0.83510011778563,0.4854406130268199,0.43575883575883584,-0.3780487804878049,0.1855726872246696,0.931969435543505,0.2957575757575758,-0.8784444010162205,0.8288990825688073,-0.6658663465386154,0.10404040404040403,0.8655734167655625,0.3286770747740345,2.967
0.1001001001001001,0.3183431952662722,0.0,0.7175232699312019,0.23113207547169812,0.6949535525985437,-0.021489971346704873,-0.8814763472535089,-0.6760895170789163,0.7222222222222222,-0.021205821205821207,-0.27439024390243905,0.6051762114537445,0.7377372442691643,0.15393939393939396,-0.6965018565565761,0.7307339449541284,-0.9583833533413365,0.14444444444444443,0.8889847880030208,0.5686113393590796,3.198
0.1011011011011011,0.4378698224852071,0.0,0.6499392958316471,-0.25943396226415094,0.6610595028872709,-0.21060171919770773,-0.6238086986657425,-0.6721633294071456,0.7727969348659004,0.288981288981289,0.3170731707317073,0.42070484581497797,0.6642839536603401,0.5066666666666667,-0.6699237834668751,0.7944954128440367,-0.7214885954381752,0.27575757575757576,0.8642787787247814,0.6203779786359901,3.872
0.1021021021021021,0.42485207100591715,0.0,0.6815054633751517,0.3466981132075472,0.7454180266131056,0.042979942693409746,-0.6640097036908681,-0.6014919513152729,0.4842911877394636,0.15966735966735968,0.09146341463414634,0.12720264317180616,0.729849642593049,0.01696969696969697,-0.7049052179011139,0.7637614678899082,-0.6210484193677471,0.2787878787878788,0.8367677203581833,0.29991783073130646,2.659
0.1031031031031031,0.24497041420118343,0.0,0.5613112100364225,0.1391509433962264,0.7818227466733617,-0.18051575931232092,-0.6354184716686883,-0.7471535139379663,0.6471264367816092,0.3754677754677755,-0.33739837398373984,0.5567180616740087,0.7453783583929011,0.37212121212121213,-0.7367598202071526,0.8715596330275228,-0.725890356142457,0.47373737373737373,0.8598554320854461,0.5283483976992605,3.612
0.1041041041041041,0.9834319526627219,0.0,0.5491703763658438,0.5566037735849056,0.7916143610343962,-0.34097421203438394,-0.6307399064286953,-0.6364350215940322,0.4609195402298851,0.3920997920997921,-0.2926829268292683,0.14977973568281938,0.8876016761153561,0.3345454545454546,-0.8018370138753175,0.9311926605504586,-0.6310524209683873,0.4545454545454546,0.8641708922213831,0.4527526705012325,2.799
0.10510510510510511,0.4260355029585799,0.0,0.6260623229461756,-0.009433962264150943,0.8187296008034145,-0.5429799426934098,-0.6267544619649974,-0.7997644287396937,0.6114942528735633,0.42702702702702705,-0.5304878048780488,0.513215859030837,0.8350998274587133,0.2909090909090909,-0.8305647840531561,0.7981651376146789,-0.7531012404961984,0.33636363636363636,0.8441040025892761,0.5316351684470008,3.035
0.1061061061061061,0.5502958579881657,0.0,0.6734115742614326,0.43160377358490565,0.8295254833040421,0.05014326647564471,-0.6463351238953388,-0.6819787985865724,0.51455938697318,0.6000000000000001,-0.1910569105691057,0.0671806167400881,0.8397830909539068,0.5054545454545455,-0.7777994918897791,0.9165137614678899,-0.48219287715086034,0.5121212121212121,0.8451828676232602,0.3385373870172555,3.012
0.10710710710710711,0.3633136094674556,0.0,0.7511129097531364,-0.19103773584905662,0.7660055234747678,-0.27507163323782235,-0.7856523999306879,-0.7746368276403612,0.442911877394636,0.43825363825363833,-0.6117886178861789,0.2566079295154185,0.7436529455262508,0.3672727272727273,-0.7668555794410787,0.7637614678899082,-0.7178871548619448,0.05656565656565657,0.8720466069694681,0.37551355792933444,2.761
0.10810810810810811,0.49467455621301776,0.0,0.5633346823148522,-0.049528301886792456,0.8069294501631935,-0.4068767908309455,-0.5780627274302547,-0.7824892029839027,0.4555555555555556,0.743035343035343,-0.5,0.23458149779735682,0.76854818831649,0.6751515151515153,-0.8082861051397303,0.8665137614678898,-0.6090436174469788,0.4414141414141414,0.887798036465638,0.6121610517666393,2.858
0.1091091091091091,0.5254437869822486,0.0,0.48927559692432215,0.4080188679245283,0.702234496610595,0.024355300859598857,-0.4872639057355744,-0.6419316843345112,0.43639846743295024,0.5896049896049896,-0.05894308943089431,-0.025881057268722467,0.7567167858023168,0.5733333333333334,-0.7113543091655267,0.9788990825688072,-0.5858343337334934,0.7666666666666667,0.873772791023843,0.5677896466721445,3.132
0.11011011011011011,0.28875739644970416,0.0,0.678267907729664,-0.12735849056603774,0.8415767009791614,0.13753581661891118,-0.6523999306879223,-0.7801334903808402,0.7180076628352491,0.23160083160083164,-0.23983739837398374,0.5605726872246696,0.8304165639635198,0.49818181818181817,-0.8274379519249561,0.844954128440367,-0.8079231692677071,0.40303030303030307,0.8253317509979502,0.5020542317173377,3.661
0.1111111111111111,0.5739644970414202,0.0,0.6758397409955483,-0.36556603773584906,0.7973889028370575,-0.01002865329512894,-0.7256974527811471,-0.7809187279151943,0.5727969348659004,0.48482328482328485,-0.22357723577235772,0.30121145374449343,0.8562977569632734,0.40242424242424246,-0.8161031854602306,0.8165137614678899,-0.6954781912765106,0.42828282828282827,0.8865033984248571,0.4790468364831552,3.301
0.11211211211211211,0.4627218934911243,0.0,0.6430594900849858,0.1627358490566038,0.7916143610343962,0.3209169054441261,-0.636631433027205,-0.5457400863761287,0.7559386973180078,0.2,0.4004065040650407,0.15143171806167402,0.7542519102785309,0.4460606060606061,-0.7160445573578269,0.9004587155963303,-0.6830732292917167,0.45252525252525255,0.8731254720034524,0.4921939194741166,3.835
0.11311311311311312,0.6792899408284023,0.0,0.5985430999595306,-0.007075471698113208,0.7258347978910369,-0.06876790830945559,-0.5231329059088546,-0.6811935610522183,0.5440613026819924,0.3854469854469855,-0.06300813008130081,0.21255506607929514,0.7291101799359132,0.2581818181818182,-0.7136994332616768,0.8013761467889908,-0.5522208883553421,0.18383838383838383,0.8566188369834934,0.44124897288414133,3.22
0.11411411411411411,0.48757396449704143,0.0,0.6645082962363416,-0.1839622641509434,0.7466733617875974,0.030085959885386822,-0.6180904522613065,-0.7263447192775815,0.5237547892720307,0.5293139293139293,-0.20121951219512196,0.2659691629955947,0.6933694848410155,0.6630303030303031,-0.7111588821575141,0.81697247706422,-0.4909963985594238,0.32626262626262625,0.8438882295824792,0.5168447000821692,3.105
0.11511511511511512,0.4781065088757397,0.0,0.6875758802104411,0.018867924528301886,0.7336178759728847,0.008595988538681949,-0.6984924623115577,-0.7428347074990184,0.4521072796934866,0.417047817047817,-0.22967479674796748,0.19548458149779735,0.7254128666502341,0.4315151515151515,-0.7033418018370139,0.7477064220183485,-0.6342537014805922,0.3212121212121212,0.8193979933110368,0.25965488907148726,2.441
0.11611611611611612,0.46390532544378704,0.0,0.4386887899635775,-0.0660377358490566,0.7848355510921415,-0.3911174785100287,-0.4915959105874199,-0.707499018453082,0.5007662835249043,0.5521829521829522,-0.24796747967479674,0.2813876651982379,0.7197436529455261,0.5272727272727273,-0.7168262653898769,0.8605504587155962,-0.5602240896358542,0.7141414141414141,0.8523033768475564,0.7880032867707477,2.924
0.11711711711711711,0.36923076923076925,0.0,0.5823553217320923,0.36320754716981135,0.5890032638714536,-0.2893982808022923,-0.6350719112805406,-0.6364350215940322,0.635632183908046,0.3101871101871102,-0.4105691056910569,0.5440528634361234,0.6004436775942814,0.3903030303030303,-0.5901895641977721,0.905045871559633,-0.7438975590236094,0.30606060606060603,0.8189664472974431,0.8052588331963845,3.39
0.11811811811811812,0.7384615384615385,0.0,0.5807365439093485,0.20047169811320756,0.722068792367562,-0.16618911174785103,-0.5366487610466124,-0.6415390655673341,0.6490421455938697,0.35343035343035345,-0.08943089430894309,0.3898678414096916,0.7133349765836825,0.39151515151515154,-0.6769591557553254,0.9302752293577982,-0.6446578631452581,0.4676767676767677,0.8531664688747438,0.629416598192276,3.612
0.11911911911911911,0.2627218934911243,0.0,0.6527721570214488,-0.12264150943396226,0.773286467486819,0.012893982808022923,-0.6591578582568012,-0.724381625441696,0.6195402298850575,0.19542619542619544,-0.4410569105691057,0.4063876651982379,0.8033029332018732,0.049696969696969705,-0.7774086378737541,0.7321100917431193,-0.6746698679471789,0.20606060606060606,0.8588844535548603,0.6170912078882498,3.225
0.12012012012012012,0.24497041420118343,0.0,0.6110886280857952,0.5141509433962265,0.7223198594024604,-0.09169054441260746,-0.6118523652746491,-0.6702002355712603,0.5597701149425288,0.24781704781704783,-0.29065040650406504,0.520374449339207,0.7369977816120286,0.3527272727272727,-0.6777408637873754,0.8889908256880733,-0.6490596238495399,0.46565656565656566,0.8253317509979502,0.5036976170912079,3.084
0.12112112112112113,0.6733727810650887,0.0,0.603804127883448,0.07311320754716981,0.7838312829525483,-0.44412607449856734,-0.6210362155605614,-0.7820965842167255,0.5095785440613028,0.6860706860706861,-0.28455284552845533,0.2698237885462555,0.7660833127927039,0.5672727272727274,-0.7574750830564784,0.9064220183486238,-0.5778311324529811,0.5212121212121212,0.7850900852303377,0.5020542317173377,3.228
0.12212212212212212,0.6,0.0,0.7130716309186564,-0.01650943396226415,0.7012302284710018,0.07449856733524356,-0.7658984578062727,-0.7008244994110717,0.5187739463601533,0.26112266112266114,-0.3821138211382114,0.33370044052863435,0.7690411634212472,0.33333333333333337,-0.6990424076607387,0.7211009174311926,-0.7811124449779911,0.198989898989899,0.8683784658539216,0.3516844700082169,2.799
0.12312312312312312,0.47573964497041427,0.0,0.6248482395791177,0.04716981132075472,0.7913632939994979,-0.16475644699140404,-0.7674579795529372,-0.8319591676482136,0.542528735632184,0.4835758835758836,-0.5386178861788619,0.24834801762114536,0.760414099087996,0.22303030303030305,-0.7793629079538792,0.8949541284403669,-0.7242897158863545,0.3878787878787879,0.8049412018556479,0.3845521774856204,3.144
0.12412412412412413,0.42248520710059173,0.0,0.6074463779846215,0.03537735849056604,0.8734622144112478,-0.01862464183381089,-0.661237220585687,-0.6705928543384373,0.5084291187739464,0.3463617463617464,-0.233739837398374,0.21530837004405287,0.8444663544491002,0.19151515151515153,-0.854406879030682,0.7995412844036697,-0.6390556222488996,0.17575757575757575,0.8881216959758333,0.5940838126540673,2.997
0.12512512512512514,0.6118343195266273,0.0,0.6264670174018616,0.06132075471698113,0.7248305297514436,0.2177650429799427,-0.6517068099116271,-0.6505692972124067,0.6095785440613027,0.09771309771309772,-0.17073170731707318,0.512114537444934,0.7227015035740695,0.3418181818181818,-0.6888802032440883,0.8573394495412844,-0.7394957983193278,0.42626262626262623,0.8124932570935376,0.6179129005751849,3.524
0.12612612612612611,0.47100591715976337,0.0,0.7762039660056657,0.16037735849056606,0.8722068792367562,-0.07306590257879657,-0.721018887541154,-0.7750294464075382,0.6291187739463602,0.1891891891891892,-0.3719512195121951,0.5859030837004405,0.8940103524771997,0.035151515151515156,-0.8876294703928083,0.828440366972477,-0.800720288115246,0.029292929292929294,0.8552163124393138,0.5373870172555464,3.136
0.12712712712712712,0.5857988165680473,0.0,0.6272764063132336,-0.007075471698113208,0.6866683404468993,-0.42120343839541546,-0.5915785825680125,-0.6780526109148017,0.6183908045977012,0.30353430353430355,-0.4227642276422764,0.5787444933920705,0.6716785802316982,0.17333333333333334,-0.6722689075630252,0.7688073394495412,-0.7118847539015606,0.11414141414141414,0.8532743553781421,0.7362366474938373,2.986
0.12812812812812813,0.6224852071005917,0.0,0.5953055443140429,-0.009433962264150943,0.8247552096409742,-0.35816618911174786,-0.599549471495408,-0.8374558303886925,0.3743295019157088,0.775883575883576,-0.37601626016260165,-0.02422907488986784,0.8175992112398324,0.39272727272727276,-0.7899159663865546,0.8770642201834862,-0.46938775510204084,0.6303030303030303,0.829862984140684,0.5299917830731307,2.734
0.12912912912912913,0.7763313609467456,0.0,0.528126264670174,-0.49056603773584906,0.7752950037660056,-0.22349570200573068,-0.47686709409114536,-0.7224185316058107,0.5758620689655173,0.530977130977131,-0.06300813008130081,0.3050660792951542,0.7680552132117328,0.6412121212121212,-0.7948016415868674,0.7224770642201834,-0.6278511404561824,0.4080808080808081,0.8056964073794368,0.42892358258011504,3.234
0.13013013013013014,0.6698224852071005,0.0,0.6661270740590853,-0.16981132075471697,0.8014059753954306,0.22922636103151864,-0.7456246750996361,-0.7287004318806439,0.41800766283524904,0.4760914760914761,-0.5691056910569107,0.1013215859030837,0.7830909539068276,0.24363636363636365,-0.7523939808481532,0.8247706422018348,-0.5770308123249299,0.30808080808080807,0.8307260761678714,0.37469186524239934,2.91
0.13113113113113112,0.3976331360946746,0.0,0.6924322136786726,0.2429245283018868,0.709264373587748,-0.2922636103151863,-0.7511696413099983,-0.6584216725559482,0.635632183908046,0.298960498960499,-0.006097560975609756,0.33039647577092507,0.6973132856790731,0.4290909090909091,-0.694547586476451,0.8316513761467889,-0.7963185274109643,0.2111111111111111,0.8438882295824792,0.5193097781429745,3.278
0.13213213213213212,0.5502958579881657,0.0,0.6701740186159449,0.3985849056603774,0.7373838814963595,0.008595988538681949,-0.6227690175012995,-0.7122104436592069,0.4559386973180077,0.5326403326403326,-0.2865853658536585,0.0605726872246696,0.7668227754498398,0.5527272727272727,-0.7416454954074653,0.9330275229357796,-0.6330532212885154,0.5353535353535354,0.8510087388067753,0.3023829087921117,2.983
0.13313313313313313,0.6,0.0,0.6811007689194658,0.38915094339622647,0.786844087371328,-0.27507163323782235,-0.7064633512389534,-0.7479387514723204,0.5318007662835249,0.6054054054054054,-0.12195121951219512,0.16299559471365638,0.8331279270396844,0.2278787878787879,-0.8276333789329686,0.9151376146788991,-0.6142456982793116,0.3,0.79382889200561,0.48479868529170084,3.041
0.13413413413413414,0.642603550295858,0.0,0.4884662080129502,0.7028301886792453,0.7361285463218679,-0.2879656160458453,-0.517068099116271,-0.6772673733804476,0.39463601532567055,0.7164241164241165,-0.3455284552845529,0.09526431718061673,0.7510475720976091,0.5575757575757576,-0.708422904045339,0.8788990825688072,-0.5254101640656262,0.5969696969696969,0.8759305210918114,0.6129827444535744,2.618
0.13513513513513514,0.8189349112426035,0.0,0.6070416835289356,0.11084905660377359,0.7592267135325131,-0.1848137535816619,-0.6979726217293363,-0.7487239890066745,0.6413793103448275,0.38835758835758843,0.016260162601626018,0.30451541850220265,0.7707665762878974,0.4884848484848485,-0.7912839554426423,0.8591743119266054,-0.6802721088435374,0.3606060606060606,0.8676232603301327,0.4806902218570254,3.421
0.13613613613613615,0.6165680473372781,0.0,0.6507486847430191,0.10377358490566037,0.7484308310318855,0.11461318051575932,-0.6692081095130826,-0.7051433058500196,0.5559386973180077,0.38835758835758843,-0.27845528455284557,0.32048458149779735,0.7742174020211978,0.5296969696969698,-0.7377369552472152,0.8972477064220182,-0.6290516206482593,0.3848484848484849,0.8937317941525516,0.40345110928512734,3.145
0.13713713713713713,0.6118343195266273,0.0,0.5200323755564549,0.25,0.7195581220185789,-0.6074498567335244,-0.5087506498007278,-0.8303886925795053,0.506896551724138,0.8615384615384616,-0.4227642276422764,0.4030837004405286,0.7493221592309588,0.7103030303030303,-0.7527848348641782,0.8311926605504587,-0.5162064825930373,0.7383838383838384,0.8939475671593483,0.7608874281018899,2.802
0.13813813813813813,0.5195266272189349,0.0,0.6519627681100769,0.2759433962264151,0.7193070549836806,0.05730659025787966,-0.710622075896725,-0.7180997251668629,0.5846743295019158,0.36091476091476093,-0.14634146341463414,0.23898678414096916,0.7042149371456742,0.2775757575757576,-0.7389095172952902,0.8316513761467889,-0.6814725890356143,0.3595959595959596,0.8708598554320853,0.4387838948233361,3.086
0.13913913913913914,0.6284023668639054,0.0,0.5621205989477944,-0.01650943396226415,0.8701983429575697,-0.31232091690544417,-0.6082134811990989,-0.7695327836670592,0.5651340996168583,0.3330561330561331,-0.4227642276422764,0.4950440528634361,0.8619669706679811,0.4218181818181818,-0.8579245651749071,0.9266055045871558,-0.7563025210084033,0.5707070707070706,0.8657891897723595,0.5341002465078061,3.428
0.14014014014014015,0.6769230769230768,0.0,0.6811007689194658,0.25471698113207547,0.771780065277429,-0.12464183381088825,-0.6939871772656385,-0.7326266195524146,0.49157088122605364,0.6070686070686071,-0.2113821138211382,0.18337004405286345,0.7668227754498398,0.4581818181818182,-0.7475083056478405,0.8871559633027521,-0.5094037615046018,0.41919191919191917,0.8599633185888446,0.4601479046836483,3.143
0.14114114114114115,0.39881656804733734,0.0,0.660866046135168,-0.3066037735849057,0.8172231985940246,-0.11461318051575932,-0.6988390226997055,-0.7726737338044758,0.5613026819923372,0.256964656964657,-0.6300813008130082,0.501101321585903,0.7431599704214936,0.08121212121212122,-0.7570842290404534,0.8027522935779816,-0.711484593837535,0.24545454545454545,0.8848851008738806,0.4741166803615447,3.128
0.14214214214214213,0.4674556213017752,0.0,0.65965196276811,0.2169811320754717,0.7973889028370575,0.13753581661891118,-0.704903829492289,-0.7585394581861012,0.5386973180076629,0.2677754677754678,-0.1483739837398374,0.2555066079295154,0.7917180182400788,0.2375757575757576,-0.8063318350596053,0.8201834862385321,-0.6370548219287715,0.33535353535353535,0.8654655302621642,0.3697617091207888,3.114
0.14314314314314314,0.4958579881656805,0.0,0.5993524888709025,0.4811320754716981,0.8114486567913634,-0.3008595988538682,-0.5752902443250736,-0.8292108362779741,0.47547892720306517,0.6494802494802495,-0.35772357723577236,0.3590308370044053,0.790978555582943,0.4496969696969697,-0.802423294899355,0.7362385321100917,-0.5886354541816726,0.47777777777777775,0.7390225482792102,0.4494658997534922,2.539
0.14414414414414414,0.4035502958579882,0.0,0.5981384055038446,-0.2169811320754717,0.6535274918403214,0.16762177650429802,-0.5716513602495235,-0.5653710247349822,0.7670498084291187,-0.16839916839916844,-0.21544715447154472,0.6817180616740088,0.688686221345822,0.05575757575757576,-0.6595661520422123,0.7844036697247706,-0.8711484593837535,0.14747474747474748,0.8738806775272413,0.7641741988496302,3.608
0.14514514514514515,0.6130177514792899,0.0,0.5677863213273978,-0.16981132075471697,0.7172985187044941,0.022922636103151865,-0.5193207416392306,-0.7263447192775815,0.5708812260536399,0.13596673596673597,-0.4878048780487805,0.5825991189427313,0.7687946758688686,0.3466666666666667,-0.7170216923978894,0.9238532110091742,-0.7655062024809923,0.394949494949495,0.8667601683029453,0.7485620377978636,3.265
0.14614614614614616,0.4319526627218935,0.0,0.6074463779846215,-0.08254716981132076,0.8553853878985689,-0.02005730659025788,-0.628140703517588,-0.7330192383195916,0.6226053639846744,0.3367983367983369,-0.0,0.3738986784140969,0.8230219373921616,0.28242424242424247,-0.8624193863591949,0.7793577981651376,-0.6514605842336934,0.3303030303030303,0.8483115762218146,0.6614626129827444,3.397
0.14714714714714713,0.46627218934911246,0.0,0.7167138810198299,0.01650943396226415,0.7660055234747678,-0.01002865329512894,-0.8715993761913013,-0.702002355712603,0.589272030651341,0.36133056133056135,0.06097560975609756,0.23678414096916298,0.7293566674882918,0.2775757575757576,-0.7508305647840532,0.7252293577981651,-0.7414965986394557,0.1292929292929293,0.8186427877872479,0.48562037797863594,3.159
0.14814814814814814,0.18934911242603553,0.0,0.7001214083367058,-0.14386792452830188,0.7695204619633442,0.2908309455587393,-0.7042107087159938,-0.6489988221436984,0.7191570881226054,-0.08191268191268192,-0.22764227642276424,0.5754405286343611,0.7742174020211978,0.14424242424242426,-0.746531170607778,0.8128440366972477,-0.8479391756702681,0.27070707070707073,0.8959974107239184,0.657354149548069,3.7
0.14914914914914915,0.2863905325443787,0.0,0.8360987454471873,0.054245283018867926,0.6929450163193572,0.40257879656160467,-0.888060994628314,-0.5979583824106791,0.8931034482758621,-0.2573804573804574,0.12601626016260162,0.6470264317180616,0.6933694848410155,0.035151515151515156,-0.6965018565565761,0.7545871559633027,-0.8867547018807523,0.01111111111111111,0.8596396590786493,0.4239934264585045,4.03
0.15015015015015015,0.30650887573964497,0.0,0.744233104006475,-0.25707547169811323,0.793873964348481,-0.05300859598853868,-0.7828799168255068,-0.7581468394189242,0.5839080459770115,0.37172557172557175,-0.014227642276422765,0.4008810572687224,0.7397091446881932,0.23030303030303031,-0.7856165722102794,0.7931192660550459,-0.7358943577430972,0.13232323232323234,0.8622289351602115,0.3861955628594905,3.19
0.15115115115115116,0.31479289940828403,0.0,0.7883447996762444,-0.33962264150943394,0.8566407230730605,0.15616045845272208,-0.8858083521053544,-0.7620730270906949,0.7624521072796935,0.0395010395010395,-0.21747967479674796,0.7048458149779736,0.82154301207789,-0.0024242424242424242,-0.8360367402775063,0.8288990825688073,-0.8843537414965986,0.013131313131313131,0.8775488186427878,0.5447822514379622,3.702
0.15215215215215216,0.7633136094674556,0.0,0.6438688789963577,0.7240566037735849,0.8347978910369068,-0.2865329512893983,-0.7159937619130133,-0.7954456223007459,0.4881226053639847,0.5392931392931393,-0.4817073170731707,0.23127753303964757,0.9275326596006901,0.04,-0.8522571819425444,0.8642201834862384,-0.5486194477791116,0.2292929292929293,0.8351494228072067,0.24650780608052586,2.98
0.15315315315315314,0.22603550295857988,0.0,0.6382031566167543,0.058962264150943404,0.7388902837057494,0.1189111747851003,-0.7282966556922544,-0.6592069100903023,0.5689655172413793,0.30062370062370064,-0.008130081300813009,0.316079295154185,0.7367512940596499,0.49333333333333335,-0.7406683603674028,0.9004587155963303,-0.7018807523009203,0.31212121212121213,0.8739885640306398,0.4297452752670501,3.36
0.15415415415415415,0.4970414201183432,0.0,0.6815054633751517,0.2169811320754717,0.7160431835300025,-0.10888252148997135,-0.6808178825160284,-0.7326266195524146,0.5130268199233716,0.5347193347193347,-0.12398373983739837,-0.0011013215859030836,0.7123490263741681,0.019393939393939394,-0.7328512800469025,0.7908256880733944,-0.5830332132853141,0.09797979797979799,0.7654547416118244,0.34100246507806076,3.012
0.15515515515515516,0.6994082840236686,0.0,0.7381626871711857,-0.051886792452830184,0.5794627165453176,-0.22063037249283668,-0.7010916652226651,-0.6917942677659992,0.6153256704980844,0.3413721413721414,-0.41666666666666663,0.33810572687224666,0.6578752772984964,0.27272727272727276,-0.6367011921047488,0.7160550458715595,-0.7298919567827131,0.023232323232323233,0.7561765023195598,0.45932621199671325,3.062
0.15615615615615616,0.4840236686390532,0.0,0.6624848239579118,-0.10377358490566037,0.7361285463218679,-0.19197707736389688,-0.6943337376537861,-0.7047506870828425,0.47777777777777786,0.5301455301455301,-0.17886178861788618,0.14702643171806168,0.6519595760414099,0.3515151515151515,-0.6955247215165136,0.7605504587155962,-0.5694277711084433,0.26262626262626265,0.8068831589168195,0.4930156121610517,2.85
0.15715715715715717,0.5952662721893491,0.0,0.4917037636584379,-0.18867924528301888,0.7429073562641225,-0.46848137535816625,-0.6160110899324207,-0.7306635257165291,0.5164750957854407,0.493970893970894,-0.5873983739837398,0.47466960352422904,0.75794922356421,0.4557575757575758,-0.7412546413914404,0.9133027522935779,-0.6762705082032813,0.5323232323232323,0.8143273276513108,0.6532456861133936,3.106
0.15815815815815815,0.7656804733727811,0.0,0.6527721570214488,0.10141509433962263,0.7848355510921415,0.06876790830945559,-0.5983365101368914,-0.663133097762073,0.37509578544061306,0.28773388773388775,-0.508130081300813,0.3623348017621145,0.8033029332018732,0.16242424242424244,-0.7475083056478405,0.8678899082568806,-0.5586234493797518,0.37373737373737376,0.795339303053188,0.5406737880032868,2.979
0.15915915915915915,0.642603550295858,0.0,0.5843787940105221,0.007075471698113208,0.7323625407983931,-0.04584527220630373,-0.6300467856523999,-0.6945425991362386,0.4984674329501916,0.501871101871102,-0.23170731707317074,0.1685022026431718,0.7690411634212472,0.30303030303030304,-0.7705686925933164,0.8238532110091743,-0.5638255302120848,0.27272727272727276,0.8897399935268098,0.6154478225143796,3.062
0.16016016016016016,0.6106508875739646,0.0,0.7094293808174827,0.5,0.782827014812955,0.22063037249283668,-0.6796049211575117,-0.6768747546132705,0.6229885057471264,0.2656964656964657,-0.11991869918699187,0.24063876651982377,0.8247473502588119,0.4581818181818182,-0.7779949188977916,0.7857798165137615,-0.7194877951180472,0.31616161616161614,0.8560794044665012,0.35497124075595726,2.932
0.16116116116116116,0.680473372781065,0.0,0.5799271549979765,0.544811320754717,0.8209892041174993,-0.3553008595988539,-0.5406342055103102,-0.8684727129956812,0.34444444444444444,0.8145530145530147,-0.7378048780487805,0.1685022026431718,0.7988661572590584,0.3212121212121212,-0.7889388313464921,0.8142201834862385,-0.4985994397759103,0.4585858585858586,0.8264106160319344,0.5201314708299096,1.816
0.16216216216216217,0.25680473372781065,0.0,0.6216106839336301,0.3584905660377358,0.7534521717298518,-0.06876790830945559,-0.6220758967250043,-0.7322340007852375,0.7206896551724138,0.1675675675675676,-0.17276422764227645,0.6828193832599119,0.7638649248212965,0.33333333333333337,-0.7576705100644908,0.8527522935779815,-0.7999199679871949,0.4212121212121212,0.888013809472435,0.8783894823336071,3.317
0.16316316316316315,0.6532544378698225,0.0,0.7620396600566572,0.42452830188679247,0.7870951544062263,0.05587392550143267,-0.8482065499913359,-0.7361601884570081,0.624904214559387,0.4436590436590437,-0.1565040650406504,0.2004405286343612,0.8306630515158984,0.2775757575757576,-0.7895251123705296,0.7830275229357798,-0.7226890756302521,0.07070707070707072,0.8294314381270903,0.33360723089564503,3.056
0.16416416416416416,0.4674556213017752,0.0,0.641440712262242,0.0023584905660377358,0.7434094903339191,-0.09169054441260746,-0.6634898631086468,-0.7471535139379663,0.6279693486590039,0.3347193347193348,-0.4369918699186992,0.5093612334801763,0.792210993344836,0.593939393939394,-0.7568888020324409,0.8880733944954128,-0.7366946778711484,0.6151515151515151,0.8718308339626712,0.5324568611339359,3.482
0.16516516516516516,0.3775147928994083,0.0,0.4803723188992311,0.2641509433962264,0.81044438865177,-0.07306590257879657,-0.4777334950615145,-0.6548881036513544,0.5256704980842912,0.41995841995842,0.05894308943089431,0.35077092511013214,0.8205570618683756,0.49333333333333335,-0.8196208716044557,0.751834862385321,-0.5674269707883153,0.6080808080808081,0.862876254180602,0.6203779786359901,2.958
0.16616616616616617,0.7325443786982249,0.0,0.6539862403885067,-0.08490566037735849,0.7793120763243786,-0.29512893982808025,-0.6799514815456593,-0.8174322732626619,0.38812260536398463,0.7284823284823285,-0.8048780487804879,0.13381057268722465,0.8106975597732314,0.44727272727272727,-0.7979284737150675,0.8348623853211009,-0.5346138455382153,0.30707070707070705,0.8694573308879059,0.40838126540673786,2.776
0.16716716716716717,0.13372781065088757,0.0,0.7616349656009712,0.06367924528301887,0.5578709515440623,0.24641833810888253,-0.7740426269277421,-0.6599921476246564,0.6973180076628354,-0.01995841995841996,-0.2947154471544715,0.5286343612334802,0.5841754991372935,0.037575757575757575,-0.6169630642954856,0.8137614678899082,-0.7783113245298119,-0.00404040404040404,0.884992987377279,0.4798685291700903,3.335
0.16816816816816818,0.4911242603550296,0.0,0.6815054633751517,0.18160377358490568,0.7516947024855637,-0.0673352435530086,-0.6705943510656732,-0.6835492736552807,0.3911877394636015,0.5970893970893971,-0.23170731707317074,0.02643171806167401,0.7729849642593049,0.2872727272727273,-0.7072503419972641,0.7513761467889907,-0.510204081632653,0.21515151515151515,0.8860718524112633,0.3015612161051766,2.366
0.16916916916916916,0.5680473372781065,0.0,0.6843383245649535,0.04245283018867924,0.7125282450414261,-0.14183381088825217,-0.6768324380523306,-0.822928936003141,0.46053639846743294,0.6062370062370063,-0.6626016260162602,0.30726872246696035,0.7485826965738229,0.29939393939393943,-0.7090091850693766,0.868348623853211,-0.6186474589835934,0.38282828282828285,0.786708382781314,0.5636811832374692,2.999
0.17017017017017017,0.6059171597633136,0.0,0.7126669364629704,0.7995283018867926,0.7652523223700728,0.06590257879656161,-0.7735227863455207,-0.7777777777777778,0.3620689655172414,0.562993762993763,-0.6544715447154472,0.08920704845814978,0.7382302193739215,0.40121212121212124,-0.6970881375806137,0.8564220183486237,-0.573829531812725,0.34141414141414145,0.8554320854461107,0.4042728019720624,2.348
0.17117117117117117,0.35029585798816565,0.0,0.6280857952246054,0.125,0.6921918152146623,0.10171919770773638,-0.6496274475827413,-0.6050255202198664,0.8122605363984675,0.050311850311850315,0.27439024390243905,0.5330396475770924,0.721715553364555,0.2690909090909091,-0.7119405901895641,0.7908256880733944,-0.8019207683073228,0.22121212121212122,0.8697809903981011,0.590797041906327,3.776
0.17217217217217218,0.7739644970414201,0.0,0.4921084581141238,0.2099056603773585,0.5915139342204369,-0.2177650429799427,-0.5068445676659158,-0.6144483706321161,0.4329501915708812,0.49106029106029114,-0.5304878048780488,0.09691629955947136,0.5972393394133596,0.3272727272727273,-0.5907758452218097,0.8435779816513761,-0.5426170468187275,0.4292929292929293,0.8365519473513863,0.6244864420706655,2.795
0.17317317317317318,0.32899408284023673,0.0,0.49048968029137996,-0.46698113207547176,0.7961335676625658,-0.8209169054441261,-0.48085253855484317,-0.9214762465645857,0.4827586206896552,0.7629937629937631,-0.7276422764227642,0.5550660792951542,0.7335469558787281,0.5866666666666667,-0.7944107875708424,0.7724770642201834,-0.5982392957182874,0.5333333333333333,0.8569424964936886,0.828266228430567,2.706
0.17417417417417416,0.17041420118343195,0.0,0.5362201537838931,0.14386792452830188,0.800150640220939,-0.501432664756447,-0.4967943164096344,-0.7765999214762465,0.610727969348659,0.7135135135135136,-0.06300813008130081,0.3078193832599119,0.7369977816120286,0.6181818181818183,-0.7721321086574164,0.8697247706422018,-0.5786314525810323,0.47171717171717176,0.8792750026971626,0.6967953985209531,3.224
0.17517517517517517,0.7479289940828403,0.0,0.6212059894779441,-0.04245283018867924,0.7057494350991714,-0.14613180515759314,-0.5955640270317103,-0.6984687868080094,0.3839080459770115,0.41122661122661125,-0.16463414634146342,-0.05781938325991189,0.754744885383288,0.29939393939393943,-0.7525894078561657,0.7532110091743118,-0.5726290516206483,0.2747474747474748,0.7668572661560038,0.3919474116680361,2.604
0.17617617617617617,0.47692307692307695,0.0,0.744637798462161,0.0330188679245283,0.7657544564398694,0.030085959885386822,-0.8057529024432508,-0.8154691794267765,0.6264367816091955,0.162993762993763,-0.34756097560975613,0.5484581497797356,0.732314518116835,0.1878787878787879,-0.7391049443033028,0.9422018348623852,-0.8003201280512204,0.22323232323232323,0.8419462725213076,0.43467543138866066,3.617
0.17717717717717718,0.4686390532544379,0.0,0.65965196276811,-0.054245283018867926,0.7665076575445644,-0.20200573065902577,-0.7840928781840236,-0.7530427954456222,0.6145593869731801,0.33970893970893973,-0.2947154471544715,0.46861233480176206,0.782844466354449,0.28242424242424247,-0.7793629079538792,0.7779816513761467,-0.7318927571028411,0.17171717171717174,0.7957708490667817,0.4009860312243221,3.499
0.1781781781781782,0.5112426035502958,0.0,0.6531768514771348,0.3207547169811321,0.9811699723826262,-0.18194842406876793,-0.6799514815456593,-0.9238319591676483,0.5329501915708813,0.5185031185031186,-0.6117886178861789,0.5479074889867841,0.9896475228000984,0.22424242424242424,-0.9669728356458863,0.8082568807339449,-0.6338535414165666,0.42626262626262623,0.8783040241665767,0.34921939194741164,2.778
0.17917917917917917,0.6165680473372781,0.0,0.6535815459328207,0.049528301886792456,0.7233241275420537,0.022922636103151865,-0.6920810951308266,-0.7161366313309776,0.44712643678160924,0.2760914760914761,-0.44715447154471544,0.42676211453744495,0.769780626078383,0.3866666666666667,-0.7404729333593904,0.7298165137614678,-0.7202881152460984,0.35858585858585856,0.8845614413636854,0.4741166803615447,2.401
0.18018018018018017,0.4923076923076923,0.0,0.4382840955078915,0.3018867924528302,0.7348732111473764,-0.25644699140401145,-0.6002425922717034,-0.6682371417353749,0.4137931034482759,0.6286902286902287,-0.2459349593495935,-0.057268722466960346,0.722947991126448,0.36484848484848487,-0.7402775063513777,0.8536697247706422,-0.517406962785114,0.48282828282828283,0.8669759413097421,0.3861955628594905,2.523
0.18118118118118118,0.07218934911242604,0.0,0.6017806556050183,-0.12971698113207547,0.7752950037660056,-0.5128939828080229,-0.6484144862242246,-0.7813113466823713,0.5724137931034483,0.4756756756756757,-0.1565040650406504,0.41905286343612336,0.7877742174020211,0.28242424242424247,-0.8153214774281805,0.8266055045871559,-0.7262905162064826,0.19090909090909092,0.8875822634588413,0.4938373048479868,3.221
0.18218218218218218,0.3656804733727811,0.0,0.5734520437070012,0.3443396226415094,0.7215666582977656,-0.22206303724928367,-0.5796222491769191,-0.6219081272084805,0.5459770114942529,0.358004158004158,-0.39227642276422764,0.31938325991189426,0.6864678333744145,0.33212121212121215,-0.6755911666992378,0.8619266055045871,-0.6242496998799519,0.47474747474747475,0.8052648613658432,0.5875102711585867,3.138
0.1831831831831832,0.6568047337278107,0.0,0.7017401861594496,0.007075471698113208,0.7019834295756966,0.22492836676217767,-0.6854964477560215,-0.7396937573616018,0.4268199233716476,0.46860706860706863,-0.3048780487804878,0.10077092511013215,0.7369977816120286,0.1709090909090909,-0.7437951924956029,0.7591743119266054,-0.5330132052821128,-0.03232323232323232,0.7456036249865141,0.3985209531635168,2.461
0.1841841841841842,0.22366863905325446,0.0,0.7215702144880615,0.05660377358490566,0.7795631433592769,-0.005730659025787966,-0.7047305492982152,-0.6478209658421672,0.6448275862068966,0.2440748440748441,0.11178861788617886,0.42566079295154186,0.7988661572590584,0.38303030303030305,-0.7478991596638656,0.8298165137614678,-0.7294917967186875,0.2404040404040404,0.8488510087388068,0.5686113393590796,3.481
0.18518518518518517,0.5550295857988166,0.0,0.5653581545932821,-0.04716981132075472,0.8671855385387899,-0.36819484240687683,-0.5612545486050944,-0.7785630153121319,0.5187739463601533,0.5513513513513514,-0.1910569105691057,0.3138766519823788,0.8331279270396844,0.38787878787878793,-0.8420949775258941,0.8422018348623853,-0.4921968787515006,0.40202020202020206,0.7990074441687345,0.4428923582580115,3.052
0.18618618618618618,0.7029585798816568,0.0,0.6584378794010521,0.27122641509433965,0.7205623901581723,0.17335243553008597,-0.648934326806446,-0.5901060070671378,0.5432950191570881,0.3920997920997921,0.33739837398373984,0.14041850220264318,0.7207296031550405,0.5054545454545455,-0.7322649990228649,0.8197247706422017,-0.5894357743097239,0.25353535353535356,0.8222030423993959,0.5538208709942481,3.235
0.1871871871871872,0.2153846153846154,0.0,0.6491299069202752,-0.1839622641509434,0.752698970625157,0.35816618911174786,-0.6212094957546352,-0.6533176285826462,0.6260536398467433,0.18960498960498962,0.014227642276422765,0.4609030837004405,0.7424205077643579,0.27636363636363637,-0.7561070940003909,0.765137614678899,-0.6614645858343338,0.17373737373737372,0.8897399935268098,0.45110928512736237,3.507
0.1881881881881882,0.15384615384615385,0.0,0.6669364629704573,-0.054245283018867926,0.7090133065528496,-0.3022922636103152,-0.7338416219026166,-0.8142913231252453,0.49693486590038316,0.6773388773388774,-0.32926829268292684,0.16740088105726872,0.657382302193739,0.04848484848484849,-0.6875122141880008,0.7532110091743118,-0.5614245698279312,0.2515151515151515,0.812601143596936,0.38373048479868527,2.798
0.1891891891891892,0.3952662721893491,0.0,0.5155807365439093,0.14150943396226415,0.8184785337685161,-0.15472779369627507,-0.5938312250909721,-0.7447978013349038,0.4455938697318008,0.5783783783783785,-0.03861788617886179,0.014317180616740087,0.8114370224303672,0.17696969696969697,-0.7955833496189173,0.8344036697247705,-0.5130052020808323,0.35656565656565653,0.831157622181465,0.3853738701725554,2.824
0.19019019019019018,0.27100591715976335,0.0,0.38203156616754347,-0.19339622641509435,0.6608084358523726,-0.6045845272206304,-0.31900883728989776,-0.7722811150372988,0.4049808429118774,0.8744282744282745,-0.27439024390243905,0.16574889867841408,0.6398816859748583,0.7927272727272728,-0.641782294313074,0.8674311926605504,-0.4969987995198079,0.8252525252525252,0.7830402416657676,0.629416598192276,2.918
0.19119119119119118,0.5562130177514792,0.0,0.36179684338324564,0.13679245283018868,0.8435852372583479,-0.4828080229226362,-0.40911453820828286,-0.6953278366705927,0.4689655172413793,0.6993762993762994,-0.046747967479674794,-0.011013215859030838,0.857037219620409,0.5818181818181818,-0.835450459253469,0.9711009174311925,-0.5866346538615446,0.8,0.8609342971194304,0.5850451930977814,3.217
0.1921921921921922,0.46390532544378704,0.0,0.8713071630918656,-0.29245283018867924,0.709264373587748,0.025787965616045846,-0.9447236180904522,-0.7534354142127994,0.69272030651341,0.256964656964657,-0.233739837398374,0.3948237885462555,0.6817845698792211,0.30303030303030304,-0.6910299003322259,0.7362385321100917,-0.7390956382553021,-0.03838383838383838,0.8233897939367785,0.40345110928512734,3.582
0.1931931931931932,0.13727810650887576,0.0,0.7648725212464589,-0.1556603773584906,0.7296008034145117,0.31232091690544417,-0.7664182983884942,-0.607773851590106,0.8218390804597702,-0.0997920997920998,0.13008130081300814,0.5622246696035241,0.722947991126448,0.2884848484848485,-0.7308970099667774,0.8298165137614678,-0.896358543417367,0.22121212121212122,0.8625525946704067,0.6877567789646671,3.917
0.1941941941941942,0.14437869822485208,0.0,0.5252934034803723,0.058962264150943404,0.7660055234747678,-0.2593123209169054,-0.6135851672153873,-0.6427169218688653,0.5938697318007663,0.31642411642411644,0.30691056910569103,0.43502202643171806,0.7438994330786294,0.2775757575757576,-0.73109243697479,0.7894495412844037,-0.7038815526210483,0.2919191919191919,0.8175639227532636,0.4921939194741166,3.413
0.19519519519519518,0.2603550295857988,0.0,0.7041683528935654,-0.049528301886792456,0.7619884509163947,0.5573065902578798,-0.6669554669901231,-0.6713780918727915,0.8065134099616859,-0.19750519750519752,-0.05691056910569106,0.6998898678414096,0.7130884890313038,0.08484848484848487,-0.7269884698065273,0.8096330275229356,-0.8371348539415766,0.20303030303030303,0.8712914014456792,0.8184059161873459,3.793
0.1961961961961962,0.647337278106509,0.0,0.39457709429380816,-0.02830188679245283,0.6977152899824253,-0.3538681948424069,-0.30133425749436843,-0.6780526109148017,0.4103448275862069,0.6436590436590437,-0.04065040650406504,0.20980176211453744,0.7113630761646537,0.6278787878787879,-0.6755911666992378,0.7412844036697248,-0.49419767907162865,0.7424242424242424,0.832668033229043,0.8520953163516843,2.655
0.1971971971971972,0.3763313609467456,0.0,0.8450020234722785,0.1839622641509434,0.6736128546321868,0.5300859598853869,-0.8920464390920118,-0.6544954848841774,0.742911877394636,-0.04490644490644491,-0.09146341463414634,0.5473568281938326,0.7246734039930983,0.28,-0.6943521594684385,0.7678899082568806,-0.8607442977190876,-0.007070707070707071,0.831157622181465,0.41988496302382905,3.53
0.1981981981981982,0.4165680473372781,0.0,0.5572642654795629,0.419811320754717,0.7285965352749184,-0.11318051575931233,-0.661237220585687,-0.7459756576364349,0.596551724137931,0.43991683991684,-0.16666666666666669,0.3937224669603524,0.7448853832881438,0.343030303030303,-0.7459448895837405,0.8536697247706422,-0.6642657062825129,0.5252525252525253,0.8713992879490775,0.45932621199671325,3.22
0.1991991991991992,0.5727810650887574,0.0,0.7604208822339134,0.4410377358490566,0.7135325131810193,0.19197707736389688,-0.7546352451914747,-0.652139772281115,0.3693486590038314,0.4436590436590437,-0.4146341463414634,-0.028634361233480173,0.8028099580971161,0.16242424242424244,-0.7531756888802033,0.8325688073394495,-0.5378151260504201,0.10303030303030303,0.8802459812277484,0.4116680361544782,2.53
0.2002002002002002,0.370414201183432,0.0,0.6487252124645893,0.049528301886792456,0.8498619131308058,-0.20200573065902577,-0.6931207762952695,-0.7923046721633292,0.4260536398467433,0.474012474012474,-0.4532520325203252,0.3078193832599119,0.8784816366773477,0.2096969696969697,-0.8538205980066444,0.8316513761467889,-0.5670268107242897,0.2474747474747475,0.7844427662099471,0.41988496302382905,2.817
0.2012012012012012,0.660355029585799,0.0,0.7701335491703764,0.09669811320754718,0.859402460456942,-0.07593123209169055,-0.811124588459539,-0.7974087161366313,0.506896551724138,0.24282744282744284,-0.5284552845528455,0.3777533039647577,0.9129898940103525,-0.09333333333333334,-0.8635919484072698,0.7986238532110091,-0.7563025210084033,0.27171717171717175,0.8951343186967311,0.495480690221857,2.808
0.2022022022022022,0.7431952662721893,0.0,0.6382031566167543,0.2240566037735849,0.8802410243535023,-0.05300859598853868,-0.6446023219546007,-0.7856301531213191,0.5329501915708813,0.5064449064449065,-0.22154471544715448,0.12334801762114538,0.8370717278777421,0.5224242424242425,-0.8391635724057064,0.8431192660550458,-0.5994397759103641,0.502020202020202,0.8615816161398209,0.45357436318816763,2.972
0.2032032032032032,0.6994082840236686,0.0,0.7604208822339134,0.7877358490566039,0.7762992719055988,-0.044412607449856735,-0.7461445156818576,-0.7506870828425598,0.31302681992337167,0.664864864864865,-0.12195121951219512,-0.17345814977973567,0.7209760907074192,0.18181818181818182,-0.7054914989251514,0.6844036697247706,-0.399359743897559,0.00404040404040404,0.8461538461538461,0.4124897288414133,1.959
0.2042042042042042,0.3431952662721893,0.0,0.5163901254552813,0.0778301886792453,0.7913632939994979,-0.38538681948424075,-0.6458152833131173,-0.81232822928936,0.4693486590038315,0.7027027027027027,-0.5873983739837398,0.2433920704845815,0.7680552132117328,0.5684848484848485,-0.7598202071526284,0.9055045871559633,-0.6122448979591837,0.6070707070707071,0.8232819074333801,0.5398520953163517,2.961
0.20520520520520522,0.6130177514792899,0.0,0.6815054633751517,0.6556603773584907,0.6324378609088627,0.03868194842406877,-0.6742332351412234,-0.6042402826855123,0.5659003831417625,0.21081081081081082,0.21747967479674796,0.09801762114537445,0.7000246487552377,-0.03878787878787879,-0.6611295681063123,0.6279816513761467,-0.6078431372549019,0.2595959595959596,0.8813248462617327,0.48397699260476573,2.562
0.2062062062062062,0.4745562130177515,0.0,0.6932416025900445,-0.007075471698113208,0.8551343208636706,-0.2679083094555874,-0.709582394732282,-0.7883784844915587,0.6168582375478928,0.45155925155925164,-0.43902439024390244,0.47466960352422904,0.8175992112398324,0.19636363636363638,-0.8334961891733437,0.6857798165137615,-0.6666666666666666,-0.08787878787878788,0.8104434135289674,0.45110928512736237,3.094
0.2072072072072072,0.42958579881656805,0.0,0.518818292189397,-0.18867924528301888,0.8079337183027868,-0.3624641833810889,-0.5739040027724831,-0.7844522968197879,0.5586206896551724,0.6669438669438671,-0.3638211382113821,0.20980176211453744,0.8701010598964751,0.5442424242424243,-0.8577291381668947,0.8344036697247705,-0.595438175270108,0.5343434343434343,0.8309418491746682,0.27280197206244866,3.123
0.2082082082082082,0.7337278106508875,0.0,0.6932416025900445,-0.12971698113207547,0.827768014059754,0.2507163323782235,-0.6669554669901231,-0.6431095406360423,0.5402298850574713,0.1866943866943867,0.0040650406504065045,0.2566079295154185,0.86393887108701,0.2096969696969697,-0.8102403752198554,0.8880733944954128,-0.6090436174469788,0.10202020202020202,0.8698888769014996,0.5406737880032868,3.508
0.2092092092092092,0.11124260355029586,0.0,0.5977337110481586,-0.294811320754717,0.6756213909113733,-0.03868194842406877,-0.7192860856004158,-0.6980761680408323,0.7360153256704981,0.19209979209979214,-0.04065040650406504,0.5594713656387665,0.6684742420507764,0.4484848484848485,-0.6957201485245261,0.8183486238532109,-0.9011604641856742,0.37676767676767675,0.884453554860287,0.5603944124897289,3.716
0.21021021021021022,0.33727810650887574,0.0,0.7555645487656819,-0.125,0.7921164951041928,-0.18338108882521492,-0.8275862068965517,-0.7687475461327051,0.7076628352490422,0.09812889812889813,-0.43089430894308944,0.6404185022026432,0.6514666009366525,0.08121212121212122,-0.7348055501270275,0.8146788990825687,-0.8607442977190876,-0.10606060606060606,0.8284604595965045,0.5587510271158587,3.531
0.21121121121121122,0.31005917159763313,0.0,0.6228247673006879,-0.19339622641509435,0.7484308310318855,0.08882521489971347,-0.6508404089412579,-0.6160188457008244,0.575095785440613,0.14137214137214138,-0.4329268292682927,0.43447136563876654,0.7251663790978555,0.5163636363636364,-0.7240570646863397,0.7954128440366972,-0.7450980392156863,0.3747474747474748,0.8371992663717769,0.5636811832374692,3.182
0.2122122122122122,0.44023668639053254,0.0,0.678267907729664,-0.33018867924528306,0.7007280944012051,-0.11604584527220632,-0.6498007277768151,-0.7047506870828425,0.5681992337164752,0.3392931392931393,-0.16869918699186992,0.43337004405286345,0.5555829430613753,0.1478787878787879,-0.6243892905999608,0.7922018348623853,-0.6398559423769508,-0.028282828282828285,0.8250080914877549,0.5669679539852095,3.282
0.2132132132132132,0.38698224852071006,0.0,0.602994738972076,0.1957547169811321,0.6645744413758473,0.06160458452722063,-0.6513602495234795,-0.6391833529642716,0.4268199233716476,0.26694386694386696,-0.17479674796747965,0.05561674008810573,0.6726645304412127,0.2096969696969697,-0.6474496775454368,0.8380733944954127,-0.6122448979591837,0.5070707070707071,0.833423238752832,0.49137222678718157,2.934
0.21421421421421422,0.7242603550295859,0.0,0.8118170781060299,0.040094339622641514,0.8463469746422294,0.12750716332378223,-0.7314156991855831,-0.7365528072241853,0.596551724137931,0.2303534303534304,-0.22560975609756098,0.4443832599118943,0.8994330786295291,0.20363636363636367,-0.8721907367598202,0.7564220183486238,-0.7390956382553021,-0.06060606060606061,0.8921134966015751,0.533278553820871,3.002
0.21521521521521522,0.3479289940828402,0.0,0.8029138000809388,0.07311320754716981,0.8187296008034145,-0.10028653295128942,-0.7915439265291977,-0.7934825284648606,0.37126436781609196,0.5613305613305614,-0.4898373983739837,0.16629955947136563,0.8025634705447373,0.34424242424242424,-0.8073089700996678,0.7871559633027522,-0.6086434573829531,0.196969696969697,0.8668680548063438,0.2974527526705012,2.582
0.21621621621621623,0.2603550295857988,0.0,0.8271954674220963,0.0778301886792453,0.739392417775546,-0.13180515759312322,-0.8636284872639057,-0.7357675696898311,0.7505747126436783,0.1151767151767152,0.11991869918699187,0.5748898678414097,0.7254128666502341,0.18424242424242424,-0.7258159077584522,0.794954128440367,-0.825530212084834,0.1,0.8851008738806776,0.5341002465078061,3.746
0.2172172172172172,0.5905325443786983,0.0,0.6560097126669364,-0.0919811320754717,0.836555360281195,-0.12034383954154729,-0.7416392306359384,-0.8500196309383589,0.457088122605364,0.8012474012474013,0.0020325203252032522,-0.04240088105726872,0.8464382548681291,0.2593939393939394,-0.842876685557944,0.8981651376146789,-0.47779111644657857,0.501010101010101,0.8726939259898587,0.3179950698438784,3.216
0.2182182182182182,0.40946745562130177,0.0,0.6021853500607042,-0.12028301886792453,0.8378106954556866,-0.35816618911174786,-0.6621036215560562,-0.7840596780526109,0.5662835249042146,0.3941787941787942,-0.1910569105691057,0.4559471365638766,0.8055213211732806,0.26545454545454544,-0.8237248387727184,0.8302752293577982,-0.640656262505002,0.3515151515151515,0.8119538245765454,0.41577649958915364,3.251
0.21921921921921922,0.13846153846153847,0.0,0.6770538243626062,0.11084905660377359,0.7860908862666331,-0.4584527220630373,-0.6692081095130826,-0.7989791912053397,0.5095785440613028,0.7006237006237007,0.024390243902439025,0.16024229074889867,0.7424205077643579,0.2363636363636364,-0.773500097713504,0.8522935779816514,-0.6102440976390555,0.42424242424242425,0.887798036465638,0.49055053410024646,3.014
0.22022022022022023,0.3230769230769231,0.0,0.6252529340348036,-0.15330188679245285,0.83730856138589,-0.03581661891117479,-0.6376711141916479,-0.7840596780526109,0.5406130268199234,0.4544698544698545,-0.5223577235772358,0.5715859030837004,0.8417549913729356,0.6448484848484849,-0.8317373461012313,0.7697247706422018,-0.6458583433373349,0.4545454545454546,0.881648505771928,0.43303204601479045,2.991
0.22122122122122123,0.5325443786982249,0.0,0.6811007689194658,-0.5165094339622641,0.8260105448154658,0.05300859598853868,-0.7236180904522613,-0.7860227718884961,0.6559386973180077,0.25363825363825365,-0.4227642276422764,0.5787444933920705,0.86393887108701,0.5236363636363637,-0.8184483095563806,0.8215596330275229,-0.727891156462585,0.4414141414141414,0.8725860394864602,0.514379622021364,3.652
0.2222222222222222,0.8923076923076924,0.0,0.7017401861594496,-0.1391509433962264,0.8061762490584986,0.2507163323782235,-0.7211921677352279,-0.7247742442088732,0.39195402298850573,0.3912681912681913,-0.2378048780487805,0.08755506607929515,0.8373182154301206,0.34060606060606063,-0.8317373461012313,0.8123853211009173,-0.6102440976390555,0.1292929292929293,0.8093645484949833,0.40180772391125713,2.86
0.22322322322322322,0.25680473372781065,0.0,0.45690004046944555,0.1509433962264151,0.6665829776550338,-0.32664756446991405,-0.4683763645815283,-0.7502944640753828,0.5720306513409963,0.26694386694386696,-0.5020325203252033,0.5104625550660793,0.7678087256593542,0.21454545454545454,-0.721125659566152,0.7844036697247706,-0.6690676270508202,0.5494949494949496,0.853490128384939,0.5456039441248973,3.121
0.22422422422422422,0.3467455621301775,0.0,0.6580331849453662,-0.12971698113207547,0.8935475772031133,0.21346704871060174,-0.648934326806446,-0.7459756576364349,0.5777777777777778,0.31392931392931395,-0.4085365853658537,0.3491189427312775,0.8681291594774463,0.2981818181818182,-0.8565565761188196,0.8587155963302752,-0.6530612244897959,0.36666666666666664,0.8810011867515374,0.47165160230073944,3.175
0.22522522522522523,0.5940828402366864,0.0,0.509915014164306,0.23113207547169812,0.7373838814963595,-0.23065902578796563,-0.4801594177785479,-0.7051433058500196,0.43793103448275866,0.4656964656964658,-0.42073170731707316,0.17731277533039647,0.7678087256593542,0.2836363636363637,-0.7346101231190151,0.8614678899082567,-0.5566226490596238,0.48686868686868684,0.8661128492825548,0.6417419884963024,2.78
0.22622622622622623,0.2781065088757396,0.0,0.7369486038041279,-0.1627358490566038,0.7860908862666331,-0.05587392550143267,-0.7284699358863281,-0.7141735374950922,0.5720306513409963,0.11975051975051976,-0.1991869918699187,0.46035242290748896,0.7835839290115848,0.0787878787878788,-0.746140316591753,0.7802752293577981,-0.7306922769107643,0.13636363636363638,0.8217714963858022,0.39112571898110104,3.149
0.22722722722722724,0.7928994082840237,0.0,0.5269121813031161,-0.20283018867924527,0.8523725834797891,-0.04011461318051576,-0.5752902443250736,-0.6937573616018845,0.5436781609195402,0.3871101871101872,-0.16463414634146342,0.31662995594713655,0.845205817106236,0.6739393939393941,-0.8512800469024819,0.8133027522935778,-0.6510604241696678,0.6222222222222222,0.8615816161398209,0.6433853738701726,3.074
0.22822822822822822,0.4414201183431953,0.0,0.4204775394577094,-0.09433962264150944,0.752698970625157,-0.3022922636103152,-0.5125628140703518,-0.7027875932469572,0.47969348659003835,0.5422037422037422,-0.32926829268292684,0.2758810572687225,0.687453783583929,0.4654545454545455,-0.7269884698065273,0.844954128440367,-0.5050020008003201,0.5595959595959596,0.831157622181465,0.637633525061627,3.051
0.22922922922922923,0.5514792899408284,0.0,0.5908539053014973,0.3608490566037736,0.8438363042932463,-0.35673352435530087,-0.5652399930687922,-0.8523753435414212,0.4509578544061303,0.6997920997920999,-0.6991869918699186,0.34306167400881055,0.8681291594774463,0.35515151515151516,-0.8352550322454563,0.8261467889908256,-0.5618247298919568,0.3343434343434344,0.8647103247383753,0.43221035332785535,2.419
0.23023023023023023,0.5195266272189349,0.0,0.7414002428166734,0.0330188679245283,0.8491087120261109,-0.17048710601719197,-0.7632992548951656,-0.8292108362779741,0.613793103448276,0.21372141372141373,-0.3150406504065041,0.5798458149779735,0.8198175992112398,0.1187878787878788,-0.8256791088528433,0.8555045871559632,-0.7707082833133253,0.15656565656565657,0.8579134750242744,0.4050944946589975,3.117
0.23123123123123124,0.6189349112426036,0.0,0.5799271549979765,-0.6981132075471698,0.7554607080090384,-0.6203438395415473,-0.6801247617397331,-0.8021201413427562,0.6455938697318008,0.5991683991683993,-0.23577235772357724,0.4966960352422907,0.7636184372689178,0.6593939393939395,-0.7865937072503421,0.8380733944954127,-0.7795118047218887,0.5090909090909091,0.8480958032150178,0.4798685291700903,3.62
0.23223223223223224,0.6733727810650887,0.0,0.6386078510724403,0.13679245283018868,0.879989957318604,-0.19914040114613182,-0.697452781147115,-0.8292108362779741,0.7053639846743295,0.44282744282744285,0.06300813008130081,0.3133259911894273,0.8824254375154054,0.21696969696969698,-0.8766855579441079,0.8087155963302751,-0.6246498599439776,0.2272727272727273,0.8945948861797389,0.42481511914543957,3.515
0.23323323323323322,0.43431952662721895,0.0,0.7907729664103601,-0.23113207547169812,0.8822495606326889,-0.17908309455587393,-0.8544446369779934,-0.7950530035335688,0.6126436781609196,0.18544698544698546,-0.19308943089430894,0.6106828193832599,0.8728124229726398,-0.04121212121212122,-0.8747312878639828,0.8064220183486238,-0.7919167667066827,-0.05353535353535353,0.8961052972273168,0.6737880032867707,3.211
0.23423423423423423,0.3384615384615384,0.0,0.9008498583569404,0.07547169811320754,0.7961335676625658,0.10601719197707736,-0.9937619130133426,-0.7765999214762465,0.47662835249042146,0.16465696465696467,-0.31910569105691056,0.17951541850220265,0.8005915701257086,-0.17575757575757575,-0.7822943130740668,0.8233944954128439,-0.6914765906362544,-0.1272727272727273,0.8319128277052541,0.4264585045193098,2.903
0.23523523523523523,0.35976331360946745,0.0,0.5949008498583569,-0.3608490566037736,0.7341200100426813,-0.3724928366762178,-0.6097730029457633,-0.8001570475068707,0.6846743295019158,0.3130977130977131,-0.3800813008130081,0.7912995594713657,0.7128420014789252,0.28121212121212125,-0.761969904240766,0.7403669724770642,-0.7322929171668667,0.47777777777777775,0.8709677419354839,0.7378800328677074,3.435
0.23623623623623624,0.634319526627219,0.0,0.6827195467422096,-0.2806603773584906,0.7175495857393924,-0.01862464183381089,-0.6742332351412234,-0.7711032587357675,0.5478927203065134,0.3043659043659044,-0.6890243902439025,0.3634361233480176,0.7273847670692629,0.21696969696969698,-0.7412546413914404,0.8435779816513761,-0.7210884353741497,0.3606060606060606,0.8239292264537705,0.4363188167625308,3.196
0.23723723723723725,0.26745562130177514,0.0,0.4504249291784702,0.05660377358490566,0.7634948531257846,-0.5272206303724929,-0.4479293016808179,-0.7330192383195916,0.6007662835249042,0.6548856548856549,-0.08536585365853659,0.4856828193832599,0.777914715306877,0.6751515151515153,-0.7647058823529411,0.8674311926605504,-0.6166466586634654,0.692929292929293,0.8801380947243499,0.8307313064913721,3.302
0.23823823823823823,0.2958579881656805,0.0,0.783083771752327,0.01179245283018868,0.7444137584735123,0.20343839541547276,-0.8159764338936059,-0.6018845700824499,0.6647509578544062,0.018711018711018712,0.15853658536585366,0.3122246696035242,0.7727384767069262,-0.08848484848484849,-0.7389095172952902,0.8091743119266055,-0.7755102040816326,0.06767676767676768,0.8388175639227533,0.6277732128184059,3.516
0.23923923923923923,0.4485207100591716,0.0,0.593686766491299,-0.014150943396226415,0.8533768516193824,-0.03868194842406877,-0.6130653266331658,-0.8700431880643895,0.3203065134099617,0.5604989604989605,-0.9390243902439025,0.3078193832599119,0.8311560266206556,0.5745454545454546,-0.8336916161813562,0.8715596330275228,-0.579031612645058,0.3787878787878788,0.8572661560038839,0.48397699260476573,2.539
0.24024024024024024,0.2532544378698225,0.0,0.7256171590449211,-0.14858490566037735,0.6994727592267135,0.034383954154727794,-0.857736960665396,-0.7526501766784452,0.5275862068965518,0.30353430353430355,-0.22154471544715448,0.1960352422907489,0.711116588612275,-0.07272727272727272,-0.7267930427985148,0.7633027522935779,-0.7250900360144058,0.029292929292929294,0.8897399935268098,0.29498767460969594,2.884
0.24124124124124124,0.3254437869822486,0.0,0.6394172399838123,-0.38207547169811323,0.8026613105699222,0.12893982808022922,-0.6125454860509444,-0.7389085198272477,0.4869731800766283,0.44158004158004166,-0.2540650406504065,0.2813876651982379,0.7993591323638155,0.30303030303030304,-0.8125854993160055,0.8032110091743118,-0.5858343337334934,0.32222222222222224,0.8081777969576005,0.48397699260476573,3.102
0.24224224224224225,0.13254437869822486,0.0,0.5884257385673816,-0.16745283018867924,0.7273412001004268,-0.03581661891117479,-0.6442557615664529,-0.596780526109148,0.6153256704980844,0.2968814968814969,0.14430894308943087,0.3265418502202643,0.6692137047079122,0.2642424242424243,-0.6970881375806137,0.8926605504587155,-0.6606642657062824,0.45353535353535357,0.8123853705901392,0.5628594905505341,3.538
0.24324324324324326,0.6295857988165681,0.0,0.6806960744637798,0.12971698113207547,0.7624905849861913,0.12320916905444126,-0.6475480852538555,-0.6733411857086768,0.43409961685823756,0.4964656964656965,0.08130081300813008,-0.023678414096916296,0.7833374414592063,0.1890909090909091,-0.7222982216142271,0.8032110091743118,-0.5470188075230091,0.1494949494949495,0.8926529291185672,0.35004108463434674,2.976
0.24424424424424424,0.29467455621301775,0.0,0.707001214083367,0.16745283018867924,0.7978910369068541,0.1346704871060172,-0.7163403223011611,-0.7436199450333725,0.5187739463601533,0.49604989604989613,-0.4004065040650407,0.24284140969162996,0.772245501602169,0.36363636363636365,-0.7865937072503421,0.7958715596330275,-0.5622248899559824,0.26565656565656565,0.820476858345021,0.419063270336894,2.91
0.24524524524524524,0.37514792899408284,0.0,0.5811412383650344,-0.17452830188679244,0.786844087371328,-0.12320916905444126,-0.6666089066019754,-0.6627404789948959,0.6509578544061303,0.36091476091476093,-0.06300813008130081,0.43337004405286345,0.7983731821543011,0.40121212121212124,-0.7809263240179792,0.8036697247706421,-0.6602641056422568,0.3383838383838384,0.8515481713237674,0.6318816762530813,3.35
0.24624624624624625,0.25917159763313613,0.0,0.5548360987454471,0.08962264150943396,0.7926186291739894,-0.5530085959885387,-0.5352625194940218,-0.8146839418924224,0.3448275862068966,0.5492723492723492,-0.44715447154471544,0.09140969162995595,0.7853093418782351,0.06909090909090909,-0.8034004299394176,0.765137614678899,-0.5930372148859544,0.35353535353535354,0.8617973891466177,0.5776499589153656,2.441
0.24724724724724725,0.40946745562130177,0.0,0.7867260218535006,0.410377358490566,0.7371328144614612,0.5315186246418339,-0.8674406515335298,-0.6753042795445622,0.6057471264367816,0.007484407484407485,0.20934959349593496,0.20099118942731276,0.7830909539068276,0.1490909090909091,-0.7625561852648036,0.8591743119266054,-0.7795118047218887,0.04242424242424243,0.8561872909698997,0.37551355792933444,3.17
0.24824824824824826,0.557396449704142,0.0,0.41804937272359366,0.44339622641509435,0.6776299271905598,-0.7320916905444127,-0.41119390053716864,-0.7373380447585394,0.4291187739463602,0.7417879417879418,-0.3353658536585366,0.21475770925110133,0.7278777421740201,0.49575757575757573,-0.7222982216142271,0.6825688073394495,-0.5242096838735494,0.45353535353535357,0.8422699320315029,0.4930156121610517,2.211
0.24924924924924924,0.49940828402366866,0.0,0.5993524888709025,0.049528301886792456,0.6693447150389153,-0.16332378223495703,-0.5534569398717727,-0.6603847663918334,0.46206896551724136,0.46735966735966744,0.08536585365853659,0.0,0.6985457234409662,0.39272727272727276,-0.6986515536447138,0.815137614678899,-0.5438175270108043,0.3303030303030303,0.8361204013377926,0.36236647493837304,2.86
0.2502502502502503,0.4532544378698225,0.0,0.641845406717928,0.06367924528301887,0.7961335676625658,-0.27507163323782235,-0.6818575636804713,-0.7872006281900273,0.4521072796934866,0.5588357588357589,-0.33739837398373984,0.28964757709251104,0.7877742174020211,0.3163636363636364,-0.7684189955051788,0.7912844036697247,-0.6662665066026411,0.3111111111111111,0.8127090301003345,0.42810188989317993,2.887
0.25125125125125125,0.49940828402366866,0.0,0.8530959125859976,0.39622641509433965,0.7544564398694451,-0.008595988538681949,-0.918385028591232,-0.8182175107970161,0.48045977011494256,0.3708939708939709,-0.12804878048780488,-0.07599118942731278,0.7436529455262508,-0.10787878787878788,-0.7361735391831151,0.7775229357798165,-0.6466586634653861,0.05050505050505051,0.8327759197324415,0.24815119145439604,2.632
0.25225225225225223,0.10887573964497041,0.0,0.7138810198300283,-0.018867924528301886,0.7619884509163947,0.08309455587392552,-0.7804539941084734,-0.6619552414605417,0.8827586206896552,-0.158004158004158,0.12195121951219512,0.7912995594713657,0.6867143209267932,0.136969696969697,-0.7146765683017393,0.7889908256880733,-0.9947979191676671,0.1595959595959596,0.8950264321933326,0.7543138866064092,4.124
0.25325325325325326,0.2958579881656805,0.0,0.6689599352488871,-0.5731132075471698,0.7238262616118504,0.060171919770773644,-0.7494368393692601,-0.6234786022771889,0.6662835249042146,0.17130977130977132,-0.014227642276422765,0.4025330396475771,0.7153068770027113,0.5054545454545455,-0.6951338675004886,0.8555045871559632,-0.8055222088835533,0.5898989898989899,0.8472327111878304,0.46589975349219387,3.714
0.25425425425425424,0.41775147928994083,0.0,0.9235127478753541,-0.37735849056603776,0.7760482048707005,0.37679083094555876,-0.9301680817882517,-0.6431095406360423,0.6517241379310346,0.031185031185031187,0.06707317073170732,0.3942731277533039,0.7434064579738723,-0.24000000000000002,-0.7414500683994528,0.8137614678899082,-0.7715086034413765,-0.2545454545454546,0.8120617110799438,0.35825801150369757,3.766
0.2552552552552553,0.5834319526627219,0.0,0.5293403480372318,0.42452830188679247,0.7288476023098167,0.07306590257879657,-0.5311037948362503,-0.6650961915979583,0.6153256704980844,0.41372141372141374,0.014227642276422765,0.29129955947136565,0.7512940596499876,0.5951515151515152,-0.7289427398866524,0.9628440366972477,-0.6414565826330532,0.5565656565656566,0.8713992879490775,0.5538208709942481,3.487
0.25625625625625625,0.27928994082840236,0.0,0.5524079320113314,-0.18867924528301888,0.7268390660306302,-0.10744985673352436,-0.5794489689828453,-0.7051433058500196,0.8260536398467434,0.10686070686070687,0.18699186991869918,0.7428414096916299,0.7601676115356174,0.3115151515151515,-0.7905022474105922,0.815137614678899,-0.8355342136854742,0.5404040404040404,0.8524112633509547,0.6655710764174199,3.948
0.25725725725725723,0.0378698224852071,0.0,0.6746256576284905,-0.19811320754716982,0.7788099422545819,-0.09169054441260746,-0.6380176745797955,-0.7161366313309776,0.6080459770114943,0.256964656964657,0.10162601626016261,0.5837004405286343,0.7525264974118806,0.15151515151515152,-0.7516122728161032,0.8243119266055045,-0.697078831532613,0.2787878787878788,0.8415147265077139,0.6039441248972883,3.35
0.25825825825825827,0.3005917159763314,0.0,0.6827195467422096,-0.2971698113207547,0.7358774792869696,-0.04727793696275072,-0.6395771963264598,-0.6650961915979583,0.753256704980843,0.18752598752598754,-0.02032520325203252,0.5947136563876653,0.7079122504313531,0.3418181818181818,-0.7264021887824897,0.7990825688073394,-0.7883153261304522,0.2202020202020202,0.7719279318157298,0.6894001643385373,3.703
0.25925925925925924,0.4319526627218935,0.0,0.5734520437070012,0.5377358490566038,0.6738639216670851,-0.19197707736389688,-0.5914053023739386,-0.6030624263839811,0.6007662835249042,0.24282744282744284,-0.07317073170731707,0.4041850220264317,0.6906581217648509,0.4254545454545455,-0.655657611881962,0.8142201834862385,-0.7326930772308923,0.49797979797979797,0.834178444276621,0.5299917830731307,3.122
0.2602602602602603,0.3254437869822486,0.0,0.5835694050991501,-0.04245283018867924,0.6896811448656791,-0.11461318051575932,-0.6225957373072258,-0.6760895170789163,0.6954022988505747,0.23825363825363827,-0.032520325203252036,0.44218061674008813,0.7044614246980527,0.15393939393939396,-0.6951338675004886,0.8073394495412843,-0.7811124449779911,0.32525252525252524,0.8294314381270903,0.5439605587510271,3.561
0.26126126126126126,0.565680473372781,0.0,0.5592877377579927,0.35141509433962265,1.0,-0.7406876790830946,-0.6016288338242939,-1.0,0.3478927203065134,1.0,-0.6463414634146342,0.010462555066079295,0.9948237614000491,0.41212121212121217,-0.9757670510064491,0.8908256880733945,-0.524609843937575,0.38686868686868686,0.855000539432517,0.5258833196384552,2.273
0.26226226226226224,0.693491124260355,0.0,0.7017401861594496,0.4080188679245283,0.7572181772533266,0.19197707736389688,-0.7998613758447409,-0.8150765606595995,0.503448275862069,0.456964656964657,-0.6524390243902439,0.32819383259911894,0.7801331032782843,0.52,-0.7676372874731288,0.9224770642201835,-0.6662665066026411,0.42323232323232324,0.8725860394864602,0.37140509449465897,2.893
0.26326326326326327,0.3230769230769231,0.0,0.9105625252934034,-0.4787735849056604,0.7479286969620889,0.5401146131805158,-0.9767804539941084,-0.574401256380055,0.8068965517241379,-0.24573804573804575,0.18292682926829268,0.46145374449339205,0.688686221345822,0.0,-0.6822356849716631,0.7871559633027522,-1.0,0.09191919191919191,0.8244686589707628,0.171733771569433,3.936
0.26426426426426425,0.38934911242603554,0.0,0.6794819910967219,-0.3726415094339623,0.5950288727090133,-0.17191977077363899,-0.7605267717899845,-0.6698076168040832,0.6540229885057471,0.2582120582120582,0.036585365853658534,0.42015418502202645,0.599457727384767,0.48000000000000004,-0.6030877467265976,0.8279816513761467,-0.7583033213285314,0.4080808080808081,0.8929765886287625,0.447822514379622,3.706
0.2652652652652653,0.5538461538461539,0.0,0.603399433427762,0.5872641509433962,0.7916143610343962,-0.3194842406876791,-0.6201698145901924,-0.7275225755791126,0.4735632183908046,0.6931392931392932,0.03048780487804878,0.08370044052863436,0.8395366034015281,0.2363636363636364,-0.8301739300371311,0.891743119266055,-0.5326130452180872,0.4575757575757576,0.8079620239508037,0.44617912900575185,2.851
0.26626626626626626,0.4414201183431953,0.0,0.5872116552003238,-0.054245283018867926,0.8086869194074818,0.1848137535816619,-0.6825506844567666,-0.646643109540636,0.5187739463601533,0.3546777546777547,0.15040650406504064,0.2555066079295154,0.7673157505545969,0.3103030303030303,-0.7748680867695915,0.8899082568807338,-0.6454581832733093,0.37373737373737376,0.8015967202502966,0.5193097781429745,3.5
0.2672672672672673,0.6508875739644971,0.0,0.5932820720356131,0.3018867924528302,0.8275169470248556,-0.2879656160458453,-0.624328539247964,-0.7502944640753828,0.47432950191570883,0.6004158004158004,-0.33333333333333337,0.183920704845815,0.8629529208774955,0.40242424242424246,-0.8489349228063319,0.8389908256880733,-0.5814325730292117,0.3202020202020202,0.8723702664796634,0.3985209531635168,2.952
0.2682682682682683,0.41420118343195267,0.0,0.7418049372723593,0.410377358490566,0.7996485061511424,0.05587392550143267,-0.761913013342575,-0.7251668629760502,0.38084291187739466,0.568814968814969,-0.12398373983739837,-0.09966960352422907,0.8175992112398324,0.11151515151515153,-0.8059409810435801,0.8545871559633027,-0.533813525410164,0.24545454545454545,0.8679469198403279,0.26787181594083814,2.626
0.26926926926926925,0.5254437869822486,0.0,0.5827600161877782,-0.09433962264150944,0.7712779312076324,0.2363896848137536,-0.6943337376537861,-0.6729485669414997,0.5808429118773947,0.23825363825363827,0.036585365853658534,0.3860132158590308,0.7949223564210007,0.32242424242424245,-0.7822943130740668,0.8986238532110091,-0.631452581032413,0.5747474747474747,0.8818642787787248,0.5488907148726376,3.363
0.2702702702702703,0.41301775147928993,0.0,0.6098745447187373,-0.07547169811320754,0.7768014059753954,-0.04584527220630373,-0.6875758100849073,-0.7981939536709854,0.5187739463601533,0.5280665280665281,-0.1565040650406504,0.12830396475770925,0.8141483855065318,0.3866666666666667,-0.79968731678718,0.8233944954128439,-0.6022408963585434,0.21313131313131312,0.7992232171755314,0.4560394412489729,3.148
0.27127127127127126,0.5881656804733728,0.0,0.5046539862403885,0.1627358490566038,0.8031634446397188,-0.4169054441260745,-0.5557095823947322,-0.7852375343541421,0.5544061302681993,0.5247401247401248,-0.4451219512195122,0.4779735682819383,0.7981266946019225,0.6812121212121213,-0.8110220832519055,0.9334862385321101,-0.6766706682673069,0.47474747474747475,0.8812169597583341,0.4617912900575185,3.409
0.2722722722722723,0.557396449704142,0.0,0.8506677458518818,-0.4221698113207547,0.8164699974893296,0.14040114613180518,-0.7861722405129093,-0.7797408716136631,0.4854406130268199,0.48191268191268194,-0.46951219512195125,0.19933920704845814,0.782844466354449,0.343030303030303,-0.7871799882743794,0.7614678899082568,-0.6206482593037215,0.015151515151515152,0.831373395188262,0.49794576828266224,2.87
0.2732732732732733,0.4887573964497041,0.0,0.6738162687171185,-0.1839622641509434,0.8340446899322119,-0.11318051575931233,-0.6726737133945591,-0.7506870828425598,0.44904214559386973,0.5771309771309772,-0.12195121951219512,0.01817180616740088,0.8111905348779885,0.48969696969696974,-0.837013875317569,0.7527522935779816,-0.5990396158463386,0.3,0.8713992879490775,0.35497124075595726,2.803
0.27427427427427425,0.421301775147929,0.0,0.6361796843383246,0.6320754716981133,0.8187296008034145,-0.15472779369627507,-0.734361462484838,-0.8111503729878287,0.563984674329502,0.3180873180873181,-0.3272357723577236,0.2538546255506608,0.882671925067784,0.2787878787878788,-0.8262653898768809,0.8188073394495412,-0.7446978791516606,0.2545454545454546,0.8928687021253641,0.34921939194741164,3.095
0.2752752752752753,0.2757396449704142,0.0,0.744233104006475,-0.31603773584905664,0.7597288476023097,-0.14613180515759314,-0.7308958586033616,-0.8154691794267765,0.49616858237547895,0.41122661122661125,-0.49390243902439024,0.3909691629955947,0.8257333004683263,0.09575757575757576,-0.7766269298417041,0.8669724770642201,-0.6974789915966386,0.21717171717171718,0.8488510087388068,0.32456861133935905,3.185
0.27627627627627627,0.16568047337278108,0.0,0.603804127883448,0.2617924528301887,0.6547828270148129,0.22349570200573068,-0.5652399930687922,-0.5531998429524931,0.7620689655172415,-0.20457380457380459,-0.21341463414634146,0.7868942731277533,0.7397091446881932,0.2206060606060606,-0.6730506155950753,0.8990825688073394,-0.9063625450180072,0.2858585858585858,0.8725860394864602,0.847986852917009,3.596
0.2772772772772773,0.28402366863905326,0.0,0.6920275192229866,0.3207547169811321,0.644489078583982,0.03581661891117479,-0.7504765205337031,-0.7122104436592069,0.8137931034482759,0.0997920997920998,-0.1361788617886179,0.6145374449339207,0.6554104017747102,0.17212121212121212,-0.6640609732264999,0.9027522935779816,-0.7951180472188876,0.1303030303030303,0.862876254180602,0.5258833196384552,3.693
0.2782782782782783,0.6745562130177515,0.0,0.7373532982598139,0.5377358490566038,0.7564649761486316,0.2693409742120344,-0.7411193900537169,-0.5406360424028268,0.3398467432950192,0.34594594594594597,-0.09552845528455285,-0.051762114537444934,0.7628789746117821,0.22303030303030305,-0.7439906195036153,0.7192660550458715,-0.4685874349739896,0.08080808080808081,0.8475563706980257,0.4059161873459326,2.206
0.27927927927927926,0.4307692307692308,0.0,0.6462970457304734,0.2429245283018868,0.6989706251569169,0.27507163323782235,-0.6534396118523653,-0.6882606988614055,0.4854406130268199,0.3521829521829522,-0.0975609756097561,0.13381057268722465,0.7446388957357652,0.33939393939393947,-0.7123314442055892,0.868348623853211,-0.5994397759103641,0.34545454545454546,0.7485165605782717,0.5012325390304025,3.028
0.2802802802802803,0.27928994082840236,0.0,0.8640226628895183,0.01650943396226415,0.762992719055988,0.44842406876790836,-0.8771443424016635,-0.8131134668237142,0.6701149425287357,-0.04781704781704782,-0.5711382113821138,0.6850220264317181,0.822775449839783,0.1903030303030303,-0.8202071526284933,0.8472477064220183,-0.9079631852741097,0.06565656565656566,0.8353651958140037,0.42070665571076415,3.359
0.28128128128128127,0.45207100591715976,0.0,0.6394172399838123,0.27122641509433965,0.696711021842832,0.22922636103151864,-0.6232888580835211,-0.6662740478994896,0.6118773946360153,0.07941787941787942,-0.05691056910569106,0.38215859030837,0.7737244269164406,0.1090909090909091,-0.7217119405901896,0.8862385321100916,-0.7078831532613045,0.3787878787878788,0.8160535117056856,0.5521774856203779,3.305
0.2822822822822823,0.442603550295858,0.0,0.630918656414407,0.10849056603773585,0.7125282450414261,-0.0,-0.6454687229249697,-0.663133097762073,0.7134099616858238,0.34345114345114347,-0.1483739837398374,0.3634361233480176,0.7638649248212965,0.4096969696969697,-0.7566933750244283,0.7779816513761467,-0.6422569027611044,0.2111111111111111,0.8771172726291941,0.39605587510271156,3.603
0.2832832832832833,0.4686390532544379,0.0,0.8607851072440307,0.6485849056603774,0.8636706000502133,-0.011461318051575933,-0.7575810084907295,-0.7899489595602669,0.6049808429118774,0.29854469854469856,-0.13414634146341464,0.5154185022026432,0.8681291594774463,0.12242424242424244,-0.8626148133672072,0.8412844036697248,-0.7819127651060424,0.13535353535353536,0.814111554644514,0.44617912900575185,3.074
0.28428428428428426,0.41301775147928993,0.0,0.42007284500202346,0.14622641509433962,0.793120763243786,-0.44842406876790836,-0.39663836423496796,-0.7950530035335688,0.35555555555555557,0.834927234927235,-0.5365853658536586,0.13876651982378854,0.7438994330786294,0.5951515151515152,-0.7862028532343169,0.8114678899082568,-0.46018407362945174,0.5949494949494949,0.8939475671593483,0.6442070665571076,2.172
0.2852852852852853,0.4911242603550296,0.0,0.6815054633751517,0.030660377358490566,0.752698970625157,-0.13037249283667623,-0.6759660370819615,-0.7624656458578719,0.4708812260536399,0.5359667359667359,-0.42886178861788615,0.46365638766519823,0.701750061621888,0.6206060606060606,-0.7013875317568888,0.6862385321100917,-0.6430572228891557,0.26363636363636367,0.8641708922213831,0.5801150369761708,2.542
0.2862862862862863,0.49467455621301776,0.0,0.602994738972076,0.1556603773584906,0.7928696962088877,-0.2191977077363897,-0.6246750996361116,-0.8190027483313701,0.39272030651340994,0.6103950103950104,-0.4410569105691057,0.051762114537444934,0.7919645057924575,0.17575757575757575,-0.7965604846589798,0.8243119266055045,-0.5426170468187275,0.33232323232323235,0.8250080914877549,0.4601479046836483,2.604
0.2872872872872873,0.7005917159763313,0.0,0.7045730473492513,-0.35141509433962265,0.7346221441124781,0.15329512893982808,-0.7598336510136892,-0.6729485669414997,0.6011494252873564,0.25072765072765074,-0.4247967479674797,0.2852422907488987,0.728617204831156,0.2921212121212121,-0.705296071917139,0.8137614678899082,-0.7318927571028411,0.18888888888888888,0.7990074441687345,0.5406737880032868,3.17
0.2882882882882883,0.5041420118343195,0.0,0.6349656009712666,0.1792452830188679,0.7672608586492593,-0.07306590257879657,-0.6837636458152834,-0.7279151943462897,0.6632183908045978,0.2923076923076923,0.06707317073170732,0.3898678414096916,0.8163667734779393,0.37212121212121213,-0.7998827437951925,0.8252293577981651,-0.7310924369747899,0.21313131313131312,0.8511166253101737,0.610517666392769,3.481
0.28928928928928926,0.40946745562130177,0.0,0.7976527721570215,0.018867924528301886,0.7858398192317348,-0.10744985673352436,-0.7759487090625541,-0.7601099332548095,0.4229885057471265,0.5035343035343036,-0.12398373983739837,0.08480176211453744,0.8055213211732806,-0.08363636363636365,-0.7789720539378543,0.8243119266055045,-0.508203281312525,-0.04444444444444444,0.8370913798683784,0.3286770747740345,2.872
0.2902902902902903,0.493491124260355,0.0,0.7470659651962768,-0.2688679245283019,0.7587245794627164,0.09025787965616046,-0.7463177958759315,-0.58578720062819,0.6980842911877395,-0.02494802494802495,0.08333333333333334,0.3926211453744493,0.8323884643825485,0.12484848484848485,-0.7961696306429549,0.8371559633027522,-0.7675070028011204,0.3616161616161616,0.8296472111338872,0.5324568611339359,3.856
0.2912912912912913,0.21301775147928995,0.0,0.7142857142857142,-0.3608490566037736,0.6783831282952548,0.11031518624641834,-0.7293363368566972,-0.7232037691401649,0.6272030651340996,0.15176715176715178,0.012195121951219513,0.5154185022026432,0.6578752772984964,0.30424242424242426,-0.696111002540551,0.7830275229357798,-0.7106842737094837,0.12121212121212122,0.8894163340166145,0.5258833196384552,3.424
0.2922922922922923,0.5857988165680473,0.0,0.9097531363820316,0.11556603773584906,0.7017323625407984,0.23495702005730662,-0.8923929994801595,-0.6391833529642716,0.47547892720306517,0.14054054054054055,-0.5284552845528455,0.17455947136563876,0.7557308355928024,-0.15636363636363637,-0.7019738127809263,0.7697247706422018,-0.6858743497398959,-0.20202020202020204,0.8285683460999028,0.30813475760065734,2.876
0.2932932932932933,0.44023668639053254,0.0,0.7640631323350869,0.18867924528301888,0.7647501883002761,0.43982808022922637,-0.702131346387108,-0.619159795838241,0.41609195402298854,0.25904365904365906,0.06097560975609756,-0.11398678414096915,0.7498151343357159,-0.08121212121212122,-0.7453586085597029,0.741743119266055,-0.4669867947178871,-0.047474747474747475,0.8108749595425612,0.36154478225143794,2.783
0.29429429429429427,0.4686390532544379,0.0,0.8312424119789558,0.03773584905660377,0.7434094903339191,0.11174785100286534,-0.771270143822561,-0.7675696898311739,0.4996168582375479,0.3675675675675676,-0.18495934959349594,0.10407488986784141,0.7409415824500861,-0.0012121212121212121,-0.7140902872777017,0.8706422018348623,-0.6226490596238495,-0.015151515151515152,0.8287841191066998,0.29580936729663104,3.122
0.2952952952952953,0.5266272189349113,0.0,0.6361796843383246,0.27358490566037735,0.6743660557368817,-0.42120343839541546,-0.6061341188702132,-0.7978013349038083,0.43180076628352493,0.6623700623700625,-0.5304878048780488,0.17125550660792951,0.6746364308602415,0.40242424242424246,-0.6963064295485637,0.8541284403669724,-0.5586234493797518,0.396969696969697,0.8113065055561549,0.5086277732128184,2.682
0.2962962962962963,0.33964497041420116,0.0,0.6151355726426547,0.04481132075471698,0.6934471503891539,-0.16762177650429802,-0.6433893605960839,-0.773851590106007,0.4095785440613027,0.4212058212058212,-0.43089430894308944,0.3540748898678414,0.7037219620409169,0.41212121212121217,-0.7408637873754153,0.7811926605504587,-0.6690676270508202,0.35454545454545455,0.8373071528751753,0.4313886606409203,2.503
0.2972972972972973,0.34437869822485206,0.0,0.6531768514771348,0.025943396226415092,0.7564649761486316,-0.2922636103151863,-0.6037081961531797,-0.7279151943462897,0.47394636015325675,0.572972972972973,-0.3699186991869919,0.24669603524229075,0.7791471530687699,0.21333333333333332,-0.7701778385772914,0.7669724770642201,-0.5470188075230091,0.37272727272727274,0.7964181680871723,0.48479868529170084,2.774
0.2982982982982983,0.680473372781065,0.0,0.7369486038041279,0.5542452830188679,0.7120261109716294,0.01002865329512894,-0.8187489169987869,-0.7538280329799764,0.47969348659003835,0.4474012474012475,-0.23983739837398374,0.05947136563876652,0.760414099087996,0.25696969696969696,-0.7543482509282783,0.8339449541284404,-0.6542617046818727,0.1181818181818182,0.829862984140684,0.3516844700082169,2.87
0.2992992992992993,0.39171597633136096,0.0,0.6179684338324565,-0.27358490566037735,0.806427316093397,-0.16905444126074498,-0.6194766938138971,-0.8225363172359639,0.5919540229885057,0.3097713097713098,-0.30081300813008127,0.4834801762114537,0.813408922849396,0.2957575757575758,-0.8018370138753175,0.910091743119266,-0.7643057222889155,0.34141414141414145,0.842809364548495,0.5406737880032868,3.546
0.3003003003003003,0.7467455621301775,0.0,0.5515985430999595,0.3113207547169812,0.7245794627165453,-0.3022922636103152,-0.5454860509443771,-0.7110325873576756,0.4735632183908046,0.5767151767151768,-0.2540650406504065,0.42566079295154186,0.7384767069263002,0.7636363636363637,-0.7547391049443033,0.8761467889908255,-0.6626650660264105,0.6333333333333333,0.8595317725752508,0.5513557929334428,2.769
0.3013013013013013,0.6307692307692309,0.0,0.6738162687171185,0.5306603773584906,0.7318604067285965,-0.02865329512893983,-0.7594870906255415,-0.6737338044758538,0.4965517241379311,0.32474012474012476,-0.02845528455284553,0.08094713656387664,0.8254868129159477,0.04606060606060606,-0.7574750830564784,0.8036697247706421,-0.6382553021208484,0.4,0.8451828676232602,0.3648315529991783,2.838
0.3023023023023023,0.4331360946745562,0.0,0.5884257385673816,-0.16509433962264153,0.561636957067537,-0.46275071633237824,-0.5425402876451222,-0.6474283470749902,0.5666666666666668,0.3226611226611227,-0.6463414634146342,0.6018722466960352,0.6046339659847176,0.39757575757575764,-0.5696697283564589,0.8651376146788989,-0.7358943577430972,0.39090909090909093,0.8404358614737296,0.8438783894823335,3.209
0.3033033033033033,0.5360946745562131,0.0,0.6786726021853501,0.08018867924528303,0.7306050715541049,0.32808022922636104,-0.6969329405648935,-0.5559481743227326,0.617624521072797,-0.125987525987526,-0.49390243902439024,0.5352422907488986,0.7069263002218387,0.20484848484848486,-0.6839945280437757,0.8055045871559633,-0.8183273309323729,0.27272727272727276,0.8654655302621642,0.7387017255546425,2.88
0.30430430430430433,0.6863905325443787,0.0,0.565762849048968,0.205188679245283,0.6575445643986945,0.032951289398280806,-0.5576156645295443,-0.6266195524146054,0.44942528735632187,0.5430353430353431,-0.12601626016260162,0.11068281938325991,0.6462903623367019,0.5151515151515151,-0.6431502833691616,0.9688073394495412,-0.5262104841936774,0.4080808080808081,0.8386017909159563,0.6540673788003286,3.181
0.3053053053053053,0.44023668639053254,0.0,0.6689599352488871,0.25943396226415094,0.6876726085864926,0.11747851002865331,-0.6517068099116271,-0.7004318806438947,0.5440613026819924,0.43700623700623703,-0.3800813008130081,0.30396475770925113,0.7305891052501848,0.5212121212121212,-0.6718780535470003,0.7293577981651376,-0.6494597839135654,0.28080808080808084,0.8858560794044665,0.5127362366474938,2.801
0.3063063063063063,0.5857988165680473,0.0,0.5544314042897612,0.5259433962264152,0.7639969871955813,-0.12893982808022922,-0.6251949402183331,-0.6599921476246564,0.35977011494252875,0.5571725571725572,-0.33333333333333337,-0.0005506607929515418,0.7944293813162434,0.5284848484848486,-0.7650967363689662,0.846788990825688,-0.584233693477391,0.4161616161616161,0.7995468766857265,0.2752670501232539,2.538
0.3073073073073073,0.16331360946745563,0.0,0.7616349656009712,0.39386792452830194,0.8370574943509917,-0.058739255014326655,-0.7218852885115232,-0.8390263054574009,0.5781609195402299,0.28316008316008323,-0.23577235772357724,0.4443832599118943,0.8272122257825979,0.11151515151515153,-0.8374047293335939,0.8266055045871559,-0.7779111644657862,0.04040404040404041,0.8443197755960729,0.4182415776499589,2.932
0.3083083083083083,0.6165680473372781,0.0,0.5661675435046539,0.16745283018867924,0.72985187044941,-0.09169054441260746,-0.5920984231502339,-0.746368276403612,0.5708812260536399,0.6553014553014553,-0.1991869918699187,0.20814977973568283,0.7660833127927039,0.6048484848484849,-0.7332421340629275,0.9133027522935779,-0.5970388155262104,0.5656565656565657,0.8857481929010682,0.42070665571076415,3.305
0.30930930930930933,0.48757396449704143,0.0,0.6770538243626062,0.12971698113207547,0.739392417775546,0.2177650429799427,-0.7352278634552072,-0.6713780918727915,0.5735632183908047,0.1891891891891892,0.05284552845528455,0.23678414096916298,0.7443924081833867,0.47636363636363643,-0.7265976157905022,0.7527522935779816,-0.7230892356942776,0.44343434343434346,0.8099039810119754,0.4889071487263763,3.055
0.3103103103103103,0.4792899408284024,0.0,0.7041683528935654,-0.054245283018867926,0.7250815967863419,0.03868194842406877,-0.7031710275515508,-0.6839418924224577,0.6831417624521072,0.18087318087318088,-0.054878048780487805,0.3716960352422908,0.7830909539068276,0.2387878787878788,-0.773500097713504,0.7426605504587155,-0.802721088435374,0.3151515151515151,0.7829323551623691,0.4223500410846343,3.329
0.3113113113113113,0.357396449704142,0.0,0.5418858761634965,0.28537735849056606,0.7406477529500377,0.14613180515759314,-0.5175879396984925,-0.7444051825677267,0.4555555555555556,0.37754677754677757,-0.32113821138211385,0.1685022026431718,0.711116588612275,0.12000000000000001,-0.7299198749267148,0.7876146788990825,-0.5582232893157263,0.36666666666666664,0.8541374474053296,0.6967953985209531,2.556
0.3123123123123123,0.5668639053254437,0.0,0.7288547146904087,-0.3584905660377358,0.8129550590007532,-0.18338108882521492,-0.6908681337723098,-0.7762073027090695,0.4049808429118774,0.5085239085239086,-0.516260162601626,0.21640969162995594,0.7665762878974611,0.36484848484848487,-0.7860074262263045,0.8188073394495412,-0.604641856742697,0.18383838383838383,0.8517639443305642,0.3631881676253081,3.013
0.3133133133133133,0.493491124260355,0.0,0.7231889923108052,0.125,0.794627165453176,0.2507163323782235,-0.8411020620343095,-0.7585394581861012,0.46436781609195404,0.30395010395010397,-0.18089430894308942,0.0919603524229075,0.7646043874784322,-0.09939393939393941,-0.79968731678718,0.8844036697247706,-0.64265706282513,0.19494949494949496,0.8909267450641923,0.27198027937551356,2.876
0.31431431431431434,0.549112426035503,0.0,0.7786321327397814,0.025943396226415092,0.6738639216670851,0.1361031518624642,-0.88424883035869,-0.6599921476246564,0.5681992337164752,0.16673596673596677,-0.2459349593495935,0.3133259911894273,0.651220113384274,0.060606060606060615,-0.6767637287473129,0.7876146788990825,-0.7543017206882753,-0.014141414141414142,0.8224188154061927,0.4305669679539852,3.022
0.3153153153153153,0.549112426035503,0.0,0.8170781060299475,0.3089622641509434,0.657293497363796,0.2865329512893983,-0.7581008490729509,-0.5704750687082842,0.4965517241379311,0.07193347193347194,0.026422764227642274,0.12720264317180616,0.7091446881932462,0.3103030303030303,-0.6880984952120383,0.7931192660550459,-0.6926770708283313,0.12323232323232323,0.8810011867515374,0.42070665571076415,2.865
0.3163163163163163,0.19053254437869824,0.0,0.7235936867664913,-0.01179245283018868,0.7142857142857143,-0.02865329512893983,-0.7204990469589326,-0.7420494699646643,0.5823754789272031,0.19625779625779627,-0.3434959349593496,0.46420704845814975,0.7431599704214936,0.2290909090909091,-0.7443814735196405,0.778440366972477,-0.7783113245298119,0.1393939393939394,0.8734491315136477,0.28348397699260475,2.953
0.3173173173173173,0.46153846153846156,0.0,0.6357749898826386,-0.695754716981132,0.8867687672608586,-0.14756446991404013,-0.6180904522613065,-0.7872006281900273,0.5099616858237548,0.525987525987526,-0.08739837398373983,0.2747797356828194,0.805274833620902,0.48969696969696974,-0.8213797146765683,0.8110091743119265,-0.5714285714285714,0.5464646464646465,0.8957816377171217,0.4239934264585045,3.238
0.3183183183183183,0.2745562130177515,0.0,0.5337919870497774,0.0023584905660377358,0.8265126788852623,-0.16618911174785103,-0.5950441864494889,-0.7856301531213191,0.5095785440613028,0.3185031185031185,-0.2703252032520325,0.401431718061674,0.8119299975351244,0.2109090909090909,-0.8301739300371311,0.9321100917431192,-0.704281712685074,0.5353535353535354,0.8685942388607185,0.7485620377978636,3.304
0.31931931931931934,0.3526627218934911,0.0,0.622015378389316,0.33018867924528306,0.7617373838814963,-0.2679083094555874,-0.6662623462138278,-0.7585394581861012,0.6796934865900384,0.21871101871101875,-0.08739837398373983,0.46420704845814975,0.8395366034015281,0.27272727272727276,-0.7776040648817667,0.7201834862385321,-0.6602641056422568,0.3616161616161616,0.8323443737188477,0.39605587510271156,3.065
0.3203203203203203,0.6698224852071005,0.0,0.6268717118575475,0.1509433962264151,0.7662565905096661,0.015759312320916905,-0.6574250563160631,-0.6729485669414997,0.6754789272030651,0.358004158004158,0.016260162601626018,0.29350220264317184,0.7019965491742666,0.46303030303030307,-0.7510259917920656,0.8412844036697248,-0.7150860344137654,0.3505050505050505,0.8773330456359909,0.48972884141331136,3.582
0.3213213213213213,0.221301775147929,0.0,0.5779036827195467,-0.0660377358490566,0.7845844840572432,-0.10601719197707736,-0.6054409980939179,-0.6859049862583432,0.553639846743295,0.4532224532224533,-0.20325203252032523,0.3105726872246696,0.7308355928025634,0.36484848484848487,-0.7564979480164159,0.8243119266055045,-0.6814725890356143,0.3151515151515151,0.8223109289027942,0.562037797863599,3.14
0.32232232232232233,0.2118343195266272,0.0,0.7996762444354512,0.2169811320754717,0.7978910369068541,0.12750716332378223,-0.7754288684803327,-0.7852375343541421,0.575095785440613,0.22577962577962582,-0.25203252032520324,0.4157488986784141,0.7929504560019719,0.09575757575757576,-0.7991010357631425,0.7463302752293578,-0.7378951580632253,0.0030303030303030303,0.8157298521954903,0.5365653245686113,2.947
0.3233233233233233,0.45680473372781066,0.0,0.594091460946985,0.02358490566037736,0.7077579713783579,0.1332378223495702,-0.6931207762952695,-0.597173144876325,0.6026819923371648,0.12266112266112267,0.034552845528455285,0.36784140969163,0.7167858023169829,0.3175757575757576,-0.6843853820598006,0.9133027522935779,-0.7535014005602241,0.40101010101010104,0.8335311252562304,0.4272801972062448,3.501
0.32432432432432434,0.2118343195266272,0.0,0.7345204370700121,-0.0,0.7075069043434598,0.20343839541547276,-0.7250043320048519,-0.5704750687082842,0.8624521072796935,-0.19584199584199585,0.032520325203252036,0.612885462555066,0.701750061621888,-0.0012121212121212121,-0.7017783857729138,0.8215596330275229,-0.923969587835134,0.08787878787878788,0.8380623583989643,0.6877567789646671,3.859
0.3253253253253253,-0.003550295857988166,0.0,0.6179684338324565,-0.3254716981132076,0.7790610092894803,0.0,-0.5851672153872812,-0.8221436984687867,0.7831417624521073,0.2024948024948025,-0.13414634146341464,0.6387665198237885,0.7577027360118312,0.23393939393939395,-0.8045729919874927,0.728440366972477,-0.7466986794717887,0.51010101010101,0.8705361959218902,0.5168447000821692,3.351
0.3263263263263263,0.28875739644970416,0.0,0.35370295426952647,-0.11084905660377359,0.8101933216168716,-0.6991404011461319,-0.3654479293016808,-0.7491166077738515,0.5812260536398467,0.6203742203742204,-0.2926829268292683,0.5077092511013216,0.8116835099827459,0.5381818181818182,-0.7942153605628298,0.8981651376146789,-0.5650260104041616,0.8868686868686869,0.7443089869457331,0.7280197206244864,3.384
0.32732732732732733,0.5053254437869823,0.0,0.6863617968433832,0.5613207547169812,0.8691940748179764,0.12320916905444126,-0.6867094091145383,-0.7396937573616018,0.5199233716475096,0.5380457380457381,-0.1910569105691057,0.191079295154185,0.8590091200394379,0.6836363636363636,-0.8334961891733437,0.7174311926605504,-0.5130052020808323,0.301010101010101,0.8073147049304131,0.3508627773212818,2.562
0.3283283283283283,0.3763313609467456,0.0,0.6705787130716309,-0.12028301886792453,0.8636706000502133,-0.3624641833810889,-0.7636458152833131,-0.7970160973694541,0.3103448275862069,0.8224532224532225,-0.26626016260162605,-0.223568281938326,0.7752033522307122,0.5466666666666667,-0.8399452804377565,0.9844036697247706,-0.539015606242497,0.5040404040404041,0.8747437695544288,0.2029580936729663,3.006
0.32932932932932935,0.5763313609467455,0.0,0.6519627681100769,0.040094339622641514,0.7047451669595782,0.12464183381088825,-0.6572517761219893,-0.7098547310561445,0.38927203065134103,0.5347193347193347,-0.28252032520325204,0.03303964757709251,0.772245501602169,0.4581818181818182,-0.719562243502052,0.8610091743119266,-0.6054421768707482,0.3787878787878788,0.8077462509440069,0.5053410024650781,2.667
0.3303303303303303,0.4887573964497041,0.0,0.6871711857547551,-0.42452830188679247,0.8543811197589757,0.017191977077363897,-0.7996880956506672,-0.7769925402434237,0.6482758620689655,0.29313929313929316,-0.07926829268292683,0.5110132158590308,0.8116835099827459,0.2751515151515152,-0.8237248387727184,0.7880733944954128,-0.7819127651060424,0.13333333333333333,0.8353651958140037,0.45768282662284304,3.62
0.33133133133133136,0.5384615384615385,0.0,0.5503844597329017,0.09433962264150944,0.7258347978910369,-0.1905444126074499,-0.5881129786865361,-0.6643109540636042,0.5314176245210728,0.4286902286902287,-0.08943089430894309,0.08535242290748898,0.6822775449839782,0.37212121212121213,-0.7054914989251514,0.7940366972477064,-0.5426170468187275,0.4858585858585858,0.8906030855539973,0.5209531635168446,3.268
0.33233233233233234,0.38934911242603554,0.0,0.8186968838526912,-0.5801886792452831,0.6944514185287471,0.10171919770773638,-0.8421417431987525,-0.7522575579112681,0.5804597701149425,0.15883575883575884,-0.5589430894308943,0.5165198237885462,0.7451318708405226,0.10181818181818184,-0.7523939808481532,0.8009174311926605,-0.7871148459383753,0.06060606060606061,0.8753910885748194,0.4963023829087921,3.205
0.3333333333333333,0.2757396449704142,0.0,0.6410360178065561,0.0919811320754717,0.7017323625407984,-0.024355300859598857,-0.676485877664183,-0.6772673733804476,0.5183908045977011,0.23534303534303533,-0.40447154471544716,0.513215859030837,0.7402021197929504,0.4593939393939394,-0.7471174516318155,0.8899082568807338,-0.7535014005602241,0.34949494949494947,0.873017585500054,0.5012325390304025,3.034
0.33433433433433435,0.3455621301775148,0.0,0.499392958316471,-0.25471698113207547,0.806427316093397,-0.22492836676217767,-0.6028417951828107,-0.7145661562622693,0.5904214559386973,0.2598752598752599,-0.12398373983739837,0.5154185022026432,0.7875277298496425,0.3006060606060606,-0.8129763533320306,0.8096330275229356,-0.6438575430172069,0.30404040404040406,0.7590894379113172,0.6516023007395234,3.28
0.3353353353353353,0.43550295857988164,0.0,0.7964386887899635,0.7028301886792453,0.6562892292242029,0.07736389684813753,-0.8440478253335645,-0.6042402826855123,0.5406130268199234,0.26985446985446987,0.2804878048780488,0.07544052863436124,0.7234409662312052,0.2593939393939394,-0.7002149697088138,0.7541284403669724,-0.7242897158863545,0.27272727272727276,0.8900636530370051,0.114215283483977,3.031
0.33633633633633636,0.21893491124260356,0.0,0.6895993524888708,-0.3466981132075472,0.7632437860908863,0.0071633237822349575,-0.7113151966730203,-0.7479387514723204,0.8214559386973181,0.046153846153846156,-0.19308943089430894,0.73568281938326,0.8042888834113876,0.29333333333333333,-0.787766269298417,0.7848623853211009,-0.8923569427771108,0.16262626262626262,0.8835904628330995,0.5858668857847165,3.74
0.33733733733733734,0.25207100591715975,0.0,0.7090246863617968,0.3561320754716981,0.8290233492342456,-0.060171919770773644,-0.6789118003812165,-0.7526501766784452,0.7222222222222222,0.11891891891891893,-0.09349593495934959,0.44273127753303965,0.8286911510968695,0.1878787878787879,-0.8436583935899942,0.8729357798165137,-0.7687074829931972,0.19595959595959597,0.8892005610098177,0.5275267050123253,3.551
0.3383383383383383,0.7053254437869823,0.0,0.4763253743423715,0.5165094339622641,0.6924428822495606,-0.5286532951289399,-0.4614451568185756,-0.7200628190027483,0.3563218390804598,0.7742203742203744,-0.5182926829268293,0.1552863436123348,0.8373182154301206,0.4593939393939394,-0.7641196013289037,0.7348623853211009,-0.44497799119647863,0.5444444444444445,0.8498219872693925,0.5004108463434676,2.112
0.33933933933933935,0.6532544378698225,0.0,0.698097936058276,-0.07547169811320754,0.7770524730102938,-0.2492836676217765,-0.6458152833131173,-0.7820965842167255,0.5287356321839081,0.5600831600831602,-0.31910569105691056,0.23182819383259912,0.8183386738969681,0.49454545454545457,-0.7721321086574164,0.8665137614678898,-0.6366546618647458,0.24646464646464647,0.8472327111878304,0.5193097781429745,3.18
0.34034034034034033,0.45917159763313614,0.0,0.5669769324160259,0.22641509433962265,0.762239517951293,-0.12893982808022922,-0.5756368047132213,-0.6505692972124067,0.6724137931034483,0.2702702702702703,0.06300813008130081,0.38546255506607924,0.7712595513926546,0.49090909090909096,-0.7547391049443033,0.9032110091743119,-0.7050820328131252,0.5181818181818182,0.8624447081670082,0.5866885784716516,3.504
0.34134134134134136,0.4733727810650888,0.0,0.6531768514771348,0.13679245283018868,0.7687672608586492,-0.38538681948424075,-0.6711141916478947,-0.812720848056537,0.6348659003831418,0.6345114345114345,-0.6361788617886179,0.41244493392070486,0.7577027360118312,0.3672727272727273,-0.7594293531366035,0.8509174311926605,-0.6558623449379751,0.08080808080808081,0.8866112849282555,0.5390304026294166,3.2
0.34234234234234234,0.5893491124260355,0.0,0.6616754350465398,0.25943396226415094,0.7160431835300025,0.12177650429799429,-0.7040374285219199,-0.6552807224185316,0.628735632183908,0.1442827442827443,0.21951219512195122,0.33039647577092507,0.7737244269164406,0.26545454545454544,-0.7408637873754153,0.891743119266055,-0.7266906762705082,0.3282828282828283,0.8499298737727911,0.5603944124897289,3.654
0.3433433433433433,0.35029585798816565,0.0,0.6297045730473493,0.3608490566037736,0.8327893547577203,0.04154727793696276,-0.6031883555709582,-0.7648213584609344,0.6298850574712643,0.3646569646569647,-0.04878048780487805,0.5099118942731278,0.8693615972393394,0.34060606060606063,-0.8516709009185068,0.7788990825688072,-0.7078831532613045,0.25656565656565655,0.8948106591865358,0.600657354149548,3.309
0.34434434434434436,0.3337278106508876,0.0,0.7798462161068394,-0.1509433962264151,0.6751192568415767,0.11031518624641834,-0.7686709409114538,-0.6894385551629367,0.660536398467433,0.18544698544698546,-0.23577235772357724,0.2505506607929515,0.7342864185358638,0.12121212121212123,-0.7090091850693766,0.7642201834862384,-0.7571028411364545,0.1606060606060606,0.8689178983709138,0.3861955628594905,3.498
0.34534534534534533,0.4792899408284024,0.0,0.5823553217320923,-0.01179245283018868,0.6447401456188803,-0.17191977077363899,-0.5739040027724831,-0.7145661562622693,0.5651340996168583,0.39043659043659046,-0.258130081300813,0.38546255506607924,0.7155533645550899,0.4460606060606061,-0.73109243697479,0.8564220183486237,-0.6066426570628252,0.6737373737373737,0.8780882511597798,0.5949055053410024,3.152
0.34634634634634637,0.6544378698224853,0.0,0.5366248482395791,-0.2617924528301887,0.7612352498116998,0.10601719197707736,-0.557962224917692,-0.6525323910482921,0.5199233716475096,0.325987525987526,-0.18699186991869918,0.3898678414096916,0.7278777421740201,0.6606060606060606,-0.7564979480164159,0.8302752293577982,-0.6718687474989996,0.5767676767676767,0.8137878951343187,0.7313064913722267,3.341
0.34734734734734735,0.43431952662721895,0.0,0.5973290165924726,-0.5636792452830188,0.7926186291739894,-0.005730659025787966,-0.5749436839369261,-0.773851590106007,0.5666666666666668,0.2332640332640333,-0.30081300813008127,0.5104625550660793,0.8281981759921123,0.06909090909090909,-0.8043775649794801,0.8577981651376146,-0.6766706682673069,0.41818181818181815,0.8477721437048225,0.7189811010682005,3.613
0.3483483483483483,0.4378698224852071,0.0,0.5463375151760421,0.35377358490566035,0.744915892543309,-0.04011461318051576,-0.6012822734361463,-0.6984687868080094,0.6126436781609196,0.29313929313929316,-0.24796747967479674,0.4961453744493392,0.829677101306384,0.4593939393939394,-0.7783857729138167,0.8422018348623853,-0.6662665066026411,0.4393939393939394,0.8857481929010682,0.695152013147083,2.999
0.34934934934934936,0.26627218934911245,0.0,0.6742209631728044,-0.10613207547169812,0.6560381621893046,0.31232091690544417,-0.7059435106567319,-0.6788378484491558,0.8306513409961687,0.01288981288981289,-0.11178861788617886,0.6998898678414096,0.6684742420507764,0.2751515151515152,-0.6466679695133868,0.778440366972477,-0.8567426970788315,0.2202020202020202,0.8525191498543532,0.5825801150369762,3.81
0.35035035035035034,0.5727810650887574,0.0,0.612707405908539,0.04245283018867924,0.6954556866683405,0.02005730659025788,-0.6458152833131173,-0.6776599921476246,0.6417624521072798,0.25862785862785864,-0.29065040650406504,0.5831497797356827,0.6854818831649001,0.393939393939394,-0.6955247215165136,0.8623853211009174,-0.6918767507002801,0.2737373737373738,0.8198295393246305,0.6327033689400164,3.285
0.35135135135135137,0.17514792899408282,0.0,0.810198300283286,-0.5070754716981132,0.6931960833542556,0.20773638968481375,-0.8636284872639057,-0.734982332155477,0.6574712643678161,0.09230769230769231,-0.6138211382113821,0.3838105726872246,0.6812915947744638,0.1975757575757576,-0.6656243892906,0.7628440366972477,-0.8511404561824729,0.11414141414141414,0.8410831804941202,0.30813475760065734,3.133
0.35235235235235235,0.39171597633136096,0.0,0.5374342371509511,0.1721698113207547,0.7215666582977656,0.10171919770773638,-0.5148154565933114,-0.5594817432273262,0.6547892720306514,0.08814968814968815,0.15447154471544716,0.41629955947136565,0.7764357899926053,0.4545454545454546,-0.7314832909908149,0.7665137614678899,-0.7122849139655862,0.5202020202020202,0.8774409321393892,0.5998356614626129,3.387
0.3533533533533533,0.7420118343195267,0.0,0.7187373532982598,0.42924528301886794,0.7690183278935476,0.05587392550143267,-0.7537688442211055,-0.6678445229681979,0.339080459770115,0.7122661122661124,-0.1483739837398374,-0.21090308370044053,0.8272122257825979,0.5818181818181818,-0.7557162399843659,0.8802752293577981,-0.5206082432973189,0.3434343434343435,0.8445355486028698,0.323746918652424,2.546
0.35435435435435436,0.5455621301775149,0.0,0.6519627681100769,0.05660377358490566,0.7956314335927692,-0.002865329512893983,-0.6400970369086814,-0.6607773851590106,0.6793103448275862,0.35925155925155927,-0.2113821138211382,0.38050660792951535,0.8257333004683263,0.23151515151515153,-0.8209888606605432,0.8711009174311926,-0.6842737094837935,0.4131313131313131,0.788218793828892,0.4050944946589975,3.75
0.35535535535535534,0.370414201183432,0.0,0.7430190206394173,0.05660377358490566,0.6565402962591013,0.45988538681948427,-0.7518627620862937,-0.6808009422850412,0.4716475095785441,0.2594594594594595,-0.3231707317073171,0.11398678414096915,0.7081587379837319,0.3357575757575758,-0.7078366230213016,0.7862385321100916,-0.7583033213285314,0.23434343434343435,0.8406516344805265,0.2629416598192276,2.814
0.3563563563563564,0.5289940828402367,0.0,0.6827195467422096,0.049528301886792456,0.7602309816721065,-0.08882521489971347,-0.6423496794316409,-0.6917942677659992,0.5854406130268199,0.19667359667359668,-0.4126016260162602,0.4873348017621145,0.834606852353956,0.26545454545454544,-0.7699824115692788,0.8431192660550458,-0.7619047619047619,0.16363636363636364,0.8580213615276729,0.5686113393590796,3.267
0.35735735735735735,0.46627218934911246,0.0,0.7397814649939296,0.29009433962264153,0.7102686417273413,0.15472779369627507,-0.7730029457632993,-0.7640361209265802,0.4103448275862069,0.5367983367983368,-0.3678861788617886,-0.005506607929515419,0.772245501602169,0.20848484848484847,-0.7490717217119406,0.8853211009174311,-0.550220088035214,0.302020202020202,0.884992987377279,0.29498767460969594,2.75
0.35835835835835833,0.13372781065088757,0.0,0.5617159044921084,-0.15801886792452832,0.7800652774290736,-0.5300859598853869,-0.47184196846300464,-0.7263447192775815,0.6272030651340996,0.555925155925156,0.3434959349593496,0.47356828193832595,0.7281242297263988,0.5224242424242425,-0.7645104553449287,0.8243119266055045,-0.559423769507803,0.48282828282828283,0.8942712266695436,0.743631881676253,3.731
0.35935935935935936,0.3230769230769231,0.0,0.5884257385673816,0.01179245283018868,0.7921164951041928,-0.17478510028653296,-0.6420031190434934,-0.823714173537495,0.6268199233716475,0.29812889812889815,-0.5833333333333333,0.6123348017621145,0.7954153315257578,0.3151515151515152,-0.7918702364666796,0.9504587155963302,-0.7098839535814325,0.34242424242424246,0.8897399935268098,0.6696795398520953,3.367
0.36036036036036034,0.48520710059171596,0.0,0.7276406313233509,0.2971698113207547,0.8837559628420788,-0.20773638968481375,-0.7660717380003467,-0.7612877895563408,0.5429118773946361,0.4436590436590437,0.01016260162601626,0.3871145374449339,0.8799605619916193,0.2593939393939394,-0.8964236857533711,0.7747706422018348,-0.6602641056422568,0.18585858585858586,0.8249002049843565,0.37880032867707475,2.885
0.3613613613613614,0.6071005917159764,0.0,0.7903682719546742,0.4221698113207547,0.8275169470248556,0.24498567335243557,-0.7913706463351239,-0.8005496662740479,0.36053639846743296,0.5787941787941788,-0.233739837398374,-0.11343612334801761,0.7389696820310574,0.273939393939394,-0.7998827437951925,0.756880733944954,-0.5346138455382153,0.04242424242424243,0.8446434351062682,0.3179950698438784,2.361
0.36236236236236236,0.3680473372781065,0.0,0.6859571023876972,0.33018867924528306,0.8177253326638213,0.2177650429799427,-0.7123548778374631,-0.6768747546132705,0.6888888888888889,0.10103950103950105,0.0020325203252032522,0.5523127753303964,0.8824254375154054,0.32969696969696977,-0.8211842876685558,0.8394495412844036,-0.782312925170068,0.29292929292929293,0.8337468982630273,0.5505341002465078,3.366
0.3633633633633634,0.1502958579881657,0.0,0.5123431808984217,-0.0778301886792453,0.6758724579462717,0.008595988538681949,-0.481025818748917,-0.6474283470749902,0.59272030651341,0.22661122661122665,-0.1910569105691057,0.46420704845814975,0.657382302193739,0.4787878787878788,-0.6748094586671878,0.8633027522935779,-0.7230892356942776,0.5808080808080808,0.89383968065595,0.6894001643385373,3.378
0.36436436436436437,0.4627218934911243,0.0,0.6171590449210845,0.1391509433962264,0.8536279186542807,0.07163323782234958,-0.5782360076243286,-0.6497840596780525,0.4149425287356322,0.31683991683991686,-0.3313008130081301,0.29019823788546256,0.8486566428395366,0.33696969696969703,-0.8078952511237054,0.7252293577981651,-0.6574629851940776,0.3696969696969697,0.855000539432517,0.5825801150369762,2.486
0.36536536536536535,0.44970414201183434,0.0,0.5993524888709025,0.4834905660377358,0.7702736630680391,0.13753581661891118,-0.6234621382775949,-0.6537102473498233,0.4540229885057472,0.4187110187110187,-0.22154471544715448,0.08535242290748898,0.8079861966970667,0.4872727272727273,-0.7811217510259918,0.8032110091743118,-0.6122448979591837,0.45151515151515154,0.8642787787247814,0.3064913722267872,2.743
0.3663663663663664,0.29940828402366865,0.0,0.753945770942938,0.49528301886792453,0.7301029374843083,0.2994269340974212,-0.74579795529371,-0.62465645857872,0.5796934865900383,0.14345114345114346,-0.1056910569105691,0.3436123348017621,0.6800591570125708,0.16969696969696973,-0.6941567324604261,0.786697247706422,-0.7242897158863545,0.045454545454545456,0.8648182112417736,0.7682826622843056,3.011
0.36736736736736736,0.5633136094674556,0.0,0.6717927964386887,0.5235849056603774,0.7823248807431584,-0.16332378223495703,-0.6392306359383123,-0.784844915586965,0.36475095785440614,0.6004158004158004,-0.3048780487804878,-0.09030837004405286,0.8005915701257086,0.04727272727272727,-0.7346101231190151,0.7577981651376146,-0.4533813525410164,0.37676767676767675,0.838493904412558,0.35004108463434674,2.184
0.3683683683683684,0.27100591715976335,0.0,0.6997167138810199,-0.1839622641509434,0.7466733617875974,-0.08595988538681949,-0.7948362502166002,-0.7652139772281115,0.6306513409961686,0.17422037422037423,-0.258130081300813,0.5126651982378855,0.7823514912496918,0.2921212121212121,-0.7740863787375415,0.8793577981651376,-0.8615446178471389,0.4090909090909091,0.8053727478692415,0.5677896466721445,3.602
0.36936936936936937,0.5550295857988166,0.0,0.7486847430190207,0.5613207547169812,0.7870951544062263,-0.03151862464183381,-0.7704037428521919,-0.784844915586965,0.539463601532567,0.4361746361746362,-0.42073170731707316,0.1685022026431718,0.8225289622874045,0.3757575757575758,-0.7846394371702169,0.886697247706422,-0.7262905162064826,0.20808080808080806,0.8165929442226777,0.3229252259654889,3.139
0.37037037037037035,0.22485207100591717,0.0,0.641845406717928,-0.0330188679245283,0.7167963846346974,0.2191977077363897,-0.7061167908508058,-0.6862976050255202,0.7436781609195403,0.06860706860706861,0.05081300813008131,0.5319383259911894,0.6973132856790731,0.4254545454545455,-0.7099863201094391,0.9238532110091742,-0.8911564625850339,0.5696969696969697,0.8513323983169705,0.5998356614626129,3.868
0.3713713713713714,0.6071005917159764,0.0,0.7612302711452853,-0.04481132075471698,0.7165453175997991,0.20630372492836677,-0.7593138104314676,-0.7090694935217903,0.5417624521072797,0.2607068607068607,-0.2804878048780488,0.12555066079295155,0.7330539807739709,0.3357575757575758,-0.7643150283369162,0.860091743119266,-0.7094837935174069,0.14242424242424243,0.80548063437264,0.3779786359901397,3.173
0.37237237237237236,0.40828402366863903,0.0,0.7138810198300283,0.31839622641509435,0.7534521717298518,-0.01002865329512894,-0.6854964477560215,-0.707891637220259,0.5306513409961686,0.3076923076923077,-0.05894308943089431,0.2555066079295154,0.6913975844219866,0.22545454545454546,-0.7420363494234904,0.786697247706422,-0.6674669867947178,0.09797979797979799,0.8597475455820477,0.45028759244042726,2.935
0.3733733733733734,0.43431952662721895,0.0,0.5155807365439093,0.464622641509434,0.8154657293497364,-0.14613180515759314,-0.6373245538035003,-0.6478209658421672,0.442911877394636,0.41330561330561333,-0.3130081300813008,0.18226872246696035,0.7732314518116834,0.5636363636363637,-0.7170216923978894,0.8876146788990825,-0.6238495398159263,0.6555555555555556,0.7698780882511598,0.33689400164338534,2.837
0.3743743743743744,-0.09230769230769231,0.0,0.7110481586402265,-0.294811320754717,0.7745418026613106,-0.034383954154727794,-0.6910414139663836,-0.7832744405182568,0.7432950191570882,0.1708939708939709,-0.24796747967479674,0.7863436123348017,0.6852353956125214,0.03878787878787879,-0.7219073675982021,0.9045871559633026,-0.7859143657462985,-0.006060606060606061,0.8240371129571691,0.7181594083812654,3.894
0.37537537537537535,0.5360946745562131,0.0,0.538243626062323,0.5542452830188679,0.6906854130052723,0.2593123209169054,-0.4595390746837637,-0.6446800157047506,0.6187739463601533,0.2756756756756757,0.23577235772357724,0.33755506607929514,0.7377372442691643,0.36484848484848487,-0.7262067617744773,0.7830275229357798,-0.5658263305322129,0.45151515151515154,0.7576869133671378,0.7132292522596548,2.926
0.3763763763763764,0.3585798816568047,0.0,0.5698097936058275,0.33962264150943394,0.7768014059753954,-0.20200573065902577,-0.6884422110552764,-0.8276403612092658,0.4095785440613027,0.5891891891891893,-0.5386178861788619,0.1817180616740088,0.731082080354942,0.3103030303030303,-0.7656830173930037,0.8903669724770642,-0.6174469787915166,0.393939393939394,0.8638472327111878,0.49712407559572713,2.761
0.37737737737737737,0.5218934911242604,0.0,0.6050182112505059,0.2971698113207547,0.6545317599799146,0.25644699140401145,-0.6681684283486398,-0.591676482135846,0.4609195402298851,0.47900207900207903,-0.1361788617886179,0.177863436123348,0.6282967710130638,0.7757575757575759,-0.6382646081688489,0.8412844036697248,-0.6542617046818727,0.5262626262626263,0.7827165821555723,0.3377156943303204,2.631
0.3783783783783784,0.4272189349112426,0.0,0.44394981788749494,0.5235849056603774,0.7958825006276675,-0.37679083094555876,-0.44879570265118696,-0.7938751472320376,0.5195402298850575,0.5962577962577963,-0.30691056910569103,0.29625550660792954,0.8880946512201133,0.3963636363636364,-0.8295876490130937,0.8399082568807339,-0.6346538615446179,0.6393939393939394,0.815406192685295,0.4741166803615447,2.957
0.3793793793793794,0.47218934911242605,0.0,0.8085795224605422,0.08726415094339622,0.7667587245794627,0.6532951289398281,-0.8362502166002426,-0.6058107577542206,0.6099616858237549,0.004158004158004158,0.3800813008130081,0.35352422907488984,0.7793936406211486,0.25333333333333335,-0.7740863787375415,0.6839449541284404,-0.6978791516606643,-0.045454545454545456,0.8416226130111123,0.5110928512736236,3.355
0.38038038038038036,0.25680473372781065,0.0,0.745042492917847,-0.13679245283018868,0.8164699974893296,-0.11747851002865331,-0.7915439265291977,-0.8272477424420888,0.5291187739463602,0.37671517671517674,-0.40447154471544716,0.3970264317180616,0.7880207049543998,0.33090909090909093,-0.8290013679890561,0.85,-0.7066826730692277,0.44646464646464645,0.8335311252562304,0.5669679539852095,3.334
0.3813813813813814,0.5810650887573965,0.0,0.7778227438284095,-0.11792452830188681,0.8576449912126537,-0.06303724928366762,-0.7858256801247617,-0.812720848056537,0.4988505747126437,0.4411642411642412,-0.4369918699186992,0.4174008810572687,0.8348533399063347,0.42303030303030303,-0.8460035176861441,0.8036697247706421,-0.7286914765906362,0.1606060606060606,0.833423238752832,0.3442892358258011,2.833
0.38238238238238237,0.6284023668639054,0.0,0.6746256576284905,-0.15801886792452832,0.8910369068541301,-0.09169054441260746,-0.7213654479293017,-0.7978013349038083,0.6724137931034483,0.3446985446985447,-0.12601626016260162,0.5545154185022025,0.8942568400295785,0.36848484848484847,-0.8985733828415087,0.9022935779816513,-0.7294917967186875,0.40101010101010104,0.8312655086848635,0.6055875102711585,3.495
0.3833833833833834,0.42011834319526625,0.0,0.5774989882638608,-0.33018867924528306,0.7913632939994979,0.16475644699140404,-0.6965863801767458,-0.5940321947389084,0.6295019157088123,0.12474012474012475,0.31910569105691056,0.2868942731277533,0.7687946758688686,0.33818181818181825,-0.7822943130740668,0.8967889908256881,-0.6298519407763106,0.5161616161616162,0.8287841191066998,0.2982744453574363,3.989
0.3843843843843844,0.4260355029585799,0.0,0.6369890732496964,0.0660377358490566,0.6939492844589504,-0.29512893982808025,-0.6057875584820656,-0.7051433058500196,0.6340996168582376,0.525987525987526,-0.2601626016260163,0.3722466960352423,0.7175252649741187,0.41696969696969693,-0.7228845026382645,0.7724770642201834,-0.7118847539015606,0.20303030303030303,0.8310497356780667,0.561216105176664,3.227
0.38538538538538536,0.3076923076923077,0.0,0.6256576284904897,0.29245283018867924,0.7705247301029374,0.06446991404011461,-0.5912320221798648,-0.7522575579112681,0.5436781609195402,0.35592515592515594,-0.5223577235772358,0.3050660792951542,0.7996056199161942,0.40242424242424246,-0.7820988860660543,0.8761467889908255,-0.6270508203281312,0.46161616161616165,0.8925450426151688,0.46836483155299913,3.075
0.3863863863863864,0.14674556213017753,0.0,0.6620801295022257,-0.21462264150943397,0.746422294752699,0.08309455587392552,-0.6893086120256455,-0.6780526109148017,0.5452107279693487,0.08316008316008316,-0.5020325203252033,0.6778634361233481,0.702982499383781,0.12484848484848485,-0.7025600938049639,0.8545871559633027,-0.7591036414565826,0.24444444444444444,0.8020282662638903,0.7017255546425636,3.429
0.38738738738738737,0.6165680473372781,0.0,0.7932011331444759,0.4858490566037736,0.8182274667336178,0.09312320916905445,-0.7937965690521575,-0.845700824499411,0.4957854406130269,0.6187110187110187,-0.3638211382113821,0.1877753303964758,0.8491496179442937,0.2181818181818182,-0.8542114520226696,0.8298165137614678,-0.6066426570628252,0.06262626262626263,0.8181033552702557,0.4182415776499589,2.932
0.3883883883883884,0.6887573964497041,0.0,0.5726426547956293,0.45518867924528306,0.6763745920160683,-0.07163323782234958,-0.638537515162017,-0.6921868865331762,0.5616858237547893,0.316008316008316,-0.11788617886178862,0.3705947136563877,0.7729849642593049,0.2981818181818182,-0.7197576705100645,0.8747706422018348,-0.6722689075630252,0.3696969696969697,0.85273492286115,0.2654067378800329,2.995
0.3893893893893894,0.5668639053254437,0.0,0.5872116552003238,0.07075471698113207,0.9108712026110972,-0.5802292263610316,-0.6250216600242593,-0.8857479387514722,0.6417624521072798,0.6187110187110187,-0.44918699186991873,0.5611233480176211,0.9405964998767561,0.46181818181818185,-0.9151846785225718,0.8665137614678898,-0.7230892356942776,0.503030303030303,0.8203689718416226,0.6055875102711585,3.356
0.39039039039039036,0.5313609467455621,0.0,0.6535815459328207,-0.08018867924528303,0.7516947024855637,-0.27793696275071633,-0.6454687229249697,-0.7510797016097369,0.5383141762452107,0.47318087318087315,-0.4186991869918699,0.4476872246696035,0.7742174020211978,0.3575757575757576,-0.760406488176666,0.886697247706422,-0.6470588235294117,0.4,0.8429172510518934,0.4930156121610517,3.231
0.3913913913913914,0.40946745562130177,0.0,0.6240388506677459,-0.0660377358490566,0.7883504895807181,-0.16332378223495703,-0.6647028244671633,-0.7141735374950922,0.6260536398467433,0.2345114345114345,-0.034552845528455285,0.3700440528634361,0.8479171801824007,0.22303030303030305,-0.8006644518272427,0.8573394495412844,-0.7026810724289716,0.45252525252525255,0.8504693062897831,0.40262941659819224,3.597
0.3923923923923924,0.4627218934911243,0.0,0.7620396600566572,-0.025943396226415092,0.7358774792869696,0.2363896848137536,-0.7615664529544273,-0.734982332155477,0.5333333333333333,0.40873180873180875,-0.30284552845528456,0.16024229074889867,0.7333004683263494,0.25696969696969696,-0.7142857142857143,0.7646788990825688,-0.6494597839135654,0.14747474747474748,0.8424857050382997,0.4889071487263763,2.746
0.3933933933933934,0.4437869822485207,0.0,0.5977337110481586,0.3915094339622642,0.7549585739392418,0.07879656160458454,-0.6064806792583608,-0.6815861798193953,0.46360153256704983,0.5372141372141372,-0.3455284552845529,0.17180616740088106,0.8693615972393394,0.3854545454545455,-0.814344342388118,0.7633027522935779,-0.5894357743097239,0.37373737373737376,0.8621210486568129,0.410024650780608,2.562
0.3943943943943944,0.336094674556213,0.0,0.641440712262242,0.09905660377358491,0.8639216670851116,-0.1189111747851003,-0.6969329405648935,-0.7930899096976836,0.5363984674329502,0.4041580041580042,-0.5508130081300814,0.37279735682819387,0.8540793689918658,0.24363636363636365,-0.8454172366621067,0.7311926605504587,-0.6298519407763106,0.10606060606060606,0.7698780882511598,0.4798685291700903,2.742
0.3953953953953954,0.6958579881656805,0.0,0.6390125455281263,0.2783018867924528,0.7122771780065278,-0.14040114613180518,-0.6368047132212787,-0.6890459363957596,0.47318007662835254,0.5704781704781706,-0.16463414634146342,0.09691629955947136,0.6667488291841261,0.2206060606060606,-0.6810631229235881,0.8747706422018348,-0.4789915966386555,0.398989898989899,0.8378465853921674,0.22267871815940837,2.759
0.3963963963963964,0.5680473372781065,0.0,0.7159044921084581,0.3915094339622642,0.9216670851117248,-0.2664756446991404,-0.6924276555189742,-0.8056537102473498,0.46590038314176246,0.6557172557172557,-0.10772357723577236,0.2791850220264317,0.8952427902390929,0.4848484848484849,-0.8893883134649209,0.8706422018348623,-0.575030012004802,0.24545454545454545,0.8897399935268098,0.5891536565324568,3.05
0.3973973973973974,0.3408284023668639,0.0,0.6325374342371509,0.14386792452830188,0.8606577956314335,-0.1189111747851003,-0.6939871772656385,-0.8150765606595995,0.33946360153256705,0.6927234927234928,-0.4186991869918699,-0.0919603524229075,0.8959822528962286,0.009696969696969697,-0.8678913425835451,0.8298165137614678,-0.46938775510204084,0.298989898989899,0.7817456036249866,0.3459326211996713,2.516
0.3983983983983984,0.514792899408284,0.0,0.3642250101173614,-0.24764150943396226,0.7579713783580216,-0.5587392550143268,-0.3935193207416392,-0.6454652532391048,0.7835249042145594,0.4656964656964658,0.16463414634146342,0.526431718061674,0.7680552132117328,0.52,-0.7676372874731288,0.8844036697247706,-0.6490596238495399,0.7929292929292929,0.7659941741288164,0.7576006573541495,4.171
0.3993993993993994,0.42248520710059173,0.0,0.519627681100769,-0.01650943396226415,0.847602309816721,-0.5959885386819485,-0.5373418818229077,-0.70239497447978,0.5314176245210728,0.6374220374220374,-0.37398373983739835,0.3265418502202643,0.8506285432585654,0.6181818181818183,-0.8188391635724058,0.9637614678899081,-0.6610644257703081,0.8404040404040404,0.8753910885748194,0.5636811832374692,3.493
0.4004004004004004,0.2804733727810651,0.0,0.6264670174018616,-0.4481132075471698,0.8526236505146874,0.03151862464183381,-0.6941604574597124,-0.7703180212014133,0.6750957854406131,0.15841995841995843,-0.30081300813008127,0.7461453744493391,0.8528469312299728,0.2642424242424243,-0.8456126636701192,0.8839449541284403,-0.8087234893957582,0.24646464646464647,0.8136800086309203,0.6425636811832375,3.594
0.4014014014014014,0.6568047337278107,0.0,0.6499392958316471,0.6462264150943396,0.868943007783078,-0.1361031518624642,-0.7321088199618783,-0.75736160188457,0.489272030651341,0.46943866943866946,-0.06707317073170732,0.28634361233480177,0.8402760660586639,0.31393939393939396,-0.8290013679890561,0.846788990825688,-0.6934773909563826,0.3181818181818182,0.8588844535548603,0.3155299917830731,2.708
0.4024024024024024,0.557396449704142,0.0,0.8656414407122621,0.09669811320754718,0.7644991212653778,0.1332378223495702,-0.8873678738520188,-0.62465645857872,0.6743295019157088,0.07941787941787942,-0.17073170731707318,0.4185022026431718,0.7808725659354202,0.35393939393939394,-0.7674418604651163,0.8715596330275228,-0.7511004401760704,0.24545454545454545,0.8532743553781421,0.447822514379622,3.348
0.4034034034034034,0.48994082840236686,0.0,0.6523674625657628,-0.28773584905660377,0.8568917901079588,0.1848137535816619,-0.684110206203431,-0.6815861798193953,0.7306513409961686,0.1051975051975052,0.06300813008130081,0.5765418502202643,0.8949963026867142,0.20242424242424245,-0.8587062732069572,0.7509174311926605,-0.7346938775510204,0.2909090909090909,0.8273815945625201,0.4880854560394412,3.802
0.4044044044044044,0.7136094674556213,0.0,0.5544314042897612,-0.2099056603773585,0.9369821742405222,-0.3538681948424069,-0.6144515681857563,-0.8264625049077345,0.47777777777777786,0.6016632016632018,-0.5609756097560976,0.22962555066079293,0.9620409169336948,0.4654545454545455,-0.9122532734023843,0.8233944954128439,-0.6182472989195678,0.43232323232323233,0.8447513216096666,0.41495480690221853,2.89
0.40540540540540543,0.3467455621301775,0.0,0.877782274382841,0.15801886792452832,0.7695204619633442,0.1332378223495702,-0.9849246231155779,-0.7820965842167255,0.4965517241379311,0.24116424116424118,-0.17886178861788618,0.3265418502202643,0.7296031550406704,0.16848484848484852,-0.760797342192691,0.7876146788990825,-0.7723089235694277,0.05353535353535353,0.884992987377279,0.42481511914543957,2.883
0.4064064064064064,0.43905325443786986,0.0,0.8126264670174018,0.14858490566037735,0.773286467486819,0.17191977077363899,-0.7397331485011264,-0.7200628190027483,0.5038314176245211,0.3937629937629938,-0.5020325203252033,0.21090308370044053,0.8057678087256593,0.3175757575757576,-0.7420363494234904,0.8665137614678898,-0.680672268907563,0.36363636363636365,0.8691336713777106,0.4527526705012325,2.9
0.4074074074074074,0.5100591715976331,0.0,0.783083771752327,-0.16037735849056606,0.7715289982425307,0.16762177650429802,-0.7425056316063074,-0.7373380447585394,0.6199233716475097,0.2602910602910603,0.13414634146341464,0.2725770925110132,0.7510475720976091,0.27272727272727276,-0.7842485831541919,0.7573394495412844,-0.7306922769107643,0.20202020202020204,0.8500377602761894,0.34839769926047653,3.398
0.4084084084084084,0.5834319526627219,0.0,0.5354107648725213,-0.02122641509433962,0.815967863419533,-0.20773638968481375,-0.5373418818229077,-0.8099725166862977,0.40689655172413797,0.5966735966735968,-0.6686991869918699,0.38160792951541844,0.8210500369731327,0.5054545454545455,-0.8059409810435801,0.8403669724770642,-0.5330132052821128,0.5070707070707071,0.8050490883590462,0.723911257189811,2.605
0.4094094094094094,0.7952662721893492,0.0,0.5738567381626871,0.6084905660377359,0.7017323625407984,0.28510028653295133,-0.5739040027724831,-0.6007067137809187,0.4272030651340996,0.5401247401247401,0.3861788617886179,-0.1723568281938326,0.7389696820310574,0.536969696969697,-0.6925933163963259,0.8729357798165137,-0.46498599439775906,0.49797979797979797,0.890279426043802,0.5004108463434676,3.054
0.41041041041041043,0.5562130177514792,0.0,0.6819101578308377,-0.3231132075471698,0.6854130052724077,-0.19914040114613182,-0.6354184716686883,-0.6607773851590106,0.5869731800766284,0.35841995841995844,-0.034552845528455285,0.23348017621145373,0.674389943307863,0.2375757575757576,-0.6834082470197381,0.8316513761467889,-0.6882753101240496,0.28181818181818186,0.8171323767396699,0.43796220213640097,3.272
0.4114114114114114,0.7100591715976331,0.0,0.6499392958316471,0.30424528301886794,0.713281446146121,0.027220630372492838,-0.6730202737827067,-0.7255594817432273,0.48237547892720306,0.43991683991684,-0.21544715447154472,0.20870044052863435,0.7456248459452797,0.3963636363636364,-0.7363689661911276,0.9009174311926604,-0.5770308123249299,0.4,0.8571582695004855,0.36729663105998356,2.853
0.4124124124124124,0.7266272189349112,0.0,0.5718332658842574,0.21933962264150944,0.8011549083605322,-0.14613180515759314,-0.5621209495754635,-0.7063211621515508,0.44636015325670503,0.5413721413721414,-0.20325203252032523,0.2279735682819383,0.8464382548681291,0.650909090909091,-0.8192300175884307,0.8385321100917431,-0.5354141656662665,0.6484848484848486,0.8111986190527565,0.5316351684470008,3.04
0.4134134134134134,0.39408284023668644,0.0,0.6932416025900445,0.39386792452830194,0.6831534019583229,0.15616045845272208,-0.5834344134465431,-0.6792304672163328,0.5858237547892721,0.30852390852390854,-0.22357723577235772,0.33480176211453744,0.7145674143455755,0.26666666666666666,-0.6814539769396131,0.7637614678899082,-0.6718687474989996,0.1686868686868687,0.80548063437264,0.5710764174198849,3.169
0.4144144144144144,0.22721893491124262,0.0,0.5839740995548361,-0.1839622641509434,0.7833291488827517,-0.11747851002865331,-0.7426789118003811,-0.7031802120141342,0.7486590038314176,0.18835758835758837,-0.006097560975609756,0.5258810572687225,0.754744885383288,0.3175757575757576,-0.7435997654875904,0.8036697247706421,-0.8223289315726291,0.23333333333333334,0.8764699536088035,0.5653245686113393,3.669
0.41541541541541543,0.791715976331361,0.0,0.7486847430190207,0.3679245283018868,0.7735375345217173,-0.07020057306590259,-0.7509963611159244,-0.7993718099725167,0.26015325670498085,0.7276507276507277,-0.2947154471544715,-0.19052863436123346,0.816613261030318,0.14060606060606062,-0.7846394371702169,0.8146788990825687,-0.5050020008003201,0.14747474747474748,0.8387096774193549,0.2555464256368118,2.341
0.4164164164164164,0.6568047337278107,0.0,0.4815864022662889,0.8254716981132075,0.733868943007783,-0.25501432664756446,-0.4782533356437359,-0.6230859835100118,0.4708812260536399,0.6253638253638254,-0.032520325203252036,0.07654185022026432,0.8267192506778407,0.7296969696969697,-0.7637287473128787,0.6912844036697247,-0.581032412965186,0.7747474747474747,0.8157298521954903,0.4749383730484798,2.507
0.4174174174174174,0.43550295857988164,0.0,0.6382031566167543,-0.31839622641509435,0.935224704996234,-0.29369627507163326,-0.632819268757581,-0.779348252846486,0.4708812260536399,0.5006237006237007,-0.3089430894308943,0.355726872246696,0.9016514666009365,0.2509090909090909,-0.8901700214969708,0.8224770642201834,-0.5806322529011605,0.16161616161616163,0.8797065487107563,0.5390304026294166,2.985
0.4184184184184184,0.47692307692307695,0.0,0.6556050182112505,-0.051886792452830184,0.8019081094652272,0.36532951289398286,-0.6900017328019408,-0.6340793089909698,0.6900383141762452,0.1970893970893971,-0.01016260162601626,0.46640969162995594,0.8153808232684249,0.5672727272727274,-0.7783857729138167,0.8697247706422018,-0.7547018807523008,0.301010101010101,0.8475563706980257,0.6368118323746919,3.78
0.4194194194194194,0.5727810650887574,0.0,0.8247673006879804,-0.08726415094339622,0.9078583981923174,-0.2177650429799427,-0.8277594870906255,-0.790734197094621,0.5494252873563218,0.577962577962578,-0.16869918699186992,0.1976872246696035,0.9171801824007887,0.3212121212121212,-0.9403947625561854,0.8233944954128439,-0.6318527410964385,0.18181818181818182,0.8479879167116194,0.4486442070665571,3.269
0.42042042042042044,0.7017751479289941,0.0,0.517604208822339,0.35377358490566035,0.7479286969620889,-0.3510028653295129,-0.5952174666435627,-0.6329014526894385,0.5103448275862069,0.5230769230769231,-0.09552845528455285,0.11563876651982379,0.7690411634212472,0.49818181818181817,-0.7439906195036153,0.8059633027522934,-0.6310524209683873,0.5969696969696969,0.7937210055022117,0.5398520953163517,2.947
0.4214214214214214,0.5514792899408284,0.0,0.6082557668959935,-0.14858490566037735,0.6921918152146623,0.2191977077363897,-0.6813377230982499,-0.6254416961130742,0.7643678160919541,0.0760914760914761,0.18089430894308942,0.5154185022026432,0.701750061621888,0.27151515151515154,-0.6794997068594879,0.8238532110091743,-0.8019207683073228,0.44747474747474747,0.8280289135829108,0.40920295809367296,3.894
0.42242242242242245,0.39881656804733734,0.0,0.6721974908943747,-0.049528301886792456,0.800150640220939,0.09312320916905445,-0.7549818055796222,-0.6929721240675304,0.7187739463601532,0.07775467775467776,-0.2378048780487805,0.5187224669603524,0.8195711116588612,0.07151515151515152,-0.7932382255227672,0.7633027522935779,-0.7735094037615046,0.2787878787878788,0.8861797389146618,0.6820049301561215,3.545
0.42342342342342343,0.6958579881656805,0.0,0.5422905706191825,0.5141509433962265,0.7100175746924429,-0.07020057306590259,-0.5704383988910068,-0.6780526109148017,0.35862068965517246,0.649064449064449,-0.3048780487804878,0.0027533039647577094,0.7850628543258564,0.5636363636363637,-0.7267930427985148,0.8128440366972477,-0.5370148059223689,0.6989898989898989,0.8455065271334555,0.34264585045193097,2.384
0.4244244244244244,0.39171597633136096,0.0,0.5912585997571833,-0.007075471698113208,0.8932965101682149,0.16332378223495703,-0.6142782879916826,-0.7522575579112681,0.6720306513409962,0.2494802494802495,-0.19308943089430894,0.5214757709251101,0.8824254375154054,0.376969696969697,-0.8878248974008208,0.9036697247706421,-0.7086834733893557,0.2646464646464647,0.8500377602761894,0.5973705834018077,3.849
0.42542542542542544,0.4366863905325444,0.0,0.6734115742614326,-0.1627358490566038,0.6901832789354758,0.29656160458452724,-0.7733495061514469,-0.6270121711817824,0.6954022988505747,-0.04948024948024948,-0.12398373983739837,0.538546255506608,0.7185112151836331,0.12848484848484848,-0.7156537033418018,0.8408256880733944,-0.885954381752701,0.19393939393939394,0.8278131405761139,0.5497124075595727,3.562
0.4264264264264264,0.5254437869822486,0.0,0.5333872925940915,0.3608490566037736,0.8312829525483304,-0.2893982808022923,-0.5108300121296135,-0.8280329799764429,0.43716475095785445,0.6307692307692307,-0.3313008130081301,0.23623348017621143,0.830909539068277,0.2884848484848485,-0.8069181160836427,0.8091743119266055,-0.5330132052821128,0.4545454545454546,0.7166900420757363,0.4239934264585045,2.722
0.42742742742742745,0.31124260355029587,0.0,0.8215297450424928,-0.5,0.7810695455686669,0.5329512893982808,-0.9133599029630913,-0.6788378484491558,0.9609195402298851,-0.3002079002079002,0.32113821138211385,0.7257709251101322,0.722947991126448,0.29454545454545455,-0.7705686925933164,0.7958715596330275,-0.9839935974389756,0.08888888888888888,0.837738698888769,0.456861133935908,4.564
0.42842842842842843,0.43905325443786986,0.0,0.5641440712262241,0.5660377358490566,0.7968867687672608,-0.4656160458452723,-0.7161670421070871,-0.8217510797016097,0.5072796934865901,0.61995841995842,-0.5487804878048781,0.3584801762114537,0.8432339166872072,0.5563636363636364,-0.8059409810435801,0.9366972477064218,-0.6646658663465386,0.6121212121212121,0.8382781314057611,0.33278553820870993,2.775
0.4294294294294294,0.48284023668639053,0.0,0.518413597733711,0.02830188679245283,0.7233241275420537,-0.19340974212034387,-0.5972968289724485,-0.7122104436592069,0.5195402298850575,0.6232848232848234,-0.33943089430894313,0.30561674008810574,0.7764357899926053,0.8824242424242424,-0.7291381668946648,0.8839449541284403,-0.6962785114045618,0.685858585858586,0.8345021037868163,0.6220213640098603,3.091
0.43043043043043044,0.6863905325443787,0.0,0.5524079320113314,0.41273584905660377,0.8408234998744665,0.044412607449856735,-0.6016288338242939,-0.5999214762465646,0.5440613026819924,0.39584199584199586,0.0040650406504065045,0.04845814977973568,0.872072960315504,0.4690909090909091,-0.823920265780731,0.8720183486238532,-0.6718687474989996,0.44343434343434346,0.835473082317402,0.43796220213640097,3.476
0.4314314314314314,0.2828402366863905,0.0,0.6292998785916633,-0.07311320754716981,0.6726085864925935,-0.13180515759312322,-0.6381909547738693,-0.7479387514723204,0.6942528735632184,0.23617463617463616,-0.05691056910569106,0.5484581497797356,0.6632980034508257,0.2509090909090909,-0.6822356849716631,0.691743119266055,-0.8123249299719887,0.09090909090909091,0.8760384075952098,0.42810188989317993,2.965
0.43243243243243246,0.5159763313609468,0.0,0.744233104006475,0.17452830188679244,0.7677629927190559,0.34097421203438394,-0.7707503032403397,-0.5995288574793874,0.6061302681992338,0.10145530145530146,0.2459349593495935,0.3623348017621145,0.769780626078383,0.2545454545454546,-0.7654875903849911,0.8155963302752293,-0.7250900360144058,0.15151515151515152,0.8621210486568129,0.5267050123253902,3.34
0.43343343343343343,0.3005917159763314,0.0,0.6495346013759611,-0.10613207547169812,0.724328395681647,0.33524355300859604,-0.6823774042626928,-0.5826462504907735,0.7402298850574712,0.002079002079002079,0.09959349593495935,0.5335903083700441,0.7022430367266453,0.4545454545454546,-0.7142857142857143,0.8555045871559632,-0.8175270108043218,0.25252525252525254,0.8037544503182652,0.5792933442892357,3.968
0.4344344344344344,0.5585798816568047,0.0,0.6341562120598947,0.12264150943396226,0.8275169470248556,-0.011461318051575933,-0.6757927568878878,-0.7487239890066745,0.5455938697318008,0.5679833679833681,-0.22357723577235772,0.1938325991189427,0.8831649001725412,0.3903030303030303,-0.8612468243111198,0.810091743119266,-0.6450580232092837,0.36767676767676766,0.8559715179631028,0.6023007395234182,2.942
0.43543543543543545,0.5467455621301776,0.0,0.4277620396600566,-0.4858490566037736,0.751945769520462,-0.17048710601719197,-0.46283139837116616,-0.6493914409108754,0.6697318007662836,0.3239085239085239,0.032520325203252036,0.41409691629955947,0.7054473749075671,0.38787878787878793,-0.7320695720148525,0.8279816513761467,-0.6342537014805922,0.5909090909090908,0.8924371561117704,0.9671322925225965,3.79
0.4364364364364364,0.6059171597633136,0.0,0.7175232699312019,-0.058962264150943404,0.7052473010293748,0.017191977077363897,-0.7352278634552072,-0.6650961915979583,0.7149425287356322,0.21829521829521834,0.03048780487804878,0.37665198237885467,0.7488291841262015,0.16969696969696973,-0.719171389486027,0.8022935779816514,-0.7146858743497398,0.11111111111111112,0.791023842917251,0.5521774856203779,3.611
0.43743743743743746,0.4,0.0,0.7365439093484419,0.040094339622641514,0.8307808184785338,-0.002865329512893983,-0.7875584820654999,-0.8217510797016097,0.6915708812260537,0.15966735966735968,-0.21951219512195122,0.6349118942731278,0.8567907320680305,0.2787878787878788,-0.8205980066445182,0.768348623853211,-0.824329731892757,0.2585858585858586,0.8752832020714209,0.49055053410024646,3.106
0.43843843843843844,0.4532544378698225,0.0,0.7005261027923918,0.2830188679245283,0.7785588752196836,0.0014326647564469916,-0.8414486224224571,-0.7279151943462897,0.5858237547892721,0.45862785862785865,-0.40650406504065045,0.21806167400881057,0.850875030810944,0.6206060606060606,-0.8114129372679304,0.8990825688073394,-0.7883153261304522,0.5616161616161617,0.8622289351602115,0.3763352506162695,3.159
0.4394394394394394,0.3857988165680474,0.0,0.6908134358559288,-0.23113207547169812,0.8433341702234496,-0.29512893982808025,-0.7775082308092185,-0.8841774636827638,0.43639846743295024,0.7022869022869024,-0.2947154471544715,0.15363436123348018,0.8424944540300714,0.1878787878787879,-0.8587062732069572,0.8353211009174311,-0.5802320928371348,0.34747474747474744,0.8845614413636854,0.45932621199671325,2.816
0.44044044044044045,0.5964497041420118,0.0,0.5779036827195467,0.16509433962264153,0.7953803665578709,0.04727793696275072,-0.6886154912493503,-0.7569689831173929,0.5808429118773947,0.5438669438669439,0.08739837398373983,0.3474669603524229,0.8661572590584175,0.7793939393939394,-0.8022278678913427,0.8178899082568807,-0.6662665066026411,0.6636363636363637,0.8762541806020067,0.42892358258011504,3.402
0.44144144144144143,0.5218934911242604,0.0,0.7256171590449211,-0.21933962264150944,0.7577203113231232,0.07736389684813753,-0.7007451048345174,-0.6140557518649391,0.5762452107279694,0.21787941787941792,-0.07723577235772358,0.31167400881057267,0.7890066551639142,0.3806060606060606,-0.748094586671878,0.7238532110091743,-0.7446978791516606,0.13636363636363638,0.883698349336498,0.5677896466721445,3.011
0.44244244244244246,0.2627218934911243,0.0,0.6547956292998786,0.6768867924528301,0.5844840572432839,0.3008595988538682,-0.7373072257840929,-0.6595995288574793,0.5704980842911878,0.06444906444906445,-0.2682926829268293,0.3568281938325991,0.6216416070988414,0.024242424242424246,-0.5831541919093218,0.7536697247706422,-0.7795118047218887,0.12424242424242424,0.7152875175315567,0.3689400164338537,2.653
0.44344344344344344,0.40946745562130177,0.0,0.546742209631728,0.28537735849056606,0.8679387396434848,-0.20487106017191978,-0.5972968289724485,-0.7938751472320376,0.45785440613026823,0.7563409563409563,-0.1910569105691057,0.019823788546255505,0.8691151096869607,0.4303030303030303,-0.854016025014657,0.7582568807339449,-0.579031612645058,0.33333333333333337,0.859315999568454,0.4297452752670501,2.762
0.4444444444444444,0.7562130177514793,0.0,0.7110481586402265,-0.375,0.6547828270148129,0.3553008595988539,-0.7636458152833131,-0.6505692972124067,0.5601532567049808,0.14137214137214138,0.13821138211382114,0.20594713656387664,0.7485826965738229,0.14545454545454545,-0.7275747508305648,0.7999999999999999,-0.756702681072429,0.28888888888888886,0.8469090516776351,0.21939194741166804,3.326
0.44544544544544545,0.4603550295857988,0.0,0.6313233508700931,0.049528301886792456,0.7499372332412755,0.012893982808022923,-0.641309998267198,-0.7141735374950922,0.5793103448275863,0.2307692307692308,-0.1951219512195122,0.25715859030837007,0.7335469558787281,0.10666666666666666,-0.7606019151846785,0.8155963302752293,-0.697078831532613,0.19595959595959597,0.7830402416657676,0.5579293344289236,3.085
0.44644644644644643,0.6745562130177515,0.0,0.7705382436260623,0.014150943396226415,0.7537032387647501,0.1905444126074499,-0.7584474094610986,-0.6207302709069493,0.7551724137931035,-0.09147609147609148,0.12804878048780488,0.5159691629955947,0.7574562484594527,0.08484848484848487,-0.7400820793433652,0.7532110091743118,-0.8119247699079631,0.14040404040404042,0.8472327111878304,0.4437140509449466,3.692
0.44744744744744747,0.3431952662721893,0.0,0.6203966005665722,0.3867924528301887,0.7323625407983931,-0.09885386819484242,-0.50476520533703,-0.6164114644680015,0.7720306513409962,0.22952182952182956,0.5508130081300814,0.401431718061674,0.7054473749075671,0.1587878787878788,-0.7129177252296267,0.8633027522935779,-0.7014805922368946,0.4151515151515151,0.8586686805480633,0.6598192276088742,3.959
0.44844844844844844,0.6639053254437871,0.0,0.6507486847430191,-0.14858490566037735,0.7105197087622395,-0.23352435530085963,-0.7236180904522613,-0.7828818217510797,0.4272030651340996,0.5239085239085239,-0.7317073170731707,0.204295154185022,0.7628789746117821,0.24121212121212124,-0.7258159077584522,0.7454128440366972,-0.6434573829531813,0.2919191919191919,0.7918869349444384,0.43467543138866066,2.566
0.4494494494494494,0.6094674556213018,0.0,0.5722379603399433,-0.07547169811320754,0.8026613105699222,-0.33524355300859604,-0.5401143649280887,-0.8084020416175893,0.4222222222222223,0.7076923076923077,-0.31910569105691056,0.16189427312775329,0.8540793689918658,0.3757575757575758,-0.8170803205002931,0.7729357798165137,-0.4805922368947579,0.4808080808080808,0.8595317725752508,0.2497945768282662,2.625
0.45045045045045046,0.3585798816568047,0.0,0.5354107648725213,-0.0330188679245283,0.9465227215666583,-0.09742120343839543,-0.5600415872465777,-0.7722811150372988,0.5582375478927204,0.4311850311850312,-0.31910569105691056,0.43171806167400884,0.9874291348286911,0.4412121212121212,-0.9304279851475474,0.8417431192660549,-0.6354541816726691,0.5262626262626263,0.864926097745172,0.5488907148726376,3.098
0.45145145145145144,0.40591715976331366,0.0,0.5694050991501416,0.2641509433962264,0.9239266884258097,-0.37965616045845274,-0.5205337029977474,-0.7444051825677267,0.6153256704980844,0.4652806652806653,-0.25609756097560976,0.3937224669603524,0.953167365048065,0.2363636363636364,-0.9001367989056087,0.8958715596330274,-0.6094437775110043,0.48484848484848486,0.8063437263998274,0.44207066557107644,3.092
0.45245245245245247,0.12071005917159763,0.0,0.5714285714285714,-0.19339622641509435,0.7494350991714788,-0.2177650429799427,-0.53699532143476,-0.7290930506478209,0.6337164750957854,0.3205821205821206,-0.13821138211382114,0.5286343612334802,0.7421740202119792,0.1878787878787879,-0.7353918311510651,0.8220183486238531,-0.6686674669867947,0.602020202020202,0.7873557018017046,0.5505341002465078,3.565
0.45345345345345345,0.3680473372781065,0.0,0.5835694050991501,-0.5,0.6997238262616118,0.13180515759312322,-0.5012996014555536,-0.5170789163722025,0.6452107279693486,0.1126819126819127,0.23983739837398374,0.3783039647577093,0.651220113384274,0.36848484848484847,-0.6316200898964237,0.8133027522935778,-0.6738695478191276,0.301010101010101,0.8286762326033014,0.6080525883319639,3.673
0.4544544544544545,0.4887573964497041,0.0,0.7094293808174827,0.3066037735849057,0.7200602560883755,0.03724928366762178,-0.7858256801247617,-0.6804083235178642,0.5835249042145594,0.25654885654885656,-0.30284552845528456,0.23733480176211452,0.7510475720976091,0.2545454545454546,-0.7344146961110025,0.875229357798165,-0.6666666666666666,0.35353535353535354,0.7828244686589708,0.5414954806902218,3.14
0.45545545545545546,0.44497041420118344,0.0,0.5726426547956293,-0.18632075471698115,0.7582224453929199,-0.2979942693409742,-0.676485877664183,-0.707499018453082,0.6386973180076628,0.43243243243243246,0.13414634146341464,0.30121145374449343,0.7488291841262015,0.3066666666666667,-0.7437951924956029,0.8761467889908255,-0.6706682673069227,0.3686868686868687,0.7998705361959219,0.5135579293344289,3.698
0.45645645645645644,0.3337278106508876,0.0,0.6701740186159449,-0.2971698113207547,0.7637459201606829,-0.14469914040114615,-0.6335123895338763,-0.7997644287396937,0.514176245210728,0.32972972972972975,-0.4329268292682927,0.3904185022026431,0.7227015035740695,0.003636363636363637,-0.7351964041430525,0.8559633027522936,-0.6502601040416166,0.1303030303030303,0.8214478368756069,0.45357436318816763,3.156
0.4574574574574575,0.3905325443786983,0.0,0.5451234318089841,-0.6863207547169811,0.8275169470248556,-0.26217765042979946,-0.6718073124241899,-0.7856301531213191,0.7000000000000001,0.16798336798336802,-0.524390243902439,0.736784140969163,0.8158737983731821,0.4921212121212122,-0.8325190541332812,0.9963302752293578,-0.8219287715086033,0.47171717171717176,0.8466932786708382,0.6836483155299917,3.933
0.45845845845845845,0.19171597633136095,0.0,0.5843787940105221,0.11084905660377359,0.8074315842329902,-0.2191977077363897,-0.619649974007971,-0.8433451118963486,0.685823754789272,0.47692307692307695,-0.18902439024390244,0.6800660792951542,0.8030564456494946,0.5296969696969698,-0.8460035176861441,0.8766055045871559,-0.800720288115246,0.6303030303030303,0.8226345884129895,0.666392769104355,3.561
0.4594594594594595,0.7207100591715977,0.0,0.6398219344394981,0.8231132075471698,0.6497614863168466,0.09169054441260746,-0.6232888580835211,-0.6329014526894385,0.3409961685823755,0.456964656964657,-0.3170731707317073,-0.15308370044052863,0.711116588612275,0.08242424242424244,-0.7123314442055892,0.7931192660550459,-0.5074029611844738,0.3595959595959596,0.8046175423454526,0.3377156943303204,2.166
0.46046046046046046,0.44023668639053254,0.0,0.7021448806151356,0.0023584905660377358,0.804920913884007,0.24355300859598858,-0.682204124068619,-0.6674519042010207,0.4900383141762452,0.45488565488565497,-0.17682926829268292,0.17676211453744492,0.8506285432585654,0.3672727272727273,-0.8231385577486808,0.8729357798165137,-0.5142056822729091,0.30808080808080807,0.8912504045743876,0.5283483976992605,3.281
0.46146146146146144,0.5928994082840237,0.0,0.7685147713476326,-0.13679245283018868,0.6700979161436104,-0.16189111747851004,-0.7289897764685497,-0.6882606988614055,0.5245210727969349,0.36133056133056135,-0.21341463414634146,0.29625550660792954,0.6734039930983485,0.09333333333333334,-0.693765878444401,0.7825688073394494,-0.6062424969987995,-0.07878787878787878,0.8018124932570936,0.2744453574363188,3.087
0.4624624624624625,0.20236686390532546,0.0,0.6475111290975314,-0.2688679245283019,0.8240020085362791,-0.24785100286532952,-0.6920810951308266,-0.9297212406753042,0.6237547892720307,0.3941787941787942,-0.42073170731707316,0.6894273127753304,0.8306630515158984,0.2690909090909091,-0.8252882548368184,0.8311926605504587,-0.7250900360144058,0.4080808080808081,0.8304024166576761,0.5439605587510271,3.378
0.46346346346346345,0.09585798816568047,0.0,0.6155402670983406,-0.09905660377358491,0.556113482299774,-0.24785100286532952,-0.6428695200138624,-0.6800157047506871,0.5693486590038315,0.27983367983367985,-0.2378048780487805,0.3755506607929516,0.5536110426423465,0.17575757575757575,-0.5555989837795583,0.8394495412844036,-0.6638655462184874,0.24141414141414141,0.8681626928471249,0.705012325390304,3.081
0.4644644644644645,0.5159763313609468,0.0,0.7053824362606232,0.17452830188679244,0.7424052221943258,-0.1489971346704871,-0.7326286605440998,-0.7404789948959559,0.6118773946360153,0.43201663201663204,0.016260162601626018,0.24559471365638766,0.8323884643825485,0.12363636363636364,-0.7733046707054915,0.8720183486238532,-0.6362545018007203,0.3515151515151515,0.8178875822634589,0.4313886606409203,3.327
0.46546546546546547,0.25680473372781065,0.0,0.7235936867664913,-0.5707547169811321,0.6806427316093396,0.19914040114613182,-0.8054063420551031,-0.7161366313309776,0.7256704980842912,0.05945945945945946,0.07926829268292683,0.5099118942731278,0.6704461424698053,0.21212121212121213,-0.6693375024428375,0.7894495412844037,-0.8415366146458584,0.3505050505050505,0.7943683245226023,0.5382087099424815,3.803
0.46646646646646645,0.3952662721893491,0.0,0.687980574666127,0.04716981132075472,0.7815716796384634,0.09598853868194844,-0.6711141916478947,-0.7475461327051433,0.6053639846743295,0.18877338877338878,-0.20325203252032523,0.32103524229074887,0.6921370470791224,-0.0787878787878788,-0.7281610318546023,0.8160550458715595,-0.6274509803921569,0.04141414141414142,0.8573740425072823,0.6450287592440427,3.139
0.4674674674674675,0.4686390532544379,0.0,0.6653176851477134,-0.419811320754717,0.7200602560883755,0.0,-0.790330965170681,-0.801334903808402,0.517624521072797,0.29521829521829523,-0.6260162601626016,0.45980176211453744,0.7451318708405226,0.21575757575757576,-0.7322649990228649,0.7435779816513761,-0.7579031612645057,0.24646464646464647,0.8691336713777106,0.34264585045193097,2.807
0.46846846846846846,0.1988165680473373,0.0,0.7098340752731688,0.08018867924528303,0.7130303791112227,-0.022922636103151865,-0.6880956506671287,-0.7090694935217903,0.6007662835249042,0.31143451143451145,-0.1910569105691057,0.263215859030837,0.7175252649741187,0.35515151515151516,-0.7508305647840532,0.8880733944954128,-0.7414965986394557,0.3202020202020202,0.864926097745172,0.42892358258011504,3.257
0.4694694694694695,0.5124260355029586,0.0,0.8033184945366248,-0.2759433962264151,0.804920913884007,-0.05014326647564471,-0.7380003465603883,-0.7306635257165291,0.6547892720306514,0.2553014553014553,-0.1951219512195122,0.3524229074889868,0.7784076904116342,0.2496969696969697,-0.7613836232167286,0.8633027522935779,-0.7819127651060424,0.302020202020202,0.8637393462077895,0.36236647493837304,3.553
0.47047047047047047,0.22011834319526627,0.0,0.688789963577499,-0.30424528301886794,0.713281446146121,0.06446991404011461,-0.7184196846300468,-0.6340793089909698,0.7739463601532568,0.08274428274428275,0.13821138211382114,0.6530837004405285,0.7007641114123736,0.3672727272727273,-0.7019738127809263,0.8004587155963303,-0.8791516606642656,0.17575757575757575,0.7947998705361959,0.6737880032867707,3.764
0.47147147147147145,0.4473372781065089,0.0,0.6944556859571024,0.10849056603773585,0.7484308310318855,-0.05587392550143267,-0.740946109859643,-0.6745190420102081,0.42145593869731807,0.5330561330561331,-0.23170731707317074,0.03964757709251101,0.6835099827458713,0.21333333333333332,-0.7041235098690639,0.8848623853211008,-0.5398159263705482,0.27272727272727276,0.8888769014996225,0.34839769926047653,3.006
0.4724724724724725,0.6130177514792899,0.0,0.6843383245649535,0.3679245283018868,0.8069294501631935,0.024355300859598857,-0.7298561774389187,-0.7565763643502159,0.6839080459770115,0.19085239085239086,-0.14634146341463414,0.664647577092511,0.797880207049544,0.17575757575757575,-0.7705686925933164,0.7,-0.7811124449779911,0.23333333333333334,0.893623907649153,0.5768282662284305,3.142
0.47347347347347346,0.39171597633136096,0.0,0.6458923512747875,0.22641509433962265,0.718804920913884,-0.13753581661891118,-0.6806446023219546,-0.7656065959952885,0.5130268199233716,0.4702702702702703,-0.6077235772357723,0.18942731277533037,0.7190041902883904,0.3260606060606061,-0.73265585303889,0.8325688073394495,-0.584233693477391,0.40606060606060607,0.8696731038947028,0.42892358258011504,2.635
0.4744744744744745,0.35384615384615387,0.0,0.7608255766895993,0.20754716981132074,0.8124529249309566,-0.16905444126074498,-0.7665915785825681,-0.8146839418924224,0.6057471264367816,0.2074844074844075,-0.16666666666666669,0.3783039647577093,0.7424205077643579,-0.12848484848484848,-0.7977330467070549,0.7133027522935779,-0.767907162865146,0.13636363636363638,0.8503614197863847,0.3689400164338537,3.097
0.4754754754754755,0.30414201183431955,0.0,0.5649534601375961,0.23349056603773588,0.7609841827768015,-0.17765042979942694,-0.6588112978686537,-0.6749116607773852,0.6130268199233717,0.42037422037422034,0.1056910569105691,0.2026431718061674,0.7360118314025141,0.38303030303030305,-0.7668555794410787,0.8527522935779815,-0.7158863545418167,0.4727272727272728,0.8483115762218146,0.47740345110928506,3.371
0.47647647647647645,0.642603550295858,0.0,0.5483609874544718,0.14622641509433962,0.7469244288224957,-0.21060171919770773,-0.5572691041413966,-0.75736160188457,0.4574712643678161,0.7451143451143452,-0.46951219512195125,0.24284140969162996,0.7680552132117328,0.6557575757575759,-0.7531756888802033,0.8142201834862385,-0.5774309723889556,0.6333333333333333,0.7898370913798684,0.42810188989317993,2.763
0.4774774774774775,0.6437869822485208,0.0,0.6738162687171185,-0.23349056603773588,0.8091890534772784,-0.03868194842406877,-0.7218852885115232,-0.7393011385944248,0.7371647509578544,0.22619542619542624,0.06504065040650407,0.4878854625550661,0.8087256593542026,0.2703030303030303,-0.7979284737150675,0.7995412844036697,-0.7591036414565826,0.12222222222222222,0.8861797389146618,0.6910435497124074,3.789
0.47847847847847846,0.2532544378698225,0.0,0.3439902873330635,0.025943396226415092,0.7983931709766507,-0.4068767908309455,-0.4120603015075377,-0.8076168040832351,0.5019157088122606,0.6220374220374221,-0.3719512195121951,0.3887665198237885,0.7936899186591077,0.6193939393939394,-0.8284150869650185,0.944954128440367,-0.6146458583433373,0.9616161616161616,0.8249002049843565,0.752670501232539,3.019
0.4794794794794795,0.43905325443786986,0.0,0.7130716309186564,0.01650943396226415,0.6540296259101179,0.33524355300859604,-0.7397331485011264,-0.6073812328229289,0.6084291187739465,0.10810810810810811,-0.11991869918699187,0.38656387665198233,0.7101306384027606,0.3854545454545455,-0.6314246628884111,0.8022935779816514,-0.6998799519807923,0.27070707070707073,0.8566188369834934,0.3286770747740345,3.132
0.4804804804804805,0.48757396449704143,0.0,0.811412383650344,0.0778301886792453,0.7095154406226463,0.47851002865329517,-0.806446023219546,-0.6611700039261876,0.43678160919540227,0.325987525987526,-0.5345528455284553,0.2026431718061674,0.6889327088982006,0.5006060606060606,-0.6951338675004886,0.7422018348623853,-0.6218487394957983,0.024242424242424242,0.8258711835149423,0.22103533278553822,2.794
0.48148148148148145,0.6544378698224853,0.0,0.7223796033994334,0.29952830188679247,0.7383881496359528,0.13037249283667623,-0.6900017328019408,-0.6603847663918334,0.5344827586206897,0.446985446985447,0.13008130081300814,0.0842511013215859,0.7515405472023662,0.24484848484848487,-0.6986515536447138,0.8380733944954127,-0.5562224889955982,0.2202020202020202,0.8923292696083721,0.34921939194741164,3.108
0.4824824824824825,0.5834319526627219,0.0,0.6786726021853501,0.4764150943396227,0.7486818980667839,-0.2893982808022923,-0.675619476693814,-0.7514723203769139,0.48888888888888893,0.4187110187110187,-0.4126016260162602,0.24834801762114536,0.7806260783830415,0.6254545454545455,-0.7725229626734414,0.931651376146789,-0.704281712685074,0.47777777777777775,0.8431330240586903,0.36072308956450283,2.965
0.48348348348348347,0.32899408284023673,0.0,0.7159044921084581,-0.03773584905660377,0.7926186291739894,-0.1876790830945559,-0.7581008490729509,-0.7224185316058107,0.610727969348659,0.23160083160083164,-0.3170731707317073,0.46310572687224666,0.6997781612028592,0.1490909090909091,-0.7142857142857143,0.7963302752293577,-0.7214885954381752,0.17171717171717174,0.8801380947243499,0.34839769926047653,3.161
0.4844844844844845,0.4792899408284024,0.0,0.698097936058276,0.6933962264150944,0.6969620888777303,-0.002865329512893983,-0.7042107087159938,-0.6391833529642716,0.5137931034482759,0.5027027027027028,-0.034552845528455285,0.03579295154185022,0.7387231944786787,0.2606060606060606,-0.7107680281414892,0.8087155963302751,-0.5382152861144457,0.301010101010101,0.8524112633509547,0.29498767460969594,2.863
0.4854854854854855,0.6532544378698225,0.0,0.6665317685147714,0.5141509433962265,0.7665076575445644,0.015759312320916905,-0.7899844047825334,-0.6827640361209266,0.49272030651341,0.3471933471933472,-0.19715447154471546,0.0842511013215859,0.7830909539068276,0.20121212121212123,-0.7482900136798906,0.8073394495412843,-0.6158463385354142,0.2585858585858586,0.8077462509440069,0.33525061626951513,2.741
0.4864864864864865,0.5349112426035503,0.0,0.5750708215297451,-0.23820754716981135,0.7928696962088877,-0.5802292263610316,-0.6463351238953388,-0.9462112288967413,0.4984674329501916,0.6386694386694387,-1.0,0.46585903083700436,0.7865417796401281,0.34060606060606063,-0.8166894664842682,0.7422018348623853,-0.693077230892357,0.2292929292929293,0.8199374258280289,0.5102711585866886,2.545
0.4874874874874875,0.38461538461538464,0.0,0.7418049372723593,0.01179245283018868,0.7311072056239015,0.20630372492836677,-0.7478773176225957,-0.5700824499411071,0.553639846743295,0.18253638253638255,0.034552845528455285,0.17731277533039647,0.732314518116835,0.31878787878787884,-0.7250341997264022,0.8233944954128439,-0.7310924369747899,0.3181818181818182,0.8121695975833423,0.4050944946589975,3.373
0.48848848848848847,0.40828402366863903,0.0,0.8498583569405099,0.5849056603773585,0.6670851117248305,0.8008595988538684,-0.8258534049558136,-0.6003140950137416,0.510727969348659,0.03617463617463618,-0.20528455284552846,0.22687224669603523,0.6869608084791717,0.030303030303030307,-0.6591752980261872,0.6922018348623852,-0.7190876350540215,-0.031313131313131314,0.7884345668356888,0.23911257189811008,2.615
0.4894894894894895,0.5597633136094674,0.0,0.6932416025900445,-0.05660377358490566,0.7065026362038664,0.1518624641833811,-0.6780453994108473,-0.6250490773458971,0.5727969348659004,0.19667359667359668,0.06910569105691057,0.23127753303964757,0.7303426176978062,-0.10545454545454545,-0.7062732069572014,0.7660550458715596,-0.668267306922769,0.1373737373737374,0.8535980148883374,0.3278553820870994,3.16
0.4904904904904905,0.4118343195266272,0.0,0.6191825171995143,0.25943396226415094,0.7534521717298518,-0.5802292263610316,-0.6848033269797262,-0.7875932469572045,0.3950191570881226,0.7563409563409563,-0.3821138211382114,-0.002202643171806167,0.7409415824500861,0.22545454545454546,-0.7649013093609537,0.8688073394495411,-0.5186074429771909,0.42424242424242425,0.8583450210378682,0.29909613804437135,2.622
0.4914914914914915,0.7372781065088757,0.0,0.461351679481991,0.33726415094339623,0.8506151142355008,-0.34383954154727797,-0.4432507364408248,-0.8496270121711818,0.4601532567049809,0.8378378378378379,-0.5467479674796748,0.1789647577092511,0.8405225536110426,0.5890909090909091,-0.8368184483095564,0.7628440366972477,-0.5054021608643456,0.6989898989898989,0.8619052756500162,0.6220213640098603,2.5
0.4924924924924925,0.2627218934911243,0.0,0.3921489275596924,-0.10377358490566037,0.9061009289480291,-1.0,-0.4662970022526425,-0.8091872791519434,0.6900383141762452,0.49563409563409566,-0.39430894308943093,0.7466960352422908,0.8644318461917673,0.34060606060606063,-0.8579245651749071,0.8999999999999999,-0.6890756302521008,0.6515151515151515,0.8775488186427878,0.76253081347576,3.623
0.4934934934934935,0.29940828402366865,0.0,0.6556050182112505,-0.49292452830188677,0.718051719809189,-0.42406876790830944,-0.6886154912493503,-0.8197879858657243,0.6153256704980844,0.5738045738045738,-0.21951219512195122,0.375,0.72615232930737,0.3006060606060606,-0.7709595466093414,0.9527522935779815,-0.6934773909563826,0.4292929292929293,0.8581292480310713,0.5973705834018077,3.601
0.4944944944944945,0.5952662721893491,0.0,0.6717927964386887,-0.2099056603773585,0.793120763243786,0.004297994269340974,-0.7118350372552417,-0.6509619159795837,0.6091954022988506,0.2856548856548857,0.20934959349593496,0.21475770925110133,0.7611535617451318,0.1503030303030303,-0.7676372874731288,0.8614678899082567,-0.637454981992797,0.2959595959595959,0.7939367785090085,0.5012325390304025,3.488
0.4954954954954955,0.4840236686390532,0.0,0.7377579927154998,-0.2617924528301887,0.7780567411498871,0.021489971346704873,-0.7052503898804368,-0.6792304672163328,0.5494252873563218,0.29563409563409565,-0.08130081300813008,0.37279735682819387,0.7912250431353216,0.35515151515151516,-0.7748680867695915,0.8660550458715596,-0.6786714685874349,0.41818181818181815,0.8198295393246305,0.47165160230073944,3.369
0.4964964964964965,0.4686390532544379,0.0,0.7292594091460947,0.25707547169811323,0.7521968365553603,-0.004297994269340974,-0.7128747184196846,-0.6976835492736552,0.6670498084291189,0.13014553014553015,-0.046747967479674794,0.6877753303964758,0.7352723687453783,0.41696969696969693,-0.7582567910885284,0.8844036697247706,-0.7466986794717887,0.2545454545454546,0.8579134750242744,0.6014790468364831,3.418
0.4974974974974975,0.35384615384615387,0.0,0.8320518008903278,-0.205188679245283,0.7150389153904092,0.33810888252148996,-0.8542713567839195,-0.6862976050255202,0.5524904214559387,0.17713097713097714,-0.18089430894308942,0.35352422907488984,0.6603401528222824,0.08727272727272727,-0.6804768418995506,0.760091743119266,-0.7034813925570228,0.10606060606060606,0.8173481497464666,0.304847986852917,3.162
0.4984984984984985,0.493491124260355,0.0,0.565762849048968,-0.040094339622641514,0.7873462214411248,-0.5902578796561605,-0.6357650320568359,-0.8087946603847663,0.563984674329502,0.43451143451143454,-0.1910569105691057,0.4845814977973568,0.8252403253635691,0.36484848484848487,-0.8049638460035177,0.8949541284403669,-0.7062825130052021,0.42626262626262623,0.875606861581616,0.5341002465078061,3.061
0.4994994994994995,0.43905325443786986,0.0,0.7005261027923918,-0.054245283018867926,0.7095154406226463,-0.20773638968481375,-0.7014382256108127,-0.7687475461327051,0.39655172413793105,0.713929313929314,-0.4451219512195122,0.025330396475770924,0.7101306384027606,0.1781818181818182,-0.7434043384795779,0.8224770642201834,-0.49739895958383357,0.24646464646464647,0.8465853921674399,0.4059161873459326,2.694
0.5005005005005005,0.6094674556213018,0.0,0.6871711857547551,0.5636792452830188,0.7484308310318855,-0.4584527220630373,-0.6919078149367527,-0.8488417746368275,0.6521072796934866,0.46611226611226614,-0.34146341463414637,0.3716960352422908,0.7182647276312546,0.2690909090909091,-0.7350009771350401,0.7743119266055045,-0.704281712685074,0.11515151515151516,0.8683784658539216,0.5283483976992605,3.255
0.5015015015015015,0.45680473372781066,0.0,0.6847430190206394,-0.17688679245283018,0.7466733617875974,0.030085959885386822,-0.7088892739559869,-0.7259521005104044,0.7547892720306514,0.1234927234927235,-0.17682926829268292,0.5737885462555066,0.86393887108701,0.3018181818181818,-0.8180574555403557,0.7238532110091743,-0.8271308523409364,0.30808080808080807,0.8838062358398965,0.5069843878389482,3.29
0.5025025025025025,0.8189349112426035,0.0,0.46418454067179277,-0.43160377358490565,0.793873964348481,-0.44699140401146137,-0.5628140703517588,-0.7636435021594032,0.39808429118773947,0.6694386694386696,-0.475609756097561,0.22907488986784139,0.7549913729356668,0.68,-0.7545436779362908,0.8678899082568806,-0.4969987995198079,0.7080808080808081,0.8587765670514619,0.4223500410846343,3.087
0.5035035035035035,0.6710059171597633,0.0,0.6349656009712666,-0.058962264150943404,0.7639969871955813,0.12607449856733524,-0.6794316409634379,-0.6666666666666666,0.6333333333333334,0.30852390852390854,0.08130081300813008,0.3513215859030837,0.8156273108208035,0.48121212121212126,-0.7838577291381669,0.8738532110091742,-0.6862745098039216,0.47878787878787876,0.8769014996223973,0.5004108463434676,3.555
0.5045045045045045,0.5242603550295858,0.0,0.6766491299069203,0.18632075471698115,0.7815716796384634,-0.24498567335243557,-0.777161670421071,-0.7012171181782489,0.43180076628352493,0.577962577962578,-0.06910569105691057,-0.057268722466960346,0.817106236135075,0.14060606060606062,-0.7885479773304671,0.7339449541284404,-0.4957983193277311,0.00404040404040404,0.8539216743985327,0.25472473294987674,2.645
0.5055055055055055,0.3384615384615384,0.0,0.5074868474301902,-0.08018867924528303,0.7258347978910369,-0.3538681948424069,-0.5345693987177266,-0.7039654495484884,0.5325670498084291,0.3875259875259876,-0.14227642276422767,0.4135462555066079,0.7059403500123242,0.35393939393939394,-0.6994332616767638,0.9582568807339449,-0.6482593037214887,0.5777777777777777,0.8690257848743121,0.76253081347576,3.397
0.5065065065065065,0.47218934911242605,0.0,0.7154997976527722,-0.46698113207547176,0.7444137584735123,-0.28366762177650434,-0.8287991682550685,-0.7962308598351001,0.5164750957854407,0.3330561330561331,-0.6158536585365854,0.3733480176211454,0.7853093418782351,0.3115151515151515,-0.7783857729138167,0.7178899082568807,-0.7254901960784313,0.3282828282828283,0.8822958247923186,0.2374691865242399,2.819
0.5075075075075075,0.42248520710059173,0.0,0.5556454876568191,0.16745283018867924,0.7547075069043434,-0.16045845272206305,-0.5246924276555189,-0.6847271299568118,0.5149425287356323,0.40041580041580044,-0.475609756097561,0.31442731277533037,0.7877742174020211,0.4145454545454546,-0.8000781708032051,0.7954128440366972,-0.6558623449379751,0.4040404040404041,0.8259790700183407,0.4239934264585045,2.885
0.5085085085085085,0.5325443786982249,0.0,0.6811007689194658,0.5731132075471698,0.8034145116746172,-0.34670487106017195,-0.6995321434760007,-0.833922261484099,0.33793103448275863,0.7326403326403327,-0.7296747967479674,0.05616740088105726,0.8565442445156519,0.34909090909090906,-0.8225522767246433,0.768348623853211,-0.45178071228491395,0.37272727272727274,0.8797065487107563,0.32539030402629415,2.11
0.5095095095095095,0.4792899408284024,0.0,0.8251719951436666,0.2169811320754717,0.6685915139342203,0.6518624641833811,-0.8443943857217121,-0.5429917550058893,0.5402298850574713,0.1471933471933472,0.18495934959349594,0.028634361233480173,0.6423465614986442,0.1490909090909091,-0.6396325972249365,0.6871559633027522,-0.6146458583433373,-0.05656565656565657,0.875822634588413,0.23911257189811008,2.819
0.5105105105105106,0.3680473372781065,0.0,0.7507082152974504,0.2099056603773585,0.8214913381872959,-0.03151862464183381,-0.7925836076936406,-0.7118178248920298,0.5137931034482759,0.37754677754677757,0.034552845528455285,0.24449339207048457,0.8402760660586639,0.25575757575757574,-0.8241156927887433,0.7555045871559632,-0.6038415366146458,0.1303030303030303,0.8959974107239184,0.4700082169268693,2.984
0.5115115115115115,0.3928994082840237,0.0,0.42938081748280044,-0.2099056603773585,0.7054983680642731,-0.48137535816618915,-0.407035175879397,-0.7283078131134668,0.4049808429118774,0.582952182952183,-0.4247967479674797,0.24118942731277532,0.7692876509736257,0.4048484848484849,-0.7312878639828024,0.8633027522935779,-0.4805922368947579,0.7181818181818181,0.8278131405761139,0.5587510271158587,2.865
0.5125125125125125,0.5408284023668639,0.0,0.43909348441926344,-0.11792452830188681,0.8224956063268892,-0.7679083094555875,-0.4780800554496621,-0.8390263054574009,0.5287356321839081,0.6232848232848234,-0.5508130081300814,0.4080396475770925,0.86393887108701,0.5915151515151515,-0.8202071526284933,0.7715596330275228,-0.6614645858343338,0.7262626262626263,0.822742474916388,0.6450287592440427,2.845
0.5135135135135135,0.1349112426035503,0.0,0.6928369081343585,0.03773584905660377,0.8122018578960581,0.14040114613180518,-0.7253508923929994,-0.6709854731056144,0.6800766283524904,0.16091476091476092,0.06300813008130081,0.48017621145374445,0.7549913729356668,0.3103030303030303,-0.7776040648817667,0.8275229357798165,-0.7723089235694277,0.16565656565656567,0.8611500701262272,0.3278553820870994,3.651
0.5145145145145145,0.3325443786982249,0.0,0.49453662484823957,-0.33490566037735847,0.7554607080090384,-0.4641833810888253,-0.4513949055622942,-0.7200628190027483,0.453256704980843,0.5459459459459459,-0.5792682926829268,0.43997797356828194,0.7438994330786294,0.44242424242424244,-0.733828415086965,0.7628440366972477,-0.6106442577030812,0.6757575757575758,0.7374042507282339,0.5546425636811833,2.655
0.5155155155155156,0.3763313609467456,0.0,0.5107244030756779,0.2830188679245283,0.7260858649259352,-0.17478510028653296,-0.5201871426095996,-0.7569689831173929,0.596551724137931,0.4486486486486487,-0.3780487804878049,0.4096916299559471,0.7007641114123736,0.29454545454545455,-0.7381278092632402,0.8009174311926605,-0.5434173669467788,0.6262626262626263,0.8602869780990399,0.6129827444535744,2.931
0.5165165165165165,0.41775147928994083,0.0,0.744637798462161,0.21933962264150944,0.745669093648004,-0.044412607449856735,-0.7917172067232715,-0.7416568511974873,0.6659003831417625,0.2598752598752599,-0.4349593495934959,0.43722466960352424,0.7569632733546956,0.42424242424242425,-0.721516513582177,0.7348623853211009,-0.8299319727891156,0.11212121212121212,0.8808933002481388,0.3648315529991783,2.928
0.5175175175175175,0.3905325443786983,0.0,0.612707405908539,-0.23584905660377362,0.7742907356264123,-0.2979942693409742,-0.6619303413619823,-0.8386336866902238,0.5919540229885057,0.4307692307692308,-0.6138211382113821,0.44548458149779735,0.7801331032782843,0.15393939393939396,-0.7955833496189173,0.8288990825688073,-0.7478991596638656,0.40303030303030307,0.8271658215557234,0.5250616269515201,3.034
0.5185185185185185,0.5869822485207101,0.0,0.6657223796033994,0.6273584905660378,0.7175495857393924,0.10744985673352436,-0.6621036215560562,-0.7216332940714566,0.6095785440613027,0.2548856548856549,-0.5691056910569107,0.6024229074889869,0.7019965491742666,0.28606060606060607,-0.7035372288450265,0.7857798165137615,-0.6730692276910764,0.10505050505050505,0.8162692847124824,0.8134757600657353,2.766
0.5195195195195195,0.17159763313609466,0.0,0.6155402670983406,0.08254716981132076,0.681646999748933,-0.36103151862464183,-0.6402703171027552,-0.6533176285826462,0.5367816091954023,0.35093555093555096,-0.3272357723577236,0.21090308370044053,0.7172787774217402,-0.0024242424242424242,-0.7062732069572014,0.886697247706422,-0.6234493797519007,0.14848484848484847,0.8163771712158809,0.42070665571076415,3.086
0.5205205205205206,0.5076923076923077,0.0,0.6972885471469041,-0.16745283018867924,0.7572181772533266,-0.04727793696275072,-0.7615664529544273,-0.6211228896741264,0.8467432950191571,0.03783783783783784,0.30691056910569103,0.7109030837004404,0.7899926053734286,0.3006060606060606,-0.7805354700019543,0.7967889908256881,-0.8703481392557022,0.12828282828282828,0.8318049412018557,0.514379622021364,4.138
0.5215215215215215,0.7088757396449704,0.0,0.810198300283286,0.29009433962264153,0.836555360281195,0.054441260744985676,-0.7918904869173454,-0.7404789948959559,0.6735632183908047,0.24740124740124741,-0.26626016260162605,0.46640969162995594,0.8294306137540054,0.14424242424242426,-0.80281414891538,0.7944954128440367,-0.760704281712685,0.11717171717171718,0.8767936131189988,0.5119145439605587,3.175
0.5225225225225225,0.33964497041420116,0.0,0.7244030756778632,0.3113207547169812,0.6550338940497112,0.21060171919770773,-0.7683243805233062,-0.6372202591283863,0.7777777777777778,0.07151767151767152,0.4268292682926829,0.41519823788546256,0.638156273108208,0.13212121212121214,-0.6736368966191127,0.8339449541284404,-0.82953181272509,0.15757575757575756,0.8329916927392383,0.456861133935908,3.82
0.5235235235235235,0.23431952662721894,0.0,0.6786726021853501,0.2429245283018868,0.858649259352247,-0.16762177650429802,-0.6718073124241899,-0.8441303494307028,0.5444444444444445,0.37214137214137216,-0.16260162601626016,0.4096916299559471,0.8595020951441952,0.20848484848484847,-0.8663279265194449,0.7880733944954128,-0.7062825130052021,0.19595959595959597,0.8939475671593483,0.504519309778143,3.124
0.5245245245245245,0.38698224852071006,0.0,0.6462970457304734,-0.5188679245283019,0.8144614612101432,-0.31375358166189116,-0.6650493848553111,-0.823321554770318,0.6367816091954023,0.4602910602910603,-0.19308943089430894,0.4944933920704846,0.7796401281735271,0.4545454545454546,-0.8231385577486808,0.8215596330275229,-0.720688275310124,0.27272727272727276,0.8528428093645485,0.6113393590797042,3.506
0.5255255255255256,0.4887573964497041,0.0,0.735329825981384,-0.2971698113207547,0.8315340195832287,-0.11174785100286534,-0.7684976607173799,-0.7981939536709854,0.549808429118774,0.4386694386694387,-0.30691056910569103,0.3650881057268723,0.7680552132117328,0.09454545454545454,-0.8399452804377565,0.8211009174311926,-0.5758303321328532,0.047474747474747475,0.86438666522818,0.48972884141331136,3.306
0.5265265265265265,0.41301775147928993,0.0,0.5030352084176447,0.01179245283018868,0.6992216921918152,-0.8166189111747851,-0.5025125628140703,-0.7981939536709854,0.5333333333333333,0.6744282744282746,-0.3983739837398374,0.5280837004405285,0.6978062607838303,0.4775757575757576,-0.7158491303498143,0.9041284403669725,-0.6002400960384153,0.5545454545454546,0.7931815729852195,0.657354149548069,3.403
0.5275275275275275,0.3171597633136095,0.0,0.7624443545123432,-0.17688679245283018,0.8684408737132815,-0.15759312320916907,-0.7565413273262865,-0.8794660384766392,0.671647509578544,0.3027027027027027,-0.3130081300813008,0.5468061674008811,0.9248212965245254,0.13333333333333333,-0.9030682040257965,0.8275229357798165,-0.7971188475390155,0.0898989898989899,0.7845506527133456,0.6261298274445357,3.498
0.5285285285285285,0.6710059171597633,0.0,0.5706191825171995,0.5990566037735849,0.7162942505649008,-0.011461318051575933,-0.6108126841102062,-0.707499018453082,0.4670498084291188,0.330977130977131,-0.29878048780487804,0.4289647577092511,0.82154301207789,0.2606060606060606,-0.7484854406879031,0.7697247706422018,-0.5710284113645459,0.46161616161616165,0.7687992232171755,0.3114215283483977,2.634
0.5295295295295295,0.2828402366863905,0.0,0.6863617968433832,-0.1721698113207547,0.7491840321365805,0.16189111747851004,-0.7016115058048866,-0.6945425991362386,0.5957854406130269,-0.031185031185031187,-0.4024390243902439,0.6161894273127753,0.7384767069263002,0.07636363636363637,-0.7285518858706274,0.9472477064220183,-0.8139255702280911,0.09090909090909091,0.7713884992987378,0.6507806080525883,3.524
0.5305305305305306,0.5668639053254437,0.0,0.6960744637798462,0.058962264150943404,0.7514436354506653,0.2177650429799427,-0.7300294576329925,-0.6003140950137416,0.7241379310344828,-0.030353430353430355,0.08130081300813008,0.4443832599118943,0.7586886862213457,0.07393939393939394,-0.7336329880789525,0.8633027522935779,-0.8147258903561424,0.34040404040404043,0.837738698888769,0.41659819227608874,3.791
0.5315315315315315,0.3585798816568047,0.0,0.508700930797248,0.07311320754716981,0.7757971378358021,-0.044412607449856735,-0.5357823600762434,-0.6776599921476246,0.621072796934866,0.3896049896049897,-0.16869918699186992,0.46640969162995594,0.8070002464875523,0.40727272727272734,-0.7932382255227672,0.8669724770642201,-0.573829531812725,0.4696969696969697,0.813356349120725,0.7304847986852917,3.266
0.5325325325325325,0.455621301775148,0.0,0.6766491299069203,-0.18160377358490568,0.8729600803414511,0.04011461318051576,-0.6794316409634379,-0.7832744405182568,0.6099616858237549,0.3076923076923077,-0.233739837398374,0.48017621145374445,0.8010845452304658,0.34787878787878784,-0.8526480359585695,0.8119266055045871,-0.7346938775510204,0.2191919191919192,0.878627683676772,0.6014790468364831,3.042
0.5335335335335335,0.5633136094674556,0.0,0.5256980979360583,0.4528301886792453,0.8604067285965352,-0.30802292263610315,-0.5655865534569399,-0.8158617981939535,0.303448275862069,0.7172557172557174,-0.475609756097561,0.02477973568281938,0.8548188316490016,0.4036363636363637,-0.8469806527262067,0.8889908256880733,-0.4669867947178871,0.4161616161616161,0.8473405976912288,0.49055053410024646,2.199
0.5345345345345346,0.48520710059171596,0.0,0.6989073249696479,-0.3136792452830189,0.6773788601556615,0.18338108882521492,-0.6640097036908681,-0.6772673733804476,0.7969348659003832,0.062370062370062374,-0.08333333333333334,0.5644273127753303,0.7761893024402267,0.3018181818181818,-0.719171389486027,0.8201834862385321,-0.8863545418167266,0.22222222222222224,0.8792750026971626,0.4930156121610517,4.083
0.5355355355355356,0.5822485207100592,0.0,0.8085795224605422,0.6415094339622642,0.6821491338187297,-0.15472779369627507,-0.8653612892046438,-0.6921868865331762,0.5402298850574713,0.3596673596673597,-0.25,0.30066079295154186,0.7572097609070741,0.3357575757575758,-0.7082274770373266,0.7348623853211009,-0.6834733893557422,0.12424242424242424,0.8228503614197864,0.3590797041906327,2.609
0.5365365365365365,0.5609467455621302,0.0,0.6377984621610684,0.11084905660377359,0.56866683404469,0.034383954154727794,-0.6085600415872466,-0.6230859835100118,0.5344827586206897,0.22910602910602915,-0.2865853658536585,0.3772026431718062,0.6371703228986936,0.42424242424242425,-0.6046511627906976,0.7839449541284403,-0.6626650660264105,0.40101010101010104,0.8449670946164635,0.5225965488907148,2.946
0.5375375375375375,0.39171597633136096,0.0,0.6199919061108863,0.294811320754717,0.7115239769018328,-0.10458452722063037,-0.6314330272049905,-0.6678445229681979,0.40804597701149425,0.6611226611226612,-0.26422764227642276,0.013766519823788547,0.8437268917919645,0.1187878787878788,-0.7979284737150675,0.7013761467889907,-0.5406162464985994,0.15757575757575756,0.890279426043802,0.18159408381265404,2.086
0.5385385385385385,0.4816568047337278,0.0,0.6191825171995143,-0.11320754716981132,0.7848355510921415,-0.2163323782234957,-0.6569052157338416,-0.7601099332548095,0.6203065134099617,0.19209979209979214,-0.4898373983739837,0.512114537444934,0.8143948730589105,0.15515151515151515,-0.7795583349618918,0.9330275229357796,-0.7571028411364545,0.3090909090909091,0.8493904412557989,0.4560394412489729,3.471
0.5395395395395396,0.3810650887573965,0.0,0.8854714690408741,0.5094339622641509,0.6233994476525232,0.5544412607449857,-0.8894472361809045,-0.5771495877502945,0.7019157088122606,-0.20124740124740126,-0.05284552845528455,0.5209251101321586,0.6223810697559773,0.12606060606060607,-0.6103185460230605,0.6619266055045872,-0.9255702280912366,-0.08888888888888888,0.8896321070234114,0.4798685291700903,2.969
0.5405405405405406,0.15857988165680476,0.0,0.6811007689194658,-0.5636792452830188,0.7521968365553603,0.4527220630372493,-0.69450701784786,-0.6344719277581469,0.8306513409961687,-0.14760914760914762,0.12601626016260162,0.6398678414096916,0.7885136800591569,0.1187878787878788,-0.7863982802423295,0.9302752293577982,-0.8463385354141657,0.3202020202020202,0.7832560146725644,0.6540673788003286,4.314
0.5415415415415415,0.2627218934911243,0.0,0.5337919870497774,-0.05660377358490566,0.7918654280692945,-0.25644699140401145,-0.5867267371339456,-0.823321554770318,0.6164750957854407,0.41787941787941785,-0.32926829268292684,0.5,0.722947991126448,0.43757575757575756,-0.7500488567520032,0.8302752293577982,-0.7330932372949179,0.4292929292929293,0.752400474700615,0.609695973705834,3.127
0.5425425425425425,0.178698224852071,0.0,0.6499392958316471,0.31839622641509435,0.6713532513181019,0.07306590257879657,-0.6785652399930688,-0.6737338044758538,0.818007662835249,-0.013721413721413724,-0.14634146341463414,0.8034140969162996,0.649987675622381,0.39757575757575764,-0.6699237834668751,0.8853211009174311,-0.8815526210484192,0.2686868686868687,0.8305103031610745,0.6631059983566147,3.787
0.5435435435435435,0.7384615384615385,0.0,0.604208822339134,0.5966981132075472,0.7341200100426813,0.3108882521489972,-0.7071564720152488,-0.6917942677659992,0.3620689655172414,0.5625779625779627,-0.22764227642276424,-0.14977973568281938,0.7729849642593049,0.3963636363636364,-0.7408637873754153,0.891743119266055,-0.5478191276510604,0.4292929292929293,0.8062358398964289,0.29498767460969594,2.546
0.5445445445445446,0.37869822485207105,0.0,0.6924322136786726,-0.16745283018867924,0.7627416520210896,0.12893982808022922,-0.7222318488996708,-0.6474283470749902,0.6206896551724138,0.30893970893970896,0.22154471544715448,0.2615638766519824,0.7276312546216416,0.29454545454545455,-0.7959742036349424,0.7481651376146788,-0.6986794717887155,0.17272727272727273,0.8583450210378682,0.5949055053410024,3.339
0.5455455455455456,0.42011834319526625,0.0,0.6956697693241602,-0.2240566037735849,0.696711021842832,0.05157593123209169,-0.6908681337723098,-0.6148409893992933,0.6777777777777778,0.07567567567567568,-0.22560975609756098,0.48898678414096913,0.6891791964505791,0.04,-0.6769591557553254,0.8706422018348623,-0.7547018807523008,0.1303030303030303,0.8717229474592728,0.7288414133114215,3.708
0.5465465465465466,0.5112426035502958,0.0,0.6972885471469041,0.14858490566037735,0.751192568415767,-0.07736389684813753,-0.7253508923929994,-0.7502944640753828,0.5413793103448277,0.34303534303534305,-0.3272357723577236,0.32103524229074887,0.812176485087503,0.31878787878787884,-0.7676372874731288,0.723394495412844,-0.6790716286514605,0.37777777777777777,0.878843456683569,0.3377156943303204,2.83
0.5475475475475475,0.5313609467455621,0.0,0.5103197086199919,-0.20047169811320756,0.7067537032387647,-0.5085959885386819,-0.5070178478599896,-0.6537102473498233,0.6383141762452107,0.6245322245322246,0.034552845528455285,0.310022026431718,0.6588612275080108,0.583030303030303,-0.6832128200117257,0.8999999999999999,-0.5798319327731093,0.502020202020202,0.8845614413636854,0.7387017255546425,3.781
0.5485485485485485,0.5905325443786983,0.0,0.6114933225414811,0.5566037735849056,0.751945769520462,0.10315186246418338,-0.5915785825680125,-0.6219081272084805,0.5440613026819924,0.316008316008316,-0.01016260162601626,0.28359030837004406,0.7335469558787281,0.3806060606060606,-0.6820402579636506,0.8252293577981651,-0.6510604241696678,0.32323232323232326,0.8063437263998274,0.7797863599013968,2.976
0.5495495495495496,0.7218934911242604,0.0,0.4585188182921894,-0.0330188679245283,0.7268390660306302,0.024355300859598857,-0.5290244325073644,-0.5924617196702001,0.6367816091954023,0.1313929313929314,0.06097560975609756,0.4917400881057269,0.7949223564210007,0.5527272727272727,-0.733828415086965,0.8986238532110091,-0.7138855542216886,0.7454545454545455,0.8422699320315029,0.848808545603944,3.622
0.5505505505505506,0.5763313609467455,0.0,0.6653176851477134,0.25707547169811323,0.7459201606829023,0.21060171919770773,-0.6920810951308266,-0.6690223792697291,0.40651340996168583,0.4494802494802495,0.23983739837398374,-0.09581497797356828,0.8151343357160462,0.2509090909090909,-0.7805354700019543,0.9155963302752292,-0.5382152861144457,0.2797979797979798,0.8487431222354084,0.24157764995891534,3.31
0.5515515515515516,0.27928994082840236,0.0,0.6333468231485229,-0.38915094339622647,0.8021591765001255,-0.10888252148997135,-0.7149540807485705,-0.8154691794267765,0.3877394636015326,0.570893970893971,-0.5264227642276423,0.111784140969163,0.7939364062114863,0.30424242424242426,-0.787375415282392,0.8357798165137614,-0.6210484193677471,0.3797979797979798,0.8300787571474808,0.4371405094494659,2.745
0.5525525525525525,0.2982248520710059,0.0,0.8927559692432213,0.39386792452830194,0.755962842078835,0.48710601719197716,-0.9043493328712529,-0.7695327836670592,0.5934865900383142,0.28274428274428276,-0.25,0.11068281938325991,0.7776682277544983,0.16848484848484852,-0.7471174516318155,0.7738532110091743,-0.7539015606242496,0.05959595959595959,0.8277052540727154,0.3771569433032046,2.978
0.5535535535535535,0.5431952662721894,0.0,0.867260218535006,-0.37971698113207547,0.7923675621390912,0.36103151862464183,-0.8951654825853406,-0.7102473498233215,0.6490421455938697,0.08731808731808732,-0.35772357723577236,0.4394273127753304,0.7493221592309588,0.13090909090909092,-0.7662692984170412,0.778440366972477,-0.7466986794717887,-0.1525252525252525,0.8224188154061927,0.37551355792933444,3.357
0.5545545545545546,0.578698224852071,0.0,0.5795224605422905,-0.33962264150943394,0.8405724328395681,-0.6203438395415473,-0.6660890660197539,-0.7428347074990184,0.5432950191570881,0.6357588357588357,-0.20325203252032523,0.2813876651982379,0.7796401281735271,0.42424242424242425,-0.7811217510259918,0.7637614678899082,-0.6938775510204082,0.3383838383838384,0.8264106160319344,0.6507806080525883,3.109
0.5555555555555556,0.4863905325443787,0.0,0.5337919870497774,-0.09433962264150944,0.7672608586492593,-0.31661891117478513,-0.6210362155605614,-0.7357675696898311,0.49425287356321845,0.5995841995841996,-0.32926829268292684,0.32764317180616737,0.7732314518116834,0.7187878787878788,-0.802423294899355,0.8316513761467889,-0.6086434573829531,0.47171717171717176,0.8611500701262272,0.5349219391947412,3.002
0.5565565565565566,0.3254437869822486,0.0,0.772966410360178,0.23113207547169812,0.7597288476023097,-0.1518624641833811,-0.7078495927915439,-0.8657243816254416,0.34406130268199236,0.5717255717255718,-0.676829268292683,0.14867841409691632,0.8131624352970174,-0.07757575757575758,-0.7535665428962283,0.8174311926605504,-0.5778311324529811,0.21616161616161617,0.7944762110260006,0.43303204601479045,2.359
0.5575575575575575,0.6579881656804735,0.0,0.5406717927964387,0.6037735849056604,0.7534521717298518,-0.3524355300859599,-0.6725004332004851,-0.7141735374950922,0.6406130268199234,0.5043659043659044,-0.24796747967479674,0.35462555066079293,0.7456248459452797,0.6690909090909092,-0.7574750830564784,0.8665137614678898,-0.756702681072429,0.7484848484848485,0.8019203797604919,0.4749383730484798,3.306
0.5585585585585585,0.5893491124260355,0.0,0.6572237960339944,0.09433962264150944,0.7496861662063772,0.058739255014326655,-0.7182464044359729,-0.7102473498233215,0.5773946360153257,0.17463617463617465,-0.05691056910569106,0.29019823788546256,0.8077397091446882,0.09212121212121212,-0.7754543677936291,0.8435779816513761,-0.6490596238495399,0.29797979797979796,0.8875822634588413,0.4872637633525061,3.42
0.5595595595595596,0.642603550295858,0.0,0.5495750708215298,-0.5731132075471698,0.7296008034145117,0.3538681948424069,-0.5960838676139317,-0.49705535924617195,0.7440613026819923,-0.007484407484407485,0.35365853658536583,0.46585903083700436,0.7510475720976091,0.5260606060606061,-0.7152628493257769,0.8385321100917431,-0.7130852340936374,0.4484848484848485,0.8650339842485706,0.6910435497124074,4.262
0.5605605605605606,0.33491124260355026,0.0,0.8551193848644273,-0.03773584905660377,0.7414009540547326,0.21346704871060174,-0.8930861202564547,-0.6658814291323125,0.5513409961685825,-0.0395010395010395,-0.3353658536585366,0.43281938325991187,0.7744638895735765,-0.12363636363636364,-0.7521985538401408,0.723394495412844,-0.8319327731092437,-0.1303030303030303,0.8904951990505987,0.4264585045193098,2.887
0.5615615615615616,0.455621301775148,0.0,0.48968029138000807,-0.030660377358490566,0.8691940748179764,-0.6475644699140402,-0.5477386934673367,-0.8201806046329014,0.5137931034482759,0.7106029106029107,-0.23983739837398374,0.36784140969163,0.9260537342864185,0.7066666666666667,-0.8780535470001954,0.9417431192660549,-0.6810724289715886,0.705050505050505,0.8738806775272413,0.6253081347576006,3.289
0.5625625625625625,0.4284023668639053,0.0,0.6798866855524078,-0.125,0.7562139091137333,0.10171919770773638,-0.7558482065499914,-0.7000392618767176,0.560536398467433,0.3018711018711019,-0.14227642276422767,0.2830396475770925,0.732314518116835,0.44242424242424244,-0.7643150283369162,0.815137614678899,-0.6802721088435374,0.298989898989899,0.8439961160858777,0.47658175842234995,3.149
0.5635635635635635,0.506508875739645,0.0,0.5859975718332658,0.14150943396226415,0.7770524730102938,-0.002865329512893983,-0.6726737133945591,-0.8170396544954848,0.4559386973180077,0.5035343035343036,-0.6869918699186992,0.34581497797356825,0.8116835099827459,0.43757575757575756,-0.8170803205002931,0.8857798165137615,-0.6490596238495399,0.40606060606060607,0.8695652173913044,0.6031224322103532,2.81
0.5645645645645646,0.40118343195266276,0.0,0.6422501011736139,0.018867924528301886,0.762239517951293,0.2793696275071634,-0.6473748050597817,-0.6525323910482921,0.5977011494252874,0.10893970893970896,0.13008130081300814,0.35352422907488984,0.8050283460685235,0.01575757575757576,-0.772327535665429,0.8720183486238532,-0.6710684273709484,0.38383838383838387,0.8189664472974431,0.4823336072308956,3.539
0.5655655655655656,0.4118343195266272,0.0,0.5605018211250505,-0.23349056603773588,0.7424052221943258,-0.19914040114613182,-0.6373245538035003,-0.6937573616018845,0.4842911877394636,0.49438669438669447,-0.21544715447154472,0.1569383259911894,0.7537589351737736,0.5660606060606062,-0.7369552472151651,0.7977064220183486,-0.6306522609043618,0.5313131313131313,0.8236055669435753,0.2777321281840592,2.82
0.5665665665665666,0.4023668639053255,0.0,0.6531768514771348,-0.30424528301886794,0.8089379864423801,-0.19484240687679086,-0.6376711141916479,-0.857086768747546,0.671647509578544,0.5351351351351351,-0.2113821138211382,0.5501101321585903,0.7774217402021197,0.5006060606060606,-0.8204025796365059,0.8577981651376146,-0.6618647458983593,0.3898989898989899,0.86438666522818,0.3229252259654889,3.421
0.5675675675675675,0.6792899408284023,0.0,0.7154997976527722,0.09433962264150944,0.6718553853878986,0.17191977077363899,-0.7192860856004158,-0.7031802120141342,0.5187739463601533,0.35301455301455303,-0.28861788617886175,-0.01817180616740088,0.7157998521074684,0.32242424242424245,-0.7037326558530389,0.7981651376146789,-0.6438575430172069,0.393939393939394,0.8561872909698997,0.4634346754313886,3.015
0.5685685685685685,0.42485207100591715,0.0,0.6556050182112505,0.1391509433962264,0.8378106954556866,0.044412607449856735,-0.6193034136198232,-0.6627404789948959,0.621072796934866,0.21787941787941792,-0.05894308943089431,0.566079295154185,0.8013310327828443,0.16121212121212122,-0.799296462771155,0.8105504587155963,-0.7078831532613045,0.2787878787878788,0.887798036465638,0.6335250616269515,3.265
0.5695695695695696,0.6153846153846154,0.0,0.6855524079320113,-0.14386792452830188,0.8503640472006025,-0.08595988538681949,-0.6669554669901231,-0.8135060855908912,0.4417624521072797,0.4103950103950104,-0.5934959349593496,0.3810572687224669,0.8604880453537096,0.4654545454545455,-0.8164940394762557,0.7591743119266054,-0.7266906762705082,0.25353535353535356,0.879382889200561,0.5176663927691043,2.888
0.5705705705705706,0.493491124260355,0.0,0.6402266288951841,-0.09905660377358491,0.7135325131810193,-0.33237822349570206,-0.6692081095130826,-0.7620730270906949,0.4245210727969349,0.518918918918919,-0.2378048780487805,0.183920704845815,0.6544244515651958,0.12606060606060607,-0.6943521594684385,0.7940366972477064,-0.531812725090036,0.16363636363636364,0.863631459704391,0.3861955628594905,2.929
0.5715715715715716,0.5881656804733728,0.0,0.6928369081343585,0.5660377358490566,0.6517700225960331,-0.1862464183381089,-0.7931034482758621,-0.7341970946211229,0.5609195402298851,0.474012474012474,-0.09552845528455285,0.09251101321585903,0.7037219620409169,0.23515151515151517,-0.7101817471174516,0.736697247706422,-0.6618647458983593,0.0696969696969697,0.8719387204660698,0.24075595727198024,2.929
0.5725725725725725,0.48757396449704143,0.0,0.6301092675030352,-0.1721698113207547,0.8877730354004519,0.027220630372492838,-0.6402703171027552,-0.8382410679230465,0.40536398467432955,0.6133056133056134,-0.5223577235772358,0.17180616740088106,0.8671432092679319,0.3866666666666667,-0.8536251709986321,0.7509174311926605,-0.573829531812725,0.26262626262626265,0.8021361527672888,0.40838126540673786,2.389
0.5735735735735735,0.5621301775147929,0.0,0.5548360987454471,0.375,0.6148631684659803,-0.22636103151862466,-0.5865534569398717,-0.7483313702394974,0.35325670498084294,0.49688149688149696,-0.39227642276422764,0.15088105726872247,0.6475228000985949,0.11151515151515153,-0.6406097322649991,0.7614678899082568,-0.5690276110444177,0.3656565656565656,0.8724781529830617,0.42152834839769926,2.407
0.5745745745745746,0.5585798816568047,0.0,0.5649534601375961,-0.39386792452830194,0.7632437860908863,-0.6246418338108883,-0.6638364234967943,-0.8932076953278366,0.6218390804597701,0.6008316008316009,-0.5853658536585366,0.705396475770925,0.7352723687453783,0.6157575757575758,-0.7781903459058043,0.8990825688073394,-0.7162865146058424,0.6080808080808081,0.8794907757039594,0.609695973705834,3.541
0.5755755755755756,0.3668639053254438,0.0,0.6236341562120599,-0.3466981132075472,0.7363796133567662,0.05587392550143267,-0.6796049211575117,-0.6992540243423635,0.639080459770115,0.3093555093555094,0.11382113821138212,0.388215859030837,0.7150603894503327,0.4509090909090909,-0.7142857142857143,0.8633027522935779,-0.6206482593037215,0.3888888888888889,0.8217714963858022,0.6499589153656532,3.757
0.5765765765765766,0.5502958579881657,0.0,0.5993524888709025,-0.2169811320754717,0.7916143610343962,-0.18338108882521492,-0.5801420897591405,-0.812720848056537,0.4716475095785441,0.6228690228690229,-0.3678861788617886,0.3761013215859031,0.7907320680305644,0.4642424242424243,-0.825483681844831,0.8940366972477064,-0.4837935174069628,0.5848484848484848,0.8720466069694681,0.5078060805258833,2.999
0.5775775775775776,0.4071005917159763,0.0,0.7381626871711857,0.38915094339622647,0.6552849610846095,0.3739255014326648,-0.7529024432507364,-0.5634079308990969,0.6954022988505747,-0.15093555093555094,0.014227642276422765,0.3755506607929516,0.6901651466600935,0.0,-0.66640609732265,0.8486238532110092,-0.79671868747499,-0.02727272727272727,0.8398964289567376,0.6072308956450287,3.489
0.5785785785785785,0.30650887573964497,0.0,0.49534601375961146,0.25943396226415094,0.72985187044941,-0.13753581661891118,-0.5141223358170162,-0.7141735374950922,0.6011494252873564,0.3388773388773389,-0.4085365853658537,0.6387665198237885,0.7443924081833867,0.5127272727272727,-0.7322649990228649,0.9155963302752292,-0.6910764305722289,0.5929292929292929,0.8348257632970115,0.9367296631059983,3.361
0.5795795795795796,0.4485207100591716,0.0,0.6390125455281263,0.07311320754716981,0.8664323374340949,-0.3624641833810889,-0.6809911627101023,-0.8727915194346288,0.46436781609195404,0.7713097713097714,-0.3800813008130081,0.13215859030837004,0.8560512694108946,0.4496969696969697,-0.8571428571428572,0.8839449541284403,-0.5378151260504201,0.4686868686868687,0.8620131621534146,0.352506162695152,2.98
0.5805805805805806,0.4982248520710059,0.0,0.7122622420072845,-0.15801886792452832,0.7311072056239015,-0.2793696275071634,-0.8407555016461619,-0.7734589713388299,0.5076628352490421,0.2810810810810811,-0.6727642276422765,0.3408590308370044,0.7453783583929011,-0.007272727272727274,-0.717607973421927,0.7811926605504587,-0.740296118447379,0.23434343434343435,0.8260869565217391,0.4396055875102712,2.789
0.5815815815815816,0.3301775147928995,0.0,0.7600161877782273,0.5070754716981132,0.8368064273160934,-0.2793696275071634,-0.7626061341188702,-0.7864153906556733,0.7183908045977012,0.27692307692307694,-0.06300813008130081,0.5192731277533039,0.8353463150110918,-0.10545454545454545,-0.8395544264217315,0.8646788990825688,-0.7322929171668667,0.0696969696969697,0.8528428093645485,0.5801150369761708,3.445
0.5825825825825826,0.4047337278106509,0.0,0.5653581545932821,-0.23349056603773588,0.8410745669093648,-0.12607449856733524,-0.613931727603535,-0.7369454259913624,0.6241379310344828,0.4644490644490645,-0.22560975609756098,0.3111233480176211,0.8158737983731821,0.3248484848484849,-0.8348641782294314,0.8252293577981651,-0.6466586634653861,0.5717171717171716,0.857050382997087,0.48397699260476573,3.346
0.5835835835835835,0.5976331360946746,0.0,0.5111290975313637,0.051886792452830184,0.6866683404468993,-0.38395415472779376,-0.6018021140183677,-0.685119748723989,0.5540229885057472,0.4544698544698545,-0.10365853658536585,0.3254405286343612,0.7222085284693123,0.49090909090909096,-0.7146765683017393,0.8050458715596329,-0.6054421768707482,0.4909090909090909,0.8496062142625957,0.4174198849630238,3.047
0.5845845845845846,0.7834319526627219,0.0,0.6584378794010521,0.09669811320754718,0.7547075069043434,-0.024355300859598857,-0.6837636458152834,-0.6839418924224577,0.5597701149425288,0.3343035343035344,-0.4247967479674797,0.45870044052863435,0.7641114123736751,0.39757575757575764,-0.7006058237248388,0.7256880733944954,-0.7070828331332533,0.1303030303030303,0.8825115977991153,0.5110928512736236,2.878
0.5855855855855856,-0.0485207100591716,0.0,0.688789963577499,0.4787735849056604,0.6364549334672358,0.4011461318051577,-0.7036908681337724,-0.5979583824106791,0.717624521072797,-0.07276507276507277,0.0020325203252032522,0.5165198237885462,0.6640374661079614,0.08969696969696969,-0.6587844440101622,0.7825688073394494,-0.791516606642657,-0.07777777777777778,0.8382781314057611,0.6918652423993426,3.451
0.5865865865865866,0.5798816568047337,0.0,0.6786726021853501,-0.1391509433962264,0.7451669595782073,-0.17335243553008597,-0.7123548778374631,-0.8103651354534747,0.5398467432950192,0.47941787941787944,-0.2703252032520325,0.29350220264317184,0.7443924081833867,0.2981818181818182,-0.7766269298417041,0.75,-0.6326530612244897,0.18484848484848485,0.8858560794044665,0.48972884141331136,2.932
0.5875875875875876,0.5242603550295858,0.0,0.7187373532982598,-0.2665094339622642,0.81044438865177,-0.07449856733524356,-0.7806272743025472,-0.7090694935217903,0.7662835249042146,0.1671517671517672,0.036585365853658534,0.5374449339207048,0.7944293813162434,0.343030303030303,-0.7666601524330663,0.8596330275229358,-0.8339335734293717,0.3292929292929293,0.816916603732873,0.4552177485620378,3.833
0.5885885885885885,0.4272189349112426,0.0,0.7887494941319304,-0.16509433962264153,0.7341200100426813,0.09169054441260746,-0.8296655692254375,-0.7173144876325088,0.6164750957854407,0.15550935550935552,-0.3130081300813008,0.4570484581497797,0.7263988168597485,-0.0024242424242424242,-0.7340238420949775,0.8224770642201834,-0.7358943577430972,0.06161616161616162,0.873557018017046,0.43303204601479045,3.427
0.5895895895895896,0.36923076923076925,0.0,0.641440712262242,0.2169811320754717,0.7253326638212402,0.16618911174785103,-0.7303760180211402,-0.6529250098154692,0.45249042145593876,0.22328482328482332,-0.22357723577235772,0.21475770925110133,0.7544983978309094,0.01575757575757576,-0.7111588821575141,0.8330275229357798,-0.6874749899959983,0.17070707070707072,0.857050382997087,0.37387017255546423,2.897
0.5905905905905906,0.6639053254437871,0.0,0.6568191015783084,0.23349056603773588,0.7715289982425307,-0.08166189111747851,-0.7069831918211749,-0.7557911268158618,0.4647509578544062,0.493970893970894,-0.29065040650406504,0.14482378854625552,0.8114370224303672,0.2703030303030303,-0.7897205393785421,0.8784403669724771,-0.6318527410964385,0.18686868686868688,0.864926097745172,0.32046014790468363,3.021
0.5915915915915916,0.25917159763313613,0.0,1.0,-0.21226415094339623,0.668340446899322,0.48710601719197716,-1.0,-0.635257165292501,0.7206896551724138,-0.24490644490644492,-0.02032520325203252,0.4102422907488987,0.6652699038698545,-0.2751515151515152,-0.6589798710181747,0.7986238532110091,-0.9183673469387754,-0.22424242424242424,0.865681303268961,0.27608874281018897,3.684
0.5925925925925926,0.5668639053254437,0.0,0.8737353298259812,-0.419811320754717,0.8122018578960581,0.5458452722063037,-0.8825160284179518,-0.641146446800157,0.8371647509578545,-0.22411642411642416,0.4634146341463415,0.5170704845814977,0.7998521074685728,0.09696969696969698,-0.827047097908931,0.7715596330275228,-0.8855542216886755,-0.029292929292929294,0.86643650879275,0.4700082169268693,4.094
0.5935935935935935,0.5195266272189349,0.0,0.48320518008903274,0.16981132075471697,0.6675872457946271,-0.25501432664756446,-0.5255588286258881,-0.690616411464468,0.39080459770114945,0.5958419958419959,-0.026422764227642274,0.042951541850220265,0.6758688686221345,0.3951515151515152,-0.6578073089700996,0.8385321100917431,-0.5110044017607043,0.6404040404040404,0.8708598554320853,0.4116680361544782,2.905
0.5945945945945946,0.23905325443786984,0.0,0.830028328611898,-0.09669811320754718,0.6226462465478283,0.35959885386819485,-0.8677872119216774,-0.5987436199450333,0.7122605363984674,-0.0681912681912682,0.1565040650406504,0.3683920704845815,0.6396351984224796,-0.14545454545454545,-0.6480359585694743,0.7665137614678899,-0.8115246098439376,-0.01111111111111111,0.8745279965476319,0.4396055875102712,3.697
0.5955955955955956,0.23076923076923078,0.0,0.8162687171185754,-0.3231132075471698,0.9083605322621139,0.07593123209169055,-0.8374631779587594,-0.7608951707891637,0.6252873563218391,0.40540540540540543,0.17073170731707318,0.06607929515418502,0.9083066305151589,0.3709090909090909,-0.8981825288254837,0.8165137614678899,-0.7094837935174069,0.27272727272727276,0.8039702233250621,0.495480690221857,3.523
0.5965965965965966,0.3124260355029586,0.0,0.5366248482395791,0.294811320754717,0.8493597790610092,-0.4770773638968482,-0.5765032056835904,-0.7954456223007459,0.5674329501915709,0.43451143451143454,-0.676829268292683,0.5258810572687225,0.9016514666009365,0.4145454545454546,-0.8575337111588821,0.8233944954128439,-0.7511004401760704,0.5222222222222223,0.878627683676772,0.6154478225143796,3.014
0.5975975975975976,0.7337278106508875,0.0,0.8915418858761635,-0.0919811320754717,0.8734622144112478,0.22206303724928367,-0.877664182983885,-0.7840596780526109,0.40613026819923376,0.5430353430353431,-0.6036585365853658,0.0605726872246696,0.872072960315504,0.18181818181818182,-0.8084815321477428,0.8261467889908256,-0.5546218487394957,0.03838383838383838,0.8217714963858022,0.30895645028759244,2.753
0.5985985985985987,0.49940828402366866,0.0,0.5884257385673816,0.11792452830188681,0.6547828270148129,0.3295128939828081,-0.5546699012302894,-0.4844915586965057,0.5632183908045977,0.23534303534303533,0.233739837398374,0.11563876651982379,0.7059403500123242,0.4824242424242425,-0.6570256009380496,0.9582568807339449,-0.6022408963585434,0.4595959595959596,0.8625525946704067,0.6696795398520953,3.583
0.5995995995995996,0.19763313609467456,0.0,0.4965600971266694,0.5518867924528302,0.7240773286467487,-0.2922636103151863,-0.5912320221798648,-0.7887711032587357,0.35708812260536404,0.5721413721413722,-0.4410569105691057,0.17566079295154186,0.7478432339166871,0.36484848484848487,-0.7351964041430525,0.8853211009174311,-0.5674269707883153,0.7474747474747475,0.8892005610098177,0.3270336894001643,2.267
0.6006006006006006,0.5846153846153846,0.0,0.7041683528935654,-0.17452830188679244,0.859402460456942,-0.27363896848137537,-0.6848033269797262,-0.7828818217510797,0.5681992337164752,0.6274428274428274,-0.38414634146341464,0.4135462555066079,0.8582696573823022,0.5296969696969698,-0.8503029118624194,0.8188073394495412,-0.5846338535414166,0.33232323232323235,0.8957816377171217,0.5127362366474938,3.077
0.6016016016016016,0.39408284023668644,0.0,0.65965196276811,0.5094339622641509,0.8353000251067034,0.1848137535816619,-0.6316063073990643,-0.74126423243031,0.4846743295019157,0.3047817047817048,-0.30081300813008127,0.2786343612334802,0.861473995563224,0.13575757575757577,-0.8274379519249561,0.7986238532110091,-0.5902360944377751,0.35353535353535354,0.7991153306721329,0.6129827444535744,2.816
0.6026026026026026,0.41538461538461535,0.0,0.6369890732496964,-0.051886792452830184,0.6480040170725584,-0.20487106017191978,-0.6416565586553457,-0.6768747546132705,0.42183908045977014,0.5920997920997921,-0.5365853658536586,0.13766519823788545,0.6862213458220359,0.31272727272727274,-0.6642564002345124,0.7761467889908256,-0.5322128851540616,0.06666666666666667,0.7671809256661991,0.16762530813475757,2.687
0.6036036036036037,0.565680473372781,0.0,0.7195467422096317,-0.040094339622641514,0.7677629927190559,0.06160458452722063,-0.7026511869693294,-0.7840596780526109,0.4934865900383142,0.34844074844074846,-0.36178861788617883,0.3568281938325991,0.7936899186591077,-0.0060606060606060615,-0.8176666015243307,0.7577981651376146,-0.6030412164865946,0.11212121212121212,0.8851008738806776,0.4050944946589975,2.626
0.6046046046046046,0.4745562130177515,0.0,0.5795224605422905,0.33726415094339623,0.6929450163193572,-0.27363896848137537,-0.6397504765205337,-0.6446800157047506,0.5088122605363985,0.32723492723492725,-0.2459349593495935,0.2753303964757709,0.7130884890313038,0.2181818181818182,-0.6546804768418996,0.9160550458715596,-0.5782312925170068,0.2676767676767677,0.8761462940986083,0.5809367296631059,3.156
0.6056056056056056,0.2745562130177515,0.0,0.6576284904896803,-0.051886792452830184,0.7594777805674114,-0.2593123209169054,-0.6884422110552764,-0.8095798979191204,0.5011494252873564,0.48981288981288984,-0.5609756097560976,0.43281938325991187,0.732314518116835,0.26303030303030306,-0.7486808676959156,0.8944954128440367,-0.6082432973189276,0.17777777777777776,0.8778724781529831,0.4609695973705834,2.796
0.6066066066066066,0.40828402366863903,0.0,0.7757992715499797,-0.6816037735849056,0.7973889028370575,0.1518624641833811,-0.772309824987004,-0.6690223792697291,0.631800766283525,-0.11476091476091478,-0.2073170731707317,0.5335903083700441,0.8143948730589105,-0.10787878787878788,-0.7822943130740668,0.7087155963302751,-0.7891156462585034,-0.03333333333333333,0.8246844319775596,0.456861133935908,3.221
0.6076076076076076,0.4461538461538462,0.0,0.6078510724403076,0.19811320754716982,0.7228219934722571,-0.14469914040114615,-0.599549471495408,-0.591676482135846,0.578544061302682,0.2632016632016632,0.16056910569105692,0.32103524229074887,0.6546709391175746,0.3006060606060606,-0.6529216337697871,0.7880733944954128,-0.6662665066026411,0.2696969696969697,0.8314812816916604,0.504519309778143,3.079
0.6086086086086087,0.8224852071005917,0.0,0.7130716309186564,0.4787735849056604,0.6306803916645745,-0.004297994269340974,-0.6763125974701092,-0.6175893207695328,0.6084291187739465,0.32224532224532226,0.0020325203252032522,0.16905286343612333,0.6953413852600443,0.3842424242424243,-0.6185264803595857,0.8059633027522934,-0.7038815526210483,0.27272727272727276,0.8576977020174776,0.46425636811832366,3.039
0.6096096096096096,0.5029585798816568,0.0,0.7373532982598139,-0.11556603773584906,0.7429073562641225,0.03724928366762178,-0.7920637671114191,-0.779348252846486,0.6019157088122605,0.18794178794178795,-0.37398373983739835,0.3898678414096916,0.8126694601922603,0.16,-0.7932382255227672,0.7839449541284403,-0.791516606642657,0.15151515151515152,0.8897399935268098,0.3845521774856204,3.183
0.6106106106106106,0.24023668639053256,0.0,0.6386078510724403,0.18160377358490568,0.733868943007783,-0.1504297994269341,-0.6806446023219546,-0.6544954848841774,0.7187739463601532,0.2860706860706861,0.03048780487804878,0.5881057268722467,0.7606605866403745,0.49818181818181817,-0.7379323822552276,0.8798165137614677,-0.725890356142457,0.3383838383838384,0.8717229474592728,0.5299917830731307,3.609
0.6116116116116116,0.3467455621301775,0.0,0.5637393767705382,0.37028301886792453,0.7172985187044941,-0.20057306590257884,-0.5908854617917172,-0.6588142913231252,0.40344827586206894,0.4457380457380458,-0.39430894308943093,0.16244493392070483,0.7478432339166871,0.3212121212121212,-0.7123314442055892,0.7844036697247706,-0.5322128851540616,0.4585858585858586,0.8402200884669329,0.5784716516023006,2.632
0.6126126126126126,0.4071005917159763,0.0,0.6495346013759611,-0.4386792452830189,0.7976399698719558,-0.034383954154727794,-0.6253682204124069,-0.75736160188457,0.5007662835249043,0.3837837837837838,-0.48373983739837395,0.3623348017621145,0.7596746364308601,0.3903030303030303,-0.7789720539378543,0.7541284403669724,-0.6790716286514605,0.19292929292929292,0.8400043154601359,0.5406737880032868,2.931
0.6136136136136137,0.30887573964497045,0.0,0.781869688385269,-0.32783018867924535,0.7316093396936982,0.35959885386819485,-0.9216773522786346,-0.6690223792697291,0.646360153256705,0.10810810810810811,0.07113821138211383,0.39317180616740083,0.7636184372689178,0.25696969696969696,-0.749658002735978,0.88348623853211,-0.8263305322128851,0.11616161616161617,0.8158377386988888,0.4667214461791289,3.827
0.6146146146146146,0.5964497041420118,0.0,0.7110481586402265,0.0660377358490566,0.7988953050464473,0.1504297994269341,-0.7189395252122682,-0.6662740478994896,0.5413793103448277,0.3376299376299377,-0.05691056910569106,0.05066079295154185,0.8991865910771506,0.16606060606060608,-0.8178620285323431,0.7825688073394494,-0.6138455382152861,0.17474747474747473,0.8774409321393892,0.5069843878389482,2.83
0.6156156156156156,0.24733727810650888,0.0,0.6576284904896803,0.01650943396226415,0.7125282450414261,0.04154727793696276,-0.7102755155085774,-0.69572045543777,0.6402298850574714,0.26694386694386696,0.14430894308943087,0.33370044052863435,0.7185112151836331,0.28242424242424247,-0.7437951924956029,0.8642201834862384,-0.7146858743497398,0.1696969696969697,0.8598554320854461,0.3771569433032046,3.678
0.6166166166166166,0.23195266272189352,0.0,0.7531363820315662,-0.051886792452830184,0.6954556866683405,0.2593123209169054,-0.8071391439958413,-0.724381625441696,0.6103448275862069,0.07234927234927235,-0.25203252032520324,0.5247797356828193,0.7103771259551392,0.24848484848484848,-0.7494625757279656,0.7981651376146789,-0.7815126050420168,0.18787878787878787,0.7986837846585392,0.3878389482333607,3.431
0.6176176176176176,0.357396449704142,0.0,0.6353702954269527,-0.12264150943396226,0.8553853878985689,-0.41117478510028654,-0.6624501819442038,-0.9403219473890851,0.521072796934866,0.5654885654885655,-0.6991869918699186,0.5115638766519824,0.8424944540300714,0.3466666666666667,-0.8667187805354699,0.8201834862385321,-0.7014805922368946,0.48282828282828283,0.8143273276513108,0.5447822514379622,2.894
0.6186186186186187,0.3230769230769231,0.0,0.6936462970457304,0.42452830188679247,0.6535274918403214,0.23925501432664759,-0.8104314676832437,-0.6376128778955634,0.663984674329502,0.008316008316008316,-0.10975609756097561,0.5038546255506609,0.7059403500123242,0.22424242424242424,-0.6378737541528239,0.8321100917431192,-0.8563425370148059,0.045454545454545456,0.7951235300463912,0.4691865242399342,3.332
0.6196196196196196,0.8260355029585799,0.0,0.64063132335087,0.19103773584905662,0.7534521717298518,0.2893982808022923,-0.6440824813723791,-0.5834314880251276,0.3846743295019157,0.39792099792099794,-0.22764227642276424,0.08590308370044053,0.8277052008873551,0.47636363636363643,-0.73265585303889,0.7848623853211009,-0.5358143257302921,0.21717171717171718,0.8660049627791563,0.4995891536565324,2.523
0.6206206206206206,0.7195266272189349,0.0,0.41400242816673405,0.3254716981132076,0.8036655787095155,-0.40830945558739257,-0.5557095823947322,-0.7479387514723204,0.5796934865900383,0.5700623700623701,-0.33739837398373984,0.3937224669603524,0.8175992112398324,0.5042424242424243,-0.787766269298417,0.8876146788990825,-0.6554621848739495,0.7545454545454545,0.809040888984788,0.6236647493837304,3.232
0.6216216216216216,0.8532544378698225,0.0,0.5896398219344395,0.5188679245283019,0.7446648255084107,0.058739255014326655,-0.6092531623635419,-0.6921868865331762,0.5291187739463602,0.3817047817047817,0.10365853658536585,0.11343612334801761,0.8247473502588119,0.3624242424242424,-0.7852257181942544,0.8133027522935778,-0.6298519407763106,0.47878787878787876,0.8189664472974431,0.3221035332785538,2.863
0.6226226226226226,0.34437869822485206,0.0,0.7555645487656819,0.07547169811320754,0.7273412001004268,0.30515759312320917,-0.740946109859643,-0.7275225755791126,0.6371647509578544,0.11143451143451145,0.018292682926829267,0.3639867841409692,0.6921370470791224,0.3345454545454546,-0.7095954660934141,0.8160550458715595,-0.798719487795118,0.36262626262626263,0.8715071744524759,0.3976992604765817,3.327
0.6236236236236237,0.6,0.0,0.7385673816268716,0.18867924528301888,0.7524479035902586,0.11318051575931233,-0.711488476867094,-0.7499018453082057,0.4869731800766283,0.27484407484407486,-0.3800813008130081,0.49284140969162993,0.7251663790978555,0.12848484848484848,-0.7158491303498143,0.6995412844036696,-0.6694677871148459,0.05050505050505051,0.8494983277591973,0.47740345110928506,2.741
0.6246246246246246,0.2579881656804734,0.0,0.707001214083367,0.714622641509434,0.6841576700979162,0.0071633237822349575,-0.6588112978686537,-0.6953278366705927,0.5923371647509579,0.2760914760914761,-0.4654471544715447,0.3265418502202643,0.6701996549174266,0.15393939393939396,-0.6839945280437757,0.8417431192660549,-0.6494597839135654,0.06060606060606061,0.861365843133024,0.6055875102711585,2.886
0.6256256256256256,0.5325443786982249,0.0,0.7555645487656819,0.3136792452830189,0.8501129801657042,-0.05014326647564471,-0.789464564200312,-0.735374950922654,0.467816091954023,0.3567567567567568,-0.2865853658536585,0.3133259911894273,0.855804781858516,0.20848484848484847,-0.8299785030291186,0.723394495412844,-0.6510604241696678,0.07070707070707072,0.7589815514079189,0.524239934264585,2.869
0.6266266266266266,0.5100591715976331,0.0,0.8081748280048564,0.007075471698113208,0.7976399698719558,0.23352435530085963,-0.7577542886848033,-0.6171967020023557,0.5919540229885057,0.14594594594594595,0.31097560975609756,0.18061674008810572,0.7880207049543998,-0.06181818181818182,-0.8157123314442056,0.8614678899082567,-0.7166866746698679,0.13333333333333333,0.7959866220735786,0.49137222678718157,3.493
0.6276276276276276,0.6307692307692309,0.0,0.546742209631728,-0.410377358490566,0.8448405724328396,-0.34813753581661894,-0.5695719979206376,-0.6509619159795837,0.59272030651341,0.46943866943866946,-0.08739837398373983,0.3568281938325991,0.8301700764111412,0.667878787878788,-0.8336916161813562,0.8692660550458715,-0.6210484193677471,0.7090909090909091,0.8667601683029453,0.6984387838948233,3.455
0.6286286286286287,0.6130177514792899,0.0,0.5989477944152165,0.37735849056603776,0.7665076575445644,-0.25787965616045844,-0.5988563507191128,-0.7510797016097369,0.3957854406130268,0.4760914760914761,-0.6463414634146342,0.31662995594713655,0.7567167858023168,0.2921212121212121,-0.7627516122728161,0.8532110091743119,-0.6838735494197679,0.5080808080808081,0.8722623799762651,0.5636811832374692,2.557
0.6296296296296297,0.7443786982248521,0.0,0.848644273573452,0.10613207547169812,0.8202360030128044,0.14613180515759314,-0.7896378443943858,-0.7561837455830388,0.481992337164751,0.45239085239085247,-0.10365853658536585,0.05947136563876652,0.8708405225536109,0.05454545454545455,-0.7994918897791675,0.815137614678899,-0.524609843937575,0.045454545454545456,0.8279210270795124,0.3590797041906327,2.857
0.6306306306306306,0.5266272189349113,0.0,0.630918656414407,0.2806603773584906,0.7888526236505147,-0.1332378223495702,-0.5926182637324554,-0.723989006674519,0.5517241379310345,0.553014553014553,0.17276422764227645,0.11233480176211452,0.8528469312299728,0.3575757575757576,-0.8383818643736565,0.7779816513761467,-0.5654261704681872,0.4252525252525252,0.8872586039486461,0.38044371405094496,3.055
0.6316316316316316,0.5384615384615385,0.0,0.6487252124645893,0.33962264150943394,0.8566407230730605,-0.3510028653295129,-0.7272569745278115,-0.8095798979191204,0.6291187739463602,0.37422037422037424,-0.3516260162601626,0.5104625550660793,0.8459452797633719,0.33818181818181825,-0.8645690834473325,0.8371559633027522,-0.765906362545018,0.3373737373737374,0.7871399287949078,0.4527526705012325,3.1
0.6326326326326326,0.46153846153846156,0.0,0.7418049372723593,-0.1556603773584906,0.7564649761486316,0.3223495702005731,-0.789464564200312,-0.7279151943462897,0.6045977011494253,0.2332640332640333,0.018292682926829267,0.2279735682819383,0.8084791718018239,0.40727272727272734,-0.7590384991205784,0.9243119266055045,-0.7470988395358142,0.47171717171717176,0.8722623799762651,0.2637633525061627,3.524
0.6336336336336337,0.647337278106509,0.0,0.8814245244840145,-0.17688679245283018,0.869696208887773,0.3925501432664757,-0.9390053716860163,-0.7373380447585394,0.599616858237548,0.2923076923076923,-0.21951219512195122,0.24449339207048457,0.8237614000492974,0.14545454545454545,-0.7906976744186047,0.7564220183486238,-0.6834733893557422,0.024242424242424242,0.8637393462077895,0.26787181594083814,3.193
0.6346346346346347,0.4733727810650888,0.0,0.3844597329016592,-0.08490566037735849,0.7275922671353251,-0.27363896848137537,-0.3919597989949749,-0.6702002355712603,0.5674329501915709,0.5467775467775468,-0.016260162601626018,0.348568281938326,0.732314518116835,0.76,-0.7408637873754153,0.8275229357798165,-0.571828731492597,0.7919191919191919,0.875606861581616,1.0,3.24
0.6356356356356356,0.43431952662721895,0.0,0.6746256576284905,-0.46698113207547176,0.7642480542304795,0.1332378223495702,-0.6738866747530757,-0.724381625441696,0.6153256704980844,0.28191268191268193,-0.05081300813008131,0.32433920704845814,0.7655903376879467,0.4787878787878788,-0.7754543677936291,0.8068807339449541,-0.7474989995998399,0.39292929292929296,0.7887582263458841,0.3935907970419063,3.533
0.6366366366366366,0.3301775147928995,0.0,0.6576284904896803,0.5707547169811321,0.7303540045192065,0.048710601719197714,-0.6936406168774909,-0.6639183352964272,0.5440613026819924,0.2153846153846154,-0.19308943089430894,0.3463656387665198,0.7503081094404732,0.24484848484848487,-0.7172171194059019,0.828440366972477,-0.7086834733893557,0.20303030303030303,0.8898478800302081,0.49055053410024646,2.958
0.6376376376376376,0.40591715976331366,0.0,0.6552003237555645,-0.16981132075471697,0.7845844840572432,-0.06303724928366762,-0.6858430081441692,-0.7502944640753828,0.6003831417624521,0.45862785862785865,-0.258130081300813,0.29240088105726875,0.7623859995070248,0.136969696969697,-0.7707641196013288,0.8922018348623852,-0.5710284113645459,0.15353535353535352,0.8940554536627469,0.5061626951520131,3.483
0.6386386386386387,0.43550295857988164,0.0,0.726021853500607,-0.4363207547169811,0.7916143610343962,0.30515759312320917,-0.7336683417085427,-0.6643109540636042,0.5885057471264368,0.1313929313929314,0.0975609756097561,0.3105726872246696,0.7668227754498398,0.13575757575757577,-0.7912839554426423,0.7738532110091743,-0.6886754701880753,0.02222222222222222,0.8476642572014241,0.581758422350041,3.391
0.6396396396396397,0.39644970414201186,0.0,0.7377579927154998,-1.0,0.7953803665578709,-0.01862464183381089,-0.8485531103794837,-0.7954456223007459,0.7053639846743295,0.1600831600831601,-0.5711382113821138,0.664647577092511,0.8045353709637661,0.20484848484848486,-0.8331053351573188,0.83348623853211,-0.8667466986794717,0.07373737373737374,0.8388175639227533,0.5694330320460147,3.892
0.6406406406406406,0.4911242603550296,0.0,0.6106839336301092,-0.10613207547169812,0.8116997238262617,0.27793696275071633,-0.6991855830878531,-0.6478209658421672,0.44904214559386973,0.27151767151767153,-0.18902439024390244,0.2533039647577093,0.790978555582943,0.19878787878787882,-0.7670510064490912,0.7357798165137615,-0.5658263305322129,0.2505050505050505,0.8775488186427878,0.47329498767460965,2.812
0.6416416416416416,0.4733727810650888,0.0,0.5455281262646702,-0.5353773584905661,0.847602309816721,-0.3553008595988539,-0.5820481718939525,-0.7711032587357675,0.6333333333333334,0.5330561330561331,0.018292682926829267,0.3265418502202643,0.7818585161449346,0.4872727272727273,-0.8069181160836427,0.8032110091743118,-0.65906362545018,0.34747474747474744,0.8711835149422806,0.49137222678718157,3.637
0.6426426426426426,0.4887573964497041,0.0,0.7365439093484419,-0.10613207547169812,0.794627165453176,-0.30802292263610315,-0.8009010570091838,-0.7275225755791126,0.6693486590038314,0.45239085239085247,-0.3638211382113821,0.3832599118942731,0.8139018979541532,0.5006060606060606,-0.8088723861637679,0.8536697247706422,-0.7519007603041216,0.2494949494949495,0.8005178552163125,0.6450287592440427,3.527
0.6436436436436437,0.672189349112426,0.0,0.7082152974504249,-0.07547169811320754,0.8518704494099923,-0.05730659025787966,-0.747704037428522,-0.7993718099725167,0.5831417624521074,0.5135135135135136,-0.1056910569105691,0.12665198237885464,0.8821789499630268,0.44,-0.8612468243111198,0.8541284403669724,-0.6366546618647458,0.31717171717171716,0.7803430790808069,0.3599013968775678,3.554
0.6446446446446447,0.43431952662721895,0.0,0.5819506272764062,0.4528301886792453,0.6530253577705247,-0.02865329512893983,-0.7139143995841276,-0.7216332940714566,0.43793103448275866,0.4677754677754678,-0.2601626016260163,-0.025881057268722467,0.6625585407936899,0.07030303030303031,-0.6796951338675006,0.8032110091743118,-0.6346538615446179,0.31717171717171716,0.8516560578271658,0.3056696795398521,2.4
0.6456456456456456,0.5846153846153846,0.0,0.43585592877377577,0.0778301886792453,0.8659302033642982,-0.2922636103151863,-0.5404609253162364,-0.724381625441696,0.5919540229885057,0.5405405405405406,0.08333333333333334,0.33094713656387664,0.7917180182400788,0.5236363636363637,-0.8358413132694938,0.9509174311926605,-0.6694677871148459,0.7646464646464647,0.8586686805480633,0.6746096959737058,3.587
0.6466466466466466,0.4816568047337278,0.0,0.6365843787940105,0.08254716981132076,0.6756213909113733,-0.4183381088825215,-0.7019580661930341,-0.7153513937966235,0.6674329501915709,0.3683991683991684,-0.3170731707317073,0.5088105726872246,0.700517623859995,0.3709090909090909,-0.7103771741254641,0.8454128440366971,-0.8139255702280911,0.4888888888888889,0.8448592081130651,0.6261298274445357,3.378
0.6476476476476476,0.33491124260355026,0.0,0.7061918251719952,-0.10613207547169812,0.8282701481295506,-0.02005730659025788,-0.7653786172240513,-0.7396937573616018,0.5766283524904214,0.3151767151767152,-0.036585365853658534,0.31938325991189426,0.817106236135075,0.29939393939393943,-0.8272425249169435,0.8830275229357798,-0.6926770708283313,0.25353535353535356,0.8870428309418491,0.5587510271158587,3.245
0.6486486486486487,0.4532544378698225,0.0,0.6046135167948199,0.5070754716981132,0.7521968365553603,-0.4727793696275072,-0.598683070525039,-0.8319591676482136,0.33333333333333337,0.851975051975052,-0.3597560975609756,0.10848017621145374,0.843973379344343,0.2678787878787879,-0.80281414891538,0.7807339449541284,-0.4745898359343737,0.2494949494949495,0.8655734167655625,0.5710764174198849,2.271
0.6496496496496497,0.4284023668639053,0.0,0.7883447996762444,0.04716981132075472,0.670600050213407,-0.23925501432664759,-0.8177092358343442,-0.8091872791519434,0.47547892720306517,0.5160083160083161,-0.4126016260162602,0.29570484581497797,0.6906581217648509,0.3248484848484849,-0.6855579441078757,0.7981651376146789,-0.7162865146058424,0.3151515151515151,0.8483115762218146,0.33689400164338534,2.699
0.6506506506506506,0.42958579881656805,0.0,0.6701740186159449,-0.08018867924528303,0.869696208887773,-0.35959885386819485,-0.792237047305493,-0.8492343934040046,0.7344827586206897,0.4602910602910603,-0.012195121951219513,0.42400881057268724,0.8249938378111904,0.1975757575757576,-0.8841117842485832,0.888532110091743,-0.7194877951180472,0.43434343434343436,0.8239292264537705,0.495480690221857,3.769
0.6516516516516516,0.39881656804733734,0.0,0.6774585188182921,0.17452830188679244,0.7112729098669345,0.024355300859598857,-0.6815110032923236,-0.6733411857086768,0.4252873563218391,0.5401247401247401,-0.05691056910569106,-0.03909691629955947,0.6549174266699531,0.5551515151515152,-0.7219073675982021,0.8385321100917431,-0.5698279311724689,0.3282828282828283,0.8530585823713454,0.3631881676253081,2.82
0.6526526526526526,0.4863905325443787,0.0,0.7794415216511533,-0.13443396226415094,0.8019081094652272,0.17908309455587393,-0.8213481199098943,-0.7196702002355712,0.7168582375478928,0.246985446985447,-0.04065040650406504,0.44107929515418504,0.7961547941828937,0.3103030303030303,-0.811999218291968,0.7458715596330274,-0.7410964385754302,0.2191919191919192,0.8380623583989643,0.4371405094494659,3.472
0.6536536536536537,0.5538461538461539,0.0,0.6074463779846215,0.07311320754716981,0.8044187798142104,-0.24068767908309457,-0.6496274475827413,-0.7754220651747153,0.7072796934865901,0.32681912681912684,-0.4329268292682927,0.5440528634361234,0.84274094158245,0.4096969696969697,-0.8295876490130937,0.791743119266055,-0.737094837935174,0.30303030303030304,0.8468011651742368,0.5119145439605587,3.339
0.6546546546546547,0.40591715976331366,0.0,0.8267907729664103,-0.06839622641509434,0.7695204619633442,0.2922636103151863,-0.7508230809218507,-0.7271299568119356,0.3409961685823755,0.42037422037422034,-0.3353658536585366,0.06552863436123348,0.7850628543258564,-0.04606060606060606,-0.7602110611686536,0.6628440366972477,-0.486594637855142,-0.03838383838383838,0.8231740209299816,0.20049301561216104,2.196
0.6556556556556556,0.2923076923076923,0.0,0.6673411574261432,-0.5636792452830188,0.7275922671353251,0.03724928366762178,-0.6588112978686537,-0.7035728307813113,0.6977011494252874,0.15051975051975053,-0.10772357723577236,0.47191629955947134,0.706186837564703,0.343030303030303,-0.717998827437952,0.8454128440366971,-0.7819127651060424,0.2545454545454546,0.8746358830510302,0.6754313886606408,3.602
0.6566566566566566,0.3183431952662722,0.0,0.6179684338324565,0.03773584905660377,0.6590509666080844,-0.0,-0.6567319355397678,-0.5673341185708677,0.7563218390804598,0.1546777546777547,0.21341463414634146,0.3562775330396476,0.6640374661079614,0.42303030303030303,-0.6599570060582373,0.8422018348623853,-0.7486994797919168,0.46161616161616165,0.8831589168195059,0.7313064913722267,3.968
0.6576576576576577,0.45917159763313614,0.0,0.6774585188182921,-0.49292452830188677,0.9450163193572683,-0.09742120343839543,-0.6880956506671287,-0.8641539065567334,0.5455938697318008,0.48856548856548865,-0.3983739837398374,0.2742290748898678,0.8853832881439486,0.20242424242424245,-0.9034590580418215,0.7619266055045871,-0.6238495398159263,0.1494949494949495,0.8215557233790053,0.590797041906327,3.091
0.6586586586586587,0.514792899408284,0.0,0.49453662484823957,0.02122641509433962,0.8197338689430078,-0.2693409742120344,-0.5158551377577543,-0.7510797016097369,0.4103448275862069,0.832848232848233,-0.09349593495934959,-0.13381057268722465,0.8281981759921123,0.7357575757575758,-0.7961696306429549,0.8013761467889908,-0.5034013605442177,0.6808080808080809,0.8835904628330995,0.39112571898110104,2.675
0.6596596596596597,-0.10414201183431952,0.0,0.5313638203156617,-0.1509433962264151,0.7082601054481547,-0.40257879656160467,-0.5837809738346907,-0.8578720062819002,0.7735632183908047,0.3264033264033264,-0.17276422764227645,0.7874449339207048,0.6490017254128666,0.35393939393939394,-0.7391049443033028,0.7591743119266054,-0.7923169267707082,0.4797979797979798,0.8694573308879059,0.7428101889893179,3.658
0.6606606606606606,0.00591715976331361,0.0,0.6523674625657628,-0.24528301886792453,0.9121265377855887,0.01862464183381089,-0.692600935713048,-0.7750294464075382,0.6528735632183909,0.18170478170478171,-0.07926829268292683,0.691079295154185,0.8880946512201133,0.2387878787878788,-0.8862614813367208,0.9004587155963303,-0.7579031612645057,0.43232323232323233,0.893084475132161,0.6499589153656532,3.778
0.6616616616616616,0.3526627218934911,0.0,0.707810602994739,-0.10849056603773585,0.7248305297514436,0.02005730659025788,-0.6380176745797955,-0.6800157047506871,0.8398467432950193,0.13180873180873182,0.4634146341463415,0.5429515418502202,0.6948484101552871,0.2581818181818182,-0.7049052179011139,0.8211009174311926,-0.7727090836334534,0.20505050505050507,0.7641601035710432,0.6532456861133936,4.283
0.6626626626626627,0.6792899408284023,0.0,0.5965196276811008,-0.21933962264150944,0.7903590258599046,-0.27650429799426934,-0.6529197712701438,-0.6395759717314488,0.5015325670498084,0.4952182952182953,-0.17682926829268292,0.22742290748898678,0.7680552132117328,0.5903030303030303,-0.7412546413914404,0.7701834862385321,-0.6346538615446179,0.2858585858585858,0.8460459596504477,0.47740345110928506,3.163
0.6636636636636637,0.5431952662721894,0.0,0.7555645487656819,-0.4410377358490566,0.7896058247552096,-0.14040114613180518,-0.7880783226477214,-0.7180997251668629,0.6145593869731801,0.29355509355509357,-0.12601626016260162,0.3177312775330396,0.8272122257825979,0.10181818181818184,-0.7987101817471174,0.8385321100917431,-0.7799119647859144,0.13636363636363638,0.8234976804401769,0.3853738701725554,3.445
0.6646646646646647,0.1668639053254438,0.0,0.8081748280048564,0.5117924528301887,0.7501883002761737,0.11031518624641834,-0.7473574770403743,-0.7565763643502159,0.5337164750957855,0.1970893970893971,-0.39227642276422764,0.447136563876652,0.8249938378111904,-0.10181818181818184,-0.7815126050420168,0.836697247706422,-0.7198879551820728,0.1808080808080808,0.8447513216096666,0.2218570254724733,2.889
0.6656656656656657,0.5171597633136095,0.0,0.763658437879401,0.3325471698113207,0.6567913632939995,0.03724928366762178,-0.6780453994108473,-0.6380054966627404,0.4245210727969349,0.4432432432432433,-0.1524390243902439,0.11508810572687224,0.6517130884890313,0.36484848484848487,-0.679890560875513,0.7206422018348623,-0.539015606242497,0.05858585858585859,0.8010572877333045,0.609695973705834,2.53
0.6666666666666666,0.7644970414201184,0.0,0.6920275192229866,-0.17452830188679244,0.8694451418528747,-0.0,-0.6472015248657078,-0.7534354142127994,0.574712643678161,0.414968814968815,0.08130081300813008,0.29515418502202645,0.8952427902390929,0.2787878787878788,-0.8579245651749071,0.810091743119266,-0.581032412965186,0.4636363636363637,0.8592081130650556,0.36236647493837304,3.182
0.6676676676676677,0.4260355029585799,0.0,0.7596114933225414,0.4386792452830189,0.6896811448656791,0.1518624641833811,-0.7929301680817882,-0.7165292500981546,0.5942528735632184,0.11476091476091478,-0.15040650406504064,0.3524229074889868,0.7278777421740201,-0.013333333333333332,-0.7267930427985148,0.8206422018348623,-0.7623049219687875,-0.05757575757575758,0.878627683676772,0.36236647493837304,3.216
0.6686686686686687,0.4698224852071006,0.0,0.7122622420072845,0.19103773584905662,0.863419533015315,-0.24068767908309457,-0.7438918731588979,-0.7758146839418923,0.6831417624521072,0.46486486486486495,0.10975609756097561,0.43557268722466963,0.8237614000492974,0.3175757575757576,-0.8407269884698064,0.8385321100917431,-0.6746698679471789,0.28484848484848485,0.8398964289567376,0.629416598192276,3.329
0.6696696696696697,0.6011834319526628,0.0,0.772966410360178,0.12264150943396226,0.7142857142857143,0.20057306590257884,-0.789291284006238,-0.6643109540636042,0.5111111111111112,0.25862785862785864,-0.008130081300813009,0.08590308370044053,0.7175252649741187,0.20363636363636367,-0.7430134844635529,0.7678899082568806,-0.6874749899959983,0.2272727272727273,0.8451828676232602,0.12654067378800327,3.202
0.6706706706706707,0.31005917159763313,0.0,0.6726021853500607,0.47405660377358494,0.7469244288224957,-0.2492836676217765,-0.7109686362848726,-0.8142913231252453,0.521072796934866,0.6299376299376299,-0.20934959349593496,0.12059471365638766,0.6968203105743159,0.4303030303030303,-0.6982606996286886,0.8009174311926605,-0.62625050020008,0.25252525252525254,0.8244686589707628,0.32128184059161874,2.731
0.6716716716716716,0.7893491124260356,0.0,0.8599757183326588,0.20047169811320756,0.8212402711523976,-0.2664756446991404,-0.8192687575810085,-0.8523753435414212,0.49425287356321845,0.6627858627858628,-0.516260162601626,0.24559471365638766,0.8511215183633225,0.3563636363636364,-0.8291967949970687,0.8261467889908256,-0.6114445778311325,0.09595959595959597,0.8731254720034524,0.24650780608052586,2.847
0.6726726726726727,0.5881656804733728,0.0,0.5596924322136787,0.018867924528301886,0.6921918152146623,-0.16332378223495703,-0.5851672153872812,-0.635649784059678,0.5452107279693487,0.39833679833679836,0.2865853658536585,0.2505506607929515,0.7877742174020211,0.4654545454545455,-0.7244479187023647,0.8348623853211009,-0.6230492196878751,0.43232323232323233,0.7183083396267127,0.6688578471651602,3.319
0.6736736736736737,0.506508875739645,0.0,0.6325374342371509,0.03773584905660377,0.9425056490082852,-0.2679083094555874,-0.5872465777161671,-0.9238319591676483,0.5613026819923372,0.520997920997921,-0.48577235772357724,0.4713656387665198,0.880207049543998,0.16242424242424244,-0.8653507914793824,0.8004587155963303,-0.6558623449379751,0.24242424242424243,0.7936131189988133,0.5020542317173377,2.826
0.6746746746746747,0.4887573964497041,0.0,0.6556050182112505,-0.3136792452830189,0.6818980667838314,-0.17765042979942694,-0.628140703517588,-0.6937573616018845,0.4455938697318008,0.5164241164241165,-0.3678861788617886,0.28083700440528636,0.6598471777175252,0.4727272727272728,-0.6986515536447138,0.8646788990825688,-0.6146458583433373,0.2545454545454546,0.8834825763297012,0.5653245686113393,3.01
0.6756756756756757,0.11479289940828404,0.0,0.7494941319303926,-0.5754716981132075,0.5852372583479789,0.3209169054441261,-0.7496101195633339,-0.6344719277581469,0.6954022988505747,-0.08565488565488566,-0.04878048780487805,0.598568281938326,0.5696327335469558,0.02303030303030303,-0.6112956810631229,0.8059633027522934,-0.7334933973589435,-0.06060606060606061,0.8920056100981768,0.7937551355792932,3.533
0.6766766766766766,0.39171597633136096,0.0,0.5783083771752326,-0.14150943396226415,0.7419030881245292,-0.34527220630372496,-0.5888060994628315,-0.712995681193561,0.5275862068965518,0.5351351351351351,0.024390243902439025,0.21640969162995594,0.7320680305644565,0.3806060606060606,-0.7353918311510651,0.8564220183486237,-0.5806322529011605,0.5131313131313131,0.8791671161937641,0.4667214461791289,3.205
0.6776776776776777,0.25088757396449707,0.0,0.7701335491703764,-0.22641509433962265,0.8511172483052976,0.40401146131805155,-0.8196153179691562,-0.6760895170789163,0.6758620689655173,-0.03575883575883576,-0.022357723577235773,0.6139867841409692,0.8116835099827459,0.13090909090909092,-0.7975376196990425,0.8472477064220183,-0.8063225290116046,0.1686868686868687,0.858560794044665,0.5110928512736236,3.822
0.6786786786786787,0.44970414201183434,0.0,0.5617159044921084,0.35377358490566035,0.7142857142857143,-0.04727793696275072,-0.5886328192687575,-0.6344719277581469,0.40804597701149425,0.676923076923077,-0.09959349593495935,-0.019273127753303965,0.6682277544983978,0.610909090909091,-0.7105726011334766,0.8160550458715595,-0.4809923969587835,0.29696969696969694,0.8315891681950588,0.5949055053410024,2.66
0.6796796796796797,0.33136094674556216,0.0,0.6394172399838123,0.0023584905660377358,0.7537032387647501,-0.07449856733524356,-0.6995321434760007,-0.6921868865331762,0.7735632183908047,0.17214137214137215,-0.042682926829268296,0.6360132158590308,0.8272122257825979,0.28,-0.7963650576509674,0.8766055045871559,-0.8643457382953181,0.34141414141414145,0.7997626496925235,0.5209531635168446,3.884
0.6806806806806807,0.17751479289940827,0.0,0.6349656009712666,0.2830188679245283,0.6964599548079337,-0.03151862464183381,-0.6395771963264598,-0.71849234393404,0.6329501915708812,0.21829521829521834,-0.2804878048780488,0.4443832599118943,0.7047079122504313,0.06303030303030303,-0.7115497361735392,0.8633027522935779,-0.6918767507002801,0.20808080808080806,0.8935160211457547,0.4757600657354149,3.267
0.6816816816816816,0.3857988165680474,0.0,0.4743019020639417,-0.27122641509433965,0.6854130052724077,-0.2421203438395416,-0.49592791543926534,-0.6831566548881036,0.6003831417624521,0.3251559251559252,-0.17886178861788618,0.448237885462555,0.6953413852600443,0.32242424242424245,-0.6943521594684385,0.8050458715596329,-0.6926770708283313,0.5595959595959596,0.8711835149422806,0.5932621199671322,3.145
0.6826826826826827,0.4071005917159763,0.0,0.7090246863617968,0.47169811320754723,0.6952046196334422,-0.06446991404011461,-0.8144169121469417,-0.7330192383195916,0.4291187739463602,0.46486486486486495,-0.5589430894308943,0.10077092511013215,0.8254868129159477,0.38181818181818183,-0.7391049443033028,0.873394495412844,-0.6842737094837935,0.4646464646464647,0.7927500269716258,0.49055053410024646,2.645
0.6836836836836837,0.44023668639053254,0.0,0.7171185754755159,-0.43160377358490565,0.8199849359779061,0.21060171919770773,-0.7593138104314676,-0.7122104436592069,0.7222222222222222,0.09646569646569648,0.15853658536585366,0.4884361233480176,0.7705200887355188,0.2,-0.7924565174907172,0.7903669724770642,-0.755502200880352,0.23535353535353537,0.8939475671593483,0.5349219391947412,3.737
0.6846846846846847,0.2923076923076923,0.0,0.7426143261837312,-0.3443396226415094,0.8353000251067034,0.022922636103151865,-0.7802807139143996,-0.7722811150372988,0.6666666666666667,0.3093555093555094,0.046747967479674794,0.5269823788546255,0.8222824747350258,0.2981818181818182,-0.8604651162790697,0.7692660550458715,-0.737094837935174,0.08484848484848485,0.7894055453662747,0.6622843056696796,3.249
0.6856856856856857,0.5053254437869823,0.0,0.8365034399028733,0.16037735849056606,0.8034145116746172,0.14756446991404013,-0.8579102408594698,-0.7530427954456222,0.5651340996168583,0.3492723492723493,-0.35365853658536583,0.33039647577092507,0.8003450825733299,0.04606060606060606,-0.7822943130740668,0.8610091743119266,-0.6614645858343338,-0.06767676767676768,0.8847772143704823,0.5275267050123253,3.268
0.6866866866866866,0.1301775147928994,0.0,0.5592877377579927,-0.4481132075471698,0.7579713783580216,-0.26074498567335247,-0.5094437705770231,-0.6847271299568118,0.7367816091954024,0.19750519750519752,0.06910569105691057,0.598568281938326,0.6822775449839782,0.21212121212121213,-0.7140902872777017,0.8486238532110092,-0.6994797919167667,0.3464646464646465,0.8181033552702557,0.7444535743631882,3.848
0.6876876876876877,0.3218934911242604,0.0,0.6426547956292998,-0.6273584905660378,0.8247552096409742,-0.5773638968481376,-0.677352278634552,-0.8197879858657243,0.6291187739463602,0.4328482328482329,-0.3150406504065041,0.527533039647577,0.83214197683017,0.12484848484848485,-0.8286105139730311,0.828440366972477,-0.755502200880352,0.43232323232323233,0.8502535332829864,0.5891536565324568,3.332
0.6886886886886887,0.5041420118343195,0.0,0.7871307163091865,0.38915094339622647,0.6731107205623902,-0.28510028653295133,-0.7840928781840236,-0.7235963879073419,0.3850574712643678,0.6207900207900209,-0.3170731707317073,-0.10077092511013215,0.7066798126694601,0.42666666666666664,-0.6998241156927887,0.8788990825688072,-0.6538615446178471,0.3696969696969697,0.8742043370374366,0.24732949876746094,2.383
0.6896896896896897,0.3668639053254438,0.0,0.6689599352488871,0.18867924528301888,0.6587998995731861,-0.24641833810888253,-0.6936406168774909,-0.7612877895563408,0.5275862068965518,0.39792099792099794,-0.6544715447154472,0.29295154185022027,0.6470298249938378,0.1503030303030303,-0.6736368966191127,0.723394495412844,-0.7034813925570228,0.29797979797979796,0.8953500917035279,0.47822514379622016,2.562
0.6906906906906907,0.7100591715976331,0.0,0.7847025495750708,0.12971698113207547,0.8812452924930956,0.31375358166189116,-0.9026165309305146,-0.7561837455830388,0.6666666666666667,0.13846153846153847,-0.1056910569105691,0.3265418502202643,0.817106236135075,0.1878787878787879,-0.8334961891733437,0.8266055045871559,-0.8579431772709084,-0.04040404040404041,0.8237134534469738,0.45850451930977815,3.3
0.6916916916916916,0.4437869822485207,0.0,0.688789963577499,0.24764150943396226,0.8405724328395681,-0.34383954154727797,-0.7334950615144689,-0.8256772673733804,0.38199233716475095,0.5243243243243243,-0.5,0.30671806167400884,0.8370717278777421,0.136969696969697,-0.842876685557944,0.7999999999999999,-0.5958383353341337,0.2585858585858586,0.8625525946704067,0.3631881676253081,2.48
0.6926926926926927,0.6828402366863905,0.0,0.623229461756374,0.025943396226415092,0.7815716796384634,-0.012893982808022923,-0.6650493848553111,-0.7746368276403612,0.5471264367816092,0.42952182952182955,-0.3455284552845529,0.3860132158590308,0.868868622134582,0.5490909090909092,-0.8075043971076802,0.794954128440367,-0.6514605842336934,0.26565656565656565,0.8442118890926745,0.3344289235825801,2.914
0.6936936936936937,0.5668639053254437,0.0,0.6620801295022257,-0.0660377358490566,0.7727843334170222,-0.6074498567335244,-0.7066366314330272,-0.7946603847663918,0.7026819923371648,0.5941787941787943,-0.35569105691056907,0.43116740088105726,0.7328074932215922,0.296969696969697,-0.7613836232167286,0.7715596330275228,-0.6594637855142056,0.3464646464646465,0.8916819505879815,0.4371405094494659,3.482
0.6946946946946947,0.5289940828402367,0.0,0.6636989073249696,0.4764150943396227,0.7750439367311073,-0.08595988538681949,-0.6931207762952695,-0.7059285433843737,0.5762452107279694,0.3787941787941788,-0.23170731707317074,0.24174008810572686,0.8013310327828443,0.10181818181818184,-0.7443814735196405,0.8160550458715595,-0.6330532212885154,0.3292929292929293,0.8785197971733737,0.44700082169268696,2.97
0.6956956956956957,0.3857988165680474,0.0,0.6106839336301092,-0.04716981132075472,0.6357017323625408,-0.1862464183381089,-0.6321261479812857,-0.7145661562622693,0.6019157088122605,0.3413721413721414,-0.2764227642276423,0.5820484581497797,0.6946019226029085,0.5321212121212121,-0.7064686339652141,0.893577981651376,-0.7623049219687875,0.4444444444444445,0.873772791023843,0.504519309778143,3.318
0.6966966966966966,0.5455621301775149,0.0,0.6661270740590853,-0.19103773584905662,0.7702736630680391,-0.4641833810888253,-0.6465084040894126,-0.7389085198272477,0.335632183908046,0.735966735966736,-0.42886178861788615,0.049008810572687224,0.7798866157259058,0.22545454545454546,-0.7590384991205784,0.8715596330275228,-0.5166066426570628,0.45555555555555555,0.8000863092027187,0.41659819227608874,2.586
0.6976976976976977,0.5124260355029586,0.0,0.7280453257790368,0.02122641509433962,0.7880994225458197,0.1905444126074499,-0.8521919944550338,-0.6921868865331762,0.7114942528735633,0.11392931392931395,0.13414634146341464,0.43832599118942733,0.8175992112398324,0.08363636363636365,-0.7549345319523159,0.9155963302752292,-0.8395358143257302,0.2676767676767677,0.8213399503722085,0.4757600657354149,3.843
0.6986986986986987,0.4236686390532544,0.0,0.6794819910967219,0.25707547169811323,0.8039166457444137,0.23209169054441264,-0.6690348293190089,-0.690616411464468,0.5793103448275863,0.2752598752598753,-0.18292682926829268,0.21806167400881057,0.8375647029824993,0.06181818181818182,-0.7860074262263045,0.7999999999999999,-0.6186474589835934,0.2959595959595959,0.7623260330132701,0.4272801972062448,3.132
0.6996996996996997,0.4331360946745562,0.0,0.6632942128692837,-0.06367924528301887,0.8900326387145368,-0.32808022922636104,-0.7556749263559175,-0.7569689831173929,0.5022988505747127,0.5076923076923078,-0.18495934959349594,0.14372246696035243,0.8503820557061867,0.09575757575757576,-0.8551885870627322,0.7431192660550459,-0.5726290516206483,0.07878787878787878,0.8676232603301327,0.4486442070665571,2.968
0.7007007007007007,0.13136094674556215,0.0,0.5050586806960744,-0.007075471698113208,0.7996485061511424,-0.24785100286532952,-0.45607347080228733,-0.7612877895563408,0.5674329501915709,0.5143451143451144,-0.4024390243902439,0.6238986784140969,0.7914715306877002,0.4545454545454546,-0.761969904240766,0.844954128440367,-0.5690276110444177,0.49292929292929294,0.8697809903981011,0.8373048479868528,3.041
0.7017017017017017,0.6828402366863905,0.0,0.839336301092675,0.0919811320754717,0.7750439367311073,0.4455587392550144,-0.8308785305839542,-0.7196702002355712,0.5954022988505747,0.1600831600831601,-0.3516260162601626,0.2648678414096916,0.8543258565442445,0.22666666666666668,-0.8053547000195428,0.7756880733944954,-0.6750700280112045,0.18383838383838383,0.8498219872693925,0.524239934264585,2.763
0.7027027027027027,0.13964497041420118,0.0,0.6636989073249696,0.22877358490566038,0.7667587245794627,0.23352435530085963,-0.6815110032923236,-0.7306635257165291,0.6681992337164752,0.11975051975051976,-0.22154471544715448,0.4911894273127753,0.7438994330786294,0.17696969696969697,-0.7521985538401408,0.7582568807339449,-0.751500600240096,0.3464646464646465,0.7847664257201424,0.304847986852917,3.125
0.7037037037037037,0.6591715976331362,0.0,0.6280857952246054,0.25235849056603776,0.8204870700477027,-0.504297994269341,-0.6640097036908681,-0.8413820180604632,0.6601532567049809,0.6964656964656966,-0.06504065040650407,0.31828193832599116,0.7586886862213457,0.5381818181818182,-0.7836623021301543,0.8362385321100917,-0.6574629851940776,0.5141414141414141,0.851440284820369,0.28759244042728016,3.437
0.7047047047047047,0.47692307692307695,0.0,0.6843383245649535,-0.16037735849056606,0.7662565905096661,0.07020057306590259,-0.6867094091145383,-0.6745190420102081,0.5908045977011495,0.26985446985446987,0.054878048780487805,0.2064977973568282,0.7143209267931969,0.4036363636363637,-0.7246433457103773,0.8871559633027521,-0.7106842737094837,0.2545454545454546,0.8039702233250621,0.45932621199671325,3.451
0.7057057057057057,0.2153846153846154,0.0,0.5524079320113314,-0.02830188679245283,0.8079337183027868,-0.12320916905444126,-0.6104661237220586,-0.6910090302316451,0.7731800766283524,0.22120582120582125,0.21341463414634146,0.7169603524229075,0.8047818585161449,0.4363636363636364,-0.773109243697479,0.8954128440366972,-0.7623049219687875,0.38282828282828285,0.89383968065595,0.8299096138044371,4.12
0.7067067067067067,0.3775147928994083,0.0,0.46701740186159446,-0.0047169811320754715,0.7652523223700728,-0.21060171919770773,-0.42349679431640963,-0.6749116607773852,0.5659003831417625,0.4532224532224533,-0.06707317073170732,0.395374449339207,0.780379590830663,0.7224242424242424,-0.7664647254250537,0.888532110091743,-0.6014405762304921,0.7575757575757576,0.8606106376092351,0.7896466721446178,3.417
0.7077077077077077,0.22840236686390533,0.0,0.5997571833265885,-0.08490566037735849,0.6904343459703741,-0.16618911174785103,-0.5759833651013689,-0.6505692972124067,0.6655172413793105,0.13970893970893972,-0.1402439024390244,0.5605726872246696,0.6588612275080108,0.2642424242424243,-0.6951338675004886,0.9128440366972477,-0.7507002801120447,0.37272727272727274,0.8641708922213831,0.7009038619556285,3.762
0.7087087087087087,0.7301775147928994,0.0,0.5548360987454471,0.419811320754717,0.7963846346974642,-0.30515759312320917,-0.5881129786865361,-0.7860227718884961,0.4279693486590038,0.6494802494802495,-0.32926829268292684,0.23788546255506607,0.8099580971160956,0.5103030303030303,-0.8022278678913427,0.9151376146788991,-0.5562224889955982,0.5787878787878787,0.832128600712051,0.5628594905505341,2.859
0.7097097097097097,0.5893491124260355,0.0,0.5726426547956293,0.3018867924528302,0.7722821993472258,-0.10458452722063037,-0.6170507710968637,-0.7679623085983509,0.3314176245210728,0.6573804573804575,-0.2601626016260163,-0.009911894273127752,0.7328074932215922,0.36363636363636365,-0.7281610318546023,0.7990825688073394,-0.4573829531812725,0.37575757575757573,0.8750674290646241,0.4757600657354149,2.343
0.7107107107107107,0.5041420118343195,0.0,0.9534601375961148,-0.14386792452830188,0.7496861662063772,0.5931232091690545,-0.936406168774909,-0.6745190420102081,0.6272030651340996,0.006652806652806653,0.12398373983739837,0.3904185022026431,0.7838304165639635,0.16969696969696973,-0.7580613640805159,0.7908256880733944,-0.7631052420968387,-0.20404040404040405,0.8355809688208005,0.5562859490550535,3.372
0.7117117117117117,0.07455621301775148,0.0,0.5499797652772157,0.2240566037735849,0.609841827768014,-0.10744985673352436,-0.5383815629873506,-0.5586965056929721,0.6222222222222223,0.024532224532224534,-0.16869918699186992,0.45099118942731276,0.6041409908799605,0.1575757575757576,-0.6036740277506352,0.8068807339449541,-0.7238895558223288,0.5555555555555556,0.7686913367137771,0.5316351684470008,3.326
0.7127127127127127,0.527810650887574,0.0,0.5418858761634965,0.36556603773584906,0.6336931960833543,0.22922636103151864,-0.5777161670421072,-0.5367098547310561,0.6275862068965518,0.3226611226611227,0.31910569105691056,0.1569383259911894,0.6867143209267932,0.5454545454545455,-0.6734414696111003,0.9146788990825687,-0.6386554621848739,0.6282828282828283,0.8662207357859532,0.6507806080525883,3.418
0.7137137137137137,0.23431952662721894,0.0,0.4394981788749494,0.2641509433962264,0.6314335927692694,-0.11318051575931233,-0.520880263385895,-0.6544954848841774,0.6812260536398468,0.2307692307692308,-0.2804878048780488,0.637114537444934,0.6896721715553364,0.6484848484848486,-0.6640609732264999,0.9665137614678899,-0.7807122849139656,0.6292929292929293,0.8329916927392383,0.8882497945768282,3.597
0.7147147147147147,0.5443786982248521,0.0,0.6390125455281263,0.2783018867924528,0.7981421039417523,-0.07449856733524356,-0.6274475827412926,-0.67962308598351,0.6697318007662836,0.1841995841995842,-0.06300813008130081,0.4983480176211454,0.8385506531920137,0.2836363636363637,-0.7580613640805159,0.8353211009174311,-0.756702681072429,0.4,0.8327759197324415,0.46589975349219387,3.588
0.7157157157157157,0.285207100591716,0.0,0.726021853500607,-0.2759433962264151,0.7524479035902586,-0.027220630372492838,-0.75896725004332,-0.6690223792697291,0.6567049808429118,0.1995841995841996,0.21544715447154472,0.47962555066079293,0.7012570865171308,0.4303030303030303,-0.7381278092632402,0.8068807339449541,-0.7763105242096838,0.19090909090909092,0.7837954471895565,0.5497124075595727,3.612
0.7167167167167167,0.4165680473372781,0.0,0.707001214083367,0.205188679245283,0.6846598041677128,-0.42836676217765046,-0.8178825160284179,-0.707891637220259,0.5053639846743295,0.5471933471933472,-0.5182926829268293,0.1998898678414097,0.668720729603155,0.33212121212121215,-0.6789134258354504,0.7133027522935779,-0.6462585034013605,0.20303030303030303,0.818427014780451,0.43385373870172556,2.575
0.7177177177177178,0.5502958579881657,0.0,0.8049372723593687,-0.125,0.6881747426562892,0.1905444126074499,-0.8648414486224224,-0.746760895170789,0.42337164750957856,0.42744282744282747,-0.6239837398373984,0.05121145374449339,0.6421000739462657,0.23393939393939395,-0.677545436779363,0.7009174311926605,-0.602641056422569,0.1525252525252525,0.8343942172834178,0.3155299917830731,2.347
0.7187187187187187,0.5467455621301776,0.0,0.7940105220558478,-0.12028301886792453,0.836555360281195,0.22922636103151864,-0.8123375498180557,-0.7459756576364349,0.6260536398467433,0.31434511434511436,-0.35365853658536583,0.401431718061674,0.8212965245255114,0.42424242424242425,-0.800859878835255,0.7665137614678899,-0.6842737094837935,0.1202020202020202,0.8178875822634589,0.5751848808545603,3.258
0.7197197197197197,0.3455621301775148,0.0,0.36098745447187375,-0.2806603773584906,0.8727090133065528,-0.6074498567335244,-0.37151273609426444,-0.8174322732626619,0.5651340996168583,0.7222453222453223,-0.32113821138211385,0.4102422907488987,0.8363322652206062,0.6084848484848485,-0.8690639046316201,0.7628440366972477,-0.6418567426970788,0.6767676767676768,0.8901715395404034,0.9367296631059983,3.246
0.7207207207207207,0.493491124260355,0.0,0.5325779036827195,0.10613207547169812,0.8335425558624152,0.02865329512893983,-0.5366487610466124,-0.6639183352964272,0.5613026819923372,0.4735966735966736,0.2540650406504065,0.32213656387665196,0.7715060389450332,0.5236363636363637,-0.7437951924956029,0.8522935779816514,-0.5854341736694678,0.47474747474747475,0.8509008523033768,0.6631059983566147,3.274
0.7217217217217218,0.41538461538461535,0.0,0.5855928773775799,-0.205188679245283,0.8363042932462967,-0.2421203438395416,-0.6388840755501646,-0.8433451118963486,0.6402298850574714,0.39501039501039503,-0.4959349593495935,0.5963656387665198,0.8257333004683263,0.16484848484848488,-0.8503029118624194,0.9532110091743118,-0.7082833133253301,0.4666666666666667,0.8940554536627469,0.5497124075595727,3.654
0.7227227227227228,0.5775147928994083,0.0,0.602994738972076,0.19339622641509435,0.8214913381872959,-0.18338108882521492,-0.5862068965517242,-0.7086768747546132,0.5486590038314176,0.36923076923076925,-0.18495934959349594,0.4157488986784141,0.7559773231451812,0.4315151515151515,-0.7654875903849911,0.8669724770642201,-0.6470588235294117,0.47474747474747475,0.7805588520876039,0.5119145439605587,3.296
0.7237237237237237,0.5408284023668639,0.0,0.8725212464589236,0.03537735849056604,0.7195581220185789,0.16475644699140404,-0.9604921157511697,-0.6965056929721241,0.4850574712643678,0.32681912681912684,-0.2723577235772358,0.07213656387665199,0.8188316490017253,0.16121212121212122,-0.7164354113738518,0.7779816513761467,-0.6778711484593837,0.06666666666666667,0.8000863092027187,0.3270336894001643,2.952
0.7247247247247247,0.4579881656804734,0.0,0.6434641845406718,-0.1792452830188679,0.6839066030630179,0.08166189111747851,-0.737133945590019,-0.6513545347467609,0.7804597701149425,0.07858627858627859,0.24796747967479674,0.5044052863436124,0.7742174020211978,0.024242424242424246,-0.7391049443033028,0.8587155963302752,-0.8159263705482193,0.2737373737373738,0.884992987377279,0.4494658997534922,3.826
0.7257257257257257,0.7230769230769231,0.0,0.6458923512747875,0.24528301886792453,0.7313582726587998,-0.07593123209169055,-0.6541327326286606,-0.7043580683156655,0.6187739463601533,0.4395010395010395,0.0040650406504065045,0.27312775330396477,0.7752033522307122,0.44,-0.7437951924956029,0.8064220183486238,-0.6282513005202081,0.3111111111111111,0.8674074873233357,0.5119145439605587,2.959
0.7267267267267268,0.11597633136094676,0.0,0.6487252124645893,-0.10849056603773585,0.7077579713783579,0.22492836676217767,-0.6274475827412926,-0.6140557518649391,0.703448275862069,0.07525987525987526,0.17073170731707318,0.3716960352422908,0.688686221345822,0.0048484848484848485,-0.709204612077389,0.8715596330275228,-0.749499799919968,0.09393939393939393,0.7509979501564354,0.5792933442892357,3.929
0.7277277277277278,0.5420118343195267,0.0,0.5155807365439093,0.014150943396226415,0.8827516947024856,-0.48137535816618915,-0.5506844567665916,-0.9093050647820965,0.4467432950191571,0.8731808731808733,-0.5264227642276423,0.2599118942731277,0.8257333004683263,0.6169696969696971,-0.8503029118624194,0.8665137614678898,-0.5734293717486995,0.6727272727272727,0.8493904412557989,0.4667214461791289,2.807
0.7287287287287287,0.6260355029585799,0.0,0.5139619587211655,-0.17688679245283018,0.6899322119005775,-0.2922636103151863,-0.4964477560214868,-0.6874754613270514,0.5858237547892721,0.42411642411642414,-0.02032520325203252,0.32323788546255505,0.6758688686221345,0.36363636363636365,-0.6724643345710377,0.7665137614678899,-0.6234493797519007,0.43232323232323233,0.8635235732009925,0.6581758422350041,3.257
0.7297297297297297,0.5076923076923077,0.0,0.772966410360178,-0.007075471698113208,0.6630680391664574,0.2908309455587393,-0.8024605787558483,-0.6505692972124067,0.6413793103448275,0.08232848232848233,-0.18902439024390244,0.43392070484581496,0.6943554350505299,0.09939393939393941,-0.6699237834668751,0.7775229357798165,-0.7751100440176071,0.01818181818181818,0.8430251375552918,0.37880032867707475,3.262
0.7307307307307307,0.5218934911242604,0.0,0.7503035208417644,-0.19811320754716982,0.8292744162691438,0.04011461318051576,-0.7825333564373592,-0.8500196309383589,0.6122605363984674,0.13014553014553015,-0.7032520325203252,0.5545154185022025,0.8062607838304164,0.08484848484848487,-0.8362321672855189,0.893577981651376,-0.8615446178471389,0.2404040404040404,0.8475563706980257,0.4486442070665571,3.163
0.7317317317317318,0.727810650887574,0.0,0.519627681100769,0.040094339622641514,0.9322119005774542,-0.2979942693409742,-0.48535782360076246,-0.7569689831173929,0.40651340996168583,0.5372141372141372,-0.16056910569105692,0.2433920704845815,0.8930244022676854,0.34424242424242424,-0.9140121164744966,0.9091743119266055,-0.5602240896358542,0.5161616161616162,0.881432732765131,0.6614626129827444,2.806
0.7327327327327328,0.3254437869822486,0.0,0.46782679077296635,0.09433962264150944,0.7429073562641225,-0.31518624641833815,-0.5096170507710969,-0.7330192383195916,0.5490421455938698,0.456964656964657,-0.31910569105691056,0.45925110132158586,0.7929504560019719,0.5866666666666667,-0.7660738714090287,0.9082568807339448,-0.6738695478191276,0.7171717171717171,0.8682705793505232,0.6277732128184059,3.284
0.7337337337337337,0.5124260355029586,0.0,0.6641036017806556,0.04245283018867924,0.7346221441124781,-0.45128939828080233,-0.7133945590019061,-0.7251668629760502,0.41877394636015325,0.5347193347193347,-0.5040650406504065,0.1938325991189427,0.7394626571358146,0.21696969696969698,-0.6986515536447138,0.8243119266055045,-0.6274509803921569,0.34040404040404043,0.8475563706980257,0.4387838948233361,2.581
0.7347347347347347,0.2816568047337278,0.0,0.7389720760825577,0.22641509433962265,0.7549585739392418,-0.04727793696275072,-0.7279500953041067,-0.6403612092658029,0.628735632183908,0.2673596673596674,0.06910569105691057,0.3981277533039647,0.7022430367266453,0.16,-0.6923978893883135,0.8463302752293578,-0.6786714685874349,0.08787878787878788,0.8619052756500162,0.5735414954806901,3.424
0.7357357357357357,0.5680473372781065,0.0,0.7094293808174827,0.058962264150943404,0.7436605573688175,0.3309455587392551,-0.7184196846300468,-0.7652139772281115,0.5452107279693487,0.19251559251559255,-0.5853658536585366,0.36123348017621143,0.7742174020211978,0.16606060606060608,-0.7705686925933164,0.8527522935779815,-0.6758703481392557,0.17474747474747473,0.8652497572553673,0.3311421528348398,3.139
0.7367367367367368,0.5313609467455621,0.0,0.5422905706191825,-0.08490566037735849,0.7496861662063772,-0.08882521489971347,-0.5997227516894819,-0.6140557518649391,0.6521072796934866,0.27151767151767153,0.12601626016260162,0.29680616740088106,0.7855558294306136,0.4157575757575758,-0.7699824115692788,0.8857798165137615,-0.6638655462184874,0.4575757575757576,0.8232819074333801,0.561216105176664,3.667
0.7377377377377378,0.5207100591715976,0.0,0.7239983812221772,0.2688679245283019,0.8089379864423801,0.08595988538681949,-0.7683243805233062,-0.7067137809187279,0.663984674329502,0.3367983367983369,-0.18699186991869918,0.3744493392070485,0.7914715306877002,0.4993939393939394,-0.8174711745163181,0.768348623853211,-0.6730692276910764,0.4444444444444445,0.819721652821232,0.4527526705012325,3.325
0.7387387387387387,0.5372781065088758,0.0,0.6426547956292998,0.33490566037735847,0.7953803665578709,-0.2191977077363897,-0.6392306359383123,-0.795838241067923,0.47624521072796944,0.6083160083160084,-0.3455284552845529,0.1960352422907489,0.8084791718018239,0.19515151515151516,-0.7768223568497167,0.6908256880733944,-0.5866346538615446,0.32323232323232326,0.8720466069694681,0.3015612161051766,2.522
0.7397397397397397,0.6224852071005917,0.0,0.6875758802104411,0.06132075471698113,0.8624152648757218,-0.10315186246418338,-0.734361462484838,-0.8288182175107971,0.4252873563218391,0.7463617463617463,-0.4146341463414634,-0.05121145374449339,0.8779886615725905,0.5527272727272727,-0.8600742622630447,0.8908256880733945,-0.5450180072028812,0.3656565656565656,0.8461538461538461,0.30731306491372223,2.817
0.7407407407407407,0.5940828402366864,0.0,0.5779036827195467,-0.13443396226415094,0.7117750439367311,-0.11747851002865331,-0.6433893605960839,-0.6462504907734589,0.457088122605364,0.4577962577962578,-0.18495934959349594,0.11343612334801761,0.781612028592556,0.3078787878787879,-0.7443814735196405,0.8522935779816514,-0.5822328931572629,0.30404040404040406,0.7477613550544827,0.3845521774856204,2.992
0.7417417417417418,0.6863905325443787,0.0,0.6964791582355322,-0.22877358490566038,0.7697715289982424,0.027220630372492838,-0.6539594524345868,-0.6705928543384373,0.5337164750957855,0.40540540540540543,0.05894308943089431,0.12389867841409692,0.7949223564210007,0.2957575757575758,-0.7846394371702169,0.7793577981651376,-0.5922368947579031,0.305050505050505,0.8715071744524759,0.3697617091207888,3.268
0.7427427427427428,0.7822485207100592,0.0,0.41521651153379197,0.36320754716981135,0.9814210394175245,-0.37822349570200575,-0.4546872292496968,-0.7569689831173929,0.5969348659003831,0.5501039501039501,-0.1910569105691057,0.34030837004405284,0.9566181907813655,0.29333333333333333,-0.9470392808286106,0.7614678899082568,-0.5746298519407763,0.5767676767676767,0.8538137878951343,0.6425636811832375,3.167
0.7437437437437437,0.6023668639053255,0.0,0.6256576284904897,-0.3325471698113207,0.9073562641225207,0.16045845272206305,-0.7636458152833131,-0.7173144876325088,0.6065134099616858,0.3305613305613306,-0.3455284552845529,0.34526431718061673,0.9196450579245747,0.4315151515151515,-0.842876685557944,0.8738532110091742,-0.6614645858343338,0.46060606060606063,0.8675153738267343,0.3886606409202958,3.41
0.7447447447447447,0.3928994082840237,0.0,0.5475515985431,0.2617924528301887,0.816721064524228,-0.4011461318051577,-0.4730549298215214,-0.7396937573616018,0.6103448275862069,0.5409563409563409,0.15040650406504064,0.3138766519823788,0.8387971407443924,0.2593939393939394,-0.7815126050420168,0.8142201834862385,-0.5354141656662665,0.4252525252525252,0.8419462725213076,0.6220213640098603,3.322
0.7457457457457457,0.4804733727810651,0.0,0.6863617968433832,0.3466981132075472,0.6095907607331157,0.06446991404011461,-0.7090625541500606,-0.6599921476246564,0.5628352490421457,0.2681912681912682,-0.06707317073170732,0.16629955947136563,0.5974858269657382,0.4,-0.6495993746335743,0.7889908256880733,-0.6802721088435374,0.24343434343434342,0.888769014996224,0.5061626951520131,3.053
0.7467467467467468,0.17988165680473372,0.0,0.7223796033994334,0.007075471698113208,0.7248305297514436,-0.16618911174785103,-0.6971062207589672,-0.7086768747546132,0.5103448275862069,0.5118503118503119,-0.233739837398374,0.30176211453744495,0.7160463396598471,0.4193939393939394,-0.706077779949189,0.8422018348623853,-0.6454581832733093,0.2858585858585858,0.8764699536088035,0.4445357436318817,3.275
0.7477477477477478,0.33136094674556216,0.0,0.7065965196276811,-0.1391509433962264,0.7991463720813456,0.34670487106017195,-0.6844567665915786,-0.7043580683156655,0.6061302681992338,0.08773388773388774,-0.24186991869918698,0.4212555066079295,0.7490756716785802,0.29454545454545455,-0.7948016415868674,0.7880733944954128,-0.6994797919167667,0.5373737373737374,0.833423238752832,0.343467543138866,3.163
0.7487487487487487,0.16213017751479292,0.0,0.6236341562120599,-0.39622641509433965,0.8011549083605322,0.2191977077363897,-0.5851672153872812,-0.6128778955634079,0.857088122605364,-0.050311850311850315,0.467479674796748,0.8403083700440529,0.7830909539068276,0.42787878787878786,-0.7842485831541919,0.9261467889908257,-0.8627450980392157,0.5,0.8736649045204445,0.9219391947411668,4.266
0.7497497497497497,0.4923076923076923,0.0,0.7231889923108052,-0.35377358490566035,0.7793120763243786,-0.12034383954154729,-0.6588112978686537,-0.740871613663133,0.6183908045977012,0.2158004158004158,-0.17479674796747965,0.43502202643171806,0.7801331032782843,0.1781818181818182,-0.771154973617354,0.8582568807339449,-0.7755102040816326,0.1494949494949495,0.8863955119214585,0.5069843878389482,3.583
0.7507507507507507,0.3976331360946746,0.0,0.43464184540671796,0.14150943396226415,0.8501129801657042,-0.4570200573065903,-0.5383815629873506,-0.6725559481743227,0.5647509578544061,0.5933471933471934,0.2682926829268293,0.1277533039647577,0.8617204831156026,0.3963636363636364,-0.8372093023255813,0.9165137614678899,-0.5302120848339336,0.6989898989898989,0.7801273060740102,0.47658175842234995,3.701
0.7517517517517518,0.4461538461538462,0.0,0.5993524888709025,0.01650943396226415,0.6615616369570675,-0.14756446991404013,-0.6161843701264945,-0.6976835492736552,0.5272030651340996,0.372972972972973,-0.25609756097560976,0.42566079295154186,0.6701996549174266,0.4363636363636364,-0.6544850498338871,0.8096330275229356,-0.6326530612244897,0.49292929292929294,0.8288920056100981,0.6129827444535744,3.007
0.7527527527527528,0.3337278106508876,0.0,0.5430999595305545,0.03773584905660377,0.5691689681144866,-0.18051575931232092,-0.5751169641309998,-0.5940321947389084,0.639080459770115,0.43534303534303537,0.046747967479674794,0.34691629955947134,0.5977323145181167,0.48000000000000004,-0.6198944694156733,0.8302752293577982,-0.6674669867947178,0.5323232323232323,0.8777645916495845,0.7173377156943302,3.531
0.7537537537537538,0.27692307692307694,0.0,0.7207608255766895,-0.5801886792452831,0.655536028119508,0.20057306590257884,-0.7392133079189049,-0.6438947781703964,0.5773946360153257,0.3172557172557173,0.03048780487804878,0.2753303964757709,0.5703721962040916,0.36848484848484847,-0.6083642759429353,0.846788990825688,-0.6846738695478192,0.15555555555555556,0.8838062358398965,0.5119145439605587,3.43
0.7547547547547547,0.4023668639053255,0.0,0.6766491299069203,0.07311320754716981,0.7875972884760231,0.06303724928366762,-0.7710968636284873,-0.6894385551629367,0.7291187739463602,0.09729729729729732,-0.17682926829268292,0.45264317180616737,0.822775449839783,0.2957575757575758,-0.7867891342583545,0.9729357798165137,-0.8363345338135253,0.2404040404040404,0.8305103031610745,0.41988496302382905,4.086
0.7557557557557557,0.6982248520710059,0.0,0.6786726021853501,0.11556603773584906,0.7062515691689681,0.027220630372492838,-0.6922543753249004,-0.7915194346289752,0.28045977011494255,0.5920997920997921,-0.741869918699187,0.08370044052863436,0.6840029578506285,0.4254545454545455,-0.6654289622825874,0.8472477064220183,-0.4857943177270908,0.18686868686868688,0.8111986190527565,0.4256368118323747,2.385
0.7567567567567568,0.6189349112426036,0.0,0.7628490489680291,-0.30424528301886794,0.8581471252824504,-0.030085959885386822,-0.8211748397158205,-0.7777777777777778,0.7168582375478928,0.28814968814968817,-0.35569105691056907,0.5627753303964758,0.8890806014296277,0.1575757575757576,-0.8717998827437953,0.8142201834862385,-0.7591036414565826,0.3616161616161616,0.878843456683569,0.5677896466721445,3.581
0.7577577577577578,0.5538461538461539,0.0,0.6377984621610684,-0.1839622641509434,0.8290233492342456,-0.3524355300859599,-0.6839369260093572,-0.7224185316058107,0.43678160919540227,0.5875259875259876,-0.2682926829268293,0.19823788546255505,0.8057678087256593,0.3660606060606061,-0.8161031854602306,0.9279816513761467,-0.6442577030812325,0.35858585858585856,0.8411910669975186,0.590797041906327,3.07
0.7587587587587588,0.5609467455621302,0.0,0.5046539862403885,-0.10377358490566037,0.7798142103941752,-0.46991404011461324,-0.484837983018541,-0.713388299960738,0.49118773946360156,0.6303534303534304,-0.1483739837398374,0.22962555066079293,0.834606852353956,0.2909090909090909,-0.8065272620676177,0.9004587155963303,-0.5354141656662665,0.5111111111111111,0.8900636530370051,0.48562037797863594,3.24
0.7597597597597597,0.48757396449704143,0.0,0.6924322136786726,0.5212264150943396,0.665076575445644,0.09598853868194844,-0.8138970715647201,-0.6760895170789163,0.6659003831417625,0.05530145530145531,0.044715447154471545,0.33810572687224666,0.7387231944786787,0.06181818181818182,-0.696111002540551,0.8032110091743118,-0.7831132452981192,-0.005050505050505051,0.8266263890387312,0.28266228430566964,3.41
0.7607607607607607,0.5455621301775149,0.0,0.5248887090246863,0.2665094339622642,0.7014812955059001,-0.3194842406876791,-0.5186276208629353,-0.6729485669414997,0.34406130268199236,0.750935550935551,-0.0975609756097561,-0.11839207048458149,0.7241804288883411,0.6048484848484849,-0.6951338675004886,0.8793577981651376,-0.4797919167667067,0.6282828282828283,0.8352573093106053,0.44042728019720623,2.8
0.7617617617617618,0.45207100591715976,0.0,0.6547956292998786,-0.07075471698113207,0.7660055234747678,-0.16045845272206305,-0.6993588632819269,-0.7055359246171966,0.5459770114942529,0.5022869022869023,-0.34756097560975613,0.2544052863436123,0.707419275326596,0.49818181818181817,-0.7322649990228649,0.8155963302752293,-0.617046818727491,0.2404040404040404,0.8607185241126335,0.5398520953163517,3.264
0.7627627627627628,0.39881656804733734,0.0,0.7774180493727236,0.3207547169811321,0.6628169721315591,0.1189111747851003,-0.8282793276728471,-0.7196702002355712,0.5360153256704981,0.3384615384615385,-0.1361788617886179,0.1949339207048458,0.7199901404979048,0.3503030303030303,-0.7246433457103773,0.7009174311926605,-0.6742697078831532,0.0898989898989899,0.8242528859639658,0.36565324568611335,2.559
0.7637637637637638,0.41420118343195267,0.0,0.5758802104411169,-0.02122641509433962,0.773286467486819,-0.3424068767908309,-0.6303933460405475,-0.7644287396937574,0.5015325670498084,0.5476091476091476,-0.18089430894308942,0.263215859030837,0.7434064579738723,0.3890909090909091,-0.7602110611686536,0.9036697247706421,-0.6250500200080032,0.4686868686868687,0.8663286222893515,0.6672144617912901,3.277
0.7647647647647647,0.6366863905325444,0.0,0.6426547956292998,0.410377358490566,0.7471754958573938,-0.2908309455587393,-0.6920810951308266,-0.7263447192775815,0.5226053639846744,0.5239085239085239,-0.24390243902439024,0.21751101321585903,0.8528469312299728,0.576969696969697,-0.8155169044361931,0.8986238532110091,-0.682673069227691,0.5424242424242425,0.8712914014456792,0.4831552999178307,3.085
0.7657657657657657,0.5266272189349113,0.0,0.7017401861594496,-0.08254716981132076,0.7002259603314085,0.3939828080229227,-0.6735401143649281,-0.6124852767962309,0.7114942528735633,0.07276507276507277,0.3902439024390244,0.38160792951541844,0.7081587379837319,0.44727272727272727,-0.7275747508305648,0.8298165137614678,-0.735094037615046,0.2686868686868687,0.8704283094184917,0.3574363188167625,3.712
0.7667667667667668,0.4745562130177515,0.0,0.7401861594496155,0.12264150943396226,0.863419533015315,0.014326647564469915,-0.7986484144862243,-0.7455830388692579,0.735249042145594,0.3002079002079002,0.06300813008130081,0.5622246696035241,0.8210500369731327,0.21575757575757576,-0.813953488372093,0.7931192660550459,-0.6946778711484594,0.08686868686868686,0.8778724781529831,0.647493837304848,3.412
0.7677677677677678,0.285207100591716,0.0,0.5855928773775799,0.23349056603773588,0.6510168214913382,0.09742120343839543,-0.5068445676659158,-0.6250490773458971,0.5773946360153257,0.2852390852390853,0.016260162601626018,0.39317180616740083,0.6127680552132118,0.3503030303030303,-0.6060191518467852,0.8724770642201833,-0.6522609043617447,0.3797979797979798,0.8591002265616572,0.6203779786359901,3.115
0.7687687687687688,0.3053254437869823,0.0,0.630918656414407,0.31839622641509435,0.696711021842832,0.47851002865329517,-0.6298735054583261,-0.6513545347467609,0.6670498084291189,0.08482328482328483,-0.034552845528455285,0.4609030837004405,0.6751294059649987,0.4460606060606061,-0.6882939222200508,0.8096330275229356,-0.802721088435374,0.28080808080808084,0.8703204229150934,0.6557107641741988,3.243
0.7697697697697697,0.5538461538461539,0.0,0.5600971266693646,-0.009433962264150943,0.7017323625407984,-0.015759312320916905,-0.5719979206376712,-0.6117000392618767,0.5697318007662836,0.279002079002079,0.07520325203252032,0.308920704845815,0.729849642593049,0.5090909090909091,-0.7256204807504397,0.8238532110091743,-0.6874749899959983,0.5171717171717172,0.779587873557018,0.5217748562037797,3.405
0.7707707707707707,0.1692307692307692,0.0,0.603804127883448,-0.16037735849056606,0.8420788350489581,-0.09455587392550144,-0.5108300121296135,-0.723989006674519,0.589272030651341,0.3376299376299377,-0.2967479674796748,0.5330396475770924,0.8577766822775449,0.3575757575757576,-0.882939222200508,0.7903669724770642,-0.6338535414165666,0.4151515151515151,0.8861797389146618,0.6984387838948233,3.148
0.7717717717717718,0.3727810650887574,0.0,0.5774989882638608,-0.02830188679245283,0.7993974391162441,-0.3925501432664757,-0.6444290417605267,-0.8323517864153906,0.6490421455938697,0.4432432432432433,-0.37601626016260165,0.5231277533039648,0.8035494207542517,0.2909090909090909,-0.8000781708032051,0.920183486238532,-0.7671068427370948,0.43434343434343436,0.832668033229043,0.4831552999178307,3.538
0.7727727727727728,0.3017751479289941,0.0,0.6195872116552003,0.08254716981132076,0.7815716796384634,-0.16189111747851004,-0.6520533702997747,-0.7263447192775815,0.5873563218390805,0.5164241164241165,0.3089430894308943,0.21145374449339208,0.7761893024402267,0.3175757575757576,-0.8057455540355678,0.8178899082568807,-0.6394557823129252,0.2676767676767677,0.8893084475132161,0.5866885784716516,3.515
0.7737737737737738,0.16213017751479292,0.0,0.5989477944152165,-0.39622641509433965,0.7579713783580216,-0.2979942693409742,-0.6529197712701438,-0.7224185316058107,0.5881226053639846,0.3106029106029106,-0.4735772357723578,0.447136563876652,0.6583682524032535,0.1672727272727273,-0.7228845026382645,0.7490825688073394,-0.7018807523009203,0.4080808080808081,0.8689178983709138,0.4174198849630238,3.148
0.7747747747747747,0.3680473372781065,0.0,0.5916632942128692,0.3066037735849057,0.6414762741652021,0.17908309455587393,-0.6201698145901924,-0.5461327051433058,0.6352490421455939,0.09313929313929314,-0.06097560975609756,0.388215859030837,0.6440719743652945,0.30424242424242426,-0.6126636701192104,0.81697247706422,-0.6938775510204082,0.32222222222222224,0.8323443737188477,0.6524239934264585,3.16
0.7757757757757757,0.24733727810650888,0.0,0.6689599352488871,-0.1792452830188679,0.8071805171980918,-0.06303724928366762,-0.6570784959279155,-0.8131134668237142,0.6816091954022988,0.3255717255717256,-0.23577235772357724,0.5837004405286343,0.784076904116342,0.296969696969697,-0.7912839554426423,0.8357798165137614,-0.7498999599839936,0.45252525252525255,0.8295393246304887,0.4790468364831552,3.435
0.7767767767767768,0.29349112426035506,0.0,0.584783488466208,-0.3867924528301887,0.7652523223700728,-0.22349570200573068,-0.5669727950095304,-0.7899489595602669,0.5980842911877394,0.35301455301455303,-0.43089430894308944,0.5644273127753303,0.7680552132117328,0.34424242424242424,-0.7682235684971663,0.8513761467889908,-0.7330932372949179,0.33636363636363636,0.8683784658539216,0.6737880032867707,3.445
0.7777777777777778,0.5136094674556213,0.0,0.5167948199109672,0.3089622641509434,0.7509415013808687,-0.2893982808022923,-0.6054409980939179,-0.718884962701217,0.3846743295019157,0.7168399168399169,-0.07723577235772358,-0.14041850220264318,0.769780626078383,0.2872727272727273,-0.7623607582567911,0.8986238532110091,-0.435374149659864,0.47878787878787876,0.8539216743985327,0.27937551355792933,2.949
0.7787787787787788,0.578698224852071,0.0,0.5127478753541076,-0.007075471698113208,0.8212402711523976,-0.17765042979942694,-0.6340322301160977,-0.6599921476246564,0.4689655172413793,0.5991683991683993,-0.022357723577235773,0.03303964757709251,0.8277052008873551,0.25333333333333335,-0.8264608168848935,0.8458715596330275,-0.41736694677871145,0.27272727272727276,0.8213399503722085,0.4363188167625308,3.266
0.7797797797797797,0.5313609467455621,0.0,0.6123027114528531,0.46698113207547176,0.7268390660306302,-0.34527220630372496,-0.7078495927915439,-0.7381232822928935,0.6735632183908047,0.39002079002079004,-0.15040650406504064,0.3738986784140969,0.7562238106975597,0.6909090909090909,-0.7531756888802033,0.8743119266055045,-0.8567426970788315,0.5303030303030303,0.7994389901823282,0.4223500410846343,3.29
0.7807807807807807,0.5088757396449705,0.0,0.500607041683529,0.17688679245283018,0.8809942254581973,-0.4068767908309455,-0.5286778721192168,-0.8178248920298391,0.599616858237548,0.6964656964656966,0.06910569105691057,0.4504405286343612,0.9783090953906827,0.7151515151515152,-0.9544655071330859,0.9605504587155962,-0.6086434573829531,1.0,0.8553241989427123,0.590797041906327,3.572
0.7817817817817818,0.5597633136094674,0.0,0.6843383245649535,-0.16981132075471697,0.8378106954556866,-0.22349570200573068,-0.6141050077976088,-0.8645465253239104,0.47586206896551725,0.6158004158004159,-0.6077235772357723,0.27698237885462557,0.8343603648015774,0.5551515151515152,-0.7789720539378543,0.7903669724770642,-0.6382553021208484,0.19292929292929292,0.8556478584529076,0.27280197206244866,2.961
0.7827827827827828,0.48994082840236686,0.0,0.811007689194658,0.5353773584905661,0.6246547828270148,0.5,-0.808352105354358,-0.5987436199450333,0.4030651340996169,0.28274428274428276,-0.26422764227642276,-0.1921806167400881,0.628789746117821,0.3006060606060606,-0.6191127613836233,0.706880733944954,-0.5642256902761104,0.1898989898989899,0.8759305210918114,0.30073952341824156,2.464
0.7837837837837838,0.5431952662721894,0.0,0.7507082152974504,0.14386792452830188,0.5684157670097916,0.10315186246418338,-0.6695546699012302,-0.6548881036513544,0.47739463601532567,0.25322245322245324,0.0020325203252032522,0.11674008810572686,0.6075918166132609,-0.07757575757575758,-0.5866718780535469,0.7788990825688072,-0.6174469787915166,0.1101010101010101,0.8610421836228288,0.2645850451930978,3.011
0.7847847847847848,0.41538461538461535,0.0,0.6187778227438283,0.5165094339622641,0.7870951544062263,-0.27793696275071633,-0.6172240512909374,-0.6847271299568118,0.49310344827586206,0.5409563409563409,-0.3516260162601626,0.19713656387665196,0.7574562484594527,0.22303030303030305,-0.7150674223177643,0.8816513761467889,-0.5334133653461384,0.3383838383838384,0.8068831589168195,0.4560394412489729,2.733
0.7857857857857858,0.7254437869822485,0.0,0.7134763253743424,0.2617924528301887,0.8245041426060757,0.25787965616045844,-0.6988390226997055,-0.7534354142127994,0.4842911877394636,0.3126819126819127,-0.2764227642276423,0.3601321585903084,0.8365787527729849,0.376969696969697,-0.8102403752198554,0.7903669724770642,-0.6802721088435374,0.4404040404040404,0.835473082317402,0.4108463434675431,2.779
0.7867867867867868,0.40591715976331366,0.0,0.6628895184135977,0.21933962264150944,0.6040672859653528,0.33954154727793695,-0.7442384335470456,-0.5049077345897134,0.5191570881226054,0.11683991683991686,0.26626016260162605,0.0710352422907489,0.5772738476706926,0.2896969696969697,-0.5888215751416845,0.860091743119266,-0.7194877951180472,0.37373737373737376,0.809040888984788,0.3508627773212818,3.248
0.7877877877877878,0.6958579881656805,0.0,0.6046135167948199,0.6533018867924529,0.7200602560883755,0.05014326647564471,-0.6184370126494542,-0.6925795053003533,0.5122605363984675,0.48731808731808735,0.2703252032520325,-0.006607929515418502,0.7066798126694601,0.2921212121212121,-0.7348055501270275,0.7665137614678899,-0.5294117647058824,0.3606060606060606,0.8512245118135721,0.3870172555464256,3.008
0.7887887887887888,0.4923076923076923,0.0,0.6377984621610684,0.2169811320754717,0.7318604067285965,-0.22492836676217767,-0.6024952347946629,-0.7762073027090695,0.6934865900383143,0.22453222453222457,-0.42073170731707316,0.7268722466960352,0.7917180182400788,0.4351515151515152,-0.7678327144811412,0.875229357798165,-0.8147258903561424,0.29393939393939394,0.8582371345344697,0.6458504519309778,3.527
0.7897897897897898,0.5644970414201184,0.0,0.6900040469445569,0.16981132075471697,0.6979663570173236,-0.04584527220630373,-0.6860162883382429,-0.7035728307813113,0.7026819923371648,0.10145530145530146,-0.4004065040650407,0.573237885462555,0.7337934434311066,0.2496969696969697,-0.7150674223177643,0.7688073394495412,-0.902360944377751,0.34040404040404043,0.8538137878951343,0.40838126540673786,3.47
0.7907907907907908,0.17633136094674556,0.0,0.565762849048968,0.01650943396226415,0.6090886266633191,0.22206303724928367,-0.5600415872465777,-0.602669807616804,0.7402298850574712,-0.10852390852390853,-0.07520325203252032,0.5787444933920705,0.574562484594528,0.34424242424242424,-0.5954660934141098,0.8587155963302752,-0.7963185274109643,0.47070707070707074,0.8626604811738052,0.7066557107641741,3.554
0.7917917917917918,0.4804733727810651,0.0,0.4326183731282881,-0.03773584905660377,0.8091890534772784,-0.3209169054441261,-0.3619823254202045,-0.8390263054574009,0.3318007662835249,0.8573804573804574,-0.7276422764227642,0.06112334801762114,0.8222824747350258,0.5018181818181818,-0.838968145397694,0.6798165137614678,-0.41816726690676265,0.71010101010101,0.8119538245765454,0.6236647493837304,2.24
0.7927927927927928,0.8721893491124261,0.0,0.7021448806151356,-0.4221698113207547,0.7788099422545819,0.19627507163323785,-0.6560388147634726,-0.6592069100903023,0.5283524904214559,0.4278586278586279,-0.1991869918699187,0.15088105726872247,0.7825979788020704,0.44,-0.7733046707054915,0.8880733944954128,-0.5642256902761104,0.5272727272727273,0.8589923400582586,0.4445357436318817,3.248
0.7937937937937938,0.6106508875739646,0.0,0.8377175232699311,0.11792452830188681,0.7308561385890032,-0.02005730659025788,-0.8437012649454168,-0.7648213584609344,0.424904214559387,0.3854469854469855,-0.41666666666666663,0.06277533039647577,0.7170322898693615,-0.07030303030303031,-0.721125659566152,0.8123853211009173,-0.6574629851940776,-0.05050505050505051,0.8962131837307153,0.3064913722267872,2.456
0.7947947947947948,0.39171597633136096,0.0,0.5904492108458114,0.17688679245283018,0.6178759728847601,-0.002865329512893983,-0.5189741812510831,-0.6756968983117393,0.6486590038314177,0.2153846153846154,-0.06097560975609756,0.5638766519823788,0.6721715553364555,0.30909090909090914,-0.641782294313074,0.8995412844036696,-0.715486194477791,0.27070707070707073,0.887474376955443,0.6844700082169268,3.705
0.7957957957957958,0.4958579881656805,0.0,0.7887494941319304,0.03537735849056604,0.8054230479538037,0.17478510028653296,-0.850979033096517,-0.7063211621515508,0.5057471264367817,0.3987525987525988,-0.06707317073170732,0.16574889867841408,0.7424205077643579,0.3515151515151515,-0.7752589407856166,0.7564220183486238,-0.6330532212885154,0.026262626262626262,0.8624447081670082,0.3105998356614626,2.988
0.7967967967967968,0.31597633136094677,0.0,0.6487252124645893,0.10141509433962263,0.7913632939994979,-0.08595988538681949,-0.6598509790330965,-0.7978013349038083,0.46206896551724136,0.5164241164241165,-0.6443089430894309,0.15088105726872247,0.752280009859502,0.33939393939393947,-0.7750635137776041,0.8651376146788989,-0.6430572228891557,0.3696969696969697,0.8007336282231092,0.43385373870172556,2.655
0.7977977977977978,0.1692307692307692,0.0,0.5600971266693646,0.1721698113207547,0.7838312829525483,-0.17048710601719197,-0.6744065153352972,-0.7824892029839027,0.5440613026819924,0.5130977130977131,-0.3089430894308943,0.2841409691629956,0.7212225782597979,0.3054545454545455,-0.7439906195036153,0.9408256880733945,-0.6222488995598239,0.49595959595959593,0.8751753155680224,0.4946589975349219,2.97
0.7987987987987988,0.3810650887573965,0.0,0.7175232699312019,-0.4858490566037736,0.7341200100426813,0.14183381088825217,-0.8158031536995322,-0.6458578720062819,0.7681992337164751,-0.08482328482328483,0.20934959349593496,0.5484581497797356,0.7333004683263494,0.060606060606060615,-0.7404729333593904,0.8637614678899082,-0.885954381752701,0.16565656565656567,0.816916603732873,0.6351684470008216,4.052
0.7997997997997998,0.1609467455621302,0.0,0.6212059894779441,0.02122641509433962,0.782827014812955,-0.15329512893982808,-0.6763125974701092,-0.7781703965449548,0.539080459770115,0.42411642411642414,-0.4959349593495935,0.4741189427312775,0.7236874537835839,0.31878787878787884,-0.748876294703928,0.851834862385321,-0.6394557823129252,0.38282828282828285,0.8448592081130651,0.5546425636811833,2.971
0.8008008008008008,0.30414201183431955,0.0,0.744637798462161,0.4787735849056604,0.6517700225960331,0.2922636103151863,-0.7359209842315023,-0.6148409893992933,0.660536398467433,-0.02203742203742204,-0.14430894308943087,0.45814977973568277,0.678087256593542,0.16121212121212122,-0.6581981629861247,0.7243119266055045,-0.8031212484993998,0.015151515151515152,0.851440284820369,0.3393590797041906,2.863
0.8018018018018018,0.2650887573964497,0.0,0.754350465398624,0.19339622641509435,0.7406477529500377,0.2163323782234957,-0.739040027724831,-0.6364350215940322,0.8107279693486591,-0.0893970893970894,0.16056910569105692,0.6916299559471365,0.765343850135568,0.24363636363636365,-0.7555208129763533,0.9133027522935779,-0.8887555022008804,0.1808080808080808,0.8893084475132161,0.6524239934264585,4.14
0.8028028028028028,0.4816568047337278,0.0,0.7648725212464589,0.24764150943396226,0.7167963846346974,0.24068767908309457,-0.8547911973661411,-0.7306635257165291,0.5931034482758621,0.1442827442827443,-0.32926829268292684,0.46255506607929514,0.7734779393640621,-0.06181818181818182,-0.7363689661911276,0.7807339449541284,-0.7238895558223288,-0.02222222222222222,0.8846693278670837,0.43796220213640097,3.168
0.8038038038038038,0.47692307692307695,0.0,0.7122622420072845,0.03773584905660377,0.7951292995229726,-0.2679083094555874,-0.7501299601455553,-0.7601099332548095,0.4957854406130269,0.45155925155925164,-0.46951219512195125,0.30286343612334804,0.8168597485826965,0.2363636363636364,-0.8022278678913427,0.7775229357798165,-0.695078031212485,0.1181818181818182,0.8367677203581833,0.5217748562037797,2.886
0.8048048048048048,0.8023668639053255,0.0,0.7749898826386078,0.5731132075471698,0.8870198342957569,0.18194842406876793,-0.7768151100329231,-0.7341970946211229,0.6444444444444445,0.18503118503118504,0.28252032520325204,0.3920704845814978,0.868868622134582,0.24242424242424246,-0.8630056673832325,0.9036697247706421,-0.7619047619047619,0.09393939393939393,0.8937317941525516,0.47165160230073944,3.687
0.8058058058058059,0.19526627218934914,0.0,0.7725617159044921,-0.3325471698113207,0.7597288476023097,0.35959885386819485,-0.8078322647721365,-0.6234786022771889,0.6436781609195402,-0.18170478170478171,-0.4329268292682927,0.5677312775330395,0.7293566674882918,-0.0060606060606060615,-0.7265976157905022,0.7610091743119266,-0.8679471788715486,0.20808080808080806,0.8595317725752508,0.36236647493837304,3.19
0.8068068068068068,-0.06982248520710059,0.0,0.4876568191015783,-0.3089622641509434,0.7875972884760231,-0.22349570200573068,-0.5650667128747184,-0.7200628190027483,0.5590038314176246,0.3804573804573805,-0.13211382113821138,0.43226872246696035,0.7503081094404732,0.46060606060606063,-0.8288059409810435,0.8426605504587156,-0.6786714685874349,0.5252525252525253,0.7334124501024921,0.6778964667214461,3.341
0.8078078078078078,0.5029585798816568,0.0,0.5232699312019425,-0.11792452830188681,0.8232488074315842,-0.5530085959885387,-0.5733841621902617,-0.7887711032587357,0.5839080459770115,0.748024948024948,0.12601626016260162,0.256057268722467,0.7956618190781365,0.5793939393939394,-0.8002735978112174,0.8981651376146789,-0.6078431372549019,0.6787878787878788,0.8918977235947783,0.44617912900575185,3.64
0.8088088088088088,0.4165680473372781,0.0,0.7118575475515985,-0.018867924528301886,0.7896058247552096,-0.31661891117478513,-0.7367873852018714,-0.7722811150372988,0.3992337164750958,0.486902286902287,-0.6422764227642277,0.20319383259911894,0.8102045846684741,0.10787878787878788,-0.787766269298417,0.7922018348623853,-0.6606642657062824,0.10909090909090909,0.855539971949509,0.3771569433032046,2.271
0.8098098098098098,0.5502958579881657,0.0,0.7426143261837312,0.18160377358490568,0.8583981923173487,-0.28223495702005735,-0.7289897764685497,-0.9823321554770317,0.4329501915708812,0.7775467775467777,-0.5182926829268293,0.20980176211453744,0.8809465122011337,0.20484848484848486,-0.877467265976158,0.8536697247706422,-0.5846338535414166,0.14646464646464646,0.8392491099363469,0.21117502054231715,2.664
0.8108108108108109,0.5964497041420118,0.0,0.5981384055038446,0.10849056603773585,0.7783078081847853,-0.46848137535816625,-0.6083867613931728,-0.7860227718884961,0.6590038314176245,0.4964656964656965,-0.2703252032520325,0.5088105726872246,0.7929504560019719,0.45333333333333337,-0.772327535665429,0.8472477064220183,-0.7182873149259703,0.51010101010101,0.7986837846585392,0.7502054231717338,3.411
0.8118118118118118,0.6461538461538462,0.0,0.6082557668959935,0.42924528301886794,0.7908611599297012,-0.08739255014326648,-0.6506671287471842,-0.7110325873576756,0.5275862068965518,0.5592515592515593,-0.3678861788617886,0.1762114537444934,0.8550653192013802,0.5260606060606061,-0.8065272620676177,0.83348623853211,-0.6926770708283313,0.5303030303030303,0.8650339842485706,0.33278553820870993,2.995
0.8128128128128128,0.4804733727810651,0.0,0.7385673816268716,-0.051886792452830184,0.8408234998744665,0.3538681948424069,-0.8180557962224918,-0.7208480565371025,0.6237547892720307,0.15093555093555094,-0.1402439024390244,0.43722466960352424,0.7705200887355188,0.36,-0.7594293531366035,0.9105504587155963,-0.800720288115246,0.2494949494949495,0.7601683029453016,0.45110928512736237,3.472
0.8138138138138138,0.8165680473372781,0.0,0.6288951841359773,-0.08962264150943396,0.7316093396936982,-0.16475644699140404,-0.6432160804020101,-0.6945425991362386,0.49195402298850577,0.5422037422037422,-0.05894308943089431,0.018722466960352423,0.7263988168597485,0.5139393939393939,-0.7314832909908149,0.8568807339449541,-0.5146058423369347,0.3303030303030303,0.8294314381270903,0.257189811010682,3.3
0.8148148148148148,0.7857988165680474,0.0,0.8154593282072036,0.14150943396226415,0.6781320612603565,0.014326647564469915,-0.8811297868653613,-0.7966234786022771,0.4865900383141763,0.5422037422037422,-0.15853658536585366,0.09581497797356828,0.7500616218880947,0.4218181818181818,-0.718780535470002,0.8146788990825687,-0.5962384953981592,0.08484848484848485,0.8801380947243499,0.34018077239112565,2.845
0.8158158158158159,0.37514792899408284,0.0,0.6276811007689194,-0.05660377358490566,0.713281446146121,0.3911174785100287,-0.6348986310864668,-0.6415390655673341,0.5314176245210728,0.3172557172557173,0.21951219512195122,0.13491189427312775,0.6958343603648015,0.25333333333333335,-0.7305061559507524,0.8288990825688073,-0.6462585034013605,0.4686868686868687,0.8342863307800193,0.36811832374691866,3.325
0.8168168168168168,0.7136094674556213,0.0,0.6147308781869688,0.375,0.7321114737634948,-0.18194842406876793,-0.6569052157338416,-0.6721633294071456,0.4540229885057472,0.6465696465696466,-0.18902439024390244,-0.08590308370044053,0.7244269164407197,0.38787878787878793,-0.7043189368770765,0.8408256880733944,-0.5886354541816726,0.2919191919191919,0.8324522602222462,0.2686935086277732,2.875
0.8178178178178178,0.7313609467455622,0.0,0.5677863213273978,0.4033018867924529,0.6936982174240521,-0.054441260744985676,-0.7288164962744759,-0.6572438162544169,0.6590038314176245,0.12557172557172558,-0.3048780487804878,0.4713656387665198,0.7365048065072713,0.47030303030303033,-0.7054914989251514,0.9266055045871558,-0.8111244497799119,0.5565656565656566,0.8429172510518934,0.4239934264585045,3.452
0.8188188188188188,0.6792899408284023,0.0,0.5248887090246863,0.5235849056603774,0.8315340195832287,-0.03581661891117479,-0.482931900883729,-0.7137809187279152,0.5045977011494253,0.44989604989605,-0.24390243902439024,0.2566079295154185,0.8511215183633225,0.5709090909090909,-0.8190345905804182,0.8504587155963302,-0.7094837935174069,0.7545454545454545,0.7669651526594023,0.5102711585866886,2.859
0.8198198198198198,0.2366863905325444,0.0,0.6390125455281263,-0.6014150943396227,0.751192568415767,-0.3810888252148998,-0.6390573557442385,-0.8323517864153906,0.5467432950191571,0.7247401247401248,-0.4878048780487805,0.256057268722467,0.8030564456494946,0.5951515151515152,-0.8190345905804182,0.8651376146788989,-0.6774709883953581,0.44747474747474747,0.829862984140684,0.47740345110928506,3.105
0.8208208208208209,0.4804733727810651,0.0,0.6738162687171185,-0.7311320754716981,0.8252573437107708,0.09885386819484242,-0.7636458152833131,-0.7322340007852375,0.5931034482758621,0.377962577962578,-0.04878048780487805,0.32599118942731276,0.7478432339166871,0.5890909090909091,-0.7936290795387922,0.9133027522935779,-0.6814725890356143,0.3686868686868687,0.8749595425612255,0.5102711585866886,3.802
0.8218218218218218,0.2781065088757396,0.0,0.7025495750708215,-0.46698113207547176,0.6507657544564399,0.021489971346704873,-0.7535955640270318,-0.7495092265410286,0.5758620689655173,0.1501039501039501,-0.5447154471544716,0.5468061674008811,0.6339659847177717,0.2278787878787879,-0.6392417432089115,0.815137614678899,-0.817126850740296,0.2474747474747475,0.881648505771928,0.34182415776499586,3.415
0.8228228228228228,0.4047337278106509,0.0,0.593686766491299,0.16745283018867924,0.6846598041677128,-0.33237822349570206,-0.6676485877664183,-0.7656065959952885,0.44942528735632187,0.4677754677754678,-0.3861788617886179,0.12389867841409692,0.7042149371456742,0.16363636363636366,-0.6980652726206762,0.8509174311926605,-0.6418567426970788,0.4303030303030303,0.8820800517855216,0.495480690221857,2.852
0.8238238238238238,0.5846153846153846,0.0,0.47713476325374343,-0.054245283018867926,0.7858398192317348,-0.5830945558739254,-0.4967943164096344,-0.8861405575186494,0.5295019157088122,0.9305613305613306,-0.4126016260162602,0.3832599118942731,0.7650973625831895,0.6824242424242424,-0.787375415282392,0.7270642201834862,-0.5122048819527811,0.40606060606060607,0.8538137878951343,0.6655710764174199,2.659
0.8248248248248248,0.6106508875739646,0.0,0.7373532982598139,-0.38915094339622647,0.7469244288224957,0.2793696275071634,-0.7191128054063421,-0.6929721240675304,0.6501915708812261,0.12266112266112267,-0.1524390243902439,0.44107929515418504,0.8143948730589105,0.4157575757575758,-0.7764315028336916,0.7880733944954128,-0.7763105242096838,0.19393939393939394,0.8158377386988888,0.5562859490550535,3.593
0.8258258258258259,0.4508875739644971,0.0,0.641440712262242,0.1556603773584906,0.836555360281195,-0.07306590257879657,-0.6919078149367527,-0.7404789948959559,0.4563218390804598,0.649064449064449,-0.3048780487804878,0.125,0.7443924081833867,0.5927272727272728,-0.7846394371702169,0.8720183486238532,-0.5606242496998799,0.4636363636363637,0.89588952422052,0.4880854560394412,2.937
0.8268268268268268,0.4071005917159763,0.0,0.7393767705382436,-0.2971698113207547,0.8177253326638213,0.09742120343839543,-0.7612198925662796,-0.7499018453082057,0.6160919540229886,0.12224532224532225,-0.20121951219512196,0.5446035242290749,0.8659107715060388,-0.013333333333333332,-0.8549931600547196,0.7738532110091743,-0.7791116446578631,0.0686868686868687,0.884992987377279,0.524239934264585,3.262
0.8278278278278278,0.48520710059171596,0.0,0.5358154593282072,-0.5306603773584906,0.8061762490584986,-0.6346704871060173,-0.6245018194420378,-0.8445229681978798,0.653256704980843,0.4424116424116425,-0.41666666666666663,0.6167400881057269,0.7964012817352722,0.43757575757575756,-0.800859878835255,0.9307339449541283,-0.682673069227691,0.5737373737373737,0.8516560578271658,0.524239934264585,3.627
0.8288288288288288,0.4461538461538462,0.0,0.678267907729664,0.13679245283018868,0.7019834295756966,0.07306590257879657,-0.6948535782360076,-0.7000392618767176,0.5279693486590038,0.056964656964656975,-0.6686991869918699,0.3738986784140969,0.7266453044121272,0.14303030303030304,-0.7101817471174516,0.8344036697247705,-0.8655462184873949,0.17676767676767677,0.8670838278131406,0.49055053410024646,2.628
0.8298298298298298,0.727810650887574,0.0,0.528126264670174,0.19811320754716982,0.8405724328395681,-0.5128939828080229,-0.5661063940391613,-0.7616804083235178,0.6750957854406131,0.5966735966735968,-0.2967479674796748,0.5737885462555066,0.8082326842494453,0.713939393939394,-0.7928473715067423,0.9344036697247705,-0.6686674669867947,0.71010101010101,0.8400043154601359,0.6384552177485621,3.695
0.8308308308308309,0.6449704142011835,0.0,0.7478753541076487,0.09433962264150944,0.6756213909113733,-0.21203438395415472,-0.7915439265291977,-0.6670592854338437,0.6310344827586207,0.2602910602910603,-0.17073170731707318,0.45484581497797355,0.7586886862213457,0.26545454545454544,-0.7383232362712527,0.8188073394495412,-0.7839135654261704,0.1181818181818182,0.8638472327111878,0.4437140509449466,3.36
0.8318318318318318,0.2816568047337278,0.0,0.7235936867664913,-0.007075471698113208,0.668340446899322,0.17048710601719197,-0.7799341535262521,-0.6089517078916371,1.0,-0.21164241164241165,0.2764227642276423,1.0,0.7044614246980527,0.21575757575757576,-0.7099863201094391,0.8307339449541283,-0.9747899159663865,0.24242424242424243,0.8922213831049736,0.8011503697617091,4.503
0.8328328328328328,0.38934911242603554,0.0,0.6649129906920275,0.018867924528301886,0.7617373838814963,-0.1848137535816619,-0.69450701784786,-0.7283078131134668,0.5862068965517242,0.3846153846153847,-0.19308943089430894,0.31828193832599116,0.7293566674882918,0.27636363636363637,-0.721125659566152,0.8628440366972476,-0.6430572228891557,0.22626262626262628,0.8187506742906463,0.42152834839769926,3.346
0.8338338338338338,0.28994082840236685,0.0,0.6928369081343585,-0.16037735849056606,0.6876726085864926,0.11031518624641834,-0.640443597296829,-0.5834314880251276,0.7812260536398469,-0.11101871101871104,0.14227642276422767,0.625,0.7076657628789745,0.1890909090909091,-0.6638655462184874,0.8472477064220183,-0.8167266906762705,0.11313131313131314,0.8826194843025137,0.9030402629416597,3.822
0.8348348348348348,0.7810650887573966,0.0,0.6576284904896803,0.07547169811320754,0.8265126788852623,-0.17621776504297995,-0.6551724137931035,-0.7393011385944248,0.4574712643678161,0.568814968814969,0.032520325203252036,0.05506607929515419,0.843973379344343,0.4484848484848485,-0.7887434043384794,0.7912844036697247,-0.5614245698279312,0.2202020202020202,0.8074225914338116,0.45357436318816763,2.935
0.8358358358358359,0.25680473372781065,0.0,0.5685957102387698,-0.12735849056603774,0.8978157167963846,-0.7879656160458454,-0.600589152659851,-0.9599528857479386,0.5954022988505747,0.8274428274428275,-0.6117886178861789,0.3755506607929516,0.8306630515158984,0.5696969696969697,-0.8622239593511823,0.8564220183486237,-0.6870748299319728,0.4757575757575757,0.8208005178552162,0.3566146261298274,3.161
0.8368368368368369,0.3408284023668639,0.0,0.6774585188182921,0.29245283018867924,0.7484308310318855,-0.20630372492836677,-0.6430428002079362,-0.801727522575579,0.3567049808429119,0.5542619542619542,-0.6483739837398375,0.2004405286343612,0.7756963273354694,0.1393939393939394,-0.7459448895837405,0.8504587155963302,-0.550220088035214,0.33131313131313134,0.8666522817995468,0.45850451930977815,2.398
0.8378378378378378,0.43905325443786986,0.0,0.6624848239579118,-0.09669811320754718,0.7823248807431584,0.11747851002865331,-0.5667995148154565,-0.8001570475068707,0.481992337164751,0.4395010395010395,-0.5284552845528455,0.2566079295154185,0.7024895242790239,0.3866666666666667,-0.759233926128591,0.8275229357798165,-0.5974389755902361,0.17070707070707072,0.8388175639227533,0.629416598192276,2.858
0.8388388388388388,0.4674556213017752,0.0,0.6001618777822744,0.35141509433962265,0.7052473010293748,-0.5128939828080229,-0.6227690175012995,-0.7345897133882999,0.663984674329502,0.5488565488565489,-0.21341463414634146,0.46861233480176206,0.7865417796401281,0.3806060606060606,-0.7527848348641782,0.8655963302752293,-0.6754701880752301,0.49797979797979797,0.8845614413636854,0.5538208709942481,3.289
0.8398398398398398,0.3633136094674556,0.0,0.6353702954269527,-0.09433962264150944,0.752698970625157,0.048710601719197714,-0.7121815976433894,-0.7137809187279152,0.5724137931034483,0.25114345114345116,0.06097560975609756,0.33810572687224666,0.781612028592556,0.2363636363636364,-0.7740863787375415,0.8963302752293577,-0.7310924369747899,0.396969696969697,0.8275973675693171,0.4182415776499589,3.495
0.8408408408408409,0.4047337278106509,0.0,0.6778632132739781,0.1792452830188679,0.8240020085362791,0.048710601719197714,-0.7302027378270665,-0.70239497447978,0.6904214559386974,0.158004158004158,-0.2926829268292683,0.5209251101321586,0.8464382548681291,0.02545454545454546,-0.8112175102599178,0.744954128440367,-0.755502200880352,0.2,0.8230661344265832,0.27198027937551356,3.254
0.8418418418418419,0.28875739644970416,0.0,0.6001618777822744,0.0047169811320754715,0.6909364800401706,0.20057306590257884,-0.6343787905042454,-0.5987436199450333,0.6229885057471264,0.08399168399168401,0.07723577235772358,0.4212555066079295,0.667488291841262,0.19151515151515153,-0.6423685753371116,0.7848623853211009,-0.6986794717887155,0.22424242424242424,0.8947027726831372,0.6967953985209531,3.388
0.8428428428428428,0.6461538461538462,0.0,0.7065965196276811,0.3608490566037736,0.6861662063771027,0.17908309455587393,-0.7092358343441345,-0.613270514330585,0.5494252873563218,0.31683991683991686,0.012195121951219513,0.12004405286343611,0.7103771259551392,0.34909090909090906,-0.6896619112761383,0.7972477064220183,-0.6902761104441777,0.18888888888888888,0.8322364872154494,0.28759244042728016,3.031
0.8438438438438438,0.6355029585798817,0.0,0.5515985430999595,-0.2830188679245283,0.8172231985940246,-0.36819484240687683,-0.6501472881649627,-0.8303886925795053,0.6436781609195402,0.32432432432432434,-0.3130081300813008,0.7109030837004404,0.8030564456494946,0.5624242424242425,-0.8159077584522181,0.8633027522935779,-0.7346938775510204,0.6222222222222222,0.8477721437048225,0.5456039441248973,3.425
0.8448448448448449,0.36449704142011835,0.0,0.4973694860380413,-0.10849056603773585,0.8759728847602309,0.2378223495702006,-0.5238260266851499,-0.7216332940714566,0.7325670498084291,0.23950103950103951,-0.25609756097560976,0.6145374449339207,0.880207049543998,0.7381818181818182,-0.8364275942935314,0.7389908256880733,-0.7146858743497398,0.4646464646464647,0.7830402416657676,0.7707477403451108,3.497
0.8458458458458459,0.5644970414201184,0.0,0.6159449615540267,0.19339622641509435,0.7077579713783579,-0.015759312320916905,-0.7078495927915439,-0.6611700039261876,0.44942528735632187,0.3916839916839917,-0.27439024390243905,0.2433920704845815,0.7880207049543998,0.44727272727272727,-0.6845808090678132,0.7559633027522935,-0.6850740296118447,0.39292929292929296,0.7939367785090085,0.3032046014790468,2.606
0.8468468468468469,0.28402366863905326,0.0,0.6442735734520437,-0.01179245283018868,0.7961335676625658,0.06876790830945559,-0.5979899497487438,-0.7106399685904986,0.5624521072796935,0.29521829521829523,-0.3780487804878049,0.45539647577092507,0.8087256593542026,0.5175757575757576,-0.8161031854602306,0.815137614678899,-0.6910764305722289,0.3191919191919192,0.8368756068615816,0.5168447000821692,3.004
0.8478478478478478,0.4887573964497041,0.0,0.7405908539053015,-0.25,0.8915390409239267,0.19484240687679086,-0.7215387281233755,-0.7247742442088732,0.7183908045977012,0.2706860706860707,-0.13008130081300814,0.5589207048458149,0.8587626324870593,0.6145454545454546,-0.8694547586476451,0.8559633027522936,-0.7847138855542217,0.4575757575757576,0.8777645916495845,0.6318816762530813,3.88
0.8488488488488488,0.19526627218934914,0.0,0.6705787130716309,-0.19811320754716982,0.7486818980667839,-0.32808022922636104,-0.6853231675619477,-0.8115429917550059,0.632183908045977,0.36715176715176717,-0.10162601626016261,0.4966960352422907,0.759181661326103,0.3660606060606061,-0.7219073675982021,0.9155963302752292,-0.7478991596638656,0.37777777777777777,0.8373071528751753,0.7033689400164338,3.524
0.8498498498498499,0.22840236686390533,0.0,0.6766491299069203,0.1509433962264151,0.7431584232990208,0.19484240687679086,-0.646161843701265,-0.6435021594032194,0.7157088122605365,0.07276507276507277,-0.10365853658536585,0.5060572687224669,0.7623859995070248,0.41212121212121217,-0.7346101231190151,0.9247706422018348,-0.7995198079231692,0.305050505050505,0.8509008523033768,0.5283483976992605,3.813
0.8508508508508509,0.5479289940828402,0.0,0.5265074868474301,0.21226415094339623,0.7813206126035651,-0.4326647564469914,-0.5581355051117658,-0.7726737338044758,0.5022988505747127,0.5338877338877339,-0.1910569105691057,0.17566079295154186,0.8028099580971161,0.3248484848484849,-0.8098495212038304,0.8087155963302751,-0.6054421768707482,0.5545454545454546,0.819721652821232,0.4354971240755957,2.904
0.8518518518518519,0.4023668639053255,0.0,0.6236341562120599,0.33018867924528306,0.7135325131810193,-0.05157593123209169,-0.6872292496967597,-0.6014919513152729,0.810344827586207,-0.008731808731808732,0.044715447154471545,0.6029735682819383,0.7917180182400788,0.4254545454545455,-0.7322649990228649,0.875229357798165,-0.8835534213685474,0.5252525252525253,0.873017585500054,0.5497124075595727,3.992
0.8528528528528528,0.647337278106509,0.0,0.7154997976527722,0.4033018867924529,0.6540296259101179,0.22349570200573068,-0.8048865014728815,-0.6996466431095406,0.24865900383141765,0.4756756756756757,-0.5589430894308943,-0.1525330396475771,0.700517623859995,0.05090909090909092,-0.6732460426030877,0.7316513761467889,-0.5822328931572629,0.11414141414141414,0.8697809903981011,0.4445357436318817,2.047
0.8538538538538538,0.26627218934911245,0.0,0.5261027923917442,0.14150943396226415,0.7755460708009038,-0.33810888252148996,-0.6049211575116964,-0.7624656458578719,0.621072796934866,0.39334719334719337,-0.21341463414634146,0.4933920704845815,0.7626324870594033,0.30909090909090914,-0.7510259917920656,0.956880733944954,-0.7086834733893557,0.33333333333333337,0.8890926745064192,0.6327033689400164,3.45
0.8548548548548549,0.5751479289940828,0.0,0.6333468231485229,0.6485849056603774,0.6700979161436104,0.17335243553008597,-0.6671287471841969,-0.630153121319199,0.4873563218390805,0.3151767151767152,-0.032520325203252036,0.18502202643171806,0.6832634951934926,0.28,-0.6830173930037131,0.8582568807339449,-0.6366546618647458,0.27272727272727276,0.8513323983169705,0.4387838948233361,2.804
0.8558558558558559,-0.03550295857988166,0.0,0.8417644678267908,0.2641509433962264,0.6311825257343711,0.42406876790830944,-0.8135505111765726,-0.6329014526894385,0.5731800766283525,0.002079002079002079,-0.07113821138211383,0.46475770925110127,0.534631501109194,-0.19393939393939397,-0.6003517686144225,0.7444954128440366,-0.7434973989595839,0.01919191919191919,0.8619052756500162,0.5456039441248973,2.834
0.8568568568568569,0.5242603550295858,0.0,0.8615944961554026,0.38207547169811323,0.6969620888777303,0.6074498567335244,-0.8994974874371859,-0.5602669807616804,0.7149425287356322,-0.21496881496881498,0.23170731707317074,0.5038546255506609,0.6753758935173774,0.30909090909090914,-0.6666015243306626,0.7839449541284403,-0.9371748699479792,0.09191919191919191,0.8621210486568129,0.4634346754313886,3.544
0.8578578578578578,0.31124260355029587,0.0,0.7179279643868879,-0.3584905660377358,0.750439367311072,0.04154727793696276,-0.7553283659677699,-0.674126423243031,0.5636015325670499,0.3991683991683992,0.20934959349593496,0.29790748898678415,0.760414099087996,0.40121212121212124,-0.7549345319523159,0.8761467889908255,-0.7138855542216886,0.42323232323232324,0.8885532419894272,0.5505341002465078,3.547
0.8588588588588588,0.3337278106508876,0.0,0.79279643868879,-0.19339622641509435,0.8390660306301783,-0.025787965616045846,-0.7537688442211055,-0.7789556340793089,0.632183908045977,0.3837837837837838,-0.27439024390243905,0.5159691629955947,0.8099580971160956,0.34909090909090906,-0.8112175102599178,0.7729357798165137,-0.7290916366546618,0.06363636363636364,0.8684863523573202,0.5735414954806901,3.45
0.8598598598598599,0.46627218934911246,0.0,0.612707405908539,0.22877358490566038,0.7461712277178006,-0.4842406876790832,-0.6336856697279502,-0.7534354142127994,0.4157088122605364,0.7471933471933472,-0.258130081300813,0.06332599118942732,0.8055213211732806,0.35878787878787877,-0.7858119992182919,0.8444954128440366,-0.54421768707483,0.30404040404040406,0.8551084259359154,0.5152013147082991,2.753
0.8608608608608609,0.3431952662721893,0.0,0.7907729664103601,-0.2665094339622642,0.8644238011549084,0.14183381088825217,-0.7995148154565933,-0.8425598743619944,0.6134099616858237,0.2686070686070686,-0.2601626016260163,0.43226872246696035,0.8385506531920137,0.20484848484848486,-0.8501074848544068,0.676605504587156,-0.765906362545018,0.11919191919191918,0.8281368000863092,0.4108463434675431,2.849
0.8618618618618619,-0.12307692307692307,0.0,0.6616754350465398,-0.5754716981132075,0.7210645242279689,0.17621776504297995,-0.6905215733841622,-0.6010993325480958,0.7812260536398469,-0.05613305613305614,0.3455284552845529,0.4972466960352423,0.6418535863938871,0.1296969696969697,-0.6822356849716631,0.791743119266055,-0.8079231692677071,0.16363636363636364,0.8561872909698997,0.4387838948233361,3.883
0.8628628628628628,0.5467455621301776,0.0,0.5487656819101578,0.1839622641509434,0.7637459201606829,-0.26504297994269344,-0.5652399930687922,-0.7271299568119356,0.428352490421456,0.4756756756756757,-0.21544715447154472,0.2433920704845815,0.7377372442691643,0.22545454545454546,-0.7416454954074653,0.9064220183486238,-0.510204081632653,0.3343434343434344,0.7931815729852195,0.46507806080525876,2.942
0.8638638638638638,0.8260355029585799,0.0,0.6175637393767706,0.6297169811320755,0.718051719809189,0.3194842406876791,-0.6473748050597817,-0.6215155084413034,0.4467432950191571,0.3646569646569647,-0.22357723577235772,0.13656387665198239,0.7848163667734779,0.5066666666666667,-0.7572796560484659,0.773394495412844,-0.5582232893157263,0.3616161616161616,0.8353651958140037,0.4519309778142975,2.734
0.8648648648648649,0.39644970414201186,0.0,0.6851477134763254,0.24528301886792453,0.7351242781822747,-0.06876790830945559,-0.6080402010050251,-0.7440125638005496,0.4114942528735633,0.5505197505197506,-0.032520325203252036,0.007158590308370043,0.7557308355928024,0.03636363636363636,-0.7363689661911276,0.7472477064220183,-0.5322128851540616,0.09696969696969697,0.853490128384939,0.4938373048479868,2.601
0.8658658658658659,0.3431952662721893,0.0,0.774180493727236,-0.2688679245283019,0.6475018830027618,0.3624641833810889,-0.7071564720152488,-0.5653710247349822,0.60727969348659,0.1654885654885655,0.1951219512195122,0.17676211453744492,0.6302686714320926,0.37454545454545457,-0.6335743599765488,0.7509174311926605,-0.6702681072428971,0.09696969696969697,0.7558528428093646,0.4371405094494659,3.349
0.8668668668668669,0.35502958579881655,0.0,0.43585592877377577,0.419811320754717,0.8262616118503641,-0.058739255014326655,-0.4645642003119044,-0.6226933647428347,0.6877394636015326,0.30395010395010397,-0.16260162601626016,0.5368942731277533,0.8696080847917179,0.47030303030303033,-0.8147351964041429,0.911926605504587,-0.6698679471788714,0.7929292929292929,0.8182112417736541,0.9096138044371405,3.506
0.8678678678678678,0.08284023668639054,0.0,0.6709834075273168,-0.24528301886792453,0.6733617875972885,0.25358166189111747,-0.7856523999306879,-0.674126423243031,0.7766283524904215,0.07484407484407485,-0.04065040650406504,0.3628854625550661,0.674389943307863,0.1575757575757576,-0.6990424076607387,0.7399082568807339,-0.7559023609443777,0.07373737373737374,0.8927608156219657,0.40673788003286765,3.595
0.8688688688688688,0.31952662721893493,0.0,0.6422501011736139,-0.22169811320754718,0.5518453427065027,0.04154727793696276,-0.6477213654479294,-0.6042402826855123,0.7501915708812261,0.06985446985446986,0.1951219512195122,0.45539647577092507,0.5846684742420507,0.12000000000000001,-0.614422513191323,0.8073394495412843,-0.7126850740296118,0.07575757575757576,0.7624339195166685,0.5834018077239111,3.986
0.8698698698698699,0.2875739644970414,0.0,0.5374342371509511,0.3066037735849057,0.7562139091137333,0.03868194842406877,-0.6179171720672327,-0.6474283470749902,0.6402298850574714,0.2997920997920998,0.17276422764227645,0.3860132158590308,0.7155533645550899,0.3624242424242424,-0.7549345319523159,0.9151376146788991,-0.6058423369347739,0.4696969696969697,0.8791671161937641,0.562037797863599,3.593
0.8708708708708709,0.46627218934911246,0.0,0.6734115742614326,0.695754716981132,0.9229224202862164,-0.12893982808022922,-0.6570784959279155,-0.8107577542206517,0.3452107279693487,0.6844074844074844,-0.4146341463414634,-0.007158590308370043,0.9450332758195711,0.45696969696969697,-0.892124291577096,0.7944954128440367,-0.5674269707883153,0.20707070707070707,0.8842377818534901,0.29498767460969594,2.448
0.8718718718718719,0.29349112426035506,0.0,0.7175232699312019,-0.22877358490566038,0.7499372332412755,0.26074498567335247,-0.786518800901057,-0.6603847663918334,0.7260536398467433,0.0656964656964657,0.35365853658536583,0.3783039647577093,0.7039684495932954,0.08848484848484849,-0.7510259917920656,0.7972477064220183,-0.7939175670268107,-0.0797979797979798,0.8551084259359154,0.495480690221857,3.816
0.8728728728728729,0.5053254437869823,0.0,0.5694050991501416,0.37735849056603776,0.7029876977152899,-0.41260744985673353,-0.6693813897071564,-0.7416568511974873,0.5482758620689656,0.5168399168399169,-0.4004065040650407,0.4030837004405286,0.7801331032782843,0.1878787878787879,-0.7553253859683409,0.8614678899082567,-0.5894357743097239,0.39090909090909093,0.8068831589168195,0.57189811010682,2.912
0.8738738738738738,0.4970414201183432,0.0,0.6499392958316471,-0.08254716981132076,0.7250815967863419,0.2879656160458453,-0.6962398197885982,-0.6270121711817824,0.5816091954022989,0.09896049896049897,-0.31097560975609756,0.3849118942731277,0.8013310327828443,0.503030303030303,-0.7629470392808286,0.8944954128440367,-0.735094037615046,0.5070707070707071,0.8526270363577516,0.456861133935908,3.34
0.8748748748748749,0.44023668639053254,0.0,0.7713476325374342,-0.16509433962264153,0.9706251569168968,0.08166189111747851,-0.8733321781320396,-0.8331370239497446,0.46590038314176246,0.4831600831600832,-0.08943089430894309,0.0842511013215859,1.0,0.2957575757575758,-1.0,0.8266055045871559,-0.6522609043617447,0.20707070707070707,0.8731254720034524,0.3927691043549712,3.086
0.8758758758758759,0.4071005917159763,0.0,0.7851072440307567,0.3136792452830189,0.804167712779312,-0.12320916905444126,-0.7957026511869693,-0.7926972909305064,0.5984674329501917,0.24906444906444908,-0.46138211382113825,0.5071585903083701,0.841508503820557,0.16121212121212122,-0.7791674809458667,0.7972477064220183,-0.727891156462585,0.19191919191919193,0.8281368000863092,0.38373048479868527,3.026
0.8768768768768769,0.4970414201183432,0.0,0.6908134358559288,-0.20047169811320756,0.5633944263118253,0.008595988538681949,-0.6880956506671287,-0.635257165292501,0.5816091954022989,0.24490644490644492,-0.1483739837398374,0.2714757709251101,0.5612521567660833,0.15151515151515152,-0.5767051006449091,0.7779816513761467,-0.7170868347338936,0.22323232323232323,0.8552163124393138,0.6721446179129005,3.216
0.8778778778778779,1.0,0.0,0.8130311614730877,0.0919811320754717,0.8325382877228219,0.37965616045845274,-0.8383295789291284,-0.6560659599528857,0.5862068965517242,0.2923076923076923,0.29878048780487804,0.10627753303964757,0.8042888834113876,0.4509090909090909,-0.7932382255227672,0.8307339449541283,-0.6174469787915166,0.22121212121212122,0.768151904196785,0.4667214461791289,3.31
0.8788788788788788,0.5349112426035503,0.0,0.6883852691218131,0.15801886792452832,0.6693447150389153,0.03724928366762178,-0.7232715300641137,-0.6175893207695328,0.46360153256704983,0.2852390852390853,-0.06504065040650407,0.21420704845814978,0.7091446881932462,0.17454545454545453,-0.6832128200117257,0.7591743119266054,-0.6114445778311325,0.1797979797979798,0.8683784658539216,0.257189811010682,2.971
0.8798798798798799,0.47218934911242605,0.0,0.5111290975313637,0.24056603773584906,0.735375345217173,-0.4197707736389685,-0.5567492635591752,-0.7612877895563408,0.6218390804597701,0.5022869022869023,-0.3821138211382114,0.486784140969163,0.7222085284693123,0.43393939393939396,-0.7041235098690639,0.8013761467889908,-0.695078031212485,0.2686868686868687,0.8509008523033768,0.6269515201314708,3.13
0.8808808808808809,0.4686390532544379,0.0,0.32942128692836903,0.049528301886792456,0.8245041426060757,-0.6604584527220632,-0.3098249870039855,-0.7153513937966235,0.5482758620689656,0.5891891891891893,-0.35365853658536583,0.414647577092511,0.845205817106236,0.6278787878787879,-0.7938245065468048,0.7802752293577981,-0.5782312925170068,0.8030303030303031,0.8748516560578271,0.935086277732128,2.848
0.8818818818818819,0.40828402366863903,0.0,0.7810602994738971,-0.6839622641509434,0.7383881496359528,-0.07163323782234958,-0.7778547911973661,-0.7612877895563408,0.7383141762452108,0.07775467775467776,-0.16056910569105692,0.6294052863436124,0.7352723687453783,0.1975757575757576,-0.7705686925933164,0.8674311926605504,-0.900360144057623,0.10404040404040403,0.8722623799762651,0.5390304026294166,3.98
0.8828828828828829,0.6449704142011835,0.0,0.593686766491299,-0.2641509433962264,0.9173989455184534,-0.36676217765042984,-0.6024952347946629,-0.8955634079308991,0.46053639846743294,0.3837837837837838,-0.7764227642276423,0.4955947136563877,0.8693615972393394,0.0787878787878788,-0.8798123900723079,0.8426605504587156,-0.6630652260904362,0.44242424242424244,0.8868270579350523,0.5069843878389482,2.859
0.8838838838838838,0.31479289940828403,0.0,0.5920679886685553,0.17688679245283018,0.8453427065026362,-0.35673352435530087,-0.6768324380523306,-0.7667844522968198,0.5478927203065134,0.4785862785862786,-0.28252032520325204,0.20319383259911894,0.8560512694108946,0.5212121212121212,-0.8504983388704319,0.7986238532110091,-0.704281712685074,0.5232323232323233,0.8688100118675155,0.5275267050123253,3.054
0.8848848848848849,0.5017751479289941,0.0,0.5961149332254149,0.12735849056603774,0.7213155912628673,-0.18911174785100288,-0.5295442730895858,-0.790341578327444,0.5237547892720307,0.6212058212058212,-0.3313008130081301,0.2714757709251101,0.7850628543258564,0.2460606060606061,-0.7504397107680281,0.85,-0.5922368947579031,0.2545454545454546,0.8834825763297012,0.600657354149548,2.941
0.8858858858858859,0.5124260355029586,0.0,0.49008498583569404,0.4221698113207547,0.8320361536530253,-0.1848137535816619,-0.5006064806792583,-0.663133097762073,0.45134099616858236,0.6137214137214138,0.06300813008130081,0.3078193832599119,0.8402760660586639,0.8690909090909091,-0.8219659957006059,1.0,-0.5918367346938775,0.6404040404040404,0.8774409321393892,0.8019720624486442,3.3
0.8868868868868869,0.41420118343195267,0.0,0.7345204370700121,-0.16745283018867924,0.6846598041677128,0.2521489971346705,-0.7931034482758621,-0.7145661562622693,0.4800766283524904,0.30852390852390854,-0.6321138211382114,0.2588105726872246,0.6938624599457727,0.28,-0.6900527652921634,0.8041284403669724,-0.746298519407763,0.2515151515151515,0.6886395511921458,0.19474116680361542,2.776
0.8878878878878879,0.7822485207100592,0.0,0.7563739376770537,0.7311320754716981,0.8021591765001255,-0.27650429799426934,-0.7759487090625541,-0.7714958775029446,0.4988505747126437,0.40124740124740127,-0.23983739837398374,0.23237885462555063,0.8301700764111412,0.08484848484848487,-0.7819034590580419,0.7715596330275228,-0.6862745098039216,0.012121212121212121,0.8498219872693925,0.4749383730484798,2.688
0.8888888888888888,0.1455621301775148,0.0,0.7725617159044921,0.11792452830188681,0.567913632939995,0.3309455587392551,-0.7764685496447756,-0.6207302709069493,0.5586206896551724,0.09064449064449065,-0.20121951219512196,0.191079295154185,0.5831895489277791,-0.06424242424242424,-0.5684971663083838,0.6605504587155963,-0.6446578631452581,-0.17676767676767677,0.8476642572014241,0.49137222678718157,2.592
0.8898898898898899,0.5408284023668639,0.0,0.8053419668150547,-0.2783018867924528,0.8122018578960581,-0.005730659025787966,-0.823600762432854,-0.713388299960738,0.7042145593869732,0.20041580041580043,0.03861788617886179,0.5143171806167401,0.8331279270396844,0.2703030303030303,-0.8194254445964432,0.9082568807339448,-0.7755102040816326,0.17878787878787877,0.8456144136368541,0.3870172555464256,3.697
0.8908908908908909,0.8662721893491124,0.0,0.7422096317280453,0.3679245283018868,0.7087622395179513,0.26504297994269344,-0.7574077282966558,-0.6647035728307813,0.5053639846743295,0.3226611226611227,-0.3902439024390244,0.16905286343612333,0.728617204831156,0.32363636363636367,-0.7209302325581396,0.760091743119266,-0.6698679471788714,0.2676767676767677,0.8778724781529831,0.5891536565324568,2.744
0.8918918918918919,0.5467455621301776,0.0,0.7005261027923918,-0.5754716981132075,0.7469244288224957,-0.06876790830945559,-0.690694853578236,-0.7432273262661955,0.6609195402298851,0.33014553014553016,-0.4959349593495935,0.5611233480176211,0.7448853832881438,0.46181818181818185,-0.7891342583545047,0.8041284403669724,-0.7643057222889155,0.26363636363636367,0.8497141007659942,0.31717337715694327,3.486
0.8928928928928929,0.28994082840236685,0.0,0.5977337110481586,0.1792452830188679,0.740898819984936,-0.07163323782234958,-0.6891353318315716,-0.6894385551629367,0.6636015325670498,0.2602910602910603,0.03048780487804878,0.32488986784140966,0.7271382795168844,0.16121212121212122,-0.7213210865741645,0.8174311926605504,-0.6510604241696678,0.24848484848484848,0.86438666522818,0.6220213640098603,3.609
0.8938938938938938,0.3810650887573965,0.0,0.5827600161877782,0.3985849056603774,0.7634948531257846,0.042979942693409746,-0.6426962398197886,-0.7232037691401649,0.5467432950191571,0.3438669438669439,-0.10975609756097561,0.3177312775330396,0.7434064579738723,0.19272727272727275,-0.7516122728161032,0.8729357798165137,-0.6326530612244897,0.36464646464646466,0.8511166253101737,0.5110928512736236,3.207
0.8948948948948949,0.8177514792899407,0.0,0.7798462161068394,0.3443396226415094,0.8074315842329902,0.4727793696275072,-0.7463177958759315,-0.5834314880251276,0.5823754789272031,0.2328482328482329,0.233739837398374,0.17400881057268722,0.8217894996302686,0.4206060606060606,-0.773890951729529,0.7788990825688072,-0.6866746698679471,0.196969696969697,0.8564030639766965,0.4872637633525061,3.111
0.8958958958958959,0.2698224852071006,0.0,0.5596924322136787,0.25471698113207547,0.7961335676625658,-0.06590257879656161,-0.5946976260613411,-0.7974087161366313,0.5796934865900383,0.43908523908523917,-0.3313008130081301,0.33094713656387664,0.7867882671925067,0.3466666666666667,-0.80281414891538,0.8720183486238532,-0.6934773909563826,0.5111111111111111,0.8708598554320853,0.4305669679539852,3.138
0.8968968968968969,0.30414201183431955,0.0,0.4386887899635775,0.07547169811320754,0.8589003263871453,-0.7535816618911175,-0.45607347080228733,-0.8280329799764429,0.6796934865900384,0.6091476091476092,-0.3597560975609756,0.6618942731277533,0.9097855558294304,0.5890909090909091,-0.8778581199921829,0.8022935779816514,-0.7166866746698679,0.5707070707070706,0.8538137878951343,0.8603122432210352,3.171
0.8978978978978979,0.4165680473372781,0.0,0.810198300283286,0.6910377358490566,0.7333668089379863,0.2865329512893983,-0.7775082308092185,-0.7864153906556733,0.599616858237548,0.24241164241164243,-0.24390243902439024,0.33149779735682816,0.7917180182400788,0.02060606060606061,-0.7445769005276529,0.7665137614678899,-0.6646658663465386,0.03636363636363636,0.7842269932031503,0.28019720624486444,2.951
0.8988988988988988,0.5893491124260355,0.0,0.7252124645892352,-0.054245283018867926,0.6668340446899322,0.25501432664756446,-0.7302027378270665,-0.6808009422850412,0.44789272030651345,0.32182952182952185,-0.3455284552845529,0.22246696035242292,0.7599211239832389,0.37333333333333335,-0.7353918311510651,0.7642201834862384,-0.6474589835934373,0.3191919191919192,0.8718308339626712,0.2810188989317995,2.648
0.8998998998998999,0.3230769230769231,0.0,0.6483205180089033,0.4882075471698113,0.7773035400451921,-0.18911174785100288,-0.6137584474094611,-0.7510797016097369,0.4812260536398468,0.6099792099792101,-0.25609756097560976,0.2637665198237885,0.8057678087256593,0.3709090909090909,-0.7867891342583545,0.8288990825688073,-0.5562224889955982,0.4505050505050505,0.8813248462617327,0.6943303204601479,2.814
0.9009009009009009,0.42485207100591715,0.0,0.7438284095507891,0.07075471698113207,0.6921918152146623,0.1489971346704871,-0.6570784959279155,-0.6266195524146054,0.6616858237547893,0.1937629937629938,0.05081300813008131,0.4570484581497797,0.7402021197929504,0.21575757575757576,-0.6828219659957007,0.8573394495412844,-0.7426970788315326,0.2111111111111111,0.89588952422052,0.5998356614626129,3.422
0.9019019019019019,0.6059171597633136,0.0,0.7239983812221772,-0.1391509433962264,0.8345468240020085,-0.01002865329512894,-0.8828625888060995,-0.7338044758539458,0.6038314176245211,0.27151767151767153,-0.05284552845528455,0.3645374449339207,0.9053487798866157,0.14181818181818184,-0.8647645104553449,0.7871559633027522,-0.740296118447379,0.17171717171717174,0.8329916927392383,0.33607230895645024,3.409
0.9029029029029029,0.6295857988165681,0.0,0.782679077296641,-0.37735849056603776,0.7843334170223449,0.0673352435530086,-0.7506498007277768,-0.7616804083235178,0.5019157088122606,0.35343035343035345,-0.06707317073170732,0.24394273127753305,0.850875030810944,0.19272727272727275,-0.8311510650771937,0.8256880733944953,-0.6602641056422568,0.29797979797979796,0.8778724781529831,0.3097781429745275,3.174
0.9039039039039038,0.44497041420118344,0.0,0.6139214892755969,-0.0919811320754717,0.8237509415013808,-0.27650429799426934,-0.6014555536302201,-0.6603847663918334,0.6061302681992338,0.32972972972972975,-0.05691056910569106,0.361784140969163,0.7756963273354694,0.20363636363636367,-0.7768223568497167,0.8133027522935778,-0.6142456982793116,0.3808080808080808,0.7804509655842055,0.5168447000821692,3.445
0.9049049049049049,0.6366863905325444,0.0,0.5673816268717118,0.051886792452830184,0.7860908862666331,-0.10028653295128942,-0.636631433027205,-0.7000392618767176,0.557088122605364,0.4195426195426195,-0.03048780487804878,0.27973568281938327,0.8158737983731821,0.34787878787878784,-0.8231385577486808,0.8311926605504587,-0.5658263305322129,0.3393939393939394,0.8906030855539973,0.5127362366474938,3.169
0.9059059059059059,0.6189349112426036,0.0,0.726021853500607,0.1957547169811321,0.7557117750439366,0.05157593123209169,-0.7230982498700399,-0.7758146839418923,0.6417624521072798,0.32224532224532226,-0.24796747967479674,0.47356828193832595,0.75794922356421,0.28606060606060607,-0.7506351377760407,0.7582568807339449,-0.6886754701880753,0.1525252525252525,0.8934081346423562,0.4872637633525061,3.32
0.9069069069069069,0.5029585798816568,0.0,0.4965600971266694,-0.1509433962264151,0.718051719809189,-0.26361031518624645,-0.48553110379483627,-0.7106399685904986,0.6080459770114943,0.42744282744282747,-0.06300813008130081,0.35077092511013214,0.6697066798126694,0.42424242424242425,-0.6773500097713504,0.8123853211009173,-0.6506602641056421,0.5434343434343435,0.873557018017046,0.8323746918652423,3.371
0.9079079079079079,0.8461538461538461,0.0,0.7656819101578308,-0.0778301886792453,0.9354757720311323,0.024355300859598857,-0.7889447236180904,-0.8190027483313701,0.5245210727969349,0.6706860706860708,0.15040650406504064,0.09526431718061673,0.9440473256100567,0.39272727272727276,-0.93687707641196,0.7908256880733944,-0.4977991196478591,0.30303030303030304,0.888013809472435,0.39523418241577646,3.02
0.908908908908909,0.2757396449704142,0.0,0.6479158235532173,-0.08254716981132076,0.762239517951293,-0.40830945558739257,-0.638537515162017,-0.7648213584609344,0.4394636015325671,0.5185031185031186,-0.491869918699187,0.24944933920704845,0.7369977816120286,0.18303030303030304,-0.761579050224741,0.8426605504587156,-0.6922769107643056,0.44646464646464645,0.8685942388607185,0.5110928512736236,2.967
0.9099099099099099,0.35029585798816565,0.0,0.593686766491299,0.04245283018867924,0.7351242781822747,-0.08595988538681949,-0.5700918385028592,-0.6980761680408323,0.506896551724138,0.4257796257796258,-0.35365853658536583,0.30231277533039647,0.7406950948977076,0.3103030303030303,-0.7273793238225523,0.8633027522935779,-0.6182472989195678,0.47373737373737373,0.8778724781529831,0.5472473294987674,2.817
0.9109109109109109,0.5313609467455621,0.0,0.6467017401861594,-0.16745283018867924,0.7695204619633442,0.03581661891117479,-0.5997227516894819,-0.7675696898311739,0.5586206896551724,0.1654885654885655,-0.10365853658536585,0.5148678414096917,0.8291841262016267,0.08484848484848487,-0.823529411764706,0.870183486238532,-0.7126850740296118,0.198989898989899,0.8409752939907218,0.6433853738701726,3.379
0.9119119119119119,0.6355029585798817,0.0,0.47875354107648727,0.33018867924528306,0.8074315842329902,-0.3753581661891118,-0.49124935019927224,-0.7173144876325088,0.5134099616858238,0.7422037422037422,-0.12398373983739837,0.22081497797356828,0.8572837071727878,1.0,-0.8440492476060192,0.9339449541284404,-0.5990396158463386,0.8757575757575757,0.8230661344265832,0.5579293344289236,3.223
0.9129129129129129,0.30887573964497045,0.0,0.7511129097531364,0.12971698113207547,0.9055987948782325,0.22779369627507165,-0.7598336510136892,-0.8252846486062033,0.5888888888888889,0.44532224532224535,-0.3252032520325203,0.3871145374449339,0.8358392901158491,0.3515151515151515,-0.8456126636701192,0.6311926605504586,-0.6818727490996398,0.22525252525252526,0.8021361527672888,0.45932621199671325,2.705
0.913913913913914,0.24970414201183433,0.0,0.6276811007689194,-0.5353773584905661,0.697464222947527,0.07449856733524356,-0.5993761913013342,-0.5999214762465646,0.7298850574712644,-0.04074844074844075,-0.12195121951219512,0.7351321585903083,0.6667488291841261,0.1272727272727273,-0.6515536447136995,0.7490825688073394,-0.7727090836334534,0.23131313131313133,0.8541374474053296,0.7806080525883319,3.685
0.914914914914915,0.23195266272189352,0.0,0.5868069607446378,0.4150943396226415,0.7451669595782073,0.3008595988538682,-0.6468549644775602,-0.5806831566548881,0.5191570881226054,0.4016632016632017,0.10365853658536585,0.04019823788546255,0.7054473749075671,0.5757575757575758,-0.7410592143834277,0.8275229357798165,-0.5374149659863945,0.6656565656565657,0.8601790915956413,0.4486442070665571,3.06
0.9159159159159159,0.3633136094674556,0.0,0.6916228247673007,-0.5495283018867925,0.6806427316093396,-0.06590257879656161,-0.7385201871426096,-0.6568511974872399,0.5582375478927204,0.14511434511434512,-0.34146341463414637,0.3683920704845815,0.6756223810697559,0.10787878787878788,-0.6818448309556381,0.8128440366972477,-0.8035214085634254,0.1494949494949495,0.8401122019635343,0.5061626951520131,3.165
0.9169169169169169,0.13846153846153847,0.0,0.6701740186159449,0.054245283018867926,0.7165453175997991,0.07163323782234958,-0.7182464044359729,-0.6117000392618767,0.5823754789272031,0.04823284823284824,0.08739837398373983,0.34140969162995594,0.6931229972886368,-0.0,-0.6875122141880008,0.7880733944954128,-0.7394957983193278,0.21717171717171718,0.8828352573093106,0.5110928512736236,3.185
0.9179179179179179,0.3952662721893491,0.0,0.8721165520032375,-0.4504716981132076,0.7223198594024604,0.044412607449856735,-0.8951654825853406,-0.6968983117393011,0.649808429118774,0.24906444906444908,-0.20325203252032523,0.32488986784140966,0.6950948977076656,0.02060606060606061,-0.7066640609732265,0.8064220183486238,-0.7226890756302521,-0.05454545454545454,0.8630920271873989,0.3574363188167625,3.481
0.918918918918919,0.31479289940828403,0.0,0.5629299878591664,0.11320754716981132,0.7185538538789857,-0.34670487106017195,-0.6310864668168429,-0.6788378484491558,0.6624521072796935,0.42162162162162165,-0.06300813008130081,0.5027533039647577,0.6854818831649001,0.6763636363636365,-0.721125659566152,0.8045871559633027,-0.7871148459383753,0.393939393939394,0.8360125148343942,0.4691865242399342,3.274
0.91991991991992,0.514792899408284,0.0,0.7389720760825577,0.18160377358490568,0.8717047451669595,-0.08452722063037249,-0.7768151100329231,-0.6870828425598743,0.6954022988505747,0.1604989604989605,0.1951219512195122,0.45099118942731276,0.8341138772491988,0.1187878787878788,-0.8633965213992574,0.8472477064220183,-0.6906762705082032,0.13333333333333333,0.8846693278670837,0.6499589153656532,3.496
0.9209209209209209,0.46390532544378704,0.0,0.7187373532982598,0.4504716981132076,0.669093648004017,0.20916905444126074,-0.7007451048345174,-0.6764821358460934,0.43908045977011495,0.41995841995842,-0.054878048780487805,0.05066079295154185,0.6615725905841755,0.07757575757575758,-0.666015243306625,0.6857798165137615,-0.562625050020008,0.024242424242424242,0.7448484194627252,0.35825801150369757,2.446
0.9219219219219219,0.4923076923076923,0.0,0.5082962363415621,-0.35377358490566035,0.7913632939994979,-0.45128939828080233,-0.5314503552243979,-0.7754220651747153,0.3996168582375479,0.6656964656964658,-0.17276422764227645,0.23127753303964757,0.7355188562977569,0.3066666666666667,-0.7776040648817667,0.8889908256880733,-0.5674269707883153,0.5444444444444445,0.8728018124932571,0.57189811010682,3.184
0.9229229229229229,0.33136094674556216,0.0,0.6883852691218131,-0.16981132075471697,0.6818980667838314,-0.058739255014326655,-0.7691907814936753,-0.7341970946211229,0.44789272030651345,0.5114345114345115,-0.5752032520325203,0.13491189427312775,0.7064333251170816,0.08,-0.6693375024428375,0.8091743119266055,-0.5598239295718287,0.15858585858585858,0.8772251591325926,0.49055053410024646,2.788
0.923923923923924,0.7633136094674556,0.0,0.5787130716309186,0.27122641509433965,0.6402209389907104,-0.22779369627507165,-0.5848206549991336,-0.6435021594032194,0.46168582375478934,0.4914760914760915,-0.1483739837398374,0.12004405286343611,0.6351984224796647,0.056969696969696976,-0.6193081883916357,0.793577981651376,-0.5386154461784713,0.3878787878787879,0.883698349336498,0.41577649958915364,3.032
0.924924924924925,0.7384615384615385,0.0,0.641845406717928,0.4528301886792453,0.7903590258599046,-0.11031518624641834,-0.6704210708715994,-0.6639183352964272,0.60727969348659,0.3313929313929314,-0.054878048780487805,0.3408590308370044,0.8575301947251663,0.5878787878787879,-0.8084815321477428,0.938532110091743,-0.6890756302521008,0.4898989898989899,0.8137878951343187,0.40920295809367296,3.386
0.9259259259259259,0.6284023668639054,0.0,0.5774989882638608,-0.01179245283018868,0.7034898317850866,0.03724928366762178,-0.5888060994628315,-0.6407538280329799,0.3957854406130268,0.39833679833679836,-0.07113821138211383,0.11453744493392069,0.7623859995070248,0.3709090909090909,-0.7127222982216141,0.8844036697247706,-0.611844737895158,0.3595959595959596,0.7873557018017046,0.4428923582580115,2.936
0.9269269269269269,0.7479289940828403,0.0,0.6353702954269527,0.5660377358490566,0.6357017323625408,0.03151862464183381,-0.6653959452434587,-0.7055359246171966,0.4425287356321839,0.4856548856548857,-0.08536585365853659,0.12389867841409692,0.6933694848410155,0.4775757575757576,-0.6495993746335743,0.8541284403669724,-0.5650260104041616,0.36666666666666664,0.8367677203581833,0.543138866064092,2.747
0.9279279279279279,0.2970414201183432,0.0,0.5839740995548361,-0.06367924528301887,0.7509415013808687,-0.11318051575931233,-0.6348986310864668,-0.7145661562622693,0.6241379310344828,0.22910602910602915,-0.1910569105691057,0.5715859030837004,0.7160463396598471,0.36,-0.7529802618721908,0.8706422018348623,-0.751500600240096,0.5090909090909091,0.7639443305642465,0.5932621199671322,3.179
0.928928928928929,0.5005917159763313,0.0,0.6009712666936463,-0.2806603773584906,0.7356264122520714,-0.2722063037249284,-0.6369779934153527,-0.7302709069493521,0.681992337164751,0.4328482328482329,0.006097560975609756,0.45814977973568277,0.7266453044121272,0.4775757575757576,-0.7105726011334766,0.8288990825688073,-0.7170868347338936,0.3878787878787879,0.8684863523573202,0.4552177485620378,3.48
0.92992992992993,0.5124260355029586,0.0,0.5645487656819101,0.09433962264150944,0.7441626914386141,0.0071633237822349575,-0.4938485531103795,-0.7126030624263839,0.4555555555555556,0.44532224532224535,-0.4878048780487805,0.32323788546255505,0.7567167858023168,0.4193939393939394,-0.73031072894274,0.8977064220183486,-0.5342136854741897,0.3686868686868687,0.8900636530370051,0.6639276910435498,2.93
0.9309309309309309,0.2579881656804734,0.0,0.6155402670983406,-0.2783018867924528,0.7547075069043434,0.14756446991404013,-0.5870732975220933,-0.5979583824106791,0.7915708812260536,0.042411642411642414,0.2459349593495935,0.7241189427312775,0.7406950948977076,0.4557575757575758,-0.7449677545436779,0.868348623853211,-0.7991196478591437,0.503030303030303,0.8923292696083721,0.9170090386195563,3.969
0.9319319319319319,0.5195266272189349,0.0,0.4840145690004047,0.03773584905660377,0.7757971378358021,-0.12464183381088825,-0.4543406688615491,-0.833922261484099,0.4681992337164751,0.5937629937629938,-0.3678861788617886,0.3733480176211454,0.8644318461917673,0.5006060606060606,-0.7871799882743794,0.7825688073394494,-0.5654261704681872,0.394949494949495,0.8847772143704823,0.6491372226787181,2.72
0.9329329329329329,0.15976331360946747,0.0,0.7798462161068394,0.37028301886792453,0.6582977655033894,0.4914040114613181,-0.8071391439958413,-0.652139772281115,0.5808429118773947,-0.05405405405405406,-0.40447154471544716,0.47191629955947134,0.6909046093172294,0.12000000000000001,-0.6771545827633378,0.8266055045871559,-0.8163265306122449,0.028282828282828285,0.7808825115977992,0.47165160230073944,2.778
0.933933933933934,0.3775147928994083,0.0,0.7640631323350869,0.410377358490566,0.8438363042932463,-0.12893982808022922,-0.7832264772136545,-0.8166470357283078,0.5624521072796935,0.520997920997921,-0.30284552845528456,0.22852422907488984,0.8343603648015774,0.296969696969697,-0.8510846198944695,0.8839449541284403,-0.6502601040416166,0.23131313131313133,0.8935160211457547,0.352506162695152,3.081
0.934934934934935,0.4035502958579882,0.0,0.6628895184135977,-0.410377358490566,0.8312829525483304,-0.42263610315186245,-0.6418298388494196,-0.8594424813506085,0.5850574712643678,0.39293139293139295,-0.2926829268292683,0.5022026431718062,0.7530194725166379,0.22303030303030305,-0.829392222005081,0.8266055045871559,-0.7478991596638656,0.4414141414141414,0.8626604811738052,0.49876746096959734,3.285
0.9359359359359359,0.48757396449704143,0.0,0.6313233508700931,-0.4363207547169811,0.7961335676625658,-0.1848137535816619,-0.7014382256108127,-0.6588142913231252,0.824904214559387,0.20956340956340958,0.4898373983739837,0.4476872246696035,0.8023169829923588,0.3054545454545455,-0.785030291186242,0.8761467889908255,-0.8367346938775511,0.30606060606060603,0.7832560146725644,0.7543138866064092,4.298
0.9369369369369369,0.5254437869822486,0.0,0.9332254148118171,-0.4481132075471698,0.7953803665578709,-0.058739255014326655,-0.9547738693467337,-0.7868080094228503,0.6624521072796935,0.34054054054054056,-0.7642276422764228,0.5892070484581498,0.7870347547448854,0.2545454545454546,-0.7670510064490912,0.9114678899082569,-0.791516606642657,0.04444444444444444,0.8602869780990399,0.5480690221857025,3.334
0.9379379379379379,0.4023668639053255,0.0,0.6895993524888708,0.24528301886792453,0.7248305297514436,0.502865329512894,-0.7503032403396293,-0.6431095406360423,0.596551724137931,0.03783783783783784,-0.524390243902439,0.4025330396475771,0.7190041902883904,0.3987878787878788,-0.7504397107680281,0.794954128440367,-0.7927170868347339,0.2686868686868687,0.7719279318157298,0.45357436318816763,2.98
0.938938938938939,0.6189349112426036,0.0,0.5827600161877782,-0.025943396226415092,0.7921164951041928,-0.2922636103151863,-0.6721538728123375,-0.713388299960738,0.5636015325670499,0.4461538461538462,0.10772357723577236,0.19438325991189426,0.7732314518116834,0.32848484848484855,-0.7514168458080908,0.8623853211009174,-0.6630652260904362,0.3898989898989899,0.809040888984788,0.3557929334428923,3.351
0.93993993993994,0.4023668639053255,0.0,0.5269121813031161,0.4268867924528302,0.7677629927190559,-0.04154727793696276,-0.5175879396984925,-0.6639183352964272,0.4559386973180077,0.5804573804573805,-0.012195121951219513,0.20209251101321585,0.7293566674882918,0.536969696969697,-0.7756497948016415,0.8403669724770642,-0.5162064825930373,0.45555555555555555,0.8691336713777106,0.7576006573541495,2.701
0.9409409409409409,0.7467455621301775,0.0,0.8081748280048564,-0.0047169811320754715,0.6615616369570675,0.08309455587392552,-0.8442211055276382,-0.685119748723989,0.6831417624521072,0.11060291060291062,-0.026422764227642274,0.612885462555066,0.706186837564703,0.3248484848484849,-0.6611295681063123,0.7669724770642201,-0.7751100440176071,-0.03333333333333333,0.8513323983169705,0.42481511914543957,3.347
0.9419419419419419,0.34911242603550297,0.0,0.7114528530959126,-0.24056603773584906,0.8024102435350239,0.14040114613180518,-0.6946802980419339,-0.7322340007852375,0.5310344827586206,0.38004158004158006,-0.01016260162601626,0.1938325991189427,0.719250677840769,0.11757575757575758,-0.7521985538401408,0.8669724770642201,-0.6182472989195678,0.2747474747474748,0.8716150609558745,0.43467543138866066,3.243
0.9429429429429429,0.506508875739645,0.0,0.42978551193848646,0.4080188679245283,0.7170474516695957,-0.40401146131805155,-0.4770403742852192,-0.7012171181782489,0.5812260536398467,0.4952182952182953,-0.1524390243902439,0.23788546255506607,0.7510475720976091,0.40121212121212124,-0.7680281414891539,0.8926605504587155,-0.6794717887154862,0.6616161616161617,0.8900636530370051,0.6359901396877568,3.349
0.943943943943944,0.3857988165680474,0.0,0.6754350465398624,-0.23113207547169812,0.7368817474265629,-0.15759312320916907,-0.6421763992375672,-0.7055359246171966,0.6076628352490422,0.4877338877338878,-0.06097560975609756,0.24284140969162996,0.6628050283460685,0.2836363636363637,-0.7500488567520032,0.8155963302752293,-0.6618647458983593,0.1181818181818182,0.8224188154061927,0.5398520953163517,3.427
0.944944944944945,0.7455621301775148,0.0,0.5617159044921084,-0.13443396226415094,0.8307808184785338,-0.2378223495702006,-0.5586553456939872,-0.7506870828425598,0.5164750957854407,0.46361746361746364,-0.233739837398374,0.3408590308370044,0.8175992112398324,0.2206060606060606,-0.8247019738127809,0.8582568807339449,-0.5438175270108043,0.39191919191919194,0.854245333908728,0.5012325390304025,2.962
0.9459459459459459,0.565680473372781,0.0,0.7280453257790368,-0.10377358490566037,0.6377102686417273,0.5601719197707737,-0.7364408248137237,-0.6113074204946995,0.7137931034482758,-0.1392931392931393,0.06300813008130081,0.5627753303964758,0.6655163914222332,0.34424242424242424,-0.6595661520422123,0.873394495412844,-0.8555422168867546,0.394949494949495,0.8243607724673643,0.5193097781429745,3.76
0.9469469469469469,0.5171597633136095,0.0,0.5851881829218939,-0.0778301886792453,0.7775546070800904,-0.05014326647564471,-0.5657598336510137,-0.6800157047506871,0.4965517241379311,0.5276507276507276,-0.05894308943089431,0.21861233480176212,0.8242543751540546,0.503030303030303,-0.8178620285323431,0.844954128440367,-0.586234493797519,0.5282828282828284,0.8819721652821233,0.40673788003286765,3.299
0.9479479479479479,0.5940828402366864,0.0,0.5977337110481586,-0.1792452830188679,0.7255837308561386,0.24785100286532952,-0.589152659850979,-0.67962308598351,0.6977011494252874,0.0968814968814969,-0.06300813008130081,0.5545154185022025,0.7485826965738229,0.3345454545454546,-0.7443814735196405,0.8582568807339449,-0.7759103641456583,0.2797979797979798,0.8209084043586147,0.610517666392769,3.575
0.948948948948949,0.3633136094674556,0.0,0.6620801295022257,-0.43160377358490565,0.7102686417273413,-0.2492836676217765,-0.6806446023219546,-0.7424420887318414,0.663984674329502,0.2781704781704782,-0.20121951219512196,0.7208149779735682,0.6857283707172788,0.4921212121212122,-0.7305061559507524,0.8756880733944954,-0.8375350140056022,0.34141414141414145,0.8226345884129895,0.609695973705834,3.735
0.94994994994995,0.6923076923076923,0.0,0.5046539862403885,0.051886792452830184,0.7675119256841576,-0.5544412607449857,-0.5101368913533183,-0.8084020416175893,0.3685823754789272,0.8611226611226612,-0.7845528455284553,0.14922907488986784,0.8111905348779885,0.38787878787878793,-0.7647058823529411,0.8045871559633027,-0.48259303721488594,0.5888888888888889,0.8778724781529831,0.4700082169268693,2.302
0.950950950950951,0.855621301775148,0.0,0.5681910157830837,-0.03773584905660377,0.6876726085864926,-0.0673352435530086,-0.6785652399930688,-0.6847271299568118,0.4337164750957854,0.5022869022869023,-0.16463414634146342,0.0974669603524229,0.7623859995070248,0.3066666666666667,-0.7178034004299394,0.8522935779816514,-0.6150460184073628,0.302020202020202,0.8797065487107563,0.3221035332785538,3.026
0.9519519519519519,0.6106508875739646,0.0,0.754350465398624,-0.08726415094339622,0.8927943760984183,0.22492836676217767,-0.7612198925662796,-0.7208480565371025,0.5103448275862069,0.33264033264033266,-0.16463414634146342,0.3436123348017621,0.9009120039438007,0.3248484848484849,-0.881375806136408,0.768348623853211,-0.6894757903161265,0.2676767676767677,0.8375229258819722,0.22925225965488907,2.938
0.9529529529529529,0.5621301775147929,0.0,0.69769324160259,0.24528301886792453,0.5877479286969621,0.14469914040114615,-0.6374978339975741,-0.6533176285826462,0.4701149425287357,0.33014553014553016,-0.23577235772357724,0.17951541850220265,0.6073453290608823,0.28242424242424247,-0.6087551299589604,0.7958715596330275,-0.6238495398159263,0.1696969696969697,0.8696731038947028,0.5669679539852095,2.915
0.953953953953954,0.5360946745562131,0.0,0.876568191015783,-0.1320754716981132,0.740145618880241,0.3209169054441261,-0.8471668688268932,-0.6804083235178642,0.7409961685823755,-0.08066528066528067,-0.15447154471544716,0.7769823788546255,0.7724919891545476,0.30303030303030304,-0.746531170607778,0.7793577981651376,-0.9527811124449779,0.09191919191919191,0.8655734167655625,0.44700082169268696,3.555
0.954954954954955,0.35029585798816565,0.0,0.5455281262646702,0.13443396226415094,0.8418277680140598,-0.6260744985673353,-0.4985271183503725,-0.8292108362779741,0.5685823754789272,0.6702702702702704,-0.1361788617886179,0.2566079295154185,0.7475967463643085,0.3624242424242424,-0.7936290795387922,0.8559633027522936,-0.584233693477391,0.4303030303030303,0.814111554644514,0.6368118323746919,3.146
0.955955955955956,0.48757396449704143,0.0,0.660866046135168,-0.4787735849056604,0.8358021591765001,-0.20916905444126074,-0.7076763125974701,-0.8138987043580682,0.4455938697318008,0.47442827442827445,-0.5853658536585366,0.3215859030837004,0.8518609810204584,0.2606060606060606,-0.8395544264217315,0.875229357798165,-0.6214485794317727,0.4666666666666667,0.8281368000863092,0.45357436318816763,3.069
0.9569569569569569,0.442603550295858,0.0,0.5366248482395791,0.1391509433962264,0.8124529249309566,-0.13896848137535817,-0.5333564373592098,-0.8005496662740479,0.37049808429118775,0.5571725571725572,-0.5040650406504065,0.14537444933920704,0.7949223564210007,0.3151515151515152,-0.7887434043384794,0.7967889908256881,-0.5410164065626251,0.5,0.8802459812277484,0.5324568611339359,2.445
0.9579579579579579,0.44970414201183434,0.0,0.6762444354512344,0.12971698113207547,0.7800652774290736,0.24498567335243557,-0.7414659504418645,-0.5928543384373772,0.5931034482758621,0.23866943866943868,0.33333333333333337,0.12334801762114538,0.7737244269164406,0.39272727272727276,-0.7590384991205784,0.7348623853211009,-0.6338535414165666,0.198989898989899,0.8940554536627469,0.4009860312243221,3.288
0.958958958958959,0.5976331360946746,0.0,0.40590853905301494,-0.20754716981132074,0.8621641978408235,-0.5100286532951289,-0.4098076589845781,-0.7864153906556733,0.51455938697318,0.8054054054054055,-0.33333333333333337,0.06277533039647577,0.880207049543998,0.5818181818181818,-0.8946648426812586,0.7981651376146789,-0.5990396158463386,0.7161616161616161,0.8931923616355594,0.7025472473294987,3.17
0.95995995995996,0.3455621301775148,0.0,0.5584783488466207,0.37971698113207547,0.7205623901581723,-0.20630372492836677,-0.562640790157685,-0.6525323910482921,0.5977011494252874,0.26985446985446987,-0.15447154471544716,0.4069383259911894,0.7259058417549913,0.3103030303030303,-0.7178034004299394,0.8004587155963303,-0.7054821928771507,0.36363636363636365,0.8843456683568884,0.6113393590797042,2.98
0.960960960960961,0.4840236686390532,0.0,0.6183731282881424,-0.46226415094339623,0.8488576449912126,-0.4770773638968482,-0.6569052157338416,-0.8409893992932861,0.3896551724137931,0.7230769230769232,-0.5142276422764228,0.32984581497797355,0.8686221345822035,0.4824242424242425,-0.8835255032245456,0.9155963302752292,-0.5578231292517006,0.5797979797979798,0.8044017693386558,0.4741166803615447,3.004
0.9619619619619619,0.7088757396449704,0.0,0.42492917847025496,0.14858490566037735,0.7906100928948029,-0.5544412607449857,-0.4371859296482412,-0.7663918335296427,0.3459770114942529,0.8457380457380457,-0.46951219512195125,0.0908590308370044,0.7251663790978555,0.6957575757575757,-0.7492671487199531,0.8527522935779815,-0.4505802320928371,0.7262626262626263,0.8589923400582586,0.7567789646672144,2.594
0.9629629629629629,0.06390532544378698,0.0,0.3921489275596924,-0.7853773584905661,0.7152899824253076,-0.35959885386819485,-0.47444117137411196,-0.7169218688653317,0.6708812260536399,0.4,0.12398373983739837,0.4752202643171806,0.680552132117328,0.2509090909090909,-0.7008012507328513,0.8738532110091742,-0.6630652260904362,0.8717171717171717,0.8699967634048981,0.8742810188989318,4.01
0.963963963963964,0.3857988165680474,0.0,0.47753945770942935,-0.0,0.740898819984936,-0.48710601719197716,-0.5222665049384855,-0.7820965842167255,0.6452107279693486,0.5372141372141372,-0.054878048780487805,0.4030837004405286,0.7372442691644071,0.4157575757575758,-0.7254250537424273,0.9197247706422017,-0.6522609043617447,0.5494949494949496,0.8694573308879059,0.6926869350862777,3.714
0.964964964964965,0.6390532544378699,0.0,0.46094698502630516,0.14386792452830188,0.6173738388149635,-0.20630372492836677,-0.46335123895338765,-0.635649784059678,0.33524904214559387,0.7887733887733889,-0.3719512195121951,-0.004405286343612334,0.5989647522800099,0.9224242424242425,-0.6112956810631229,0.9151376146788991,-0.3917567026810724,0.6363636363636364,0.8738806775272413,0.6211996713229252,2.728
0.965965965965966,0.672189349112426,0.0,0.5131525698097936,0.11792452830188681,0.5485814712528245,-0.4183381088825215,-0.5392479639577197,-0.6497840596780525,0.3563218390804598,0.6702702702702704,-0.5386178861788619,0.008810572687224669,0.5750554596992852,0.5066666666666667,-0.5575532538596835,0.7981651376146789,-0.5130052020808323,0.6353535353535353,0.7930736864818211,0.6244864420706655,2.448
0.9669669669669669,0.6177514792899409,0.0,0.8049372723593687,0.19339622641509435,0.6884258096911875,0.23925501432664759,-0.8379830185409808,-0.7310561444837064,0.596168582375479,0.19085239085239086,-0.38821138211382117,0.3937224669603524,0.7185112151836331,0.24242424242424246,-0.6818448309556381,0.8229357798165137,-0.7639055622248899,0.0686868686868687,0.8499298737727911,0.46507806080525876,3.165
0.9679679679679679,0.6071005917159764,0.0,0.6074463779846215,0.36556603773584906,0.7582224453929199,-0.13180515759312322,-0.6444290417605267,-0.7012171181782489,0.4030651340996169,0.4881496881496882,-0.20325203252032523,0.17455947136563876,0.8173527236874537,0.3515151515151515,-0.7621653312487786,0.8059633027522934,-0.5986394557823129,0.3,0.8711835149422806,0.5735414954806901,2.786
0.968968968968969,0.24970414201183433,0.0,0.6592472683124241,0.040094339622641514,0.8189806678383128,0.0071633237822349575,-0.6406168774909028,-0.6984687868080094,0.5846743295019158,0.2702702702702703,-0.24186991869918698,0.42731277533039647,0.8503820557061867,0.2606060606060606,-0.8274379519249561,0.9233944954128439,-0.7054821928771507,0.4212121212121212,0.8694573308879059,0.5973705834018077,3.137
0.96996996996997,0.4485207100591716,0.0,0.7086199919061108,0.10613207547169812,0.7273412001004268,0.09742120343839543,-0.7302027378270665,-0.6772673733804476,0.5302681992337165,0.32432432432432434,-0.14227642276422767,0.16354625550660792,0.8139018979541532,0.343030303030303,-0.7545436779362908,0.7389908256880733,-0.7090836334533813,0.3464646464646465,0.8890926745064192,0.40262941659819224,2.986
0.970970970970971,0.7313609467455622,0.0,0.48320518008903274,0.634433962264151,0.722068792367562,-0.33237822349570206,-0.4669901230289378,-0.6474283470749902,0.43908045977011495,0.45280665280665283,-0.2804878048780488,0.2907488986784141,0.7621395119546462,0.393939393939394,-0.6839945280437757,0.8105504587155963,-0.5602240896358542,0.5828282828282828,0.8775488186427878,0.6852917009038619,2.559
0.9719719719719719,0.4781065088757397,0.0,0.8089842169162282,0.2971698113207547,0.8591513934220437,0.05730659025787966,-0.8338242938832092,-0.795838241067923,0.6938697318007663,0.19209979209979214,-0.03861788617886179,0.5220264317180616,0.9147153068770026,0.41090909090909095,-0.8907563025210083,0.8811926605504586,-0.8003201280512204,0.44646464646464645,0.8245765454741611,0.37387017255546423,3.619
0.972972972972973,0.6958579881656805,0.0,0.8575475515985431,-0.07075471698113207,0.7235751945769521,0.44699140401146137,-0.840582221452088,-0.707891637220259,0.521072796934866,0.040332640332640335,-0.18089430894308942,0.44383259911894274,0.7724919891545476,-0.026666666666666665,-0.7471174516318155,0.6899082568807339,-0.7142857142857142,-0.09494949494949495,0.8361204013377926,0.34100246507806076,2.856
0.973973973973974,0.44970414201183434,0.0,0.5414811817078106,0.0047169811320754715,0.6824002008536278,-0.22492836676217767,-0.6108126841102062,-0.6984687868080094,0.4885057471264368,0.44532224532224535,-0.042682926829268296,0.2522026431718062,0.7320680305644565,0.30424242424242426,-0.7080320500293141,0.9155963302752292,-0.5918367346938775,0.5070707070707071,0.7723594778293236,0.4223500410846343,3.035
0.974974974974975,0.5313609467455621,0.0,0.6106839336301092,0.10141509433962263,0.6522721566658297,-0.07020057306590259,-0.6149714087679778,-0.6380054966627404,0.7662835249042146,0.11309771309771312,0.0,0.5093612334801763,0.6807986196697067,0.26666666666666666,-0.6789134258354504,0.8756880733944954,-0.8787515006002401,0.47474747474747475,0.8674074873233357,0.5447822514379622,3.664
0.975975975975976,0.22840236686390533,0.0,0.7697288547146903,0.08018867924528303,0.7961335676625658,0.008595988538681949,-0.8494195113498527,-0.6819787985865724,0.34367816091954023,0.4444906444906445,-0.6199186991869918,-0.012665198237885462,0.8136554104017747,0.1296969696969697,-0.787375415282392,0.7596330275229357,-0.528611444577831,-0.021212121212121213,0.8446434351062682,0.26622843056696793,2.249
0.9769769769769769,0.5881656804733728,0.0,0.5965196276811008,-0.40566037735849053,0.6796384634697463,-0.21060171919770773,-0.6156645295442731,-0.7204554377699254,0.549808429118774,0.23617463617463616,-0.5426829268292683,0.4493392070484581,0.737983731821543,0.2363636363636364,-0.6931795974203635,0.8380733944954127,-0.687875150060024,0.5141414141414141,0.8804617542345452,0.4815119145439605,3.371
0.977977977977978,0.6449704142011835,0.0,0.7114528530959126,-0.36556603773584906,0.7306050715541049,0.17478510028653296,-0.7582741292670249,-0.6478209658421672,0.571647509578544,0.17255717255717257,-0.11788617886178862,0.3188325991189427,0.7754498397830909,0.35515151515151516,-0.7254250537424273,0.8477064220183486,-0.6870748299319728,0.14646464646464646,0.8824037112957169,0.5382087099424815,3.475
0.978978978978979,0.3609467455621302,0.0,0.726021853500607,-0.08726415094339622,0.8460959076073311,-0.05157593123209169,-0.6860162883382429,-0.8551236749116607,0.4436781609195402,0.44989604989605,-0.5487804878048781,0.23127753303964757,0.8286911510968695,-0.02787878787878788,-0.8221614227086183,0.6348623853211008,-0.6442577030812325,0.12121212121212122,0.8530585823713454,0.39112571898110104,2.35
0.97997997997998,0.5218934911242604,0.0,0.622015378389316,0.19811320754716982,0.7162942505649008,-0.09312320916905445,-0.7055969502685844,-0.7538280329799764,0.5007662835249043,0.47650727650727653,-0.042682926829268296,0.14812775330396477,0.700517623859995,0.1503030303030303,-0.7158491303498143,0.8330275229357798,-0.6074429771908764,0.3111111111111111,0.8654655302621642,0.4519309778142975,3.077
0.980980980980981,0.25917159763313613,0.0,0.6681505463375151,-0.06839622641509434,0.7032387647501883,-0.06303724928366762,-0.711661757061168,-0.6984687868080094,0.5666666666666668,0.33014553014553016,-0.25,0.2747797356828194,0.6716785802316982,0.32969696969696977,-0.6716826265389877,0.8619266055045871,-0.6794717887154862,0.37272727272727274,0.8900636530370051,0.46507806080525876,3.053
0.9819819819819819,0.37396449704142015,0.0,0.5920679886685553,0.15801886792452832,0.7539543057996485,-0.015759312320916905,-0.5997227516894819,-0.6560659599528857,0.5195402298850575,0.4153846153846154,0.014227642276422765,0.045704845814977975,0.7769287650973625,0.21696969696969698,-0.7662692984170412,0.8779816513761467,-0.49259703881552624,0.494949494949495,0.8350415363038084,0.4552177485620378,3.252
0.982982982982983,0.9384615384615386,0.0,0.8741400242816674,-0.32783018867924535,0.9440120512176751,-0.20487106017191978,-0.850112632126148,-0.83510011778563,0.5773946360153257,0.48232848232848236,-0.24796747967479674,0.4036343612334802,0.8954892777914715,0.25696969696969696,-0.9038499120578464,0.7821100917431193,-0.6222488995598239,-0.11212121212121212,0.7262919408781962,0.3820870994248151,3.452
0.983983983983984,0.22366863905325446,0.0,0.8041278834479968,-0.02830188679245283,0.657293497363796,0.04584527220630373,-0.8594697626061342,-0.6945425991362386,0.5911877394636015,0.3442827442827443,0.15447154471544716,0.23403083700440527,0.6307616465368499,0.29939393939393943,-0.7113543091655267,0.7903669724770642,-0.7062825130052021,0.05757575757575758,0.8314812816916604,0.3886606409202958,3.064
0.984984984984985,0.1562130177514793,0.0,0.8802104411169566,-0.3018867924528302,0.6663319106201355,0.42550143266475643,-0.9189048691734535,-0.6058107577542206,0.6455938697318008,-0.13222453222453223,-0.10975609756097561,0.43116740088105726,0.5826965738230219,-0.003636363636363637,-0.6251709986320109,0.7633027522935779,-0.8527410964385753,-0.14242424242424243,0.7568238213399503,0.33032046014790467,3.136
0.985985985985986,0.4792899408284024,0.0,0.754350465398624,0.205188679245283,0.7720311323123275,0.024355300859598857,-0.8009010570091838,-0.7126030624263839,0.6659003831417625,0.09812889812889813,-0.0020325203252032522,0.4118942731277533,0.7983731821543011,0.22666666666666668,-0.7383232362712527,0.846788990825688,-0.8431372549019608,0.11919191919191918,0.8165929442226777,0.4387838948233361,3.578
0.986986986986987,0.5692307692307692,0.0,0.7486847430190207,0.22641509433962265,0.8280190810946523,-0.22779369627507165,-0.8450875064980072,-0.7550058892815076,0.5049808429118774,0.45738045738045746,-0.3353658536585366,0.270374449339207,0.9060882425437515,0.08969696969696969,-0.8743404338479578,0.7990825688073394,-0.6486594637855142,0.03333333333333333,0.8201531988348257,0.48479868529170084,2.889
0.987987987987988,0.47692307692307695,0.0,0.5649534601375961,0.24528301886792453,0.7368817474265629,0.011461318051575933,-0.55605614278288,-0.7754220651747153,0.3977011494252874,0.5775467775467776,-0.3861788617886179,0.11068281938325991,0.7569632733546956,0.2957575757575758,-0.7807308970099668,0.9302752293577982,-0.5602240896358542,0.4,0.8900636530370051,0.5710764174198849,2.955
0.988988988988989,0.42011834319526625,0.0,0.6058276001618778,-0.09905660377358491,0.8169721315591263,-0.12893982808022922,-0.6792583607693641,-0.7546132705143305,0.6183908045977012,0.2752598752598753,-0.3719512195121951,0.49284140969162993,0.7793936406211486,0.21333333333333332,-0.7906976744186047,0.9339449541284404,-0.7274909963985594,0.34545454545454546,0.8663286222893515,0.5899753492193919,3.46
0.98998998998999,0.17041420118343195,0.0,0.5981384055038446,-0.16981132075471697,0.6623148380617625,-0.21489971346704873,-0.6042280367354012,-0.7393011385944248,0.5620689655172414,0.41912681912681915,-0.5792682926829268,0.526431718061674,0.6388957357653439,0.3357575757575758,-0.6419777213210865,0.8252293577981651,-0.6214485794317727,0.32323232323232326,0.7875714748085014,0.4823336072308956,3.32
0.990990990990991,-0.11715976331360947,0.0,0.6916228247673007,-0.33726415094339623,0.7210645242279689,0.20630372492836677,-0.667995148154566,-0.7141735374950922,0.6467432950191571,0.02952182952182952,-0.4573170731707317,0.5666299559471365,0.6827705200887355,0.16848484848484852,-0.7023646667969513,0.7981651376146789,-0.8327330932372948,0.3191919191919192,0.8569424964936886,0.5201314708299096,3.313
0.991991991991992,0.4023668639053255,0.0,0.7118575475515985,0.35141509433962265,0.7270901330655285,0.2177650429799427,-0.7050771096863628,-0.574793875147232,0.6088122605363985,0.13970893970893972,-0.042682926829268296,0.310022026431718,0.7278777421740201,0.5006060606060606,-0.7213210865741645,0.9022935779816513,-0.7234893957583033,0.2646464646464647,0.8278131405761139,0.43385373870172556,3.397
0.992992992992993,0.672189349112426,0.0,0.7284500202347228,0.3584905660377358,0.7770524730102938,0.12750716332378223,-0.7366141050077977,-0.6717707106399686,0.6501915708812261,0.05405405405405406,-0.13414634146341464,0.3502202643171806,0.841508503820557,-0.0048484848484848485,-0.7887434043384794,0.768348623853211,-0.6890756302521008,0.18585858585858586,0.8461538461538461,0.41988496302382905,3.106
0.993993993993994,0.5029585798816568,0.0,0.8154593282072036,-0.1509433962264151,0.7328646748681898,0.29656160458452724,-0.8556575983365101,-0.70239497447978,0.7095785440613027,0.20457380457380459,-0.2682926829268293,0.5743392070484581,0.7283707172787773,0.343030303030303,-0.7271838968145398,0.7431192660550459,-0.727891156462585,-0.10707070707070707,0.8623368216636099,0.5875102711585867,3.335
0.994994994994995,0.3562130177514793,0.0,0.7057871307163092,-0.10613207547169812,0.6480040170725584,0.08166189111747851,-0.6830705250389881,-0.6442873969375735,0.48045977011494256,0.24656964656964658,-0.0,0.02643171806167401,0.7172787774217402,0.1709090909090909,-0.6779362907953879,0.8779816513761467,-0.6206482593037215,0.3111111111111111,0.8623368216636099,0.2563681183237469,3.167
0.995995995995996,0.49467455621301776,0.0,0.6058276001618778,0.10141509433962263,0.8486065779563143,-0.30659025787965616,-0.678391959798995,-0.7773851590106007,0.4846743295019157,0.40873180873180875,-0.4227642276422764,0.2918502202643172,0.8412620162681783,0.4787878787878788,-0.8225522767246433,0.888532110091743,-0.7110844337735094,0.5242424242424243,0.8165929442226777,0.5390304026294166,3.033
0.996996996996997,0.3526627218934911,0.0,0.6499392958316471,0.08726415094339622,0.655536028119508,0.017191977077363897,-0.7574077282966558,-0.5783274440518257,0.5547892720306513,0.06153846153846154,0.12804878048780488,0.2830396475770925,0.6901651466600935,0.044848484848484846,-0.6490130936095369,0.8288990825688073,-0.8483393357342938,0.006060606060606061,0.798899557665336,0.3508627773212818,3.268
0.997997997997998,0.47218934911242605,0.0,0.6823148522865237,0.25235849056603776,0.8774792869696209,-0.26074498567335247,-0.6894818922197193,-0.773851590106007,0.39731800766283526,0.5945945945945946,-0.28861788617886175,0.032488986784140965,0.9073206803056445,0.18666666666666668,-0.8848934922806331,0.7885321100917431,-0.5450180072028812,0.18484848484848485,0.8934081346423562,0.45439605587510273,2.565
0.998998998998999,0.4627218934911243,0.0,0.7944152165115338,0.5731132075471698,0.7057494350991714,0.38538681948424075,-0.837809738346907,-0.6650961915979583,0.5203065134099617,0.3255717255717256,-0.07317073170731707,0.17070484581497797,0.7182647276312546,0.10545454545454545,-0.7070549149892514,0.893577981651376,-0.6354541816726691,-0.046464646464646465,0.8269500485489265,0.3705834018077239,3.001
1.0,0.6248520710059172,0.0,0.8344799676244434,0.07311320754716981,0.6695957820738137,0.20916905444126074,-0.8769710622075897,-0.7491166077738515,0.5088122605363985,0.3467775467775468,-0.3719512195121951,0.2197136563876652,0.6726645304412127,0.12848484848484848,-0.7103771741254641,0.7394495412844037,-0.6466586634653861,-0.025252525252525256,0.824792318480958,0.2917009038619556,2.944
