0,1,2,3,4,5,6,7,8,9,10,11,12,13,14,15,16,17,18,19,20,y
0.0,0.4488272921108742,0.5094339622641508,0.7027501462843768,0.6634844868735084,0.4390243902439024,0.7397792313982012,0.7482462977396724,0.6967113276492083,0.25366139425893375,0.36280557459447105,0.4043438077634014,0.2831858407079646,0.3775547445255474,0.535142658315936,0.26481597005614477,0.7464212678936604,0.34114583333333326,0.8064211520302172,0.6543494996150883,0.4173093401885176,1.0
0.001001001001001001,0.7633262260127931,0.4201257861635219,0.4906377998829723,0.8252983293556087,0.6995778611632271,0.48221586263286986,0.43998441153546364,0.26187576126674783,0.6754540128881076,0.024445967557687798,0.08271719038817049,0.5796460176991152,0.026824817518248167,0.23799582463465585,0.5951341235184029,0.5163599182004089,0.4765624999999999,0.6638338054768651,0.3926096997690527,0.8826049700085689,1.0
0.002002002002002002,0.3315565031982943,0.5647798742138365,0.55968402574605,0.6897374701670644,0.6336772983114447,0.5981193785772689,0.6843335931410754,0.5931790499390985,0.4159343878148799,0.2858122001370802,0.37523105360443654,0.4070796460176991,0.30821167883211675,0.7292971468336815,0.43512164691204,0.4943762781186094,0.40494791666666663,0.31444759206798867,0.7698229407236334,0.2433590402742073,1.0
0.003003003003003003,0.6343283582089552,0.48553459119496845,0.5766530134581627,0.6701670644391409,0.5187617260787993,0.6551512673753066,0.647700701480904,0.49817295980511567,0.38137082601054473,0.40141649531642676,0.452402957486137,0.3141592920353983,0.4049270072992701,0.5518441196938064,0.37055520898315675,0.6349693251533741,0.35807291666666663,0.39565627950897075,0.5434949961508853,0.40959725792630663,1.0
0.004004004004004004,0.5586353944562898,0.4037735849056603,0.6278525453481567,0.7016706443914081,0.531894934333959,0.6430907604251841,0.6504286827747465,0.5834348355663823,0.4176918570591682,0.1953392734749828,0.23706099815157144,0.6028761061946903,0.18558394160583935,0.5038274182324289,0.3649407361197756,0.6549079754601226,0.3710937499999999,0.5703493862134089,0.5250192455735179,0.4404455869751499,1.0
0.005005005005005005,0.44029850746268656,0.49056603773584895,0.6808074897600935,0.9174224343675418,0.5035178236397748,0.6496320523303354,0.6710833982852686,0.5517661388550548,0.459285295840656,0.08750285583733164,0.06700554528650682,0.629424778761062,0.15620437956204358,0.38274182324286743,0.31347473487211497,0.6109406952965234,0.8476562499999999,0.5892351274787536,0.49499615088529625,0.45244215938303334,1.0
0.006006006006006006,0.29424307036247327,0.31320754716981125,0.7732592159157401,0.6673031026252983,0.26360225140712945,0.8430089942763697,0.8799688230709274,0.4567600487210718,0.3989455184534271,0.3102581676947681,0.2818853974122,0.6913716814159292,0.3472627737226277,0.3472512178148923,0.1363069245165316,0.8425357873210632,0.5156249999999999,0.47497639282341836,0.4257120862201691,0.25107112253641806,1.0
0.007007007007007007,0.3635394456289979,0.3761006289308175,0.4768870684610882,0.6420047732696897,0.7469512195121952,0.44664758789861003,0.4610288386593917,0.2521315468940316,0.5565319273579378,0.3043180260452365,0.3738447319778191,0.3384955752212391,0.3206204379562043,0.7988865692414753,0.5364940736119777,0.23364008179959095,0.5520833333333333,0.5656279508970727,0.8953040800615855,0.5158526135389888,1.0
0.008008008008008008,0.3560767590618337,0.5547169811320755,0.46489174956114665,0.516945107398568,0.6451688555347093,0.5065412919051513,0.47077162899454383,0.3471376370280146,0.6344463971880491,0.39067854694996573,0.3539741219963035,0.3329646017699116,0.3463503649635036,0.69937369519833,0.5180910792264504,0.5352760736196318,0.3789062499999999,0.7705382436260624,0.6997690531177825,0.5938303341902312,1.0
0.009009009009009009,0.41791044776119396,0.5207547169811321,0.6260971328262142,0.6582338902147972,0.4770168855534711,0.633483237939493,0.711613406079501,0.7198538367844093,0.41886350322202703,0.4043865661411926,0.5207948243992608,0.4679203539823009,0.4666058394160584,0.686151704940849,0.3194011228945728,0.6625766871165644,0.7565104166666665,0.5882908404154864,0.608929946112394,0.45672664952870623,1.0
0.01001001001001001,0.36460554371002135,0.43144654088050305,0.59918080748976,0.5766109785202864,0.48217636022514077,0.6398201144726086,0.7443491816056118,0.6077953714981729,0.3626244874048038,0.5245602010509481,0.5240295748613681,0.6172566371681416,0.5237226277372262,0.769659011830202,0.2841547099189021,0.5245398773006135,0.5559895833333333,0.35788479697828146,0.8521939953810624,0.20308483290488433,1.0
0.011011011011011011,0.6098081023454158,0.4427672955974842,0.44382679929783486,0.5804295942720764,0.7469512195121952,0.4309076042518398,0.42556508183943875,0.6345919610231424,0.6221441124780317,0.2526844870916153,0.28096118299445494,0.415929203539823,0.26003649635036497,0.6332637439109257,0.6094822208359327,0.4187116564417177,0.4791666666666665,0.4324834749763929,0.6535796766743647,0.5586975149957155,1.0
0.012012012012012012,0.49680170575692967,0.44528301886792443,0.6372147454651842,0.5054892601431982,0.41697936210131337,0.7025756336876534,0.6703039750584567,0.3422655298416565,0.29232571763327486,0.5462645647703906,0.6307763401109059,0.12610619469026552,0.5919708029197082,0.5643702157272097,0.29912663755458513,0.7832310838445806,0.47786458333333315,0.5835694050991502,0.4395688991531945,0.4301628106255354,1.0
0.013013013013013013,0.5778251599147122,0.4339622641509433,0.5585137507314217,0.6085918854415274,0.5328330206378988,0.5878986099754702,0.6052221356196412,0.5676004872107187,0.3778558875219683,0.37422892392049356,0.5147874306839191,0.1404867256637169,0.4275547445255474,0.42519137091162174,0.4213973799126638,0.6717791411042944,0.41276041666666663,0.7440982058545799,0.434180138568129,0.5252784918594687,1.0
0.014014014014014014,0.5170575692963753,0.5584905660377358,0.530134581626682,0.6214797136038186,0.628517823639775,0.5506950122649226,0.5643024162120029,0.3142509135200974,0.5430579964850614,0.3054603609778387,0.3761552680221816,0.41924778761061954,0.3463503649635036,0.39318023660403645,0.43325015595757943,0.5362985685071573,0.5078124999999999,0.5193578847969783,0.45419553502694354,0.5329905741216795,1.0
0.015015015015015015,0.7270788912579957,0.6591194968553459,0.7284961966062025,0.46825775656324586,0.48850844277673544,0.6937857726901062,0.6227591582229148,0.6163215590742995,0.4141769185705916,0.5236463331048664,0.5277264325323479,0.40376106194690264,0.6049270072992701,0.11691022964509434,0.32252027448534015,0.796523517382413,0.5507812499999999,0.6175637393767706,0.044649730561970635,0.6049700085689801,1.0
0.016016016016016016,0.384861407249467,0.5132075471698113,0.5781158572264482,0.9914081145584726,0.549015009380863,0.6054783319705643,0.6628994544037412,0.7174177831912302,0.3889865260691271,0.029929175234178595,0.07347504621072143,0.6570796460176991,0.10456204379562029,0.3395963813500349,0.381784154709919,0.747443762781186,0.6783854166666665,0.5467422096317281,0.42186297151655117,0.5047129391602397,1.0
0.017017017017017015,0.6460554371002132,0.4377358490566037,0.6091281451141017,0.6238663484486874,0.5886491557223266,0.597710547833197,0.60833982852689,0.7320341047503045,0.5664909197422378,0.2650217043637193,0.2892791127541594,0.4391592920353983,0.3087591240875911,0.42727905358385554,0.40174672489082974,0.6313905930470346,0.5833333333333333,0.6997167138810199,0.48652809853733636,0.4284490145672665,1.0
0.018018018018018018,0.5639658848614071,0.6138364779874212,0.4558221181977764,0.7766109785202864,0.7882270168855536,0.48098937040065426,0.5284489477786436,0.5688185140073082,0.6379613356766257,0.1220013708019192,0.2148798521256936,0.37057522123893816,0.13375912408759105,0.4307585247042449,0.567373674360574,0.4120654396728016,0.3424479166666665,0.5372993389990558,0.5211701308698999,0.5029991431019708,1.0
0.01901901901901902,0.624733475479744,0.6037735849056602,0.5529549444119366,0.6463007159904535,0.524624765478424,0.6210139002452986,0.7513639906469212,0.445797807551766,0.4141769185705916,0.3488690884167238,0.5018484288354901,0.21460176991150448,0.36970802919708023,0.6207376478775228,0.33842794759825323,0.6109406952965234,0.18359375,0.3909348441926346,0.6789838337182448,0.3161953727506427,1.0
0.02002002002002002,0.533049040511727,0.3044025157232704,0.4882972498537155,0.6014319809069213,0.6031894934333959,0.4462387571545381,0.5175370226032734,0.4165651644336176,0.45869947275922673,0.4615033127713045,0.619685767097967,0.3484513274336284,0.5403284671532846,0.12943632567849717,0.5003119151590769,0.5920245398773005,0.17447916666666652,0.5401322001888574,0.19784449576597396,0.5167095115681234,1.0
0.02102102102102102,0.05117270788912581,0.7421383647798742,0.7442949093036861,0.7441527446300716,0.49061913696060055,0.7342600163532298,0.809820732657833,0.9086479902557856,0.42237844171060346,0.2858122001370802,0.37800369685767143,0.5165929203539823,0.34051094890510947,0.40570633263743927,0.24516531503431072,0.716768916155419,0.5859375,0.48914069877242683,0.434180138568129,0.17480719794344468,1.0
0.022022022022022022,0.5149253731343284,0.2754716981132075,0.5061439438267992,0.6596658711217184,0.626172607879925,0.500204415372036,0.5393608729540138,0.443361753958587,0.5418863503222026,0.2503998172264109,0.24953789279112804,0.40265486725663724,0.26843065693430646,0.17327766179540705,0.5271366188396756,0.7162576687116563,0.5351562499999999,0.538243626062323,0.27482678983833697,0.5004284490145673,1.0
0.023023023023023025,0.3976545842217483,0.8201257861635219,0.5313048566413106,0.7069212410501193,0.5703564727954973,0.5500817661488144,0.6223694466095089,0.6565164433617539,0.5413005272407733,0.20881882567968924,0.22504621072088749,0.47013274336283195,0.24726277372262762,0.385525400139179,0.4213973799126638,0.6784253578732105,0.48177083333333315,0.5939565627950898,0.23864511162432622,0.4670094258783203,1.0
0.024024024024024024,0.29637526652452023,0.5245283018867924,0.45114101813926255,0.6295942720763723,0.680816135084428,0.4419460343417827,0.4742790335151985,0.36662606577344703,0.4809607498535441,0.38085446652958654,0.500924214417745,0.23672566371681414,0.4374087591240876,0.2992345163535144,0.5318153462258268,0.5046012269938649,0.59765625,0.550519357884797,0.31639722863741326,0.41216795201371037,1.0
0.025025025025025023,0.29637526652452023,0.6352201257861634,0.41310708016383835,0.4572792362768497,0.7389774859287057,0.46668029435813585,0.5319563522992985,0.48599269183922045,0.6461628588166374,0.3043180260452365,0.27033271719038865,0.5796460176991152,0.26970802919708037,0.5476687543493393,0.5190268247036807,0.44836400817995903,0.5598958333333333,0.4787535410764873,0.5488837567359508,0.4301628106255354,1.0
0.026026026026026026,0.5938166311300639,0.5685534591194968,0.6032767700409594,0.4591885441527446,0.5548780487804879,0.6451349141455438,0.731098986749805,0.6285018270401949,0.5049794961921498,0.43957048206534155,0.46719038817005565,0.34623893805309747,0.48704379562043787,0.35908141962421736,0.37117903930131013,0.6554192229038854,0.43359375,0.16808309726156756,0.35719784449576597,0.2236503856041131,1.0
0.02702702702702703,0.31876332622601283,0.6289308176100628,0.3923346986541836,0.5455847255369929,0.7797842401500938,0.36815208503679475,0.3332034294621977,0.3081607795371498,0.5998828353837139,0.30294722412611375,0.29158964879852145,0.4977876106194691,0.2737226277372262,0.5525400139178847,0.6590767311291328,0.45552147239263796,0.2890624999999998,0.5797922568460813,0.6327944572748265,0.6066838046272492,1.0
0.028028028028028028,0.33795309168443494,0.6880503144654088,0.4862492685781159,0.6806682577565633,0.7007504690431521,0.5108340147179069,0.5966484801247076,0.8879415347137636,0.5459871118922085,0.3701165181631254,0.4745841035120151,0.506637168141593,0.4301094890510948,0.523312456506611,0.4787897691827825,0.48721881390593047,0.5611979166666666,0.26251180358829085,0.6096997690531176,0.36932305055698367,1.0
0.029029029029029027,0.3976545842217483,0.47672955974842757,0.6658864833235809,0.8305489260143198,0.4577861163227017,0.6929681112019626,0.7412314886983631,0.6431181485992691,0.3087287639132982,0.25108521818597207,0.34103512014787474,0.37942477876106195,0.33722627737226274,0.594989561586639,0.2928883343730506,0.70040899795501,0.6184895833333331,0.6468366383380548,0.5065434949961505,0.38303341902313626,1.0
0.03003003003003003,0.6268656716417911,0.8842767295597483,0.9999999999999999,1.0,0.2795497185741088,1.0,0.9999999999999999,0.6674786845310596,0.0,0.23212245830477496,0.37939001848428866,0.5044247787610621,0.3594890510948905,0.24217118997912346,0.0,0.9999999999999998,0.4570312499999999,0.6279508970727101,0.39953810623556585,0.2596401028277634,1.0
0.031031031031031032,0.48187633262260127,0.5283018867924528,0.6424809830310121,0.5985680190930788,0.5431519699812384,0.688062142273099,0.7295401402961808,0.5773447015834349,0.34329232571763335,0.5510623714873201,0.635859519408503,0.4922566371681416,0.6229927007299271,0.4064022268615175,0.3169058016219588,0.6697341513292433,0.38932291666666663,0.8064211520302172,0.48421862971516516,0.4712939160239932,1.0
0.03203203203203203,0.4488272921108742,0.6616352201257861,0.6433586892919836,0.5651551312649165,0.5229831144465291,0.5934178250204416,0.6457521434138735,0.42509135200974424,0.49502050380785,0.4208361891706648,0.5965804066543441,0.3672566371681417,0.4901459854014598,0.4314544189283227,0.3487211478477854,0.6855828220858894,0.5117187499999999,0.9282341831916904,0.405696689761355,0.43273350471293914,1.0
0.03303303303303303,0.42110874200426435,0.740880503144654,0.5140433001755411,0.6281622911694511,0.6981707317073171,0.5318887980376124,0.5023382696804364,0.758830694275274,0.588166373755126,0.28672606808316203,0.4214417744916825,0.1581858407079647,0.3604014598540146,0.5128740431454424,0.5102932002495324,0.5148261758691205,0.5611979166666666,0.5637393767705383,0.5188606620477287,0.5295629820051414,1.0
0.03403403403403403,0.37206823027718555,0.3597484276729559,0.4988297249853715,0.6219570405727923,0.5966228893058163,0.5030662305805398,0.5331254871395166,0.4543239951278928,0.6162858816637374,0.35572309801233715,0.4861367837338266,0.3174778761061947,0.41751824817518246,0.4940848990953377,0.49563318777292587,0.5608384458077709,0.42057291666666663,0.493862134088763,0.48421862971516516,0.377892030848329,1.0
0.035035035035035036,0.6492537313432833,0.5371069182389937,0.5409596255119951,0.6000000000000001,0.7176360225140714,0.5574407195421096,0.5646921278254089,0.49817295980511567,0.4258933801991799,0.4909755540324423,0.6940850277264328,0.41924778761061954,0.5976277372262773,0.46833681280445383,0.45695570804741115,0.4376278118609406,0.4791666666666665,0.736543909348442,0.5712086220169361,0.5792630676949441,1.0
0.036036036036036036,0.4541577825159914,0.3786163522012578,0.700994733762434,0.8825775656324583,0.44066604127579745,0.6858135731807034,0.7899454403741231,0.6065773447015833,0.23022847100175747,0.24583047749600184,0.3969500924214422,0.5962389380530975,0.30091240875912395,0.3117606123869172,0.3112913287585777,0.7898773006134968,0.23307291666666652,0.5316336166194524,0.5042340261739797,0.2784918594687231,1.0
0.037037037037037035,0.36460554371002135,0.6389937106918238,0.7279110590988882,0.722673031026253,0.4399624765478425,0.7123875715453802,0.7053780202650037,0.7295980511571255,0.35910954891622715,0.23440712816997944,0.36552680221811507,0.3661504424778762,0.36478102189781025,0.1927627000695895,0.221459762944479,0.710122699386503,0.9101562499999999,0.6657223796033995,0.371824480369515,0.39245929734361595,1.0
0.03803803803803804,0.4424307036247334,0.45031446540880493,0.5725570509069631,0.6362768496420048,0.5098499061913697,0.6236713000817662,0.7314886983632112,0.5809987819732033,0.4504979496192151,0.3107151016678089,0.3770794824399264,0.3838495575221239,0.3279197080291971,0.4537230340988172,0.32033686837180286,0.6145194274028629,0.5156249999999999,0.6817752596789425,0.5866050808314087,0.36932305055698367,1.0
0.03903903903903904,0.6513859275053304,0.5081761006289307,0.61234640140433,0.8315035799522673,0.5795028142589118,0.5887162714636143,0.5693686671862819,0.412911084043849,0.5049794961921498,0.10852181859721277,0.18299445471349363,0.543141592920354,0.16624087591240877,0.3834377174669452,0.4033063006862134,0.6584867075664621,0.42057291666666663,0.7431539187913127,0.3725943033102386,0.741216795201371,1.0
0.04004004004004004,0.40618336886993595,0.7849056603773584,0.7557050906963136,0.8090692124105012,0.4151031894934334,0.7749386753883893,0.731098986749805,0.4945188794153471,0.2700644405389572,0.20767649074708716,0.29436229205175635,0.7234513274336283,0.21094890510948905,0.2978427279053584,0.23331253898939486,0.9422290388548056,0.16796875,0.711992445703494,0.4118552732871441,0.3718937446443872,1.0
0.04104104104104104,0.5490405117270789,0.25911949685534585,0.7621416032767698,0.5589498806682578,0.4007973733583491,0.7982420278004907,0.8706157443491815,0.6004872107186358,0.4007029876977152,0.42700479780671696,0.5767097966728283,0.25442477876106195,0.458941605839416,0.678496868475992,0.27448533998752356,0.7714723926380366,0.43359375,0.4900849858356941,0.7936874518860662,0.25107112253641806,1.0
0.04204204204204204,0.5788912579957355,0.641509433962264,0.48478642480983036,0.5594272076372315,0.7197467166979361,0.48037612428454635,0.515198752922837,0.412911084043849,0.6010544815465729,0.37468585789353437,0.41913123844732025,0.22566371681415942,0.3445255474452553,0.3876130828114128,0.5474111041796632,0.5373210633946829,0.3124999999999998,0.42587346553352223,0.5219399538106235,0.3581833761782346,1.0
0.043043043043043044,0.5820895522388059,0.6264150943396225,0.6711527208894088,0.7269689737470167,0.5344746716697937,0.6565821749795586,0.6999220576773186,0.2862362971985384,0.42355008787346227,0.26365090244459677,0.24260628465804102,0.5464601769911506,0.25565693430656933,0.28044537230341016,0.3727386150966938,0.7571574642126787,0.13802083333333326,0.3559962228517469,0.24557351809083894,0.3873179091688087,1.0
0.044044044044044044,0.40938166311300633,0.5509433962264151,0.6421884142773551,0.7288782816229117,0.5241557223264541,0.6134505314799674,0.6644583008573655,0.3873325213154689,0.5758640890451082,0.3221384509938314,0.3682994454713495,0.4767699115044248,0.4111313868613138,0.1322199025748083,0.42607610729881484,0.7223926380368098,0.3229166666666665,0.44381491973559967,0.14780600461893778,0.3187660668380462,1.0
0.04504504504504504,0.29637526652452023,0.7635220125786162,0.8025160912814511,0.8210023866348449,0.46036585365853666,0.7831152902698284,0.7833203429462197,0.4774665042630938,0.29232571763327486,0.3495544893762852,0.6178373382624771,0.26327433628318586,0.5394160583941605,0.31871955462769685,0.21646912039925148,0.8036809815950919,0.6393229166666665,0.9490084985835695,0.4249422632794455,0.32733504712939154,1.0
0.04604604604604605,0.568230277185501,0.6754716981132075,0.36863662960795773,0.692601431980907,0.7849437148217637,0.32604251839738363,0.35307872174590793,0.5761266747868453,0.6619800820152314,0.08361891706648383,0.03743068391866933,0.20575221238938057,0.0374087591240877,0.303409881697982,0.6431690580162195,0.5040899795501022,0.12239583333333326,0.5014164305949009,0.34334103156274054,0.634961439588689,1.0
0.04704704704704705,0.49893390191897663,0.3194968553459119,0.43183148039789354,0.5985680190930788,0.6444652908067543,0.44235486508585464,0.5023382696804364,0.6004872107186358,0.5670767428236673,0.3657756454192369,0.4306839186691316,0.34734513274336287,0.40419708029197077,0.2268615170494086,0.5577043044291952,0.5603271983640081,0.25651041666666674,0.3531633616619453,0.23325635103926068,0.5235646958011996,1.0
0.04804804804804805,0.3976545842217483,0.8377358490566037,0.577823288472791,0.6863961813842483,0.6498592870544091,0.5515126737530662,0.6196414653156661,0.658952496954933,0.46280023432923245,0.2894676719214073,0.3678373382624771,0.4811946902654868,0.3591240875912407,0.2644398051496175,0.4366812227074235,0.7162576687116563,0.5065104166666665,0.6166194523135033,0.24249422632794415,0.5552699228791774,1.0
0.04904904904904905,0.6417910447761195,0.3446540880503144,0.48507899356348716,0.4758949880668258,0.6894934333958724,0.438266557645135,0.47817614964925936,0.5834348355663823,0.6725248974809607,0.3276216586703221,0.36182994454713535,0.5519911504424779,0.34999999999999987,0.6847599164926934,0.5548970679975047,0.4003067484662576,0.6562499999999999,0.3050047214353164,0.72671285604311,0.5809768637532132,1.0
0.050050050050050046,0.3805970149253732,0.3157232704402515,0.6740784084259799,0.5298329355608592,0.3860225140712945,0.7258789860997548,0.7739672642244739,0.3909866017052376,0.341534856473345,0.48046607265250174,0.6215341959334568,0.41924778761061954,0.5467153284671533,0.5135699373695202,0.28914535246412987,0.6993865030674845,0.58984375,0.695939565627951,0.48729792147805995,0.3161953727506427,1.0
0.05105105105105105,0.23027718550106618,0.5119496855345911,0.748683440608543,0.5914081145584726,0.4139305816135086,0.7207686017988553,0.799298519095869,0.415347137637028,0.30287053309900414,0.36783184829792104,0.39972273567467687,0.6438053097345133,0.39379562043795624,0.25748086290883787,0.21958827199001885,0.7300613496932514,0.6289062499999999,0.5892351274787536,0.39030023094688193,0.24592973436161103,1.0
0.05205205205205205,0.3262260127931769,0.6578616352201258,0.738150965476887,0.867780429594272,0.4913227016885555,0.7046197874080131,0.7540919719407637,0.6796589524969548,0.4159343878148799,0.14918894219785228,0.1945471349353054,0.4734513274336284,0.22992700729927007,0.32498260264439827,0.2626325639426077,0.6385480572597135,0.6393229166666665,0.825306893295562,0.5103926096997689,0.49528706083976004,1.0
0.05305305305305305,0.36780383795309174,0.5094339622641508,0.5585137507314217,0.5842482100238664,0.5372889305816135,0.5874897792313982,0.652377240841777,0.561510353227771,0.4674868189806677,0.4539639022161298,0.5734750462107212,0.3418141592920355,0.5644160583941604,0.5699373695198333,0.3668122270742358,0.558282208588957,0.6744791666666665,0.5920679886685553,0.4611239414934567,0.3761782347900601,1.0
0.05405405405405406,0.5533049040511726,0.7069182389937106,0.6234640140432999,0.7875894988066826,0.5469043151969983,0.6537203597710548,0.6819953234606391,0.6272838002436053,0.39953134153485637,0.2248115147361207,0.34842883548983394,0.6106194690265487,0.2923357664233577,0.3479471120389701,0.32064878353087956,0.6860940695296522,0.4401041666666665,0.6062322946175638,0.5504234026173975,0.4053127677806342,1.0
0.055055055055055056,0.7121535181236673,0.5660377358490566,0.4959040374488002,0.5742243436754177,0.7772045028142589,0.47955846279640224,0.44115354637568194,0.3495736906211937,0.6151142355008786,0.42700479780671696,0.6150646950092424,0.3727876106194692,0.44142335766423346,0.8810020876826727,0.5421085464753588,0.38650306748466257,0.27473958333333326,0.5731822474032107,0.8660508083140877,0.7300771208226221,1.0
0.056056056056056056,0.5053304904051172,0.6389937106918238,0.5444704505558806,0.7398568019093079,0.5717636022514072,0.5320932134096485,0.5779423226812157,0.4969549330085261,0.48681898066783835,0.21727210418094578,0.3165434380776344,0.4170353982300885,0.2905109489051094,0.18510786360473253,0.3976918278228323,0.558282208588957,0.6640624999999999,0.6109537299339,0.2871439568899148,0.5158526135389888,1.0
0.057057057057057055,0.4872068230277186,0.6540880503144654,0.5942071386775891,0.8630071599045346,0.6088180112570356,0.6187653311529027,0.589633671083398,0.5188794153471377,0.4545987111892208,0.11720356408498978,0.19685767097966744,0.47234513274336287,0.17500000000000004,0.4913013221990261,0.43200249532127266,0.6063394683026584,0.5091145833333333,0.3418319169027385,0.49576597382601983,0.32476435304198803,1.0
0.058058058058058054,0.48187633262260127,0.5861635220125786,0.3744880046810999,0.5155131264916468,0.7973733583489682,0.3820523303352412,0.4146531566640683,0.5237515225334958,0.6578793204452255,0.25725382682202413,0.1820702402957488,0.3396017699115045,0.189963503649635,0.5177453027139878,0.6475358702432938,0.31748466257668695,0.29036458333333326,0.3512747875354108,0.5665896843725942,0.4301628106255354,1.0
0.05905905905905906,0.6204690831556503,0.38238993710691815,0.5816266822703333,0.7513126491646778,0.522045028142589,0.6477923139820114,0.6208106001558844,0.3629719853836785,0.34387814879906264,0.32373771989947453,0.41682070240295777,0.4922566371681416,0.37664233576642325,0.47112038970076586,0.37679351216469126,0.630368098159509,0.5078124999999999,0.6166194523135033,0.5288683602771358,0.509854327335047,1.0
0.06006006006006006,0.22068230277185502,0.6377358490566036,0.4961966062024574,0.6544152744630072,0.6275797373358349,0.5091986917416191,0.5841777084957132,0.6260657734470157,0.4903339191564148,0.22938085446652967,0.23059149722735706,0.4402654867256638,0.237773722627737,0.29645093945720236,0.46787273861509693,0.50920245398773,0.5143229166666665,0.5750708215297451,0.48498845265588875,0.4927163667523563,1.0
0.06106106106106106,0.3592750533049041,0.569811320754717,0.5924517261556463,0.7966587112171838,0.5152439024390243,0.5795175797219951,0.6379579111457521,0.5542021924482339,0.6291739894551845,0.0,0.0009242144177452616,0.711283185840708,0.0,0.10020876826722391,0.40829694323144095,0.7050102249488751,0.41796875,0.5212464589235128,0.16243264049268635,0.3916023993144816,1.0
0.062062062062062065,0.48933901918976547,0.6226415094339621,0.6843183148039789,0.5914081145584726,0.43409943714821764,0.7146361406377759,0.7100545596258767,0.4056029232643118,0.26830697129466896,0.5234178661183458,0.5984288354898339,0.6946902654867257,0.5757299270072993,0.4286708420320111,0.28259513412351844,0.7862985685071573,0.38802083333333326,0.6270066100094429,0.429561200923787,0.4473007712082261,1.0
0.06306306306306306,0.25479744136460564,0.6465408805031446,0.5032182562902281,0.5050119331742243,0.5462007504690434,0.5147179067865906,0.6909586905689789,0.6163215590742995,0.48623315758640884,0.3771989947452593,0.32162661737523135,0.5232300884955753,0.31569343065693434,0.6610995128740433,0.3902058640049908,0.4662576687116563,0.34505208333333326,0.2946175637393768,0.7090069284064662,0.11396743787489283,1.0
0.06406406406406406,0.5490405117270789,0.47044025157232694,0.3902867173785838,0.6572792362768497,0.7910412757973735,0.36876533115290266,0.28994544037412306,0.3909866017052376,0.6203866432337434,0.21430203335618003,0.2550831792975974,0.32964601769911517,0.1886861313868613,0.585942936673626,0.6363069245165316,0.2535787321063394,0.39322916666666663,0.424929178470255,0.6404926866820628,0.6889460154241646,1.0
0.06506506506506507,0.7537313432835822,0.7572327044025156,0.4842012873025159,0.5045346062052506,0.63109756097561,0.48098937040065426,0.47194076383476213,0.45310596833130323,0.648506151142355,0.3696595841900846,0.4057301293900186,0.4347345132743363,0.381934306569343,0.2999304105775926,0.46600124766063633,0.6543967280163598,0.5039062499999999,0.42020774315391884,0.3518090839107004,0.4678663239074551,1.0
0.06606606606606606,0.5127931769722816,0.47672955974842757,0.6588648332358102,0.8477326968973747,0.5673076923076925,0.6704824202780049,0.7194076383476227,0.6455542021924482,0.26479203280609254,0.2874114690427234,0.40619223659889125,0.545353982300885,0.36003649635036483,0.5929018789144052,0.32875857766687466,0.5357873210633947,0.2916666666666665,0.5561850802644004,0.6635873749037722,0.42587832047986296,1.0
0.06706706706706707,0.5597014925373134,0.6251572327044024,0.6047396138092449,0.7494033412887828,0.5682457786116322,0.6234668847097302,0.6812159002338269,0.12911084043848964,0.3913298183948447,0.26707790724240343,0.3299445471349356,0.39491150442477874,0.2921532846715327,0.36047320807237293,0.3427947598253276,0.5398773006134969,0.40494791666666663,0.6430594900849859,0.5211701308698999,0.48414738646101096,1.0
0.06806806806806806,0.47761194029850745,0.6025157232704401,0.45962551199531876,0.8,0.7225609756097562,0.46443172526573995,0.4933749025720964,0.6211936662606576,0.5196250732278852,0.07196710075394108,0.0,0.42035398230088494,0.0636861313868613,0.4829505915100909,0.5355583281347474,0.46881390593047034,0.6341145833333331,0.6373937677053825,0.6297151655119322,0.574121679520137,1.0
0.06906906906906907,0.5341151385927505,0.6779874213836478,0.8402574605032183,0.9088305489260143,0.3531894934333959,0.8624284546197873,0.8055339049103662,0.5956151035322776,0.11599297012302279,0.4119259766963673,0.7412199630314236,0.26991150442477874,0.5702554744525548,0.3757828810020878,0.1257018091079226,0.8844580777096113,0.4296875,0.8186968838526913,0.48575827559661233,0.5269922879177377,1.0
0.07007007007007007,0.7036247334754797,0.4528301886792452,0.668227033352838,0.7536992840095466,0.447936210131332,0.6931725265739983,0.6948558067030395,0.3447015834348356,0.309900410076157,0.3504683573223669,0.4316081330868764,0.4568584070796461,0.39379562043795624,0.3291579679888659,0.32096069868995647,0.6799591002044989,0.19921875,0.5297450424929179,0.4811393379522708,0.44901456726649525,1.0
0.07107107107107107,0.3976545842217483,0.6062893081761005,0.4072557050906962,0.6248210023866348,0.7528142589118199,0.4785363859362224,0.4766173031956349,0.6723507917174177,0.6209724663151727,0.30614576193740006,0.2601663585951943,0.40486725663716816,0.2627737226277371,0.5852470424495477,0.5751715533374921,0.35685071574642135,0.3085937499999998,0.31822474032105763,0.5658198614318706,0.37874892887746336,1.0
0.07207207207207207,0.6385927505330489,0.6339622641509433,0.4505558806319485,0.6186157517899762,0.6728424015009382,0.46524938675388405,0.4688230709275134,0.17417783191230207,0.5735207967193906,0.3008910212474296,0.3475046210720889,0.43805309734513276,0.37645985401459847,0.05775922059846961,0.5149719276356832,0.5383435582822085,0.36197916666666663,0.7601510859301228,0.0,0.6640959725792631,1.0
0.07307307307307308,0.5095948827292112,0.6528301886792452,0.5737273259215914,0.7374701670644391,0.6643996247654784,0.5572363041700736,0.6297739672642244,0.5566382460414129,0.5295840656121852,0.11469042723326472,0.06977818853974171,0.5530973451327434,0.08704379562043774,0.3521224773834377,0.43418590143480973,0.583844580777096,0.39713541666666663,0.3427762039660057,0.3949191685912239,0.4335904027420737,1.0
0.07407407407407407,0.3560767590618337,0.5949685534591194,0.6056173200702164,0.6701670644391409,0.6245309568480302,0.5938266557645135,0.5806703039750585,0.7697929354445796,0.5243116578793204,0.29312314370573445,0.4889094269870613,0.19358407079646023,0.4023722627737225,0.6256089074460687,0.4385527136618841,0.649284253578732,0.44661458333333315,0.5231350330500473,0.5812163202463432,0.38560411311053977,1.0
0.07507507507507508,0.5959488272921107,0.5811320754716981,0.4885898186073727,0.6520286396181385,0.5992026266416512,0.544766966475879,0.589633671083398,0.7478684531059683,0.5184534270650264,0.36440484350011426,0.4681146025878007,0.48561946902654873,0.3905109489051095,0.6945024356297842,0.45570804741110416,0.5132924335378323,0.31380208333333326,0.4636449480642116,0.6797536566589684,0.4053127677806342,1.0
0.07607607607607608,0.6289978678038379,0.7396226415094339,0.44587478057343466,0.48019093078758956,0.7872889305816135,0.419460343417825,0.4380358534684332,0.7929354445797807,0.6725248974809607,0.36234864062143024,0.4477818853974125,0.10508849557522126,0.38175182481751824,0.48155880306193444,0.5601996257018091,0.4299591002044989,0.24348958333333326,0.5901794145420208,0.4472671285604308,0.5715509854327335,1.0
0.07707707707707707,0.45522388059701496,0.43144654088050305,0.5792861322410765,0.7427207637231503,0.5058630393996248,0.626737530662306,0.5849571317225251,0.6699147381242387,0.4680726420620972,0.2622801005254741,0.33780036968576743,0.2577433628318584,0.3638686131386861,0.0,0.41796631316281974,0.8486707566462166,0.38932291666666663,0.6081208687440983,0.01770592763664336,0.4635818337617822,1.0
0.07807807807807808,0.3923240938166312,0.4389937106918238,0.697776477472206,0.9116945107398569,0.40595684803001864,0.7003270645952575,0.769290724863601,0.5627283800243605,0.335676625659051,0.1078364176376514,0.07208872458410398,0.756637168141593,0.19872262773722627,0.16144745998608245,0.2557704304429196,0.8977505112474435,0.7955729166666666,0.5269121813031162,0.3079291762894534,0.28706083976006835,1.0
0.07907907907907907,0.48187633262260127,0.4050314465408804,0.7267407840842597,0.7274463007159905,0.40290806754221387,0.7461161079313166,0.8168355416991426,0.6004872107186358,0.2606912712360867,0.5028558373315056,0.7915896487985215,0.10951327433628322,0.7029197080291971,0.24565066109951283,0.2938240798502807,0.8139059304703475,0.4882812499999999,0.6836638338054769,0.2571208622016936,0.27763496143958866,1.0
0.08008008008008008,0.4605543710021322,0.4628930817610062,0.5108250438853128,0.8634844868735083,0.575984990619137,0.5596892886345053,0.6508183943881527,0.8209500609013398,0.4540128881077915,0.21864290610006853,0.20055452865064716,0.5553097345132744,0.22627737226277356,0.6478775226165627,0.4385527136618841,0.5434560327198363,0.41276041666666663,0.2946175637393768,0.7767513471901459,0.3847472150814052,1.0
0.08108108108108109,0.5660980810234542,0.5735849056603773,0.5096547688706845,0.6467780429594272,0.6388367729831146,0.5175797219950939,0.5323460639127044,0.36662606577344703,0.5260691271236085,0.38359607036783194,0.5776340110905733,0.37831858407079644,0.45164233576642343,0.41057759220598466,0.5099812850904555,0.640081799591002,0.3046874999999998,0.5779036827195468,0.4611239414934567,0.5518423307626393,1.0
0.08208208208208208,0.4381663113006396,0.6427672955974841,0.7770626097132824,0.5594272076372315,0.350844277673546,0.777391659852821,0.8686671862821511,0.5773447015834349,0.2595196250732279,0.5789353438428148,0.6769870609981519,0.48783185840707965,0.6549270072992701,0.4286708420320111,0.17685589519650668,0.8870143149284252,0.5052083333333333,0.7233238904627007,0.2979214780600459,0.37360754070265634,1.0
0.08308308308308308,0.3997867803837953,0.38238993710691815,0.5152135751901696,0.3288782816229117,0.39727954971857404,0.493049877350777,0.47817614964925936,0.6199756394640681,0.5500878734622142,0.5606579849211789,0.5286506469500927,0.4413716814159293,0.5602189781021898,0.7974947807933197,0.5218340611353713,0.4795501022494887,0.5833333333333333,0.2502360717658168,0.7536566589684373,0.45672664952870623,0.0
0.08408408408408408,0.5607675906183367,0.631446540880503,0.5678759508484492,0.48114558472553703,0.33982176360225147,0.5983237939493051,0.5880748246297738,0.7003654080389768,0.4803749267721148,0.5311857436600411,0.6210720887245844,0.30420353982300896,0.5731751824817517,0.46833681280445383,0.4145352464129757,0.6359918200408997,0.3671874999999999,0.6222851746931067,0.45496535796766757,0.4798628963153385,0.0
0.08508508508508508,0.5650319829424306,0.4842767295597483,0.5014628437682853,0.17470167064439146,0.4197936210131332,0.4926410466067048,0.5374123148869834,0.5140073081607796,0.572349150556532,0.6648389307745031,0.6501848428835493,0.5984513274336284,0.6244525547445255,0.6367432150313155,0.5028072364316907,0.4897750511247443,0.3749999999999999,0.41454202077431546,0.5981524249422634,0.45586975149957143,0.0
0.08608608608608609,0.21748400852878463,0.5962264150943395,0.7200117027501463,0.3556085918854416,0.31050656660412757,0.6422730989370402,0.691738113795791,0.6967113276492083,0.6086701816051551,0.46675805346127486,0.4408502772643257,0.2809734513274337,0.47171532846715314,0.7550452331245654,0.349344978165939,0.5306748466257668,0.7812499999999999,0.748819641170916,0.7336412625096225,0.32476435304198803,0.0
0.08708708708708708,0.43176972281449894,0.4138364779874213,0.6515506143943826,0.4968973747016707,0.17589118198874298,0.6635322976287816,0.7634450506625097,0.6760048721071863,0.261277094317516,0.6063513822252684,0.729667282809612,0.19690265486725678,0.6562043795620437,0.5323590814196244,0.28197130380536506,0.6676891615541921,0.42447916666666663,0.692162417374882,0.4411085450346417,0.4147386461011139,0.0
0.08808808808808809,0.4445628997867804,0.3761006289308175,0.41105909888823855,0.39713603818615756,0.4892120075046904,0.357931316434996,0.4649259547934528,0.5712545676004872,0.616871704745167,0.4032442312085903,0.3535120147874309,0.3926991150442478,0.38029197080291977,0.4850382741823247,0.5864004990642546,0.2862985685071573,0.4635416666666665,0.4079320113314448,0.48729792147805995,0.6135389888603254,0.0
0.0890890890890891,0.6780383795309168,0.270440251572327,0.3534230544177879,0.46205250596658715,0.5424484052532834,0.3160261651676206,0.32774746687451284,0.44457978075517657,0.7891036906854131,0.34224354580763083,0.35536044362292074,0.4247787610619469,0.3158759124087589,0.5330549756437026,0.677791640673737,0.35020449897750505,0.12369791666666652,0.1643059490084986,0.4565050038491143,0.574121679520137,0.0
0.09009009009009009,0.5703624733475479,0.4993710691823898,0.28437682855471014,0.15322195704057284,0.6981707317073171,0.2622649223221589,0.28994544037412306,0.33008526187576126,0.8318687756297599,0.6561571852867262,0.5517560073937158,0.5519911504424779,0.5978102189781023,0.5567153792623523,0.7694946974422958,0.296523517382413,0.4674479166666665,0.4381491973559962,0.5080831408775981,0.5021422450728362,0.0
0.09109109109109109,0.246268656716418,0.5559748427672956,0.4505558806319485,0.44486873508353225,0.5473733583489682,0.4546197874080131,0.48051441932969596,0.58952496954933,0.4803749267721148,0.4857208133424721,0.4274491682070243,0.459070796460177,0.48266423357664223,0.42658315935977775,0.5467872738615098,0.41564417177914104,0.7552083333333333,0.5136921624173749,0.34949961508852967,0.43616109682947724,0.0
0.0920920920920921,0.5149253731343284,0.589937106918239,0.6152720889409011,0.3866348448687351,0.3562382739212008,0.6512673753066232,0.6422447388932189,0.5456760048721072,0.40831868775629754,0.5078821110349555,0.592421441774492,0.18694690265486735,0.5023722627737226,0.638135003479471,0.4051777916406738,0.6257668711656441,0.57421875,0.6713881019830029,0.5588914549653579,0.48414738646101096,0.0
0.09309309309309309,0.4115138592750533,0.510691823899371,0.39379754242246934,0.36658711217183776,0.5544090056285178,0.3787816843826657,0.4598597038191736,0.3617539585870889,0.7674282366725248,0.37971213159698425,0.20794824399260659,0.670353982300885,0.2788321167883212,0.36812804453723036,0.6400499064254523,0.37525562372188137,0.4843749999999999,0.2700661000944287,0.31408775981524206,0.45844044558697516,0.0
0.0940940940940941,0.7420042643923239,0.3496855345911949,0.09245172615564656,0.25441527446300727,0.8508442776735461,0.06643499591169277,0.0635229929851906,1.0,0.9742237844171059,0.40255883024902905,0.32948243992606296,0.25331858407079644,0.34197080291970794,0.43423799582463474,0.9591391141609482,0.05112474437627812,0.21354166666666652,0.1643059490084986,0.4141647421093144,0.6383890317052271,0.0
0.09509509509509509,0.7601279317697227,0.60125786163522,0.39087185488589804,0.42052505966587117,0.523217636022514,0.3994276369582994,0.33281371784879177,0.682095006090134,0.6649091974223783,0.43363034041580995,0.4958410351201483,0.3827433628318584,0.4083941605839416,0.6165622825330552,0.6054273237679353,0.3905930470347647,0.18880208333333326,0.412653446647781,0.5850654349499611,0.6889460154241646,0.0
0.0960960960960961,0.4936034115138593,0.4729559748427672,0.4517261556465768,0.3689737470167065,0.42120075046904315,0.4260016353229763,0.6091192517537021,0.5761266747868453,0.5700058582308142,0.5579163810829335,0.6321626617375233,0.418141592920354,0.5684306569343065,0.4585942936673626,0.5115408608858392,0.48364008179959095,0.5247395833333333,0.3493862134088763,0.4480369515011544,0.3761782347900601,0.0
0.0970970970970971,0.624733475479744,0.40125786163522004,0.1299005266237565,0.3040572792362769,0.7183395872420264,0.16843826655764516,0.19953234606391246,0.3422655298416565,0.849443468072642,0.4137537125885309,0.3313308687615528,0.31969026548672574,0.36478102189781025,0.44467640918580376,0.8540237055520898,0.22801635991820035,0.39322916666666663,0.03966005665722372,0.33949191685912217,0.5561268209083118,0.0
0.0980980980980981,0.5319829424307034,0.28805031446540874,0.5842598010532474,0.49642004773269693,0.29268292682926833,0.5609157808667213,0.5814497272018704,0.6504263093788063,0.4545987111892208,0.5410098240804204,0.485674676524954,0.6581858407079646,0.5817518248175182,0.42658315935977775,0.4238927011852778,0.5669734151329242,0.4596354166666665,0.41926345609065163,0.38183217859892205,0.45586975149957143,0.0
0.0990990990990991,0.2569296375266525,0.6540880503144654,0.5427150380339378,0.41431980906921245,0.3893058161350844,0.5233033524121016,0.5717069368667185,0.7137637028014616,0.4821323960164031,0.6253141421064656,0.6825323475046214,0.40376106194690264,0.6881386861313867,0.3709116214335424,0.453836556456644,0.6411042944785275,0.58984375,0.4239848914069878,0.4141647421093144,0.48500428449014554,0.0
0.10010010010010009,0.5085287846481876,0.4050314465408804,0.47308367466354584,0.3474940334128879,0.37687617260788,0.4948896156991005,0.5463756819953234,0.5931790499390985,0.6608084358523724,0.44985149645876177,0.43253234750462144,0.26880530973451333,0.39105839416058386,0.47807933194154506,0.517467248908297,0.5986707566462167,0.5208333333333333,0.48914069877242683,0.33333333333333304,0.36760925449871473,0.0
0.1011011011011011,0.52771855010661,0.34842767295597477,0.18197776477472205,0.01575178997613369,0.7415572232645404,0.1580130825838102,0.11379579111457505,0.42996345919610224,0.9953134153485647,0.608636052090473,0.48706099815157144,0.625,0.5246350364963503,0.5720250521920671,0.8861509669369931,0.18251533742331283,0.7122395833333333,0.32672332389046277,0.4565050038491143,0.8354755784061697,0.0
0.1021021021021021,0.28891257995735603,0.4327044025157232,0.6755412521942656,0.36276849642004777,0.22256097560975607,0.6823385118560916,0.8028059236165237,0.6540803897685749,0.3907439953134154,0.6385652273246516,0.721349353049908,0.2831858407079646,0.6897810218978102,0.2734864300626305,0.2757330006238303,0.7924335378323107,0.5351562499999999,0.6373937677053825,0.2956120092378751,0.25449871465295615,0.0
0.1031031031031031,0.3102345415778251,0.44654088050314455,0.7404915155061438,0.4210023866348449,0.1531425891181989,0.7555192150449714,0.7957911145752141,0.5992691839220462,0.21851200937316928,0.6641535298149417,0.682070240295749,0.418141592920354,0.6565693430656934,0.46555323590814224,0.23611977542108553,0.7361963190184048,0.16536458333333326,0.4636449480642116,0.46266358737490343,0.30077120822622094,0.0
0.1041041041041041,0.2985074626865672,0.39622641509433953,0.5427150380339378,0.37040572792362775,0.3088649155722326,0.5639820114472609,0.6180826188620419,0.2704019488428745,0.6350322202694784,0.5368974183230524,0.6007393715341962,0.25553097345132747,0.6038321167883212,0.5177453027139878,0.46537741734248295,0.6048057259713701,0.4479166666666665,0.5042492917847026,0.3464203233256349,0.4678663239074551,0.0
0.10510510510510511,0.3208955223880597,0.641509433962264,0.3543007606787594,0.5221957040572793,0.574108818011257,0.35690923957481613,0.38932190179267323,0.5505481120584653,0.6350322202694784,0.3456705506054376,0.30499075785582286,0.5497787610619469,0.38485401459853996,0.3437717466945025,0.6466001247660635,0.37985685071574626,0.8164062499999999,0.27573182247403216,0.34949961508852967,0.48414738646101096,0.0
0.1061061061061061,0.5650319829424306,0.6062893081761005,0.6421884142773551,0.38090692124105013,0.2544559099437149,0.6790678659035159,0.7396726422447388,0.2545676004872107,0.30521382542472175,0.7167009367146447,0.7379852125693165,0.5741150442477876,0.702007299270073,0.5838552540013922,0.27292576419213965,0.6947852760736195,0.0859375,0.6402266288951842,0.5042340261739797,0.4301628106255354,0.0
0.10710710710710711,0.39445628997867804,0.60125786163522,0.5962551199531887,0.42147971360381864,0.37429643527204504,0.5705233033524122,0.5822291504286827,0.633373934226553,0.5237258347978909,0.5083390450079963,0.5489833641404809,0.23783185840707965,0.5029197080291969,0.6311760612386919,0.4135995009357456,0.562883435582822,0.6249999999999999,0.5221907459867801,0.49499615088529625,0.48757497857754906,0.0
0.10810810810810811,0.5053304904051172,0.559748427672956,0.6064950263311877,0.5331742243436755,0.27556285178236395,0.6547424366312347,0.6250974279033514,0.44457978075517657,0.3919156414762742,0.5540324423120859,0.7800369685767101,0.31969026548672574,0.6952554744525548,0.5476687543493393,0.379288833437305,0.7280163599182002,0.7174479166666666,0.9726156751652504,0.46959199384141614,0.6538131962296486,0.0
0.1091091091091091,0.49893390191897663,0.740880503144654,0.4365125804564072,0.25966587112171835,0.5150093808630396,0.4531888798037613,0.47817614964925936,0.3410475030450669,0.6473345049794962,0.5124514507653645,0.37523105360443654,0.5188053097345133,0.405839416058394,0.4523312456506612,0.583593262632564,0.45194274028629844,0.12890624999999978,0.6619452313503306,0.5227097767513467,0.6580976863753213,0.0
0.11011011011011011,0.2388059701492538,0.46037735849056594,0.5342305441778816,0.47159904534606206,0.33982176360225147,0.5926001635322975,0.6180826188620419,0.6760048721071863,0.5348564733450497,0.5135937856979667,0.5231053604436231,0.42699115044247793,0.5627737226277372,0.3437717466945025,0.42358078602620086,0.6860940695296522,0.5768229166666666,0.4324834749763929,0.3679753656658966,0.33761782347900604,0.0
0.1111111111111111,0.49573560767590624,0.25408805031446535,0.42451726155646563,0.3093078758949881,0.4871013133208255,0.4051512673753066,0.3663289166017145,0.26187576126674783,0.700058582308143,0.4656157185286727,0.4547134935304995,0.543141592920354,0.43102189781021893,0.5198329853862216,0.6191515907673113,0.4115541922290388,0.3437499999999999,0.6808309726156753,0.3595073133179367,0.6281062553556126,0.0
0.11211211211211211,0.6215351812366736,0.7056603773584905,0.4566998244587477,0.445346062052506,0.4284709193245779,0.5220768601798855,0.46960249415432553,0.6187576126674786,0.5577035735207968,0.5177061914553347,0.4288354898336417,0.4502212389380531,0.5162408759124089,0.5309672929714684,0.4856519026824704,0.5270961145194273,0.3502604166666665,0.5703493862134089,0.5057736720554269,0.609254498714653,0.0
0.11311311311311312,0.46588486140724944,0.5999999999999999,0.6231714452896431,0.42386634844868737,0.38531894934333977,0.571749795584628,0.5381917381137957,0.4616321559074299,0.309900410076157,0.6518163125428376,0.7097966728280964,0.44690265486725667,0.7264598540145984,0.27905358385525414,0.4541484716157205,0.6068507157464212,0.4765624999999999,0.6761095372993391,0.3456505003849113,0.5844044558697513,0.0
0.11411411411411411,0.23454157782516,0.621383647798742,0.49970743124634276,0.5498806682577566,0.37969043151969994,0.5255519215044973,0.623148869836321,0.40925700365408046,0.5172817809021676,0.4932602238976468,0.6589648798521259,0.4834070796460177,0.5474452554744524,0.47042449547668763,0.5056144728633811,0.6513292433537832,0.36067708333333326,0.3862134088762984,0.36181678214010793,0.30505569837189384,0.0
0.11511511511511512,0.4605543710021322,0.5484276729559748,0.5775307197191337,0.5031026252983294,0.39071294559099445,0.5997547015535569,0.5923616523772406,0.3447015834348356,0.5618043350908025,0.47018505825908163,0.4279112754158967,0.6039823008849559,0.47645985401459856,0.42658315935977775,0.45508421709295077,0.5884458077709611,0.30208333333333326,0.380547686496695,0.5712086220169361,0.2690659811482433,0.0
0.11611611611611611,0.7270788912579957,0.47547169811320744,0.2574605032182562,0.524582338902148,0.5703564727954973,0.3534341782502044,0.31527669524551816,0.45797807551766134,0.7264206209724663,0.3989033584647018,0.3983364140480594,0.49557522123893805,0.4124087591240877,0.4864300626304803,0.7005614472863382,0.4274028629856851,0.43229166666666663,0.47214353163361666,0.3926096997690527,0.7823479005998285,0.0
0.11711711711711711,0.44349680170575695,0.30314465408805025,0.7012873025160913,0.443436754176611,0.21318011257035652,0.6896974652493868,0.7525331254871395,0.5091352009744214,0.4159343878148799,0.5899017591957962,0.6816081330868764,0.18805309734513287,0.6510948905109489,0.535142658315936,0.2941359950093574,0.6932515337423311,0.4908854166666665,0.41926345609065163,0.5973826020015394,0.3427592116538133,0.0
0.11811811811811812,0.3816631130063966,0.5685534591194968,0.5558806319485077,0.3770883054892602,0.32973733583489684,0.5670482420278005,0.7272018706157442,0.661388550548112,0.443468072642062,0.5967557687914097,0.5757855822550835,0.47898230088495575,0.5925182481751823,0.5810716771050801,0.4313786650031193,0.48721881390593047,0.4648437499999999,0.25118035882908407,0.6528098537336411,0.13967437874892885,0.0
0.11911911911911911,0.579957356076759,0.660377358490566,0.4727911059098886,0.4568019093078759,0.4120544090056286,0.46218315617334427,0.530397505845674,0.5468940316686968,0.5700058582308142,0.4971441626684945,0.5439001848428839,0.3738938053097346,0.5397810218978101,0.4885177453027141,0.5389893948845914,0.5199386503067484,0.5390624999999999,0.5457979225684608,0.5542725173210163,0.4635818337617822,0.0
0.12012012012012012,0.5298507462686568,0.7169811320754716,0.6565242832065534,0.4625298329355609,0.3642120075046904,0.6322567457072774,0.6266562743569757,0.5103532277710109,0.4124194493263035,0.5544893762851268,0.7407578558225512,0.20132743362831873,0.6094890510948905,0.7585247042449548,0.38615096693699313,0.6104294478527607,0.7291666666666665,0.6005665722379604,0.7482678983833717,0.5338474721508141,0.0
0.12112112112112113,0.30810234541577824,0.42264150943396217,0.4423639555295493,0.33603818615751796,0.40501876172607876,0.44358135731807047,0.5171473109898672,0.7722289890377587,0.562390158172232,0.5823623486406214,0.6645101663585955,0.293141592920354,0.618978102189781,0.3291579679888659,0.5508421709295073,0.5490797546012269,0.33723958333333326,0.4730878186968839,0.21093148575827536,0.4173093401885176,0.0
0.12212212212212212,0.6226012793176972,0.3396226415094339,0.48566413107080164,0.40859188544152747,0.4671669793621014,0.5073589533932952,0.5077942322681215,0.2935444579780755,0.5518453427065025,0.5510623714873201,0.574399260628466,0.4347345132743363,0.5614963503649635,0.5706332637439111,0.5645664379288833,0.4841513292433537,0.3945312499999999,0.4627006610009443,0.46497305619707463,0.5184233076263923,0.0
0.12312312312312312,0.3262260127931769,0.5283018867924528,0.6012287887653598,0.4305489260143199,0.3632739212007505,0.6741618969746526,0.7400623538581448,0.6857490864799025,0.42237844171060346,0.5389536212017363,0.518946395563771,0.4756637168141594,0.51514598540146,0.5448851774530272,0.38396756082345607,0.6523517382413087,0.4635416666666665,0.5901794145420208,0.7066974595842956,0.3419023136246787,0.0
0.12412412412412413,0.36780383795309174,0.4037735849056603,0.7188414277355177,0.4787589498806683,0.23616322701688552,0.7403924775143091,0.7766952455183163,0.5761266747868453,0.30345635618043343,0.5373543522960933,0.5646950092421446,0.3517699115044248,0.5779197080291971,0.4488517745302718,0.2950717404865877,0.7684049079754599,0.5716145833333333,0.6043437204910294,0.41262509622786725,0.22964867180805482,0.0
0.12512512512512514,0.5063965884861408,0.5094339622641508,0.7153306026916324,0.5198090692124105,0.3140243902439025,0.686631234668847,0.6855027279812937,0.5517661388550548,0.4663151728178091,0.5211331962531415,0.6076709796672832,0.18694690265486735,0.537956204379562,0.6513569937369521,0.36275733000623833,0.6722903885480571,0.32552083333333326,0.7884796978281399,0.7020785219399537,0.4207369323050557,0.0
0.12612612612612611,0.49573560767590624,0.27295597484276723,0.420128730251609,0.5212410501193318,0.49530956848030017,0.4317252657399837,0.35814497272018686,0.5797807551766139,0.591095489162273,0.40804203792551974,0.3438077634011094,0.41371681415929207,0.3667883211678833,0.526096033402923,0.6172800998128511,0.43404907975460116,0.4999999999999999,0.39565627950897075,0.5103926096997689,0.7197943444730076,0.0
0.12712712712712712,0.36034115138592754,0.4742138364779873,0.4760093622001169,0.2778042959427208,0.352016885553471,0.47097301717089124,0.4766173031956349,0.23507917174177834,0.49970708845928524,0.7719899474525931,0.7804990757855825,0.7079646017699115,0.7640510948905109,0.4307585247042449,0.519650655021834,0.6947852760736195,0.1640625,0.38810198300283294,0.21016166281755178,0.508140531276778,0.0
0.12812812812812813,0.6417910447761195,0.6264150943396225,0.320655354008192,0.47016706443914086,0.5595684803001877,0.33585445625511046,0.3994544037412313,0.2704019488428745,0.700058582308143,0.36737491432488,0.4011090573012943,0.5033185840707965,0.39598540145985384,0.16771050800278342,0.6824703680598878,0.5265848670756645,0.4374999999999998,0.5731822474032107,0.12317167051578126,0.700942587832048,0.0
0.12912912912912913,0.48187633262260127,0.47044025157232694,0.6410181392627268,0.366109785202864,0.2206848030018762,0.6146770237121832,0.6839438815276693,0.5298416565164433,0.4030462800234328,0.6614119259766964,0.7393715341959337,0.3738938053097346,0.7886861313868613,0.1802366040361867,0.364316905801622,0.7914110429447851,0.5260416666666665,0.5495750708215298,0.04618937644341781,0.4335904027420737,0.0
0.13013013013013014,0.5373134328358209,0.4477987421383647,0.33382094792276185,0.31551312649164676,0.606003752345216,0.3023303352412101,0.3425565081839437,0.3386114494518879,0.7240773286467487,0.5140507196710076,0.43207024029574903,0.4933628318584071,0.43667883211678826,0.4314544189283227,0.6824703680598878,0.31288343558282206,0.2109375,0.5524079320113315,0.3302540415704387,0.5981148243359039,0.0
0.13113113113113112,0.2867803837953092,0.29433962264150937,0.6278525453481567,0.5126491646778043,0.30933395872420266,0.5983237939493051,0.638347622759158,0.5578562728380024,0.5553602811950792,0.47543979894905186,0.6280036968576714,0.31194690265486735,0.5604014598540146,0.55741127348643,0.4223331253898941,0.7009202453987728,0.5403645833333333,0.5325779036827196,0.46266358737490343,0.2365038560411311,0.0
0.13213213213213212,0.5810234541577826,0.4641509433962263,0.5430076067875951,0.4176610978520287,0.3034709193245779,0.5697056418642683,0.6001558846453623,0.5797807551766139,0.4194493263034563,0.5862462874114691,0.5947319778188542,0.5752212389380531,0.6306569343065693,0.304801670146138,0.3958203368683719,0.6247443762781185,0.5963541666666666,0.5561850802644004,0.2686682063125483,0.5595544130248501,0.0
0.13313313313313313,0.2729211087420042,0.8641509433962263,0.64979520187244,0.5684964200477327,0.2987804878048781,0.6218315617334425,0.6913484021823848,0.6869671132764921,0.341534856473345,0.5697966643819968,0.729667282809612,0.545353982300885,0.6817518248175183,0.4279749478079333,0.3334373050530255,0.6871165644171778,0.4726562499999999,0.5967894239848914,0.3194765204003076,0.3453299057412168,0.0
0.13413413413413414,0.3411513859275053,0.70062893081761,0.4853715623171444,0.524582338902148,0.43316135084427776,0.5239165985282095,0.6153546375681995,0.5761266747868453,0.4803749267721148,0.46744345442083624,0.4426987060998153,0.3340707964601771,0.505109489051095,0.597773138482951,0.5077978789769184,0.59560327198364,0.5885416666666666,0.4664778092540133,0.5088529638183217,0.38646101113967435,0.0
0.13513513513513514,0.6300639658848612,0.4641509433962263,0.41105909888823855,0.22625298329355614,0.5579268292682928,0.3730580539656583,0.2747466874512856,0.5249695493300852,0.6362038664323374,0.5949280328992461,0.5226432532347507,0.6172566371681416,0.5156934306569343,0.6757132915796804,0.6300686213349969,0.2602249488752557,0.47395833333333315,0.4117091595845137,0.6096997690531176,0.754070265638389,0.0
0.13613613613613612,0.6791044776119401,0.680503144654088,0.36249268578115856,0.46205250596658715,0.6301594746716699,0.35016353229762887,0.3865939204988307,0.735688185140073,0.5957820738137082,0.3287639936029244,0.35767097966728323,0.418141592920354,0.33576642335766405,0.535142658315936,0.6378665003119153,0.2627811860940694,0.5286458333333333,0.408876298394712,0.613548883756736,0.6212510711225364,0.0
0.13713713713713713,0.6140724946695095,0.5232704402515723,0.4251023990637799,0.5689737470167064,0.43105065666041265,0.44582992641046615,0.44738893219017917,0.6967113276492083,0.5161101347393088,0.5003427004797807,0.44685767097966744,0.48783185840707965,0.4770072992700729,0.6123869171885876,0.5477230193387399,0.40132924335378317,0.18359375,0.36355051935788485,0.7105465742879136,0.4738646101113967,0.0
0.13813813813813813,0.30170575692963747,0.8352201257861634,0.5576360444704505,0.4591885441527446,0.3946998123827393,0.5600981193785772,0.671862821512081,0.830694275274056,0.46162858816637364,0.5492346355951565,0.7024029574861372,0.39712389380530977,0.6704379562043795,0.6040361864996524,0.42326887086712417,0.6201431492842535,0.6354166666666665,0.4032105760151087,0.5727482678983828,0.2956298200514137,0.0
0.13913913913913914,0.49573560767590624,0.5534591194968553,0.40374488004681086,0.4109785202863962,0.46271106941838647,0.4159852820932135,0.43219017926734193,0.5992691839220462,0.736379613356766,0.33287639936029245,0.2421441774491686,0.46128318584070804,0.2510948905109489,0.5038274182324289,0.6023081721771679,0.4841513292433537,0.2812499999999998,0.4806421152030218,0.36643571978444944,0.5278491859468722,0.0
0.14014014014014015,0.6503198294243071,0.1522012578616352,0.34581626682270317,0.5121718377088306,0.5241557223264541,0.3791905151267376,0.33710054559625857,0.5018270401948842,0.700058582308143,0.3447566826593558,0.27449168207024055,0.18915929203539827,0.2994525547445255,0.5093945720250521,0.6781035558328135,0.45296523517382403,0.3072916666666665,0.42209631728045327,0.43110084680523464,0.5818337617823478,0.0
0.14114114114114115,0.7420042643923239,0.4628930817610062,0.36424809830310134,0.2653937947494034,0.5701219512195121,0.3591578086672118,0.35736554949337473,0.4799025578562728,0.7527826596367896,0.5522047064199224,0.5457486136783738,0.4336283185840708,0.499817518248175,0.6715379262352124,0.6303805364940738,0.34304703476482623,0.3437499999999999,0.5580736543909349,0.6851424172440337,0.7420736932305055,0.0
0.14214214214214213,0.37953091684434975,0.5044025157232703,0.4198361614979518,0.2525059665871122,0.5567542213883678,0.33299264104660686,0.35385814497272006,0.32034104750304504,0.7650849443468072,0.514279186657528,0.553142329020333,0.3384955752212391,0.4895985401459855,0.6151704940848992,0.6472239550842169,0.2489775051124743,0.4596354166666665,0.80547686496695,0.5973826020015394,0.7035132819194515,0.0
0.14314314314314314,0.6663113006396588,0.46540880503144644,0.47747220596840245,0.516945107398568,0.42307692307692313,0.4879394930498775,0.43881527669524534,0.5006090133982948,0.5307557117750438,0.5343842814713273,0.619685767097967,0.44469026548672574,0.5627737226277372,0.2609603340292277,0.49563318777292587,0.5327198364008179,0.5651041666666666,0.49763928234183197,0.4018475750577366,0.5998286203941731,0.0
0.14414414414414414,0.5031982942430704,0.4289308176100628,0.28145114101813906,0.24582338902147982,0.6407129455909943,0.23385118560915785,0.3028059236165235,0.3057247259439708,0.8195664909197421,0.46355951564998854,0.38678373382624787,0.11393805309734517,0.3846715328467154,0.2623521224773837,0.7956955708047413,0.38752556237218805,0.40234375,0.46931067044381497,0.36412625096227824,0.5449871465295629,0.0
0.14514514514514515,0.5021321961620469,0.7660377358490564,0.14218841427735507,0.20811455847255378,0.7950281425891184,0.18008994276369594,0.32424006235385794,0.4409257003654079,0.9789103690685413,0.5426090929860635,0.532809611829945,0.5165929203539823,0.536131386861314,0.526096033402923,0.8689956331877728,0.3052147239263805,0.4596354166666665,0.2936732766761096,0.31408775981524206,0.5347043701799487,0.0
0.14614614614614616,0.5095948827292112,0.3836477987421383,0.43709771796372143,0.24725536992840091,0.4336303939962476,0.5032706459525758,0.4598597038191736,0.61510353227771,0.5817223198594025,0.5860178204249485,0.6594269870609986,0.2234513274336284,0.6093065693430657,0.5226165622825332,0.537117903930131,0.4979550102249488,0.6158854166666665,0.5004721435316337,0.4426481909160893,0.6058269065981149,0.0
0.14714714714714713,0.4381663113006396,0.4930817610062892,0.3188999414862492,0.25536992840095474,0.630393996247655,0.330539656582175,0.4138737334372562,0.6906211936662606,0.7270064440538956,0.5506054375142793,0.33780036968576743,0.7389380530973452,0.45474452554744516,0.5344467640918582,0.6628197130380538,0.24386503067484666,0.5403645833333333,0.5288007554296507,0.4888375673595071,0.5132819194515851,0.0
0.14814814814814814,0.8230277185501065,0.8314465408805031,0.27472205968402563,0.3804295942720764,0.6325046904315197,0.26124284546197885,0.3160561184723303,0.5724725943970768,0.8090216754540128,0.3358464701850583,0.3068391866913127,0.21792035398230103,0.290875912408759,0.4314544189283227,0.712414223331254,0.26533742331288335,0.18359375,0.6458923512747876,0.3772132409545801,0.8046272493573264,0.0
0.14914914914914915,0.33475479744136466,0.5144654088050314,0.4631363370392041,0.27684964200477324,0.5626172607879925,0.457072771872445,0.4797349961028836,0.4384896467722289,0.642647920328061,0.669865204477953,0.7513863216266177,0.3318584070796461,0.7096715328467154,0.8016701461377873,0.5898315658140987,0.34867075664621683,0.5299479166666666,0.4985835694050992,0.697459584295612,0.40616966580976854,0.0
0.15015015015015015,0.6311300639658848,0.6691823899371069,0.5933294324166178,0.5054892601431982,0.37218574108818026,0.5870809484873263,0.5401402961808262,0.6747868453105969,0.48447568834212074,0.5165638565227325,0.4958410351201483,0.4391592920353983,0.5872262773722627,0.21920668058455117,0.45601996257018107,0.8880368098159508,0.38932291666666663,0.6666666666666667,0.006928406466512271,0.6006855184233076,0.0
0.15115115115115116,0.42857142857142855,0.7484276729559747,0.42393212404915137,0.4157517899761337,0.5710600375234522,0.4446034341782503,0.47077162899454383,0.466504263093788,0.7070884592852958,0.33561800319853785,0.36552680221811507,0.10951327433628322,0.2990875912408759,0.5198329853862216,0.5879600748596383,0.3962167689161553,0.2877604166666665,0.5599622285174694,0.463433410315627,0.5424164524421594,0.0
0.15215215215215216,0.2718550106609808,0.5270440251572327,0.5394967817437095,0.4319809069212411,0.43198874296435275,0.5249386753883893,0.6024941543257987,0.4518879415347137,0.5834797891036908,0.5867032213845099,0.6441774491682073,0.459070796460177,0.5618613138686133,0.38413361169102345,0.4769182782283221,0.5848670756646215,0.3033854166666665,0.31916902738432484,0.4249422632794455,0.3127677806341044,0.0
0.15315315315315314,0.453091684434968,0.6729559748427673,0.40754827384435344,0.35131264916467786,0.50234521575985,0.4642273098937042,0.5003897116134057,0.5919610231425091,0.5887521968365553,0.48366461046378795,0.4339186691312389,0.42809734513274345,0.41167883211678835,0.5421016005567156,0.5941983780411728,0.46216768916155404,0.26302083333333326,0.28234183191690276,0.6389530408006157,0.5724078834618679,0.0
0.15415415415415415,0.511727078891258,0.7823899371069182,0.3150965476887069,0.1221957040572792,0.6135084427767357,0.28475061324611617,0.270849571317225,0.4640682095006089,0.864089045108377,0.570938999314599,0.3475046210720889,0.4491150442477877,0.5288321167883212,0.43284620737647916,0.7083593262632566,0.4130879345603271,0.7499999999999999,0.7233238904627007,0.33333333333333304,0.7737789203084832,0.0
0.15515515515515516,0.5362473347547974,0.2867924528301886,0.36688121708601495,0.45441527446300717,0.5886491557223266,0.27064595257563373,0.33164458300857347,0.489646772228989,0.6971294669009959,0.27141877998629205,0.18992606284658087,0.34734513274336287,0.19653284671532822,0.35629784272790577,0.7099189020586401,0.2714723926380367,0.12109374999999978,0.424929178470255,0.3371824480369514,0.5972579263067695,0.0
0.15615615615615616,0.2921108742004264,0.7974842767295597,0.36688121708601495,0.3579952267303103,0.6643996247654784,0.3473017170891253,0.3655494933749024,0.5809987819732033,0.7211482132396015,0.3945624857208134,0.3331792975970427,0.23561946902654884,0.3350364963503649,0.7125956854558111,0.6456643792888335,0.17229038854805734,0.40755208333333326,0.5656279508970727,0.8067744418783678,0.5449871465295629,0.0
0.15715715715715717,0.2761194029850746,0.6125786163522011,0.5860152135751902,0.30739856801909315,0.4143996247654784,0.5952575633687656,0.6157443491816055,0.4336175395858708,0.5530169888693616,0.6509024445967558,0.7273567467652498,0.27212389380530977,0.6516423357664234,0.8023660403618651,0.4516531503431067,0.5158486707566461,0.7356770833333331,0.49669499527856475,0.5204003079291764,0.45672664952870623,0.0
0.15815815815815815,0.5778251599147122,0.5660377358490566,0.500585137507314,0.38711217183770885,0.4214352720450283,0.46892886345053153,0.5241621200311768,0.3386114494518879,0.4932630345635617,0.5670550605437514,0.5217190388170059,0.5475663716814159,0.6080291970802918,0.2860125260960338,0.4544603867747974,0.523006134969325,0.7239583333333331,0.47497639282341836,0.3849114703618164,0.5398457583547559,0.0
0.15915915915915915,0.6897654584221748,0.740880503144654,0.43183148039789354,0.3727923627684965,0.5626172607879925,0.4352003270645952,0.3503507404520654,0.4360535931790499,0.7287639132981839,0.4555631711217729,0.5378927911275417,0.3418141592920355,0.439963503649635,0.47390396659707745,0.66032439176544,0.4775051124744375,0.2929687499999998,0.5675165250236073,0.40415704387990736,0.7043701799485861,0.0
0.16016016016016016,0.4754797441364606,0.5056603773584905,0.2913984786424808,0.08305489260143206,0.6064727954971858,0.27616516762060517,0.3028059236165235,0.489646772228989,0.8306971294669009,0.6787754169522504,0.6224584103512019,0.5696902654867257,0.5846715328467154,0.7752261656228256,0.7174048658764818,0.20296523517382403,0.5546874999999999,0.44948064211520306,0.8244803695150116,0.6632390745501285,0.0
0.16116116116116116,0.29637526652452023,0.6238993710691823,0.5184318314803977,0.4634844868735084,0.4803001876172608,0.48834832379394943,0.5249415432579889,0.7819732034104749,0.44522554188635033,0.5019419693854238,0.5277264325323479,0.4424778761061947,0.4479927007299269,0.6882393876130832,0.49033063006862143,0.401840490797546,0.3164062499999998,0.42587346553352223,0.785219399538106,0.32647814910025696,0.0
0.16216216216216217,0.40191897654584213,0.6301886792452829,0.47015798712697454,0.4386634844868736,0.44301125703564725,0.46300081766148815,0.5187061574434917,0.2752740560292326,0.6004686584651436,0.49074708704592185,0.4778188539741224,0.3650442477876107,0.43959854014598543,0.6506610995128743,0.5074859638178417,0.4596114519427402,0.3593749999999999,0.5977337110481586,0.7213240954580444,0.5552699228791774,0.0
0.16316316316316315,0.4456289978678038,0.44528301886792443,0.4777647747220597,0.5178997613365155,0.3954033771106942,0.5094031071136549,0.5982073265783319,0.6894031668696711,0.47685998828353815,0.3847384053004341,0.41266173752310564,0.3318584070796461,0.3941605839416058,0.39109255393180264,0.5093574547723021,0.5526584867075663,0.40494791666666663,0.2738432483474977,0.5057736720554269,0.2664952870608397,0.0
0.16416416416416416,0.5724946695095947,0.631446540880503,0.40754827384435344,0.4319809069212411,0.4889774859287055,0.41700735895339336,0.4208885424785658,0.6419001218026796,0.571177504393673,0.6504455106237149,0.6631238447319783,0.5519911504424779,0.6208029197080291,0.3458594293667363,0.5343106674984406,0.45092024539877285,0.21614583333333326,0.4098205854579793,0.3033102386451114,0.6246786632390745,0.0
0.16516516516516516,0.722814498933902,0.5874213836477987,0.3311878291398478,0.3369928400954655,0.5365853658536586,0.34443990188062146,0.41075604053000747,0.5115712545676004,0.6924428822495606,0.4512222983778844,0.3059149722735679,0.5165929203539823,0.3877737226277371,0.43910925539318013,0.6481597005614472,0.4795501022494887,0.49348958333333326,0.3087818696883853,0.23633564280215547,0.6512425021422451,0.0
0.16616616616616617,0.5895522388059702,0.6993710691823899,0.24663545933294317,0.2711217183770883,0.62687617260788,0.28331970564186437,0.2817614964925954,0.3008526187576127,0.8447568834212068,0.46470185058259084,0.3341035120147877,0.6360619469026549,0.3700729927007298,0.5643702157272097,0.7613849033063007,0.3563394683026584,0.25390625,0.25401322001888577,0.5034642032332561,0.5372750642673522,0.0
0.16716716716716717,0.5362473347547974,0.6427672955974841,0.6018139262726738,0.45823389021479716,0.2835365853658537,0.6588307440719543,0.6679657053780201,0.8392204628501827,0.4417106033977739,0.577564541923692,0.6090573012939007,0.3418141592920355,0.6616788321167884,0.3472512178148923,0.3415470991890206,0.6503067484662576,0.44270833333333315,0.41454202077431546,0.26712856043110067,0.21508140531276787,0.0
0.16816816816816815,0.511727078891258,0.6553459119496855,0.6026916325336453,0.37756563245823394,0.39610694183864914,0.5876941946034342,0.6250974279033514,0.6138855054811205,0.42062097246631514,0.639250628284213,0.86460258780037,0.2511061946902655,0.7443430656934307,0.5476687543493393,0.3948845913911416,0.6349693251533741,0.4882812499999999,0.550519357884797,0.48498845265588875,0.4207369323050557,0.0
0.16916916916916916,0.5874200426439231,0.28301886792452824,0.45084844938560553,0.4863961813842482,0.4577861163227017,0.45380212591986924,0.46180826188620405,0.28136419001218027,0.4920913884007029,0.5499200365547179,0.5517560073937158,0.27986725663716816,0.5647810218978102,0.4954766875434933,0.5605115408608858,0.523006134969325,0.3190104166666665,0.6062322946175638,0.49499615088529625,0.7506426735218509,0.0
0.17017017017017017,0.39019189765458423,0.6264150943396225,0.42890579286132224,0.39045346062052505,0.5014071294559099,0.4331561733442355,0.4314107560405298,0.7503045066991472,0.6268306971294669,0.45373543522960935,0.45702402957486177,0.3926991150442478,0.46076642335766427,0.35629784272790577,0.5711166562694947,0.481083844580777,0.5130208333333333,0.56657223796034,0.33179368745188587,0.6966580976863751,0.0
0.17117117117117117,0.5692963752665245,0.34716981132075464,0.3346986541837331,0.4267303102625299,0.6179643527204504,0.2988552739165986,0.3000779423226809,0.3264311814859927,0.8412419449326304,0.4388850811057803,0.3396487985212573,0.48561946902654873,0.38156934306569346,0.594989561586639,0.6983780411728011,0.3225971370143148,0.43489583333333326,0.32766761095373,0.4780600461893765,0.6486718080548416,0.0
0.17217217217217218,0.6801705756929637,0.7157232704402515,0.30427150380339385,0.42577565632458236,0.598733583489681,0.35363859362224037,0.3674980514419328,0.5371498172959805,0.5858230814294084,0.4854923463559515,0.4685767097966731,0.5188053097345133,0.4895985401459855,0.2755741127348643,0.6503431066749845,0.4401840490797545,0.5351562499999999,0.3597733711048159,0.2933025404157039,0.6443873179091687,0.0
0.17317317317317318,0.7526652452025584,0.4830188679245282,0.40988882387361025,0.4768496420047733,0.5452626641651033,0.4425592804578904,0.34957131722525325,0.4762484774665042,0.5694200351493849,0.46036097783870233,0.38539741219963064,0.3584070796460178,0.4266423357664233,0.47390396659707745,0.6328758577666875,0.5311860940695295,0.2578125,0.44003777148253076,0.4087759815242493,0.5938303341902312,0.0
0.17417417417417416,0.613006396588486,0.3345911949685534,0.44353423054417784,0.5775656324582339,0.46013133208255175,0.40923957481602624,0.4501169134840215,0.559074299634592,0.4915055653192736,0.43728581220013707,0.5286506469500927,0.3672566371681417,0.4773722627737227,0.1210855949895615,0.5614472863381161,0.3640081799591002,0.27083333333333326,0.2955618508026441,0.2686682063125483,0.3821765209940017,0.0
0.17517517517517517,0.5735607675906182,0.340880503144654,0.5117027501462843,0.5389021479713605,0.35365853658536583,0.5192150449713819,0.5650818394388153,0.38367844092570036,0.3907439953134154,0.575965273018049,0.6280036968576714,0.502212389380531,0.6397810218978102,0.6116910229645098,0.4619463505926389,0.44887525562372177,0.6223958333333331,0.5807365439093485,0.6866820631254809,0.44558697514995715,0.0
0.17617617617617617,0.722814498933902,0.7283018867924528,0.5851375073142189,0.5293556085918855,0.29268292682926833,0.5852412101390025,0.6297739672642244,0.4713763702801461,0.3632103104862331,0.6042951793465844,0.7324399260628469,0.5088495575221239,0.714963503649635,0.2797494780793319,0.35433562071116653,0.6661554192229038,0.4726562499999999,0.6336166194523136,0.31793687451886044,0.6049700085689801,0.0
0.17717717717717718,0.3219616204690831,0.6163522012578615,0.7118197776477471,0.5107398568019093,0.23100375234521575,0.7038021259198692,0.7977396726422448,0.4031668696711328,0.248388986526069,0.5924148960475211,0.7703327171903884,0.46902654867256643,0.6866788321167883,0.36047320807237293,0.2626325639426077,0.7842535787321062,0.4726562499999999,0.7063267233238906,0.3625866050808315,0.34704370179948574,0.0
0.1781781781781782,0.21002132196162043,1.0,0.6105909888823873,0.5384248210023866,0.4805347091932459,0.5611201962387571,0.7073265783320342,0.6869671132764921,0.3737551259519626,0.4916609549920037,0.5836414048059153,0.19579646017699126,0.522080291970803,0.5845511482254699,0.40049906425452275,0.5567484662576686,0.3710937499999999,0.44381491973559967,0.6020015396458813,0.1448157669237361,0.0
0.17917917917917917,0.5405117270788911,0.5509433962264151,0.40140433001755405,0.3570405727923628,0.5429174484052535,0.3806214227309894,0.35697583787996856,0.3008526187576127,0.6859988283538371,0.4523646333104866,0.4177449168207028,0.5630530973451328,0.42974452554744524,0.6089074460681978,0.6653150343106677,0.44836400817995903,0.6614583333333333,0.41831916902738436,0.45573518090839116,0.609254498714653,0.0
0.18018018018018017,0.7100213219616205,0.6842767295597484,0.5743124634289059,0.5541766109785203,0.3818011257035647,0.5572363041700736,0.6024941543257987,0.5554202192448234,0.2870533099004101,0.52547406899703,0.6723659889094271,0.5342920353982301,0.6036496350364964,0.39944328462073786,0.4270118527760449,0.7673824130879344,0.26432291666666674,0.37204910292728993,0.27559661277906056,0.4661525278491859,0.0
0.18118118118118118,0.6492537313432833,0.5358490566037736,0.44294909303686336,0.4028639618138425,0.49061913696060055,0.3973834832379397,0.427123928293063,0.3447015834348356,0.6051552431165789,0.47932373771989956,0.5304990757855825,0.3838495575221239,0.4892335766423357,0.49965205288796133,0.5630068621334998,0.5449897750511247,0.4908854166666665,0.5155807365439093,0.2956120092378751,0.6632390745501285,0.0
0.18218218218218218,0.5287846481876333,0.6251572327044024,0.390579286132241,0.441527446300716,0.5722326454033773,0.3385118560915781,0.4524551831644581,0.5505481120584653,0.6467486818980667,0.32807859264336303,0.42698706099815187,0.26991150442477874,0.38065693430656933,0.21294363256784976,0.6023081721771679,0.4626789366053169,0.6289062499999999,0.4627006610009443,0.2509622786759045,0.42159383033419007,0.0
0.1831831831831832,0.4456289978678038,0.6867924528301886,0.7475131655939145,0.401909307875895,0.2969043151969982,0.715249386753884,0.7829306313328135,0.3520097442143727,0.42120679554774465,0.5851039524788668,0.6432532347504625,0.47013274336283195,0.5401459854014599,0.6388308977035493,0.26512788521522146,0.6457055214723925,0.4453124999999999,0.6619452313503306,0.7151655119322553,0.44901456726649525,0.0
0.1841841841841842,0.5970149253731343,0.6452830188679245,0.4654768870684609,0.1885441527446301,0.50422138836773,0.4611610793131644,0.4415432579890879,0.7125456760048721,0.6678383128295254,0.6680374685857894,0.6492606284658042,0.4900442477876107,0.6434306569343067,0.5149617258176757,0.5205864004990644,0.4539877300613496,0.46223958333333315,0.6118980169971672,0.3402617397998462,0.5347043701799487,0.0
0.18518518518518517,0.37206823027718555,0.6427672955974841,0.5108250438853128,0.49451073985680194,0.46013133208255175,0.5284137367130011,0.5904130943102104,0.44457978075517657,0.6449912126537786,0.4089559058716016,0.3701478743068394,0.293141592920354,0.3917883211678832,0.6464857341684067,0.5056144728633811,0.5086912065439672,0.5234374999999999,0.323890462700661,0.7220939183987682,0.38646101113967435,0.0
0.18618618618618618,0.6289978678038379,0.5358490566037736,0.5895260386190753,0.3861575178997613,0.32434333958724204,0.5915780866721176,0.5841777084957132,0.5188794153471377,0.5172817809021676,0.5944710989262052,0.5443622920517563,0.5376106194690267,0.5337591240875912,0.27835768963117635,0.4107922645040547,0.6518404907975459,0.3124999999999998,0.5250236071765817,0.352578906851424,0.3941730934018851,0.0
0.1871871871871872,0.39019189765458423,0.539622641509434,0.6591574019894675,0.4763723150357996,0.28447467166979357,0.6539247751430908,0.6558846453624316,0.8501827040194885,0.2946690099589925,0.6550148503541239,0.791127541589649,0.5442477876106195,0.6970802919708029,0.6882393876130832,0.3078602620087336,0.5812883435582821,0.46223958333333315,0.6260623229461757,0.642802155504234,0.43273350471293914,0.0
0.1881881881881882,0.4690831556503198,0.2528301886792452,0.5866003510825044,0.35513126491646785,0.3065196998123828,0.6144726083401473,0.6991426344505065,0.58952496954933,0.5026362038664322,0.5554032442312086,0.5670055452865068,0.4513274336283186,0.5906934306569342,0.4968684759916493,0.3889582033686838,0.7223926380368098,0.7304687499999999,0.5741265344664779,0.4795996920708232,0.5107112253641816,0.0
0.1891891891891892,0.5223880597014925,0.5924528301886791,0.14686951433586892,0.4591885441527446,0.7117729831144466,0.14758789860997568,0.22174590802805927,0.5931790499390985,0.826596367896895,0.28284212931231434,0.2601663585951943,0.3086283185840708,0.21733576642335772,0.5003479471120391,0.825951341235184,0.2464212678936606,0.3867187499999999,0.5429650613786592,0.4418783679753653,0.6066838046272492,0.0
0.19019019019019018,0.5021321961620469,0.3886792452830188,0.521357519016969,0.3250596658711218,0.3379455909943715,0.5149223221586263,0.4731098986749802,0.5322777101096224,0.5313415348564733,0.6865432944939457,0.7130314232902035,0.7632743362831859,0.6952554744525548,0.39109255393180264,0.5009357454772303,0.6917177914110428,0.21484375,0.5051935788479698,0.4087759815242493,0.48757497857754906,0.0
0.19119119119119118,0.37953091684434975,0.6591194968553459,0.6568168519602107,0.4668257756563246,0.3208255159474672,0.6156991005723631,0.6367887763055338,0.7649208282582216,0.3895723491505566,0.5156499885766507,0.4879852125693165,0.5907079646017699,0.5167883211678832,0.5156576200417535,0.39238927011852787,0.5598159509202453,0.4713541666666665,0.6694995278564684,0.434180138568129,0.4284490145672665,0.0
0.1921921921921922,0.5287846481876333,0.3018867924528301,0.5266237565827969,0.45202863961813844,0.3175422138836773,0.5938266557645135,0.5522213561964144,0.5651644336175397,0.5284124194493262,0.4795522047064199,0.5642329020332719,0.18473451327433632,0.5501824817518248,0.5511482254697286,0.44104803493449785,0.6574642126789365,0.5703124999999999,0.49763928234183197,0.5427251732101617,0.5055698371893745,0.0
0.1931931931931932,0.6801705756929637,0.589937106918239,0.4022820362785253,0.4033412887828163,0.5673076923076925,0.38450531479967287,0.49688230709275105,0.46772228989037756,0.6971294669009959,0.4062143020333562,0.3562846580406658,0.4092920353982301,0.4016423357664234,0.5525400139178847,0.6063630692451654,0.34662576687116564,0.5846354166666666,0.34466477809254015,0.4742109314857581,0.6195372750642673,0.0
0.1941941941941942,0.579957356076759,0.6716981132075471,0.7135751901696898,0.49976133651551313,0.3196529080675423,0.6559689288634507,0.6878409976617301,0.6236297198538368,0.3919156414762742,0.5384966872286955,0.6483364140480594,0.256637168141593,0.573905109489051,0.40222686151704945,0.349344978165939,0.5424335378323107,0.5481770833333333,0.5930122757318226,0.5665896843725942,0.4104541559554412,0.0
0.19519519519519518,0.46268656716417905,0.5446540880503145,0.4101813926272675,0.4496420047732697,0.47631332082551614,0.4014717906786591,0.5097427903351517,0.8343483556638245,0.6098418277680141,0.42974640164496236,0.3502772643253238,0.3573008849557523,0.40547445255474446,0.4286708420320111,0.5598877105427325,0.4176891615541921,0.42708333333333326,0.5061378659112371,0.5473441108545032,0.5107112253641816,0.0
0.1961961961961962,0.6865671641791045,0.650314465408805,0.671445289643066,0.43150357995226735,0.3227016885553471,0.6843826655764516,0.6714731098986748,0.3191230207064555,0.38312829525483283,0.628512679917752,0.7218114602587804,0.18915929203539827,0.6998175182481752,0.5908141962421714,0.3558951965065502,0.6257668711656441,0.27864583333333326,0.5439093484419264,0.49499615088529625,0.42159383033419007,0.0
0.1971971971971972,0.4275053304904051,0.2616352201257861,0.2574605032182562,0.15417661097852042,0.5717636022514072,0.28475061324611617,0.3035853468433356,0.023142509135200995,0.8342120679554775,0.47886680374685864,0.2657116451016639,0.5376106194690267,0.368065693430657,0.4050104384133615,0.7230193387398627,0.36247443762781173,0.4596354166666665,0.21340887629839472,0.4257120862201691,0.5038560411311054,0.0
0.1981981981981982,0.49680170575692967,0.4792452830188678,0.4672322995904037,0.5264916467780429,0.5093808630393997,0.4634096484055601,0.4201091192517534,0.5018270401948842,0.5172817809021676,0.42974640164496236,0.3932532347504625,0.3672566371681417,0.417883211678832,0.5476687543493393,0.554585152838428,0.4412065439672801,0.39713541666666663,0.5061378659112371,0.5527328714395687,0.6426735218508998,0.0
0.1991991991991992,0.35287846481876334,0.5672955974842767,0.4628437682855471,0.3670644391408115,0.4990619136960601,0.45155355682747356,0.5335151987529227,0.730816077953715,0.6233157586408903,0.4578478409869774,0.3479667282809613,0.545353982300885,0.39598540145985384,0.2491301322199031,0.5748596381784157,0.5030674846625766,0.5403645833333333,0.2398489140698773,0.3194765204003076,0.3761782347900601,0.0
0.20020020020020018,0.3955223880597016,0.4591194968553458,0.470743124634289,0.4572792362768497,0.45450281425891204,0.42947669664758803,0.4996102883865938,0.39464068209500613,0.6151142355008786,0.5985835046835732,0.6326247689463957,0.5099557522123894,0.6007299270072994,0.4947807933194155,0.552401746724891,0.42024539877300615,0.4830729166666665,0.46553352219074606,0.3679753656658966,0.4738646101113967,0.0
0.2012012012012012,0.9200426439232408,0.30062893081761,0.3943826799297834,0.4090692124105012,0.41557223264540344,0.38184791496320525,0.3674980514419328,0.5688185140073082,0.6309314586994729,0.47269819511080646,0.4750462107208877,0.4424778761061947,0.4461678832116789,0.2860125260960338,0.5439800374298192,0.4662576687116563,0.3789062499999999,0.481586402266289,0.3202463433410312,0.7146529562982006,0.0
0.2022022022022022,0.6311300639658848,0.6264150943396225,0.5377413692217672,0.5441527446300716,0.4416041275797373,0.5654129190515127,0.5978176149649257,0.7941534713763703,0.47334504979496195,0.48640621430203335,0.6215341959334568,0.1902654867256638,0.510036496350365,0.7369519832985385,0.4943855271366189,0.41359918200408985,0.3749999999999999,0.6628895184135978,0.7305619707467279,0.6383890317052271,0.0
0.2032032032032032,0.291044776119403,0.6515723270440251,0.580456407255705,0.42959427207637235,0.4390243902439024,0.5233033524121016,0.5814497272018704,0.5079171741778319,0.5079086115992971,0.4503084304318026,0.43900184842883583,0.24557522123893805,0.4290145985401459,0.6590118302018095,0.45757953836556453,0.48466257668711643,0.6028645833333331,0.44664778092540136,0.5227097767513467,0.30505569837189384,0.0
0.2042042042042042,0.3816631130063966,0.6616352201257861,0.5760678759508482,0.3713603818615752,0.3377110694183866,0.5729762878168441,0.5950896336710834,0.6138855054811205,0.5237258347978909,0.5887594242631939,0.6395563770794828,0.5298672566371683,0.5875912408759125,0.6938065414057064,0.39270118527760456,0.6257668711656441,0.4596354166666665,0.5033050047214354,0.5973826020015394,0.4233076263924592,0.0
0.20520520520520522,0.3262260127931769,0.3735849056603773,0.38882387361029824,0.443436754176611,0.45825515947467177,0.43213409648405565,0.48480124707716277,0.7746650426309378,0.5043936731107205,0.5359835503769705,0.6122920517560075,0.5199115044247788,0.5706204379562043,0.5226165622825332,0.5601996257018091,0.390081799591002,0.6940104166666665,0.32766761095373,0.5827559661277903,0.40959725792630663,0.0
0.2062062062062062,0.2995735607675906,0.5484276729559748,0.5585137507314217,0.3517899761336516,0.26923076923076916,0.5948487326246934,0.5670303975058455,0.6516443361753959,0.535442296426479,0.6449623029472241,0.6686691312384474,0.48008849557522126,0.6844890510948906,0.43841336116910234,0.4270118527760449,0.7300613496932514,0.6184895833333331,0.5977337110481586,0.4503464203233256,0.543273350471294,0.0
0.2072072072072072,0.3699360341151386,0.39245283018867916,0.47396138092451734,0.46205250596658715,0.41322701688555363,0.4446034341782503,0.5249415432579889,0.5334957369062119,0.5776215582893965,0.44985149645876177,0.4279112754158967,0.5154867256637168,0.46313868613138687,0.5713291579679889,0.5165315034310667,0.49744376278118607,0.5026041666666665,0.4173748819641171,0.5804464973056196,0.3024850042844901,0.0
0.2082082082082082,0.31876332622601283,0.3396226415094339,0.5535400819192509,0.5326968973747017,0.3161350844277674,0.5451757972199511,0.5572876071706936,0.5566382460414129,0.3790275336848271,0.5487777016221156,0.5905730129390023,0.3727876106194692,0.5992700729927007,0.37508698677801,0.44198378041172814,0.6370143149284252,0.42838541666666663,0.7582625118035884,0.3849114703618164,0.6401028277634963,0.0
0.2092092092092092,0.6279317697228144,0.4440251572327043,0.44997074312463403,0.5818615751789976,0.37523452157598514,0.4779231398201145,0.5681995323460638,0.389768574908648,0.4165202108963092,0.4601325108521819,0.4681146025878007,0.299778761061947,0.5242700729927008,0.5643702157272097,0.4856519026824704,0.40797546012269936,0.5703124999999999,0.32672332389046277,0.4988452655889146,0.469580119965724,0.0
0.21021021021021022,0.591684434968017,0.41257861635220117,0.3853130485664129,0.2949880668257757,0.5422138836772983,0.35895339329517584,0.36710833982852686,0.4263093788063338,0.6121851200937317,0.6854009595613434,0.5221811460258783,0.709070796460177,0.6085766423357664,0.5991649269311066,0.6260137242669994,0.42484662576687104,0.38541666666666663,0.3229461756373938,0.5103926096997689,0.5304198800342758,0.0
0.2112112112112112,0.47654584221748403,0.5044025157232703,0.47864248098303097,0.5460620525059666,0.3686679174484052,0.4799672935404744,0.6215900233826968,0.5517661388550548,0.5002929115407145,0.42814713273931915,0.492606284658041,0.3086283185840708,0.4841240875912409,0.15657620041753662,0.48752339363693076,0.5475460122699385,0.39713541666666663,0.5533522190745988,0.25173210161662807,0.5252784918594687,0.0
0.2122122122122122,0.3582089552238806,0.22767295597484272,0.532182562902282,0.46587112171837713,0.32879924953095685,0.49836467702371223,0.47388932190179256,0.535931790499391,0.48623315758640884,0.42426319396847156,0.34842883548983394,0.3351769911504425,0.4014598540145984,0.3500347947112039,0.49781659388646315,0.5940695296523516,0.41927083333333326,0.5769593956562795,0.318706697459584,0.4275921165381319,0.0
0.2132132132132132,0.5319829424307034,0.6025157232704401,0.4619660620245756,0.4749403341288783,0.5025797373358349,0.53556827473426,0.5362431800467651,0.4141291108404386,0.6110134739308727,0.5049120402101896,0.592421441774492,0.32853982300884965,0.5587591240875913,0.32567849686847605,0.5302557704304429,0.562883435582822,0.3632812499999999,0.6118980169971672,0.3302540415704387,0.5509854327335048,0.0
0.21421421421421422,0.3667377398720683,0.5459119496855346,0.5114101813926271,0.4190930787589499,0.4303470919324577,0.48385118560915785,0.49142634450506617,0.6479902557856272,0.6145284124194493,0.38359607036783194,0.3257855822550835,0.4325221238938054,0.3965328467153284,0.24077940153096744,0.5134123518402995,0.5403885480572596,0.5169270833333333,0.4919735599622286,0.12856043110084636,0.4858611825192801,0.0
0.21521521521521522,0.7121535181236673,0.38742138364779866,0.3809245172615563,0.3054892601431981,0.5297842401500938,0.3677432542927228,0.36710833982852686,0.3118148599269184,0.6555360281195078,0.6234864062143021,0.6816081330868764,0.5210176991150444,0.634124087591241,0.6137787056367432,0.6319401122894572,0.42024539877300615,0.34505208333333326,0.5240793201133145,0.497305619707467,0.6572407883461869,0.0
0.21621621621621623,0.7356076759061831,0.3069182389937106,0.49210064365125783,0.35274463007159906,0.40619136960600377,0.5521259198691741,0.5635229929851908,0.6053593179049939,0.5782073813708258,0.4656157185286727,0.45702402957486177,0.28539823008849563,0.46295620437956186,0.4161447459986083,0.49781659388646315,0.593047034764826,0.3385416666666665,0.3852691218130312,0.5150115473441108,0.4867180805484147,0.0
0.2172172172172172,0.4978678038379531,0.5144654088050314,0.6664716208308952,0.5016706443914081,0.2816604127579738,0.6365494685200328,0.6597817614964925,0.6479902557856272,0.40831868775629754,0.6291980808773132,0.7777264325323479,0.3550884955752214,0.7239051094890512,0.4794711203897011,0.3515283842794761,0.6293456032719835,0.5442708333333333,0.6260623229461757,0.49576597382601983,0.39588688946015405,0.0
0.2182182182182182,0.2846481876332622,0.7534591194968552,0.6448215330602691,0.47398568019093085,0.4106472795497187,0.6169255928045789,0.7007014809041308,0.3824604141291108,0.3128295254833041,0.6004112405757368,0.7490757855822554,0.26327433628318586,0.6428832116788321,0.5664578983994435,0.38583905177791644,0.579243353783231,0.2109375,0.6846081208687441,0.5519630484988451,0.3213367609254497,0.0
0.21921921921921922,0.45522388059701496,0.5622641509433962,0.5327677004095961,0.552744630071599,0.43316135084427776,0.4842600163532298,0.5908028059236163,0.4616321559074299,0.4979496192149969,0.40964130683116295,0.5623844731977821,0.2654867256637169,0.4259124087591242,0.5427974947807934,0.5184029943855273,0.525562372188139,0.0,0.6270066100094429,0.4595842956120091,0.39245929734361595,0.0
0.22022022022022023,0.6204690831556503,0.5660377358490566,0.3788765359859567,0.47732696897374705,0.550187617260788,0.402289452166803,0.4466095089633668,0.41778319123020713,0.5430579964850614,0.40484350011423353,0.3465804066543443,0.6769911504424779,0.32755474452554734,0.5636743215031319,0.6051154086088584,0.34355828220858897,0.31380208333333326,0.2313503305004722,0.6920708237105464,0.4678663239074551,0.0
0.22122122122122123,0.8198294243070363,0.5044025157232703,0.36775892334698645,0.31121718377088314,0.5171200750469043,0.3771463614063779,0.32969602494154304,0.7515225334957367,0.6256590509666079,0.5814484806945396,0.5323475046210724,0.6349557522123894,0.5487226277372264,0.373695198329854,0.6341235184029943,0.4279141104294478,0.35677083333333326,0.3295561850802644,0.3364126250962274,0.5801199657240789,0.0
0.2222222222222222,0.3432835820895523,0.6176100628930816,0.4959040374488002,0.35035799522673033,0.47983114446529096,0.49121013900245303,0.5643024162120029,0.7064555420219245,0.5571177504393671,0.6250856751199452,0.7486136783733828,0.20132743362831873,0.6655109489051094,0.8148921363952679,0.5573923892701187,0.3696319018404908,0.5716145833333333,0.5675165250236073,0.7259430331023864,0.45844044558697516,0.0
0.22322322322322322,0.466950959488273,0.5723270440251572,0.6319485078993563,0.39522673031026256,0.2957317073170731,0.6067048242027802,0.6703039750584567,0.42265529841656524,0.43526654950205035,0.49280328992460587,0.4815157116451019,0.46902654867256643,0.5047445255474452,0.1210855949895615,0.4067373674360575,0.7249488752556236,0.38541666666666663,0.47214353163361666,0.23325635103926068,0.3453299057412168,0.0
0.22422422422422422,0.4594882729211088,0.6729559748427673,0.33733177296664696,0.31694510739856807,0.528142589118199,0.3607931316434998,0.49376461418550255,0.5054811205846528,0.7650849443468072,0.36120630568882794,0.2818853974122,0.27101769911504425,0.32974452554744516,0.4850382741823247,0.5948222083593264,0.4028629856850715,0.7473958333333333,0.18508026440037778,0.2902232486528096,0.4275921165381319,0.0
0.22522522522522523,0.4275053304904051,0.6943396226415094,0.379754242246928,0.5150357995226731,0.5853658536585367,0.35384300899427656,0.42907248636009343,0.6017052375152252,0.6338605741066198,0.3125428375599726,0.288817005545287,0.42809734513274345,0.28686131386861313,0.14474599860821202,0.6422333125389894,0.41462167689161544,0.24609375,0.4579792256846082,0.2871439568899148,0.41559554413024846,0.0
0.22622622622622623,0.4786780383795309,0.6050314465408804,0.4403159742539495,0.44821002386634845,0.3881332082551595,0.49121013900245303,0.6301636788776304,0.37637028014616325,0.5483304042179263,0.4854923463559515,0.41635859519408536,0.5409292035398231,0.48978102189781025,0.32567849686847605,0.44946974422956965,0.6232106339468302,0.31380208333333326,0.49763928234183197,0.38645111624326356,0.3641816623821764,0.0
0.2272272272272272,0.5660980810234542,0.5484276729559748,0.6667641895845524,0.4286396181384249,0.2239681050656661,0.7048242027800491,0.7096648480124708,0.5030450669914738,0.381956649091974,0.6502170436371945,0.7158040665434384,0.5995575221238938,0.7596715328467153,0.23660403618649983,0.31160324391765437,0.8527607361963189,0.7031249999999999,0.6997167138810199,0.2093918398768282,0.46443873179091677,0.0
0.22822822822822822,0.4200426439232409,0.6050314465408804,0.06290228203627835,0.34701670644391414,0.8067542213883678,0.10670482420278016,0.13795791114575184,0.3313032886723507,0.8488576449912125,0.3913639479095271,0.34565619223659927,0.7223451327433629,0.31094890510948914,0.6130828114126654,0.8752339363693078,0.07004089979550088,0.2799479166666665,0.2738432483474977,0.6335642802155501,0.7163667523564695,0.0
0.22922922922922923,0.3432835820895523,0.4729559748427672,0.5532475131655938,0.5875894988066825,0.34287054409005635,0.6028209321340967,0.6784879189399844,0.5931790499390985,0.3889865260691271,0.5300434087274389,0.6303142329020335,0.35951327433628333,0.5972627737226277,0.5066109951287405,0.40081097941359944,0.642126789366053,0.3906249999999999,0.32483474976392823,0.36720554272517303,0.2236503856041131,0.0
0.23023023023023023,0.39445628997867804,0.710691823899371,0.3484493856056172,0.39856801909307876,0.6397748592870545,0.3376941946034342,0.36905689789555707,0.5334957369062119,0.7275922671353251,0.3904500799634453,0.2652495378927915,0.41371681415929207,0.3425182481751825,0.4244954766875435,0.6690580162195883,0.469325153374233,0.6796874999999999,0.35033050047214354,0.29484218629715153,0.48843187660668386,0.0
0.23123123123123124,0.6353944562899787,0.7220125786163522,0.46459918080748985,0.4859188544152745,0.5234521575984992,0.44010629599345874,0.49025720966484787,0.7515225334957367,0.6561218512009371,0.4610463787982637,0.47643253234750493,0.5176991150442478,0.4335766423357663,0.6569241475295757,0.5988771054273239,0.48006134969325154,0.32942708333333326,0.3456090651558074,0.5873749037721323,0.49871465295629813,0.0
0.23223223223223222,0.5874200426439231,0.7647798742138363,0.5392042129900527,0.34272076372315047,0.4094746716697937,0.5439493049877351,0.5607950116913483,0.4945188794153471,0.5202108963093145,0.5853324194653873,0.6848428835489837,0.15376106194690276,0.6629562043795619,0.43632567849686854,0.4625701809107923,0.5506134969325153,0.47786458333333315,0.6137865911237017,0.2825250192455733,0.5681233933161952,0.0
0.23323323323323322,0.41684434968017053,0.7257861635220125,0.6805149210064363,0.5780429594272076,0.22748592870544093,0.7005314799672937,0.7665627435697582,0.4214372716199757,0.3374340949033391,0.5917294950879598,0.6608133086876158,0.47123893805309747,0.7135036496350364,0.3333333333333335,0.30598877105427325,0.8456032719836399,0.6015624999999998,0.6185080264400379,0.3210161662817548,0.170522707797772,0.0
0.23423423423423423,0.6268656716417911,0.40125786163522004,0.37946167349327076,0.47923627684964204,0.46364915572232657,0.41639411283728545,0.431800467653936,0.3568818514007308,0.5817223198594025,0.4388850811057803,0.4209796672828101,0.29646017699115046,0.42262773722627744,0.44189283228949217,0.5708047411104182,0.4105316973415132,0.3203124999999998,0.4551463644948065,0.531177829099307,0.5784061696658097,0.0
0.23523523523523523,0.4616204690831556,0.8364779874213836,0.6231714452896431,0.4171837708830549,0.35928705440900555,0.6396156991005724,0.5826188620420887,0.6784409257003654,0.4317516110134739,0.6196024674434545,0.6806839186691316,0.586283185840708,0.6636861313868614,0.5532359081419624,0.42326887086712417,0.7070552147239263,0.3320312499999999,0.39187913125590185,0.48498845265588875,0.4498714652956298,0.0
0.23623623623623624,0.2420042643923241,0.6025157232704401,0.358981860737273,0.46587112171837713,0.552063789868668,0.39493049877350783,0.431800467653936,0.8294762484774665,0.7539543057996486,0.36166323966186886,0.3470425138632165,0.13053097345132747,0.3594890510948905,0.47877522616562285,0.6444167186525267,0.45552147239263796,0.5416666666666666,0.5514636449480643,0.4580446497305619,0.4532990574121679,0.0
0.23723723723723725,0.3784648187633262,0.559748427672956,0.5921591574019895,0.42338902147971363,0.36890243902439035,0.6026165167620605,0.6488698363211223,0.53836784409257,0.3878148799062683,0.5348412154443684,0.6390942698706104,0.21128318584070804,0.5715328467153284,0.5086986778009743,0.398003742981909,0.5889570552147237,0.5924479166666666,0.3824362606232295,0.38876058506543476,0.352185089974293,0.0
0.23823823823823823,0.5437100213219614,0.5132075471698113,0.44792276184903446,0.47923627684964204,0.4596622889305815,0.45993458708094836,0.47194076383476213,0.46285018270401945,0.644405389572349,0.3527530271875714,0.31146025878003725,0.4070796460176991,0.34927007299270074,0.35560194850382754,0.5779787897691828,0.5536809815950919,0.4296875,0.47497639282341836,0.34872979214780564,0.4233076263924592,0.0
0.23923923923923923,0.4637526652452026,0.4830188679245282,0.6146869514335869,0.3995226730310263,0.2628986866791745,0.6390024529844645,0.6847233047544816,0.6004872107186358,0.43643819566490916,0.6662097326936257,0.8336414048059153,0.34402654867256643,0.7804744525547445,0.4933890048712599,0.32969432314410474,0.6354805725971369,0.4921874999999999,0.7393767705382437,0.44880677444187844,0.40017137960582694,0.0
0.24024024024024024,0.197228144989339,0.41635220125786154,0.6342890579286133,0.45823389021479716,0.20168855534709196,0.6492232215862632,0.7408417770849571,0.46041412911084034,0.4522554188635032,0.5981265707105324,0.6654343807763405,0.44690265486725667,0.6600364963503649,0.28531663187195555,0.32064878353087956,0.9115541922290387,0.6666666666666665,0.4617563739376771,0.2586605080831408,0.14567266495287046,0.0
0.24124124124124124,0.26332622601279326,0.40125786163522004,0.4821533060269163,0.5470167064439142,0.5194652908067541,0.47383483237939505,0.5284489477786436,0.42265529841656524,0.5893380199179846,0.38176833447566827,0.45702402957486177,0.3097345132743363,0.3943430656934306,0.6019485038274182,0.5726762320648784,0.4933537832310838,0.5364583333333333,0.5996222851746932,0.5334872979214778,0.4301628106255354,0.0
0.24224224224224225,0.5106609808102345,0.36226415094339615,0.29929783499122276,0.1751789976133652,0.5792682926829269,0.2845461978740802,0.26929072486360073,0.3032886723507917,0.750439367311072,0.6282842129312314,0.5683918669131243,0.4756637168141594,0.587043795620438,0.5170494084899095,0.7061759201497193,0.34560327198363994,0.5638020833333333,0.5457979225684608,0.40646651270207856,0.7506426735218509,0.0
0.24324324324324323,0.3859275053304904,0.3295597484276729,0.521357519016969,0.4071599045346062,0.40267354596622895,0.5316843826655766,0.5720966484801244,0.443361753958587,0.5582893966022261,0.44459675576879143,0.3562846580406658,0.4391592920353983,0.38120437956204367,0.7940153096729299,0.48721147847785407,0.48006134969325154,0.7278645833333331,0.26440037771482533,0.8044649730561968,0.31105398457583544,0.0
0.24424424424424424,0.43283582089552236,0.3899371069182389,0.43300175541252184,0.3579952267303103,0.39376172607879933,0.4031071136549469,0.5148090413094308,0.4080389768574909,0.6092560046865846,0.4964587617089331,0.5522181146025882,0.47013274336283195,0.5025547445255474,0.32150313152400845,0.5190268247036807,0.4739263803680981,0.4765624999999999,0.4428706326723324,0.5188606620477287,0.418166238217652,0.0
0.24524524524524524,0.7782515991471215,0.4490566037735848,0.34318314803978933,0.39809069212410503,0.5818480300187616,0.36038430089942786,0.35151987529228346,0.39707673568818513,0.6198008201523141,0.41238291066940824,0.44408502772643277,0.30530973451327437,0.393978102189781,0.3729993041057762,0.6837180286961946,0.28016359918200395,0.23828125,0.20302171860245516,0.3764434180138565,0.6315338474721509,0.0
0.24624624624624625,0.31663113006396587,0.6289308176100628,0.6544763019309539,0.40095465393794755,0.19465290806754232,0.7156582174979558,0.7634450506625097,0.43727161997563935,0.3403632103104862,0.6111491889421979,0.7292051756007396,0.2323008849557523,0.702007299270073,0.4286708420320111,0.2953836556456644,0.7515337423312882,0.48958333333333326,0.8800755429650615,0.2848344880677445,0.42587832047986296,0.0
0.24724724724724725,0.7345415778251598,0.6955974842767295,0.5640725570509069,0.3823389021479714,0.38719512195121963,0.599345870809485,0.5627435697583787,0.6065773447015833,0.5975395430579965,0.5812200137080192,0.620609981515712,0.5132743362831859,0.5855839416058395,0.6235212247738344,0.45570804741110416,0.5368098159509201,0.5664062499999999,0.7223796033994335,0.5827559661277903,0.5569837189374466,0.0
0.24824824824824826,0.915778251599147,0.631446540880503,0.4286132241076652,0.42147971360381864,0.5776266416510318,0.4188470973017171,0.35190958690568963,0.4543239951278928,0.6654950205038078,0.5259310029700708,0.5406654343807766,0.32190265486725667,0.4950729927007298,0.6624913013221994,0.604491578290705,0.40081799591002043,0.21223958333333326,0.542020774315392,0.6381832178598921,0.8226221079691515,0.0
0.24924924924924924,0.7270788912579957,0.6578616352201258,0.39847864248098297,0.13508353221957048,0.5412757973733584,0.37959934587080957,0.33710054559625857,0.3215590742996346,0.6736965436438195,0.7836417637651361,0.7463031423290205,0.39380530973451333,0.7487226277372263,0.4405010438413366,0.6278852152214598,0.4907975460122699,0.3385416666666665,0.47025495750708224,0.3756735950731329,0.7086546700942588,0.0
0.2502502502502503,0.3955223880597016,0.4037735849056603,0.5386190754827382,0.39236276849642004,0.3698405253283301,0.5347506132461162,0.5140296180826187,0.6638246041412911,0.4387814879906268,0.5590587160155358,0.6067467652495382,0.24446902654867253,0.6627737226277373,0.3054975643702158,0.44946974422956965,0.46779141104294475,0.7695312499999999,0.5070821529745043,0.43494996150885257,0.42587832047986296,0.0
0.25125125125125125,0.3923240938166312,0.5245283018867924,0.27589233469865393,0.21718377088305496,0.5738742964352721,0.3139820114472609,0.3920498830865158,0.5724725943970768,0.7984768599882835,0.4960018277358922,0.42005545286506507,0.43694690265486735,0.4182481751824818,0.4008350730688939,0.6534622582657517,0.3225971370143148,0.39192708333333326,0.4617563739376771,0.4434180138568129,0.5021422450728362,0.0
0.25225225225225223,0.5575692963752665,0.6553459119496855,0.3958455236980689,0.37852028639618146,0.5616791744840526,0.3879803761242846,0.2872174590802803,0.35079171741778314,0.7334504979496191,0.3783413296778616,0.34519408502772686,0.25553097345132747,0.3291970802919708,0.5894224077940158,0.6419213973799127,0.31952965235173814,0.24348958333333326,0.4853635505193579,0.5411855273287141,0.6178234790059983,0.0
0.25325325325325326,0.5842217484008527,0.8415094339622641,0.6258045640725569,0.4610978520286396,0.37007504690431525,0.5797219950940311,0.598986749805144,0.6760048721071863,0.3884007029876976,0.6072652501713502,0.5767097966728283,0.3484513274336284,0.6313868613138686,0.6360473208072372,0.3836556456643794,0.6487730061349691,0.4518229166666665,0.5533522190745988,0.5927636643571979,0.5724078834618679,0.0
0.25425425425425424,0.5373134328358209,0.3018867924528301,0.4262726740784084,0.46014319809069215,0.4913227016885555,0.3967702371218318,0.43219017926734193,0.3654080389768575,0.5547744581136494,0.5586017820424949,0.7592421441774495,0.40265486725663724,0.6760948905109488,0.36534446764091877,0.5935745477230194,0.48466257668711643,0.6354166666666665,0.7101038715769594,0.3271747498075439,0.7095115681233933,0.0
0.2552552552552553,0.4680170575692964,0.6767295597484276,0.4432416617905206,0.5536992840095466,0.5314258911819887,0.43213409648405565,0.43725643024162086,0.4616321559074299,0.5418863503222026,0.429061000685401,0.5517560073937158,0.27876106194690264,0.5007299270072993,0.4189283228949203,0.5614472863381161,0.4207566462167688,0.4947916666666665,0.4305949008498584,0.48729792147805995,0.4413024850042845,0.0
0.25625625625625625,0.5607675906183367,0.710691823899371,0.5544177881802221,0.5293556085918855,0.4118198874296435,0.5932134096484056,0.5798908807482461,0.515225334957369,0.3936731107205623,0.5092529129540782,0.6954713493530502,0.23008849557522137,0.5850364963503649,0.5010438413361169,0.4220212102308172,0.5848670756646215,0.59765625,0.6449480642115204,0.3772132409545801,0.6461011139674379,0.0
0.25725725725725723,0.40191897654584213,0.42138364779874204,0.5555880631948509,0.42052505966587117,0.33208255159474676,0.5584627964022895,0.5962587685113014,0.5200974421437271,0.5284124194493262,0.5876170893305918,0.6640480591497231,0.42699115044247793,0.6080291970802918,0.3291579679888659,0.4597629444791016,0.70040899795501,0.3268229166666665,0.6506137865911238,0.29946112394149305,0.365038560411311,0.0
0.25825825825825827,0.4520255863539446,0.5849056603773585,0.6939730836746636,0.40811455847255373,0.28517823639774864,0.7232215862632869,0.7544816835541697,0.7369062119366625,0.3884007029876976,0.7361206305688828,0.8923290203327177,0.48008849557522126,0.7677007299270072,0.7258176757132917,0.2532751091703058,0.5981595092024539,0.42447916666666663,0.9169027384324835,0.6343341031562737,0.6058269065981149,0.0
0.25925925925925924,0.5554371002132195,0.6276729559748426,0.6749561146869514,0.34701670644391414,0.3388836772983115,0.6831561733442355,0.6321122369446608,0.5566382460414129,0.4522554188635032,0.6705506054375143,0.7435304990757858,0.4568584070796461,0.6996350364963504,0.738343771746695,0.3169058016219588,0.6196319018404907,0.4453124999999999,0.6232294617563741,0.671285604311008,0.5124250214224507,0.0
0.2602602602602603,0.5298507462686568,0.5672955974842767,0.4643066120538326,0.3384248210023867,0.49601313320825513,0.45441537203597715,0.5483242400623538,0.31303288672350793,0.5928529584065613,0.5871601553575508,0.5887245841035125,0.5320796460176992,0.5779197080291971,0.6805845511482258,0.5283842794759828,0.4115541922290388,0.26041666666666674,0.4664778092540133,0.6043110084680521,0.46443873179091677,0.0
0.26126126126126126,0.6567164179104477,0.6402515723270439,0.4885898186073727,0.33031026252983303,0.4333958724202627,0.5476287816843828,0.5701480904130942,0.5164433617539586,0.5676625659050966,0.6234864062143021,0.6353974121996306,0.3584070796460178,0.6253649635036497,0.6659707724425887,0.48034934497816617,0.5449897750511247,0.33333333333333326,0.4475920679886686,0.6250962278675902,0.4104541559554412,0.0
0.26226226226226224,0.4562899786780384,0.6591194968553459,0.5678759508484492,0.4176610978520287,0.42307692307692313,0.5731807031888798,0.6399064692127823,0.7088915956151035,0.5705916813122437,0.44505368974183224,0.3470425138632165,0.4413716814159293,0.4111313868613138,0.3785664578983998,0.4553961322520277,0.616564417177914,0.5585937499999999,0.4853635505193579,0.3086989992301765,0.1970865467009425,0.0
0.26326326326326327,0.40618336886993595,0.5874213836477987,0.39321240491515486,0.5842482100238664,0.5384615384615385,0.45359771054783327,0.45089633671083384,0.43970767356881846,0.5260691271236085,0.3630340415809915,0.4413123844731981,0.41150442477876104,0.47791970802919703,0.36395267919276275,0.6172800998128511,0.48159509202453976,0.6145833333333331,0.27573182247403216,0.29176289453425674,0.5158526135389888,0.0
0.26426426426426425,0.5010660980810235,0.5220125786163522,0.3826799297834991,0.5274463007159904,0.6121013133208255,0.33728536385936225,0.34060795011691325,0.5054811205846528,0.6274165202108962,0.39547635366689515,0.4080406654343811,0.5342920353982301,0.36587591240875894,0.4112734864300629,0.6905801621958827,0.4534764826175869,0.25390625,0.34088762983947124,0.3448806774441877,0.48243359040274203,0.0
0.2652652652652653,0.46268656716417905,0.5924528301886791,0.47425394967817414,0.539856801909308,0.4195590994371483,0.5243254292722814,0.6297739672642244,0.876979293544458,0.520796719390744,0.4742974640164497,0.43299445471349385,0.3384955752212391,0.4636861313868612,0.46972860125260985,0.45134123518403,0.525562372188139,0.19010416666666652,0.09726156751652504,0.4087759815242493,0.14310197086546694,0.0
0.26626626626626626,0.48081023454157784,0.21006289308176096,0.299882972498537,0.5374701670644392,0.5204033771106942,0.32358953393295176,0.35697583787996856,0.44214372716199746,0.6198008201523141,0.42334932602238984,0.5101663585951943,0.44358407079646023,0.4713503649635036,0.5309672929714684,0.69276356830942,0.3870143149284253,0.6054687499999998,0.4173748819641171,0.5943033102386446,0.5826906598114824,0.0
0.26726726726726724,0.5266524520255864,0.5081761006289307,0.4198361614979518,0.39809069212410503,0.42659474671669795,0.49161896974652497,0.5775526110678098,0.4384896467722289,0.7041593438781489,0.5202193283070596,0.4385397412199634,0.3318584070796461,0.475912408759124,0.6144745998608214,0.5286961946350592,0.5056237218813905,0.3867187499999999,0.4117091595845137,0.4180138568129328,0.39931448157669236,0.0
0.2682682682682683,0.40298507462686567,0.4578616352201257,0.6395552954944412,0.5121718377088306,0.23757035647279556,0.6655764513491416,0.7498051441932969,0.37149817295980514,0.34212067955477454,0.6342243545807631,0.7259704251386323,0.09845132743362828,0.6892335766423358,0.4244954766875435,0.28165938864628814,0.7627811860940694,0.40364583333333326,0.38715769593956567,0.5011547344110849,0.2467866323907455,0.0
0.26926926926926925,0.5938166311300639,0.4729559748427672,0.12960795787009927,0.237708830548926,0.6995778611632271,0.15106295993458718,0.22525331254871372,0.5493300852618758,0.9173989455184534,0.42334932602238984,0.2721811460258783,0.42146017699115046,0.2947080291970803,0.5608907446068199,0.8518402994385528,0.14570552147239257,0.4596354166666665,0.044381491973559895,0.5188606620477287,0.48757497857754906,0.0
0.2702702702702703,0.5810234541577826,0.5937106918238992,0.698069046225863,0.42004773269689744,0.2401500938086304,0.7262878168438267,0.7537022603273578,0.2655298416565164,0.4827182190978324,0.6148046607265251,0.6857670979667287,0.3849557522123894,0.6505474452554745,0.8970076548364649,0.2616968184653774,0.5812883435582821,0.5533854166666666,0.7422096317280454,0.774441878367975,0.4995715509854327,0.0
0.27127127127127126,0.6439232409381663,0.4578616352201257,0.34142773551784655,0.4248210023866349,0.5877110694183865,0.34096484055600973,0.27786438035853434,0.5164433617539586,0.7691857059168131,0.3570938999314599,0.38539741219963064,0.23783185840707965,0.35894160583941614,0.3409881697981909,0.7245789145352464,0.44529652351738236,0.6302083333333331,0.4853635505193579,0.46882217090069256,0.7883461868037701,0.0
0.27227227227227224,0.5437100213219614,0.5861635220125786,0.38150965476887055,0.2844868735083532,0.523921200750469,0.40188062142273107,0.279812938425565,0.8026796589524969,0.7322788517867606,0.48206534155814496,0.5568391866913125,0.41150442477876104,0.46058394160583926,0.46346555323590843,0.6497192763568309,0.4478527607361962,0.40104166666666663,0.538243626062323,0.5304080061585834,0.7197943444730076,0.0
0.2732732732732733,0.9413646055437099,0.5232704402515723,0.44967817437097723,0.47732696897374705,0.46130393996247654,0.5259607522485692,0.632501948558067,0.4567600487210718,0.39308728763913303,0.5332419465387251,0.4459334565619226,0.7101769911504425,0.4479927007299269,0.4641614474599862,0.5003119151590769,0.5030674846625766,0.2968749999999998,0.352219074598678,0.5635103926096998,0.5149957155098542,0.0
0.27427427427427425,0.32729211087420046,0.4742138364779873,0.559098888238736,0.5470167064439142,0.42401500938086323,0.536181520850368,0.5471551052221355,0.45797807551766134,0.4171060339777387,0.555631711217729,0.6612754158964884,0.5221238938053098,0.6085766423357664,0.5114822546972864,0.4207735495945102,0.5424335378323107,0.5351562499999999,0.3541076487252125,0.5735180908391069,0.40359897172236503,0.0
0.2752752752752753,0.48400852878464823,0.7232704402515723,0.29578700994733764,0.3484486873508354,0.6655722326454034,0.270237121831562,0.3889321901792673,0.661388550548112,0.7164616285881663,0.4386566141192597,0.43622920517560115,0.2898230088495576,0.44744525547445235,0.28810020876826714,0.6912039925140361,0.22546012269938642,0.48567708333333326,0.31444759206798867,0.3418013856812929,0.6006855184233076,0.0
0.27627627627627627,0.2846481876332622,0.7459119496855345,0.5564657694558222,0.5198090692124105,0.4186210131332082,0.5885118560915781,0.6165237724084176,0.22533495736906212,0.47100175746924433,0.5172492574822939,0.647874306839187,0.4933628318584071,0.5994525547445255,0.3423799582463469,0.40143480973175305,0.5828220858895704,0.7486979166666665,0.7091595845136922,0.33179368745188587,0.535561268209083,0.0
0.2772772772772773,0.5085287846481876,0.5874213836477987,0.5339379754242244,0.3494033412887829,0.474906191369606,0.49039247751430914,0.5561184723304753,0.7344701583434834,0.6619800820152314,0.4697281242860407,0.42929759704251413,0.29424778761061954,0.4288321167883211,0.6263048016701465,0.5193387398627576,0.5148261758691205,0.5846354166666666,0.5278564683663834,0.5434949961508853,0.3950299914310197,0.0
0.2782782782782783,0.568230277185501,0.39748427672955966,0.6495026331187828,0.28066825775656323,0.300187617260788,0.6424775143090762,0.6570537802026499,0.46528623629719845,0.43409490333919154,0.7135023989033585,0.8146950092421446,0.4336283185840708,0.7501824817518249,0.5128740431454424,0.34435433562071127,0.6242331288343558,0.4843749999999999,0.8083097261567518,0.3772132409545801,0.5895458440445586,0.0
0.27927927927927926,0.29317697228144984,0.6264150943396225,0.430368636629608,0.49116945107398574,0.550891181988743,0.40678659035159437,0.44232268121590024,0.5968331303288671,0.6473345049794962,0.3550376970527759,0.3267097966728285,0.5641592920353983,0.3379562043795621,0.48434237995824647,0.5923268870867127,0.436605316973415,0.40625,0.6600566572237961,0.4511162432640492,0.5261353898886033,0.0
0.2802802802802803,0.4264392324093816,0.5333333333333333,0.5541252194265653,0.5713603818615751,0.38297373358348963,0.5789043336058872,0.5389711613406079,0.5517661388550548,0.3468072642062098,0.5247886680374686,0.693160813308688,0.46349557522123896,0.6151459854014598,0.5038274182324289,0.43512164691204,0.5700408997955009,0.40234375,0.5174693106704439,0.5889145496535795,0.4790059982862037,0.0
0.28128128128128127,0.6140724946695095,0.5710691823899371,0.2606787595084845,0.39045346062052505,0.62922138836773,0.27759607522485696,0.3183943881527669,0.38611449451887947,0.7387229056824837,0.5076536440484349,0.5152495378927915,0.46349557522123896,0.5074817518248176,0.4592901878914404,0.7270742358078603,0.30163599182004086,0.34505208333333326,0.5656279508970727,0.4210931485758276,0.7137960582690658,0.0
0.2822822822822823,0.3933901918976546,0.7119496855345911,0.3545933294324166,0.36467780429594276,0.6210131332082554,0.3507767784137368,0.35697583787996856,0.6833130328867235,0.7305213825424722,0.45716244002741613,0.44963031423290234,0.3993362831858407,0.4279197080291972,0.39944328462073786,0.671553337492202,0.35940695296523506,0.2578125,0.2728989612842304,0.43725943033102377,0.42930591259640105,0.0
0.2832832832832833,0.5788912579957355,0.4352201257861634,0.5260386190754827,0.5675417661097852,0.3691369606003754,0.5668438266557645,0.5475448168355415,0.6601705237515225,0.44463971880492104,0.5149645876170893,0.5767097966728283,0.46128318584070804,0.5076642335766424,0.44258872651356995,0.4628820960698692,0.6697341513292433,0.26041666666666674,0.5288007554296507,0.5550423402617395,0.6221079691516708,0.0
0.28428428428428426,0.6066098081023452,0.7345911949685534,0.3747805734347571,0.3894988066825776,0.5103189493433395,0.3785772690106297,0.40685892439594684,0.8270401948842874,0.6977152899824254,0.47886680374685864,0.46349353049907593,0.18030973451327437,0.5131386861313869,0.2734864300626305,0.6035558328134747,0.44069529652351724,0.3151041666666665,0.39660056657223797,0.16243264049268635,0.5715509854327335,0.0
0.2852852852852853,0.6311300639658848,0.47044025157232694,0.3115857226448213,0.47398568019093085,0.5792682926829269,0.3180703188879803,0.3939984411535462,0.5980511571254566,0.7264206209724663,0.3495544893762852,0.21303142329020375,0.44358407079646023,0.3253649635036495,0.2741823242867083,0.6952588895820337,0.3496932515337423,0.39322916666666663,0.0,0.26327944572748274,0.5638389031705228,0.0
0.2862862862862863,0.40938166311300633,0.621383647798742,0.5789935634874195,0.5326968973747017,0.3109756097560976,0.5758381030253474,0.676539360872954,0.4750304506699147,0.4721734036321029,0.527530271875714,0.6950092421441778,0.4424778761061947,0.6213503649635036,0.40848990953375086,0.3724266999376169,0.6666666666666666,0.5351562499999999,0.5722379603399435,0.3086989992301765,0.4550128534704371,0.0
0.2872872872872873,0.6460554371002132,0.6226415094339621,0.420128730251609,0.4606205250596659,0.4022045028142589,0.4425592804578904,0.5728760717069368,0.5225334957369062,0.5225541886350323,0.5291295407813571,0.647874306839187,0.11393805309734517,0.5788321167883212,0.5984690327070288,0.5046787273861508,0.4647239263803681,0.27864583333333326,0.3748819641170916,0.5227097767513467,0.36932305055698367,0.0
0.2882882882882883,0.7164179104477613,0.5823899371069182,0.47425394967817414,0.35465393794749406,0.48639774859287077,0.5139002452984465,0.49805144193296935,0.5834348355663823,0.6321031048623315,0.5158784555631711,0.6132162661737526,0.12721238938053103,0.5458029197080292,0.5031315240083507,0.5034310667498441,0.5623721881390591,0.5585937499999999,0.6506137865911238,0.4672825250192454,0.6709511568123393,0.0
0.28928928928928926,0.7420042643923239,0.7962264150943396,0.3756582796957284,0.3145584725536993,0.5396341463414633,0.40903515944399027,0.378799688230709,0.25091352009744217,0.7527826596367896,0.44071281699794385,0.37476894639556413,0.4070796460176991,0.38905109489051104,0.5560194850382745,0.6347473487211481,0.469325153374233,0.6249999999999999,0.6033994334277621,0.5142417244033872,0.6461011139674379,0.0
0.2902902902902903,0.4083155650319829,0.6163522012578615,0.45114101813926255,0.3842482100238664,0.4974202626641653,0.48753066230580555,0.43413873733437236,0.19732034104750307,0.6069127123608667,0.4697281242860407,0.4417744916820705,0.2842920353982301,0.4494525547445254,0.4599860821155186,0.5810979413599502,0.45092024539877285,0.4440104166666665,0.6949952785646838,0.42186297151655117,0.5235646958011996,0.0
0.2912912912912913,0.4861407249466951,0.8415094339622641,0.40579286132241066,0.34176610978520294,0.5816135084427769,0.40617334423548646,0.41777084957131705,0.5347137637028014,0.7568834212067955,0.4089559058716016,0.48105360443622946,0.22566371681415942,0.3773722627737226,0.769659011830202,0.590767311291329,0.43404907975460116,0.2929687499999998,0.6288951841359774,0.6766743648960736,0.7026563838903169,0.0
0.2922922922922923,0.6257995735607675,0.6440251572327044,0.4218841427735516,0.34510739856801914,0.5806754221388368,0.4482829108748978,0.43725643024162086,0.43970767356881846,0.5758640890451082,0.6152615946995659,0.4681146025878007,0.4811946902654868,0.5912408759124088,0.5803757828810023,0.6203992514036183,0.3732106339468302,0.5442708333333333,0.20963172804532582,0.511932255581216,0.4310197086546702,0.0
0.2932932932932933,0.48081023454157784,0.7383647798742138,0.27735517846693947,0.28878281622911706,0.6695590994371483,0.25265739983646784,0.24590802805923584,0.43970767356881846,0.8517867603983597,0.35526616403929634,0.3022181146025882,0.19358407079646023,0.3171532846715328,0.3458594293667363,0.7570180910792264,0.37269938650306744,0.5794270833333333,0.49102927289896137,0.31408775981524206,0.5912596401028277,0.0
0.29429429429429427,0.3070362473347548,0.4742138364779873,0.5219426565242831,0.44057279236276853,0.4622420262664164,0.5173753066230582,0.5572876071706936,0.3410475030450669,0.6028119507908613,0.4436828878227096,0.47319778188539785,0.43694690265486735,0.406021897810219,0.49895615866388354,0.48721147847785407,0.5383435582822085,0.3151041666666665,0.5561850802644004,0.4749807544264817,0.4053127677806342,0.0
0.2952952952952953,0.7569296375266523,0.5962264150943395,0.2805734347571678,0.3078758949880668,0.6550187617260788,0.26328699918233855,0.22720187061574393,0.45554202192448223,0.8529584065612185,0.5110806488462417,0.4417744916820705,0.5553097345132744,0.4408759124087591,0.7640918580375784,0.7704304429195259,0.23670756646216762,0.31380208333333326,0.5760151085930123,0.5288683602771358,0.8817480719794345,0.0
0.2962962962962963,0.18123667377398717,0.5735849056603773,0.5552954944411936,0.5570405727923629,0.3074577861163228,0.6154946852003271,0.696414653156664,0.5627283800243605,0.3878148799062683,0.5145076536440485,0.6552680221811462,0.3827433628318584,0.5875912408759125,0.36395267919276275,0.380536494073612,0.6497955010224947,0.4674479166666665,0.4570349386213409,0.4141647421093144,0.18594687232219365,0.0
0.2972972972972973,0.3635394456289979,0.5660377358490566,0.6512580456407255,0.4090692124105012,0.3088649155722326,0.6302125919869175,0.7400623538581448,0.8014616321559074,0.4440538957234915,0.5496915695681974,0.5970425138632165,0.38716814159292035,0.6335766423357664,0.5810716771050801,0.3490330630068621,0.5362985685071573,0.6497395833333331,0.5051935788479698,0.5173210161662816,0.16623821765209934,0.0
0.2982982982982983,0.722814498933902,0.46540880503144644,0.24253949678174358,0.49355608591885447,0.678236397748593,0.30355682747342616,0.3367108339828524,0.6942752740560292,0.7398945518453427,0.2846698652044779,0.2421441774491686,0.38053097345132747,0.21459854014598534,0.5775922059846907,0.75764192139738,0.3404907975460123,0.3515624999999999,0.311614730878187,0.6096997690531176,0.6812339331619536,0.0
0.29929929929929927,0.908315565031983,0.7534591194968552,0.24956114686951425,0.17470167064439146,0.651969981238274,0.30703188879803767,0.2895557287607169,0.3617539585870889,0.8951376684241358,0.5702535983550376,0.4403881700554533,0.6216814159292036,0.4627737226277373,0.6193458594293668,0.7283218964441673,0.3113496932515336,0.47395833333333315,0.2492917847025496,0.4996150885296382,0.8757497857754927,0.0
0.3003003003003003,0.47334754797441364,0.6125786163522011,0.2647747220596839,0.2964200477326969,0.6475140712945591,0.22690106295993484,0.3452844894777862,0.5420219244823387,0.7990626830697128,0.41832305231893985,0.24168207024029598,0.5442477876106195,0.29124087591240855,0.5546276965901185,0.7816593886462881,0.39110429447852746,0.234375,0.08120868744098203,0.4611239414934567,0.36675235646957993,0.0
0.3013013013013013,0.6545842217484008,0.6138364779874212,0.518724400234055,0.46730310262529834,0.42331144465290826,0.5024529844644317,0.579111457521434,0.5676004872107187,0.4786174575278265,0.5384966872286955,0.6862292051756012,0.23783185840707965,0.6186131386861314,0.5107863604732081,0.48128509045539625,0.6053169734151328,0.41145833333333326,0.4324834749763929,0.48729792147805995,0.3350471293916023,0.0
0.3023023023023023,0.5895522388059702,0.4628930817610062,0.5713867758923346,0.5140811455847256,0.35389305816135086,0.570318887980376,0.5678098207326576,0.6784409257003654,0.4540128881077915,0.4882339501941969,0.5665434380776344,0.459070796460177,0.5116788321167882,0.303409881697982,0.4628820960698692,0.7126789366053168,0.11979166666666652,0.6251180358829085,0.304080061585835,0.4087403598971723,0.0
0.3033033033033033,0.49680170575692967,0.4943396226415093,0.44792276184903446,0.21622911694510738,0.4910881801125704,0.48671300081766145,0.5787217459080278,0.535931790499391,0.5014645577035736,0.6778615490061686,0.6603512014787434,0.3827433628318584,0.6364963503649635,0.6360473208072372,0.5028072364316907,0.3650306748466259,0.4830729166666665,0.424929178470255,0.6166281755196303,0.37703513281919443,0.0
0.30430430430430433,0.30810234541577824,0.5333333333333333,0.3680514921006437,0.5708830548926014,0.6083489681050658,0.3540474243663123,0.3928293063133279,0.468940316686967,0.5120093731693028,0.3973040895590588,0.4574861367837342,0.31084070796460184,0.43211678832116784,0.8510786360473208,0.6101060511540861,0.2285276073619631,0.5989583333333331,0.4617563739376771,0.8298691301000767,0.6178234790059983,0.0
0.3053053053053053,0.5063965884861408,0.5987421383647797,0.3978935049736687,0.598090692124105,0.5478424015009382,0.4433769419460345,0.40763834762275897,0.14738124238733252,0.48506151142355003,0.405071967100754,0.6099815157116455,0.12168141592920356,0.5052919708029195,0.4578983994432848,0.6269494697442297,0.5633946830265847,0.6041666666666665,0.591123701605288,0.47190146266358735,0.5792630676949441,0.0
0.3063063063063063,0.44776119402985076,0.6817610062893081,0.4344645991808074,0.39474940334128883,0.5401031894934334,0.47097301717089124,0.5116913484021823,0.38367844092570036,0.5998828353837139,0.5270733379026731,0.4445471349353052,0.5353982300884956,0.49708029197080283,0.5323590814196244,0.5315034310667499,0.5296523517382412,0.42317708333333326,0.3739376770538244,0.47113163972286376,0.4661525278491859,0.0
0.3073073073073073,0.6961620469083154,0.6641509433962264,0.2911059098888238,0.3479713603818616,0.6031894934333959,0.29415372035977105,0.35502727981293813,0.638246041412911,0.6526069127123609,0.5595156499885767,0.45933456561922403,0.5696902654867257,0.5040145985401461,0.5059151009046627,0.6559575795383656,0.314928425357873,0.12239583333333326,0.21907459867799817,0.3849114703618164,0.45244215938303334,0.0
0.3083083083083083,0.732409381663113,0.579874213836478,0.25687536571094216,0.27446300715990457,0.601547842401501,0.27105478331970567,0.2572096648480122,0.5883069427527404,0.766256590509666,0.44619602467443464,0.370609981515712,0.44358407079646023,0.38740875912408756,0.3465553235908141,0.74142233312539,0.34662576687116564,0.38932291666666663,0.2917847025495751,0.2725173210161662,0.6855184233076262,0.0
0.30930930930930933,0.314498933901919,0.9257861635220125,0.4561146869514334,0.5288782816229117,0.5494840525328331,0.42702371218315616,0.49610288386593915,0.5481120584652862,0.6473345049794962,0.3602924377427461,0.30452865064695045,0.7002212389380531,0.34306569343065685,0.35351426583159373,0.5776668746101059,0.5224948875255623,0.44661458333333315,0.27856468366383386,0.39953810623556585,0.35989717223650375,0.0
0.3103103103103103,0.3816631130063966,0.35220125786163514,0.4622586307782328,0.528400954653938,0.4882739212007505,0.4762878168438267,0.5233826968043647,0.4165651644336176,0.6239015817223198,0.41512451450765364,0.44316081330868773,0.1415929203539823,0.4529197080291971,0.3465553235908141,0.5499064254522772,0.506646216768916,0.4674479166666665,0.5457979225684608,0.31485758275596565,0.4790059982862037,0.0
0.3113113113113113,0.6673773987206824,0.38742138364779866,0.43183148039789354,0.16515513126491654,0.5046904315196998,0.43765331152902687,0.4368667186282149,0.43483556638246035,0.6818980667838311,0.6630111948823395,0.6035120147874311,0.5696902654867257,0.6222627737226277,0.7327766179540713,0.6010605115408609,0.41820040899795496,0.6953124999999999,0.4164305949008499,0.6543494996150883,0.5569837189374466,0.0
0.3123123123123123,0.7398720682302771,0.3798742138364779,0.23259215915740183,0.27684964200477324,0.6137429643527204,0.2890433360588718,0.270849571317225,0.44457978075517657,0.899824253075571,0.44391135480923005,0.39648798521256956,0.5243362831858407,0.4122262773722627,0.5421016005567156,0.7747972551466002,0.25613496932515334,0.6770833333333333,0.141643059490085,0.6374133949191685,0.7566409597257925,0.0
0.3133133133133133,0.47334754797441364,0.5094339622641508,0.4651843183148039,0.48926014319809075,0.39610694183864914,0.49897792313982015,0.5650818394388153,0.3422655298416565,0.5395430579964849,0.5453506968243089,0.5536044362292056,0.3761061946902655,0.6208029197080291,0.2992345163535144,0.4681846537741734,0.6129856850715746,0.6523437499999999,0.2407932011331445,0.17705927636643537,0.4498714652956298,0.0
0.31431431431431434,0.6279317697228144,0.5999999999999999,0.3926272674078408,0.32171837708830553,0.5196998123827392,0.40208503679476704,0.5284489477786436,0.7466504263093787,0.7779730521382543,0.405071967100754,0.38632162661737546,0.18694690265486735,0.3689781021897809,0.39735560194850406,0.607922645040549,0.4749488752556237,0.15885416666666652,0.25118035882908407,0.3541185527328712,0.34361610968294765,0.0
0.3153153153153153,0.3933901918976546,0.8364779874213836,0.6571094207138677,0.44105011933174226,0.3067542213883677,0.6459525756336877,0.6118472330475446,0.3617539585870889,0.5079086115992971,0.5771076079506512,0.6289279112754163,0.5730088495575222,0.6673357664233576,0.364648573416841,0.349344978165939,0.7377300613496932,0.5559895833333333,0.6723323890462701,0.20477290223248623,0.49871465295629813,0.0
0.3163163163163163,0.5053304904051172,0.850314465408805,0.5140433001755411,0.3446300715990454,0.3792213883677298,0.5325020441537205,0.5763834762275915,0.3629719853836785,0.40890451083772683,0.6127484578478409,0.6067467652495382,0.45353982300884965,0.6372262773722627,0.2971468336812806,0.4441671865252652,0.6058282208588956,0.33333333333333326,0.18885741265344663,0.1693610469591995,0.3761782347900601,0.0
0.3173173173173173,0.46268656716417905,0.670440251572327,0.5555880631948509,0.4505966587112172,0.4333958724202627,0.544766966475879,0.6738113795791114,0.6918392204628502,0.4827182190978324,0.5263879369431118,0.580406654343808,0.39601769911504425,0.5461678832116788,0.7613082811412668,0.4429195258889582,0.5127811860940694,0.30598958333333326,0.1643059490084986,0.7467282525019245,0.249357326478149,0.0
0.3183183183183183,0.2867803837953092,0.2163522012578616,0.4505558806319485,0.3656324582338903,0.37007504690431525,0.464022894521668,0.5276695245518315,0.7040194884287454,0.6572934973637962,0.41786611834589904,0.43900184842883583,0.24004424778761058,0.41167883211678835,0.3771746694502438,0.4831565814098564,0.6589979550102248,0.6484374999999999,0.5136921624173749,0.33564280215550424,0.4892887746358182,0.0
0.31931931931931934,0.49893390191897663,0.42641509433962255,0.599473376243417,0.4066825775656325,0.36350844277673555,0.5570318887980377,0.5506625097427902,0.5213154689403167,0.5096660808435852,0.5298149417409184,0.48659889094269904,0.44469026548672574,0.4791970802919707,0.5768963117606125,0.4357454772301934,0.46012269938650296,0.2109375,0.821529745042493,0.45265588914549637,0.5021422450728362,0.0
0.3203203203203203,0.6567164179104477,0.6452830188679245,0.36571094207138666,0.4644391408114559,0.5626172607879925,0.4217089125102209,0.4403741231488696,0.489646772228989,0.6555360281195078,0.4055289010737948,0.3133086876155271,0.6039823008849559,0.3607664233576642,0.5107863604732081,0.6035558328134747,0.44529652351738236,0.48177083333333315,0.3484419263456091,0.4911470361816779,0.5338474721508141,0.0
0.3213213213213213,0.47014925373134325,0.4150943396226414,0.3586892919836162,0.4486873508353222,0.5295497185741087,0.4008585445625512,0.4614185502727981,0.6918392204628502,0.612770943175161,0.35572309801233715,0.4117375231053608,0.17920353982300896,0.4034671532846714,0.5469728601252615,0.6160324391765439,0.3767893660531696,0.6783854166666665,0.6270066100094429,0.5958429561200922,0.6392459297343615,0.0
0.32232232232232233,0.6002132196162044,0.7446540880503144,0.259508484493856,0.4071599045346062,0.6573639774859288,0.2610384300899429,0.25565081839438797,0.16077953714981735,0.7439953134153486,0.46675805346127486,0.41589648798521295,0.33738938053097356,0.45985401459854014,0.6235212247738344,0.7354959451029319,0.3093047034764824,0.6302083333333331,0.5391879131255902,0.5011547344110849,0.7934875749785774,0.0
0.3233233233233233,0.4466950959488272,0.6968553459119496,0.4926857811585721,0.564200477326969,0.47326454033771115,0.5014309076042518,0.5572876071706936,0.489646772228989,0.4944346807264207,0.4882339501941969,0.6506469500924217,0.12278761061946908,0.595985401459854,0.4906054279749483,0.48159700561447294,0.5056237218813905,0.5442708333333333,0.5004721435316337,0.46189376443417984,0.2819194515852612,0.0
0.32432432432432434,0.33049040511727085,0.4981132075471697,0.4189584552369805,0.44057279236276853,0.5351782363977486,0.402289452166803,0.41426344505066237,0.3958587088915956,0.5817223198594025,0.37856979666438195,0.29436229205175635,0.30530973451327437,0.3728102189781022,0.2205984690327072,0.6051154086088584,0.49488752556237214,0.4908854166666665,0.4022662889518414,0.21555042340261688,0.4481576692373609,0.0
0.3253253253253253,0.6375266524520256,0.4729559748427672,0.27062609713282604,0.3389021479713605,0.624296435272045,0.2802534750613246,0.3012470771628992,0.6467722289890377,0.8014059753954307,0.4338588074023304,0.34149722735674715,0.4004424778761062,0.3879562043795619,0.4488517745302718,0.727386150966937,0.31748466257668695,0.57421875,0.39754485363550524,0.4819091608929944,0.744644387317909,0.0
0.3263263263263263,0.2995735607675906,0.7270440251572327,0.6541837331772966,0.4634844868735084,0.25469043151969983,0.6486099754701553,0.7817614964925954,0.6248477466504262,0.3895723491505566,0.538268220242175,0.7906654343807766,0.3174778761061947,0.6120437956204379,0.4565066109951288,0.29569557080474107,0.6768916155419222,0.43489583333333326,0.6638338054768651,0.43571978444957615,0.3393316195372752,0.0
0.32732732732732733,0.4541577825159914,0.5283018867924528,0.5061439438267992,0.46634844868735087,0.3714821763602252,0.535977105478332,0.5869056897895557,0.638246041412911,0.4516695957820739,0.4786383367603382,0.5494454713493535,0.39712389380530977,0.5052919708029195,0.5330549756437026,0.44167186525265123,0.48466257668711643,0.5416666666666666,0.4636449480642116,0.5527328714395687,0.5535561268209083,0.0
0.3283283283283283,0.14285714285714285,0.3559748427672955,0.5930368636629608,0.4978520286396182,0.3109756097560976,0.5727718724448079,0.6621200311769289,0.4738124238733251,0.4124194493263035,0.5789353438428148,0.619685767097967,0.3738938053097346,0.6757299270072993,0.2922755741127352,0.42732376793512183,0.7213701431492842,0.8046874999999999,0.39754485363550524,0.3310238645111623,0.2887746358183375,0.0
0.32932932932932935,0.39445628997867804,0.16352201257861632,0.5552954944411936,0.4591885441527446,0.28447467166979357,0.5572363041700736,0.5935307872174589,0.6894031668696711,0.5389572349150556,0.503084304318026,0.4824399260628469,0.5984513274336284,0.5414233576642336,0.2999304105775926,0.39457267623206493,0.5603271983640081,0.6354166666666665,0.6203966005665723,0.3918398768283291,0.43958868894601555,0.0
0.3303303303303303,0.8091684434968016,0.4842767295597483,0.4251023990637799,0.5064439140811456,0.5178236397748592,0.41496320523303365,0.4645362431800466,0.46772228989037756,0.6080843585237258,0.4404843500114233,0.4630314232902035,0.3495575221238939,0.4397810218978102,0.7077244258872653,0.5901434809731754,0.45296523517382403,0.4960937499999999,0.437204910292729,0.8067744418783678,0.6872322193658954,0.0
0.3313313313313313,0.4573560767590618,0.650314465408805,0.4043300175541251,0.4596658711217184,0.4903846153846154,0.4251839738348324,0.5116913484021823,0.638246041412911,0.5864089045108377,0.3669179803518392,0.3461182994454717,0.5033185840707965,0.34671532846715314,0.22616562282533081,0.5676855895196506,0.5260736196319017,0.32161458333333326,0.6836638338054769,0.40415704387990736,0.6383890317052271,0.0
0.33233233233233234,0.4904051172707889,0.5081761006289307,0.4286132241076652,0.5035799522673031,0.4685741088180113,0.4511447260834016,0.5366328916601715,0.5054811205846528,0.690099589923843,0.44779529358007764,0.5337338262476898,0.6460176991150444,0.4552919708029197,0.8114126652748785,0.5159076731129133,0.48057259713701417,0.5273437499999999,0.5457979225684608,0.7806004618937641,0.5218508997429304,0.0
0.3333333333333333,0.48933901918976547,0.6402515723270439,0.5787009947337622,0.41957040572792365,0.42237335834896816,0.5511038430089943,0.5284489477786436,0.38367844092570036,0.5758640890451082,0.5138222526844871,0.7195009242144181,0.1902654867256638,0.5813868613138686,0.48225469728601267,0.4544603867747974,0.5603271983640081,0.48567708333333326,0.538243626062323,0.45342571208621996,0.44901456726649525,0.0
0.33433433433433435,0.24307036247334762,0.4779874213836477,0.6173200702165007,0.3694510739856802,0.38954033771106955,0.6118152085036794,0.6480904130943099,0.42021924482338613,0.4551845342706501,0.5878455563171121,0.6409426987061002,0.38606194690265483,0.5375912408759125,0.6471816283924845,0.42358078602620086,0.44069529652351724,0.17447916666666652,0.33899905571293676,0.6820631254811393,0.27506426735218503,0.0
0.3353353353353353,0.5927505330490404,0.4729559748427672,0.46811000585137497,0.33031026252983303,0.4371482176360224,0.46668029435813585,0.4602494154325798,0.35566382460414125,0.588166373755126,0.5334704135252456,0.4547134935304995,0.16924778761061954,0.5611313868613139,0.46276965901183065,0.5065502183406114,0.6083844580777095,0.6718749999999999,0.554296506137866,0.37336412625096216,0.5467009425878321,0.0
0.3363363363363363,0.5383795309168442,0.6830188679245283,0.4265652428320652,0.35226730310262533,0.42331144465290826,0.5014309076042518,0.5054559625876851,0.18026796589524968,0.5389572349150556,0.5985835046835732,0.5337338262476898,0.48893805309734517,0.5447080291970803,0.47042449547668763,0.5230817217716781,0.5925357873210633,0.1015625,0.4296506137865912,0.5127020785219396,0.6058269065981149,0.0
0.33733733733733734,0.5149253731343284,0.6716981132075471,0.33206553540081907,0.38711217183770885,0.6203095684803004,0.3411692559280459,0.38035853468433345,0.7710109622411692,0.6403046280023433,0.5638565227324651,0.5134011090573016,0.4347345132743363,0.5111313868613139,0.778705636743215,0.6961946350592638,0.352760736196319,0.3151041666666665,0.06043437204910296,0.5550423402617395,0.4447300771208226,0.0
0.3383383383383383,0.6417910447761195,0.6427672955974841,0.44470450555880614,0.3031026252983293,0.5009380863039399,0.4482829108748978,0.4041309431021043,0.5286236297198538,0.596953719976567,0.6250856751199452,0.6635859519408507,0.48561946902654873,0.6726277372262773,0.6450939457202507,0.6069868995633187,0.5572597137014315,0.3437499999999999,0.6033994334277621,0.4757505773672053,0.6169665809768637,0.0
0.33933933933933935,0.6791044776119401,0.6754716981132075,0.5257460503218254,0.23866348448687347,0.39845215759849917,0.5157399836467704,0.5448168355416991,0.6711327649208282,0.6115992970123022,0.5839616175462645,0.5217190388170059,0.35951327433628333,0.5490875912408759,0.5720250521920671,0.49750467872738624,0.5920245398773005,0.6731770833333333,0.4296506137865912,0.4364896073903002,0.3916023993144816,0.0
0.34034034034034033,0.7569296375266523,0.5383647798742138,0.5239906377998829,0.4921241050119332,0.4139305816135086,0.5441537203597713,0.4918160561184721,0.412911084043849,0.39953134153485637,0.5501485035412382,0.5850277264325328,0.5077433628318584,0.5162408759124089,0.6416144745998609,0.47910168434185896,0.4821063394683026,0.40885416666666663,0.6808309726156753,0.7829099307159351,0.7712082262210797,0.0
0.34134134134134136,0.7430703624733475,0.42264150943396217,0.43534230544177865,0.24009546539379478,0.525797373358349,0.447056418642682,0.4017926734216679,0.389768574908648,0.5998828353837139,0.5672835275302719,0.5415896487985215,0.5088495575221239,0.5370437956204379,0.5935977731384829,0.5898315658140987,0.5020449897750511,0.18359375,0.6383380547686497,0.5026943802925325,0.8037703513281919,0.0
0.34234234234234234,0.2420042643923241,0.26792452830188673,0.5909888823873608,0.4768496420047733,0.18222326454033766,0.6416598528209321,0.7209664848012469,0.6772228989037758,0.34270650263620384,0.7251542152159013,0.8562846580406658,0.415929203539823,0.835948905109489,0.4982602644398053,0.36213349968808495,0.7213701431492842,0.44270833333333315,0.5250236071765817,0.41339491916859084,0.2956298200514137,0.0
0.3433433433433433,0.4371002132196162,0.5672955974842767,0.538033937975424,0.11217183770883055,0.4892120075046904,0.5230989370400654,0.5120810600155883,0.6041412911084043,0.586994727592267,0.803061457619374,0.784195933456562,0.7477876106194691,0.7766423357664234,0.5421016005567156,0.5368059887710543,0.4708588957055214,0.5338541666666666,0.5533522190745988,0.5057736720554269,0.4113110539845758,0.0
0.34434434434434436,0.3624733475479744,0.940880503144654,0.5725570509069631,0.3894988066825776,0.4795966228893058,0.500204415372036,0.5787217459080278,0.35566382460414125,0.47393087287639124,0.49623029472241265,0.5013863216266177,0.3926991150442478,0.4963503649635037,0.5929018789144052,0.4463505926388025,0.44427402862985677,0.6210937499999999,0.5457979225684608,0.74364896073903,0.4858611825192801,0.0
0.34534534534534533,0.6140724946695095,0.8100628930817609,0.38238736102984183,0.5279236276849641,0.6043621013133209,0.41107931316435,0.4477786438035851,0.23142509135200978,0.6736965436438195,0.34155814484806946,0.485674676524954,0.13495575221238942,0.44543795620437954,0.1774530271398751,0.6525265127885216,0.541922290388548,0.48567708333333326,0.4390934844192635,0.19476520400307917,0.5012853470437016,0.0
0.34634634634634637,0.45522388059701496,0.6981132075471698,0.4546518431831479,0.5479713603818617,0.49718574108818014,0.493049877350777,0.5471551052221355,0.5773447015834349,0.5694200351493849,0.4169522503998172,0.4473197781885401,0.28871681415929207,0.4100364963503649,0.45093945720250517,0.5474111041796632,0.593047034764826,0.30598958333333326,0.42304060434372054,0.35719784449576597,0.48500428449014554,0.0
0.34734734734734735,0.7260127931769722,0.27924528301886786,0.3595669982445875,0.44009546539379474,0.551594746716698,0.32358953393295176,0.2907248636009352,0.5298416565164433,0.6883421206795547,0.46310258167694773,0.39279112754158985,0.6426991150442478,0.41423357664233573,0.686151704940849,0.6746724890829694,0.4003067484662576,0.18098958333333326,0.31916902738432484,0.6143187066974596,0.6580976863753213,0.0
0.3483483483483483,0.38699360341151395,0.5257861635220126,0.3028086600351083,0.49307875894988074,0.6618198874296435,0.2910874897792315,0.43413873733437236,0.5274056029232643,0.7551259519625072,0.3321909984007311,0.25831792975970447,0.6283185840707965,0.27354014598540144,0.5734168406402227,0.6990018714909545,0.37985685071574626,0.47395833333333315,0.047214353163361644,0.4996150885296382,0.3316195372750642,0.0
0.34934934934934936,0.29744136460554366,0.7459119496855345,0.29959040374488,0.4610978520286396,0.6402439024390245,0.35506950122649217,0.4014029618082615,0.17052375152253346,0.7293497363796132,0.34658441855151934,0.303142329020333,0.36836283185840724,0.3217153284671532,0.47042449547668763,0.6840299438552713,0.3144171779141103,0.4947916666666665,0.3314447592067989,0.482678983833718,0.509854327335047,0.0
0.35035035035035034,0.29744136460554366,0.5471698113207547,0.4979520187244002,0.3751789976133652,0.4596622889305815,0.4613654946852004,0.5537802026500387,0.6626065773447015,0.5524311657879318,0.4475668265935573,0.43576709796672874,0.588495575221239,0.43941605839416065,0.28044537230341016,0.533686837180287,0.5690184049079754,0.6601562499999999,0.5646836638338055,0.3225558121632024,0.44301628106255364,0.0
0.35135135135135137,0.41364605543710015,0.5031446540880502,0.5043885313048564,0.4014319809069213,0.4849906191369606,0.45523303352412103,0.544427123928293,0.5907429963459195,0.6549502050380785,0.4697281242860407,0.4172828096118304,0.39380530973451333,0.47755474452554725,0.514265831593598,0.5062383031815345,0.32515337423312873,0.5651041666666666,0.6883852691218131,0.6050808314087757,0.48157669237360745,0.0
0.35235235235235235,0.42110874200426435,0.6050314465408804,0.6442363955529549,0.6042959427207637,0.32997185741088186,0.6199918233851187,0.6461418550272797,0.42265529841656524,0.34563561804335097,0.5787068768562943,0.7463031423290205,0.32079646017699126,0.6301094890510949,0.5873347251217815,0.3877105427323768,0.5981595092024539,0.30989583333333326,0.768649669499528,0.5912240184757502,0.4147386461011139,0.0
0.3533533533533533,0.26226012793176984,0.4276729559748427,0.46693973083674667,0.5341288782816229,0.4357410881801127,0.4764922322158627,0.5568978955572874,0.43727161997563935,0.6285881663737553,0.4811514736120631,0.35212569316081366,0.46902654867256643,0.4576642335766423,0.46903270702853206,0.5280723643169059,0.5347648261758691,0.5026041666666665,0.1935788479697828,0.48652809853733636,0.30505569837189384,0.0
0.35435435435435436,0.15778251599147114,0.5710691823899371,0.6094207138677588,0.4338902147971361,0.372889305816135,0.5784955028618153,0.7400623538581448,0.6175395858708891,0.6250732278851786,0.4599040438656615,0.5790203327171906,0.4236725663716815,0.501824817518248,0.5267919276270008,0.4164067373674363,0.5986707566462167,0.6028645833333331,0.42020774315391884,0.44649730561970724,0.2399314481576692,0.0
0.35535535535535534,0.5660980810234542,0.5094339622641508,0.3911644236395553,0.40238663484486875,0.5410412757973735,0.34587080948487325,0.36477007014809026,0.38124238733252136,0.5243116578793204,0.5327850125656843,0.5355822550831797,0.46128318584070804,0.5472627737226277,0.5581071677105083,0.6269494697442297,0.37627811860940685,0.5481770833333333,0.7544853635505194,0.5627405696689758,0.6143958868894602,0.0
0.3563563563563564,0.4381663113006396,0.29308176100628924,0.2542422469280279,0.028162291169451126,0.6491557223264541,0.24754701553556835,0.25175370226032734,0.28989037758830694,0.7398945518453427,0.7151016678090016,0.510628465804067,0.6393805309734514,0.5910583941605838,0.5170494084899095,0.7685589519650655,0.33793456032719815,0.5989583333333331,0.39187913125590185,0.45419553502694354,0.6640959725792631,0.0
0.35735735735735735,0.4904051172707889,0.5622641509433962,0.16120538326506728,0.4171837708830549,0.7643058161350846,0.16557645134914156,0.14341387373343695,0.5030450669914738,0.926772114821324,0.2716472469728125,0.1705175600739377,0.23008849557522137,0.22025547445255467,0.45302713987473897,0.881784154709919,0.2239263803680982,0.4401041666666665,0.2946175637393768,0.2709776751347186,0.5946872322193658,0.0
0.35835835835835833,0.5021321961620469,0.7283018867924528,0.5406670567583383,0.47207637231503585,0.42401500938086323,0.5316843826655766,0.6258768511301636,0.4238733252131547,0.46397188049209126,0.5021704363719443,0.5351201478743073,0.545353982300885,0.555109489051095,0.43006263048016713,0.4295071740486589,0.5291411042944784,0.6171874999999999,0.695939565627951,0.5211701308698999,0.48843187660668386,0.0
0.35935935935935936,0.6982942430703625,0.4327044025157232,0.4745465184318314,0.4649164677804296,0.5175891181988745,0.4523712183156172,0.43764614185502726,0.6650426309378806,0.550673696543644,0.339273474982865,0.36506469500924266,0.35951327433628333,0.2921532846715327,0.5295755045233124,0.5951341235184029,0.45756646216768915,0.21614583333333326,0.5023607176581681,0.5173210161662816,0.5184233076263923,0.0
0.36036036036036034,0.7302771855010661,0.4528301886792452,0.2723815096547688,0.40859188544152747,0.6606472795497187,0.2549059689288635,0.28409976617303156,0.445797807551766,0.7797305213825426,0.3799405985835047,0.32809611829944574,0.34734513274336287,0.3355839416058395,0.3583855254001391,0.7557704304429196,0.28578732106339455,0.4401041666666665,0.534466477809254,0.3556581986143188,0.8114824335904026,0.0
0.3613613613613614,0.39445628997867804,0.3798742138364779,0.7223522527794031,0.609546539379475,0.1674484052532833,0.7489779231398201,0.8219017926734216,0.5992691839220462,0.2478031634446397,0.6042951793465844,0.6940850277264328,0.459070796460177,0.6596715328467153,0.38413361169102345,0.30630068621334994,0.9187116564417176,0.3463541666666665,0.2700661000944287,0.3533487297921476,0.09254498714652948,0.0
0.36236236236236236,0.3710021321961621,0.40628930817610054,0.607372732592159,0.40429594272076375,0.3597560975609757,0.6099754701553557,0.5588464536243178,0.4482338611449451,0.5647334504979497,0.4715558601782043,0.41219963031423323,0.5033185840707965,0.4359489051094889,0.5121781489213642,0.42545227698066146,0.5501022494887525,0.7213541666666665,0.6723323890462701,0.6204772902232487,0.5364181662382176,0.0
0.36336336336336333,0.5213219616204692,0.7685534591194967,0.4125219426565243,0.27684964200477324,0.527439024390244,0.3922730989370402,0.43842556508183916,0.5322777101096224,0.7492677211482132,0.5544893762851268,0.572088724584104,0.4236725663716815,0.5186131386861315,0.757828810020877,0.6085464753587024,0.47699386503067476,0.40104166666666663,0.5807365439093485,0.6066204772902228,0.6281062553556126,0.0
0.36436436436436437,0.6162046908315564,0.4943396226415093,0.47337624341720286,0.3069212410501193,0.34427767354596617,0.508381030253475,0.5440374123148868,0.6869671132764921,0.5940246045694201,0.5789353438428148,0.5845656192236601,0.6150442477876107,0.5686131386861315,0.39039665970772486,0.47972551466001234,0.6840490797546012,0.5117187499999999,0.5533522190745988,0.3418013856812929,0.5861182519280205,0.0
0.36536536536536535,0.396588486140725,0.6238993710691823,0.4678174370977177,0.4730310262529833,0.5206378986866793,0.5141046606704824,0.5635229929851908,0.4969549330085261,0.5166959578207381,0.429061000685401,0.47689463955637756,0.415929203539823,0.42153284671532854,0.5518441196938064,0.5202744853399877,0.39672801635991817,0.46614583333333315,0.4863078375826252,0.7090069284064662,0.44558697514995715,0.0
0.3663663663663664,0.31130063965884863,0.7220125786163522,0.6316559391456991,0.5546539379474941,0.30065666041275807,0.6627146361406377,0.6792673421667963,0.8075517661388549,0.31927357937902745,0.5752798720584876,0.687153419593346,0.6073008849557523,0.6518248175182482,0.5267919276270008,0.3328134747348721,0.6405930470347647,0.42447916666666663,0.40037771482530693,0.5442648190916088,0.19880034275921155,0.0
0.36736736736736736,0.2420042643923241,0.5710691823899371,0.5567583382094792,0.5174224343675418,0.4073639774859288,0.5325020441537205,0.495713172252533,0.5602923264311815,0.5284124194493262,0.5078821110349555,0.5568391866913125,0.4314159292035399,0.5330291970802918,0.31384829505915146,0.46756082345602,0.6809815950920245,0.26692708333333326,0.8083097261567518,0.2809853733641261,0.5055698371893745,0.0
0.3683683683683684,0.3134328358208955,0.361006289308176,0.559098888238736,0.5536992840095466,0.3292682926829269,0.6065004088307442,0.6496492595479344,0.6004872107186358,0.36145284124194477,0.5375828192826136,0.6866913123844736,0.3241150442477877,0.6653284671532846,0.3625608907446072,0.414223331253899,0.68200408997955,0.5677083333333333,0.3984891406987725,0.3625866050808315,0.30419880034275903,0.0
0.36936936936936937,0.7622601279317698,0.36729559748427665,0.4286132241076652,0.3751789976133652,0.4561444652908069,0.4591169255928047,0.43998441153546364,0.44214372716199746,0.616871704745167,0.48320767649074714,0.5332717190388174,0.35398230088495586,0.5217153284671532,0.39109255393180264,0.5801621958827199,0.5935582822085889,0.24609375,0.352219074598678,0.2394149345650498,0.5655526992287919,0.0
0.37037037037037035,0.6673773987206824,0.6628930817610063,0.49444119368051465,0.5045346062052506,0.5225140712945593,0.4662714636140639,0.5389711613406079,0.42021924482338613,0.48974809607498526,0.4288325336988805,0.43253234750462144,0.24889380530973448,0.44927007299270083,0.5135699373695202,0.5470991890205863,0.46114519427402856,0.4596354166666665,0.49952785646836645,0.5696689761354885,0.34361610968294765,0.0
0.3713713713713714,0.4339019189765458,0.6716981132075471,0.598888238736103,0.4329355608591886,0.2640712945590995,0.6598528209321342,0.6648480124707714,0.7137637028014616,0.45108377270064437,0.5851039524788668,0.7134935304990762,0.24336283185840712,0.6441605839416058,0.37508698677801,0.3440424204616346,0.78680981595092,0.6380208333333331,0.6761095372993391,0.3533487297921476,0.40959725792630663,0.0
0.37237237237237236,0.48507462686567165,0.5962264150943395,0.7030427150380338,0.3708830548926015,0.2281894934333959,0.7262878168438267,0.7291504286827746,0.3410475030450669,0.43585237258347964,0.6378798263650903,0.7495378927911278,0.37057522123893816,0.6812043795620438,0.6137787056367432,0.27510917030567694,0.6042944785276072,0.46614583333333315,0.8375826251180359,0.48806774441878353,0.48157669237360745,0.0
0.3733733733733734,0.6215351812366736,0.330817610062893,0.47220596840257456,0.3312649164677805,0.4099437148217637,0.4542109566639412,0.43959469992205746,0.5322777101096224,0.5131810193321616,0.6397075622572539,0.6317005545286509,0.3761061946902655,0.6587591240875912,0.690327070285317,0.5286961946350592,0.5148261758691205,0.4531249999999999,0.5193578847969783,0.5581216320246343,0.6306769494430161,0.0
0.3743743743743744,0.4712153518123668,0.5647798742138365,0.4882972498537155,0.3389021479713605,0.39610694183864914,0.4648405560098119,0.4586905689789553,0.5724725943970768,0.562390158172232,0.5400959561343387,0.5152495378927915,0.4745575221238939,0.558029197080292,0.0006958942240777866,0.5430442919525889,0.7908997955010223,0.3554687499999999,0.36449480642115206,0.009237875288683473,0.5064267352185089,0.0
0.37537537537537535,0.5756929637526651,0.5924528301886791,0.4043300175541251,0.3732696897374702,0.6069418386491559,0.39104660670482416,0.3402182385035073,0.5395858708891595,0.5928529584065613,0.43842814713273937,0.4209796672828101,0.422566371681416,0.3941605839416058,0.28322894919972175,0.6834061135371179,0.5040899795501022,0.3554687499999999,0.4324834749763929,0.35488837567359477,0.4832904884318766,0.0
0.3763763763763764,0.5138592750533049,0.8264150943396226,0.48273844353423034,0.4157517899761337,0.48287992495309573,0.5030662305805398,0.5966484801247076,0.5274056029232643,0.6080843585237258,0.4834361434772676,0.4953789279112757,0.37831858407079644,0.4760948905109488,0.28949199721642316,0.5040548970679974,0.5076687116564416,0.43229166666666663,0.4362606232294618,0.42032332563510355,0.35732647814910024,0.0
0.37737737737737737,0.5287846481876333,0.5559748427672956,0.4306612053832648,0.39284009546539383,0.552767354596623,0.4123058053965658,0.43959469992205746,0.4506699147381241,0.6813122437024018,0.4487091615261595,0.4057301293900186,0.2511061946902655,0.37116788321167893,0.4906054279749483,0.587024329382408,0.37985685071574626,0.21354166666666652,0.509915014164306,0.4565050038491143,0.4798628963153385,0.0
0.3783783783783784,0.6844349680170576,0.6037735849056602,0.1910473961380923,0.22243436754176615,0.8367729831144466,0.1379803761242846,0.10989867498051398,0.4336175395858708,0.9543057996485061,0.35206762622801,0.2855822550831797,0.07300884955752218,0.22609489051094878,0.6778009742519138,0.9029943855271365,0.19529652351738225,0.44270833333333315,0.5977337110481586,0.5519630484988451,0.884318766066838,0.0
0.3793793793793794,0.5788912579957355,0.641509433962264,0.521357519016969,0.401909307875895,0.36796435272045025,0.5490596892886346,0.5288386593920498,0.5164433617539586,0.46514352665495007,0.5446652958647477,0.6950092421441778,0.23008849557522137,0.6297445255474453,0.2519137091162147,0.4376169681846538,0.6682004089979549,0.6783854166666665,0.6987724268177526,0.18937644341801363,0.6229648671808056,0.0
0.38038038038038036,0.1034115138592751,0.510691823899371,0.6410181392627268,0.6262529832935562,0.348030018761726,0.5909648405560097,0.6375681995323459,0.2095006090133983,0.36731107205623903,0.5506054375142793,0.6446395563770799,0.47787610619469034,0.6406934306569343,0.7355601948503829,0.3827199001871493,0.5536809815950919,0.5286458333333333,0.5004721435316337,0.5558121632024631,0.25449871465295615,0.0
0.3813813813813814,0.6663113006396588,0.6792452830188679,0.2779403159742537,0.3307875894988067,0.604127579737336,0.277391659852821,0.28877630553390476,0.3641900121802679,0.8119507908611597,0.5092529129540782,0.38585951940850305,0.21128318584070804,0.40912408759124075,0.6506610995128743,0.7049282595134123,0.32873210633946837,0.5221354166666665,0.3342776203966006,0.6489607390300227,0.6966580976863751,0.0
0.38238238238238237,0.7974413646055436,0.8528301886792452,0.10181392627267405,0.3236276849642006,0.8116791744840526,0.13777596075224885,0.04286827747466848,0.3081607795371498,0.9607498535442295,0.3909070139364862,0.337338262476895,0.3838495575221239,0.36733576642335763,0.13639526791927636,0.9020586400499064,0.2724948875255624,0.43229166666666663,0.31539187913125594,0.21324095458044656,0.9168808911739502,0.0
0.3833833833833834,0.5628997867803838,0.5962264150943395,0.30514921006436513,0.42816229116945115,0.6069418386491559,0.3485282093213409,0.358924395946999,0.35566382460414125,0.6408904510837726,0.3662325793922778,0.3401109057301297,0.24446902654867253,0.3341240875912408,0.48712595685455806,0.6805988771054272,0.28578732106339455,0.234375,0.28234183191690276,0.47113163972286376,0.5544130248500428,0.0
0.3843843843843844,0.3976545842217483,0.4729559748427672,0.3525453481568168,0.29164677804295946,0.62312382739212,0.349345870809485,0.33515198752922815,0.40925700365408046,0.690099589923843,0.5131368517249257,0.46072088724584126,0.34623893805309747,0.43540145985401457,0.5789839944328463,0.6606363069245165,0.3190184049079754,0.4804687499999999,0.31728045325779036,0.5642802155504234,0.5381319622964867,0.0
0.38538538538538536,0.31663113006396587,0.50062893081761,0.44558221181977764,0.5513126491646778,0.5321294559099436,0.40903515944399027,0.4699922057677317,0.31059683313032893,0.5705916813122437,0.42746173177975777,0.553142329020333,0.32190265486725667,0.4436131386861313,0.8977035490605432,0.5495945102932003,0.14314928425357865,0.7434895833333331,0.6081208687440983,0.9984603541185526,0.5467009425878321,0.0
0.3863863863863864,0.6151385927505328,0.4327044025157232,0.629022820362785,0.4391408114558473,0.26149155722326456,0.6529026982829109,0.6586126266562742,0.46528623629719845,0.4159343878148799,0.5869316883710304,0.6950092421441778,0.43805309734513276,0.6385036496350366,0.43562978427279075,0.32220835932626346,0.6620654396728015,0.5716145833333333,0.6591123701605288,0.4249422632794455,0.508140531276778,0.0
0.38738738738738737,0.5373134328358209,0.5610062893081761,0.7448800468110006,0.4797136038186158,0.17471857410881797,0.811733442354865,0.8717848791893997,0.5091352009744214,0.25190392501464554,0.6275988119716701,0.8766173752310538,0.23893805309734517,0.7523722627737226,0.376478775226166,0.18184653774173443,0.7668711656441717,0.2968749999999998,0.7374881964117093,0.35719784449576597,0.29477292202227934,0.0
0.3883883883883884,0.3294243070362473,0.49559748427672945,0.6720304271503803,0.4028639618138425,0.24226078799249529,0.6633278822567457,0.6621200311769289,0.6224116930572472,0.4411247803163444,0.5183915924148961,0.5563770794824401,0.33738938053097356,0.5428832116788322,0.4154488517745305,0.3499688084840924,0.8343558282208587,0.41927083333333326,0.6855524079320114,0.3687451886066202,0.3984575835475578,0.0
0.3893893893893894,0.40938166311300633,0.28427672955974836,0.5172615564657694,0.3689737470167065,0.39704502814258924,0.5265739983646771,0.5982073265783319,0.6760048721071863,0.6531927357937902,0.5700251313685173,0.6095194085027731,0.459070796460177,0.600912408759124,0.5532359081419624,0.5009357454772303,0.523006134969325,0.5247395833333333,0.39187913125590185,0.5350269438029249,0.37703513281919443,0.0
0.39039039039039036,0.3070362473347548,0.9371069182389936,0.6854885898186072,0.511217183770883,0.25375234521575984,0.6796811120196238,0.6784879189399844,0.4786845310596832,0.3626244874048038,0.6529586474754399,0.8216266173752313,0.625,0.7374087591240877,0.5567153792623523,0.31441048034934505,0.7499999999999999,0.5039062499999999,0.8073654390934846,0.48729792147805995,0.4858611825192801,0.0
0.3913913913913914,0.39872068230277175,0.579874213836478,0.329432416617905,0.39093078758949884,0.5834896810506567,0.3317661488143908,0.36593920498830856,0.6516443361753959,0.6947861745752782,0.36828878227096185,0.3133086876155271,0.44358407079646023,0.3512773722627738,0.15796798886569308,0.6606363069245165,0.32873210633946837,0.5403645833333333,0.352219074598678,0.19168591224018483,0.4764353041988002,0.0
0.3923923923923924,0.659914712153518,0.46540880503144644,0.3554710356933879,0.4210023866348449,0.5677767354596623,0.3751022076860182,0.43725643024162086,0.6492082825822167,0.7838312829525481,0.3027187571395933,0.17375231053604479,0.21792035398230103,0.23156934306569332,0.4411969380654144,0.6490954460386775,0.4151329243353783,0.5846354166666666,0.14353163361661947,0.5188606620477287,0.451585261353899,0.0
0.3933933933933934,0.4498933901918976,0.840251572327044,0.4724985371562316,0.5145584725536994,0.5114915572232646,0.47301717089125095,0.4625876851130162,0.6833130328867235,0.4669009958992384,0.43637194425405534,0.5004621072088726,0.3816371681415929,0.5333941605839416,0.26026443980514946,0.551154086088584,0.5475460122699385,0.43880208333333315,0.5221907459867801,0.3779830638953041,0.49185946872322195,0.0
0.3943943943943944,0.6268656716417911,0.4490566037735848,0.38794616734932696,0.5737470167064439,0.5330675422138837,0.37408013082583813,0.39127045985970366,0.7125456760048721,0.535442296426479,0.4354580763079735,0.43992606284658087,0.5143805309734514,0.48010948905109485,0.23729993041057762,0.654398003742982,0.38292433537832293,0.4947916666666665,0.5136921624173749,0.39030023094688193,0.6469580119965724,0.0
0.39539539539539537,0.3176972281449893,0.5522012578616352,0.4844938560561731,0.5083532219570406,0.37992495309568475,0.5149223221586263,0.5666406858924395,0.36906211936662603,0.520796719390744,0.5359835503769705,0.6959334565619226,0.3174778761061947,0.6478102189781022,0.4850382741823247,0.41671865252651275,0.5695296523517381,0.5182291666666665,0.7072710103871578,0.4434180138568129,0.5638389031705228,0.0
0.3963963963963964,0.5863539445628998,0.730817610062893,0.3967232299590404,0.44105011933174226,0.6892589118198875,0.393908421913328,0.3448947778643803,0.6662606577344701,0.7439953134153486,0.3516106922549692,0.2550831792975974,0.20132743362831873,0.2558394160583941,0.7091162143354213,0.6316281971303805,0.24846625766871155,0.3033854166666665,0.4636449480642116,0.6343341031562737,0.6709511568123393,0.0
0.3973973973973974,0.5692963752665245,0.27421383647798736,0.5245757753071971,0.6009546539379476,0.28752345215759856,0.5449713818479149,0.5607950116913483,0.46772228989037756,0.3620386643233743,0.5305003427004797,0.7116451016635863,0.47898230088495575,0.6642335766423358,0.3110647181628394,0.42669993761696823,0.7341513292433536,0.5520833333333333,0.6978281397544854,0.2640492686682063,0.49100257069408737,0.0
0.3983983983983984,0.7025586353944562,0.6817610062893081,0.4569923932124047,0.32219570405727926,0.5234521575984992,0.43438266557645133,0.44193296960249384,0.4263093788063338,0.5758640890451082,0.6397075622572539,0.6816081330868764,0.5243362831858407,0.6434306569343067,0.5887265135699375,0.5711166562694947,0.3747443762781184,0.37630208333333326,0.4589235127478754,0.5712086220169361,0.5792630676949441,0.0
0.3993993993993994,0.40938166311300633,0.5157232704402516,0.5163838502047979,0.39618138424821003,0.47303001876172623,0.48528209321340965,0.48168355416991426,0.6297198538367843,0.5951962507322789,0.5327850125656843,0.5050831792975974,0.4347345132743363,0.5822992700729928,0.6214335421016006,0.5464753587024329,0.5342535787321062,0.6640624999999999,0.6298394711992447,0.5973826020015394,0.46872322193658944,0.0
0.40040040040040037,0.5906183368869935,0.4377358490566037,0.6468695143358687,0.5164677804295943,0.27556285178236395,0.6796811120196238,0.6812159002338269,0.6711327649208282,0.38371411833626234,0.6006397075622573,0.729667282809612,0.23893805309734517,0.6874087591240876,0.14683368128044583,0.3898939488459139,0.8093047034764824,0.45442708333333315,0.5996222851746932,0.15704387990762125,0.4241645244215938,0.0
0.4014014014014014,0.4157782515991471,0.6226415094339621,0.5713867758923346,0.449164677804296,0.4226078799249531,0.6332788225674573,0.6944660950896335,0.851400730816078,0.41124780316344467,0.5259310029700708,0.5633086876155271,0.5110619469026549,0.5461678832116788,0.5782881002087685,0.3739862757330008,0.5501022494887525,0.5507812499999999,0.5939565627950898,0.511932255581216,0.30077120822622094,0.0
0.4024024024024024,0.5266524520255864,0.5471698113207547,0.3858981860737274,0.371837708830549,0.5082082551594749,0.4002452984464433,0.44505066250974257,0.44457978075517657,0.6590509666080845,0.48914781814027875,0.5365064695009245,0.4491150442477877,0.529014598540146,0.0737647877522618,0.6185277604491579,0.5138036809815949,0.4440104166666665,0.7223796033994335,0.14626635873749017,0.779777206512425,0.0
0.4034034034034034,0.5831556503198294,0.5018867924528301,0.35751901696898747,0.40525059665871127,0.5328330206378988,0.366516762060507,0.3503507404520654,0.14494518879415352,0.6508494434680726,0.42334932602238984,0.4288354898336417,0.30309734513274345,0.3843065693430656,0.5984690327070288,0.6232064878353087,0.34560327198363994,0.59375,0.6421152030217187,0.5612009237875286,0.5955441302485004,0.0
0.4044044044044044,0.5788912579957355,0.42641509433962255,0.3543007606787594,0.449164677804296,0.5166510318949344,0.40126737530662315,0.35151987529228346,0.412911084043849,0.7850029291154071,0.33241946538725153,0.21626617375231083,0.5608407079646018,0.22043795620437945,0.4502435629784274,0.6497192763568309,0.50920245398773,0.13932291666666652,0.48253068932955623,0.41955350269437997,0.7172236503856041,0.0
0.40540540540540543,0.6087420042643921,0.7169811320754716,0.5169689877121122,0.4362768496420048,0.3356003752345217,0.5682747342600163,0.6484801247077161,0.5334957369062119,0.638547158758055,0.4260909298606351,0.4316081330868764,0.35951327433628333,0.46332116788321165,0.3792623521224776,0.4376169681846538,0.770961145194274,0.6653645833333333,0.525967894239849,0.23094688221708992,0.42587832047986296,0.0
0.4064064064064064,0.5149253731343284,0.39622641509433953,0.2975424224692802,0.44821002386634845,0.6203095684803004,0.23671300081766167,0.29306313328137157,0.38855054811205847,0.8570591681312242,0.2378341329677861,0.21996303142329054,0.31969026548672574,0.23102189781021876,0.2922755741127352,0.7429819089207736,0.314928425357873,0.5013020833333333,0.5174693106704439,0.2193995381062357,0.7275064267352184,0.0
0.4074074074074074,0.5469083155650318,0.6855345911949685,0.38443534230544185,0.33794749403341295,0.46130393996247654,0.402493867538839,0.5140296180826187,0.5030450669914738,0.6110134739308727,0.5302718757139594,0.5443622920517563,0.24889380530973448,0.5735401459854015,0.23660403618649983,0.5592638802245791,0.6503067484662576,0.4765624999999999,0.4173748819641171,0.13240954580446473,0.38646101113967435,0.0
0.4084084084084084,0.5660980810234542,0.5874213836477987,0.3417203042715038,0.37565632458233894,0.5802063789868668,0.3268601798855275,0.3503507404520654,0.4190012180267966,0.8260105448154657,0.37377198994745264,0.3128465804066547,0.5044247787610621,0.2965328467153283,0.35351426583159373,0.6631316281971305,0.42484662576687104,0.3359374999999999,0.47686496694995284,0.33410315627405707,0.45844044558697516,0.0
0.4094094094094094,0.5106609808102345,0.569811320754717,0.441193680514921,0.5455847255369929,0.5576923076923077,0.4233442354865087,0.45050662509742767,0.5578562728380024,0.5008787346221443,0.4413982179575051,0.4454713493530502,0.42920353982300885,0.3981751824817519,0.5942936673625612,0.5857766687461012,0.45296523517382403,0.22395833333333326,0.42115203021718606,0.545804464973056,0.39245929734361595,0.0
0.41041041041041043,0.624733475479744,0.5823899371069182,0.33908718548858974,0.3570405727923628,0.62875234521576,0.29272281275551926,0.3402182385035073,0.5529841656516443,0.7885178676039833,0.39821795750514055,0.42421441774491697,0.4568584070796461,0.34343065693430663,0.35490605427974975,0.7233312538989396,0.40695296523517377,0.14713541666666652,0.1822474032105761,0.3956889915319475,0.42245072836332487,0.0
0.4114114114114114,0.41684434968017053,0.6641509433962264,0.5646576945582211,0.5422434367541766,0.45895872420262673,0.4957072771872446,0.544427123928293,0.5030450669914738,0.576449912126538,0.4251770619145534,0.4787430683918672,0.5221238938053098,0.5133211678832117,0.385525400139179,0.5474111041796632,0.7203476482617586,0.6341145833333331,0.4315391879131256,0.28637413394919164,0.4044558697514994,0.0
0.4124124124124124,0.4466950959488272,0.3748427672955974,0.3917495611468693,0.38281622911694513,0.4650562851782365,0.37755519215044986,0.47934528448947766,0.5554202192448234,0.7141183362624487,0.4436828878227096,0.4755083179297601,0.20907079646017712,0.4313868613138685,0.46764091858037604,0.5904553961322521,0.394683026584867,0.10286458333333326,0.6704438149197357,0.2909930715935336,0.6743787489288776,0.0
0.4134134134134134,0.5437100213219614,0.4150943396226414,0.7112346401404328,0.441527446300716,0.18128517823639767,0.7252657399836469,0.7260327357755261,0.4993909866017052,0.299941417691857,0.6911126342243545,0.7809611829944549,0.2245575221238939,0.7596715328467153,0.5831593597773144,0.2542108546475359,0.7499999999999999,0.5585937499999999,0.6421152030217187,0.5088529638183217,0.5458440445586975,0.0
0.4144144144144144,0.47441364605543707,0.7496855345911948,0.5310122878876535,0.4348448687350836,0.4924953095684803,0.5453802125919869,0.5604053000779423,0.5030450669914738,0.5694200351493849,0.5380397532556546,0.6007393715341962,0.2986725663716815,0.5578467153284672,0.6569241475295757,0.47972551466001234,0.4969325153374232,0.6731770833333333,0.42020774315391884,0.739030023094688,0.4498714652956298,0.0
0.41541541541541543,0.5724946695095947,0.30062893081761,0.4505558806319485,0.41050119331742246,0.4111163227016885,0.5214636140637776,0.5463756819953234,0.3008526187576127,0.5026362038664322,0.49006168608636047,0.5545286506469504,0.3230088495575222,0.5003649635036496,0.4836464857341687,0.5146600124766063,0.5715746421267892,0.47395833333333315,0.2965061378659113,0.3579676674364891,0.48414738646101096,0.0
0.4164164164164164,0.5490405117270789,0.6440251572327044,0.6237565827969571,0.37422434367541774,0.276969981238274,0.6300081766148815,0.5420888542478564,0.5627283800243605,0.4141769185705916,0.6625542609092986,0.8442698706099818,0.299778761061947,0.7910583941605839,0.35629784272790577,0.35495945102932014,0.7203476482617586,0.57421875,0.9886685552407932,0.20015396458814427,0.6726649528706085,0.0
0.4174174174174174,0.48933901918976547,0.539622641509434,0.22322995904037435,0.29928400954653933,0.6301594746716699,0.21606704824202794,0.19524551831644565,0.6114494518879414,0.7445811364967779,0.501485035412383,0.34889094269870635,0.5265486725663717,0.39215328467153276,0.47529575504523347,0.7991266375545851,0.2658486707566461,0.39192708333333326,0.4098205854579793,0.4511162432640492,0.7643530419880035,0.0
0.4184184184184184,0.6044776119402984,0.5937106918238992,0.4991222937390285,0.3183770883054893,0.4770168855534711,0.510425183973835,0.6192517537022602,0.5079171741778319,0.4956063268892793,0.5636280557459448,0.40203327171903913,0.5553097345132744,0.4529197080291971,0.6033402922755742,0.5159076731129133,0.4570552147239263,0.3828124999999999,0.3210576015108593,0.6058506543494993,0.42587832047986296,0.0
0.4194194194194194,0.7388059701492538,0.4088050314465408,0.10795787009947322,0.08305489260143206,0.7464821763602254,0.052125919869174364,0.0,0.5018270401948842,0.9531341534856473,0.5380397532556546,0.3160813308687618,0.6382743362831859,0.41733576642335746,0.5768963117606125,0.9404242046163445,0.19734151329243343,0.47395833333333315,0.31539187913125594,0.352578906851424,0.9622964867180804,0.0
0.42042042042042044,0.21855010660980817,0.37735849056603765,0.6141018139262724,0.32458233890214805,0.2673545966228893,0.5954619787408013,0.6141855027279812,0.5931790499390985,0.5682483889865261,0.582133881654101,0.690388170055453,0.4513274336283186,0.6724452554744526,0.539318023660404,0.36119775421085487,0.6313905930470346,0.5481770833333333,0.5495750708215298,0.39645881447267106,0.21850899742930596,0.0
0.4214214214214214,0.5437100213219614,0.32327044025157226,0.36278525453481536,0.30501193317422437,0.5670731707317074,0.39349959116925604,0.45089633671083384,0.3118148599269184,0.6789689513766842,0.5135937856979667,0.4551756007393719,0.3252212389380532,0.518978102189781,0.6102992345163538,0.6359950093574549,0.48364008179959095,0.6341145833333331,0.5486307837582626,0.5280985373364122,0.5269922879177377,0.0
0.4224224224224224,0.3933901918976546,0.4842767295597483,0.39496781743709763,0.5293556085918855,0.5114915572232646,0.42354865085854465,0.4688230709275134,0.35809987819732036,0.5987111892208553,0.4272332647932374,0.4829020332717193,0.4336283185840708,0.39251824817518255,0.48155880306193444,0.6054273237679353,0.40695296523517377,0.18098958333333326,0.49669499527856475,0.5204003079291764,0.4610111396743787,0.0
0.42342342342342343,0.4573560767590618,0.44654088050314455,0.4265652428320652,0.4071599045346062,0.5619136960600375,0.4082174979558464,0.37490257209664835,0.515225334957369,0.7551259519625072,0.4286040667123602,0.4339186691312389,0.24446902654867253,0.41897810218978093,0.5810716771050801,0.6453524641297568,0.4161554192229039,0.5351562499999999,0.5051935788479698,0.4988452655889146,0.7566409597257925,0.0
0.4244244244244244,0.3816631130063966,0.5333333333333333,0.30866003510825024,0.2176610978520287,0.62546904315197,0.36815208503679475,0.33632112236944645,0.445797807551766,0.67311072056239,0.6435915010281015,0.5462107208872462,0.7190265486725664,0.6160583941605839,0.6130828114126654,0.6802869619463507,0.2955010224948875,0.5416666666666666,0.5996222851746932,0.5150115473441108,0.5544130248500428,0.0
0.42542542542542544,0.4904051172707889,0.48050314465408794,0.3537156231714451,0.488782816229117,0.6153846153846154,0.35241210139002455,0.3355416991426343,0.23386114494518884,0.6250732278851786,0.455106237148732,0.5568391866913125,0.20464601769911517,0.5155109489051095,0.5017397355601951,0.6494073611977542,0.39110429447852746,0.45052083333333315,0.525967894239849,0.39030023094688193,0.6983718937446443,0.0
0.4264264264264264,0.37633262260127937,0.6427672955974841,0.17612638970157968,0.4157517899761337,0.7431988742964355,0.1860179885527391,0.3367108339828524,0.6187576126674786,0.7275922671353251,0.3909070139364862,0.2657116451016639,0.5696902654867257,0.368065693430657,0.4913013221990261,0.7654398003742982,0.18302658486707557,0.25130208333333326,0.2965061378659113,0.4595842956120091,0.5621251071122536,0.0
0.4274274274274274,0.2761194029850746,0.781132075471698,0.570509069631363,0.16754176610978533,0.3468574108818011,0.5981193785772689,0.6971940763834761,0.5724725943970768,0.47275922671353265,0.9344299748686316,0.9597966728280964,0.6869469026548672,0.938138686131387,0.7919276270006961,0.348097317529632,0.6252556237218814,0.6197916666666665,0.5278564683663834,0.5681293302540413,0.32647814910025696,0.0
0.42842842842842843,0.6087420042643921,0.6679245283018868,0.5529549444119366,0.4386634844868736,0.401266416510319,0.5504905968928864,0.5865159781761495,0.29232643118148605,0.44815465729349746,0.4909755540324423,0.5683918669131243,0.43030973451327437,0.5244525547445256,0.3542101600556715,0.4373050530255773,0.5915132924335378,0.31770833333333326,0.7129367327667612,0.3294842186297151,0.6083976006855184,0.0
0.4294294294294294,0.7238805970149254,0.4628930817610062,0.24341720304271486,0.3279236276849642,0.6683864915572233,0.21279640228945218,0.1703039750584565,0.35809987819732036,0.8125366139425895,0.3662325793922778,0.3909426987061,0.2765486725663717,0.31149635036496326,0.618649965205289,0.7704304429195259,0.2239263803680982,0.26953125,0.36166194523135037,0.48421862971516516,0.7043701799485861,0.0
0.43043043043043044,0.4157782515991471,0.4842767295597483,0.449093036863663,0.516945107398568,0.455206378986867,0.4527800490596894,0.5288386593920498,0.5249695493300852,0.49912126537785595,0.42654786383367604,0.431146025878004,0.38606194690265483,0.4425182481751826,0.3542101600556715,0.534622582657517,0.4059304703476482,0.4557291666666665,0.2577903682719547,0.4595842956120091,0.3487574978577549,0.0
0.4314314314314314,0.37953091684434975,0.5018867924528301,0.33616149795201866,0.44248210023866347,0.5558161350844277,0.33789860997547017,0.3312548713951673,0.3824604141291108,0.7129466900995899,0.3145990404386566,0.2999075785582259,0.34623893805309747,0.31897810218978084,0.6492693110647183,0.6759201497192764,0.25869120654396727,0.5182291666666665,0.6610009442870634,0.6558891454965354,0.7137960582690658,0.0
0.43243243243243246,0.5554371002132195,0.5132075471698113,0.5427150380339378,0.3422434367541766,0.4118198874296435,0.6069092395748161,0.6531566640685891,0.7247259439707674,0.5336848271821909,0.6296550148503541,0.5767097966728283,0.6371681415929205,0.5456204379562044,0.7313848295059153,0.4497816593886461,0.49488752556237214,0.43098958333333326,0.311614730878187,0.7936874518860662,0.32647814910025696,0.0
0.43343343343343343,0.5842217484008527,0.6477987421383647,0.36658864833235816,0.441527446300716,0.5696529080675423,0.3730580539656583,0.358924395946999,0.4847746650426309,0.6016403046280022,0.3577793008910213,0.39879852125693205,0.31084070796460184,0.3235401459854015,0.6464857341684067,0.6135371179039302,0.4217791411042944,0.59375,0.47969782813975453,0.5642802155504234,0.5886889460154242,0.0
0.4344344344344344,0.52771855010661,0.4402515723270439,0.5409596255119951,0.34272076372315047,0.3813320825515948,0.5220768601798855,0.6173031956352297,0.6236297198538368,0.5342706502636204,0.5615718528672607,0.5605360443622922,0.4579646017699116,0.5412408759124088,0.6958942240779402,0.4672489082969431,0.46881390593047034,0.45833333333333315,0.3814919735599622,0.5950731331793686,0.49528706083976004,0.0
0.43543543543543545,0.6332622601279319,0.4792452830188678,0.5090696313633702,0.486873508353222,0.42776735459662296,0.5200327064595258,0.5802805923616521,0.4725943970767357,0.5442296426479204,0.47292666209732703,0.4755083179297601,0.4236725663716815,0.4854014598540146,0.5838552540013922,0.4694323144104804,0.5107361963190182,0.4401041666666665,0.4107648725212465,0.5134719014626632,0.451585261353899,0.0
0.4364364364364364,0.3400852878464819,0.641509433962264,0.5763604447045054,0.3026252983293557,0.30816135084427776,0.6710956663941128,0.6890101325019484,0.5797807551766139,0.5125951962507324,0.6209732693625771,0.7051756007393719,0.3506637168141594,0.6255474452554743,0.5866388308977037,0.3799126637554584,0.6380368098159508,0.3124999999999998,0.4570349386213409,0.4819091608929944,0.3461868037703514,0.0
0.43743743743743746,0.5415778251599146,0.7018867924528301,0.6389701579871268,0.48353221957040576,0.3510787992495309,0.6539247751430908,0.6960249415432578,0.6004872107186358,0.30638547158758034,0.5432944939456249,0.5452865064695012,0.39380530973451333,0.5656934306569343,0.5775922059846907,0.3418590143480973,0.6032719836400817,0.34114583333333326,0.5231350330500473,0.6635873749037722,0.46529562982005135,0.0
0.43843843843843844,0.3070362473347548,0.7446540880503144,0.40169689877121106,0.27398568019093084,0.5832551594746718,0.403924775143091,0.46843335931410746,0.8233861144945189,0.6719390743995314,0.5062828421293123,0.464417744916821,0.3584070796460178,0.47645985401459856,0.49965205288796133,0.6437928883343731,0.4729038854805725,0.4401041666666665,0.33805476864966955,0.3541185527328712,0.5021422450728362,0.0
0.4394394394394394,0.6577825159914712,0.7018867924528301,0.2469280280866002,0.5470167064439142,0.7030956848030019,0.25347506132461173,0.3398285268901011,0.46772228989037756,0.7217340363210311,0.3815398674891478,0.3401109057301297,0.4922566371681416,0.36697080291970785,0.454418928322895,0.7857142857142858,0.40132924335378317,0.18489583333333326,0.5155807365439093,0.34795996920708205,0.7292202227934875,0.0
0.44044044044044045,0.4157782515991471,0.4402515723270439,0.6729081334113516,0.5045346062052506,0.24390243902439035,0.7228127555192152,0.7634450506625097,0.6577344701583434,0.42237844171060346,0.527530271875714,0.635859519408503,0.3418141592920355,0.5660583941605839,0.31384829505915146,0.3281347473487213,0.8358895705521471,0.20572916666666652,0.5779036827195468,0.33179368745188587,0.2827763496143959,0.0
0.44144144144144143,0.5842217484008527,0.3245283018867924,0.4558221181977764,0.3465393794749404,0.4446529080675421,0.465658217497956,0.544427123928293,0.4713763702801461,0.7047451669595782,0.5140507196710076,0.5628465804066547,0.3384955752212391,0.5244525547445256,0.31454418928322925,0.5502183406113537,0.4785276073619631,0.59375,0.481586402266289,0.34795996920708205,0.49185946872322195,0.0
0.44244244244244246,0.6886993603411513,0.559748427672956,0.259508484493856,0.48735083532219575,0.652673545966229,0.26533115290269826,0.22759158222915032,0.42509135200974424,0.7902753368482717,0.4180945853324195,0.44916820702402993,0.422566371681416,0.435036496350365,0.5003479471120391,0.7673112913287587,0.22699386503067487,0.42317708333333326,0.2521246458923513,0.5204003079291764,0.8286203941730933,0.0
0.44344344344344344,0.4040511727078891,0.539622641509434,0.47396138092451734,0.4305489260143199,0.38836772983114454,0.47363041700735886,0.5136399064692125,0.5091352009744214,0.5887521968365553,0.4235777930089102,0.3673752310536047,0.5033185840707965,0.3412408759124086,0.620041753653445,0.5127885215221462,0.5362985685071573,0.2916666666666665,0.6402266288951842,0.5889145496535795,0.5449871465295629,0.0
0.4444444444444444,0.6588486140724947,0.6540880503144654,0.26214160327677005,0.29307875894988067,0.6838649155722327,0.24591169255928058,0.1858924395946997,0.635809987819732,0.7832454598711188,0.5645419236920265,0.48428835489833677,0.36283185840707977,0.5116788321167882,0.4857341684064025,0.7691827822832189,0.3420245398773005,0.12499999999999978,0.3257790368271955,0.3687451886066202,0.7763496143958869,0.0
0.44544544544544545,0.6545842217484008,0.45534591194968543,0.3739028671737856,0.4138424821002387,0.5182926829268293,0.3693785772690108,0.334372564302416,0.5761266747868453,0.6526069127123609,0.341329677861549,0.29066543438077663,0.422566371681416,0.2753649635036495,0.55741127348643,0.6294447910168435,0.5286298568507157,0.23567708333333326,0.578847969782814,0.4418783679753653,0.8826049700085689,0.0
0.44644644644644643,0.41471215351812357,0.5459119496855346,0.5631948507899356,0.45011933174224344,0.4305816135084428,0.5613246116107933,0.5237724084177706,0.6065773447015833,0.5495020503807849,0.5103952478866803,0.5161737523105365,0.38606194690265483,0.5636861313868613,0.47459986082115524,0.4909544603867748,0.5046012269938649,0.7291666666666665,0.6968838526912182,0.4965357967667434,0.5938303341902312,0.0
0.44744744744744747,0.25479744136460564,0.41132075471698104,0.2861322410766529,0.2935560859188544,0.6559568480300189,0.25919869174161914,0.2650038971161339,0.5468940316686968,0.8711189220855301,0.5090244459675577,0.39510166358595233,0.4756637168141594,0.488138686131387,0.5149617258176757,0.7613849033063007,0.2985685071574642,0.5338541666666666,0.5533522190745988,0.5304080061585834,0.6066838046272492,0.0
0.44844844844844844,0.33475479744136466,0.5761006289308176,0.43504973668812164,0.47016706443914086,0.5328330206378988,0.42497955846279645,0.5459859703819172,0.48355663824604134,0.6250732278851786,0.4011880283299064,0.3188539741219967,0.4646017699115045,0.38485401459853996,0.4599860821155186,0.5904553961322521,0.42382413087934556,0.4361979166666665,0.3909348441926346,0.39953810623556585,0.4044558697514994,0.0
0.4494494494494494,0.3283582089552239,0.33710691823899364,0.36541837331772964,0.5002386634844869,0.5117260787992497,0.3785772690106297,0.3565861262665626,0.35809987819732036,0.6332747510251905,0.3141421064656158,0.26802218114602616,0.43030973451327437,0.2941605839416057,0.3354210160055673,0.6512788521522148,0.3747443762781184,0.5039062499999999,0.42304060434372054,0.3287143956889915,0.4575835475578406,0.0
0.45045045045045046,0.37953091684434975,0.4402515723270439,0.6764189584552369,0.4968973747016707,0.20895872420262673,0.6991005723630419,0.696414653156664,0.5968331303288671,0.3479789103690686,0.5544893762851268,0.595656192236599,0.41039823008849563,0.551094890510949,0.4488517745302718,0.3340611353711791,0.7627811860940694,0.33723958333333326,0.607176581680831,0.531177829099307,0.18337617823479002,0.0
0.45145145145145144,0.5543710021321961,0.720754716981132,0.4485078993563485,0.4319809069212411,0.5145403377110693,0.43274734260016356,0.4403741231488696,0.5688185140073082,0.5782073813708258,0.4409412839844643,0.4112754158964882,0.3064159292035399,0.3855839416058393,0.5998608211551848,0.5458515283842795,0.4759713701431493,0.3710937499999999,0.4315391879131256,0.4672825250192454,0.43958868894601555,0.0
0.45245245245245247,0.46588486140724944,0.6188679245283017,0.358981860737273,0.23341288782816239,0.5818480300187616,0.37837285363859374,0.3752922837100543,0.3337393422655298,0.6994727592267135,0.6342243545807631,0.6940850277264328,0.44358407079646023,0.654014598540146,0.6958942240779402,0.6388022457891456,0.41104294478527603,0.48958333333333326,0.4929178470254958,0.5996920708237101,0.6221079691516708,0.0
0.45345345345345345,0.429637526652452,0.4301886792452829,0.5365710942071384,0.35083532219570407,0.4043151969981238,0.5897383483237941,0.6590023382696801,0.5213154689403167,0.41183362624487396,0.5533470413525245,0.48382624768946414,0.4668141592920355,0.5587591240875913,0.6109951287404316,0.41671865252651275,0.4821063394683026,0.6106770833333331,0.1359773371104816,0.6451116243264048,0.249357326478149,0.0
0.4544544544544544,0.2867803837953092,0.5509433962264151,0.7369806904622584,0.32840095465393804,0.20825515947467166,0.7076860179885529,0.8398285268901011,0.466504263093788,0.3725834797891038,0.6463331048663469,0.6913123844731981,0.297566371681416,0.6434306569343067,0.48086290883785665,0.29756706175920167,0.7009202453987728,0.40234375,0.7016052880075544,0.37490377213240933,0.41559554413024846,0.0
0.45545545545545546,0.6663113006396588,0.41635220125786154,0.4566998244587477,0.47828162291169457,0.4329268292682926,0.5061324611610796,0.554559625876851,0.37637028014616325,0.5729349736379613,0.5309572766735208,0.5475970425138637,0.3716814159292037,0.5554744525547446,0.6207376478775228,0.48378041172801023,0.5669734151329242,0.6067708333333331,0.3909348441926346,0.4926866820631255,0.5261353898886033,0.0
0.45645645645645644,0.26332622601279326,0.6993710691823899,0.6076653013458162,0.33747016706443916,0.324108818011257,0.5844235486508584,0.643024162120031,0.3410475030450669,0.5166959578207381,0.5318711446196025,0.5536044362292056,0.23451327433628333,0.529014598540146,0.36116910229645116,0.3724266999376169,0.6518404907975459,0.5455729166666666,0.5930122757318226,0.43571978444957615,0.3847472150814052,0.0
0.4574574574574575,0.6226012793176972,0.3169811320754716,0.4060854300760679,0.5479713603818617,0.44183864915572246,0.4527800490596894,0.4325798908807481,0.3873325213154689,0.6174575278265962,0.3991318254512224,0.5674676524953792,0.36172566371681425,0.456934306569343,0.3702157272094646,0.6185277604491579,0.6221881390593046,0.24739583333333326,0.28328611898017003,0.2956120092378751,0.6049700085689801,0.0
0.45845845845845845,0.5021321961620469,0.6830188679245283,0.4590403744880047,0.5350835322195704,0.5424484052532834,0.4517579721995095,0.4434918160561183,0.45310596833130323,0.5951962507322789,0.42746173177975777,0.5304990757855825,0.26991150442477874,0.4892335766423357,0.6221294363256784,0.5913911416094824,0.43865030674846617,0.6874999999999999,0.6666666666666667,0.579676674364896,0.6580976863753213,0.0
0.45945945945945943,0.6098081023454158,0.7849056603773584,0.4169104739613809,0.2897374701670645,0.5839587242026267,0.42988552739165997,0.5019485580670302,0.5066991473812423,0.7521968365553603,0.46744345442083624,0.42236598890942734,0.17256637168141598,0.3784671532846715,0.5901183020180936,0.5761072988147224,0.35889570552147254,0.22005208333333326,0.5363550519357886,0.5427251732101617,0.5852613538988859,0.0
0.46046046046046046,0.3880597014925374,0.6150943396226414,0.6550614394382679,0.283054892601432,0.34427767354596617,0.6017988552739166,0.6060015588464536,0.492082825822168,0.3807850029291152,0.8051176604980581,0.8946395563770797,0.5752212389380531,0.832116788321168,0.7995824634655535,0.34684965689332503,0.6037832310838445,0.265625,0.7327667610953731,0.6697459584295613,0.5158526135389888,0.0
0.46146146146146144,0.6300639658848612,0.5962264150943395,0.540081919251024,0.4730310262529833,0.3510787992495309,0.5956663941128373,0.6519875292283708,0.3848964677222899,0.4036321031048623,0.5789353438428148,0.6940850277264328,0.28650442477876115,0.6443430656934307,0.46276965901183065,0.4223331253898941,0.6814928425357872,0.39973958333333326,0.6345609065155808,0.45265588914549637,0.5552699228791774,0.0
0.4624624624624625,0.29317697228144984,0.5421383647798742,0.4853715623171444,0.3727923627684965,0.4474671669793622,0.45870809484873276,0.5358534684333591,0.36662606577344703,0.5823081429408318,0.5526616403929632,0.5979667282809615,0.3915929203539823,0.5883211678832116,0.2693110647181629,0.5021834061135371,0.6186094069529651,0.4908854166666665,0.5051935788479698,0.1524249422632793,0.4010282776349613,0.0
0.46346346346346345,0.34541577825159914,0.5584905660377358,0.49444119368051465,0.37947494033412893,0.455206378986867,0.508585445625511,0.5833982852689008,0.515225334957369,0.45108377270064437,0.5540324423120859,0.5767097966728283,0.22013274336283195,0.5945255474452553,0.5873347251217815,0.4784778540237056,0.4458077709611451,0.5794270833333333,0.36260623229461764,0.6043110084680521,0.30762639245929735,0.0
0.46446446446446443,0.6577825159914712,0.39748427672955966,0.37009947337624327,0.4978520286396182,0.5112570356472796,0.3411692559280459,0.3612626656274356,0.4482338611449451,0.700058582308143,0.3447566826593558,0.28096118299445494,0.21460176991150448,0.3076642335766422,0.3799582463465554,0.6553337492202123,0.38854805725971375,0.26432291666666674,0.6610009442870634,0.4472671285604308,0.7180805484147387,0.0
0.46546546546546547,0.6918976545842217,0.4943396226415093,0.23376243417203013,0.3288782816229117,0.6733114446529083,0.2522485690923957,0.2969602494154324,0.44214372716199746,0.7656707674282367,0.4176376513593786,0.27079482439926106,0.5630530973451328,0.25620437956204367,0.7522616562282534,0.7345601996257018,0.1912065439672801,0.24609375,0.3994334277620397,0.6635873749037722,0.662382176520994,0.0
0.46646646646646645,0.728144989339019,0.5610062893081761,0.41954359274429476,0.31264916467780435,0.5166510318949344,0.4454210956663942,0.42556508183943875,0.6467722289890377,0.6795547744581135,0.3897646790038839,0.2795748613678377,0.38053097345132747,0.30437956204379546,0.5156576200417535,0.5857766687461012,0.3236196319018403,0.3203124999999998,0.509915014164306,0.5057736720554269,0.5047129391602397,0.0
0.4674674674674675,0.591684434968017,0.549685534591195,0.5421299005266236,0.42816229116945115,0.3827392120075048,0.5145134914145544,0.5163678877630553,0.25578562728380017,0.5793790275336849,0.49554489376285127,0.47365988909427026,0.5176991150442478,0.537956204379562,0.4224077940153097,0.44791016843418596,0.5485685071574641,0.5403645833333333,0.4730878186968839,0.4257120862201691,0.48843187660668386,0.0
0.46846846846846846,0.5426439232409381,0.3735849056603773,0.4145699239321239,0.4878281622911695,0.4737335834896812,0.3885936222403925,0.4657053780202647,0.44457978075517657,0.6859988283538371,0.43797121315969845,0.47088724584103536,0.3827433628318584,0.3709854014598539,0.6360473208072372,0.5879600748596383,0.40081799591002043,0.17447916666666652,0.14825306893295565,0.6812933025404155,0.3393316195372752,0.0
0.4694694694694695,0.4520255863539446,0.7182389937106918,0.3238736102984199,0.35226730310262533,0.5640243902439024,0.37980376124284554,0.48480124707716277,0.5249695493300852,0.6572934973637962,0.5878455563171121,0.6012014787430686,0.42035398230088494,0.6394160583941606,0.4940848990953377,0.5938864628820961,0.34560327198363994,0.4440104166666665,0.1954674220963173,0.28560431100846806,0.3384747215081404,0.0
0.47047047047047047,0.6066098081023452,0.5924528301886791,0.11322410766530111,0.2692124105011934,0.8004221388367732,0.1242845461978741,0.10795011691348355,0.3032886723507917,0.9999999999999999,0.39273474982864987,0.32809611829944574,0.3318584070796461,0.35273722627737225,0.20528879610299233,0.8811603243917654,0.27556237218813906,0.6692708333333333,0.22662889518413604,0.22940723633564275,0.8946015424164523,0.0
0.47147147147147145,0.34541577825159914,0.529559748427673,0.42042129900526604,0.46730310262529834,0.5544090056285178,0.3836876533115292,0.39360872954014026,0.5992691839220462,0.6239015817223198,0.44345442083618924,0.43253234750462144,0.34402654867256643,0.4437956204379563,0.35768963117606134,0.5807860262008735,0.2648261758691206,0.5807291666666666,0.4117091595845137,0.30946882217090055,0.6786632390745501,0.0
0.4724724724724725,0.35714285714285715,0.4691823899371068,0.36132241076653004,0.3350835322195705,0.5574577861163228,0.3730580539656583,0.3632112236944658,0.33008526187576126,0.827768014059754,0.289239204934887,0.2592421441774495,0.1758849557522124,0.2777372262773723,0.3402922755741127,0.66032439176544,0.4504089979550101,0.6940104166666665,0.2181303116147309,0.32563510392609674,0.6435304198800343,0.0
0.47347347347347346,0.6652452025586355,0.34213836477987414,0.5222352252779403,0.37040572792362775,0.42213883677298325,0.5637775960752249,0.5148090413094308,0.6077953714981729,0.44932630345635627,0.6223440712816999,0.7560073937153422,0.2599557522123894,0.664963503649635,0.5803757828810023,0.47192763568309437,0.5322085889570551,0.32161458333333326,0.4844192634560907,0.5873749037721323,0.5706940874035987,0.0
0.4744744744744745,0.5415778251599146,0.4138364779874213,0.6155646576945581,0.46205250596658715,0.25187617260788,0.652085036794767,0.6831644583008574,0.5529841656516443,0.3884007029876976,0.5544893762851268,0.6252310536044365,0.37057522123893816,0.6335766423357664,0.4829505915100909,0.3677479725514661,0.7172801635991819,0.6809895833333333,0.7818696883852692,0.45496535796766757,0.6169665809768637,0.0
0.4754754754754755,0.6108742004264391,0.6754716981132075,0.4461673493270917,0.4668257756563246,0.5159474671669795,0.43806214227309903,0.38932190179267323,0.7101096224116931,0.6303456356180431,0.47064199223212244,0.5277264325323479,0.584070796460177,0.45474452554744516,0.6123869171885876,0.555832813474735,0.41104294478527603,0.3632812499999999,0.7790368271954675,0.7274826789838333,0.6940874035989716,0.0
0.47647647647647645,0.24093816631130066,0.1232704402515723,0.5602691632533645,0.3164677804295942,0.31683864915572235,0.4948896156991005,0.5475448168355415,0.3166869671132765,0.5887521968365553,0.5222755311857437,0.5240295748613681,0.3484513274336284,0.5244525547445256,0.385525400139179,0.45009357454772303,0.4831288343558282,0.6510416666666665,0.6458923512747876,0.39799846035411823,0.5115681233933161,0.0
0.4774774774774775,0.31982942430703626,0.5044025157232703,0.44294909303686336,0.486873508353222,0.4737335834896812,0.48977923139820123,0.475837879968823,0.42509135200974424,0.4797891036906855,0.4343157413753713,0.4630314232902035,0.6858407079646018,0.4700729927007299,0.39387613082811423,0.5318153462258268,0.5598159509202453,0.42317708333333326,0.7299338999055713,0.4095458044649729,0.5664095972579263,0.0
0.47847847847847846,0.6140724946695095,0.5559748427672956,0.5263311878291397,0.4066825775656325,0.3925891181988743,0.5515126737530662,0.5510522213561964,0.633373934226553,0.47334504979496195,0.5145076536440485,0.4755083179297601,0.4148230088495576,0.5372262773722627,0.23799582463465585,0.46381784154709926,0.59560327198364,0.41536458333333326,0.493862134088763,0.3402617397998462,0.574121679520137,0.0
0.4794794794794795,0.6236673773987205,0.6050314465408804,0.19543592744294913,0.5384248210023866,0.6709662288930582,0.19276369582992636,0.28020265003897094,0.5200974421437271,0.6994727592267135,0.29358007767877536,0.31238447319778206,0.41371681415929207,0.30821167883211675,0.12526096033402911,0.8119151590767313,0.45092024539877285,0.32161458333333326,0.27856468366383386,0.02771362586605086,0.5321336760925449,0.0
0.4804804804804805,0.4307036247334754,0.44654088050314455,0.5377413692217672,0.3484486873508354,0.3628048780487806,0.5057236304170074,0.6239282930631331,0.6138855054811205,0.5325131810193321,0.6991089787525703,0.6760628465804068,0.7765486725663717,0.7326642335766423,0.4523312456506612,0.40954460386774794,0.5940695296523516,0.6614583333333333,0.3824362606232295,0.38414164742109325,0.40959725792630663,0.0
0.48148148148148145,0.26226012793176984,0.5220125786163522,0.6111761263897015,0.44486873508353225,0.46364915572232657,0.546197874080131,0.5296180826188619,0.38367844092570036,0.4809607498535441,0.5496915695681974,0.5475970425138637,0.5475663716814159,0.5810218978102188,0.4913013221990261,0.4953212726138492,0.49130879345603273,0.4960937499999999,0.6458923512747876,0.4087759815242493,0.5089974293059126,0.0
0.4824824824824825,0.5852878464818763,0.5094339622641508,0.3958455236980689,0.41957040572792365,0.5340056285178236,0.3585445625511039,0.4325798908807481,0.6638246041412911,0.7691857059168131,0.32579392277815855,0.2384473197781889,0.36946902654867264,0.25383211678832107,0.7000695894224078,0.6257018091079225,0.34815950920245387,0.37760416666666663,0.24173748819641178,0.6050808314087757,0.4078834618680377,0.0
0.48348348348348347,0.4307036247334754,0.5257861635220126,0.2688706846108835,0.36849642004773275,0.6228893058161353,0.2614472608340146,0.25175370226032734,0.40925700365408046,0.6842413591095488,0.5572309801233721,0.5060073937153422,0.502212389380531,0.5091240875912408,0.7265135699373699,0.7510917030567685,0.2816973415132924,0.4804687499999999,0.5514636449480643,0.5473441108545032,0.6041131105398457,0.0
0.4844844844844845,0.49680170575692967,0.6125786163522011,0.620245757753072,0.27828162291169456,0.27556285178236395,0.6404333605887162,0.6453624318004676,0.7198538367844093,0.5155243116578793,0.6787754169522504,0.6908502772643255,0.459070796460177,0.6771897810218978,0.3625608907446072,0.3658764815970057,0.7995910020449897,0.18359375,0.24551463644948063,0.34719014626635847,0.20565552699228784,0.0
0.4854854854854855,0.5021321961620469,0.5069182389937106,0.4959040374488002,0.33556085918854417,0.31801125703564737,0.5265739983646771,0.5097427903351517,0.40682095006090135,0.5893380199179846,0.575508339045008,0.5499075785582259,0.48893805309734517,0.5804744525547445,0.3542101600556715,0.5081097941359951,0.7387525562372187,0.4791666666666665,0.5080264400377715,0.32486528098537315,0.5415595544130248,0.0
0.48648648648648646,0.7963752665245203,0.6628930817610063,0.3531304856641311,0.24582338902147982,0.5816135084427769,0.3419869174161896,0.40568978955572854,0.2095006090133983,0.6473345049794962,0.49897189856065804,0.46626617375231083,0.44469026548672574,0.4182481751824818,0.5546276965901185,0.6615720524017468,0.4049079754601227,0.22786458333333326,0.534466477809254,0.4511162432640492,0.5861182519280205,0.0
0.4874874874874875,0.6908315565031984,0.579874213836478,0.1808074897600933,0.322673031026253,0.7333489681050658,0.20666394112837305,0.2279812938425565,0.8757612667478685,0.8564733450497949,0.39867489147818136,0.3428835489833646,0.31194690265486735,0.31277372262773717,0.6040361864996524,0.7938240798502809,0.121165644171779,0.5859375,0.323890462700661,0.6143187066974596,0.8389031705227078,0.0
0.48848848848848847,0.6833688699360341,0.7295597484276729,0.5386190754827382,0.47923627684964204,0.4523921200750469,0.544562551103843,0.5526110678098206,0.5468940316686968,0.4827182190978324,0.5405528901073795,0.5707024029574865,0.2654867256637169,0.572080291970803,0.49895615866388354,0.4741110417966312,0.5787321063394681,0.4361979166666665,0.47119924457034945,0.4272517321016167,0.47472150814053127,0.0
0.4894894894894895,0.4978678038379531,0.510691823899371,0.588355763604447,0.41002386634844873,0.352251407129456,0.5721586263287,0.6640685892439593,0.8209500609013398,0.4159343878148799,0.6248572081334248,0.6487985212569318,0.5342920353982301,0.6437956204379562,0.5817675713291584,0.3658764815970057,0.523006134969325,0.31770833333333326,0.408876298394712,0.5073133179368741,0.3847472150814052,0.0
0.4904904904904905,0.7025586353944562,0.7169811320754716,0.2934464599180808,0.5231503579952268,0.6887898686679175,0.30703188879803767,0.29189399844115327,0.5225334957369062,0.6795547744581135,0.3287639936029244,0.31469500924214455,0.2234513274336284,0.31295620437956195,0.3430758524704247,0.740174672489083,0.29601226993865026,0.4140625,0.4296506137865912,0.3956889915319475,0.5852613538988859,0.0
0.49149149149149146,0.4371002132196162,0.6767295597484276,0.5444704505558806,0.4267303102625299,0.4659943714821764,0.4871218315617334,0.6566640685892438,0.4543239951278928,0.4815465729349734,0.5135937856979667,0.5780961182994457,0.299778761061947,0.520802919708029,0.6673625608907447,0.42607610729881484,0.3629856850715747,0.2968749999999998,0.4239848914069878,0.661277906081601,0.3196229648671808,0.0
0.4924924924924925,0.5021321961620469,0.4779874213836477,0.41720304271503816,0.35465393794749406,0.4671669793621014,0.4215044971381847,0.40802805923616514,0.5529841656516443,0.562390158172232,0.5181631254283756,0.4519408502772646,0.45243362831858414,0.4748175182481751,0.46276965901183065,0.5701809107922644,0.49182004089979536,0.2929687499999998,0.45231350330500475,0.429561200923787,0.5295629820051414,0.0
0.4934934934934935,0.5703624733475479,0.6226415094339621,0.20509069631363364,0.39331742243436757,0.7120075046904317,0.1839738348323794,0.2299298519095867,0.5468940316686968,0.766256590509666,0.4487091615261595,0.4186691312384476,0.42699115044247793,0.44927007299270083,0.5706332637439111,0.7866500311915159,0.1891615541922289,0.5729166666666666,0.5146364494806421,0.4911470361816779,0.7120822622107968,0.0
0.4944944944944945,0.7505330490405115,0.8025157232704402,0.480983031012288,0.4649164677804296,0.5532363977485928,0.4010629599345872,0.4162120031176928,0.6979293544457978,0.6291739894551845,0.3847384053004341,0.36506469500924266,0.5154867256637168,0.37299270072992696,0.44676409185803756,0.5807860262008735,0.4560327198364007,0.40234375,0.5467422096317281,0.36643571978444944,0.6246786632390745,0.0
0.4954954954954955,0.16844349680170573,0.4427672955974842,0.7279110590988882,0.42243436754176616,0.22865853658536583,0.6960343417825021,0.6874512860483242,0.38124238733252136,0.3620386643233743,0.6228010052547407,0.6792975970425141,0.5309734513274337,0.6833941605839415,0.5114822546972864,0.3194011228945728,0.7556237218813905,0.7265624999999999,0.7252124645892353,0.48806774441878353,0.3213367609254497,0.0
0.4964964964964965,0.37633262260127937,0.27798742138364774,0.48186073727325907,0.4133651551312649,0.44418386491557227,0.4893704006541293,0.45635229929851895,0.635809987819732,0.5846514352665494,0.39067854694996573,0.3974121996303146,0.34734513274336287,0.375,0.690327070285317,0.5630068621334998,0.4115541922290388,0.41666666666666663,0.5354107648725213,0.6705157813702844,0.4790059982862037,0.0
0.4974974974974975,0.3880597014925374,0.6125786163522011,0.5236980690462258,0.4763723150357996,0.3477954971857412,0.5337285363859363,0.5919719407638346,0.4056029232643118,0.46338605741066197,0.49074708704592185,0.5351201478743073,0.3838495575221239,0.5569343065693431,0.39387613082811423,0.45040548970679994,0.5470347648261759,0.5299479166666666,0.44381491973559967,0.40492686682063095,0.35047129391602405,0.0
0.4984984984984985,0.3923240938166312,0.5018867924528301,0.48478642480983036,0.4959427207637232,0.4622420262664164,0.53556827473426,0.6235385814497272,0.5956151035322776,0.5196250732278852,0.5757368060315284,0.6589648798521259,0.422566371681416,0.632846715328467,0.39248434237995866,0.49625701809107925,0.5644171779141103,0.6236979166666665,0.3484419263456091,0.5157813702848344,0.3984575835475578,0.0
0.4994994994994995,0.8901918976545842,0.7937106918238993,0.36541837331772964,0.41145584725537,0.5996716697936211,0.38838920686835654,0.3928293063133279,0.43727161997563935,0.8441710603397773,0.4393420150788211,0.43576709796672874,0.18584070796460184,0.4122262773722627,0.4405010438413366,0.6678103555832815,0.4739263803680981,0.3515624999999999,0.6345609065155808,0.4110854503464201,0.7874892887746358,0.0
0.5005005005005005,0.5373134328358209,0.529559748427673,0.44382679929783486,0.46205250596658715,0.4631801125703565,0.47465249386753894,0.47038191738113766,0.42265529841656524,0.6309314586994729,0.4475668265935573,0.471349353049908,0.2334070796460178,0.4532846715328467,0.43284620737647916,0.5461634435433562,0.5587934560327197,0.2265625,0.6232294617563741,0.6343341031562737,0.5278491859468722,0.0
0.5015015015015015,0.36034115138592754,0.6251572327044024,0.430368636629608,0.4291169451073986,0.5494840525328331,0.39697465249386754,0.3932190179267341,0.46285018270401945,0.6121851200937317,0.40301576422206997,0.343345656192237,0.46902654867256643,0.36970802919708023,0.3987473903966601,0.6278852152214598,0.4059304703476482,0.4414062499999999,0.5335221907459868,0.4080061585835253,0.5132819194515851,0.0
0.5025025025025025,0.19189765458422176,0.6050314465408804,0.5646576945582211,0.4190930787589499,0.37687617260788,0.5071545380212594,0.583787996882307,0.21680876979293545,0.3925014645577035,0.5563171121772904,0.6414048059149726,0.3008849557522124,0.5914233576642336,0.6325678496868479,0.5006238303181534,0.5593047034764825,0.47786458333333315,0.5004721435316337,0.6366435719784449,0.35047129391602405,0.0
0.5035035035035035,0.5511727078891258,0.7295597484276729,0.4684025746050322,0.44486873508353225,0.48757035647279556,0.4417416189697465,0.4368667186282149,0.2582216808769793,0.5278265963678969,0.6068083161983093,0.7227356746765254,0.19358407079646023,0.6505474452554745,0.37439109255393177,0.5389893948845914,0.4749488752556237,0.5026041666666665,0.5892351274787536,0.4788298691300996,0.7112253641816623,0.0
0.5045045045045045,0.5319829424307034,0.7169811320754716,0.6141018139262724,0.4768496420047733,0.43527204502814243,0.5600981193785772,0.6106780982073265,0.6248477466504262,0.4399531341534856,0.4491660954992004,0.46072088724584126,0.18030973451327437,0.43941605839416065,0.5922059846903274,0.43480973175296334,0.5250511247443761,0.6458333333333331,0.5996222851746932,0.6451116243264048,0.32990574121679506,0.0
0.5055055055055055,0.5628997867803838,0.6364779874213835,0.3092451726155645,0.49307875894988074,0.575984990619137,0.3828699918233851,0.3409976617303194,0.6321559074299634,0.6045694200351491,0.3223669179803518,0.23012939001848465,0.5564159292035398,0.2702554744525547,0.39387613082811423,0.6597005614472862,0.42280163599181997,0.2773437499999998,0.3786591123701606,0.40646651270207856,0.5415595544130248,0.0
0.5065065065065065,0.30916844349680167,0.4779874213836477,0.6322410766530133,0.5198090692124105,0.2804878048780488,0.6228536385936223,0.6375681995323459,0.784409257003654,0.2964264792032806,0.6145761937400046,0.769870609981516,0.4646017699115045,0.7607664233576643,0.05706332637439138,0.3814722395508423,0.7898773006134968,0.8059895833333331,0.5524079320113315,0.18475750577367167,0.38303341902313626,0.0
0.5075075075075075,0.5351812366737738,0.7232704402515723,0.3861907548273842,0.4515513126491647,0.5551125703564728,0.34505314799672937,0.3028059236165235,0.3264311814859927,0.7170474516695956,0.3550376970527759,0.27125693160813347,0.5929203539823009,0.3653284671532846,0.4641614474599862,0.6478477854023708,0.4458077709611451,0.8320312499999999,0.28234183191690276,0.39030023094688193,0.5501285347043702,0.0
0.5085085085085085,0.652452025586354,0.5408805031446541,0.479520187244002,0.4525059665871122,0.449812382739212,0.47894521668029455,0.554559625876851,0.14981729598051158,0.5336848271821909,0.48800548320767656,0.5097042513863219,0.375,0.4864963503649635,0.40153096729297166,0.5374298190892077,0.6186094069529651,0.4531249999999999,0.3550519357884797,0.37413394919168574,0.47472150814053127,0.0
0.5095095095095095,0.6609808102345416,0.3559748427672955,0.39964891749561127,0.4916467780429595,0.5504221388367732,0.38920686835650065,0.3378799688230707,0.5505481120584653,0.596953719976567,0.4110121087502856,0.4718114602587804,0.706858407079646,0.3616788321167883,0.535142658315936,0.671553337492202,0.49488752556237214,0.09114583333333326,0.5136921624173749,0.4264819091608927,0.7129391602399314,0.0
0.5105105105105106,0.9104477611940298,0.690566037735849,0.441193680514921,0.48162291169451077,0.5616791744840526,0.4877350776778413,0.41114575214341365,0.4494518879415347,0.5705916813122437,0.38245373543522954,0.49722735674676555,0.4502212389380531,0.41277372262773726,0.7132915796798889,0.6091703056768558,0.5362985685071573,0.36067708333333326,0.32672332389046277,0.6589684372594302,0.5561268209083118,0.0
0.5115115115115115,0.3432835820895523,0.4528301886792452,0.5149210064365124,0.42577565632458236,0.34169793621013134,0.5280049059689289,0.60833982852689,0.38367844092570036,0.5899238429994141,0.5503769705277588,0.6062846580406658,0.3418141592920355,0.6364963503649635,0.39596381350034804,0.46756082345602,0.6968302658486706,0.6705729166666665,0.6647780925401323,0.2501924557351809,0.4473007712082261,0.0
0.5125125125125125,0.41791044776119396,0.4729559748427672,0.41164423639555303,0.4439140811455847,0.5975609756097562,0.39329517579722006,0.28877630553390476,0.4969549330085261,0.6572934973637962,0.41124057573680606,0.4080406654343811,0.17035398230088505,0.38065693430656933,0.690327070285317,0.6372426699937619,0.2893660531697342,0.7382812499999999,0.8810198300283287,0.6012317167051577,0.8311910882604968,0.0
0.5135135135135135,0.5660980810234542,0.6389937106918238,0.4801053247513165,0.21813842482100243,0.4899155722326456,0.438266557645135,0.4941543257989087,0.6224116930572472,0.6602226127709431,0.5917294950879598,0.4782809611829948,0.5143805309734514,0.502007299270073,0.5504523312456508,0.5268247036805991,0.5250511247443761,0.3502604166666665,0.42209631728045327,0.46189376443417984,0.47814910025706936,0.0
0.5145145145145145,0.6972281449893392,0.43647798742138355,0.4400234055002925,0.5116945107398568,0.4826454033771108,0.4417416189697465,0.41543257989088045,0.3422655298416565,0.644405389572349,0.429061000685401,0.4182070240295752,0.5210176991150444,0.4479927007299269,0.5734168406402227,0.5739238927011854,0.3982617586912064,0.5351562499999999,0.4447592067988669,0.579676674364896,0.6709511568123393,0.0
0.5155155155155156,0.5671641791044775,0.5622641509433962,0.3420128730251608,0.35322195704057285,0.6278142589118201,0.3370809484873263,0.34723304754481665,0.49330085261875756,0.6502636203866433,0.558144848069454,0.5854898336414052,0.49668141592920356,0.5633211678832117,0.43632567849686854,0.6615720524017468,0.3312883435582821,0.49739583333333326,0.46931067044381497,0.4896073903002307,0.6563838903170521,0.0
0.5165165165165165,0.5767590618336886,0.5358490566037736,0.45231129315389085,0.3837708830548926,0.5358818011257036,0.4525756336876534,0.5124707716289945,0.6017052375152252,0.5196250732278852,0.5745944710989263,0.5891866913123849,0.6039823008849559,0.5540145985401459,0.45302713987473897,0.5268247036805991,0.36707566462167684,0.1875,0.3456090651558074,0.4511162432640492,0.48157669237360745,0.0
0.5175175175175175,0.396588486140725,0.519496855345912,0.457870099473376,0.4902147971360382,0.44840525328330205,0.43765331152902687,0.4766173031956349,0.40438489646772235,0.561218512009373,0.4011880283299064,0.4205175600739375,0.3738938053097346,0.4202554744525546,0.43841336116910234,0.554585152838428,0.4401840490797545,0.4648437499999999,0.4617563739376771,0.45573518090839116,0.4173093401885176,0.0
0.5185185185185185,0.3880597014925374,0.5182389937106918,0.4748390871854884,0.41813842482100244,0.4111163227016885,0.4703597710547833,0.5452065471551051,0.5712545676004872,0.4258933801991799,0.5604295179346584,0.5013863216266177,0.6426991150442478,0.501824817518248,0.3980514961725823,0.5006238303181534,0.5132924335378323,0.26171875,0.7006610009442872,0.40646651270207856,0.5467009425878321,0.0
0.5195195195195195,0.6918976545842217,0.6465408805031446,0.2963721474546517,0.47732696897374705,0.6383677298311445,0.2882256745707277,0.22603273577552585,0.43970767356881846,0.6004686584651436,0.43317340644276914,0.46950092421441814,0.3252212389380532,0.4514598540145984,0.3876130828114128,0.7111665626949468,0.3517382413087933,0.37630208333333326,0.5835694050991502,0.27867590454195534,0.784918594687232,0.0
0.5205205205205206,0.2046908315565032,0.8075471698113207,0.5734347571679344,0.447255369928401,0.3801594746716699,0.5874897792313982,0.5853468433359312,0.51278928136419,0.41886350322202703,0.5371258853095727,0.6705175600739373,0.23008849557522137,0.6239051094890511,0.5024356297842729,0.3649407361197756,0.5817995910020448,0.6901041666666665,0.9338999055712938,0.46882217090069256,0.5638389031705228,0.0
0.5215215215215215,0.5490405117270789,0.720754716981132,0.3048566413107079,0.5317422434367542,0.6911350844277673,0.28843008994276387,0.31878409976617283,0.4506699147381241,0.6069127123608667,0.37034498514964587,0.5032347504621075,0.4081858407079646,0.452007299270073,0.3876130828114128,0.7641921397379912,0.23108384458077724,0.43229166666666663,0.6147308781869689,0.2963818321785987,0.6718080548414739,0.0
0.5225225225225225,0.5405117270788911,0.47547169811320744,0.31597425394967815,0.3494033412887829,0.5799718574108819,0.31725265739983666,0.3487918939984409,0.5919610231425091,0.7603983596953717,0.5633995887594243,0.4889094269870613,0.5188053097345133,0.5476277372262774,0.5149617258176757,0.7077354959451032,0.35378323108384446,0.7252604166666665,0.23229461756373943,0.5334872979214778,0.5784061696658097,0.0
0.5235235235235235,0.5341151385927505,0.5547169811320755,0.7375658279695727,0.5241050119331743,0.25375234521575984,0.7299672935404744,0.7470771628994541,0.4567600487210718,0.31927357937902745,0.682659355723098,0.9052680221811462,0.28761061946902655,0.7828467153284672,0.5789839944328463,0.29226450405489723,0.7300613496932514,0.3749999999999999,0.6751652502360719,0.6366435719784449,0.3487574978577549,0.0
0.5245245245245245,0.5394456289978677,0.28427672955974836,0.5462258630778232,0.539856801909308,0.28424015009380865,0.5511038430089943,0.5416991426344504,0.4993909866017052,0.4786174575278265,0.6225725382682202,0.747689463955638,0.5265486725663717,0.6952554744525548,0.23521224773834426,0.4429195258889582,0.6140081799591002,0.4648437499999999,0.36921624173748824,0.28637413394919164,0.5201371036846615,0.0
0.5255255255255256,0.8017057569296375,0.6490566037735849,0.2615564657694558,0.4133651551312649,0.7356941838649158,0.23528209321340965,0.1691348402182382,0.6967113276492083,0.8722905682483889,0.35572309801233715,0.3068391866913127,0.5165929203539823,0.34927007299270074,0.45093945720250517,0.8116032439176544,0.29703476482617597,0.5794270833333333,0.4759206798866856,0.42340261739799834,0.7060839760068552,0.0
0.5265265265265265,0.3923240938166312,0.7672955974842766,0.5784084259801052,0.3608591885441528,0.38860225140712945,0.5496729354047425,0.5206547155105219,0.4080389768574909,0.5202108963093145,0.6783184829792096,0.7541589648798523,0.6128318584070798,0.7512773722627737,0.3089770354906056,0.43356207111665634,0.7085889570552145,0.6705729166666665,0.4806421152030218,0.21785989222478808,0.48757497857754906,0.0
0.5275275275275275,0.4861407249466951,0.4742138364779873,0.5152135751901696,0.33747016706443916,0.45028142589118203,0.4648405560098119,0.5467653936087293,0.5846528623629719,0.5547744581136494,0.5862462874114691,0.6723659889094271,0.32190265486725667,0.6381386861313868,0.6729297146833684,0.5031191515907674,0.43200408997955,0.6588541666666665,0.4239848914069878,0.6120092378752884,0.37275064267352176,0.0
0.5285285285285285,0.3976545842217483,0.5547169811320755,0.569631363370392,0.5737470167064439,0.38531894934333977,0.5400654129190516,0.6527669524551829,0.34591961023142503,0.37024018746338616,0.4334018734292895,0.5891866913123849,0.18030973451327437,0.5399635036496351,0.3674321503131526,0.4666250779787897,0.6313905930470346,0.47786458333333315,0.33994334277620397,0.3033102386451114,0.29820051413881743,0.0
0.5295295295295295,0.699360341151386,0.49056603773584895,0.37097717963721455,0.2467780429594273,0.5795028142589118,0.42641046606704824,0.4185502727981292,0.3081607795371498,0.6654950205038078,0.6563856522732465,0.5120147874306842,0.7599557522123894,0.5401459854014599,0.4196242171189981,0.7011852776044916,0.42382413087934556,0.009114583333333481,0.4135977337110482,0.3695150115473438,0.4772922022279348,0.0
0.5305305305305306,0.13219616204690826,0.5999999999999999,0.6363370392042129,0.4190930787589499,0.2661819887429644,0.6173344235486509,0.6929072486360093,0.40925700365408046,0.5834797891036908,0.575965273018049,0.6469500924214422,0.5641592920353983,0.6441605839416058,0.4077940153096731,0.3730505302557705,0.7448875255623721,0.6718749999999999,0.39376770538243633,0.30946882217090055,0.11910882604970008,0.0
0.5315315315315315,0.48827292110874204,0.781132075471698,0.3818022235225278,0.5536992840095466,0.6559568480300189,0.3787816843826657,0.43725643024162086,0.48599269183922045,0.4926772114821324,0.5213616632396618,0.7310536044362295,0.29535398230088505,0.6281021897810218,0.3451635351426585,0.6263256394260763,0.4841513292433537,0.2578125,0.4863078375826252,0.3725943033102386,0.6135389888603254,0.0
0.5325325325325325,0.6289978678038379,0.46163522012578606,0.19923932124049148,0.24248210023866346,0.7532833020637901,0.16598528209321373,0.1286048324240059,0.5481120584652862,0.9179847685998827,0.49303175691112633,0.43299445471349385,0.47787610619469034,0.4208029197080292,0.7397355601948505,0.8792888334373052,0.17229038854805734,0.24739583333333326,0.56657223796034,0.5481139337952272,0.832904884318766,0.0
0.5335335335335335,0.5127931769722816,0.5886792452830188,0.5076067875950847,0.45823389021479716,0.503048780487805,0.4893704006541293,0.4368667186282149,0.6041412911084043,0.4674868189806677,0.4432259538496687,0.4519408502772646,0.41039823008849563,0.42737226277372264,0.39944328462073786,0.5165315034310667,0.4775051124744375,0.5546874999999999,0.509915014164306,0.5388760585065433,0.5227077977720652,0.0
0.5345345345345345,0.6375266524520256,0.5710691823899371,0.4335868929198359,0.4572792362768497,0.4957786116322702,0.4319296811120197,0.4770070148090413,0.6552984165651644,0.6777973052138252,0.43728581220013707,0.40942698706099834,0.4579646017699116,0.3992700729927008,0.6116910229645098,0.5832813474734875,0.4478527607361962,0.3007812499999998,0.428706326723324,0.4988452655889146,0.5484147386461012,0.0
0.5355355355355356,0.52771855010661,0.43647798742138355,0.3352837916910474,0.15751789976133657,0.6177298311444654,0.2966067048242029,0.3106001558846452,0.535931790499391,0.8904510837727008,0.564770390678547,0.5000000000000002,0.5176991150442478,0.5332116788321168,0.7028531663187199,0.6662507797878978,0.38394683026584864,0.8033854166666665,0.4985835694050992,0.5658198614318706,0.6709511568123393,0.0
0.5365365365365365,0.36886993603411516,0.5446540880503145,0.559098888238736,0.47732696897374705,0.3088649155722326,0.6195829926410468,0.7248636009353078,0.5481120584652862,0.49502050380785,0.5627141877998629,0.6146025878003698,0.6449115044247788,0.6051094890510949,0.5226165622825332,0.35308796007485976,0.5771983640081799,0.6132812499999999,0.4504249291784703,0.613548883756736,0.22964867180805482,0.0
0.5375375375375375,0.6503198294243071,0.5823899371069182,0.5585137507314217,0.49116945107398574,0.34709193245778613,0.6114063777596077,0.6484801247077161,0.3678440925700366,0.3503222026947862,0.621430203335618,0.7823475046210724,0.22676991150442494,0.693978102189781,0.6367432150313155,0.3714909544603868,0.5362985685071573,0.6510416666666665,0.6827195467422097,0.6389530408006157,0.5852613538988859,0.0
0.5385385385385385,0.41364605543710015,0.5786163522012578,0.7226448215330601,0.38281622911694513,0.19183864915572235,0.6882665576451348,0.7439594699922056,0.4847746650426309,0.3538371411833626,0.6504455106237149,0.7292051756007396,0.32079646017699126,0.6554744525547446,0.8169798190675022,0.27230193387398627,0.6058282208588956,0.5403645833333333,0.7034938621340888,0.7190146266358737,0.28363324764353026,0.0
0.5395395395395395,0.4861407249466951,0.7761006289308175,0.4154476301930954,0.3164677804295942,0.5522983114446529,0.42007358953393314,0.3897116134060794,0.5481120584652862,0.6362038664323374,0.5384966872286955,0.519870609981516,0.5387168141592922,0.453832116788321,0.5100904662491303,0.6119775421085465,0.4999999999999999,0.43880208333333315,0.6430594900849859,0.5150115473441108,0.6461011139674379,0.0
0.5405405405405406,0.24520255863539447,0.5773584905660377,0.6808074897600935,0.445346062052506,0.2736866791744841,0.6432951757972201,0.6309431021044427,0.3337393422655298,0.4024604569420035,0.6159469956591272,0.6007393715341962,0.5575221238938053,0.6795620437956205,0.2658315935977731,0.3484092326887087,0.8420245398773005,0.4635416666666665,0.6487252124645893,0.1339491916859119,0.352185089974293,0.0
0.5415415415415415,0.8081023454157781,0.5886792452830188,0.5781158572264482,0.5288782816229117,0.3585834896810506,0.5868765331152903,0.6683554169914261,0.49086479902557856,0.3468072642062098,0.6228010052547407,0.8354898336414052,0.3716814159292037,0.7021897810218978,0.46833681280445383,0.41765439800374304,0.6927402862985684,0.26041666666666674,0.47025495750708224,0.3933795227097767,0.39674378748928885,0.0
0.5425425425425425,0.579957356076759,0.7257861635220125,0.36688121708601495,0.43532219570405734,0.623827392120075,0.3477105478331972,0.33515198752922815,0.2935444579780755,0.7996485061511424,0.36486177747315507,0.3197781885397415,0.38827433628318586,0.29489051094890506,0.5281837160751568,0.6584529008109794,0.3271983640081799,0.45052083333333315,0.7677053824362607,0.5050038491147038,0.726649528706084,0.0
0.5435435435435435,0.7494669509594882,0.5446540880503145,0.2375658279695727,0.2548926014319809,0.6932457786116324,0.24713818479149618,0.2178487918939982,0.42265529841656524,0.8740480374926772,0.282613662325794,0.09426987060998204,0.2511061946902655,0.12773722627737216,0.5956854558107167,0.7660636306924515,0.287321063394683,0.4999999999999999,0.5033050047214354,0.5257890685142415,0.832904884318766,0.0
0.5445445445445445,0.6886993603411513,0.6880503144654088,0.24517261556465764,0.37040572792362775,0.6852720450281427,0.22812755519215044,0.2696804364770067,0.3982947624847747,0.7768014059753953,0.37811286269134115,0.37245841035120186,0.297566371681416,0.3470802919708029,0.7174669450243565,0.7217716781035559,0.3067484662576685,0.58203125,0.5996222851746932,0.5850654349499611,0.8740359897172235,0.0
0.5455455455455456,0.624733475479744,0.650314465408805,0.4713282621416033,0.445346062052506,0.5032833020637899,0.44153720359771054,0.5342946219797349,0.2496954933008526,0.6057410661980082,0.4742974640164497,0.5286506469500927,0.3838495575221239,0.4616788321167882,0.5427974947807934,0.5517779164067376,0.5373210633946829,0.4674479166666665,0.380547686496695,0.38183217859892205,0.3136246786632392,0.0
0.5465465465465466,0.4541577825159914,0.690566037735849,0.409596255119953,0.45823389021479716,0.4990619136960601,0.42845461978740795,0.49727201870615745,0.8599269183922047,0.5178676039835969,0.46470185058259084,0.4930683918669134,0.4347345132743363,0.49708029197080283,0.3075852470424496,0.573300062383032,0.4959100204498976,0.4947916666666665,0.7233238904627007,0.3063895304080062,0.5989717223650385,0.0
0.5475475475475475,0.5671641791044775,0.6742138364779874,0.5409596255119951,0.4272076372315036,0.3923545966228893,0.571545380212592,0.6188620420888542,0.5140073081607796,0.5061511423550088,0.6120630568882797,0.7051756007393719,0.3838495575221239,0.7021897810218978,0.5608907446068199,0.4048658764815971,0.44989775051124736,0.5494791666666666,0.42304060434372054,0.47267128560431093,0.5938303341902312,0.0
0.5485485485485485,0.41684434968017053,0.6679245283018868,0.4651843183148039,0.5069212410501194,0.5053939962476548,0.4505314799672937,0.47116134060795,0.5334957369062119,0.49970708845928524,0.44710989262051637,0.4205175600739375,0.4579646017699116,0.3857664233576641,0.5434933890048712,0.5474111041796632,0.4289366053169733,0.1875,0.5212464589235128,0.497305619707467,0.5672664952870609,0.0
0.5495495495495496,0.64818763326226,0.5119496855345911,0.5125804564072556,0.484964200477327,0.3958724202626642,0.5535568274734259,0.613795791114575,0.7003654080389768,0.48974809607498526,0.5549463102581678,0.6557301293900188,0.3163716814159293,0.6113138686131387,0.5894224077940158,0.45945102932002513,0.4074642126789365,0.4531249999999999,0.4844192634560907,0.6035411855273285,0.352185089974293,0.0
0.5505505505505506,0.453091684434968,0.33710691823899364,0.5114101813926271,0.4157517899761337,0.3738273921200751,0.5206459525756337,0.5845674201091191,0.3641900121802679,0.4956063268892793,0.5965273018048892,0.6853049907578561,0.5365044247787611,0.6096715328467153,0.39596381350034804,0.47161572052401746,0.5894683026584866,0.26171875,0.5958451369216242,0.3287143956889915,0.5047129391602397,0.0
0.5515515515515516,0.4498933901918976,0.7345911949685534,0.5939145699239319,0.5393794749403342,0.3334896810506567,0.6212183156173345,0.7010911925175369,0.32034104750304504,0.3807850029291152,0.5526616403929632,0.6866913123844736,0.4557522123893806,0.6056569343065692,0.43354210160055695,0.3490330630068621,0.632924335378323,0.3554687499999999,0.736543909348442,0.5727482678983828,0.42159383033419007,0.0
0.5525525525525525,0.5170575692963753,0.4981132075471697,0.21708601521357518,0.37231503579952274,0.8048780487804879,0.17681929681112019,0.13951675759937632,0.5712545676004872,0.919742237844171,0.308658898789125,0.24121996303142357,0.3008849557522124,0.2354014598540144,0.597773138482951,0.8496568933250155,0.2070552147239264,0.5651041666666666,0.5599622285174694,0.6012317167051577,0.7343616109682948,0.0
0.5535535535535535,0.52771855010661,0.5635220125786163,0.4031597425394968,0.43579952267303107,0.4868667917448406,0.4057645134914145,0.49142634450506617,0.2496954933008526,0.5741066198008201,0.48800548320767656,0.5129390018484292,0.3838495575221239,0.518978102189781,0.5852470424495477,0.5717404865876481,0.49948875255623704,0.5755208333333333,0.4362606232294618,0.34103156274056934,0.44901456726649525,0.0
0.5545545545545546,0.5373134328358209,0.5333333333333333,0.4713282621416033,0.45202863961813844,0.4469981238273921,0.4697465249386754,0.5058456742010911,0.7235079171741778,0.6567076742823669,0.46835732236691807,0.5078558225508321,0.42699115044247793,0.4397810218978102,0.36395267919276275,0.5355583281347474,0.4729038854805725,0.39322916666666663,0.6081208687440983,0.4426481909160893,0.6975149957155099,0.0
0.5555555555555556,0.6588486140724947,0.23899371069182385,0.3715623171445288,0.4878281622911695,0.4955440900562853,0.3885936222403925,0.45050662509742767,0.4336175395858708,0.6584651435266548,0.49074708704592185,0.7125693160813311,0.19579646017699126,0.5906934306569342,0.35560194850382754,0.6281971303805365,0.48466257668711643,0.4492187499999999,0.5618508026440039,0.270207852193995,0.4772922022279348,0.0
0.5565565565565566,0.32409381663113007,0.32327044025157226,0.5336454066705676,0.4071599045346062,0.4094746716697937,0.49039247751430914,0.5315666406858923,0.443361753958587,0.5342706502636204,0.5464930317569112,0.6441774491682073,0.2754424778761062,0.615875912408759,0.4147529575504527,0.48159700561447294,0.602760736196319,0.4713541666666665,0.651558073654391,0.29407236335642795,0.46272493573264784,0.0
0.5575575575575575,0.4797441364605544,0.5886792452830188,0.5921591574019895,0.4066825775656325,0.3888367729831145,0.616516762060507,0.6508183943881527,0.4993909866017052,0.3479789103690686,0.6058944482522276,0.735674676524954,0.15597345132743368,0.6751824817518248,0.5824634655532361,0.3873986275733001,0.4493865030674846,0.3828124999999999,0.6222851746931067,0.6143187066974596,0.443873179091688,0.0
0.5585585585585585,0.5479744136460554,0.5232704402515723,0.38970157987126974,0.42625298329355615,0.5574577861163228,0.3685609157808669,0.3963367108339826,0.4287454323995127,0.7047451669595782,0.49234635595156506,0.5462107208872462,0.3904867256637168,0.5344890510948905,0.39387613082811423,0.6016843418590143,0.3302658486707566,0.43359375,0.5004721435316337,0.39953810623556585,0.6358183376178234,0.0
0.5595595595595596,0.3699360341151386,0.860377358490566,0.48156816851960205,0.4940334128878282,0.49718574108818014,0.43499591169255925,0.5218238503507402,0.6760048721071863,0.6953719976567075,0.42769019876627834,0.46950092421441814,0.4745575221238939,0.4602189781021897,0.5038274182324289,0.5333749220212103,0.5705521472392636,0.4453124999999999,0.37204910292728993,0.4249422632794455,0.29391602399314476,0.0
0.5605605605605606,0.396588486140725,0.9584905660377357,0.44587478057343466,0.45632458233890216,0.5173545966228894,0.45094031071136564,0.5358534684333591,0.7551766138855054,0.5887521968365553,0.4992003655471784,0.4676524953789283,0.5342920353982301,0.4781021897810218,0.3980514961725823,0.5143480973175298,0.4279141104294478,0.37760416666666663,0.33711048158640233,0.5473441108545032,0.33676092544987146,0.0
0.5615615615615616,0.6257995735607675,0.6767295597484276,0.609713282621416,0.44486873508353225,0.4284709193245779,0.5997547015535569,0.6161340607950114,0.48355663824604134,0.5284124194493262,0.5809915467214988,0.720425138632163,0.2898230088495576,0.6191605839416059,0.3695198329853864,0.4541484716157205,0.7111451942740286,0.3476562499999999,0.5297450424929179,0.29176289453425674,0.4498714652956298,0.0
0.5625625625625625,0.45522388059701496,0.519496855345912,0.5971328262141602,0.46825775656324586,0.40056285178236395,0.5545789043336058,0.4699922057677317,0.4141291108404386,0.5629759812536613,0.6148046607265251,0.7583179297597047,0.3993362831858407,0.6587591240875912,0.5629784272790537,0.48128509045539625,0.6145194274028629,0.5208333333333333,0.7110481586402266,0.5065434949961505,0.6478149100257068,0.0
0.5635635635635635,0.9189765458422174,0.35849056603773577,0.4271503803393797,0.3995226730310263,0.4404315196998123,0.45748160261651694,0.4754481683554168,0.635809987819732,0.7779730521382543,0.3973040895590588,0.3701478743068394,0.3772123893805309,0.34799270072992683,0.6659707724425887,0.5670617592014973,0.4437627811860939,0.4882812499999999,0.2955618508026441,0.6959199384141646,0.5518423307626393,0.0
0.5645645645645646,0.3560767590618337,0.4779874213836477,0.5020479812755996,0.5002386634844869,0.39493433395872424,0.5298446443172526,0.6114575214341385,0.5688185140073082,0.4809607498535441,0.4795522047064199,0.5716266173752313,0.18694690265486735,0.46934306569343054,0.8392484342379962,0.46444167186525265,0.48364008179959095,0.36458333333333326,0.3984891406987725,0.707467282525019,0.3590402742073694,0.0
0.5655655655655656,0.40298507462686567,0.46037735849056594,0.6576945582211817,0.4806682577565633,0.28001876172607887,0.6357318070318889,0.711223694466095,0.587088915956151,0.42237844171060346,0.5745944710989263,0.7185767097966731,0.2577433628318584,0.612956204379562,0.46137787056367463,0.3471615720524017,0.6395705521472391,0.3984374999999999,0.635505193578848,0.5488837567359508,0.3024850042844901,0.0
0.5665665665665666,0.5970149253731343,0.8176100628930817,0.49970743124634276,0.38520286396181386,0.5241557223264541,0.46586263286999197,0.47505845674201064,0.4762484774665042,0.5125951962507324,0.5416952250399817,0.5060073937153422,0.5553097345132744,0.5167883211678832,0.48712595685455806,0.520898315658141,0.6170756646216768,0.40234375,0.4957507082152975,0.4118552732871441,0.5646958011996571,0.0
0.5675675675675675,0.2121535181236674,0.6201257861635219,0.49765944997074296,0.5097852028639618,0.42659474671669795,0.5466067048242029,0.6703039750584567,0.7990255785627283,0.3637961335676626,0.503084304318026,0.5845656192236601,0.3893805309734514,0.5527372262773722,0.527487821851079,0.4435433562071116,0.5495910020449897,0.40755208333333326,0.4032105760151087,0.4657428791377982,0.14310197086546694,0.0
0.5685685685685685,0.6108742004264391,0.6452830188679245,0.6003510825043883,0.47732696897374705,0.3553001876172609,0.6058871627146363,0.5966484801247076,0.6285018270401949,0.4299941417691856,0.5225039981722641,0.5439001848428839,0.5331858407079646,0.5158759124087591,0.45093945720250517,0.3836556456643794,0.5506134969325153,0.3346354166666665,0.5354107648725213,0.4518860662047728,0.5407026563838903,0.0
0.5695695695695696,0.4200426439232409,0.4641509433962263,0.5582211819777647,0.4310262529832936,0.354127579737336,0.5576451349141456,0.6492595479345282,0.49086479902557856,0.4809607498535441,0.4688142563399589,0.5351201478743073,0.32743362831858414,0.45127737226277365,0.38482950591510123,0.4672489082969431,0.616564417177914,0.29817708333333326,0.5712936732766761,0.4611239414934567,0.3804627249357325,0.0
0.5705705705705706,0.466950959488273,0.41132075471698104,0.24195435927442954,0.32601431980906925,0.6196060037523452,0.26410466067048244,0.2989088074824626,0.48112058465286234,0.8043350908025776,0.4758967329220928,0.3835489833641408,0.47234513274336287,0.4277372262773722,0.7961029923451637,0.7330006238303182,0.11912065439672803,0.6731770833333333,0.4098205854579793,0.7105465742879136,0.5861182519280205,0.0
0.5715715715715716,0.5149253731343284,0.2867924528301886,0.3496196606202455,0.5556085918854416,0.48217636022514077,0.3965658217497956,0.4867498051441932,0.5468940316686968,0.6356180433509081,0.35298149417409186,0.42606284658040683,0.32964601769911517,0.33832116788321165,0.48086290883785665,0.5945102932002495,0.4749488752556237,0.40364583333333326,0.30122757318224747,0.42032332563510355,0.3744644387317909,0.0
0.5725725725725725,0.5170575692963753,0.6389937106918238,0.2861322410766529,0.42529832935560863,0.6374296435272044,0.2825020441537205,0.3546375681995322,0.3471376370280146,0.5987111892208553,0.40758510395247893,0.288817005545287,0.3838495575221239,0.327007299270073,0.6012526096033404,0.7242669993761699,0.4345603271983639,0.3385416666666665,0.3531633616619453,0.5742879137798305,0.6898029134532989,0.0
0.5735735735735735,0.3208955223880597,0.49056603773584895,0.6878291398478642,0.29689737470167066,0.2066135084427767,0.6641455437448898,0.6434138737334372,0.5846528623629719,0.4663151728178091,0.6429061000685401,0.6520332717190391,0.48008849557522126,0.689051094890511,0.4070981210855953,0.29132875857766694,0.8195296523517381,0.6497395833333331,0.7374881964117093,0.3371824480369514,0.5107112253641816,0.0
0.5745745745745746,0.4797441364605544,0.4679245283018867,0.6026916325336453,0.4109785202863962,0.22631332082551592,0.6214227309893703,0.6196414653156661,0.49086479902557856,0.4780316344463972,0.5976696367374914,0.668207024029575,0.4015486725663717,0.6554744525547446,0.3479471120389701,0.3524641297567064,0.7438650306748466,0.6145833333333331,0.5325779036827196,0.33256351039260945,0.469580119965724,0.0
0.5755755755755756,0.48081023454157784,0.6062893081761005,0.3733177296664716,0.5565632458233891,0.5635553470919326,0.36385936222403936,0.422837100545596,0.682095006090134,0.5002929115407145,0.3886223440712817,0.4417744916820705,0.33628318584070804,0.46806569343065685,0.2860125260960338,0.6197754210854649,0.5327198364008179,0.7395833333333331,0.4844192634560907,0.22093918398768242,0.5278491859468722,0.0
0.5765765765765766,0.19829424307036253,0.6842767295597484,0.5447630193095379,0.3861575178997613,0.47303001876172623,0.5449713818479149,0.6087295401402959,0.5517661388550548,0.5243116578793204,0.6182316655243317,0.6427911275415901,0.40265486725663724,0.6293795620437956,0.4620737647877524,0.4940736119775422,0.5163599182004089,0.6406249999999999,0.2662889518413598,0.4141647421093144,0.20994001713796062,0.0
0.5775775775775776,0.4754797441364606,0.47169811320754707,0.5356933879461672,0.4644391408114559,0.41651031894934354,0.48834832379394943,0.4929851909586904,0.40194884287454324,0.5694200351493849,0.4110121087502856,0.3396487985212573,0.620575221238938,0.3760948905109487,0.4947807933194155,0.5361821584529007,0.6109406952965234,0.26432291666666674,0.5495750708215298,0.463433410315627,0.4807197943444729,0.0
0.5785785785785785,0.5970149253731343,0.46163522012578606,0.3607372732592158,0.530310262529833,0.5185272045028144,0.385118560915781,0.40218238503507386,0.5822168087697929,0.6871704745166959,0.39776102353209963,0.370609981515712,0.39491150442477874,0.3713503649635035,0.376478775226166,0.6400499064254523,0.5051124744376277,0.2916666666666665,0.38999055712936737,0.33949191685912217,0.634961439588689,0.0
0.5795795795795796,0.41364605543710015,0.41635220125786154,0.2978349912229372,0.42004773269689744,0.6634615384615385,0.24877350776778417,0.295011691348402,0.5651644336175397,0.8213239601640304,0.27781585560886446,0.1580406654343811,0.39601769911504425,0.2187956204379562,0.3799582463465554,0.7638802245789147,0.19171779141104284,0.7916666666666666,0.4551463644948065,0.5080831408775981,0.5201371036846615,0.0
0.5805805805805806,0.38379530916844357,0.5672955974842767,0.7124049151550613,0.4300715990453461,0.27110694183864914,0.7266966475878986,0.750974279033515,0.515225334957369,0.23960164030462794,0.6495316426776331,0.7694085027726436,0.6327433628318584,0.7136861313868613,0.5956854558107167,0.20648783530879622,0.6671779141104293,0.58203125,0.5193578847969783,0.5573518090839107,0.4130248500428447,0.0
0.5815815815815816,0.3102345415778251,0.5572327044025157,0.5201872440023405,0.5374701670644392,0.4031425891181989,0.49039247751430914,0.5978176149649257,0.5481120584652862,0.5629759812536613,0.3931916838016907,0.4140480591497231,0.47898230088495575,0.43941605839416065,0.44467640918580376,0.5193387398627576,0.5797546012269937,0.5638020833333333,0.6326723323890463,0.36566589684372586,0.4927163667523563,0.0
0.5825825825825826,0.6577825159914712,0.6100628930817609,0.13428905792861312,0.43436754176610987,0.7553939962476548,0.1271463614063777,0.1067809820732657,0.5030450669914738,0.9214997070884593,0.3141421064656158,0.22458410351201508,0.33628318584070804,0.1874087591240874,0.47042449547668763,0.8287585776668747,0.1344580777096116,0.20442708333333326,0.3541076487252125,0.5296381832178598,0.7532133676092544,0.0
0.5835835835835835,0.4936034115138593,0.611320754716981,0.5023405500292568,0.5107398568019093,0.45379924953095685,0.5206459525756337,0.5413094310210445,0.4799025578562728,0.47451669595782053,0.455106237148732,0.5388170055452868,0.27986725663716816,0.4711678832116788,0.6061238691718862,0.48190892077354963,0.45194274028629844,0.29036458333333326,0.5061378659112371,0.5696689761354885,0.3873179091688087,0.0
0.5845845845845846,0.6119402985074627,0.340880503144654,0.42159157401989455,0.4596658711217184,0.46130393996247654,0.4491005723630417,0.4127045985970381,0.4238733252131547,0.5840656121851201,0.4240347269819512,0.4819778188539743,0.3661504424778762,0.43284671532846697,0.6318719554627701,0.5776668746101059,0.48159509202453976,0.43229166666666663,0.6468366383380548,0.6497305619707463,0.7617823479005997,0.0
0.5855855855855856,0.31130063965884863,0.48176100628930807,0.6454066705675832,0.5241050119331743,0.23334896810506567,0.6543336058871627,0.7618862042088854,0.515225334957369,0.33333333333333315,0.5885309572766735,0.7241219963031427,0.3716814159292037,0.7043795620437956,0.39596381350034804,0.32127261384903316,0.7934560327198363,0.5247395833333333,0.5873465533522191,0.35488837567359477,0.3753213367609253,0.0
0.5865865865865866,0.5831556503198294,0.5534591194968553,0.6111761263897015,0.4525059665871122,0.26899624765478425,0.6508585445625512,0.7299298519095869,0.5018270401948842,0.3503222026947862,0.6415352981494175,0.776802218114603,0.3141592920353983,0.6883211678832116,0.40013917884481565,0.36868371802869615,0.6917177914110428,0.20833333333333326,0.8800755429650615,0.45496535796766757,0.6135389888603254,0.0
0.5875875875875876,0.5767590618336886,0.6402515723270439,0.41837331772966646,0.4090692124105012,0.48100375234521575,0.3877759607522486,0.3624318004676539,0.23873325213154684,0.6039835969537198,0.47498286497601094,0.5337338262476898,0.6615044247787611,0.46788321167883207,0.4836464857341687,0.6188396756082346,0.4197341513292433,0.3476562499999999,0.6751652502360719,0.46959199384141614,0.8688946015424163,0.0
0.5885885885885885,0.2238805970149254,0.7132075471698113,0.3493270918665885,0.16658711217183786,0.577157598499062,0.3311529026982829,0.43102104442712363,0.44701583434835557,0.6110134739308727,0.7756454192369202,0.7550831792975974,0.838495575221239,0.7749999999999999,0.43632567849686854,0.6534622582657517,0.48057259713701417,0.20703125,0.2776203966005666,0.19553502694380276,0.33333333333333337,0.0
0.5895895895895896,0.556503198294243,0.8641509433962263,0.5550029256875364,0.2758949880668258,0.39516885553470926,0.6306214227309894,0.6586126266562742,0.5408038976857491,0.5694200351493849,0.5183915924148961,0.6113678373382627,0.24557522123893805,0.5434306569343066,0.5386221294363258,0.3824079850280724,0.6584867075664621,0.6106770833333331,0.44570349386213415,0.4272517321016167,0.40274207369323045,0.0
0.5905905905905906,0.29317697228144984,0.4842767295597483,0.32884727911059075,0.08066825775656328,0.5590994371482176,0.33013082583810305,0.31410756040529986,0.7795371498172958,0.7152899824253075,0.7262965501485036,0.5767097966728283,0.6504424778761062,0.6645985401459854,0.5748086290883787,0.6965065502183407,0.48466257668711643,0.6757812499999999,0.1388101983002833,0.4026173979984602,0.535561268209083,0.0
0.5915915915915916,0.5628997867803838,0.5446540880503145,0.4265652428320652,0.4763723150357996,0.49859287054409007,0.3943172526573999,0.42751363990646896,0.5736906211936663,0.5752782659636789,0.5092529129540782,0.5457486136783738,0.679203539823009,0.4624087591240875,0.45093945720250517,0.5988771054273239,0.35787321063394684,0.2734374999999998,0.5524079320113315,0.4780600461893765,0.6683804627249356,0.0
0.5925925925925926,0.3624733475479744,0.6364779874213835,0.5435927442949091,0.5293556085918855,0.45497185741088186,0.5517170891251024,0.5346843335931408,0.5602923264311815,0.4042179261862916,0.45487777016221154,0.5665434380776344,0.48893805309734517,0.5005474452554743,0.17814892136395288,0.4847161572052401,0.5961145194274027,0.41015625,0.5118035882908405,0.3679753656658966,0.46872322193658944,0.0
0.5935935935935935,0.43603411513859275,0.4327044025157232,0.4324166179052076,0.39618138424821003,0.4903846153846154,0.3965658217497956,0.4524551831644581,0.7161997563946407,0.6572934973637962,0.5483207676490747,0.5064695009242146,0.5143805309734514,0.4784671532846714,0.830897703549061,0.5717404865876481,0.3118609406952966,0.38932291666666663,0.5297450424929179,0.729022324865281,0.5689802913453298,0.0
0.5945945945945946,0.5138592750533049,0.46163522012578606,0.3110005851375073,0.5871121718377088,0.46341463414634143,0.40188062142273107,0.5335151987529227,0.7393422655298415,0.44874048037492675,0.40849897189856066,0.4556377079482443,0.4258849557522124,0.38412408759124084,0.6102992345163538,0.6013724266999376,0.3788343558282208,0.25,0.09915014164305952,0.6043110084680521,0.3316195372750642,0.0
0.5955955955955956,0.44136460554371,0.6981132075471698,0.10327677004095959,0.3799522673031026,0.8484990619136963,0.09300899427636966,0.12120031176929058,0.5554202192448234,0.8840070298769772,0.28169979437971215,0.22319778188539763,0.2842920353982301,0.19781021897810214,0.6207376478775228,0.9379288833437305,0.15541922290388555,0.5494791666666666,0.4032105760151087,0.6304849884526558,0.7352185089974294,0.0
0.5965965965965966,0.8539445628997868,0.6792452830188679,0.16822703335283773,0.2071599045346063,0.7560975609756098,0.17252657399836502,0.17653936087295374,0.40438489646772235,0.864089045108377,0.5405528901073795,0.45286506469500964,0.5254424778761062,0.3978102189781021,0.5699373695198333,0.8343730505302558,0.24182004089979547,0.10026041666666674,0.3569405099150142,0.4888375673595071,0.8851756640959726,0.0
0.5975975975975976,0.5597014925373134,0.44150943396226405,0.38033937975424226,0.39522673031026256,0.5999061913696062,0.37612428454619806,0.3565861262665626,0.3313032886723507,0.7135325131810194,0.516335389536212,0.4847504621072092,0.5973451327433629,0.46715328467153294,0.9331941544885178,0.671553337492202,0.40797546012269936,0.32552083333333326,0.34088762983947124,0.7613548883756733,0.5861182519280205,0.0
0.5985985985985985,0.3070362473347548,0.39245283018867916,0.4675248683440607,0.24916467780429596,0.43972795497185735,0.4877350776778413,0.5280592361652376,0.7429963459196102,0.6297598125366138,0.5771076079506512,0.5609981515711648,0.47123893805309747,0.564963503649635,0.524704244954767,0.5180910792264504,0.6375255623721879,0.6796874999999999,0.5467422096317281,0.4611239414934567,0.4550128534704371,0.0
0.5995995995995996,0.48187633262260127,0.7144654088050314,0.32884727911059075,0.5116945107398568,0.6749530956848031,0.3113246116107933,0.310210444271239,0.51278928136419,0.7123608670181604,0.350011423349326,0.34103512014787474,0.40265486725663724,0.34817518248175183,0.5414057063326378,0.6924516531503431,0.2694274028629855,0.8229166666666665,0.4390934844192635,0.575057736720554,0.5689802913453298,0.0
0.6006006006006006,0.44029850746268656,0.4251572327044024,0.35400819192510236,0.5503579952267303,0.5656660412757974,0.366312346688471,0.44855806703039747,0.5797807551766139,0.5957820738137082,0.3913639479095271,0.4316081330868764,0.5210176991150444,0.403832116788321,0.2978427279053584,0.6244541484716157,0.3517382413087933,0.38802083333333326,0.33994334277620397,0.46035411855273267,0.5021422450728362,0.0
0.6016016016016016,0.7014925373134329,0.621383647798742,0.5362785254534814,0.3054892601431981,0.4596622889305815,0.5705233033524122,0.5662509742790334,0.4872107186358099,0.5202108963093145,0.6892848983321911,0.6922365988909429,0.5752212389380531,0.6264598540145986,0.8420320111343078,0.47255146600124776,0.43251533742331283,0.19140625,0.7138810198300284,0.8398768283294842,0.5475578406169664,0.0
0.6026026026026026,0.3326226012793177,0.7144654088050314,0.5795787009947337,0.19140811455847262,0.3684333958724204,0.6387980376124285,0.7229150428682773,0.4287454323995127,0.5500878734622142,0.6988805117660498,0.6067467652495382,0.459070796460177,0.6333941605839416,0.5093945720250521,0.3827199001871493,0.6334355828220857,0.5963541666666666,0.3852691218130312,0.5180908391070052,0.25792630676949435,0.0
0.6036036036036035,0.4637526652452026,0.42264150943396217,0.3820947922761848,0.3818615751789976,0.5243902439024393,0.4147587898609977,0.3612626656274356,0.4482338611449451,0.6362038664323374,0.4528215672835275,0.37245841035120186,0.48672566371681414,0.3958029197080293,0.7682672233820464,0.5798502807236432,0.3650306748466259,0.7278645833333331,0.28139754485363555,0.7990762124711313,0.5706940874035987,0.0
0.6046046046046046,0.44349680170575695,0.330817610062893,0.4947337624341719,0.40047732696897376,0.4795966228893058,0.4431725265739983,0.4458300857365549,0.5676004872107187,0.6379613356766257,0.5371258853095727,0.44362292051756036,0.5176991150442478,0.5662408759124089,0.231732776617954,0.5807860262008735,0.6441717791411042,0.6822916666666665,0.5108593012275733,0.18937644341801363,0.6803770351328192,0.0
0.6056056056056056,0.6631130063965884,0.60125786163522,0.2554125219426564,0.4147971360381862,0.7399155722326456,0.21381847914963226,0.21862821512081054,0.3934226552984166,0.7996485061511424,0.32579392277815855,0.26062846580406696,0.3174778761061947,0.2906934306569342,0.606819763395964,0.829694323144105,0.21676891615541938,0.4674479166666665,0.39565627950897075,0.6204772902232487,0.7763496143958869,0.0
0.6066066066066066,0.5202558635394456,0.6754716981132075,0.47630193095377416,0.45011933174224344,0.3857879924953096,0.5218724448078498,0.5681995323460638,0.3422655298416565,0.47451669595782053,0.4948594928032899,0.5272643253234754,0.32964601769911517,0.5005474452554743,0.376478775226166,0.4457267623206487,0.6605316973415132,0.5572916666666666,0.36355051935788485,0.2709776751347186,0.4070265638389031,0.0
0.6076076076076076,0.6268656716417911,0.5081761006289307,0.28759508484493845,0.40381861575179,0.5316604127579738,0.3442354865085855,0.3807482462977394,0.3678440925700366,0.6947861745752782,0.453050034270048,0.5508317929759707,0.25331858407079644,0.5096715328467152,0.28879610299234537,0.6478477854023708,0.49284253578732096,0.27473958333333326,0.32011331444759206,0.23094688221708992,0.6718080548414739,0.0
0.6086086086086087,0.3592750533049041,0.6553459119496855,0.6533060269163253,0.4902147971360382,0.34474671669793633,0.6529026982829109,0.755261106780982,0.5688185140073082,0.5114235500878733,0.5277587388622345,0.6187615526802221,0.49446902654867264,0.6308394160583941,0.677105080027836,0.33718028696194624,0.5996932515337422,0.6419270833333331,0.5316336166194524,0.5588914549653579,0.44301628106255364,0.0
0.6096096096096096,0.7462686567164178,0.7182389937106918,0.34318314803978933,0.4138424821002387,0.5863039399624765,0.3403515944399018,0.38698363211223663,0.3447015834348356,0.6654950205038078,0.4272332647932374,0.4445471349353052,0.32190265486725667,0.4346715328467152,0.3625608907446072,0.6983780411728011,0.4493865030674846,0.3945312499999999,0.41831916902738436,0.35719784449576597,0.7163667523564695,0.0
0.6106106106106106,0.2611940298507463,0.5924528301886791,0.5099473376243415,0.26109785202863967,0.4401969981238276,0.4779231398201145,0.6001558846453623,0.6224116930572472,0.622729935559461,0.6038382453735436,0.6737523105360446,0.43584070796460184,0.6523722627737226,0.2219902574808632,0.5077978789769184,0.6175869120654396,0.6419270833333331,0.6846081208687441,0.16397228637413397,0.4344473007712083,0.0
0.6116116116116116,0.5810234541577826,0.4880503144654087,0.44997074312463403,0.3799522673031026,0.4519230769230771,0.45993458708094836,0.45518316445830065,0.6199756394640681,0.5166959578207381,0.5570025131368518,0.681146025878004,0.47013274336283195,0.6324817518248175,0.5010438413361169,0.5102932002495324,0.530163599182004,0.6705729166666665,0.5372993389990558,0.3795227097767513,0.509854327335047,0.0
0.6126126126126126,0.5309168443496801,0.41257861635220117,0.34025746050321803,0.4157517899761337,0.5722326454033773,0.32358953393295176,0.358924395946999,0.9220462850182702,0.77211482132396,0.4164953164267763,0.2490757855822554,0.5519911504424779,0.3541970802919707,0.4091858037578291,0.6709295071740486,0.36042944785276054,0.4296875,0.20679886685552412,0.30946882217090055,0.48243359040274203,0.0
0.6136136136136137,0.6215351812366736,0.6490566037735849,0.43300175541252184,0.2825775656324583,0.5546435272045029,0.42927228127555206,0.36710833982852686,0.28136419001218027,0.7012302284710016,0.46127484578478406,0.4376155268022184,0.6902654867256637,0.43667883211678826,0.6012526096033404,0.5888958203368684,0.41666666666666663,0.37630208333333326,0.534466477809254,0.463433410315627,0.6906598114824335,0.0
0.6146146146146146,0.06716417910447764,0.7194968553459119,0.610005851375073,0.37231503579952274,0.3904784240150093,0.5780866721177433,0.6812159002338269,0.6260657734470157,0.4721734036321029,0.5538039753255655,0.6446395563770799,0.1581858407079647,0.6014598540145986,0.7557411273486432,0.4226450405489708,0.47699386503067476,0.8020833333333331,0.48914069877242683,0.5573518090839107,0.22193658954584405,0.0
0.6156156156156156,0.4264392324093816,0.6465408805031446,0.399356348741954,0.44630071599045346,0.5443245778611634,0.39329517579722006,0.37685113016367877,0.51278928136419,0.6801405975395428,0.43317340644276914,0.48428835489833677,0.4325221238938054,0.49452554744525545,0.3437717466945025,0.6425452276980661,0.541922290388548,0.6523437499999999,0.5486307837582626,0.4257120862201691,0.4764353041988002,0.0
0.6166166166166166,0.5213219616204692,0.5371069182389937,0.5538326506729081,0.04343675417661108,0.37523452157598514,0.5615290269828292,0.5514419329696023,0.4762484774665042,0.4545987111892208,1.0,0.9838262476894644,0.5685840707964602,1.0,0.7494780793319418,0.436369307548347,0.6528629856850714,0.6471354166666665,0.6440037771482532,0.5204003079291764,0.4927163667523563,0.0
0.6176176176176176,0.2878464818763326,0.46666666666666656,0.4724985371562316,0.46778042959427213,0.3909474671669795,0.4677023712183157,0.5935307872174589,0.6954933008526187,0.5342706502636204,0.5574594471098926,0.6113678373382627,0.3584070796460178,0.5485401459854014,0.3451635351426585,0.5081097941359951,0.5976482617586911,0.25130208333333326,0.44853635505193584,0.2956120092378751,0.26820908311910874,0.0
0.6186186186186187,0.314498933901919,0.5949685534591194,0.6149795201872439,0.47207637231503585,0.32786116322701686,0.6324611610793132,0.6664068589243959,0.0,0.401874633860574,0.5332419465387251,0.5420517560073941,0.41150442477876104,0.6248175182481752,0.3041057759220598,0.3961322520274486,0.6385480572597135,0.6106770833333331,0.7252124645892353,0.2170900692840645,0.4284490145672665,0.0
0.6196196196196196,0.5575692963752665,0.6025157232704401,0.5424224692802808,0.5226730310262531,0.29831144465290804,0.590760425183974,0.691738113795791,0.44457978075517657,0.41183362624487396,0.52547406899703,0.7347504621072092,0.29424778761061954,0.72007299270073,0.5337508698677804,0.37024329382407983,0.5976482617586911,0.7981770833333333,0.49763928234183197,0.44572748267898366,0.4173093401885176,0.0
0.6206206206206206,0.5,0.4339622641509433,0.5251609128145114,0.4634844868735084,0.36608818011257027,0.527187244480785,0.633671083398285,0.6041412911084043,0.4581136496777972,0.4976010966415353,0.5083179297597045,0.5110619469026549,0.4843065693430655,0.7195546276965903,0.47972551466001234,0.5414110429447851,0.3268229166666665,0.6005665722379604,0.6050808314087757,0.3976006855184232,0.0
0.6216216216216216,0.41791044776119396,0.5647798742138365,0.3168519602106492,0.4047732696897375,0.5361163227016887,0.35690923957481613,0.4403741231488696,0.5724725943970768,0.7685998828353836,0.3554946310258168,0.29482439926062876,0.3351769911504425,0.2658759124087591,0.5824634655532361,0.5998128509045542,0.3532719836400817,0.2955729166666665,0.412653446647781,0.5742879137798305,0.5038560411311054,0.0
0.6226226226226226,0.5980810234541576,0.5345911949685535,0.310415447630193,0.5918854415274464,0.6306285178236397,0.3111201962387571,0.334372564302416,0.6918392204628502,0.644405389572349,0.38199680146218873,0.3701478743068394,0.5376106194690267,0.40675182481751815,0.21433542101600578,0.7345601996257018,0.49284253578732096,0.5156249999999999,0.2341831916902739,0.19630484988452634,0.5124250214224507,0.0
0.6236236236236237,0.4541577825159914,0.6465408805031446,0.2741369221767114,0.44439140811455846,0.7035647279549719,0.22587898609975476,0.2782540919719405,0.6211936662606576,0.7703573520796719,0.35800776787754174,0.2019408502772646,0.5176991150442478,0.3014598540145985,0.4488517745302718,0.7897691827822833,0.20347648261758677,0.3242187499999998,0.2955618508026441,0.37336412625096216,0.5458440445586975,0.0
0.6246246246246246,0.42110874200426435,0.4691823899371068,0.4359274429490929,0.5264916467780429,0.46013133208255175,0.41414554374488977,0.39789555728760684,0.6662606577344701,0.5899238429994141,0.40758510395247893,0.42698706099815187,0.3484513274336284,0.4470802919708028,0.3980514961725823,0.6147847785402372,0.37832310838445804,0.32942708333333326,0.36166194523135037,0.4503464203233256,0.35989717223650375,0.0
0.6256256256256256,0.2046908315565032,0.6792452830188679,0.5819192510239906,0.40047732696897376,0.34591932457786123,0.5932134096484056,0.6695245518316444,0.6711327649208282,0.5325131810193321,0.5432944939456249,0.5605360443622922,0.4502212389380531,0.5868613138686132,0.2755741127348643,0.3836556456643794,0.7162576687116563,0.4401041666666665,0.5014164305949009,0.39722863741339465,0.24764353041987985,0.0
0.6266266266266266,0.6695095948827292,0.5874213836477987,0.41222937390286707,0.39284009546539383,0.5337711069418387,0.38409648405560115,0.3203429462197971,0.6017052375152252,0.6660808435852373,0.36943111720356403,0.22966728280961224,0.5984513274336284,0.2620437956204378,0.5629784272790537,0.6203992514036183,0.4095092024539876,0.23958333333333326,0.5269121813031162,0.5319476520400306,0.627249357326478,0.0
0.6276276276276276,0.5415778251599146,0.6088050314465407,0.6854885898186072,0.5346062052505967,0.200046904315197,0.7127964022894522,0.8382696804364771,0.5261875761266748,0.22964264792032807,0.5949280328992461,0.7338262476894641,0.2820796460176992,0.7184306569343065,0.4592901878914404,0.25670617592014966,0.8087934560327197,0.41666666666666663,0.7101038715769594,0.4480369515011544,0.418166238217652,0.0
0.6286286286286287,0.523454157782516,0.5220125786163522,0.42598010532475117,0.2906921241050119,0.4641181988742964,0.4345870809484873,0.40335151987529216,0.37149817295980514,0.6192149970708846,0.5318711446196025,0.4426987060998153,0.44469026548672574,0.5047445255474452,0.4495476687543496,0.5845290081097942,0.5408997955010224,0.5611979166666666,0.31350330500472146,0.4033872209391838,0.5552699228791774,0.0
0.6296296296296297,0.7036247334754797,0.26792452830188673,0.4716208308952603,0.3880668257756563,0.4106472795497187,0.49897792313982015,0.3920498830865158,0.6077953714981729,0.5957820738137082,0.4448252227553119,0.4279112754158967,0.41371681415929207,0.4386861313868613,0.2734864300626305,0.569557080474111,0.5373210633946829,0.1796875,0.6817752596789425,0.39799846035411823,0.7395029991431018,0.0
0.6306306306306306,0.40938166311300633,0.4540880503144653,0.46255119953188983,0.3579952267303103,0.39165103189493433,0.46586263286999197,0.5124707716289945,0.6601705237515225,0.6016403046280022,0.5252456020105094,0.5073937153419597,0.34292035398230103,0.4895985401459855,0.5497564370215731,0.519962570180911,0.44631901840490795,0.4414062499999999,0.5590179414542021,0.45496535796766757,0.41216795201371037,0.0
0.6316316316316316,0.4690831556503198,0.720754716981132,0.3344060854300759,0.5785202863961814,0.5839587242026267,0.33871627146361405,0.3928293063133279,0.4336175395858708,0.5330990041007614,0.34589901759195796,0.43946395563770824,0.47234513274336287,0.3757299270072991,0.5017397355601951,0.6406737367436057,0.2796523517382412,0.4479166666666665,0.18602455146364494,0.5889145496535795,0.4447300771208226,0.0
0.6326326326326326,0.7590618336886992,0.5069182389937106,0.35078993563487404,0.3804295942720764,0.5677767354596623,0.3556827473426001,0.418160561184723,0.35079171741778314,0.6432337434094902,0.4413982179575051,0.41219963031423323,0.21460176991150448,0.3795620437956204,0.6673625608907447,0.6656269494697442,0.287321063394683,0.23567708333333326,0.17847025495750712,0.6674364896073901,0.6246786632390745,0.0
0.6336336336336337,0.556503198294243,0.290566037735849,0.45552954944411916,0.4968973747016707,0.3283302063789869,0.47608340147179073,0.5557287607170693,0.5627283800243605,0.5594610427650849,0.41238291066940824,0.45425138632162687,0.2511061946902655,0.410948905109489,0.19415448851774553,0.5021834061135371,0.6007157464212678,0.4635416666666665,0.3229461756373938,0.33564280215550424,0.4078834618680377,0.0
0.6346346346346347,0.2953091684434968,0.2528301886792452,0.7574605032182562,0.5684964200477327,0.13062851782363982,0.7551103843008995,0.8324240062353858,0.6894031668696711,0.15055653192735796,0.6198309344299748,0.7402957486136788,0.3517699115044248,0.7208029197080291,0.29366736256089077,0.2523393636930755,0.7648261758691205,0.4492187499999999,0.6015108593012276,0.31639722863741326,0.05227077977720651,0.0
0.6356356356356356,0.7931769722814497,0.9421383647798741,0.36366296079578686,0.29689737470167066,0.6742495309568481,0.29006541291905164,0.2661730319563522,0.4567600487210718,0.7785588752196836,0.4665295864747544,0.34473197781885445,0.2411504424778761,0.3582116788321168,0.6624913013221994,0.6902682470368062,0.314928425357873,0.19270833333333326,0.44570349386213415,0.6058506543494993,0.7043701799485861,0.0
0.6366366366366366,0.47654584221748403,0.9194968553459119,0.6489174956114687,0.5269689737470167,0.3227016885553471,0.6594439901880622,0.7127825409197193,0.5176613885505481,0.34739308728763907,0.5942426319396847,0.7412199630314236,0.3849557522123894,0.6441605839416058,0.5894224077940158,0.3112913287585777,0.7597137014314927,0.07552083333333326,0.42587346553352223,0.5080831408775981,0.3324764353041988,0.0
0.6376376376376376,0.2921108742004264,0.44654088050314455,0.5207723815096545,0.445346062052506,0.4737335834896812,0.4944807849550288,0.5159781761496489,0.6321559074299634,0.572349150556532,0.45647703906785475,0.41219963031423323,0.5929203539823009,0.43083941605839415,0.43354210160055695,0.534622582657517,0.5322085889570551,0.45833333333333315,0.453257790368272,0.30177059276366425,0.4610111396743787,0.0
0.6386386386386387,0.466950959488273,0.7622641509433961,0.4684025746050322,0.36420047732696903,0.5436210131332084,0.4333605887162715,0.47505845674201064,0.41169305724725946,0.572349150556532,0.5257025359835504,0.4861367837338266,0.6039823008849559,0.5147810218978102,0.20180932498260296,0.5636306924516532,0.6247443762781185,0.3398437499999999,0.21057601510859303,0.11316397228637376,0.418166238217652,0.0
0.6396396396396397,0.7867803837953091,0.4779874213836477,0.5506143943826798,0.4300715990453461,0.36139774859287055,0.5793131643499592,0.5475448168355415,0.8075517661388549,0.39425893380199184,0.64793237377199,0.8100739371534198,0.5254424778761062,0.6895985401459853,0.4669450243562978,0.4210854647535871,0.5874233128834355,0.41145833333333326,0.76109537299339,0.3910700538876055,0.6838046272493573,0.0
0.6406406406406406,0.5490405117270789,0.4679245283018867,0.3976009362200117,0.3460620525059666,0.5161819887429644,0.43438266557645133,0.44972720187061554,0.6285018270401949,0.6262448740480376,0.5789353438428148,0.5429759704251389,0.3561946902654868,0.49708029197080283,0.7794015309672928,0.5626949469744229,0.24591002044989785,0.6119791666666665,0.47969782813975453,0.8706697459584292,0.5801199657240789,0.0
0.6416416416416416,0.4221748400852878,0.7534591194968552,0.44294909303686336,0.42147971360381864,0.5429174484052535,0.40637775960752265,0.3862042088854247,0.443361753958587,0.5998828353837139,0.43454420836189167,0.44916820702402993,0.47234513274336287,0.44270072992700715,0.4585942936673626,0.5957579538365567,0.4095092024539876,0.4531249999999999,0.49102927289896137,0.49499615088529625,0.5295629820051414,0.0
0.6426426426426426,0.48933901918976547,0.19496855345911945,0.5055588063194849,0.4916467780429595,0.30159474671669795,0.525756336876533,0.6176929072486359,0.6808769792935444,0.5061511423550088,0.46835732236691807,0.559149722735675,0.2732300884955753,0.4781021897810218,0.302018093249826,0.4759825327510918,0.6431492842535786,0.24609375,0.22001888574126538,0.22555812163202438,0.31448157669237353,0.0
0.6436436436436437,0.46268656716417905,0.7069182389937106,0.620538326506729,0.40763723150358,0.3175422138836773,0.6721177432542926,0.7295401402961808,0.46285018270401945,0.41066198008201515,0.5967557687914097,0.7065619223659891,0.2168141592920355,0.6726277372262773,0.1864996520528881,0.3718028696194635,0.8502044989775049,0.21614583333333326,0.254957507082153,0.19707467282524993,0.1482433590402742,0.0
0.6446446446446447,0.43923240938166314,0.5836477987421383,0.45845523698069024,0.39284009546539383,0.4512195121951219,0.46586263286999197,0.4547934528448945,0.4640682095006089,0.5811364967779732,0.45167923235092533,0.4149722735674679,0.5741150442477876,0.41624087591240877,0.13430758524704256,0.5452276980661259,0.583844580777096,0.20442708333333326,0.5306893295561851,0.1909160892994608,0.6049700085689801,0.0
0.6456456456456456,0.38272921108742014,0.4201257861635219,0.4631363370392041,0.5470167064439142,0.43644465290806767,0.49407195421095684,0.46843335931410746,0.6090133982947624,0.5717633274751025,0.41283984464244916,0.4279112754158967,0.26880530973451333,0.3979927007299269,0.4516353514265834,0.5552089831565814,0.5102249488752555,0.22916666666666652,0.5108593012275733,0.5773672055427248,0.5201371036846615,0.0
0.6466466466466466,0.6183368869936035,0.47672955974842757,0.41837331772966646,0.32840095465393804,0.5265009380863039,0.4245707277187245,0.47116134060795,0.40682095006090135,0.6783831282952549,0.5531185743660042,0.6335489833641408,0.3716814159292037,0.5795620437956204,0.4669450243562978,0.5564566437928884,0.2975460122699387,0.6523437499999999,0.5391879131255902,0.5103926096997689,0.6366752356469579,0.0
0.6476476476476476,0.9125799573560767,0.35723270440251564,0.4654768870684609,0.2897374701670645,0.49179174484052535,0.47097301717089124,0.4240062353858143,0.34348355663824603,0.5694200351493849,0.5867032213845099,0.5891866913123849,0.502212389380531,0.5804744525547445,0.5678496868475995,0.5461634435433562,0.5311860940695295,0.34114583333333326,0.6591123701605288,0.4926866820631255,0.7909168808911738,0.0
0.6486486486486487,0.32409381663113007,0.3735849056603773,0.6459918080748974,0.4587112171837709,0.29174484052532834,0.6670073589533934,0.6512081060015587,0.4482338611449451,0.4007029876977152,0.5693397304089559,0.6866913123844736,0.6039823008849559,0.6233576642335766,0.5929018789144052,0.364316905801622,0.6411042944785275,0.25911458333333326,0.4730878186968839,0.545804464973056,0.4310197086546702,0.0
0.6496496496496497,0.5213219616204692,0.3849056603773584,0.5275014628437682,0.18424821002386638,0.43527204502814243,0.5363859362224039,0.5833982852689008,0.06333739342265532,0.5987111892208553,0.702079049577336,0.5933456561922368,0.5597345132743363,0.6368613138686131,0.6360473208072372,0.5439800374298192,0.5383435582822085,0.42838541666666663,0.6081208687440983,0.5858352578906851,0.6263924592973437,0.0
0.6506506506506506,0.38699360341151395,0.47672955974842757,0.5169689877121122,0.08019093078758954,0.40173545966228896,0.5116516762060508,0.6196414653156661,0.6236297198538368,0.5143526654950205,0.777016221156043,0.5887245841035125,0.7334070796460177,0.6286496350364963,0.5212247738343772,0.4600748596381785,0.6037832310838445,0.27213541666666674,0.25401322001888577,0.38876058506543476,0.2039417309340188,0.0
0.6516516516516516,0.30810234541577824,0.24779874213836472,0.5102399063779988,0.4210023866348449,0.3130863039399625,0.5744071954210956,0.6262665627435697,0.6065773447015833,0.4516695957820739,0.6006397075622573,0.7037892791127545,0.41150442477876104,0.6620437956204379,0.524704244954767,0.42669993761696823,0.6697341513292433,0.2421875,0.242681775259679,0.41955350269437997,0.32476435304198803,0.0
0.6526526526526526,0.7292110874200428,0.5710691823899371,0.507899356348742,0.34128878281622915,0.4399624765478425,0.5525347506132461,0.5163678877630553,0.5809987819732033,0.5688342120679554,0.516335389536212,0.45979667282809644,0.46238938053097356,0.499817518248175,0.31871955462769685,0.4906425452276981,0.5608384458077709,0.6080729166666665,0.368271954674221,0.31023864511162413,0.627249357326478,0.0
0.6536536536536537,0.38272921108742014,0.650314465408805,0.7401989467524868,0.33221957040572797,0.17354596622889307,0.8100981193785772,0.7895557287607171,0.6638246041412911,0.39601640304627994,0.7313228238519535,0.7740295748613681,0.4402654867256638,0.8063868613138686,0.46137787056367463,0.18496568933250157,0.8374233128834354,0.5455729166666666,0.5873465533522191,0.34949961508852967,0.3496143958868895,0.0
0.6546546546546547,0.3742004264392324,0.6691823899371069,0.42276184903452285,0.39284009546539383,0.5422138836772983,0.3822567457072772,0.45518316445830065,0.784409257003654,0.7299355594610429,0.49828649760109667,0.4995378927911278,0.35398230088495586,0.5204379562043795,0.21642310368823958,0.6185277604491579,0.4115541922290388,0.5716145833333333,0.45420207743153923,0.3133179368745189,0.4344473007712083,0.0
0.6556556556556556,0.6535181236673773,0.7018867924528301,0.5354008191925101,0.41431980906921245,0.403377110694184,0.5455846279640231,0.5970381917381136,0.3471376370280146,0.41124780316344467,0.5892163582362349,0.6950092421441778,0.4236725663716815,0.6485401459854014,0.6513569937369521,0.42420461634435425,0.5700408997955009,0.36458333333333326,0.5741265344664779,0.5719784449576593,0.6469580119965724,0.0
0.6566566566566566,0.3923240938166312,0.6591194968553459,0.3601521357519015,0.39522673031026256,0.5870075046904315,0.3205233033524122,0.3546375681995322,0.5188794153471377,0.7533684827182189,0.3047749600182773,0.1783733826247691,0.1570796460176992,0.19999999999999996,0.48434237995824647,0.636930754834685,0.3225971370143148,0.4414062499999999,0.6779981114258735,0.5219399538106235,0.7240788346186803,0.0
0.6576576576576576,0.6172707889125797,0.5207547169811321,0.34991222937390276,0.3976133651551313,0.5290806754221389,0.40269828291087495,0.37802026500389707,0.1863580998781973,0.7603983596953717,0.4288325336988805,0.3632162661737528,0.6404867256637168,0.34434306569343054,0.5546276965901185,0.6160324391765439,0.3778118609406951,0.24479166666666652,0.5070821529745043,0.497305619707467,0.5955441302485004,0.0
0.6586586586586587,0.5703624733475479,0.5811320754716981,0.2987126974839087,0.20477326968973752,0.6608818011257036,0.2796402289452167,0.3035853468433356,0.4872107186358099,0.725834797891037,0.5793922778158556,0.4519408502772646,0.43805309734513276,0.5096715328467152,0.7174669450243565,0.6971303805364941,0.22290388548057272,0.5859375,0.5146364494806421,0.6458814472671284,0.8131962296486718,0.0
0.6596596596596597,0.4221748400852878,0.4930817610062892,0.3428905792861321,0.4630071599045346,0.6146810506566605,0.3237939493049877,0.37918939984411515,0.638246041412911,0.7094317516110135,0.3129997715330136,0.1451016635859521,0.46238938053097356,0.21934306569343054,0.6437021572720947,0.6968184653774174,0.3328220858895705,0.38802083333333326,0.3059490084985836,0.6966897613548881,0.4138817480719795,0.0
0.6606606606606606,0.6535181236673773,0.2754716981132075,0.30427150380339385,0.35322195704057285,0.4990619136960601,0.34505314799672937,0.34957131722525325,0.22168087697929356,0.5905096660808437,0.5933287639936029,0.5392791127541592,0.4314159292035399,0.5802919708029197,0.37230340988169797,0.656581409856519,0.4662576687116563,0.39973958333333326,0.3748819641170916,0.17321016166281744,0.4867180805484147,0.0
0.6616616616616616,0.291044776119403,0.7295597484276729,0.4672322995904037,0.2787589498806683,0.5393996247654786,0.4754701553556828,0.5019485580670302,0.6053593179049939,0.7076742823667251,0.5638565227324651,0.5060073937153422,0.5497787610619469,0.5040145985401461,0.514265831593598,0.607922645040549,0.4647239263803681,0.3749999999999999,0.2965061378659113,0.5265588914549655,0.3256212510711226,0.0
0.6626626626626626,0.5501066098081022,0.5308176100628931,0.2542422469280279,0.19331742243436756,0.6130393996247654,0.3004905968928864,0.3070927513639903,0.5225334957369062,0.8096074985354421,0.5565455791638108,0.4043438077634014,0.4557522123893806,0.452007299270073,0.5469728601252615,0.7264504054897067,0.41717791411042937,0.26171875,0.4069877242681776,0.4103156274056965,0.5938303341902312,0.0
0.6636636636636637,0.5831556503198294,0.6062893081761005,0.49327091866588635,0.37661097852028647,0.40689493433395874,0.5421095666394113,0.5611847233047542,0.4031668696711328,0.6198008201523141,0.44825222755311855,0.3461182994454717,0.32964601769911517,0.38886861313868604,0.6638830897703549,0.45570804741110416,0.4580777096114518,0.5624999999999999,0.46836638338054776,0.6751347190146264,0.40959725792630663,0.0
0.6646646646646647,0.47441364605543707,0.33710691823899364,0.5219426565242831,0.4210023866348449,0.3893058161350844,0.49182338511856094,0.46297739672642235,0.3215590742996346,0.5518453427065025,0.44002741603838247,0.4117375231053608,0.3351769911504425,0.4228102189781022,0.22129436325678542,0.5109170305676858,0.5981595092024539,0.4531249999999999,0.6185080264400379,0.22709776751347155,0.6649528706083975,0.0
0.6656656656656657,0.48187633262260127,0.5786163522012578,0.42480983031012287,0.3937947494033413,0.6181988742964353,0.4374488961569911,0.44505066250974257,0.6833130328867235,0.5823081429408318,0.5332419465387251,0.5614602587800372,0.5,0.5295620437956203,0.5615866388308981,0.6344354335620712,0.35685071574642135,0.5677083333333333,0.45231350330500475,0.5026943802925325,0.43873179091688075,0.0
0.6666666666666666,0.40938166311300633,0.4188679245283018,0.6650087770626096,0.46778042959427213,0.28212945590994376,0.6506541291905152,0.720576773187841,0.5517661388550548,0.2975981253661394,0.6180031985378113,0.7675600739371538,0.39491150442477874,0.6726277372262773,0.5254001391788452,0.32127261384903316,0.6053169734151328,0.4726562499999999,0.7374881964117093,0.43802925327174735,0.4601542416452443,0.0
0.6676676676676676,0.52771855010661,0.6855345911949685,0.35839672322995897,0.37852028639618146,0.5715290806754223,0.3714227309893705,0.3293063133281371,0.34835566382460414,0.6678383128295254,0.5245602010509481,0.5351201478743073,0.4568584070796461,0.5775547445255473,0.7070285316631875,0.6478477854023708,0.3788343558282208,0.5481770833333333,0.6043437204910294,0.4480369515011544,0.6666666666666666,0.0
0.6686686686686687,0.39445628997867804,0.7534591194968552,0.4043300175541251,0.35465393794749406,0.5616791744840526,0.46218315617334427,0.4084177708495711,0.5602923264311815,0.7685998828353836,0.3522960932145306,0.2897412199630318,0.3174778761061947,0.24762773722627718,0.5546276965901185,0.619463505926388,0.5434560327198363,0.46614583333333315,0.5845136921624174,0.43879907621247094,0.6443873179091687,0.0
0.6696696696696697,0.48187633262260127,0.2855345911949685,0.5143358689291984,0.4534606205250597,0.3759380863039401,0.5075633687653311,0.5576773187840995,0.489646772228989,0.4680726420620972,0.5078821110349555,0.5582255083179299,0.3086283185840708,0.5596715328467152,0.5066109951287405,0.49500935745477226,0.7070552147239263,0.39322916666666663,0.7233238904627007,0.38183217859892205,0.5981148243359039,0.0
0.6706706706706707,0.4861407249466951,0.6981132075471698,0.5775307197191337,0.3837708830548926,0.4024390243902439,0.562959934587081,0.5685892439594697,0.43727161997563935,0.49502050380785,0.604523646333105,0.6672828096118304,0.4059734513274337,0.620985401459854,0.5664578983994435,0.4519650655021834,0.5214723926380367,0.41145833333333326,0.49102927289896137,0.5935334872979214,0.5158526135389888,0.0
0.6716716716716716,0.7452025586353943,0.4377358490566037,0.2966647162083087,0.5937947494033413,0.5745778611632271,0.36017988552739166,0.3452844894777862,0.3873325213154689,0.5823081429408318,0.4190084532785012,0.4574861367837342,0.3639380530973453,0.4677007299270073,0.40153096729297166,0.7058640049906426,0.43302658486707557,0.5950520833333333,0.101038715769594,0.45265588914549637,0.5038560411311054,0.0
0.6726726726726726,0.5298507462686568,0.4641509433962263,0.5310122878876535,0.4591885441527446,0.4249530956848031,0.4991823385118561,0.5420888542478564,0.40682095006090135,0.5360281195079085,0.46355951564998854,0.3937153419593349,0.6559734513274337,0.4472627737226278,0.49965205288796133,0.47379912663755475,0.5081799591002044,0.4361979166666665,0.6090651558073655,0.3987682832948418,0.5484147386461012,0.0
0.6736736736736737,0.3550106609808103,0.539622641509434,0.5927442949093036,0.42195704057279243,0.3379455909943715,0.5870809484873263,0.5315666406858923,0.32521315468940315,0.5500878734622142,0.4768106008681746,0.500924214417745,0.41261061946902655,0.5001824817518248,0.5560194850382745,0.42514036182158454,0.723926380368098,0.57421875,0.8885741265344667,0.4580446497305619,0.5492716366752356,0.0
0.6746746746746747,0.6460554371002132,0.7094339622641509,0.24663545933294317,0.48305489260143203,0.7042682926829269,0.25674570727718726,0.2848791893998439,0.6175395858708891,0.7744581136496776,0.2976924834361435,0.28419593345656224,0.5210176991150444,0.21660583941605838,0.6910229645093948,0.7685589519650655,0.10531697341513291,0.2955729166666665,0.4674220963172805,0.5904541955350266,0.7883461868037701,0.0
0.6756756756756757,0.6716417910447761,0.6327044025157231,0.22849619660620224,0.20143198090692127,0.726782363977486,0.2052330335241208,0.32307092751363986,0.4872107186358099,0.7439953134153486,0.57139593328764,0.42329020332717215,0.586283185840708,0.4976277372262774,0.524704244954767,0.794759825327511,0.16922290388548067,0.26953125,0.3465533522190747,0.40492686682063095,0.7240788346186803,0.0
0.6766766766766766,0.5245202558635396,0.4440251572327043,0.430368636629608,0.4787589498806683,0.4936679174484053,0.3763286999182338,0.39477786438035833,0.48112058465286234,0.6268306971294669,0.5485492346355952,0.5748613678373384,0.4004424778761062,0.5297445255474453,0.6659707724425887,0.5807860262008735,0.2955010224948875,0.3385416666666665,0.4362606232294618,0.578906851424172,0.48243359040274203,0.0
0.6776776776776777,0.29637526652452023,0.7710691823899369,0.42334698654183733,0.4329355608591886,0.5410412757973735,0.4016762060506951,0.4547934528448945,0.6077953714981729,0.6403046280023433,0.5567740461503313,0.5882624768946398,0.4059734513274337,0.6131386861313869,0.5316631871955466,0.5792264504054896,0.39417177914110424,0.7565104166666665,0.4164305949008499,0.5142417244033872,0.45244215938303334,0.0
0.6786786786786787,0.4221748400852878,0.3144654088050314,0.3727325921591573,0.3856801909307876,0.5447936210131332,0.39758789860997545,0.4438815276695245,0.4190012180267966,0.7316930287053308,0.3776559287183002,0.4043438077634014,0.06526548672566379,0.40200729927007295,0.6555323590814197,0.6122894572676234,0.28680981595092025,0.59765625,0.5457979225684608,0.47652040030792886,0.451585261353899,0.0
0.6796796796796797,0.47441364605543707,0.7886792452830188,0.1720304271503803,0.0,0.8187148217636024,0.18581357318070335,0.18978955572876033,0.5213154689403167,0.941417691857059,0.6883710303861093,0.4172828096118304,0.7865044247787611,0.5388686131386862,0.6931106471816286,0.8618215845290083,0.18456032719836402,0.39192708333333326,0.06137865911237017,0.5535026943802923,0.583547557840617,0.0
0.6806806806806807,0.6151385927505328,0.5572327044025157,0.34581626682270317,0.43245823389021487,0.5654315196998125,0.33810302534750636,0.3203429462197971,0.5797807551766139,0.7176332747510251,0.3093442997486864,0.33502772643253254,0.25331858407079644,0.2728102189781021,0.5643702157272097,0.6771678103555832,0.33435582822085896,0.58984375,0.35788479697828146,0.613548883756736,0.5467009425878321,0.0
0.6816816816816816,0.636460554371002,0.4628930817610062,0.5924517261556463,0.4291169451073986,0.420966228893058,0.5568274734260017,0.5159781761496489,0.35322777101096225,0.4915055653192736,0.5017135023989033,0.5439001848428839,0.36946902654867264,0.5180656934306569,0.5066109951287405,0.468808484092327,0.47341513292433524,0.6966145833333333,0.5146364494806421,0.5273287143956891,0.6683804627249356,0.0
0.6826826826826827,0.2718550106609808,0.6515723270440251,0.5354008191925101,0.532219570405728,0.4064258911819889,0.5484464431725267,0.6402961808261887,0.32521315468940315,0.5014645577035736,0.4992003655471784,0.5203327171903884,0.43030973451327437,0.533941605839416,0.4370215727209463,0.4684965689332503,0.7295501022494887,0.3554687499999999,0.25684608120868746,0.501924557351809,0.20479862896315337,0.0
0.6836836836836837,0.3336886993603411,0.7245283018867924,0.5971328262141602,0.2945107398568019,0.4106472795497187,0.6150858544562552,0.6274356975837878,0.9135200974421436,0.6209724663151727,0.47818140278729726,0.4283733826247693,0.1736725663716815,0.43448905109489044,0.6151704940848992,0.3958203368683719,0.5030674846625766,0.5872395833333333,0.5023607176581681,0.6204772902232487,0.25878320479862893,0.0
0.6846846846846847,0.3486140724946695,0.6364779874213835,0.35196021064950234,0.35656324582338905,0.5823170731707319,0.4323385118560916,0.4212782540919717,0.4494518879415347,0.7240773286467487,0.4615033127713045,0.5351201478743073,0.5398230088495576,0.4604014598540147,0.597773138482951,0.6250779787897691,0.3256646216768915,0.7018229166666665,0.44381491973559967,0.5103926096997689,0.5304198800342758,0.0
0.6856856856856857,0.5042643923240939,0.740880503144654,0.4368051492100642,0.45441527446300717,0.5075046904315199,0.5141046606704824,0.5284489477786436,0.7125456760048721,0.49677797305213833,0.5220470641992232,0.5891866913123849,0.5398230088495576,0.5271897810218977,0.5497564370215731,0.5527136618839674,0.5455010224948874,0.2265625,0.31822474032105763,0.3687451886066202,0.37703513281919443,0.0
0.6866866866866866,0.6897654584221748,0.5421383647798742,0.2972498537156232,0.5331742243436755,0.5279080675422139,0.3542518397383485,0.354247856586126,0.5042630937880633,0.6028119507908613,0.3826822024217501,0.3701478743068394,0.2732300884955753,0.33813868613138687,0.4578983994432848,0.6303805364940738,0.42944785276073616,0.3033854166666665,0.4277620396600567,0.4734411085450341,0.7566409597257925,0.0
0.6876876876876877,0.4605543710021322,0.5018867924528301,0.3069046225863077,0.4649164677804296,0.6318011257035647,0.3227718724448079,0.3522992985190956,0.5115712545676004,0.8828353837141182,0.3006625542609094,0.1991682070240297,0.47787610619469034,0.2786496350364962,0.32707028531663207,0.7211478477854023,0.39979550102249484,0.6588541666666665,0.5646836638338055,0.3687451886066202,0.5724078834618679,0.0
0.6886886886886887,0.41471215351812357,0.4742138364779873,0.5491515506143942,0.5847255369928401,0.33841463414634154,0.5214636140637776,0.6126266562743568,0.5554202192448234,0.5383714118336261,0.4425405528901074,0.4815157116451019,0.5365044247787611,0.453832116788321,0.5901183020180936,0.4996880848409233,0.6687116564417177,0.2578125,0.47969782813975453,0.46497305619707463,0.3761782347900601,0.0
0.6896896896896897,0.43283582089552236,0.4327044025157232,0.35927442949093025,0.3188544152744631,0.5063320825515949,0.35772690106296,0.43725643024162086,0.38367844092570036,0.7240773286467487,0.5389536212017363,0.5780961182994457,0.37057522123893816,0.5813868613138686,0.4565066109951288,0.6375545851528384,0.42382413087934556,0.5638020833333333,0.5854579792256847,0.3518090839107004,0.5381319622964867,0.0
0.6906906906906907,0.36140724946695096,0.38238993710691815,0.32328847279110584,0.449164677804296,0.5605065666041278,0.357931316434996,0.4259547934528447,0.4713763702801461,0.618629173989455,0.4000456933973041,0.36460258780037,0.2643805309734514,0.37664233576642325,0.3159359777313848,0.6319401122894572,0.48466257668711643,0.5182291666666665,0.42304060434372054,0.323325635103926,0.4927163667523563,0.0
0.6916916916916916,0.2985074626865672,0.791194968553459,0.6076653013458162,0.5241050119331743,0.2870544090056285,0.6688470973017171,0.7143413873733437,0.4799025578562728,0.3268892794376098,0.5997258396161754,0.6908502772643255,0.31305309734513276,0.6631386861313868,0.04105775922059873,0.3652526512788523,0.8997955010224947,0.29427083333333326,0.2379603399433428,0.12163202463433409,0.12939160239931446,0.0
0.6926926926926927,0.7622601279317698,0.48553459119496845,0.3958455236980689,0.2539379474940334,0.5311913696060038,0.3871627146361407,0.42907248636009343,0.3775883069427527,0.817809021675454,0.48640621430203335,0.40665434380776366,0.42699115044247793,0.43540145985401457,0.3340292275574117,0.639114160948222,0.4708588957055214,0.41015625,0.768649669499528,0.26712856043110067,0.7155098543273349,0.0
0.6936936936936937,0.5948827292110874,0.5886792452830188,0.3437682855471036,0.5016706443914081,0.5185272045028144,0.3849141455437448,0.41309431021044407,0.5761266747868453,0.5547744581136494,0.4217500571167466,0.4001848428835493,0.4004424778761062,0.3771897810218978,0.5852470424495477,0.5898315658140987,0.34662576687116564,0.4374999999999998,0.42209631728045327,0.705157813702848,0.6898029134532989,0.0
0.6946946946946947,0.4072494669509595,0.6251572327044024,0.5269163253364542,0.6439140811455848,0.4143996247654784,0.5077677841373671,0.5736554949337489,0.5456760048721072,0.47568834212067956,0.4795522047064199,0.6534195933456564,0.14712389380530977,0.6547445255474452,0.23590814196242205,0.49563318777292587,0.5787321063394681,0.5911458333333333,0.3257790368271955,0.3418013856812929,0.3813196229648671,0.0
0.6956956956956957,0.3326226012793177,0.43647798742138355,0.4344645991808074,0.3408114558472555,0.5548780487804879,0.3683565004088307,0.44310210444271214,0.6601705237515225,0.7451669595782074,0.41124057573680606,0.34842883548983394,0.3926991150442478,0.3040145985401459,0.629088378566458,0.5854647535870243,0.3052147239263805,0.37239583333333326,0.11803588290840417,0.6166281755196303,0.32990574121679506,0.0
0.6966966966966966,0.624733475479744,0.5484276729559748,0.49765944997074296,0.4706443914081146,0.4129924953095685,0.4850776778413737,0.4657053780202647,0.35322777101096225,0.5717633274751025,0.5021704363719443,0.3983364140480594,0.46570796460177,0.5094890510948906,0.38482950591510123,0.5155957579538366,0.6252556237218814,0.5234374999999999,0.5429650613786592,0.28406466512702044,0.6632390745501285,0.0
0.6976976976976977,0.6748400852878464,0.6201257861635219,0.2805734347571678,0.4992840095465394,0.5900562851782365,0.2745298446443172,0.171862821512081,0.2862362971985384,0.7732864674868191,0.30408955905871593,0.2310536044362297,0.4900442477876107,0.261861313868613,0.13082811412665274,0.7504678727386151,0.5153374233128833,0.2877604166666665,0.42115203021718606,0.09699769053117757,0.7737789203084832,0.0
0.6986986986986987,0.5692963752665245,0.6201257861635219,0.489467524868344,0.42338902147971363,0.4376172607879927,0.474039247751431,0.5206547155105219,0.633373934226553,0.571177504393673,0.45716244002741613,0.479667282809612,0.2809734513274337,0.4675182481751825,0.3472512178148923,0.5318153462258268,0.5046012269938649,0.4726562499999999,0.38338054768649676,0.41339491916859084,0.3641816623821764,0.0
0.6996996996996997,0.5373134328358209,0.3257861635220125,0.2934464599180808,0.4749403341288783,0.5621482176360226,0.3348323793949306,0.374123148869836,0.4567600487210718,0.6947861745752782,0.31437057345213615,0.37846580406654384,0.06526548672566379,0.2560218978102189,0.40570633263743927,0.6659388646288211,0.2898773006134969,0.43098958333333326,0.384324834749764,0.6412625096227869,0.6923736075407027,0.0
0.7007007007007007,0.4051172707889125,0.4830188679245282,0.38794616734932696,0.3885441527446301,0.5393996247654786,0.421095666394113,0.47388932190179256,0.2143727161997564,0.5489162272993556,0.47109892620516336,0.3807763401109061,0.4004424778761062,0.47062043795620445,0.304801670146138,0.618215845290081,0.5506134969325153,0.36197916666666663,0.5967894239848914,0.30177059276366425,0.7335047129391602,0.0
0.7017017017017017,0.5980810234541576,0.5836477987421383,0.15447630193095363,0.3078758949880668,0.7448405253283303,0.1854047424366312,0.24785658612626627,0.6760048721071863,0.9361452841241945,0.36394790952707334,0.2892791127541594,0.418141592920354,0.3184306569343065,0.2999304105775926,0.8543356207111668,0.27914110429447847,0.4648437499999999,0.3588290840415487,0.2825250192455733,0.8346186803770351,0.0
0.7027027027027027,0.5660980810234542,0.5572327044025157,0.5140433001755411,0.17040572792362774,0.37969043151969994,0.5314799672935406,0.43530787217459066,0.5858708891595614,0.6438195664909198,0.5670550605437514,0.5143253234750467,0.3849557522123894,0.5025547445255474,0.4857341684064025,0.47317529631940114,0.6283231083844579,0.37630208333333326,0.6572237960339944,0.24942263279445687,0.627249357326478,0.0
0.7037037037037037,0.4307036247334754,0.3849056603773584,0.5102399063779988,0.5293556085918855,0.42870544090056284,0.4785363859362224,0.49493374902572085,0.3386114494518879,0.5770357352079672,0.4857208133424721,0.7079482439926066,0.2920353982300885,0.5572992700729926,0.4244954766875435,0.49469744229569557,0.44171779141104284,0.13411458333333326,0.6128423040604344,0.44880677444187844,0.4832904884318766,0.0
0.7047047047047047,0.5906183368869935,0.0,0.15272088940901085,0.3842482100238664,0.7317073170731707,0.11631234668847124,0.15666406858924353,0.7490864799025578,0.8845928529584065,0.34658441855151934,0.22504621072088749,0.40376106194690264,0.3113138686131387,0.3862212943632568,0.9451029320024953,0.1912065439672801,0.35286458333333326,0.11237016052880078,0.22324865280985362,0.6538131962296486,0.0
0.7057057057057057,0.5287846481876333,0.5962264150943395,0.47922761849034523,0.49451073985680194,0.4655253283302063,0.4525756336876534,0.5724863600935306,0.6260657734470157,0.5758640890451082,0.5042266392506284,0.5762476894639559,0.45464601769911506,0.5308394160583942,0.4370215727209463,0.5115408608858392,0.4729038854805725,0.421875,0.24457034938621347,0.36720554272517303,0.4738646101113967,0.0
0.7067067067067067,0.7494669509594882,0.7559748427672954,0.3557636044470449,0.37756563245823394,0.6362570356472796,0.34239574816026175,0.25448168355416967,0.610231425091352,0.8254247217340364,0.3107151016678089,0.26109057301293936,0.20464601769911517,0.32463503649635017,0.28531663187195555,0.6905801621958827,0.4943762781186094,0.5768229166666666,0.5316336166194524,0.3110084680523477,0.7832047986289631,0.0
0.7077077077077077,0.6353944562899787,0.5672955974842767,0.4882972498537155,0.3842482100238664,0.41041275797373356,0.5192150449713819,0.5561184723304753,0.3471376370280146,0.6110134739308727,0.4468814256339959,0.4426987060998153,0.4314159292035399,0.42463503649635026,0.7313848295059153,0.5237055520898315,0.5526584867075663,0.44661458333333315,0.42020774315391884,0.6874518860662044,0.5141388174807199,0.0
0.7087087087087087,0.464818763326226,0.5610062893081761,0.5895260386190753,0.5670644391408115,0.31472795497185735,0.5870809484873263,0.6979734996102882,0.4543239951278928,0.34622144112478026,0.5371258853095727,0.6506469500924217,0.5099557522123894,0.5704379562043795,0.3528183716075155,0.399251403618216,0.6682004089979549,0.22395833333333326,0.32011331444759206,0.2571208622016936,0.3213367609254497,0.0
0.7097097097097097,0.5149253731343284,0.6792452830188679,0.21035693387946153,0.4176610978520287,0.6848030018761726,0.21422730989370398,0.2486360093530786,0.29476248477466505,0.8635032220269477,0.31825451222298384,0.2051756007393717,0.48008849557522126,0.285948905109489,0.4098816979819069,0.7763568309419839,0.306237218813906,0.5104166666666665,0.12181303116147313,0.4572748267898379,0.634961439588689,0.0
0.7107107107107107,0.5628997867803838,0.6490566037735849,0.5827969572849621,0.27255369928400963,0.4052532833020639,0.5576451349141456,0.6254871395167574,0.6833130328867235,0.5424721734036321,0.6090929860635138,0.5734750462107212,0.38053097345132747,0.5611313868613139,0.28462073764787776,0.44946974422956965,0.6462167689161553,0.26432291666666674,0.5429650613786592,0.3418013856812929,0.5347043701799487,0.0
0.7117117117117117,0.42857142857142855,0.6666666666666666,0.3703920421299005,0.33221957040572797,0.5218105065666043,0.3945216680294359,0.39360872954014026,0.707673568818514,0.7627416520210896,0.43682887822709615,0.37292051756007427,0.22566371681415942,0.3963503649635036,0.4982602644398053,0.6419213973799127,0.5076687116564416,0.45442708333333315,0.5155807365439093,0.29407236335642795,0.6486718080548416,0.0
0.7127127127127127,0.3550106609808103,0.46540880503144644,0.4672322995904037,0.5069212410501194,0.4193245778611632,0.44664758789861003,0.525720966484801,0.25943970767356883,0.6537785588752195,0.3685172492574823,0.2615526802218118,0.5110619469026549,0.32737226277372256,0.2950591510090468,0.5723643169058017,0.5490797546012269,0.5703124999999999,0.42115203021718606,0.23633564280215547,0.6143958868894602,0.0
0.7137137137137137,0.6194029850746268,0.4792452830188678,0.4444119368051491,0.31264916467780435,0.4423076923076923,0.42211774325429285,0.44972720187061554,0.3118148599269184,0.6572934973637962,0.5777930089102125,0.48382624768946414,0.46570796460177,0.5726277372262774,0.4919972164231039,0.5686213349968807,0.5521472392638036,0.8281249999999999,0.554296506137866,0.5535026943802923,0.7163667523564695,0.0
0.7147147147147147,0.31982942430703626,0.5761006289308176,0.3586892919836162,0.42195704057279243,0.5192307692307694,0.38123466884709734,0.4489477786438034,0.6187576126674786,0.6180433509080258,0.45213616632396625,0.5073937153419597,0.2842920353982301,0.47518248175182465,0.4940848990953377,0.5995009357454772,0.4233128834355828,0.578125,0.3512747875354108,0.5096227867590453,0.3461868037703514,0.0
0.7157157157157157,0.6119402985074627,0.33836477987421376,0.5781158572264482,0.5078758949880668,0.34052532833020643,0.5572363041700736,0.5678098207326576,0.6954933008526187,0.4551845342706501,0.5711674663011195,0.6797597042513865,0.47123893805309747,0.6514598540145985,0.43284620737647916,0.44791016843418596,0.6211656441717791,0.4531249999999999,0.5684608120868745,0.37028483448806737,0.5826906598114824,0.0
0.7167167167167167,0.6439232409381663,0.5459119496855346,0.5023405500292568,0.5928400954653938,0.45497185741088186,0.5255519215044973,0.5802805923616521,0.5907429963459195,0.4258933801991799,0.43294493945624857,0.3710720887245844,0.34623893805309747,0.4445255474452554,0.4968684759916493,0.505926388022458,0.5444785276073618,0.43359375,0.21340887629839472,0.5927636643571979,0.28791773778920315,0.0
0.7177177177177178,0.5010660980810235,0.46163522012578606,0.3917495611468693,0.3350835322195705,0.5328330206378988,0.3857318070318889,0.4466095089633668,0.35566382460414125,0.8131224370240188,0.3854238062599955,0.23475046210720918,0.7013274336283186,0.2801094890510949,0.6297842727905358,0.621958827199002,0.3496932515337423,0.4908854166666665,0.17563739376770543,0.5681293302540413,0.47215081405312753,0.0
0.7187187187187187,0.2995735607675906,0.559748427672956,0.3101228788765358,0.33031026252983303,0.6510318949343341,0.2708503679476699,0.43102104442712363,0.5468940316686968,0.8248388986526068,0.4886908841672378,0.4140480591497231,0.22013274336283195,0.4771897810218977,0.34864300626304834,0.6965065502183407,0.21574642126789367,0.37760416666666663,0.2407932011331445,0.24557351809083894,0.2827763496143959,0.0
0.7197197197197197,0.3624733475479744,0.6402515723270439,0.6623756582796956,0.5064439140811456,0.2924484052532833,0.7195421095666394,0.7724084177708495,0.5286236297198538,0.31634446397188054,0.5803061457619374,0.6936229205175604,0.4170353982300885,0.6257299270072992,0.7759220598469034,0.3034934497816595,0.686605316973415,0.5716145833333333,0.44003777148253076,0.7929176289453423,0.249357326478149,0.0
0.7207207207207207,0.41684434968017053,0.4591194968553458,0.1752486834406084,0.44439140811455846,0.6085834896810509,0.24836467702371223,0.35190958690568963,0.28380024360535927,0.7041593438781489,0.3148275074251772,0.147874306839187,0.4059734513274337,0.18558394160583935,0.4836464857341687,0.7326887086712413,0.16922290388548067,0.41145833333333326,0.09726156751652504,0.34334103156274054,0.4892887746358182,0.0
0.7217217217217217,0.6471215351812365,0.45660377358490556,0.39847864248098297,0.1780429594272076,0.5150093808630396,0.44930498773507765,0.43413873733437236,0.6747868453105969,0.6315172817809022,0.6657527987205849,0.6261552680221816,0.5121681415929205,0.5895985401459853,0.524704244954767,0.6010605115408609,0.42586912065439664,0.3398437499999999,0.3796033994334278,0.4572748267898379,0.43530419880034266,0.0
0.7227227227227228,0.5287846481876333,0.6591194968553459,0.30544177881802215,0.5040572792362769,0.6505628517823641,0.31214227309893716,0.36399064692127814,0.4384896467722289,0.7475102519039251,0.3406442769019876,0.28789279112754196,0.36836283185840724,0.3136861313868613,0.620041753653445,0.7108546475358704,0.33793456032719815,0.43489583333333326,0.12086874409820592,0.5658198614318706,0.5681233933161952,0.0
0.7237237237237237,0.19296375266524518,0.4477987421383647,0.48478642480983036,0.4706443914081146,0.4446529080675421,0.49816026165167626,0.5124707716289945,0.5018270401948842,0.5008787346221443,0.4857208133424721,0.5896487985212573,0.4336283185840708,0.5439781021897809,0.5400139178844818,0.5190268247036807,0.4401840490797545,0.7278645833333331,0.481586402266289,0.39722863741339465,0.38303341902313626,0.0
0.7247247247247247,0.1940298507462686,0.5371069182389937,0.5228203627852546,0.40525059665871127,0.4336303939962476,0.5249386753883893,0.5783320342946219,0.5176613885505481,0.6584651435266548,0.5065113091158328,0.5166358595194089,0.48008849557522126,0.5678832116788322,0.40292275574112724,0.5131004366812226,0.5516359918200407,0.7825520833333333,0.2521246458923513,0.3456505003849113,0.2922022279348756,0.0
0.7257257257257257,0.6513859275053304,0.6880503144654088,0.3850204798127559,0.44486873508353225,0.5562851782363978,0.42130008176614897,0.44193296960249384,0.61510353227771,0.6924428822495606,0.3902216129769248,0.41913123844732025,0.4325221238938054,0.3821167883211678,0.638135003479471,0.5601996257018091,0.4105316973415132,0.45442708333333315,0.45231350330500475,0.6936104695919936,0.6049700085689801,0.0
0.7267267267267267,0.5223880597014925,0.70062893081761,0.41954359274429476,0.29689737470167066,0.5321294559099436,0.48180703188879814,0.41660171473109875,0.610231425091352,0.5641476274165201,0.5252456020105094,0.4547134935304995,0.44358407079646023,0.49726277372262784,0.7794015309672928,0.5592638802245791,0.45296523517382403,0.6249999999999999,0.5429650613786592,0.8344880677444186,0.6589545844044559,0.0
0.7277277277277278,0.24307036247334762,0.6716981132075471,0.6386775892334697,0.5178997613365155,0.3159005628517825,0.6757972199509403,0.711613406079501,0.6029232643118148,0.3245459871118922,0.6148046607265251,0.8294824399260632,0.3008849557522124,0.7354014598540146,0.45093945720250517,0.3175296319401124,0.6221881390593046,0.15494791666666652,0.5391879131255902,0.5227097767513467,0.16538131962296487,0.0
0.7287287287287287,0.4605543710021322,0.6075471698113206,0.33294324166179057,0.490692124105012,0.62687617260788,0.3436222403924776,0.31644583008573623,0.6967113276492083,0.7861745752782657,0.36006397075622576,0.39186691312384503,0.3584070796460178,0.41879562043795615,0.3862212943632568,0.7077354959451032,0.33537832310838445,0.6106770833333331,0.4447592067988669,0.34795996920708205,0.5861182519280205,0.0
0.7297297297297297,0.4872068230277186,0.6402515723270439,0.6053247513165594,0.409546539379475,0.37312382739212013,0.6263286999182338,0.6293842556508182,0.5956151035322776,0.5026362038664322,0.5743660041124058,0.5776340110905733,0.5630530973451328,0.5211678832116786,0.7299930410577593,0.40018714909544606,0.5143149284253578,0.5247395833333333,0.5552407932011332,0.7105465742879136,0.3624678663239075,0.0
0.7307307307307307,0.5831556503198294,0.260377358490566,0.3648332358104154,0.3957040572792363,0.5309568480300189,0.38900245298446445,0.3600935307872173,0.7381242387332521,0.6625659050966607,0.4350011423349326,0.3881700554528653,0.47787610619469034,0.36003649635036483,0.597773138482951,0.6441048034934498,0.31646216768916147,0.38151041666666663,0.5108593012275733,0.6766743648960736,0.6486718080548416,0.0
0.7317317317317317,0.6737739872068231,0.6553459119496855,0.5020479812755996,0.37231503579952274,0.4739681050656659,0.5051103843008995,0.5144193296960247,0.4567600487210718,0.6725248974809607,0.4873200822481152,0.37245841035120186,0.46902654867256643,0.4773722627737227,0.4502435629784274,0.4928259513412354,0.48721881390593047,0.8424479166666665,0.5779036827195468,0.30254041570438783,0.5089974293059126,0.0
0.7327327327327328,0.5490405117270789,0.710691823899371,0.37507314218841437,0.3479713603818616,0.6228893058161353,0.3922730989370402,0.2989088074824626,0.7466504263093787,0.6631517281780902,0.572995202193283,0.7111829944547137,0.25,0.5790145985401458,0.5532359081419624,0.6840299438552713,0.38957055214723924,0.2773437499999998,0.5448536355051936,0.5758275596612776,0.6075407026563838,0.0
0.7337337337337337,0.2238805970149254,0.3597484276729559,0.5833820947922761,0.47732696897374705,0.3377110694183866,0.5329108748977924,0.6192517537022602,0.6967113276492083,0.5131810193321616,0.45716244002741613,0.4782809611829948,0.43030973451327437,0.5060218978102189,0.17606123869171908,0.43200249532127266,0.6559304703476481,0.40494791666666663,0.39754485363550524,0.17859892224788299,0.39674378748928885,0.0
0.7347347347347347,0.2579957356076759,0.5672955974842767,0.44675248683440616,0.5150357995226731,0.5323639774859288,0.4517579721995095,0.4820732657833202,0.27405602923264316,0.6936145284124194,0.3893077450308431,0.41266173752310564,0.38053097345132747,0.350912408759124,0.7508698677800973,0.5879600748596383,0.4662576687116563,0.41927083333333326,0.33711048158640233,0.6543494996150883,0.4892887746358182,0.0
0.7357357357357357,0.5042643923240939,0.4088050314465408,0.5435927442949091,0.484964200477327,0.399155722326454,0.5735895339329518,0.6742010911925174,0.7990255785627283,0.571177504393673,0.48480694539639024,0.532809611829945,0.3993362831858407,0.5114963503649634,0.3792623521224776,0.45882719900187174,0.5644171779141103,0.4609374999999999,0.4334277620396601,0.497305619707467,0.28706083976006835,0.0
0.7367367367367368,0.4520255863539446,0.3735849056603773,0.6474546518431832,0.5021479713603818,0.2858818011257036,0.580335241210139,0.5775526110678098,0.5395858708891595,0.4569420035149384,0.5284441398217958,0.613678373382625,0.44358407079646023,0.5711678832116787,0.455810716771051,0.38490330630068614,0.6042944785276072,0.38151041666666663,0.7847025495750709,0.38645111624326356,0.5518423307626393,0.0
0.7377377377377378,0.6353944562899787,0.611320754716981,0.6395552954944412,0.4897374701670645,0.32340525328330216,0.6263286999182338,0.623148869836321,0.5578562728380024,0.35969537199765667,0.6481608407585104,0.7500000000000002,0.5110619469026549,0.7437956204379562,0.3799582463465554,0.43075483468496567,0.6753578732106338,0.7005208333333333,0.36449480642115206,0.43571978444957615,0.3616109682947729,0.0
0.7387387387387387,0.3667377398720683,0.5207547169811321,0.6141018139262724,0.3589498806682578,0.28752345215759856,0.6275551921504496,0.6391270459859704,0.6370280146163215,0.44932630345635627,0.6662097326936257,0.8230129390018486,0.32964601769911517,0.7374087591240877,0.5177453027139878,0.3565190268247038,0.6032719836400817,0.5624999999999999,0.6912181303116148,0.42186297151655117,0.4678663239074551,0.0
0.7397397397397397,0.4541577825159914,0.38238993710691815,0.4306612053832648,0.48019093078758956,0.5511257035647281,0.40637775960752265,0.4579111457521432,0.32034104750304504,0.6760398359695373,0.3472698195110806,0.40249537892791176,0.174778761061947,0.3591240875912407,0.6833681280445374,0.618215845290081,0.33077709611451933,0.5911458333333333,0.5816808309726157,0.5550423402617395,0.5347043701799487,0.0
0.7407407407407407,0.652452025586354,0.45534591194968543,0.3832650672908131,0.28591885441527454,0.5602720450281427,0.40842191332788236,0.48402182385035064,0.412911084043849,0.5436438195664909,0.6419922321224583,0.5799445471349356,0.6139380530973453,0.6235401459854015,0.5922059846903274,0.5913911416094824,0.33793456032719815,0.39583333333333326,0.4098205854579793,0.5504234026173975,0.5184233076263923,0.0
0.7417417417417418,0.453091684434968,0.42641509433962255,0.34552369806904615,0.4386634844868736,0.6020168855534709,0.3583401471790679,0.48597038191738084,0.7149817295980512,0.576449912126538,0.3902216129769248,0.40896487985212593,0.18805309734513287,0.3233576642335765,0.665274878218511,0.6297567061759204,0.2627811860940694,0.40234375,0.1586402266288952,0.6782140107775207,0.23907455012853474,0.0
0.7427427427427428,0.4936034115138593,0.3849056603773584,0.4903452311293155,0.5436754176610978,0.3876641651031896,0.51880621422731,0.6605611847233046,0.44701583434835557,0.51493848857645,0.4539639022161298,0.4653419593345658,0.3064159292035399,0.4739051094890512,0.3263743910925543,0.44198378041172814,0.579243353783231,0.5859375,0.550519357884797,0.3779830638953041,0.33676092544987146,0.0
0.7437437437437437,0.6577825159914712,0.6566037735849056,0.3999414862492685,0.447255369928401,0.5785647279549719,0.39349959116925604,0.3597038191738111,0.218026796589525,0.7445811364967779,0.39433401873429286,0.39972273567467687,0.2732300884955753,0.4180656934306568,0.5330549756437026,0.6843418590143482,0.39417177914110424,0.5611979166666666,0.5108593012275733,0.5127020785219396,0.7420736932305055,0.0
0.7447447447447447,0.4946695095948827,0.5358490566037736,0.4169104739613809,0.36276849642004777,0.5117260787992497,0.3885936222403925,0.4251753702260326,0.40682095006090135,0.6572934973637962,0.47224126113776566,0.4214417744916825,0.4734513274336284,0.4531021897810219,0.464857341684064,0.5692451653150343,0.4141104294478527,0.6848958333333333,0.2880075542965062,0.49576597382601983,0.43187660668380456,0.0
0.7457457457457457,0.5191897654584223,0.4528301886792452,0.5514921006436513,0.3914081145584726,0.40478424015009384,0.553147996729354,0.5518316445830085,0.4543239951278928,0.5348564733450497,0.5126799177518849,0.46118299445471367,0.44690265486725667,0.4744525547445255,0.7640918580375784,0.44229569557080484,0.45654396728016355,0.4960937499999999,0.6902738432483476,0.578906851424172,0.5089974293059126,0.0
0.7467467467467468,0.5575692963752665,0.38238993710691815,0.5043885313048564,0.39236276849642004,0.40595684803001864,0.5008176614881439,0.5966484801247076,0.5700365408038977,0.5746924428822496,0.6074937171578707,0.5175600739371535,0.5763274336283186,0.5224452554744525,0.7494780793319418,0.5090455396132252,0.42842535787321057,0.45833333333333315,0.4050991501416431,0.623556581986143,0.4601542416452443,0.0
0.7477477477477478,0.47761194029850745,0.40754716981132066,0.6492100643651255,0.29689737470167066,0.24272983114446522,0.6486099754701553,0.7123928293063131,0.7125456760048721,0.4686584651435267,0.639250628284213,0.6501848428835493,0.35398230088495586,0.668978102189781,0.30619345859429403,0.3649407361197756,0.7213701431492842,0.5286458333333333,0.6638338054768651,0.18783679753656646,0.37703513281919443,0.0
0.7487487487487487,0.5948827292110874,0.5710691823899371,0.17290813341135136,0.518854415274463,0.6887898686679175,0.24223221586263288,0.2716289945440371,0.11327649208282581,0.6947861745752782,0.3728581220013708,0.35813308687615564,0.37942477876106195,0.38010948905109476,0.23034098816979842,0.7688708671241422,0.3532719836400817,0.45442708333333315,0.3456090651558074,0.24711316397228655,0.8354755784061697,0.0
0.7497497497497497,0.49253731343283585,0.5610062893081761,0.380046811000585,0.4305489260143199,0.43503752345215774,0.4891659852820933,0.4964925954793451,0.443361753958587,0.6250732278851786,0.5554032442312086,0.5494454713493535,0.4823008849557522,0.5777372262773723,0.37508698677801,0.5402370555208982,0.6150306748466257,0.4674479166666665,0.18602455146364494,0.45265588914549637,0.4130248500428447,0.0
0.7507507507507507,0.6076759061833688,0.39748427672955966,0.36775892334698645,0.4348448687350836,0.5009380863039399,0.3867538838920688,0.35814497272018686,0.5639464068209501,0.7123608670181604,0.3669179803518392,0.30499075785582286,0.48561946902654873,0.30547445255474437,0.4565066109951288,0.6490954460386775,0.4381390593047034,0.4492187499999999,0.8130311614730878,0.3271747498075439,0.726649528706084,0.0
0.7517517517517518,0.45522388059701496,0.4679245283018867,0.3791691047396135,0.37661097852028647,0.44723264540337704,0.4405151267375307,0.49805144193296935,0.5724725943970768,0.6145284124194493,0.4779529358007768,0.6451016635859523,0.0,0.5107664233576643,0.2157272094641618,0.5330630068621336,0.5644171779141103,0.6627604166666665,0.4277620396600567,0.27174749807544263,0.5295629820051414,0.0
0.7527527527527528,0.4690831556503198,0.5622641509433962,0.36424809830310134,0.4644391408114559,0.5494840525328331,0.39125102207686036,0.47272018706157426,0.3166869671132765,0.7188049209138839,0.5058259081562714,0.48428835489833677,0.4933628318584071,0.4578467153284671,0.6729297146833684,0.6222707423580787,0.4821063394683026,0.4557291666666665,0.20963172804532582,0.49499615088529625,0.3753213367609253,0.0
0.7537537537537538,0.21002132196162043,0.5308176100628931,0.33616149795201866,0.3957040572792363,0.5670731707317074,0.3211365494685201,0.4633671083398283,0.18270401948842874,0.6965436438195663,0.46355951564998854,0.4205175600739375,0.34513274336283195,0.43448905109489044,0.7209464161447463,0.6363069245165316,0.2581799591002045,0.6328124999999999,0.2691218130311615,0.5943033102386446,0.3024850042844901,0.0
0.7547547547547547,0.1940298507462686,0.7031446540880503,0.5552954944411936,0.24391408114558477,0.44629455909943716,0.5578495502861816,0.5908028059236163,0.4823386114494519,0.5600468658465144,0.628055745944711,0.6423290203327174,0.36061946902654873,0.6598540145985402,0.4954766875434933,0.48752339363693076,0.6129856850715746,0.9999999999999999,0.3286118980169972,0.5658198614318706,0.32047986289631536,0.0
0.7557557557557557,0.34648187633262256,0.46666666666666656,0.4771796372147452,0.2964200477326969,0.40595684803001864,0.48528209321340965,0.5272798129384255,0.4165651644336176,0.6086701816051551,0.6056659812657071,0.5203327171903884,0.720132743362832,0.5936131386861314,0.16283924843423803,0.5686213349968807,0.6947852760736195,0.8489583333333333,0.242681775259679,0.12240184757505723,0.25192802056555264,0.0
0.7567567567567568,0.24520255863539447,0.7069182389937106,0.4862492685781159,0.42768496420047736,0.5091463414634148,0.4591169255928047,0.49805144193296935,0.4311814859926918,0.6033977738722905,0.5314142106465616,0.5157116451016639,0.5785398230088497,0.5096715328467152,0.7432150313152404,0.5389893948845914,0.3640081799591002,0.4557291666666665,0.5118035882908405,0.647421093148576,0.4858611825192801,0.0
0.7577577577577578,0.4125799573560767,0.27798742138364774,0.4842012873025159,0.21622911694510738,0.4127579737335836,0.43376941946034364,0.5888542478565859,0.6406820950060901,0.5383714118336261,0.649988576650674,0.5707024029574865,0.4070796460176991,0.6067518248175181,0.20668058455114835,0.5084217092950718,0.5787321063394681,0.3046874999999998,0.16619452313503308,0.2063125481139334,0.33333333333333337,0.0
0.7587587587587588,0.708955223880597,0.5433962264150943,0.2975424224692802,0.5441527446300716,0.6289868667917449,0.31009811937857723,0.4053000779423226,0.5858708891595614,0.6725248974809607,0.3799405985835047,0.3308687615526804,0.5353982300884956,0.35875912408759114,0.4551148225469732,0.6609482220835934,0.26840490797546024,0.3502604166666665,0.5807365439093485,0.5966127790608158,0.6778063410454155,0.0
0.7597597597597597,0.7579957356076759,0.5672955974842767,0.4757167934464597,0.28066825775656323,0.45919324577861165,0.49836467702371223,0.47077162899454383,0.443361753958587,0.6983011130638547,0.4964587617089331,0.4426987060998153,0.506637168141593,0.4322992700729926,0.19972164231036915,0.5807860262008735,0.5858895705521471,0.20833333333333326,0.47025495750708224,0.24480369515011535,0.5629820051413882,0.0
0.7607607607607607,0.6982942430703625,0.690566037735849,0.4368051492100642,0.35942720763723157,0.5595684803001877,0.44807849550286183,0.46765393608729533,0.5992691839220462,0.7123608670181604,0.47224126113776566,0.41682070240295777,0.33738938053097356,0.4352189781021898,0.5615866388308981,0.5767311291328758,0.46012269938650296,0.45052083333333315,0.6402266288951842,0.4896073903002307,0.6452442159383033,0.0
0.7617617617617618,0.4861407249466951,0.7446540880503144,0.5140433001755411,0.5102625298329355,0.42565666041275807,0.5081766148814393,0.5763834762275915,0.6370280146163215,0.5166959578207381,0.4697281242860407,0.6113678373382627,0.15376106194690276,0.518795620437956,0.5504523312456508,0.4897067997504678,0.5695296523517381,0.47395833333333315,0.31822474032105763,0.5096227867590453,0.2733504712939159,0.0
0.7627627627627628,0.4083155650319829,0.6452830188679245,0.6664716208308952,0.28066825775656323,0.35483114446529074,0.6490188062142275,0.6457521434138735,0.6406820950060901,0.5196250732278852,0.6783184829792096,0.6330868761552682,0.4834070796460177,0.6250000000000001,0.6471816283924845,0.3727386150966938,0.6687116564417177,0.4609374999999999,0.5750708215297451,0.48498845265588875,0.3384747215081404,0.0
0.7637637637637638,0.6087420042643921,0.5559748427672956,0.5327677004095961,0.4644391408114559,0.38109756097560976,0.5212591986917416,0.5732657833203427,0.39707673568818513,0.4961921499707088,0.48754854923463564,0.6155268022181148,0.415929203539823,0.49817518248175174,0.5386221294363258,0.4606986899563319,0.5490797546012269,0.04557291666666652,0.6185080264400379,0.4903772132409543,0.517566409597258,0.0
0.7647647647647647,0.568230277185501,0.519496855345912,0.5058513750731422,0.26205250596658713,0.4158067542213886,0.5153311529026985,0.5046765393608728,0.5517661388550548,0.586994727592267,0.7059629883481837,0.7338262476894641,0.36283185840707977,0.7054744525547446,0.6214335421016006,0.4915782907049282,0.47443762781186083,0.3867187499999999,0.3758262511803589,0.661277906081601,0.4550128534704371,0.0
0.7657657657657657,0.3624733475479744,0.3647798742138364,0.6348741954359274,0.4176610978520287,0.28447467166979357,0.643499591169256,0.6593920498830865,0.4190012180267966,0.4305799648506151,0.514279186657528,0.5725508317929764,0.48008849557522126,0.5319343065693429,0.40153096729297166,0.35620711166562713,0.642126789366053,0.5260416666666665,0.578847969782814,0.5003849114703618,0.41988003427592113,0.0
0.7667667667667668,0.6172707889125797,0.47672955974842757,0.3715623171445288,0.21336515513126497,0.5372889305816135,0.36161079313164346,0.4660950896336711,0.7113276492082826,0.6086701816051551,0.7863833676033813,0.8054528650646953,0.48783185840707965,0.7678832116788321,0.4982602644398053,0.6456643792888335,0.48721881390593047,0.2773437499999998,0.30783758262511807,0.30946882217090055,0.6281062553556126,0.0
0.7677677677677678,0.5159914712153519,0.6993710691823899,0.47220596840257456,0.33747016706443916,0.45731707317073167,0.4627964022894522,0.5070148090413094,0.5298416565164433,0.5618043350908025,0.641306831162897,0.7093345656192238,0.48783185840707965,0.6478102189781022,0.594989561586639,0.5327510917030567,0.4217791411042944,0.48177083333333315,0.47780925401322005,0.5257890685142415,0.4807197943444729,0.0
0.7687687687687688,0.5,0.340880503144654,0.37185488589818605,0.4711217183770883,0.5290806754221389,0.3565004088307442,0.3203429462197971,0.5724725943970768,0.6297598125366138,0.4192369202650217,0.47365988909427026,0.256637168141593,0.4698905109489051,0.43215031315240093,0.6762320648783533,0.3778118609406951,0.26692708333333326,0.5533522190745988,0.3556581986143188,0.6812339331619536,0.0
0.7697697697697697,0.613006396588486,0.4729559748427672,0.2873025160912812,0.5694510739856802,0.6203095684803004,0.24325429272281296,0.2420109119251752,0.6419001218026796,0.7100175746924428,0.4258624628741148,0.6062846580406658,0.25221238938053103,0.46332116788321165,0.6311760612386919,0.712414223331254,0.24948875255623704,0.26171875,0.7393767705382437,0.5558121632024631,0.8594687232219366,0.0
0.7707707707707707,0.732409381663113,0.5484276729559748,0.3028086600351083,0.4615751789976134,0.6320356472795499,0.32951757972199514,0.3729540140296179,0.5688185140073082,0.7111892208553018,0.306602695910441,0.297134935304991,0.2245575221238939,0.2366788321167883,0.4669450243562978,0.6503431066749845,0.3680981595092023,0.25520833333333326,0.5288007554296507,0.43033102386451105,0.6255355612682091,0.0
0.7717717717717718,0.6460554371002132,0.5572327044025157,0.3250438853130484,0.4286396181384249,0.5748123827392122,0.367947669664759,0.2860483242400622,0.37149817295980514,0.6777973052138252,0.4240347269819512,0.4690388170055455,0.32079646017699126,0.4282846715328468,0.5539318023660407,0.7167810355583282,0.47239263803680975,0.5416666666666666,0.5769593956562795,0.46420323325635104,0.7566409597257925,0.0
0.7727727727727728,0.6428571428571428,0.7559748427672954,0.30456407255705065,0.39856801909307876,0.6871482176360226,0.3011038430089945,0.30436477007014795,0.37393422655298414,0.736379613356766,0.4802376056659813,0.4214417744916825,0.4745575221238939,0.46350364963503643,0.5887265135699375,0.7407985028072366,0.2612474437627812,0.6354166666666665,0.6052880075542966,0.5334872979214778,0.7489288774635819,0.0
0.7737737737737738,0.2761194029850746,0.6339622641509433,0.4549444119368051,0.3069212410501193,0.4746716697936211,0.4670891251022078,0.45518316445830065,0.4031668696711328,0.5020503807850029,0.5812200137080192,0.5716266173752313,0.5464601769911506,0.6182481751824817,0.3980514961725823,0.5124766063630692,0.47801635991820035,0.4609374999999999,0.368271954674221,0.4287913779830639,0.6212510711225364,0.0
0.7747747747747747,0.49253731343283585,0.40125786163522004,0.5181392627267407,0.33412887828162297,0.39845215759849917,0.5265739983646771,0.5019485580670302,0.492082825822168,0.6315172817809022,0.4573909070139365,0.4782809611829948,0.3152654867256638,0.42500000000000004,0.708420320111343,0.47099189020586407,0.46574642126789356,0.5416666666666666,0.5061378659112371,0.6220169361046954,0.41988003427592113,0.0
0.7757757757757757,0.41044776119402976,0.5974842767295596,0.3978935049736687,0.2362768496420048,0.5117260787992497,0.4076042518397385,0.4586905689789553,0.5286236297198538,0.6157000585823081,0.6981951108064884,0.7158040665434384,0.34402654867256643,0.7476277372262774,0.6471816283924845,0.5810979413599502,0.47903885480572594,0.6679687499999999,0.2974504249291785,0.33410315627405707,0.4712939160239932,0.0
0.7767767767767768,0.4488272921108742,0.7886792452830188,0.4104739613809243,0.44677804295942725,0.5548780487804879,0.4276369582992643,0.4025720966484798,0.42265529841656524,0.5682483889865261,0.4512222983778844,0.5041589648798523,0.26327433628318586,0.4312043795620437,0.25748086290883787,0.6157205240174672,0.5736196319018403,0.32161458333333326,0.5476864966949954,0.3156274056966897,0.6023993144815766,0.0
0.7777777777777778,0.6823027718550108,0.5081761006289307,0.5354008191925101,0.36849642004773275,0.4401969981238276,0.48242027800490606,0.4547934528448945,0.43483556638246035,0.6801405975395428,0.40370116518163135,0.42329020332717215,0.2311946902654869,0.35967153284671527,0.748782185107864,0.5121646912039926,0.4739263803680981,0.6796874999999999,0.6109537299339,0.6866820631254809,0.6358183376178234,0.0
0.7787787787787788,0.533049040511727,0.5987421383647797,0.42334698654183733,0.2677804295942722,0.5640243902439024,0.44296811120196256,0.4820732657833202,0.22655298416565167,0.7393087287639134,0.5748229380854466,0.5448243992606288,0.4756637168141594,0.6001824817518249,0.2644398051496175,0.5745477230193388,0.4197341513292433,0.5299479166666666,0.4872521246458924,0.23710546574287905,0.5561268209083118,0.0
0.7797797797797797,0.5426439232409381,0.6515723270440251,0.5073142188414277,0.40047732696897376,0.40689493433395874,0.48977923139820123,0.5900233826968042,0.8952496954933007,0.47920328060925577,0.6461046378798264,0.6326247689463957,0.42035398230088494,0.6562043795620437,0.6478775226165627,0.44915782907049273,0.5194274028629856,0.22265625,0.4863078375826252,0.5150115473441108,0.4301628106255354,0.0
0.7807807807807807,0.8155650319829424,0.33836477987421376,0.4765944997074312,0.36754176610978523,0.46810506566604126,0.4773098937040068,0.47038191738113766,0.3495736906211937,0.5196250732278852,0.6467900388393877,0.6783733826247693,0.665929203539823,0.6301094890510949,0.43284620737647916,0.5686213349968807,0.5270961145194273,0.22916666666666652,0.4305949008498584,0.44495765973826007,0.5089974293059126,0.0
0.7817817817817818,0.39125799573560777,0.5610062893081761,0.3662960795787009,0.445346062052506,0.5738742964352721,0.34382665576451354,0.42439594699922045,0.7429963459196102,0.725834797891037,0.4066712360063971,0.4353049907578561,0.35287610619469034,0.43576642335766413,0.5198329853862216,0.6562694946974426,0.39417177914110424,0.7460937499999999,0.550519357884797,0.482678983833718,0.5826906598114824,0.0
0.7827827827827828,0.3550106609808103,0.7119496855345911,0.4476301930953772,0.43723150357995233,0.5218105065666043,0.4396974652493868,0.5487139516757598,0.6808769792935444,0.5823081429408318,0.4219785241032671,0.40249537892791176,0.42035398230088494,0.44762773722627736,0.41057759220598466,0.5548970679975047,0.42382413087934556,0.5989583333333331,0.5958451369216242,0.41339491916859084,0.5218508997429304,0.0
0.7837837837837838,0.5671641791044775,0.611320754716981,0.2516091281451138,0.2840095465393796,0.728658536585366,0.2544971381847916,0.25370226032735754,0.42265529841656524,0.8353837141183361,0.49348869088416725,0.5115526802218118,0.3263274336283186,0.4762773722627738,0.7863604732080725,0.7429819089207736,0.1774028629856852,0.4804687499999999,0.5486307837582626,0.6874518860662044,0.6461011139674379,0.0
0.7847847847847848,0.5437100213219614,0.6528301886792452,0.5383265067290812,0.5780429594272076,0.4216697936210132,0.47587898609975476,0.5888542478565859,0.33739342265529837,0.5295840656121852,0.4877770162211561,0.653881700554529,0.3396017699115045,0.5611313868613139,0.34864300626304834,0.49376169681846527,0.5173824130879345,0.42838541666666663,0.4872521246458924,0.2971516551193223,0.43273350471293914,0.0
0.7857857857857857,0.36460554371002135,0.591194968553459,0.4549444119368051,0.39045346062052505,0.50422138836773,0.4636140637775963,0.6282151208105999,0.37880633373934225,0.6285881663737553,0.46744345442083624,0.4343807763401113,0.375,0.4423357664233576,0.2679192762700069,0.5296319401122895,0.4887525562372187,0.34114583333333326,0.26251180358829085,0.38183217859892205,0.3461868037703514,0.0
0.7867867867867868,0.4786780383795309,0.47547169811320744,0.6723229959040375,0.2711217183770883,0.22584427767354598,0.7130008176614882,0.8616523772408415,0.6662606577344701,0.44932630345635627,0.6550148503541239,0.5831792975970429,0.5199115044247788,0.6036496350364964,0.5212247738343772,0.3025577043044292,0.6993865030674845,0.5065104166666665,0.2464589235127479,0.6004618937644337,0.10282776349614386,0.0
0.7877877877877878,0.36460554371002135,0.43144654088050305,0.3791691047396135,0.5016706443914081,0.5755159474671672,0.36038430089942786,0.4006235385814496,0.612667478684531,0.7006444053895723,0.4299748686314827,0.46950092421441814,0.22898230088495586,0.38503649635036497,0.5657620041753653,0.6540860885839053,0.2852760736196318,0.19921875,0.47497639282341836,0.5712086220169361,0.5595544130248501,0.0
0.7887887887887888,0.6609808102345416,0.5220125786163522,0.39906377998829723,0.46634844868735087,0.5722326454033773,0.392068683565004,0.41893998441153535,0.44214372716199746,0.6672524897480959,0.3973040895590588,0.2855822550831797,0.6526548672566372,0.33594890510948905,0.46972860125260985,0.6244541484716157,0.36860940695296507,0.40494791666666663,0.4390934844192635,0.4026173979984602,0.4044558697514994,0.0
0.7897897897897898,0.44349680170575695,0.6616352201257861,0.460210649502633,0.4229116945107399,0.5372889305816135,0.4499182338511858,0.43842556508183916,0.3081607795371498,0.4938488576449912,0.44459675576879143,0.5161737523105365,0.22898230088495586,0.4436131386861313,0.3862212943632568,0.6228945726762323,0.4187116564417177,0.3945312499999999,0.5845136921624174,0.4772902232486529,0.6058269065981149,0.0
0.7907907907907907,0.5906183368869935,0.5484276729559748,0.5441778818022234,0.4821002386634845,0.36491557223264537,0.5486508585445626,0.5210444271239283,0.5237515225334958,0.5014645577035736,0.5533470413525245,0.6561922365988913,0.30530973451327437,0.6049270072992701,0.4836464857341687,0.45945102932002513,0.735685071574642,0.5416666666666666,0.5495750708215298,0.3456505003849113,0.627249357326478,0.0
0.7917917917917918,0.6886993603411513,0.3786163522012578,0.5731421884142773,0.4725536992840096,0.38836772983114454,0.5472199509403108,0.535074045206547,0.4567600487210718,0.4645577035735208,0.5071967100753941,0.5609981515711648,0.21238938053097356,0.5253649635036497,0.40222686151704945,0.4703680598877107,0.4943762781186094,0.36458333333333326,0.5174693106704439,0.43110084680523464,0.6041131105398457,0.0
0.7927927927927928,0.6396588486140724,0.589937106918239,0.37946167349327076,0.5412887828162292,0.5656660412757974,0.37469337694194604,0.3511301636788775,0.6260657734470157,0.6321031048623315,0.38245373543522954,0.5642329020332719,0.2079646017699116,0.42700729927007286,0.5337508698677804,0.657829070492826,0.3404907975460123,0.421875,0.3607176581680831,0.6751347190146264,0.6563838903170521,0.0
0.7937937937937938,0.7505330490405115,0.7257861635220125,0.6143943826799296,0.49737470167064446,0.4010318949343339,0.6287816843826657,0.6180826188620419,0.48112058465286234,0.5079086115992971,0.5309572766735208,0.46672828096118324,0.49668141592920356,0.5089416058394161,0.457202505219207,0.4058016219588272,0.6226993865030673,0.14192708333333326,0.38810198300283294,0.3795227097767513,0.4447300771208226,0.0
0.7947947947947948,0.6471215351812365,0.5748427672955975,0.42598010532475117,0.4300715990453461,0.46271106941838647,0.4476696647587899,0.49688230709275105,0.4384896467722289,0.6971294669009959,0.3424720127941513,0.39510166358595233,0.2820796460176992,0.3651459854014598,0.33194154488517746,0.5670617592014973,0.5296523517382412,0.5026041666666665,0.6062322946175638,0.3456505003849113,0.6366752356469579,0.0
0.7957957957957957,0.708955223880597,0.40125786163522004,0.22966647162083098,0.15035799522673043,0.7251407129455911,0.24202780049059713,0.19212782540919693,0.633373934226553,0.8429994141769185,0.6426776330820196,0.4930683918669134,0.9568584070796461,0.518978102189781,0.6931106471816286,0.8505926388022458,0.17024539877300615,0.02994791666666652,0.384324834749764,0.42340261739799834,0.6778063410454155,0.0
0.7967967967967968,0.36140724946695096,0.5874213836477987,0.5035108250438853,0.37613365155131273,0.4469981238273921,0.5278004905968929,0.5915822291504287,0.4384896467722289,0.5413005272407733,0.5800776787754169,0.5064695009242146,0.595132743362832,0.5313868613138686,0.7459986082115524,0.5290081097941361,0.5010224948875255,0.30208333333333326,0.3654390934844193,0.785219399538106,0.35646958011996566,0.0
0.7977977977977978,0.7260127931769722,0.6591194968553459,0.4332943241661791,0.46014319809069215,0.526266416510319,0.4323385118560916,0.4501169134840215,0.4311814859926918,0.6438195664909198,0.39936029243774274,0.49630314232902073,0.18362831858407092,0.4255474452554744,0.690327070285317,0.6016843418590143,0.40439672801635984,0.5559895833333333,0.39282341831916906,0.6597382602001538,0.5878320479862894,0.0
0.7987987987987988,0.3635394456289979,0.5333333333333333,0.480983031012288,0.18377088305489264,0.33513133208255164,0.5075633687653311,0.5292283710054557,0.4287454323995127,0.5951962507322789,0.7052775873886223,0.7000924214417747,0.5033185840707965,0.7494525547445255,0.3382045929018789,0.4834684965689333,0.7070552147239263,0.7994791666666666,0.412653446647781,0.21785989222478808,0.4772922022279348,0.0
0.7997997997997998,0.5938166311300639,0.4540880503144653,0.3346986541837331,0.39522673031026256,0.5363508442776734,0.39554374488961574,0.42556508183943875,0.2095006090133983,0.6930287053309899,0.4130683116289696,0.38678373382624787,0.18584070796460184,0.3567518248175181,0.2400835073068892,0.642857142857143,0.36707566462167684,0.47005208333333315,0.47025495750708224,0.33410315627405707,0.7095115681233933,0.0
0.8008008008008007,0.8049040511727079,0.3937106918238993,0.1553540081919249,0.39904534606205255,0.7293621013133209,0.11815208503679497,0.0869056897895557,0.515225334957369,0.8383128295254832,0.42928946767192144,0.39232902033271744,0.2323008849557523,0.3733576642335765,0.5657620041753653,0.8409232688708672,0.2520449897750512,0.17317708333333326,0.2634560906515581,0.5157813702848344,0.8500428449014567,0.0
0.8018018018018018,0.3710021321961621,0.70062893081761,0.5506143943826798,0.41241050119331746,0.41674484052532823,0.5666394112837285,0.5452065471551051,0.5663824604141291,0.5477445811364966,0.5531185743660042,0.5226432532347507,0.30199115044247793,0.5711678832116787,0.47042449547668763,0.43512164691204,0.6370143149284252,0.57421875,0.635505193578848,0.40492686682063095,0.6358183376178234,0.0
0.8028028028028028,0.24840085287846486,0.34339622641509426,0.5157987126974839,0.4730310262529833,0.3946998123827393,0.518397383483238,0.5420888542478564,0.4165651644336176,0.6408904510837726,0.4388850811057803,0.5036968576709799,0.42699115044247793,0.5109489051094891,0.3284620737647881,0.5249532127261385,0.555725971370143,0.5611979166666666,0.5590179414542021,0.4164742109314856,0.370179948586118,0.0
0.8038038038038038,0.6748400852878464,0.47044025157232694,0.6834406085430076,0.23723150357995226,0.2969043151969982,0.6496320523303354,0.6847233047544816,0.5639464068209501,0.42296426479203275,0.7470870459218644,0.8669131238447323,0.3738938053097346,0.7782846715328468,0.6096033402922756,0.33624454148471616,0.5618609406952965,0.17057291666666652,0.4806421152030218,0.560431100846805,0.4267352185089973,0.0
0.8048048048048048,0.30063965884861404,0.3660377358490565,0.6933879461673491,0.4749403341288783,0.18667917448405258,0.7307849550286181,0.779812938425565,0.610231425091352,0.27885178676039835,0.6557002513136851,0.816081330868762,0.3672566371681417,0.8049270072992701,0.5956854558107167,0.25202744853399883,0.6032719836400817,0.8554687499999999,0.6789423984891407,0.5057736720554269,0.25107112253641806,0.0
0.8058058058058059,0.36460554371002135,0.4679245283018867,0.22352252779403137,0.29260143198090693,0.7582082551594749,0.2240392477514308,0.187061574434918,0.4969549330085261,0.9490333919156414,0.3849668722869545,0.2860443622920521,0.5309734513274337,0.3412408759124086,0.524704244954767,0.8112913287585777,0.2806748466257669,0.8229166666666665,0.5892351274787536,0.6243264049268666,0.6829477292202227,0.0
0.8068068068068068,0.6204690831556503,0.47169811320754707,0.23346986541837333,0.14940334128878285,0.6702626641651033,0.2500000000000002,0.2420109119251752,0.6260657734470157,0.9214997070884593,0.5426090929860635,0.4547134935304995,0.5199115044247788,0.47281021897810205,0.5163535142658318,0.7698066126013725,0.268916155419223,0.40885416666666663,0.44948064211520306,0.40415704387990736,0.7060839760068552,0.0
0.8078078078078078,0.5031982942430704,0.38742138364779866,0.6407255705090695,0.2443914081145585,0.2682926829268293,0.6065004088307442,0.5354637568199532,0.39464068209500613,0.469244288224956,0.7946081791181174,0.9015711645101665,0.4557522123893806,0.8239051094890512,0.7543493389004876,0.40860885839051786,0.6186094069529651,0.6054687499999998,0.7006610009442872,0.6889915319476518,0.5621251071122536,0.0
0.8088088088088088,0.511727078891258,0.579874213836478,0.4031597425394968,0.3274463007159905,0.6573639774859288,0.42354865085854465,0.4197194076383475,0.5176613885505481,0.5670767428236673,0.5889878912497145,0.5688539741219967,0.4391592920353983,0.5722627737226278,0.44537230340988154,0.6210230817217717,0.3133946830265848,0.3710937499999999,0.4853635505193579,0.35719784449576597,0.49871465295629813,0.0
0.8098098098098098,0.5341151385927505,0.3069182389937106,0.16530134581626665,0.22100238663484495,0.6470450281425892,0.2062551103843009,0.20031176929072458,0.6626065773447015,0.8705330990041006,0.503084304318026,0.43946395563770824,0.26216814159292035,0.46094890510948905,0.7981906750173975,0.860885839051778,0.2985685071574642,0.29817708333333326,0.1671388101983003,0.5396458814472669,0.5261353898886033,0.0
0.8108108108108109,0.579957356076759,0.5723270440251572,0.35020479812756,0.5451073985680192,0.5931050656660413,0.3403515944399018,0.31956352299298496,0.5237515225334958,0.6906854130052723,0.3904500799634453,0.5448243992606288,0.33628318584070804,0.43193430656934306,0.6506610995128743,0.650655021834061,0.30368098159509205,0.26822916666666674,0.554296506137866,0.5804464973056196,0.7703513281919451,0.0
0.8118118118118118,0.33475479744136466,0.3496855345911949,0.6951433586892919,0.371837708830549,0.22983114446529085,0.6993049877350777,0.7143413873733437,0.6881851400730816,0.4563561804335091,0.5949280328992461,0.6973197781885401,0.27765486725663724,0.6481751824817519,0.627696590118302,0.3194011228945728,0.6533742331288342,0.5872395833333333,0.8668555240793202,0.6212471131639719,0.4550128534704371,0.0
0.8128128128128128,0.5959488272921107,0.4528301886792452,0.3619075482738443,0.49976133651551313,0.6388367729831146,0.37040065412919065,0.35074045206547133,0.6455542021924482,0.7369654364381958,0.32259538496687223,0.2989833641404809,0.24557522123893805,0.32281021897810214,0.7933194154488517,0.6815346225826575,0.3793456032719835,0.5039062499999999,0.6846081208687441,0.5804464973056196,0.9185946872322194,0.0
0.8138138138138138,0.6886993603411513,0.47547169811320744,0.5751901696898769,0.5852028639618139,0.3583489681050658,0.608135731807032,0.6215900233826968,0.7661388550548112,0.43702401874633845,0.4889193511537583,0.6617375231053608,0.3396017699115045,0.5773722627737226,0.5121781489213642,0.4597629444791016,0.6763803680981594,0.11197916666666652,0.6525023607176582,0.5242494226327943,0.5132819194515851,0.0
0.8148148148148148,0.0,0.7044025157232704,0.8115857226448213,0.3918854415274463,0.17987804878048785,0.7884300899427636,0.9056897895557285,0.6540803897685749,0.23608670181605151,0.6237148732008224,0.6007393715341962,0.5508849557522124,0.6549270072992701,0.36812804453723036,0.18714909544603864,0.810327198364008,0.8255208333333331,0.37016052880075545,0.43341031562740584,0.0,0.0
0.8158158158158159,0.5671641791044775,0.7018867924528301,0.2565827969572849,0.3875894988066826,0.7650093808630396,0.21565821749795577,0.2661730319563522,0.4287454323995127,0.7955477445811364,0.5094813799405986,0.5295748613678377,0.4911504424778761,0.5072992700729926,0.5824634655532361,0.7910168434185902,0.156952965235174,0.7669270833333333,0.3984891406987725,0.6789838337182448,0.6598114824335904,0.0
0.8168168168168168,0.4445628997867804,0.47169811320754707,0.3586892919836162,0.5479713603818617,0.4683395872420262,0.47465249386753894,0.589633671083398,0.6285018270401949,0.5916813122437022,0.3591501028101439,0.3715341959334568,0.35398230088495586,0.356021897810219,0.5100904662491303,0.5751715533374921,0.476482617586912,0.35677083333333326,0.2927289896128423,0.5404157043879905,0.418166238217652,0.0
0.8178178178178178,0.38379530916844357,0.5094339622641508,0.620538326506729,0.5016706443914081,0.3576454033771107,0.5970973017170891,0.6851130163678876,0.29476248477466505,0.36028119507908596,0.5131368517249257,0.6608133086876158,0.43694690265486735,0.5751824817518247,0.2741823242867083,0.3727386150966938,0.6037832310838445,0.6210937499999999,0.5316336166194524,0.44880677444187844,0.3161953727506427,0.0
0.8188188188188188,0.6705756929637525,0.5547169811320755,0.610005851375073,0.49976133651551313,0.3818011257035647,0.616721177432543,0.6052221356196412,0.3848964677222899,0.39484475688342113,0.5471784327164725,0.6229205175600743,0.2898230088495576,0.555109489051095,0.6965901183020184,0.43418590143480973,0.6083844580777095,0.19010416666666652,0.3484419263456091,0.5742879137798305,0.3496143958868895,0.0
0.8198198198198198,0.5010660980810235,0.5408805031446541,0.4315389116442363,0.4128878281622912,0.5401031894934334,0.4302943581357319,0.39477786438035833,0.6041412911084043,0.5700058582308142,0.5252456020105094,0.5235674676524957,0.39712389380530977,0.551094890510949,0.47459986082115524,0.5782907049282597,0.4795501022494887,0.7174479166666666,0.5675165250236073,0.45265588914549637,0.5218508997429304,0.0
0.8208208208208209,0.6332622601279319,0.7295597484276729,0.3060269163253362,0.3613365155131265,0.6430581613508444,0.3213409648405561,0.3211223694466092,0.58952496954933,0.7937902753368483,0.3751427918665753,0.3669131238447323,0.3064159292035399,0.3089416058394161,0.7028531663187199,0.6893325015595759,0.25051124744376274,0.42708333333333326,0.5750708215297451,0.7143956889915317,0.7000856898029134,0.0
0.8218218218218218,0.5948827292110874,0.7459119496855345,0.5275014628437682,0.19140811455847262,0.4878048780487805,0.5320932134096485,0.4302416212003115,0.5298416565164433,0.5782073813708258,0.673977610235321,0.5868761552680226,0.48672566371681414,0.6310218978102189,0.5010438413361169,0.5427323767935122,0.5194274028629856,0.4296875,0.6411709159584514,0.5257890685142415,0.6589545844044559,0.0
0.8228228228228228,0.373134328358209,0.7132075471698113,0.620245757753072,0.322673031026253,0.33184803001876184,0.5766557645134915,0.5997661730319563,0.4762484774665042,0.668424135910955,0.4816084075851039,0.4986136783733828,0.3584070796460178,0.4987226277372263,0.627696590118302,0.4054897067997505,0.6114519427402861,0.6236979166666665,0.8762983947119926,0.5373364126250961,0.49785775492716355,0.0
0.8238238238238238,0.7547974413646055,0.6767295597484276,0.5857226448215329,0.5866348448687351,0.37101313320825535,0.5852412101390025,0.6453624318004676,0.2582216808769793,0.2700644405389572,0.6170893305917295,0.7010166358595198,0.5353982300884956,0.7222627737226277,0.3542101600556715,0.34529008109794135,0.5449897750511247,0.22265625,0.38715769593956567,0.4588144726712855,0.4935732647814909,0.0
0.8248248248248248,0.302771855010661,0.5408805031446541,0.6167349327091864,0.45202863961813844,0.3801594746716699,0.590351594439902,0.6021044427123927,0.7758830694275274,0.48857644991212645,0.5652273246515879,0.6487985212569318,0.36836283185840724,0.6052919708029196,0.7000695894224078,0.40112289457267614,0.48721881390593047,0.5468749999999999,0.7932011331444759,0.5866050808314087,0.5664095972579263,0.0
0.8258258258258259,0.5255863539445629,0.5207547169811321,0.5383265067290812,0.3236276849642006,0.36679174484052535,0.5472199509403108,0.5857365549493374,0.3288672350791717,0.5079086115992971,0.5170207904957734,0.49676524953789314,0.48561946902654873,0.5145985401459854,0.35073068893528214,0.42420461634435425,0.6344580777096113,0.5377604166666666,0.5854579792256847,0.2963818321785987,0.5072836332476435,0.0
0.8268268268268268,0.43603411513859275,0.549685534591195,0.6018139262726738,0.3236276849642006,0.38719512195121963,0.5678659035159446,0.5872954014029617,0.7137637028014616,0.5840656121851201,0.5499200365547179,0.46950092421441814,0.24889380530973448,0.5067518248175182,0.6297842727905358,0.43948845913911416,0.5143149284253578,0.6510416666666665,0.5514636449480643,0.5504234026173975,0.5424164524421594,0.0
0.8278278278278278,0.23347547974413646,0.4880503144654087,0.6702750146284375,0.4534606205250597,0.24108818011257038,0.6762060506950123,0.6882307092751363,0.8465286236297198,0.48506151142355003,0.5592871830020562,0.6284658040665438,0.42146017699115046,0.5760948905109489,0.43841336116910234,0.3661883967560824,0.7453987730061348,0.43489583333333326,0.4664778092540133,0.4087759815242493,0.2664952870608397,0.0
0.8288288288288288,0.7750533049040511,0.7358490566037735,0.4327091866588648,0.5274463007159904,0.5574577861163228,0.4031071136549469,0.42985190958690556,0.28745432399512794,0.5243116578793204,0.44893762851267993,0.41312384473197805,0.4811946902654868,0.47992700729927007,0.21851078636047339,0.5845290081097942,0.39314928425357865,0.6627604166666665,0.7374881964117093,0.47190146266358735,0.7549271636675235,0.0
0.8298298298298298,0.41044776119402976,0.49559748427672945,0.6225863077823288,0.5212410501193318,0.3224671669793622,0.6042518397383483,0.711613406079501,0.39707673568818513,0.3485647334504979,0.5645419236920265,0.7583179297597047,0.34292035398230103,0.6622262773722628,0.35768963117606134,0.37616968184653765,0.6743353783231082,0.19010416666666652,0.4060434372049103,0.2009237875288683,0.28706083976006835,0.0
0.8308308308308309,0.6769722814498933,0.50062893081761,0.6047396138092449,0.4534606205250597,0.2922138836772984,0.590351594439902,0.6371784879189399,0.492082825822168,0.4522554188635032,0.5021704363719443,0.6132162661737526,0.33628318584070804,0.5618613138686133,0.47599164926931126,0.380536494073612,0.5506134969325153,0.4570312499999999,0.7639282341831918,0.4318706697459582,0.5784061696658097,0.0
0.8318318318318318,0.42857142857142855,0.5320754716981132,0.6354593329432416,0.46730310262529834,0.37875234521575984,0.6383892068683565,0.6558846453624316,0.5846528623629719,0.43526654950205035,0.5681973954763537,0.6169131238447323,0.6150442477876107,0.5828467153284671,0.5601948503827421,0.4360573923892701,0.6431492842535786,0.4414062499999999,0.594900849858357,0.4110854503464201,0.3976006855184232,0.0
0.8328328328328328,0.6535181236673773,0.3547169811320754,0.4332943241661791,0.23579952267303106,0.4512195121951219,0.4202780049059689,0.40997661730319557,0.3337393422655298,0.6543643819566493,0.6689513365318711,0.6367837338262479,0.4756637168141594,0.6284671532846715,0.6506610995128743,0.5542732376793513,0.31952965235173814,0.4791666666666665,0.5146364494806421,0.5758275596612776,0.6452442159383033,0.0
0.8338338338338338,0.3859275053304904,0.43144654088050305,0.3894090111176125,0.36420047732696903,0.5560506566604129,0.376737530662306,0.3932190179267341,0.445797807551766,0.6725248974809607,0.4142106465615719,0.39926062846580446,0.28539823008849563,0.3784671532846715,0.4913013221990261,0.6643792888334374,0.3476482617586911,0.3593749999999999,0.6147308781869689,0.4364896073903002,0.5441302485004283,0.0
0.8348348348348348,0.4339019189765458,0.43144654088050305,0.37068461088355753,0.42625298329355615,0.5544090056285178,0.3017170891251024,0.270849571317225,0.3081607795371498,0.826596367896895,0.29358007767877536,0.29482439926062876,0.3915929203539823,0.27956204379562033,0.39944328462073786,0.7027448533998755,0.37985685071574626,0.5429687499999999,0.6487252124645893,0.352578906851424,0.6203941730934018,0.0
0.8358358358358359,0.624733475479744,0.591194968553459,0.29959040374488,0.2644391408114559,0.5919324577861163,0.29476696647587897,0.22954014029618053,0.45797807551766134,0.8037492677211483,0.43522960932145305,0.297134935304991,0.5575221238938053,0.3762773722627737,0.31245650661099544,0.7295695570804741,0.4596114519427402,0.8059895833333331,0.6855524079320114,0.33487297921478065,0.9254498714652956,0.0
0.8368368368368369,0.4498933901918976,0.5345911949685535,0.609713282621416,0.31026252983293556,0.33325515947467166,0.5764513491414556,0.5401402961808262,0.5505481120584653,0.3884007029876976,0.6794608179118118,0.6816081330868764,0.5807522123893806,0.6647810218978103,0.8559498956158667,0.4276356830941983,0.5260736196319017,0.43098958333333326,0.6685552407932012,0.7344110854503463,0.5681233933161952,0.0
0.8378378378378378,0.4562899786780384,0.5572327044025157,0.5561732007021649,0.3365155131264917,0.4078330206378986,0.5124693376941947,0.5584567420109117,0.3727161997563947,0.5125951962507324,0.49828649760109667,0.485674676524954,0.27212389380530977,0.5114963503649634,0.5059151009046627,0.46319401122894566,0.5812883435582821,0.44661458333333315,0.6298394711992447,0.3610469591993839,0.47814910025706936,0.0
0.8388388388388388,0.4040511727078891,0.5308176100628931,0.478935049736688,0.4625298329355609,0.49061913696060055,0.4405151267375307,0.4766173031956349,0.3288672350791717,0.6537785588752195,0.45533470413525257,0.48382624768946414,0.46128318584070804,0.49233576642335763,0.6520528879610299,0.5514660012476607,0.3962167689161553,0.6901041666666665,0.7903682719546743,0.578906851424172,0.6666666666666666,0.0
0.8398398398398398,0.5575692963752665,0.5320754716981132,0.5096547688706845,0.46539379474940334,0.40173545966228896,0.491414554374489,0.583787996882307,0.6260657734470157,0.5266549502050378,0.4299748686314827,0.4510166358595198,0.2643805309734514,0.46824817518248185,0.35560194850382754,0.5003119151590769,0.5777096114519426,0.38802083333333326,0.5146364494806421,0.34334103156274054,0.5844044558697513,0.0
0.8408408408408409,0.7782515991471215,0.5320754716981132,0.2794031597425395,0.41813842482100244,0.6620544090056286,0.2393704006541295,0.2595479345284486,0.443361753958587,0.7984768599882835,0.2819282613662326,0.2384473197781889,0.2643805309734514,0.19543795620437954,0.3180236604036186,0.7205240174672489,0.2566462167689161,0.24739583333333326,0.25118035882908407,0.37413394919168574,0.652956298200514,0.0
0.8418418418418419,0.6982942430703625,0.5446540880503145,0.13984786424809825,0.4687350835322196,0.7544559099437149,0.1359362224039249,0.07599376461418528,0.6419001218026796,0.9601640304628002,0.2912954078135709,0.3267097966728285,0.3495575221238939,0.28886861313868595,0.4314544189283227,0.8680598877105428,0.15337423312883436,0.42317708333333326,0.8451369216241738,0.4565050038491143,0.8868894601542417,0.0
0.8428428428428428,0.7931769722814497,0.7333333333333333,0.49327091866588635,0.44677804295942725,0.45802063789868663,0.5161488143908421,0.4559625876851128,0.5858708891595614,0.5916813122437022,0.44459675576879143,0.5605360443622922,0.3318584070796461,0.4735401459854014,0.24565066109951283,0.5012476606363068,0.4989775051124743,0.40755208333333326,1.0,0.34719014626635847,0.8946015424164523,0.0
0.8438438438438438,0.6780383795309168,0.7169811320754716,0.40052662375658277,0.4300715990453461,0.524624765478424,0.48180703188879814,0.40997661730319557,0.6211936662606576,0.7029876977152899,0.49303175691112633,0.5466728280961186,0.38716814159292035,0.4505474452554745,0.5080027835768965,0.5692451653150343,0.4478527607361962,0.2916666666666665,0.5703493862134089,0.47267128560431093,0.7952013710368465,0.0
0.8448448448448448,0.5714285714285714,0.4591194968553458,0.5731421884142773,0.4687350835322196,0.300187617260788,0.58892068683565,0.6173031956352297,0.5700365408038977,0.3760984182776802,0.5839616175462645,0.7823475046210724,0.3838495575221239,0.6722627737226277,0.3583855254001391,0.3721147847785402,0.7234151329243352,0.24869791666666674,0.42020774315391884,0.23094688221708992,0.4507283633247644,0.0
0.8458458458458459,0.5671641791044775,0.5547169811320755,0.598888238736103,0.45202863961813844,0.3574108818011257,0.6005723630417008,0.6153546375681995,0.41778319123020713,0.5371997656707673,0.437742746173178,0.5369685767097969,0.40265486725663724,0.5,0.27000695894224114,0.4354335620711167,0.6717791411042944,0.30989583333333326,0.4598677998111426,0.29869130100076946,0.32733504712939154,0.0
0.8468468468468469,0.3805970149253732,0.6339622641509433,0.629022820362785,0.3957040572792363,0.2882270168855534,0.7103434178250205,0.8519095869056896,0.24847746650426306,0.4159343878148799,0.6963673749143249,0.8743068391866917,0.4513274336283186,0.7091240875912408,0.5852470424495477,0.33655645664379286,0.7372188139059304,0.17447916666666652,0.5779036827195468,0.468052347959969,0.2999143101970866,0.0
0.8478478478478478,0.246268656716418,0.5949685534591194,0.32650672908133394,0.39427207637231504,0.5708255159474671,0.3693785772690108,0.4197194076383475,0.7344701583434834,0.6883421206795547,0.4263193968471556,0.27495378927911296,0.4734513274336284,0.32609489051094886,0.3583855254001391,0.6646912039925139,0.4999999999999999,0.12109374999999978,0.08120868744098203,0.38106235565819846,0.3607540702656383,0.0
0.8488488488488488,0.7249466950959489,0.3735849056603773,0.329432416617905,0.31789976133651554,0.6479831144465291,0.3411692559280459,0.35385814497272006,0.4616321559074299,0.823667252489748,0.5021704363719443,0.42975970425138654,0.3761061946902655,0.4372262773722626,0.5817675713291584,0.7467248908296944,0.3098159509202454,0.40104166666666663,0.4579792256846082,0.5265588914549655,0.7026563838903169,0.0
0.8498498498498498,0.38379530916844357,0.6477987421383647,0.5216500877706258,0.35656324582338905,0.447936210131332,0.48691741618969764,0.466874512860483,0.49817295980511567,0.6602226127709431,0.42928946767192144,0.3225508317929764,0.4679203539823009,0.40565693430656924,0.4279749478079333,0.517467248908297,0.5731083844580777,0.5794270833333333,0.3465533522190747,0.27867590454195534,0.38903170522707786,0.0
0.8508508508508509,0.5756929637526651,0.8779874213836477,0.24546518431831466,0.5494033412887829,0.724906191369606,0.23548650858544584,0.295011691348402,0.28989037758830694,0.7680140597539543,0.28284212931231434,0.2116451016635863,0.34070796460177,0.2580291970802919,0.5490605427974948,0.8009981285090455,0.25613496932515334,0.25,0.2662889518413598,0.5504234026173975,0.675235646958012,0.0
0.8518518518518519,0.6663113006396588,0.5018867924528301,0.34874195435927424,0.5073985680190931,0.5841932457786116,0.35895339329517584,0.32969602494154304,0.5006090133982948,0.715875805506737,0.28444139821795766,0.2601663585951943,0.2588495575221239,0.26733576642335755,0.20946416144745994,0.6983780411728011,0.4038854805725971,0.29036458333333326,0.4627006610009443,0.3579676674364891,0.5578406169665809,0.0
0.8528528528528528,0.6076759061833688,0.3660377358490565,0.35605617320070193,0.49880668257756566,0.5086772983114447,0.3706050695012266,0.36360093530787196,0.6906211936662606,0.698886936145284,0.33721727210418095,0.39001848428835517,0.38606194690265483,0.343978102189781,0.47112038970076586,0.6406737367436057,0.4626789366053169,0.41015625,0.56657223796034,0.46497305619707463,0.6726649528706085,0.0
0.8538538538538538,0.6407249466950957,0.5081761006289307,0.42276184903452285,0.4133651551312649,0.4934333958724202,0.4168029435813574,0.36165237724084154,0.25091352009744217,0.6531927357937902,0.503084304318026,0.5231053604436231,0.4668141592920355,0.55,0.4405010438413366,0.5995009357454772,0.4299591002044989,0.5481770833333333,0.5391879131255902,0.43110084680523464,0.7249357326478149,0.0
0.8548548548548548,0.5362473347547974,0.7018867924528301,0.3121708601521356,0.2257756563245824,0.525093808630394,0.383483237939493,0.4158222915042866,0.4750304506699147,0.7047451669595782,0.5508339045007996,0.5078558225508321,0.48008849557522126,0.5308394160583942,0.47181628392484365,0.6250779787897691,0.39212678936605316,0.5442708333333333,0.3739376770538244,0.4395688991531945,0.5681233933161952,0.0
0.8558558558558559,0.36460554371002135,0.5974842767295596,0.2521942656524283,0.4229116945107399,0.6709662288930582,0.2953802125919869,0.3059236165237722,0.5517661388550548,0.7533684827182189,0.3936486177747316,0.34842883548983394,0.22898230088495586,0.38996350364963495,0.21711899791231737,0.7557704304429196,0.37423312883435567,0.6731770833333333,0.5061378659112371,0.18475750577367167,0.6906598114824335,0.0
0.8568568568568569,0.39872068230277175,0.35345911949685527,0.7720889409011118,0.3837708830548926,0.12335834896810505,0.724448078495503,0.6855027279812937,0.3617539585870889,0.38488576449912115,0.619374000456934,0.5757855822550835,0.6305309734513275,0.6408759124087592,0.4070981210855953,0.2698066126013725,0.8783231083844579,0.4908854166666665,0.6336166194523136,0.4210931485758276,0.4284490145672665,0.0
0.8578578578578578,0.5053304904051172,0.47044025157232694,0.5909888823873608,0.5799522673031027,0.3628048780487806,0.544358135731807,0.5572876071706936,0.5700365408038977,0.41300527240773277,0.5282156728352754,0.6187615526802221,0.23561946902654884,0.5728102189781021,0.29366736256089077,0.4772301933873986,0.6365030674846625,0.32942708333333326,0.5070821529745043,0.3418013856812929,0.2827763496143959,0.0
0.8588588588588588,0.5543710021321961,0.5987421383647797,0.5626097132826213,0.4338902147971361,0.34310506566604126,0.5934178250204416,0.5795011691348402,0.39951278928136424,0.31634446397188054,0.6102353209961161,0.7680221811460262,0.3550884955752214,0.6474452554744525,0.5713291579679889,0.3665003119151591,0.7014314928425356,0.36848958333333326,0.3059490084985836,0.4757505773672053,0.4078834618680377,0.0
0.8598598598598598,0.3262260127931769,0.38238993710691815,0.7097717963721473,0.4634844868735084,0.21927767354596628,0.6997138184791496,0.7899454403741231,0.5663824604141291,0.36848271821909784,0.5725382682202422,0.5480591497227361,0.46238938053097356,0.5781021897810219,0.6478775226165627,0.26606363069245176,0.6462167689161553,0.4804687499999999,0.41454202077431546,0.5989222478829865,0.15595544130248484,0.0
0.8608608608608609,0.4200426439232409,0.6125786163522011,0.24839087185488573,0.39618138424821003,0.6381332082551594,0.25163532297628777,0.28409976617303156,0.5188794153471377,0.7814879906268305,0.46355951564998854,0.45378927911275446,0.4767699115044248,0.45967153284671536,0.294363256784969,0.7367436057392391,0.4514314928425357,0.5768229166666666,0.3474976392823419,0.27867590454195534,0.6949443016281062,0.0
0.8618618618618619,0.4381663113006396,0.7647798742138363,0.3768285547103567,0.3918854415274463,0.6400093808630394,0.3520032706459526,0.4049103663289164,0.35079171741778314,0.6807264206209725,0.4416266849440257,0.40896487985212593,0.46902654867256643,0.4206204379562044,0.48434237995824647,0.6525265127885216,0.4084867075664621,0.6861979166666665,0.3739376770538244,0.5296381832178598,0.4310197086546702,0.0
0.8628628628628628,0.6002132196162044,0.6427672955974841,0.6138092451726156,0.552744630071599,0.29737335834896816,0.6140637775960753,0.6547155105222136,0.4993909866017052,0.39484475688342113,0.5485492346355952,0.6899260628465806,0.33738938053097356,0.5691605839416058,0.5121781489213642,0.3808484092326887,0.6855828220858894,0.07552083333333326,0.4627006610009443,0.5373364126250961,0.4858611825192801,0.0
0.8638638638638638,0.5756929637526651,0.34339622641509426,0.35020479812756,0.42959427207637235,0.5832551594746718,0.2808667211774327,0.25565081839438797,0.43727161997563935,0.7908611599297012,0.4523646333104866,0.3761552680221816,0.3672566371681417,0.3956204379562043,0.5344467640918582,0.7361197754210853,0.2985685071574642,0.12630208333333326,0.4504249291784703,0.4403387220939181,0.6169665809768637,0.0
0.8648648648648649,0.5628997867803838,0.5320754716981132,0.3016383850204798,0.46587112171837713,0.6920731707317074,0.2500000000000002,0.2696804364770067,0.20219244823386112,0.7188049209138839,0.3248800548320768,0.28049907578558253,0.25331858407079644,0.3016423357664233,0.5337508698677804,0.7183406113537119,0.2724948875255624,0.21223958333333326,0.33711048158640233,0.5280985373364122,0.6478149100257068,0.0
0.8658658658658659,0.5,0.6025157232704401,0.41749561146869496,0.4763723150357996,0.47748592870544093,0.4531888798037613,0.5202650038971159,0.5542021924482339,0.5799648506151142,0.5003427004797807,0.5448243992606288,0.36061946902654873,0.5277372262773723,0.5894224077940158,0.5542732376793513,0.4897750511247443,0.5690104166666666,0.5967894239848914,0.4441878367975365,0.5646958011996571,0.0
0.8668668668668669,0.2196162046908316,0.4440251572327043,0.37536571094207116,0.5069212410501194,0.5635553470919326,0.3096892886345055,0.40101325019485556,0.26431181485992694,0.7135325131810194,0.32099611606122924,0.3170055452865068,0.25331858407079644,0.327007299270073,0.5288796102992346,0.6556456643792887,0.2464212678936606,0.6718749999999999,0.2955618508026441,0.5712086220169361,0.48243359040274203,0.0
0.8678678678678678,0.3880597014925374,0.7169811320754716,0.36161497952018706,0.3875894988066826,0.576454033771107,0.3270645952575635,0.41543257989088045,0.4104750304506699,0.5811364967779732,0.6253141421064656,0.6621996303142332,0.5641592920353983,0.6927007299270073,0.5198329853862216,0.6132252027448533,0.3118609406952966,0.7252604166666665,0.7516525023607177,0.5273287143956891,0.634961439588689,0.0
0.8688688688688688,0.30383795309168443,0.4238993710691823,0.5020479812755996,0.48926014319809075,0.3217636022514072,0.5564186426819298,0.6547155105222136,0.6638246041412911,0.41007615700058564,0.5510623714873201,0.5586876155268024,0.45353982300884965,0.6275547445255474,0.39178844815588043,0.44884591391141626,0.6876278118609406,0.6848958333333333,0.7289896128423041,0.34872979214780564,0.3984575835475578,0.0
0.8698698698698699,0.3784648187633262,0.3937106918238993,0.6363370392042129,0.49355608591885447,0.32973733583489684,0.6336876533115292,0.725253312548714,0.4762484774665042,0.4294083186877563,0.5962988348183688,0.7684842883548986,0.41371681415929207,0.6717153284671532,0.7689631176061242,0.3325015595757954,0.48057259713701417,0.5494791666666666,0.5486307837582626,0.6020015396458813,0.2399314481576692,0.0
0.8708708708708709,0.6289978678038379,0.4893081761006288,0.5119953188999415,0.4477326968973747,0.3946998123827393,0.5265739983646771,0.49103663289166,0.22777101096224117,0.6051552431165789,0.446424491660955,0.3257855822550835,0.5652654867256637,0.4122262773722627,0.5337508698677804,0.48939488459139135,0.6850715746421268,0.4635416666666665,0.5590179414542021,0.4434180138568129,0.6032562125107112,0.0
0.8718718718718719,0.39125799573560777,0.549685534591195,0.5286717378583965,0.43532219570405734,0.41791744840525324,0.5047015535568276,0.5506625097427902,0.4311814859926918,0.5213825424721733,0.41032670779072433,0.2768022181146028,0.44358407079646023,0.38394160583941606,0.4154488517745305,0.48939488459139135,0.5879345603271983,0.4374999999999998,0.5958451369216242,0.45342571208621996,0.5167095115681234,0.0
0.8728728728728729,0.7420042643923239,0.5861635220125786,0.3660035108250437,0.44630071599045346,0.5506566604127578,0.40126737530662315,0.36360093530787196,0.2095006090133983,0.6098418277680141,0.5090244459675577,0.5388170055452868,0.5984513274336284,0.49105839416058394,0.5198329853862216,0.6163443543356208,0.35378323108384446,0.2916666666666665,0.5694050991501417,0.5996920708237101,0.7994858611825192,0.0
0.8738738738738738,0.4904051172707889,0.90062893081761,0.3344060854300759,0.5350835322195704,0.6688555347091933,0.3199100572363043,0.3464536243180045,0.23142509135200978,0.6526069127123609,0.32305231893991315,0.4584103512014792,0.22013274336283195,0.3605839416058394,0.5059151009046627,0.6815346225826575,0.2862985685071573,0.38151041666666663,0.7507082152974505,0.5827559661277903,0.8251928020565552,0.0
0.8748748748748749,0.464818763326226,0.549685534591195,0.44997074312463403,0.37470167064439147,0.44723264540337704,0.4721995094031073,0.5265003897116132,0.2850182704019488,0.5858230814294084,0.5499200365547179,0.464417744916821,0.5508849557522124,0.531021897810219,0.39596381350034804,0.5165315034310667,0.6124744376278117,0.33723958333333326,0.3229461756373938,0.3202463433410312,0.2827763496143959,0.0
0.8758758758758759,0.22174840085287845,0.3949685534591194,0.2682855471035692,0.30501193317422437,0.6170262664165105,0.25061324611610813,0.3047544816835539,0.5542021924482339,0.8137082601054481,0.3947909527073338,0.20609981515711673,0.622787610619469,0.3295620437956204,0.6924147529575504,0.7164691203992515,0.26431492842535786,0.6614583333333333,0.3465533522190747,0.5404157043879905,0.5424164524421594,0.0
0.8768768768768769,0.5639658848614071,0.48679245283018857,0.6342890579286133,0.29021479713603826,0.30581613508442773,0.5858544562551105,0.6480904130943099,0.707673568818514,0.4938488576449912,0.6287411469042724,0.6954713493530502,0.30420353982300896,0.6937956204379563,0.3375086986778011,0.3917654398003745,0.7183026584867075,0.34895833333333326,0.6421152030217187,0.19399538106235514,0.4404455869751499,0.0
0.8778778778778779,0.3997867803837953,0.48553459119496845,0.4534815681685196,0.44057279236276853,0.5060975609756098,0.33442354865085866,0.4017926734216679,0.5249695493300852,0.6338605741066198,0.4343157413753713,0.4145101663585955,0.5707964601769913,0.42974452554744524,0.5942936673625612,0.5920149719276357,0.3844580777096114,0.5039062499999999,0.453257790368272,0.43879907621247094,0.5124250214224507,0.0
0.8788788788788788,0.5362473347547974,0.38616352201257853,0.4207138677589233,0.5073985680190931,0.4936679174484053,0.4151676206050696,0.4602494154325798,0.49573690621193667,0.6198008201523141,0.42106465615718525,0.3974121996303146,0.3827433628318584,0.375,0.5727209464161449,0.5829694323144106,0.30725971370143124,0.42838541666666663,0.3758262511803589,0.6220169361046954,0.5578406169665809,0.0
0.8798798798798799,0.7878464818763327,0.7270440251572327,0.23902867173785824,0.4797136038186158,0.7636022514071295,0.24897792313982015,0.19290724863600905,0.45554202192448223,0.7967193907439952,0.2983778843957049,0.36968576709796697,0.1758849557522124,0.3282846715328467,0.013221990257481053,0.7913287585776669,0.3905930470347647,0.4492187499999999,0.2965061378659113,0.14703618167821375,0.7746358183376177,0.0
0.8808808808808809,0.755863539445629,0.4830188679245282,0.3756582796957284,0.26252983293556087,0.4770168855534711,0.3994276369582994,0.4240062353858143,0.4945188794153471,0.6309314586994729,0.5218185972127029,0.5365064695009245,0.21460176991150448,0.5058394160583941,0.2658315935977731,0.6072988147223957,0.5475460122699385,0.43880208333333315,0.6270066100094429,0.25250192455735165,0.7909168808911738,0.0
0.8818818818818819,0.5533049040511726,0.2654088050314465,0.6038619075482738,0.4725536992840096,0.28869606003752346,0.5966884709730171,0.6309431021044427,0.5432399512789281,0.5547744581136494,0.5167923235092529,0.5933456561922368,0.48561946902654873,0.5644160583941604,0.4968684759916493,0.4067373674360575,0.6339468302658485,0.5624999999999999,0.7176581680830973,0.5257890685142415,0.6426735218508998,0.0
0.8828828828828829,0.6012793176972282,0.48050314465408794,0.5292568753657108,0.43436754176610987,0.3813320825515948,0.5378168438266557,0.5717069368667185,0.5066991473812423,0.5073227885178674,0.5165638565227325,0.5545286506469504,0.422566371681416,0.5217153284671532,0.756437021572721,0.4398003742981911,0.5787321063394681,0.4908854166666665,0.3824362606232295,0.6812933025404155,0.41216795201371037,0.0
0.8838838838838838,0.636460554371002,0.6138364779874212,0.41954359274429476,0.4477326968973747,0.5227485928705442,0.45094031071136564,0.5167575993764613,0.45310596833130323,0.5741066198008201,0.44619602467443464,0.3632162661737528,0.5719026548672567,0.4275547445255474,0.36604036186499656,0.5417966313162821,0.4151329243353783,0.4726562499999999,0.4929178470254958,0.31639722863741326,0.5929734361610967,0.0
0.8848848848848849,0.41364605543710015,0.5685534591194968,0.5962551199531887,0.46396181384248214,0.26571294559099445,0.6144726083401473,0.7030397505845671,0.6017052375152252,0.33040421792618624,0.5531185743660042,0.6381700554528653,0.3241150442477877,0.622080291970803,0.4899095337508701,0.35963817841547097,0.7995910020449897,0.7591145833333333,0.5127478753541077,0.34872979214780564,0.390745501285347,0.0
0.8858858858858859,0.8667377398720681,0.5962264150943395,0.361029842012873,0.2362768496420048,0.5426829268292683,0.3542518397383485,0.4169914263445049,0.32034104750304504,0.6063268892794375,0.6339958875942426,0.5859519408502776,0.48783185840707965,0.5883211678832116,0.4961725817675715,0.6232064878353087,0.41666666666666663,0.33333333333333326,0.1614730878186969,0.43110084680523464,0.6315338474721509,0.0
0.8868868868868869,0.3582089552238806,0.4943396226415093,0.3346986541837331,0.35131264916467786,0.5792682926829269,0.37040065412919065,0.3597038191738111,0.48112058465286234,0.715875805506737,0.4402558830249029,0.29482439926062876,0.42146017699115046,0.34999999999999987,0.5838552540013922,0.6690580162195883,0.4683026584867075,0.41276041666666663,0.47780925401322005,0.5234795996920707,0.634961439588689,0.0
0.8878878878878879,0.6908315565031984,0.5119496855345911,0.49210064365125783,0.5059665871121719,0.47326454033771115,0.47751430907604253,0.5159781761496489,0.3118148599269184,0.550673696543644,0.5512908384738405,0.6876155268022184,0.3241150442477877,0.6155109489051095,0.2219902574808632,0.5801621958827199,0.5782208588957054,0.26822916666666674,0.5033050047214354,0.3071593533487298,0.5235646958011996,0.0
0.8888888888888888,0.5341151385927505,0.6867924528301886,0.39321240491515486,0.4210023866348449,0.4800656660412759,0.4309076042518398,0.48168355416991426,0.3873325213154689,0.47685998828353815,0.5551747772446882,0.6386321626617377,0.3418141592920355,0.6007299270072994,0.627696590118302,0.5280723643169059,0.4233128834355828,0.6796874999999999,0.5712936732766761,0.6020015396458813,0.6992287917737788,0.0
0.8898898898898899,0.9999999999999998,0.4893081761006288,0.3300175541252195,0.27541766109785215,0.6428236397748595,0.27698282910874905,0.13600935307872142,0.40194884287454324,0.8119507908611597,0.35023989033584646,0.25785582255083206,0.5597345132743363,0.23594890510948896,0.760612386917189,0.7554585152838429,0.13548057259713686,0.41145833333333326,0.5712936732766761,0.7798306389530405,0.9999999999999999,0.0
0.8908908908908909,0.1940298507462686,0.5132075471698113,0.5830895260386189,0.4668257756563246,0.3848499061913696,0.563164349959117,0.6317225253312546,0.19244823386114496,0.47685998828353815,0.6191455334704136,0.6487985212569318,0.502212389380531,0.6494525547445256,0.6040361864996524,0.43075483468496567,0.5669734151329242,0.42447916666666663,0.4107648725212465,0.7197844495765973,0.30077120822622094,0.0
0.8918918918918919,0.5639658848614071,0.6238993710691823,0.33382094792276185,0.3403341288782816,0.6064727954971858,0.3462796402289454,0.32501948558067006,0.5249695493300852,0.7422378441710603,0.39867489147818136,0.3165434380776344,0.2311946902654869,0.3003649635036496,0.6102992345163538,0.6653150343106677,0.24591002044989785,0.3593749999999999,0.5203021718602455,0.5673595073133177,0.7017994858611823,0.0
0.8928928928928929,0.4605543710021322,0.47672955974842757,0.5242832065535401,0.5899761336515513,0.35365853658536583,0.5502861815208504,0.579111457521434,0.559074299634592,0.43585237258347964,0.4272332647932374,0.45656192236598936,0.4513274336283186,0.4496350364963504,0.34864300626304834,0.5165315034310667,0.6589979550102248,0.18619791666666652,0.437204910292729,0.4026173979984602,0.352185089974293,0.0
0.8938938938938938,0.6471215351812365,0.6477987421383647,0.6132241076653013,0.3307875894988067,0.2835365853658537,0.6357318070318889,0.6348402182385033,0.6004872107186358,0.47451669595782053,0.7103038610920722,0.8036044362292054,0.5542035398230089,0.7489051094890511,0.3110647181628394,0.37616968184653765,0.7719836400817994,0.4726562499999999,0.5495750708215298,0.16320246343341038,0.4481576692373609,0.0
0.8948948948948949,0.3560767590618337,0.4628930817610062,0.540081919251024,0.4138424821002387,0.4437148217636022,0.48221586263286986,0.4731098986749802,0.2850182704019488,0.5049794961921498,0.5800776787754169,0.7684842883548986,0.08517699115044264,0.6682481751824817,0.5796798886569241,0.5015595757953837,0.44171779141104284,0.4361979166666665,0.821529745042493,0.4480369515011544,0.5964010282776347,0.0
0.8958958958958959,0.6332622601279319,0.5169811320754717,0.41954359274429476,0.409546539379475,0.5236866791744841,0.4151676206050696,0.4115354637568198,0.8367844092570036,0.6531927357937902,0.5161069225496916,0.5434380776340113,0.6061946902654868,0.5593065693430657,0.385525400139179,0.6110417966313162,0.42382413087934556,0.2994791666666665,0.49669499527856475,0.4411085450346417,0.5818337617823478,0.0
0.8968968968968969,0.5405117270788911,0.2867924528301886,0.32358104154476286,0.4167064439140812,0.5032833020637899,0.32358953393295176,0.41231488698363195,0.6017052375152252,0.7820738137082602,0.36006397075622576,0.3872458410351203,0.19690265486725678,0.3656934306569344,0.6123869171885876,0.6487835308796008,0.26533742331288335,0.6289062499999999,0.5061378659112371,0.44880677444187844,0.5415595544130248,0.0
0.8978978978978979,0.14285714285714285,0.5207547169811321,0.8297249853715623,0.48353221957040576,0.0,0.8859362224039249,0.9337490257209663,0.34591961023142503,0.12653778558875217,0.7413753712588531,1.0000000000000002,0.33628318584070804,0.9288321167883212,0.40153096729297166,0.05208983156581415,0.9003067484662575,0.7005208333333333,0.6449480642115204,0.36335642802155466,0.26478149100257053,0.0
0.8988988988988988,0.5202558635394456,0.4679245283018867,0.5359859566998244,0.47350835322195706,0.4153377110694183,0.4920278004905969,0.47739672642244724,0.5627283800243605,0.48974809607498526,0.46904272332647934,0.5452865064695012,0.3639380530973453,0.5246350364963503,0.3987473903966601,0.5124766063630692,0.5076687116564416,0.6015624999999998,0.7006610009442872,0.44957659738260203,0.7754927163667523,0.0
0.8998998998998999,0.5031982942430704,0.8025157232704402,0.5728496196606201,0.3389021479713605,0.49695121951219523,0.5466067048242029,0.5479345284489476,0.5286236297198538,0.6373755125951962,0.47269819511080646,0.5341959334565622,0.5752212389380531,0.4341240875912409,0.524704244954767,0.48097317529631956,0.5362985685071573,0.2929687499999998,0.6024551463644948,0.434180138568129,0.4798628963153385,0.0
0.9009009009009009,0.6663113006396588,0.7823899371069182,0.0,0.5126491646778043,1.0000000000000002,0.0,0.07326578332034273,0.41778319123020713,0.919742237844171,0.181174320310715,0.1367837338262481,0.3340707964601771,0.12317518248175174,0.44537230340988154,1.0,0.0,0.37630208333333326,0.534466477809254,0.3879907621247112,0.8080548414738645,0.0
0.9019019019019019,0.5351812366737738,0.5157232704402516,0.3703920421299005,0.41957040572792365,0.5673076923076925,0.32869991823385125,0.39127045985970366,0.22655298416565167,0.6807264206209725,0.40849897189856066,0.35813308687615564,0.24889380530973448,0.37992700729927,0.6144745998608214,0.6247660636306926,0.3200408997955011,0.5195312499999999,0.41926345609065163,0.5665896843725942,0.46443873179091677,0.0
0.9029029029029029,0.591684434968017,0.340880503144654,0.21562317144528964,0.4300715990453461,0.5942776735459665,0.23896156991005735,0.3137178487918939,0.5066991473812423,0.8365553602811951,0.301576422206991,0.26109057301293936,0.23561946902654884,0.24452554744525523,0.6583159359777313,0.7679351216469121,0.23619631901840488,0.41015625,0.21718602455146369,0.4665127020785218,0.6880891173950298,0.0
0.9039039039039038,0.22601279317697226,0.3937106918238993,0.3850204798127559,0.4505966587112172,0.4784240150093808,0.3706050695012266,0.32969602494154304,0.42996345919610224,0.6133567662565903,0.41558144848069456,0.39556377079482474,0.7024336283185841,0.4135036496350364,0.3458594293667363,0.6160324391765439,0.3962167689161553,0.5651041666666666,0.6364494806421153,0.3710546574287914,0.7017994858611823,0.0
0.9049049049049049,0.579957356076759,0.6628930817610063,0.35634874195435917,0.47398568019093085,0.5799718574108819,0.36733442354865087,0.4037412314886981,0.5066991473812423,0.6209724663151727,0.4843500114233493,0.41543438077634054,0.6880530973451328,0.40894160583941597,0.29645093945720236,0.6222707423580787,0.4596114519427402,0.02083333333333326,0.30783758262511807,0.2879137798306388,0.44301628106255364,0.0
0.9059059059059059,0.3891257995735608,0.5849056603773585,0.5236980690462258,0.5427207637231504,0.3691369606003754,0.544358135731807,0.6921278254091972,0.5943970767356881,0.4598711189220853,0.4779529358007768,0.6580406654343811,0.174778761061947,0.6072992700729927,0.23312456506611,0.4516531503431067,0.6436605316973414,0.48567708333333326,0.2370160528800756,0.2956120092378751,0.1842330762639246,0.0
0.9069069069069069,0.39445628997867804,0.6125786163522011,0.5029256875365709,0.4381861575178998,0.41697936210131337,0.544562551103843,0.5588464536243178,0.7064555420219245,0.4036321031048623,0.5828192826136623,0.6099815157116455,0.4557522123893806,0.5905109489051095,0.5093945720250521,0.45601996257018107,0.5771983640081799,0.20963541666666652,0.5958451369216242,0.4588144726712855,0.4010282776349613,0.0
0.9079079079079079,0.39125799573560777,0.6540880503144654,0.4514335868929198,0.3856801909307876,0.4990619136960601,0.3990188062142275,0.4489477786438034,0.6272838002436053,0.7445811364967779,0.496915695681974,0.4353049907578561,0.4413716814159293,0.5010948905109489,0.3813500347947114,0.6119775421085465,0.4698364008179958,0.37630208333333326,0.4353163361661946,0.48575827559661233,0.4575835475578406,0.0
0.9089089089089089,0.613006396588486,0.38238993710691815,0.41749561146869496,0.22243436754176615,0.44066604127579745,0.374897792313982,0.3795791114575213,0.40925700365408046,0.7398945518453427,0.6141192597669637,0.49630314232902073,0.6393805309734514,0.5386861313868612,0.6896311760612388,0.5857766687461012,0.3563394683026584,0.4869791666666665,0.5212464589235128,0.5704387990762125,0.7129391602399314,0.0
0.9099099099099099,0.2835820895522388,0.5786163522012578,0.2744294909303686,0.34701670644391414,0.6819887429643527,0.26778413736713014,0.30865159781761475,0.38855054811205847,0.827768014059754,0.4697281242860407,0.3022181146025882,0.40265486725663724,0.36222627737226265,0.6026443980514964,0.6983780411728011,0.24079754601226977,0.45052083333333315,0.47025495750708224,0.5296381832178598,0.6238217652099399,0.0
0.9109109109109109,0.2846481876332622,0.45534591194968543,0.5763604447045054,0.5813842482100239,0.33302063789868674,0.6475878986099755,0.6710833982852686,0.5749086479902558,0.39425893380199184,0.5364404843500115,0.6007393715341962,0.44579646017699115,0.5516423357664233,0.5267919276270008,0.4023705552089831,0.6487730061349691,0.24869791666666674,0.4636449480642116,0.5735180908391069,0.4892887746358182,0.0
0.9119119119119119,0.466950959488273,0.7534591194968552,0.3829724985371561,0.2362768496420048,0.6357879924953096,0.347506132461161,0.41075604053000747,0.27892813641900116,0.715875805506737,0.5862462874114691,0.6067467652495382,0.4811946902654868,0.5684306569343065,0.43423799582463474,0.6837180286961946,0.39877300613496924,0.2838541666666665,0.4957507082152975,0.39722863741339465,0.4601542416452443,0.0
0.9129129129129129,0.7462686567164178,0.4150943396226414,0.43622001170274993,0.5513126491646778,0.50422138836773,0.4585036794766968,0.48480124707716277,0.4640682095006089,0.5213825424721733,0.42060772218414444,0.4108133086876158,0.48008849557522126,0.40802919708029206,0.514265831593598,0.5988771054273239,0.5051124744376277,0.3906249999999999,0.5495750708215298,0.43879907621247094,0.47472150814053127,0.0
0.9139139139139139,0.6727078891257994,0.4150943396226414,0.5225277940315973,0.2988066825775657,0.3599906191369606,0.5650040883074408,0.5526110678098206,0.46772228989037756,0.6092560046865846,0.5814484806945396,0.6367837338262479,0.18694690265486735,0.5934306569343066,0.47459986082115524,0.45882719900187174,0.6288343558282208,0.22786458333333326,0.8007554296506139,0.39645881447267106,0.6238217652099399,0.0
0.914914914914915,0.6204690831556503,0.4792452830188678,0.5035108250438853,0.3575178997613366,0.5058630393996248,0.44501226492232226,0.46414653156664043,0.32277710109622404,0.6965436438195663,0.41352524560201054,0.34889094269870635,0.34734513274336287,0.3616788321167883,0.4154488517745305,0.5954460386774798,0.4979550102249488,0.6783854166666665,0.6090651558073655,0.41493456505003845,0.601542416452442,0.0
0.9159159159159159,0.624733475479744,0.3949685534591194,0.23522527794031567,0.08735083532219579,0.6948874296435272,0.24018806214227317,0.24240062353858138,0.5968331303288671,0.7826596367896895,0.7406899702992917,0.5780961182994457,1.0,0.5879562043795621,0.8510786360473208,0.808484092326887,0.12321063394683018,0.1640625,0.20018885741265346,0.5835257890685139,0.7077977720651242,0.0
0.9169169169169169,0.5586353944562898,0.5433962264150943,0.4727911059098886,0.2758949880668258,0.49695121951219523,0.4411283728536386,0.4415432579890879,0.4713763702801461,0.5770357352079672,0.544893762851268,0.43576709796672874,0.43030973451327437,0.4687956204379562,0.7780097425191372,0.5692451653150343,0.3824130879345602,0.6093749999999998,0.5741265344664779,0.6735950731331792,0.634961439588689,0.0
0.9179179179179179,0.7515991471215351,0.5459119496855346,0.5611468695143358,0.36038186157517904,0.3954033771106942,0.5451757972199511,0.5604053000779423,0.6187576126674786,0.561218512009373,0.6074937171578707,0.6048983364140483,0.6150442477876107,0.535948905109489,0.5198329853862216,0.43387398627573304,0.5633946830265847,0.26432291666666674,0.7393767705382437,0.7128560431100845,0.4970008568980292,0.0
0.9189189189189189,0.523454157782516,0.4880503144654087,0.3124634289057928,0.5217183770883055,0.5905253283302065,0.3023303352412101,0.28332034294621944,0.18392204628501824,0.6725248974809607,0.3248800548320768,0.3003696857670983,0.39491150442477874,0.34288321167883207,0.3813500347947114,0.7099189020586401,0.3824130879345602,0.6106770833333331,0.6449480642115204,0.33487297921478065,0.8286203941730933,0.0
0.91991991991992,0.5362473347547974,0.7559748427672954,0.529549444119368,0.4610978520286396,0.501172607879925,0.5406786590351595,0.5031176929072485,0.5493300852618758,0.5495020503807849,0.4425405528901074,0.4718114602587804,0.5143805309734514,0.4600364963503649,0.1530967292971468,0.5134123518402995,0.6809815950920245,0.2968749999999998,0.7865911237016054,0.27867590454195534,0.6829477292202227,0.0
0.9209209209209209,0.6375266524520256,0.7144654088050314,0.35810415447630173,0.3842482100238664,0.6439962476547842,0.2896565821749797,0.28332034294621944,0.412911084043849,0.8623315758640892,0.3381311400502627,0.3202402957486141,0.2743362831858407,0.3018248175182481,0.394572025052192,0.7080474111041797,0.3859918200408996,0.23958333333333326,0.5410764872521248,0.289453425712086,0.7309340188517565,0.0
0.9219219219219219,0.6791044776119401,0.5949685534591194,0.46372147454651835,0.4190930787589499,0.48100375234521575,0.5128781684382666,0.5615744349181604,0.4409257003654079,0.510837727006444,0.5551747772446882,0.5762476894639559,0.3738938053097346,0.572080291970803,0.28879610299234537,0.5090455396132252,0.5899795501022493,0.29036458333333326,0.39282341831916906,0.33410315627405707,0.5518423307626393,0.0
0.9229229229229229,0.5031982942430704,0.6138364779874212,0.4403159742539495,0.45393794749403343,0.4943714821763603,0.5079721995094031,0.5222135619641464,0.44457978075517657,0.571177504393673,0.4921178889650445,0.48659889094269904,0.5663716814159292,0.4616788321167882,0.5093945720250521,0.4971927635683093,0.5342535787321062,0.3502604166666665,0.5023607176581681,0.5096227867590453,0.5921165381319623,0.0
0.9239239239239239,0.4445628997867804,0.3748427672955974,0.5980105324751315,0.5307875894988068,0.30253283302063794,0.6171300081766149,0.6535463756819953,0.6686967113276492,0.4581136496777972,0.49074708704592185,0.48428835489833677,0.42035398230088494,0.5067518248175182,0.4878218510786363,0.41765439800374304,0.6446830265848669,0.3554687499999999,0.44570349386213415,0.47036181678213973,0.4087403598971723,0.0
0.924924924924925,0.6385927505330489,0.7999999999999999,0.4754242246928029,0.4515513126491647,0.5316604127579738,0.5169664758789863,0.5362431800467651,0.5968331303288671,0.5284124194493262,0.4082705049120402,0.5942698706099818,0.06858407079646023,0.47025547445255467,0.27279053583855273,0.5274485339987525,0.5848670756646215,0.35807291666666663,0.3541076487252125,0.2586605080831408,0.3976006855184232,0.0
0.9259259259259259,0.4786780383795309,0.5446540880503145,0.44470450555880614,0.5866348448687351,0.4638836772983115,0.44950940310711385,0.4524551831644581,0.45554202192448223,0.5371997656707673,0.4669865204477953,0.595656192236599,0.5298672566371683,0.5406934306569342,0.3437717466945025,0.5542732376793513,0.5848670756646215,0.3749999999999999,0.493862134088763,0.304080061585835,0.5312767780634106,0.0
0.9269269269269269,0.3294243070362473,0.5232704402515723,0.42480983031012287,0.4071599045346062,0.4608348968105065,0.45441537203597715,0.5674201091192517,0.7515225334957367,0.6203866432337434,0.4731551290838474,0.5304990757855825,0.297566371681416,0.4791970802919707,0.48434237995824647,0.5542732376793513,0.469325153374233,0.3124999999999998,0.20113314447592068,0.5712086220169361,0.3384747215081404,0.0
0.9279279279279279,0.6343283582089552,0.641509433962264,0.37536571094207116,0.1551312649164679,0.552767354596623,0.3994276369582994,0.4392049883086515,0.6248477466504262,0.710603397773872,0.711217729038154,0.6460258780036972,0.5331858407079646,0.6545620437956204,0.3695198329853864,0.5885839051777917,0.3824130879345602,0.6171874999999999,0.38810198300283294,0.4580446497305619,0.5989717223650385,0.0
0.9289289289289289,0.6556503198294241,0.7232704402515723,0.2682855471035692,0.4840095465393795,0.6376641651031896,0.31071136549468537,0.32190179267342156,0.5334957369062119,0.7012302284710016,0.3038610920721957,0.2481515711645106,0.3340707964601771,0.2762773722627736,0.32498260264439827,0.7367436057392391,0.34918200408997957,0.36067708333333326,0.31916902738432484,0.33564280215550424,0.6718080548414739,0.0
0.92992992992993,0.5660980810234542,0.4968553459119496,0.5532475131655938,0.4992840095465394,0.32012195121951226,0.5688879803761244,0.6527669524551829,0.3702801461632156,0.377270064440539,0.5199908613205392,0.5998151571164514,0.40376106194690264,0.6140510948905109,0.4460681976339598,0.3895820336868372,0.5925357873210633,0.5846354166666666,0.6015108593012276,0.4780600461893765,0.561268209083119,0.0
0.9309309309309309,0.36460554371002135,0.34339622641509426,0.43709771796372143,0.29307875894988067,0.4488742964352721,0.4208912510220768,0.5413094310210445,0.40925700365408046,0.6080843585237258,0.6223440712816999,0.6991682070240299,0.5763274336283186,0.6122262773722628,0.5219206680584554,0.5299438552713662,0.3348670756646217,0.41145833333333326,0.4863078375826252,0.5712086220169361,0.40616966580976854,0.0
0.9319319319319319,0.3805970149253732,0.46163522012578606,0.5576360444704505,0.35035799522673033,0.349906191369606,0.5498773507767785,0.5646921278254089,0.4031668696711328,0.5606326889279437,0.6029243774274617,0.595656192236599,0.5663716814159292,0.5999999999999999,0.4286708420320111,0.4697442295695571,0.6405930470347647,0.43098958333333326,0.3550519357884797,0.3264049268668203,0.4104541559554412,0.0
0.9329329329329329,0.6066098081023452,0.6339622641509433,0.33060269163253353,0.22195704057279242,0.5180581613508444,0.36958299264104677,0.33943881527669495,0.4762484774665042,0.6713532513181019,0.5924148960475211,0.532809611829945,0.29535398230088505,0.5744525547445256,0.39318023660403645,0.6556456643792887,0.4335378323108384,0.34114583333333326,0.31350330500472146,0.23864511162432622,0.5964010282776347,0.0
0.933933933933934,0.5597014925373134,0.7459119496855345,0.5172615564657694,0.30883054892601436,0.4118198874296435,0.48896156991005735,0.563912704598597,0.5846528623629719,0.6280023432923255,0.49348869088416725,0.46395563770794856,0.41261061946902655,0.520802919708029,0.4189283228949203,0.4769182782283221,0.6129856850715746,0.5859375,0.8064211520302172,0.3371824480369514,0.5895458440445586,0.0
0.934934934934935,0.3507462686567165,0.20628930817610058,0.38121708601521354,0.5417661097852029,0.5044559099437149,0.349345870809485,0.3448947778643803,0.3873325213154689,0.6953719976567075,0.40255883024902905,0.3461182994454717,0.5365044247787611,0.4135036496350364,0.4864300626304803,0.650655021834061,0.306237218813906,0.7226562499999999,0.5212464589235128,0.511932255581216,0.5364181662382176,0.0
0.9359359359359359,0.4829424307036248,0.6918238993710691,0.5415447630193095,0.5088305489260143,0.36796435272045025,0.6024121013900245,0.725253312548714,0.4738124238733251,0.4288224956063268,0.5099383139136395,0.6219963031423292,0.47787610619469034,0.4855839416058394,0.4926931106471817,0.3995633187772927,0.5158486707566461,0.25520833333333326,0.4504249291784703,0.5434949961508853,0.286203941730934,0.0
0.9369369369369369,0.5660980810234542,0.6566037735849056,0.19982445874780574,0.21718377088305496,0.7565666041275798,0.1939901880621422,0.2583787996882305,0.5103532277710109,0.9988283538371411,0.5215901302261823,0.5000000000000002,0.4015486725663717,0.4375912408759124,0.7313848295059153,0.8365564566437929,0.21625766871165641,0.234375,0.016052880075542952,0.4965357967667434,0.4284490145672665,0.0
0.9379379379379379,0.6737739872068231,0.5333333333333333,0.45845523698069024,0.4300715990453461,0.4369136960600375,0.45584627964022895,0.5261106780982072,0.41778319123020713,0.5401288810779145,0.4594471098926205,0.5180221811460262,0.4258849557522124,0.4855839416058394,0.4050104384133615,0.540860885839052,0.4207566462167688,0.43359375,0.45420207743153923,0.30177059276366425,0.4507283633247644,0.0
0.938938938938939,0.4541577825159914,0.4779874213836477,0.6155646576945581,0.401909307875895,0.28330206378986866,0.5829926410466066,0.6321122369446608,0.49817295980511567,0.45869947275922673,0.5768791409641306,0.7338262476894641,0.4015486725663717,0.6804744525547445,0.3757828810020878,0.3811603243917654,0.702965235173824,0.57421875,0.6638338054768651,0.31254811393379534,0.4755784061696656,0.0
0.93993993993994,0.42110874200426435,0.7496855345911948,0.409303686366296,0.4711217183770883,0.5870075046904315,0.44296811120196256,0.40023382696804344,0.5809987819732033,0.6549502050380785,0.3347041352524561,0.3054528650646955,0.28871681415929207,0.37080291970802914,0.18162839248434226,0.6244541484716157,0.48926380368098155,0.5195312499999999,0.44853635505193584,0.2093918398768282,0.6083976006855184,0.0
0.9409409409409409,0.6108742004264391,0.5207547169811321,0.3019309537741368,0.45584725536992843,0.5607410881801125,0.2955846279640231,0.2883865939204986,0.4993909866017052,0.7926186291739893,0.326022389764679,0.3170055452865068,0.47123893805309747,0.3474452554744525,0.3430758524704247,0.7067997504678729,0.42382413087934556,0.5195312499999999,0.5996222851746932,0.4657428791377982,0.6186803770351327,0.0
0.9419419419419419,0.30490405117270786,0.39245283018867916,0.639847864248098,0.4486873508353222,0.2835365853658537,0.6647587898609977,0.6792673421667963,0.45797807551766134,0.3807850029291152,0.5942426319396847,0.8156192236598894,0.3816371681415929,0.7653284671532846,0.2707028531663189,0.3568309419837805,0.6334355828220857,0.59765625,0.4570349386213409,0.33333333333333304,0.40359897172236503,0.0
0.9429429429429429,0.19083155650319833,0.5924528301886791,0.548273844353423,0.5121718377088306,0.33747654784240155,0.5482420278004907,0.6169134840218238,0.587088915956151,0.6110134739308727,0.45259310029700717,0.5933456561922368,0.16482300884955758,0.5206204379562045,0.4112734864300629,0.4532127261384902,0.7321063394683025,0.42578125,0.37204910292728993,0.30100076982294066,0.36932305055698367,0.0
0.943943943943944,0.533049040511727,0.7484276729559747,0.5787009947337622,0.4840095465393795,0.4151031894934334,0.5709321340964841,0.6102883865939204,0.6090133982947624,0.5448154657293497,0.4779529358007768,0.5406654343807766,0.41924778761061954,0.5005474452554743,0.523312456506611,0.41703056768558966,0.6814928425357872,0.34114583333333326,0.4239848914069878,0.4988452655889146,0.3718937446443872,0.0
0.944944944944945,0.6183368869936035,0.5509433962264151,0.32738443534230544,0.4572792362768497,0.5680112570356475,0.3656991005723631,0.40997661730319557,0.5286236297198538,0.690099589923843,0.4500799634452822,0.44639556377079503,0.5564159292035398,0.415875912408759,0.5768963117606125,0.6350592638802246,0.44734151329243343,0.27213541666666674,0.2927289896128423,0.6643571978444958,0.6366752356469579,0.0
0.9459459459459459,0.4349680170575693,0.40125786163522004,0.45552954944411916,0.5212410501193318,0.49061913696060055,0.43131643499591177,0.4777864380358532,0.40194884287454324,0.5530169888693616,0.3712588530957277,0.5711645101663589,0.22123893805309747,0.38722627737226256,0.5831593597773144,0.5767311291328758,0.3824130879345602,0.41927083333333326,0.7516525023607177,0.7159353348729791,0.4772922022279348,0.0
0.9469469469469469,0.26652452025586354,0.6792452830188679,0.478935049736688,0.4534606205250597,0.43198874296435275,0.48446443172526577,0.5935307872174589,0.7125456760048721,0.5360281195079085,0.4742974640164497,0.4519408502772646,0.5442477876106195,0.4739051094890512,0.5086986778009743,0.4940736119775422,0.5756646216768915,0.40625,0.4381491973559962,0.352578906851424,0.4053127677806342,0.0
0.9479479479479479,0.29424307036247327,0.7660377358490564,0.4145699239321239,0.5408114558472554,0.5921669793621014,0.43376941946034364,0.5097427903351517,0.4214372716199757,0.5254833040421792,0.3637194425405529,0.492606284658041,0.19247787610619482,0.39835766423357666,0.4314544189283227,0.6172800998128511,0.485685071574642,0.5143229166666665,0.493862134088763,0.5296381832178598,0.4113110539845758,0.0
0.948948948948949,0.4072494669509595,0.4440251572327043,0.5178466939730835,0.3279236276849642,0.4139305816135086,0.5239165985282095,0.5120810600155883,0.6869671132764921,0.6895137668424135,0.49394562485720805,0.4306839186691316,0.39601769911504425,0.5085766423357663,0.3291579679888659,0.5062383031815345,0.6595092024539876,0.9322916666666665,0.6723323890462701,0.4141647421093144,0.5724078834618679,0.0
0.94994994994995,0.27825159914712144,0.6477987421383647,0.5441778818022234,0.4840095465393795,0.399859287054409,0.58892068683565,0.5623538581449725,0.5883069427527404,0.4405389572349151,0.551519305460361,0.5767097966728283,0.45243362831858414,0.6027372262773723,0.5358385525400142,0.41515907673112906,0.6267893660531696,0.6067708333333331,0.7450424929178471,0.5465742879137796,0.561268209083119,0.0
0.950950950950951,0.6737739872068231,0.3987421383647798,0.3279695728496195,0.49498806682577573,0.49484052532833034,0.31234668847097313,0.3000779423226809,0.3654080389768575,0.6004686584651436,0.3680603152844414,0.37800369685767143,0.5298672566371683,0.37208029197080283,0.2734864300626305,0.6802869619463507,0.5173824130879345,0.30989583333333326,0.3550519357884797,0.23402617397998426,0.6872322193658954,0.0
0.9519519519519519,0.23667377398720685,0.5119496855345911,0.4306612053832648,0.516945107398568,0.4803001876172608,0.4196647587898612,0.4524551831644581,0.3093788063337394,0.5987111892208553,0.4039296321681517,0.5314232902033276,0.26106194690265494,0.45748175182481754,0.6409185803757831,0.5923268870867127,0.44325153374233117,0.5624999999999999,0.4589235127478754,0.702848344880677,0.508140531276778,0.0
0.9529529529529529,0.34968017057569295,0.50062893081761,0.4874195435927442,0.3465393794749404,0.3534240150093809,0.5163532297628783,0.49103663289166,0.4287454323995127,0.5992970123022846,0.5809915467214988,0.5850277264325328,0.41150442477876104,0.616970802919708,0.6840640222686156,0.5134123518402995,0.520961145194274,0.6796874999999999,0.5618508026440039,0.5842956120092375,0.634961439588689,0.0
0.953953953953954,0.5874200426439231,0.6742138364779874,0.3323581041544763,0.39522673031026256,0.5576923076923077,0.33299264104660686,0.3838659392049881,0.635809987819732,0.7937902753368483,0.41398217957505146,0.26709796672828134,0.7798672566371682,0.34580291970802923,0.5163535142658318,0.6874610106051156,0.4217791411042944,0.3242187499999998,0.5014164305949009,0.33333333333333304,0.5004284490145673,0.0
0.954954954954955,0.5639658848614071,0.7220125786163522,0.3595669982445875,0.33985680190930795,0.5895872420262664,0.3720359771054784,0.4150428682774745,0.5274056029232643,0.7041593438781489,0.39501941969385423,0.3701478743068394,0.670353982300885,0.3981751824817519,0.44189283228949217,0.6007485963817842,0.3302658486707566,0.7005208333333333,0.5920679886685553,0.47652040030792886,0.7814910025706941,0.0
0.955955955955956,0.49147121535181243,0.7245283018867924,0.33820947922761846,0.5107398568019093,0.6367260787992495,0.36672117743254296,0.38269680436477005,0.6090133982947624,0.6777973052138252,0.35686543294493955,0.297134935304991,0.4823008849557522,0.237956204379562,1.0000000000000002,0.6637554585152841,0.22034764826175857,0.3242187499999998,0.4579792256846082,0.9999999999999998,0.6169665809768637,0.0
0.9569569569569569,0.6940298507462686,0.5446540880503145,0.6711527208894088,0.5856801909307876,0.3306754221388367,0.6173344235486509,0.642634450506625,0.6309378806333739,0.3397773872290567,0.6682659355723098,0.9158964879852127,0.5265486725663717,0.7552919708029197,0.5671537926235213,0.40018714909544606,0.6615541922290388,0.25651041666666674,0.6147308781869689,0.5481139337952272,0.49185946872322195,0.0
0.9579579579579579,0.21748400852878463,0.33710691823899364,0.5485664131070802,0.46825775656324586,0.31871482176360233,0.5780866721177433,0.7045985970381916,0.6552984165651644,0.42003514938488584,0.5021704363719443,0.608595194085028,0.16482300884955758,0.5492700729927007,0.6590118302018095,0.40174672489082974,0.5005112474437626,0.5013020833333333,0.5014164305949009,0.5481139337952272,0.2073693230505569,0.0
0.958958958958959,0.2718550106609808,0.6276729559748426,0.3858981860737274,0.47159904534606206,0.5644934333958724,0.3865494685200326,0.4754481683554168,0.5176613885505481,0.6449912126537786,0.32259538496687223,0.19500924214417803,0.4834070796460177,0.2427007299270072,0.6388308977035493,0.6222707423580787,0.30572597137014323,0.5533854166666666,0.5316336166194524,0.7128560431100845,0.49100257069408737,0.0
0.95995995995996,0.4498933901918976,0.48176100628930807,0.2878876535985957,0.2988066825775657,0.6505628517823641,0.29865085854456264,0.339049103663289,0.4969549330085261,0.8429994141769185,0.49782956362805575,0.4140480591497231,0.3904867256637168,0.4144160583941605,0.5956854558107167,0.7205240174672489,0.32873210633946837,0.6028645833333331,0.37016052880075545,0.5827559661277903,0.5364181662382176,0.0
0.960960960960961,0.5501066098081022,0.6842767295597484,0.35605617320070193,0.5479713603818617,0.5837242026266416,0.4029026982829109,0.38269680436477005,0.4007308160779537,0.5717633274751025,0.3669179803518392,0.309149722735675,0.6869469026548672,0.3352189781021897,0.4933890048712599,0.6200873362445414,0.45552147239263796,0.4999999999999999,0.3456090651558074,0.45419553502694354,0.6143958868894602,0.0
0.9619619619619619,0.6727078891257994,0.26792452830188673,0.3069046225863077,0.3823389021479714,0.6172607879924954,0.27269010629599344,0.2743569758378799,0.5322777101096224,0.8342120679554775,0.3538953621201736,0.3738447319778191,0.3550884955752214,0.39233576642335755,0.40013917884481565,0.7208359326263258,0.2540899795501024,0.8098958333333331,0.6383380547686497,0.3833718244803692,0.8389031705227078,0.0
0.9629629629629629,0.3923240938166312,0.4993710691823898,0.5462258630778232,0.4959427207637232,0.37429643527204504,0.5603025347506134,0.6009353078721744,0.3775883069427527,0.5512595196250732,0.44825222755311855,0.5064695009242146,0.27876106194690264,0.4594890510948906,0.4794711203897011,0.45009357454772303,0.5511247443762781,0.3190104166666665,0.6185080264400379,0.4911470361816779,0.34790059982862054,0.0
0.963963963963964,0.5522388059701491,0.3358490566037735,0.41427735517846687,0.4863961813842482,0.44629455909943716,0.4642273098937042,0.5113016367887762,0.5176613885505481,0.5817223198594025,0.4452821567283528,0.5397412199630316,0.32190265486725667,0.4791970802919707,0.42310368823938793,0.5277604491578289,0.49488752556237214,0.5846354166666666,0.6440037771482532,0.5334872979214778,0.48757497857754906,0.0
0.964964964964965,0.5469083155650318,0.47672955974842757,0.5450555880631947,0.3880668257756563,0.3466228893058162,0.5204415372035978,0.4945440374123147,0.5347137637028014,0.4932630345635617,0.555631711217729,0.48382624768946414,0.5387168141592922,0.5782846715328467,0.455810716771051,0.4625701809107923,0.5915132924335378,0.6796874999999999,0.4664778092540133,0.4511162432640492,0.5664095972579263,0.0
0.965965965965966,0.5063965884861408,0.6389937106918238,0.48566413107080164,0.33412887828162297,0.49601313320825513,0.4948896156991005,0.5038971161340606,0.587088915956151,0.5102519039250147,0.63262508567512,0.7597042513863219,0.4424778761061947,0.6359489051094891,0.5386221294363258,0.5212102308172177,0.5158486707566461,0.19661458333333326,0.6572237960339944,0.41493456505003845,0.5552699228791774,0.0
0.9669669669669669,0.5394456289978677,0.5937106918238992,0.34230544177881805,0.45632458233890216,0.5696529080675423,0.3871627146361407,0.3429462197973496,0.3422655298416565,0.7170474516695956,0.396390221612977,0.4052680221811462,0.2898230088495576,0.4231751824817518,0.35629784272790577,0.6316281971303805,0.3680981595092023,0.7643229166666665,0.8753541076487252,0.3879907621247112,0.7729220222793488,0.0
0.9679679679679679,0.24520255863539447,0.5924528301886791,0.58806319485079,0.5069212410501194,0.35459662288930593,0.6134505314799674,0.7034294621979735,0.5018270401948842,0.4135910954891623,0.5748229380854466,0.674214417744917,0.506637168141593,0.5852189781021897,0.4460681976339598,0.396756082345602,0.6007157464212678,0.3867187499999999,0.6912181303116148,0.5827559661277903,0.3950299914310197,0.0
0.968968968968969,0.33795309168443494,0.7937106918238993,0.4765944997074312,0.4778042959427208,0.4756097560975612,0.4196647587898612,0.4657053780202647,0.6979293544457978,0.6198008201523141,0.4795522047064199,0.49399260628465846,0.41371681415929207,0.5452554744525548,0.7453027139874742,0.5215221459762944,0.38905930470347627,0.59375,0.724268177525968,0.7428791377983062,0.6058269065981149,0.0
0.96996996996997,0.5778251599147122,0.4729559748427672,0.3712697483908718,0.39427207637231504,0.4931988742964355,0.37121831561733454,0.44076383476227576,0.33495736906211937,0.6379613356766257,0.48960475211331966,0.4145101663585955,0.6017699115044248,0.43540145985401457,0.46624913013222,0.5751715533374921,0.3077709611451942,0.3111979166666665,0.4881964117091596,0.5304080061585834,0.5595544130248501,0.0
0.970970970970971,0.5383795309168442,0.4540880503144653,0.3300175541252195,0.439618138424821,0.5787992495309568,0.3800081766148815,0.3764614185502726,0.35322777101096225,0.6766256590509666,0.3445282156728352,0.35905730129390045,0.26991150442477874,0.31313868613138673,0.527487821851079,0.6756082345601997,0.4263803680981595,0.2851562499999998,0.47025495750708224,0.5442648190916088,0.601542416452442,0.0
0.9719719719719719,0.704690831556503,0.5886792452830188,0.33323581041544736,0.4840095465393795,0.6559568480300189,0.35506950122649217,0.33632112236944645,0.6967113276492083,0.7451669595782074,0.33790267306374233,0.3345656192236601,0.29535398230088505,0.21204379562043774,0.7724425887265136,0.6472239550842169,0.20347648261758677,0.08072916666666674,0.2662889518413598,0.8314087759815241,0.5921165381319623,0.0
0.9729729729729729,0.6311300639658848,0.371069182389937,0.6129315389116441,0.5794749403341288,0.2795497185741088,0.6451349141455438,0.7272018706157442,0.6711327649208282,0.2583479789103691,0.5748229380854466,0.7287430683918672,0.4413716814159293,0.6556569343065692,0.2915796798886574,0.34653774173424834,0.7418200408997954,0.25,0.3758262511803589,0.38414164742109325,0.35132819194515863,0.0
0.973973973973974,0.5714285714285714,0.5710691823899371,0.48595669982445866,0.4606205250596659,0.4437148217636022,0.49039247751430914,0.4559625876851128,0.5943970767356881,0.5565319273579378,0.5567740461503313,0.6945471349353052,0.31305309734513276,0.647992700729927,0.35560194850382754,0.538365564566438,0.5823108384458077,0.5677083333333333,0.36449480642115206,0.352578906851424,0.4704370179948584,0.0
0.974974974974975,0.3891257995735608,0.2528301886792452,0.31275599765944984,0.46587112171837713,0.5229831144465291,0.3297219950940311,0.38035853468433345,0.3495736906211937,0.7873462214411248,0.31368517249257477,0.17329020332717215,0.5696902654867257,0.2450729927007298,0.4140570633263745,0.6771678103555832,0.3542944785276072,0.6744791666666665,0.2889518413597734,0.4072363356428017,0.5149957155098542,0.0
0.975975975975976,0.5213219616204692,0.33836477987421376,0.2785254534815682,0.4477326968973747,0.5940431519699814,0.33237939493049873,0.3585346843335928,0.43970767356881846,0.7562975981253662,0.31277130454649305,0.33872458410351225,0.2765486725663717,0.29397810218978093,0.42032011134307634,0.7077354959451032,0.37985685071574626,0.17708333333333326,0.12181303116147313,0.3448806774441877,0.3847472150814052,0.0
0.9769769769769769,0.4829424307036248,0.320754716981132,0.4727911059098886,0.5198090692124105,0.41674484052532823,0.5073589533932952,0.5584567420109117,0.51278928136419,0.5477445811364966,0.3783413296778616,0.3230129390018488,0.4325221238938054,0.30127737226277373,0.5309672929714684,0.5286961946350592,0.5526584867075663,0.3007812499999998,0.17847025495750712,0.4934565050038491,0.32733504712939154,0.0
0.9779779779779779,0.35287846481876334,0.48553459119496845,0.4651843183148039,0.4553699284009547,0.4563789868667918,0.4963205233033525,0.4742790335151985,0.3800243605359318,0.6133567662565903,0.3870230751656385,0.5060073937153422,0.17035398230088505,0.37773722627737216,0.4565066109951288,0.5368059887710543,0.5429447852760736,0.37760416666666663,0.7592067988668556,0.531177829099307,0.5681233933161952,0.0
0.978978978978979,0.4861407249466951,0.7044025157232704,0.4198361614979518,0.4548926014319809,0.5722326454033773,0.37653311529027,0.36593920498830856,0.3982947624847747,0.670181605155243,0.3561800319853782,0.3932532347504625,0.3661504424778762,0.3425182481751825,0.527487821851079,0.6288209606986901,0.33997955010224934,0.4908854166666665,0.639282341831917,0.6812933025404155,0.7549271636675235,0.0
0.97997997997998,0.7825159914712152,0.41132075471698104,0.3537156231714451,0.3589498806682578,0.5537054409005631,0.31214227309893716,0.3183943881527669,0.4567600487210718,0.6584651435266548,0.4039296321681517,0.37846580406654384,0.43584070796460184,0.3583941605839416,0.3493389004871261,0.6799750467872738,0.3849693251533741,0.3268229166666665,0.6279508970727101,0.28637413394919164,0.7420736932305055,0.0
0.980980980980981,0.5405117270788911,0.47169811320754707,0.4081334113516675,0.5097852028639618,0.4793621013133209,0.42906786590351587,0.4524551831644581,0.4969549330085261,0.6520210896309314,0.3941055517477724,0.3641404805914976,0.6515486725663717,0.3704379562043796,0.3980514961725823,0.624142233312539,0.5408997955010224,0.42578125,0.5892351274787536,0.4772902232486529,0.6966580976863751,0.0
0.9819819819819819,0.6108742004264391,0.6100628930817609,0.641895845523698,0.490692124105012,0.2781425891181989,0.7033932951757973,0.667575993764614,0.7661388550548112,0.3913298183948447,0.6205163353895362,0.7564695009242148,0.5232300884955753,0.6664233576642336,0.3479471120389701,0.31378665003119166,0.6876278118609406,0.45833333333333315,0.5967894239848914,0.43802925327174735,0.44558697514995715,0.0
0.9829829829829829,0.5639658848614071,0.5622641509433962,0.47747220596840245,0.5608591885441527,0.4024390243902439,0.4948896156991005,0.5370226032735774,0.5956151035322776,0.5383714118336261,0.4866346812885539,0.5046210720887248,0.5077433628318584,0.523905109489051,0.27487821851078653,0.4769182782283221,0.6196319018404907,0.30598958333333326,0.5722379603399435,0.25173210161662807,0.4087403598971723,0.0
0.983983983983984,0.52771855010661,0.6716981132075471,0.40901111761263875,0.42243436754176616,0.5691838649155723,0.4010629599345872,0.41309431021044407,0.35079171741778314,0.76215582893966,0.3874800091386795,0.4283733826247693,0.3174778761061947,0.33594890510948905,0.4196242171189981,0.6606363069245165,0.555725971370143,0.3281249999999998,0.4419263456090652,0.42263279445727475,0.4832904884318766,0.0
0.984984984984985,0.18336886993603413,0.7974842767295597,0.47220596840257456,0.35226730310262533,0.43409943714821764,0.47587898609975476,0.47077162899454383,0.6163215590742995,0.5752782659636789,0.47772446881425634,0.5004621072088726,0.3849557522123894,0.49799270072992696,0.35560194850382754,0.4981285090455396,0.5874233128834355,0.6106770833333331,0.39376770538243633,0.35488837567359477,0.5552699228791774,0.0
0.985985985985986,0.7313432835820894,0.45031446540880493,0.37624341720304266,0.29403341288782825,0.5330675422138837,0.3636549468520034,0.3156664068589241,0.3800243605359318,0.8271821909783245,0.46675805346127486,0.38955637707948276,0.4402654867256638,0.42098540145985397,0.43632567849686854,0.6631316281971305,0.46574642126789356,0.5078124999999999,0.323890462700661,0.3533487297921476,0.7257926306769494,0.0
0.986986986986987,0.779317697228145,0.4943396226415093,0.2755997659449969,0.04439140811455855,0.6733114446529083,0.2996729354047425,0.24473889321901754,0.4640682095006089,0.740480374926772,0.7189856065798492,0.5069316081330872,0.8396017699115045,0.6441605839416058,0.5323590814196244,0.7467248908296944,0.2581799591002045,0.5234374999999999,0.2927289896128423,0.45573518090839116,0.7994858611825192,0.0
0.9879879879879879,0.20255863539445634,0.47044025157232694,0.607372732592159,0.49976133651551313,0.3030018761726079,0.5950531479967294,0.618472330475448,0.5663824604141291,0.6028119507908613,0.5135937856979667,0.479667282809612,0.32079646017699126,0.5458029197080292,0.4147529575504527,0.40892077354959455,0.6779141104294478,0.47786458333333315,0.6562795089707272,0.25327174749807524,0.3461868037703514,0.0
0.988988988988989,0.4946695095948827,0.5534591194968553,0.5011702750146285,0.511217183770883,0.4488742964352721,0.5063368765331153,0.5568978955572874,0.53836784409257,0.6203866432337434,0.4091843728581219,0.3059149722735679,0.5774336283185841,0.39744525547445253,0.24704244954766885,0.519962570180911,0.6022494887525561,0.4986979166666665,0.3729933899905572,0.20708237105465743,0.4413024850042845,0.0
0.98998998998999,0.6961620469083154,0.5232704402515723,0.4464599180807489,0.23675417661097853,0.5424484052532834,0.42906786590351587,0.44621979734996087,0.35322777101096225,0.7393087287639134,0.529586474754398,0.43299445471349385,0.48672566371681414,0.4063868613138686,0.6694502435629786,0.5810979413599502,0.43200408997955,0.3828124999999999,0.44570349386213415,0.5927636643571979,0.5235646958011996,0.0
0.990990990990991,0.7537313432835822,0.3647798742138364,0.43124634289057906,0.5007159904534606,0.43949343339587243,0.43499591169255925,0.48246297739672617,0.40925700365408046,0.6449912126537786,0.36234864062143024,0.34565619223659927,0.4668141592920355,0.3279197080291971,0.23590814196242205,0.5798502807236432,0.5214723926380367,0.29817708333333326,0.3456090651558074,0.3033102386451114,0.5646958011996571,0.0
0.991991991991992,0.5895522388059702,0.32830188679245276,0.37595084844938564,0.33794749403341295,0.5485459662288932,0.3479149632052332,0.3585346843335928,0.5968331303288671,0.8828353837141182,0.39981722641078365,0.351663585951941,0.3982300884955753,0.3306569343065693,0.5045233124565067,0.6453524641297568,0.3701431492842535,0.35286458333333326,0.33899905571293676,0.4264819091608927,0.6838046272493573,0.0
0.992992992992993,0.5692963752665245,0.6452830188679245,0.6240491515506144,0.49832935560859193,0.41791744840525324,0.6295993458708096,0.618472330475448,0.6175395858708891,0.3884007029876976,0.531642677633082,0.5734750462107212,0.45464601769911506,0.5593065693430657,0.7439109255393181,0.4270118527760449,0.4683026584867075,0.3463541666666665,0.408876298394712,0.6374133949191685,0.4344473007712083,0.0
0.993993993993994,0.708955223880597,0.4893081761006288,0.42598010532475117,0.3804295942720764,0.49507504690431525,0.4151676206050696,0.38152766952455175,0.612667478684531,0.5489162272993556,0.39707562257253826,0.3086876155268026,0.3849557522123894,0.3461678832116788,0.1837160751565765,0.6500311915159076,0.5700408997955009,0.5598958333333333,0.3748819641170916,0.2886836027713624,0.4087403598971723,0.0
0.994994994994995,0.7921108742004264,0.710691823899371,0.3089526038619075,0.31169451073985677,0.5682457786116322,0.34443990188062146,0.31956352299298496,0.4738124238733251,0.7779730521382543,0.374000456933973,0.3535120147874309,0.21017699115044253,0.3233576642335765,0.5031315240083507,0.6359950093574549,0.37525562372188137,0.5182291666666665,0.5939565627950898,0.4518860662047728,0.7986289631533846,0.0
0.995995995995996,0.7068230277185501,0.5584905660377358,0.37624341720304266,0.44009546539379474,0.5539399624765478,0.33892068683565,0.3811379579111456,0.7015834348355664,0.5026362038664322,0.4873200822481152,0.5360443622920521,0.5254424778761062,0.5417883211678831,0.5031315240083507,0.6450405489706801,0.36707566462167684,0.5234374999999999,0.6525023607176582,0.37336412625096216,0.6135389888603254,0.0
0.996996996996997,0.2921108742004264,0.45157232704402506,0.5049736688121709,0.12315035799522678,0.5328330206378988,0.4474652493867539,0.44076383476227576,0.6760048721071863,0.6098418277680141,0.7777016221156043,0.7310536044362295,0.9026548672566372,0.752919708029197,0.47042449547668763,0.6160324391765439,0.39877300613496924,0.46223958333333315,0.34088762983947124,0.40646651270207856,0.4070265638389031,0.0
0.997997997997998,0.30063965884861404,0.2955974842767295,0.470743124634289,0.29785202863961824,0.33419324577861165,0.48875715453802115,0.475837879968823,0.37393422655298414,0.572349150556532,0.6383367603381311,0.565157116451017,0.5608407079646018,0.573905109489051,0.4794711203897011,0.5140361821584529,0.5117586912065438,0.33333333333333326,0.4787535410764873,0.36335642802155466,0.5766923736075406,0.0
0.998998998998999,0.868869936034115,0.5257861635220126,0.33908718548858974,0.4553699284009547,0.5649624765478425,0.31295993458708105,0.35151987529228346,0.5943970767356881,0.6942003514938487,0.3248800548320768,0.2287430683918672,0.4834070796460177,0.22919708029197072,0.47251217814892144,0.6874610106051156,0.33997955010224934,0.11979166666666652,0.594900849858357,0.38260200153964563,0.7592116538131962,0.0
1.0,0.7014925373134329,0.4691823899371068,0.5456407255705089,0.46730310262529834,0.3818011257035647,0.5721586263287,0.677708495713172,0.5639464068209501,0.46104276508494435,0.5017135023989033,0.5157116451016639,0.41924778761061954,0.5346715328467153,0.5156576200417535,0.48908296943231444,0.5281186094069529,0.5833333333333333,0.49669499527856475,0.5919938414164743,0.4344473007712083,0.0
