0,1,2,3,4,5,6,7,8,9,10,11,12,13,14,15,16,17,18,19,20,x20
0.0,0.7394796016704143,0.6912613355317393,0.34359233097880926,0.713709677419355,0.17131657827991692,0.10227627065793582,0.07773109243697479,0.8074931465123363,0.8773957158962795,0.7416756176154672,0.3628472222222222,0.18830675778283978,0.6036339165545088,0.7868156424581005,0.37901701323251413,0.2153928380545163,0.8517490283176015,1.0,0.26462128475551305,0.8744331065759637,0.46
0.001001001001001001,0.9145518792161902,0.548227535037098,0.32341069626639757,0.545866935483871,0.0,0.09635173058933583,0.1297268907563025,0.8172403289674078,0.9999999999999999,0.6369495166487648,0.27604166666666663,0.0895975702353835,0.4703903095558547,1.0,0.3412098298676748,0.19134152859433456,1.0,1.0,0.08101629913710462,0.8925736961451247,0.59
0.002002002002002002,0.5432059106970767,0.2844187963726298,0.41927346115035313,0.2857862903225806,0.39359003919760205,0.4262550670408482,0.027836134453781497,0.7560158391714895,0.7150507328072152,0.44629430719656277,0.4895833333333333,0.40318906605922555,0.33243606998654107,0.47486033519553067,0.6843100189035916,0.5537145911277391,0.615213770127707,1.0,0.5162991371045063,0.8429705215419501,0.544
0.003003003003003003,0.4410536460006425,0.3907666941467435,0.1851664984863774,0.706149193548387,0.3686880332026747,0.5266604303086998,0.1759453781512605,0.7590618336886994,0.6609357384441938,0.7448979591836734,0.5008680555555556,0.4457099468488991,0.38290713324360703,0.5065921787709498,0.6455576559546313,0.5718866916087653,0.739589117157135,1.0,0.5508149568552254,0.7769274376417233,0.124
0.004004004004004004,0.5615162222936074,0.4534212695795547,0.32896064581231077,0.44556451612903225,0.24971178233802166,0.33613969441845964,0.1633403361344538,0.7383490709716722,0.7440811724915444,0.780343716433942,0.23524305555555552,0.5011389521640092,0.31426648721399736,0.7369832402234636,0.6843100189035916,0.33778727952966325,0.7184897279289285,1.0,0.3120805369127517,0.7664399092970522,0.399
0.005005005005005005,0.5203983295856087,0.48062654575432795,0.25832492431886983,0.8054435483870968,0.3728383675351626,0.47489865918303714,0.14338235294117646,0.8093207432226622,0.7003945885005636,0.533297529538131,0.7309027777777777,0.21488230827638577,0.43741588156123823,0.47150837988826816,0.5954631379962192,0.5024051309460181,0.6707384786229873,1.0,0.5215723873441995,0.814625850340136,0.158
0.006006006006006006,0.5791840668165756,0.37675185490519364,0.47628657921291623,0.7394153225806452,0.2914456997924833,0.45026504521359534,0.11186974789915968,0.8288151081328053,0.8740135287485906,0.5209452201933404,0.5112847222222222,0.30827638572513294,0.4279946164199193,0.5801117318435755,0.7211720226843099,0.518439337252806,0.8495280399777903,1.0,0.4626078619367211,0.9101473922902494,0.949
0.007007007007007007,0.6347574686797302,0.4661995053586149,0.39152371342078707,0.4400201612903226,0.24348628083928986,0.3420642344870596,0.15283613445378152,0.768809016143771,0.7280157835400224,0.6423200859291084,0.3489583333333333,0.30675778283978744,0.42597577388963664,0.6739664804469273,0.6257088846880906,0.35702832709780863,0.7440310938367575,1.0,0.3336529242569512,0.8183106575963719,0.481
0.008008008008008008,0.48281400578220374,0.5177246496290189,0.3955600403632694,0.16431451612903225,0.28452847590500346,0.4889304646086686,0.0,1.0,0.9819616685456594,0.4763694951664876,0.33420138888888884,0.5687167805618831,0.4125168236877524,0.47150837988826816,0.5614366729678638,0.561731694281133,0.9211549139367019,1.0,0.6102588686481305,1.0,0.81
0.009009009009009009,0.6890459363957597,0.5721352019785654,0.5237134207870837,0.5211693548387097,0.2955960341249712,0.27564702213907083,0.1255252100840336,0.698446542796223,0.8280721533258173,0.5429645542427497,0.34201388888888884,0.22171602126044043,0.4414535666218035,0.5611173184357542,0.831758034026465,0.35756280064136825,0.8750694058856192,1.0,0.43288590604026855,0.8021541950113379,0.987
0.01001001001001001,0.35560552521683264,0.6364385820280295,0.18213925327951563,0.2928427419354839,0.3421720083006687,0.3879014655441223,0.19012605042016806,0.7630216265610722,0.6767192784667417,0.9758324382384533,0.6901041666666666,0.4054669703872438,0.7664872139973082,0.5258100558659218,0.44045368620037795,0.4088722608230892,0.6529705719044976,1.0,0.3542665388302973,0.7585034013605443,-0.13
0.011011011011011011,0.16639897205268228,0.3532563891178894,0.06407669021190718,0.6461693548387096,0.5374682960571824,0.695977549111319,0.1360294117647059,0.8023149558330795,0.5408680947012401,0.7448979591836734,0.6006944444444444,0.7084282460136675,0.3983849259757739,0.2922905027932961,0.5604914933837428,0.6493853554249064,0.5707940033314826,1.0,0.7497603068072868,0.7514172335600907,-0.168
0.012012012012012012,0.46257629296498554,0.5581203627370155,0.11705348133198788,0.38407258064516125,0.32142033663822916,0.3529778609292174,0.18539915966386555,0.7161133109960403,0.6395152198421645,0.7620837808807733,0.5546875,0.37585421412300685,0.5383580080753702,0.630391061452514,0.6483931947069943,0.4366648850881881,0.6701832315380345,1.0,0.35762224352828387,0.7485827664399093,0.001
0.013013013013013013,0.5040154192097654,0.36809563066776574,0.4308779011099899,0.35181451612903225,0.40281300438090845,0.4359214218896165,0.38970588235294124,0.6393542491623515,0.5510146561443066,0.6562835660580021,0.4331597222222222,0.47152619589977224,0.2476446837146703,0.5664804469273743,0.6209829867674858,0.393372528059861,0.5069405885619102,1.0,0.5234899328859061,0.6581632653061225,0.317
0.014014014014014014,0.4693221972373916,0.777823577906018,0.32441977800201816,0.7328629032258065,0.3082776112520175,0.20517617711256625,0.1980042016806723,0.7575388364300945,0.8494926719278466,0.8678839957035445,0.671875,0.32042520880789677,0.648721399730821,0.47329608938547485,0.6521739130434782,0.5050774986638161,0.8395335924486398,1.0,0.49520613614573356,0.8664965986394558,0.315
0.015015015015015015,0.6180533247671056,0.37592745259686716,0.4974772956609485,0.5483870967741935,0.31496426100991465,0.2641097599002183,0.1475840336134454,0.6963143466341761,0.7779030439684328,0.627282491944146,0.4756944444444444,0.36674259681093396,0.2254374158815613,0.6616759776536313,0.8563327032136105,0.3014430785676109,0.6229872293170462,1.0,0.304889741131352,0.8041383219954649,0.511
0.016016016016016016,0.7410857693543206,0.41838417147568,0.4233097880928355,0.16834677419354838,0.2868342172008301,0.20517617711256625,0.3560924369747899,0.581784952787085,0.6099210822998872,0.6143931256713211,0.36545138888888884,0.2065299924069856,0.3028263795423957,0.7097206703910615,0.7580340264650283,0.20149652592196687,0.6129927817878957,1.0,0.29865771812080544,0.6499433106575964,0.698
0.017017017017017015,0.6909733376164471,0.0,0.479313824419778,0.610383064516129,0.14641457228498955,0.365450576863112,0.1129201680672269,0.699055741699665,0.7511273957158962,0.4301825993555316,0.3315972222222222,0.3849658314350798,0.0,0.7740782122905028,0.38563327032136097,0.20470336718332444,0.6579677956690728,1.0,0.13183125599232992,0.7947845804988662,0.643
0.018018018018018018,0.5708319948602634,0.642621599340478,0.6024217961654894,0.2691532258064516,0.7588194604565368,0.4449641409416901,0.773109243697479,0.23575997563204387,0.09611048478015771,0.6052631578947368,0.501736111111111,0.3409263477600608,0.626514131897712,0.44156424581005577,0.3137996219281663,0.5970069481560663,0.17046085508051084,0.0,0.6313518696069033,0.23072562358276638,0.521
0.01901901901901902,0.6713780918727915,0.3124484748557295,0.6059535822401614,0.5473790322580645,0.4274844362462532,0.33582787652011226,0.6475840336134454,0.35851355467560153,0.2559188275084554,0.4742212674543501,0.5269097222222222,0.23842065299924076,0.25302826379542404,0.6679329608938548,0.5274102079395084,0.2528059861036879,0.4197667962243199,0.0,0.33413231064237786,0.4155328798185941,0.52
0.02002002002002002,0.6945069065210407,0.5746084089035448,0.4873864783047427,0.32610887096774194,0.4498501268157713,0.33832241970689125,0.3119747899159664,0.6719463904964971,0.5952649379932355,0.5821697099892588,0.15625,0.29384965831435084,0.5168236877523553,0.6060335195530726,0.4376181474480151,0.6536611437733831,0.7629094947251528,0.0,0.6006711409395974,0.713718820861678,0.666
0.02102102102102102,0.5454545454545454,0.5375103050288539,0.5363269424823411,0.8719758064516128,0.6059488125432326,0.28905519176800754,0.5667016806722689,0.3530307645446239,0.2807215332581735,0.5085929108485499,0.5998263888888888,0.34396355353075175,0.4454912516823688,0.5562011173184358,0.5812854442344044,0.3682522715125601,0.19822320932815107,0.0,0.3499520613614574,0.39427437641723356,-0.052
0.022022022022022022,0.6758753613877287,0.7159934047815333,0.7088799192734612,0.37298387096774194,0.3645376988701868,0.31057062675397573,0.019957983193277323,0.812975936643314,0.8131341600901916,0.6928034371643393,0.32552083333333337,0.31814730447987855,0.6554508748317631,0.5445810055865922,0.48865784499054815,0.581507215392838,0.7990005552470851,0.0,0.4966442953020135,0.8886054421768708,1.175
0.023023023023023025,0.8095085126887247,0.5119538334707336,0.7245206861755802,0.6360887096774193,0.5340096841134425,0.2909260991580917,0.6917016806722689,0.3317088029241547,0.1809470124013528,0.5064446831364124,0.3975694444444444,0.21108580106302205,0.3499327052489906,0.7050279329608938,0.550094517958412,0.310529128808124,0.24708495280399784,0.0,0.3135186960690317,0.33956916099773243,0.578
0.024024024024024024,0.48602634115001614,0.4451772464962901,0.7169525731584259,0.5519153225806452,0.7959418953193452,0.6423448705955723,0.7977941176470588,0.35912275357904355,0.11499436302142046,0.3179377013963479,0.5295138888888888,0.5664388762338649,0.36473755047106327,0.4359776536312848,0.5226843100189035,0.5574559059326563,0.10494169905607997,0.0,0.5752636625119847,0.26247165532879824,0.492
0.025025025025025023,0.14102152264696433,0.45012366034624884,0.43794147325933397,0.453125,0.7410652524786719,0.685687558465856,0.5089285714285715,0.5893999390801097,0.22660653889515214,0.4001074113856068,0.6467013888888888,0.7350037965072135,0.2227456258411844,0.16335195530726257,0.18241965973534968,0.6189203634420095,0.20488617434758472,0.0,0.8715244487056568,0.5379818594104309,0.133
0.026026026026026026,0.5991005460970125,0.5160758450123659,0.701816347124117,0.20413306451612903,0.6098685727461379,0.3907078266292486,0.3797268907563025,0.46360036551934203,0.3204622322435174,0.38614393125671315,0.3125,0.4229309035687168,0.4502018842530283,0.49430167597765357,0.5803402646502834,0.5307322287546766,0.4353137146029984,0.0,0.5258868648130394,0.5277777777777778,0.983
0.02702702702702703,0.7108898168968839,0.40189612530915075,0.5418768920282543,0.28024193548387094,0.2342633156559834,0.3043342687870284,0.3618697478991597,0.5793481571733171,0.5701803833145433,0.6750805585392051,0.3819444444444444,0.18147304479878512,0.22812920592193814,0.6708379888268157,0.4621928166351606,0.23142704436130407,0.6812881732370906,0.0,0.3542665388302973,0.6907596371882087,0.917
0.028028028028028028,0.5782203662062319,0.5300906842539157,0.8597376387487385,0.4692540322580645,0.5568365229421259,0.469597754911132,0.5073529411764706,0.5659457812975937,0.3509019165727169,0.37969924812030065,0.3993055555555555,0.49886104783599095,0.45895020188425306,0.4417877094972067,0.4896030245746691,0.47194013896312126,0.4175458078845087,0.0,0.5220517737296262,0.5527210884353742,1.044
0.029029029029029027,0.6720205589463539,0.7526793075020608,0.49798183652875877,0.11340725806451613,0.5499192990546461,0.2597443093233552,0.5,0.44897959183673475,0.34723788049605403,0.6804511278195489,0.47482638888888884,0.2369020501138953,0.7671601615074024,0.6254748603351956,0.5765595463137996,0.41421699625868513,0.4508606329816769,0.0,0.34947267497603074,0.4671201814058957,0.272
0.03003003003003003,0.6572438162544169,0.4830997526793074,0.44954591321897075,0.502016129032258,0.4413188840212128,0.3283442469597755,0.5257352941176472,0.43100822418519646,0.40445321307779025,0.5123523093447905,0.2560763888888889,0.24069855732725898,0.46433378196500674,0.6006703910614525,0.6521739130434782,0.4099412079102084,0.6035535813436981,0.0,0.5373921380632791,0.5113378684807257,0.611
0.031031031031031032,0.6450369418567299,0.3891178895300905,0.6710393541876891,0.38004032258064513,0.5040350472676965,0.46149048955410044,0.3119747899159664,0.5759975632043862,0.5016910935738443,0.34479054779806656,0.2421875,0.3849658314350798,0.3209959623149395,0.5027932960893855,0.6965973534971643,0.46018172100481025,0.5652415324819545,0.0,0.5100671140939599,0.594671201814059,0.862
0.03203203203203203,0.6273690973337616,0.5065952184666116,0.5010090817356205,0.4576612903225806,0.4535393128890939,0.3573433115060805,0.49842436974789917,0.4986293024672555,0.36583990980834263,0.5644468313641245,0.5911458333333333,0.4069855732725893,0.41790040376850607,0.7202234636871508,0.5567107750472589,0.32175307322287544,0.38811771238201004,0.0,0.31016299137104514,0.5059523809523809,0.483
0.03303303303303303,0.6019916479280436,0.6129431162407253,0.5504540867810293,0.3971774193548387,0.5222504035047268,0.430308699719364,0.3235294117647059,0.5303076454462382,0.46476888387824117,0.45112781954887216,0.1892361111111111,0.3523158694001519,0.5874831763122477,0.5894972067039107,0.5604914933837428,0.4847675040085515,0.5280399777901167,0.0,0.4592521572387345,0.5736961451247166,0.865
0.03403403403403403,0.5840025698682941,0.4674361088211046,0.5928355196770938,0.39213709677419356,0.6774267927138575,0.44558777673838484,0.7930672268907564,0.1766676819981724,0.0653889515219841,0.4232008592910848,0.5729166666666666,0.3173880030372058,0.3432032301480485,0.604245810055866,0.6285444234404536,0.39978621058257613,0.16657412548584122,0.0,0.42186001917545546,0.1541950113378685,0.245
0.035035035035035036,0.4192097654995181,0.33017312448474845,0.46871846619576185,0.7379032258064515,0.6068711090615633,0.5213595260367946,0.30934873949579833,0.5653365823941516,0.3576662908680946,0.47851772287862504,0.6128472222222222,0.46089597570235386,0.19380888290713327,0.3796648044692737,0.13043478260869557,0.5440940673436665,0.31815657967795674,0.0,0.6409395973154364,0.6017573696145124,0.34
0.036036036036036036,0.5807902345004818,0.36809563066776574,0.4228052472250252,0.6643145161290323,0.6873414802859119,0.4396632366697849,0.6407563025210085,0.19311605239110563,0.16065388951521975,0.5139634801288936,0.720486111111111,0.18602885345482156,0.271870794078062,0.5863687150837988,0.611531190926276,0.46018172100481025,0.21043864519711275,0.0,0.3154362416107383,0.2372448979591837,-0.056
0.037037037037037035,0.7185994217796337,0.5408079142621598,0.6437941473259334,0.8220766129032258,0.5727461378833295,0.31244153414405995,0.582983193277311,0.3341455985379226,0.28438556933483644,0.35660580021482274,0.3845486111111111,0.31055429005315116,0.5242261103633917,0.590391061452514,0.7013232514177693,0.4008551576696953,0.3453636868406441,0.0,0.35858101629913713,0.37981859410430835,0.49
0.03803803803803804,0.6945069065210407,0.5403957131079966,0.7663975782038346,0.5942540322580645,0.5847359926216279,0.43654505768631124,0.585609243697479,0.39689308559244596,0.21730552423900784,0.42212674543501605,0.24739583333333331,0.43507972665148065,0.4064602960969045,0.6084916201117319,0.34310018903591677,0.3698556921432389,0.3076068850638535,0.0,0.42329817833173544,0.36989795918367346,0.914
0.03903903903903904,0.40764535817539355,0.47732893652102215,0.743188698284561,0.5161290322580645,0.6557528245330874,0.6913002806361086,0.5031512605042017,0.557112397197685,0.23308906426155568,0.48227712137486567,0.5824652777777778,0.5277145026575552,0.43606998654104984,0.36469273743016756,0.14177693761814741,0.6648850881881346,0.2687395891171572,0.0,0.7205177372962609,0.5433673469387755,1.018
0.04004004004004004,0.3536781239961452,0.3858202802967847,0.4202825428859738,0.35030241935483875,0.7092460225962648,0.5762394761459309,0.4558823529411765,0.4514163874505026,0.18545659526493796,0.21213748657357673,0.5069444444444444,0.4965831435079727,0.22880215343203236,0.3146368715083798,0.21833648393194705,0.603955104222341,0.22043309272626327,0.0,0.6534036433365293,0.4512471655328798,0.054
0.04104104104104104,0.5795053003533568,0.6244847485572959,0.6316851664984864,0.2993951612903226,0.6034124971178234,0.447458684128469,0.7809873949579833,0.3603411513859276,0.17841037204058618,0.5424274973147153,0.509548611111111,0.31055429005315116,0.8109017496635262,0.623463687150838,0.5387523629489602,0.44628540887226076,0.2754025541365908,0.0,0.32885906040268464,0.31405895691609975,0.417
0.04204204204204204,0.5441696113074204,0.5065952184666116,0.7911200807265388,0.2782258064516129,0.5840442702328799,0.4558777673838479,0.40756302521008403,0.49223271398111484,0.42643742953776764,0.5048335123523093,0.40451388888888884,0.45558086560364475,0.2637954239569314,0.42882681564245806,0.5113421550094517,0.5141635489043292,0.3142698500832871,0.0,0.649568552253116,0.5722789115646258,0.885
0.043043043043043044,0.9723739158368133,0.4192085737840065,0.6987891019172552,0.673891129032258,0.28406732764583814,0.13376987839101967,0.33245798319327735,0.5470606152908924,0.6282412626832017,0.4892588614393125,0.09114583333333331,0.06605922551252841,0.3640646029609691,0.7785474860335195,0.5056710775047258,0.3254943880277926,0.6685174902831761,0.0,0.3465963566634708,0.6961451247165533,1.154
0.044044044044044044,0.5528429168005139,0.4476504534212694,0.5716448032290615,0.13659274193548387,0.6564445469218354,0.49641409416900534,0.6339285714285715,0.4331404203472434,0.19785794813979696,0.40118152524167555,0.34635416666666663,0.5208807896735004,0.42597577388963664,0.5159776536312849,0.3913043478260869,0.44735435595938,0.21710161021654645,0.0,0.5047938638542666,0.40958049886621317,0.314
0.04504504504504504,0.6109861869579183,0.5461665292662818,0.7270433905146316,0.3704637096774194,0.6652063638459765,0.48830682881197385,0.3566176470588236,0.5178190679256778,0.39458850056369776,0.23899033297529532,0.28559027777777773,0.4365983295368262,0.4165545087483177,0.37988826815642457,0.6389413988657844,0.6563335114911811,0.5013881177123821,0.0,0.6975071907957815,0.5634920634920635,1.228
0.04604604604604605,0.46643109540636035,0.8248145094806264,0.29313824419778,0.658266129032258,0.68457459073092,0.4299968818210166,0.6696428571428571,0.3917148949131891,0.10766629086809465,0.7481203007518796,0.6770833333333333,0.38268792710706157,0.7604306864064603,0.5776536312849162,0.0,0.476215927311598,0.21488062187673523,0.0,0.3801534036433366,0.31746031746031744,-0.12
0.04704704704704705,0.5660134918085448,0.5070074196207748,0.5539858728557013,0.7318548387096773,0.5981092921374223,0.4683504833177425,0.4695378151260504,0.47212915016752965,0.3410372040586245,0.4516648764769065,0.4036458333333333,0.4191343963553531,0.5168236877523553,0.4437988826815642,0.39508506616257083,0.6135756280064136,0.4219877845641311,0.0,0.7075743048897412,0.5068027210884354,0.467
0.04804804804804805,0.6733054930934789,0.4002473206924978,0.7098890010090817,0.42288306451612906,0.5706709707170856,0.5101340816962894,0.42699579831932777,0.5887907401766677,0.46392333709131894,0.388829215896885,0.3159722222222222,0.32953682611996965,0.34589502018842533,0.5204469273743016,0.6587901701323251,0.5478353821485836,0.44197667962243203,0.0,0.5743048897411314,0.6020408163265306,1.165
0.04904904904904905,0.6604561516222293,0.4418796372629842,0.5993945509586276,0.6507056451612903,0.568365229421259,0.3832241970689118,0.4285714285714286,0.43862321047822117,0.3094701240135287,0.39205155746509124,0.4565972222222222,0.25740318906605925,0.24427994616419924,0.5479329608938547,0.54820415879017,0.43185462319615175,0.44586340921710166,0.0,0.515340364333653,0.473639455782313,0.591
0.050050050050050046,0.5913909412142627,0.38870568837592734,0.8662966700302726,0.545866935483871,0.5566059488125432,0.4618023074524478,0.4138655462184875,0.41516905269570514,0.3024239007891769,0.4457572502685284,0.4366319444444444,0.4533029612756265,0.24831763122476452,0.518659217877095,0.38752362948960295,0.35435595938001063,0.20599666851749032,0.0,0.4702780441035475,0.5119047619047619,1.062
0.05105105105105105,0.5085126887247028,0.32192910140148384,0.5867810292633704,0.576108870967742,0.591422642379525,0.4206423448705956,0.4191176470588236,0.47639354249162347,0.30975197294250273,0.4044038668098818,0.6432291666666666,0.530751708428246,0.23620457604306871,0.4154189944134078,0.30812854442344034,0.5462319615179048,0.34925041643531374,0.0,0.5215723873441995,0.5592403628117915,0.292
0.05205205205205205,0.9094121426276903,0.6553998351195381,0.6962663975782037,0.25,0.2995157943278764,0.15715622076707209,0.3277310924369748,0.5997563204386231,0.6586809470124012,0.6707841031149301,0.09635416666666663,0.1678056188306758,0.6345895020188426,0.7845810055865922,0.48393194706994325,0.293425975414217,0.7423653525818991,0.0,0.32023010546500486,0.6505102040816326,1.055
0.05305305305305305,0.6488917442981047,0.5667765869744434,0.4394550958627649,0.7409274193548387,0.2995157943278764,0.29778609292173375,0.20588235294117646,0.6238196771245812,0.7232243517474632,0.7019334049409237,0.40451388888888884,0.33864844343204253,0.3694481830417228,0.663240223463687,0.5151228733459357,0.3725280598610369,0.739589117157135,0.0,0.2579098753595399,0.7474489795918368,0.631
0.05405405405405406,0.3976871185351751,0.5325638911788951,0.38647830474268413,0.3316532258064516,0.5293982015217893,0.5425631431244154,0.29726890756302526,0.6603716113310996,0.5515783540022547,0.46992481203007513,0.484375,0.41381928625664394,0.43808882907133245,0.3503910614525139,0.7325141776937617,0.6087653661143773,0.6585230427540256,0.0,0.6917545541706617,0.6609977324263039,0.486
0.055055055055055056,0.5139736588499839,0.27081615828524314,0.6584258324924319,0.4102822580645161,0.420797786488356,0.5993140006236358,0.20798319327731096,0.69753274444106,0.580890642615558,0.4409237379162191,0.29340277777777773,0.5269552012148824,0.19851951547779279,0.49944134078212293,0.5671077504725897,0.46499198289684657,0.5630205441421433,0.0,0.5992329817833174,0.6760204081632654,0.888
0.056056056056056056,0.7789913266945069,0.5325638911788951,0.5378405650857719,0.5720766129032258,0.3730689416647452,0.2687870283754288,0.3650210084033614,0.4971063052086506,0.46195039458850046,0.5606874328678839,0.3177083333333333,0.19438116932422173,0.4717362045760431,0.7535195530726257,0.5094517958412097,0.2731159807589524,0.47084952803997787,0.0,0.20373921380632798,0.6006235827664399,0.594
0.057057057057057055,0.7099261162865403,0.5210222588623247,0.5151362260343088,0.49243951612903225,0.6343094304818999,0.4122232616152167,0.6502100840336135,0.28084069448675,0.2849492671927846,0.28195488721804507,0.2960069444444444,0.3576309794988611,0.4286675639300135,0.6299441340782123,0.715500945179584,0.5916622127204703,0.3481399222654082,0.0,0.4343240651965485,0.31292517006802717,0.529
0.058058058058058054,0.7690330870542884,0.38788128606760086,0.624117053481332,0.532258064516129,0.41780032280378143,0.19114437168693488,0.5089285714285715,0.32104782211392024,0.3055242390078917,0.5741138560687432,0.49479166666666663,0.16324981017463935,0.10228802153432037,0.7280446927374301,0.5179584120982986,0.14110101549973275,0.30205441421432544,0.0,0.2617449664429531,0.43339002267573695,0.444
0.05905905905905906,0.5971731448763251,0.4208573784006594,0.5267406659939455,0.48235887096774194,0.3977403735300899,0.3448705955721859,0.3382352941176471,0.5306122448979592,0.5132468996617812,0.6326530612244897,0.4270833333333333,0.21640091116173127,0.2375504710632571,0.6328491620111732,0.6568998109640831,0.39764831640833775,0.5024986118822877,0.0,0.46788111217641426,0.6116780045351474,0.58
0.06006006006006006,0.5637648570510762,0.5181368507831821,0.5953582240161452,0.4173387096774194,0.5660594881254324,0.45712503897723733,0.3335084033613446,0.5272616509290283,0.35174746335963913,0.43394199785177223,0.3689236111111111,0.42369020501138954,0.28532974427994623,0.47530726256983236,0.5349716446124763,0.4810261892036344,0.3398112159911161,0.0,0.5469798657718121,0.5606575963718821,0.538
0.06106106106106106,0.6623835528429167,0.6059356966199504,0.677598385469223,0.4682459677419355,0.49804011989854735,0.3043342687870284,0.4558823529411765,0.5019798964361863,0.3492108229988725,0.67937701396348,0.49045138888888884,0.2513287775246773,0.5672947510094213,0.5054748603351955,0.5198487712665406,0.5232495991448423,0.37201554691837874,0.0,0.4803451581975072,0.5717120181405896,0.7
0.062062062062062065,0.7006103437198842,0.651690024732069,0.4909182643794147,0.358366935483871,0.21028360617938663,0.22294979731836612,0.10241596638655462,0.7980505635089856,0.7336527621195038,0.8297529538131041,0.3671875,0.14958238420653003,0.528263795423957,0.7568715083798883,0.4801512287334593,0.34633885622661675,0.7090505274847307,0.0,0.2133269415148611,0.8384353741496599,0.591
0.06306306306306306,0.7764214584002569,0.5795548227535036,0.582744702320888,0.5766129032258065,0.29282914456997927,0.23261615216713444,0.09768907563025211,0.7648492232713981,0.8210259301014655,0.5241675617615467,0.09895833333333331,0.2854973424449507,0.44885598923283987,0.6218994413407821,0.5378071833648392,0.5264564404061999,0.8573014991671295,0.0,0.4467881112176415,0.8472222222222222,0.969
0.06406406406406406,0.574365563764857,0.658697444352844,0.44954591321897075,0.6118951612903225,0.5243255706709707,0.3819769254755223,0.37762605042016806,0.6192506853487664,0.4205186020293122,0.6535982814178303,0.4131944444444444,0.4001518602885346,0.7059219380888291,0.5132960893854749,0.715500945179584,0.561731694281133,0.5086063298167686,0.0,0.5201342281879195,0.6286848072562359,0.408
0.06506506506506507,0.6488917442981047,0.3318219291014014,0.5262361251261352,0.28881048387096775,0.47175466912612407,0.4162768942937325,0.4763655462184875,0.37039293329272005,0.3111612175873731,0.5542427497314715,0.45486111111111105,0.3750949126803341,0.10969044414535672,0.6560893854748603,0.6304347826086956,0.29235702832709776,0.28095502498611885,0.0,0.4362416107382551,0.43905895691609975,0.144
0.06606606606606606,0.5852875040154191,0.4777411376751854,0.693239152371342,0.3578629032258065,0.8148489739451235,0.47146866230121615,0.8403361344537816,0.1918976545842217,0.15445321307779025,0.26315789473684204,0.49652777777777773,0.387243735763098,0.3916554508748318,0.5139664804469274,0.4168241965973534,0.4521646178514163,0.06496390893947812,0.0,0.4611697027804411,0.17148526077097503,0.276
0.06706706706706707,0.7812399614519756,0.5663643858202801,0.734611503531786,0.3578629032258065,0.4360156790408116,0.26660430308699723,0.4453781512605043,0.4626865671641791,0.3255355129650506,0.6025778732545649,0.2534722222222222,0.2369020501138953,0.3378196500672948,0.702122905027933,0.5160680529300566,0.2918225547835382,0.2926152137701278,0.0,0.30728667305848517,0.4861111111111111,0.76
0.06806806806806806,0.7902345004818503,0.3697444352844187,0.557013118062563,0.421875,0.3400968411344247,0.17680074836295606,0.585609243697479,0.3304904051172708,0.3354002254791431,0.627282491944146,0.4210069444444444,0.15793470007593013,0.3176312247644684,0.8556424581005586,0.41115311909262753,0.13361838588989844,0.37312604108828434,0.0,0.12464046021093,0.4348072562358277,0.405
0.06906906906906907,0.7744940571795695,0.5877988458367682,0.8118062563067607,0.6945564516129032,0.3765275536084851,0.30215154349859685,0.3571428571428572,0.5964057264696924,0.5930101465614429,0.6664876476906552,0.03385416666666674,0.34396355353075175,0.28129205921938094,0.6,0.6370510396975424,0.5291288081239978,0.6357579122709607,0.0,0.5378715244487058,0.6808390022675737,1.235
0.07007007007007007,0.5737230966912945,0.5877988458367682,0.6760847628657921,0.4546370967741935,0.6377680424256399,0.5466167758029311,0.4065126050420168,0.579957356076759,0.3184892897406989,0.4360902255639097,0.3671875,0.48595292331055434,0.4401076716016151,0.4540782122905027,0.3629489603024574,0.6253340459647247,0.377012770682954,0.0,0.6184084372003836,0.5453514739229025,0.71
0.07107107107107107,0.7144233858014776,0.48103874690849124,0.30171543895055497,0.31502016129032256,0.3237260779340558,0.16869348300592457,0.3398109243697479,0.5711239719768504,0.5132468996617812,0.7491944146079483,0.5581597222222222,0.09339407744874717,0.4232839838492598,0.7253631284916201,0.4782608695652173,0.44628540887226076,0.5063853414769574,0.0,0.2627037392138064,0.6717687074829932,0.062
0.07207207207207207,0.7157083199486025,0.42497938994229173,0.8642785065590313,0.4601814516129032,0.5390823149642611,0.3392578734019333,0.5840336134453782,0.37465732561681386,0.13810597519729417,0.46777658431793767,0.4305555555555555,0.30751708428246016,0.36675639300134594,0.667486033519553,0.4688090737240075,0.361838588989845,0.2581898945030539,0.0,0.4079578139980825,0.3673469387755102,0.987
0.07307307307307308,0.803405075489881,0.6504534212695794,0.715438950554995,0.16532258064516128,0.4154945815079548,0.3286560648581229,0.5330882352941176,0.5300030459945173,0.34977452085682065,0.583780880773362,0.06944444444444453,0.3135914958238421,0.4616419919246299,0.7664804469273743,0.6427221172022684,0.2870122928915019,0.38978345363686845,0.0,0.1586768935762225,0.45833333333333337,0.865
0.07407407407407407,0.8130420815933183,0.8128606760098926,0.5973763874873865,0.18901209677419356,0.3142725386211667,0.1016526348612411,0.2027310924369748,0.6810843740481267,0.7297068771138668,0.7491944146079483,0.1605902777777778,0.0607441154138193,0.6958277254374159,0.7327374301675978,0.5264650283553874,0.39978621058257613,0.6668517490283177,0.0,0.26845637583892623,0.7956349206349207,0.942
0.07507507507507508,0.7086411821394153,0.793899422918384,0.5343087790110999,0.4536290322580645,0.4018907078625778,0.15403804178359842,0.2247899159663866,0.5994517209869022,0.6344419391206312,0.7669172932330827,0.4583333333333333,0.14502657555049359,0.5915208613728129,0.6252513966480446,0.6172022684310018,0.3527525387493319,0.6252082176568574,0.0,0.25503355704697994,0.6748866213151927,0.545
0.07607607607607608,0.7214905236106649,0.3532563891178894,0.6720484359233098,0.24243951612903225,0.41226654369379756,0.30308699719363896,0.1292016806722689,0.6414864453243985,0.5634160090191657,0.5461868958109559,0.4409722222222222,0.16552771450265757,0.35800807537012114,0.5358659217877095,0.35349716446124757,0.44307856761090325,0.5902276513048307,0.0,0.4180249280920422,0.7630385487528345,0.846
0.07707707707707707,0.5708319948602634,0.6187139323990106,0.4112008072653885,0.436491935483871,0.42817615863500114,0.3277206111630808,0.15073529411764708,0.6128540968626256,0.637542277339346,0.7196562835660579,0.5034722222222222,0.22854973424449515,0.5363391655450875,0.5132960893854749,0.6928166351606805,0.544628540887226,0.7268184342032206,0.0,0.4755512943432407,0.7179705215419501,0.725
0.07807807807807808,0.5971731448763251,0.6619950535861499,0.7199798183652875,0.5231854838709677,0.5905003458611944,0.42282507015902715,0.3088235294117647,0.5565031982942431,0.37880496054114987,0.5418904403866809,0.5069444444444444,0.3720577069096432,0.724764468371467,0.547486033519553,0.603024574669187,0.6125066809192945,0.4014436424208774,0.0,0.4870565675934804,0.5694444444444444,0.954
0.07907907907907907,0.6321876003854803,0.3907666941467435,0.7563067608476286,0.42993951612903225,0.4973483975097994,0.3264733395696913,0.5052521008403361,0.418215047212915,0.2646561443066516,0.46133190118152523,0.4427083333333333,0.3340926347760061,0.2792732166890983,0.6348603351955308,0.21739130434782605,0.3580972741849278,0.21654636313159364,0.0,0.4055608820709492,0.494047619047619,0.753
0.08008008008008008,0.48185030517185995,0.3309975267930749,0.7542885973763875,0.4400201612903226,0.5300899239105372,0.6953539133146244,0.46113445378151263,0.5363996344806579,0.3455467869222096,0.4838882921589688,0.43576388888888884,0.6104783599088839,0.4010767160161508,0.4679329608938547,0.39981096408317573,0.4799572421165152,0.42698500832870634,0.0,0.5958772770853309,0.47987528344671204,0.925
0.08108108108108109,0.5618374558303887,0.41962077493816974,0.46619576185671036,0.49495967741935487,0.5270924602259627,0.40661053944496417,0.46165966386554624,0.4809625342674383,0.26860202931228855,0.505907626208378,0.4878472222222222,0.35990888382687936,0.38290713324360703,0.5468156424581005,0.5926275992438562,0.40619989310529125,0.2709605774569684,0.0,0.4745925215723874,0.5107709750566893,0.441
0.08208208208208208,0.6691294571153228,0.6067600989282769,0.4409687184661958,0.4944556451612903,0.5305510721697025,0.28905519176800754,0.5320378151260504,0.38135851355467554,0.2621195039458849,0.7008592910848549,0.4722222222222222,0.35611237661351564,0.5646029609690444,0.6379888268156424,0.38563327032136097,0.4163548904329235,0.34591893392559697,0.0,0.4012464046021094,0.389172335600907,0.25
0.08308308308308308,0.7044651461612591,0.48763396537510295,0.574167507568113,0.5745967741935484,0.4639151487203136,0.3267851574680387,0.5273109243697479,0.4127322570819373,0.3740135287485907,0.3630504833512352,0.2986111111111111,0.2604403948367502,0.25370121130551826,0.6004469273743017,0.5680529300567106,0.307856761090326,0.4747362576346475,0.0,0.29913710450623215,0.46513605442176875,0.693
0.08408408408408408,0.6190170253774493,0.3149216817807089,0.6104944500504541,0.2278225806451613,0.34862808392898315,0.3732460243217961,0.14653361344537819,0.674383186110265,0.6640360766629085,0.5590762620837808,0.3706597222222222,0.2498101746393318,0.15612382234185734,0.5622346368715083,0.5718336483931946,0.38001068947087113,0.6551915602443088,0.0,0.3648130393096837,0.748015873015873,0.849
0.08508508508508508,0.650819145518792,0.6920857378400658,0.7996972754793137,0.4808467741935484,0.6177080931519484,0.3180542563143125,0.4495798319327732,0.43070362473347545,0.20349492671927838,0.593984962406015,0.48090277777777773,0.3044798785117692,0.648721399730821,0.5655865921787709,0.39792060491493375,0.5478353821485836,0.30038867295946703,0.0,0.44199424736337495,0.49574829931972786,0.819
0.08608608608608609,0.9193703822679087,0.6277823577906017,0.5782038345105953,0.5151209677419355,0.35646760433479363,0.11849080137199874,0.5115546218487395,0.372525129454767,0.3286358511837654,0.68796992481203,0.4192708333333333,0.06529992406985574,0.5814266487213997,0.8370949720670391,0.5274102079395084,0.17637626937466594,0.5258189894503055,0.0,0.12416107382550345,0.46173469387755106,0.67
0.08708708708708708,0.7153870864118214,0.5053586150041218,0.7144298688193744,0.6869959677419355,0.607101683191146,0.32366697848456505,0.47951680672268915,0.44897959183673475,0.2669109357384441,0.42051557465091294,0.4470486111111111,0.2854973424449507,0.5208613728129207,0.5307262569832402,0.5888468809073724,0.5061464457509353,0.2776235424764021,0.0,0.49280920421860025,0.4943310657596372,0.587
0.08808808808808809,0.4118213941535496,0.827699917559769,0.3985872855701312,0.21118951612903225,0.7585888863269542,0.3610851262862489,0.5456932773109243,0.35150776728601885,0.20236753100338206,0.6337271750805585,0.532986111111111,0.41381928625664394,0.7900403768506057,0.33653631284916197,0.39603024574669177,0.7258150721539283,0.29094947251526937,0.0,0.8005752636625121,0.4404761904761905,0.019
0.0890890890890891,0.7253453260520398,0.624896949711459,0.4959636730575176,0.38356854838709675,0.3995849665667512,0.17149984409105085,0.31880252100840334,0.5924459335973196,0.5997745208568206,0.5853920515574651,0.4505208333333333,0.09415337889141995,0.6877523553162853,0.5810055865921787,0.607750472589792,0.47568145376803844,0.6457523598001111,0.0,0.3993288590604028,0.7006802721088435,0.613
0.09009009009009009,0.5505942820430452,0.4546578730420444,0.8890010090817355,0.2923387096774194,0.7904081162093614,0.5531649516682258,0.7662815126050421,0.21961620469083154,0.13697857948139786,0.27658431793770133,0.4895833333333333,0.5178435839028095,0.33243606998654107,0.35575418994413405,0.7485822306238185,0.4703367183324425,0.09550249861188231,0.0,0.5882070949185044,0.22817460317460314,1.205
0.09109109109109109,0.47767426919370387,0.44888705688375913,0.5963673057517659,0.15725806451612903,0.7140880793175006,0.41565325849703777,0.6239495798319328,0.25434054218702407,0.20462232243517464,0.3039742212674543,0.48090277777777773,0.3447228549734245,0.24293405114401084,0.4549720670391061,0.35349716446124757,0.4879743452699091,0.2576346474181011,0.0,0.5536912751677854,0.31632653061224486,0.375
0.0920920920920921,0.7709604882749759,0.6553998351195381,0.6160443995963674,0.3034274193548387,0.5287064791330413,0.2853133769878391,0.4164915966386554,0.4660371611331099,0.3043968432919954,0.6686358754027927,0.2673611111111111,0.2870159453302962,0.7032301480484522,0.7112849162011173,0.5897920604914932,0.43933725280598607,0.4397556912826208,0.0,0.26845637583892623,0.46116780045351474,0.708
0.09309309309309309,0.7545775778991326,0.7254740313272876,0.5408678102926336,0.3382056451612903,0.5651371916071017,0.2915497349547864,0.5625,0.4020712762717027,0.24069898534385564,0.46562835660580015,0.4583333333333333,0.2498101746393318,0.7160161507402423,0.721340782122905,0.5103969754253307,0.5125601282736504,0.3836757357023876,0.0,0.33077660594439123,0.41269841269841273,0.622
0.0940940940940941,0.653389013813042,0.37675185490519364,0.46518668012108977,0.5352822580645161,0.49988471293520864,0.3077642656688494,0.4779411764705882,0.3978068839476089,0.379368658399098,0.39903329752953803,0.517361111111111,0.2498101746393318,0.1823687752355317,0.6160893854748604,0.608695652173913,0.4350614644575093,0.4508606329816769,0.0,0.3720038350910835,0.49348072562358275,0.429
0.09509509509509509,0.614519755862512,0.5943940643033799,0.8370332996972754,0.7736895161290323,0.7175466912612405,0.43654505768631124,0.44905462184873945,0.4587267742918062,0.3018602029312287,0.2792696025778732,0.41232638888888884,0.5178435839028095,0.36810228802153433,0.39932960893854746,0.23724007561436672,0.6873329770176375,0.3620210993892283,0.0,0.703739213806328,0.5002834467120181,1.07
0.0960960960960961,0.5894635399935754,0.5201978565539982,0.3632694248234107,0.3382056451612903,0.5310122204288679,0.25038977237293425,0.6496848739495799,0.2826682911970758,0.1578354002254791,0.5187969924812029,0.71875,0.275626423690205,0.4919246298788695,0.6046927374301676,0.3383742911153118,0.3244254409406734,0.2265408106607441,0.0,0.35378715244487063,0.36536281179138325,-0.141
0.0970970970970971,0.6068101509797622,0.5873866446826049,0.4409687184661958,0.11693548387096775,0.37260779340557987,0.3302151543498597,0.18172268907563027,0.7557112397197685,0.6865839909808342,0.7610096670247046,0.3472222222222222,0.41457858769931666,0.4865410497981158,0.6614525139664804,0.5897920604914932,0.5136290753607696,0.6724042198778457,0.0,0.37104506232023016,0.7888321995464853,0.415
0.0980980980980981,0.5846450369418567,0.46784830997526783,0.7265388496468212,0.4501008064516129,0.6942587041733917,0.5054568132210789,0.6580882352941178,0.24733475479744138,0.12965050732807204,0.3372717508055853,0.509548611111111,0.37889141989369785,0.36810228802153433,0.5503910614525139,0.3903591682419659,0.501336183858899,0.10105496946141035,0.0,0.4539789069990413,0.30130385487528344,0.612
0.0990990990990991,0.7600385480244136,0.6512778235779059,0.7901109989909183,0.421875,0.5513027438321421,0.46741502962270043,0.6234243697478992,0.4166920499543101,0.3004509582863584,0.510204081632653,0.15711805555555558,0.34548215641609725,0.5619111709286676,0.6227932960893855,0.7693761814744801,0.4543025120256547,0.4486396446418657,0.0,0.414189837008629,0.3806689342403628,1.278
0.10010010010010009,0.6582075168647606,0.6521022258862323,0.5671039354187688,0.546875,0.3707632003689186,0.28063610851262866,0.5341386554621849,0.5284800487359123,0.3624577226606538,0.8404940923737916,0.4027777777777778,0.4662110858010631,0.4596231493943473,0.7763128491620112,0.4896030245746691,0.22127204703367181,0.37812326485285963,0.0,0.2674976030680729,0.5286281179138322,0.292
0.1011011011011011,0.6360424028268551,0.43652102225886225,0.8042381432896064,0.3810483870967742,0.6041042195065713,0.5877767383847834,0.4516806722689076,0.4623819677124581,0.35259301014656136,0.18098818474758316,0.2595486111111111,0.48671222475322706,0.414535666218035,0.4724022346368715,0.551039697542533,0.4553714591127739,0.39144919489172686,0.0,0.6193672099712368,0.4787414965986395,0.99
0.1021021021021021,0.5929971088981688,0.5387469084913437,0.7199798183652875,0.6088709677419355,0.8173852893705327,0.4362332397879639,0.5215336134453782,0.2854096862625648,0.1062570462232243,0.31364124597207294,0.43576388888888884,0.38116932422171607,0.40982503364737555,0.3982122905027933,0.39886578449905474,0.638161411010155,0.2548584119933371,0.0,0.6294343240651966,0.3279478458049887,0.636
0.1031031031031031,0.6697719241888853,0.4051937345424566,0.6498486377396568,0.9652217741935483,0.36223195757436016,0.39725600249454324,0.20010504201680673,0.6689003959792872,0.6065388951521983,0.5531686358754028,0.4878472222222222,0.3750949126803341,0.199192462987887,0.5273743016759777,0.5415879017013232,0.3516835916622127,0.660188784008884,0.0,0.41898370086289555,0.7267573696145124,1.086
0.1041041041041041,0.8724702858978476,0.39159109645506995,0.7714429868819375,0.3704637096774194,0.4187226193221121,0.3844714686623013,0.5688025210084033,0.4102954614681694,0.30496054114994353,0.5010741138560687,0.24739583333333331,0.30523917995444194,0.5074024226110364,0.8084916201117318,0.6512287334593572,0.23570283270978082,0.38034425319267084,0.0,0.1864813039309684,0.43140589569161003,0.777
0.10510510510510511,0.44940571795695466,0.5671887881286066,0.6907164480322905,0.3185483870967742,0.714549227576666,0.6442157779856564,0.2872899159663866,0.5893999390801097,0.34329199549041706,0.5494092373791621,0.3993055555555555,0.642369020501139,0.42664872139973087,0.380558659217877,0.38279773156899805,0.6648850881881346,0.31760133259300394,0.0,0.7171620325982743,0.5413832199546486,0.642
0.1061061061061061,0.7218117571474462,0.015663643858202736,0.5882946518668012,0.6048387096774194,0.32095918837906384,0.48425319613345813,0.4159663865546219,0.5135546756015839,0.4613866967305523,0.4876476906552094,0.43229166666666663,0.17008352315869402,0.10094212651413192,0.5783240223463687,0.4366729678638941,0.2640299305184393,0.5330372015546919,0.0,0.3835091083413232,0.5807823129251701,0.628
0.10710710710710711,0.4831352393189849,0.5478153338829348,0.29011099899091825,0.42389112903225806,0.4120359695642149,0.31057062675397573,0.1202731092436975,0.6731647883033811,0.605411499436302,0.6906552094522019,0.712673611111111,0.32042520880789677,0.4845222072678331,0.5414525139664804,0.3213610586011341,0.43132014965259213,0.5369239311493615,0.0,0.41754554170661556,0.7389455782312925,-0.061
0.10810810810810811,0.4265981368454867,0.7052761747732892,0.68970736629667,0.5388104838709677,0.7362231957574361,0.6716557530402246,0.3755252100840336,0.6628084069448675,0.34047350620067635,0.5746509129967776,0.3871527777777778,0.5823842065299925,0.6204576043068641,0.3479329608938547,0.25897920604914926,0.7589524318546231,0.359800111049417,0.0,0.7607861936720998,0.5960884353741497,1.048
0.1091091091091091,0.7047863796980405,0.4097279472382521,0.36730575176589303,0.5115927419354838,0.3041272769195296,0.24851886498285003,0.4201680672268908,0.48614072494669514,0.45659526493799313,0.7201933404940923,0.6380208333333333,0.23766135155656803,0.25370121130551826,0.7789944134078213,0.5226843100189035,0.1453768038482095,0.3670183231538035,0.0,0.1490891658676894,0.5445011337868481,0.011
0.11011011011011011,0.732412463861227,0.44888705688375913,0.594853683148335,0.3629032258064516,0.4931980631773115,0.26629248518864984,0.6008403361344538,0.3268352116966189,0.2559188275084554,0.5520945220193341,0.3272569444444444,0.2900531511009871,0.36541049798115754,0.6498324022346369,0.6862003780718335,0.32816675574559057,0.297612437534703,0.0,0.3465963566634708,0.44019274376417233,0.466
0.1111111111111111,0.8477353035656922,0.4117889530090683,0.6397578203834511,0.5090725806451613,0.4885865805856583,0.140006236357967,0.423844537815126,0.2829728906487968,0.3213077790304396,0.35982814178302897,0.21961805555555558,0.20045558086560367,0.23283983849259765,0.7097206703910615,0.6824196597353496,0.24853019775521107,0.46363131593559137,0.0,0.26845637583892623,0.37896825396825395,0.834
0.11211211211211211,0.46739479601670414,0.6417971970321515,0.7795156407669019,0.35282258064516125,0.40050726308508183,0.47209229809791087,0.3839285714285714,0.6676819981724034,0.5546786922209694,0.7706766917293233,0.5086805555555556,0.5284738041002278,0.5659488559892328,0.46815642458100554,0.6446124763705103,0.42276857295563863,0.5896724042198779,0.0,0.5115052732502398,0.6646825396825398,1.38
0.11311311311311312,0.6823000321233536,0.4142621599340477,0.5958627648839556,0.6068548387096775,0.47798017062485587,0.33239787963829126,0.37237394957983194,0.4736521474261346,0.427846674182638,0.5171858216970998,0.2604166666666667,0.26879271070615035,0.24966352624495297,0.5557541899441341,0.5775047258979206,0.40619989310529125,0.4775124930594115,0.0,0.5143815915627997,0.5561224489795918,0.877
0.11411411411411411,0.6794089302923224,0.7176422093981861,0.6427850655903128,0.560483870967742,0.8146183998155407,0.3950732772061117,0.798844537815126,0.22327139811148344,0.11922209695603148,0.430719656283566,0.2152777777777778,0.30675778283978744,0.6312247644683715,0.43932960893854744,0.47637051039697537,0.6659540352752538,0.28317601332593006,0.0,0.601150527325024,0.2046485260770975,0.558
0.11511511511511512,0.783167362672663,0.6459192085737838,0.7704339051463169,0.2757056451612903,0.6908000922296519,0.40286872466479584,0.7095588235294118,0.20804142552543414,0.2063134160090191,0.5177228786251342,0.34548611111111105,0.08807896735003795,0.5417227456258412,0.6379888268156424,0.7353497164461247,0.5729556386958845,0.3681288173237091,0.0,0.4132310642377757,0.26558956916099774,0.903
0.11611611611611611,0.6196594924510118,0.5131904369332233,0.21594349142280525,1.0,0.6271616324648375,0.391955098222638,0.6071428571428571,0.3908010965580262,0.24351747463359635,0.42642320085929103,0.6362847222222222,0.20349278663629466,0.3472409152086138,0.6487150837988827,0.43194706994328913,0.5440940673436665,0.436424208772904,0.0,0.36289549376797703,0.39200680272108845,-0.038
0.11711711711711711,0.47960167041439133,0.6553998351195381,0.7426841574167506,0.4415322580645161,0.5868111597878718,0.6064858122856253,0.5147058823529412,0.44532439841608285,0.270574971815107,0.7400644468313641,0.47916666666666663,0.45558086560364475,0.604306864064603,0.5287150837988827,0.5170132325141776,0.3981827899518974,0.42531926707384793,0.0,0.5306807286673059,0.4098639455782313,0.837
0.11811811811811812,0.7786700931577256,0.5791426215993404,0.5968718466195762,0.59375,0.3477057874106525,0.2747115684440287,0.33665966386554624,0.6119402985074627,0.5419954904171363,0.5606874328678839,0.4192708333333333,0.1533788914198937,0.477792732166891,0.6922905027932961,0.42060491493383734,0.36237306253340457,0.6507495835646864,0.0,0.3633748801534037,0.6737528344671202,0.896
0.11911911911911911,0.6675232894314166,0.4216817807089859,0.6498486377396568,0.5367943548387097,0.5114134194143417,0.500467726847521,0.34821428571428575,0.6241242765763022,0.4650507328072152,0.42803437164339414,0.2517361111111111,0.4358390280941534,0.47308209959623154,0.6129608938547486,0.6247637051039696,0.5323356493853554,0.46696279844530825,0.0,0.37104506232023016,0.6298185941043084,0.953
0.12012012012012012,0.626726630260199,0.5276174773289364,0.7830474268415741,0.5065524193548387,0.8528937053262624,0.49922045525413167,0.9317226890756303,0.01279317697228144,0.08145434047350608,0.21267454350161108,0.40625,0.3014426727410783,0.4764468371467026,0.5110614525139665,0.547258979206049,0.4665954035275254,0.12270960577456969,0.0,0.5920421860019176,0.003684807256235878,0.705
0.12112112112112113,0.409572759396081,0.7423742786479801,0.601917255297679,0.04939516129032258,0.7143186534470832,0.5743685687558466,0.6244747899159664,0.45750837648492226,0.1524802705749717,0.5816326530612245,0.4027777777777778,0.6112376613515567,0.5908479138627187,0.2862569832402234,0.33270321361058597,0.6761090326028861,0.20932815102720714,0.0,0.7138063279002878,0.4143990929705216,0.475
0.12212212212212212,0.5942820430452939,0.3318219291014014,0.4772956609485368,0.4904233870967742,0.2833756052570901,0.37449329591518554,0.4296218487394958,0.5750837648492233,0.5188838782412626,0.637486573576799,0.5321180555555556,0.3834472285497343,0.17698519515477795,0.5856983240223463,0.4281663516068052,0.26884019241047563,0.5452526374236536,0.0,0.3930968360498563,0.628968253968254,0.579
0.12312312312312312,0.6986829424991968,0.37840065952184654,0.6533804238143289,0.5856854838709677,0.6970255937283837,0.4639850327408794,0.5766806722689076,0.3113006396588487,0.1719278466741826,0.2438238453276047,0.4253472222222222,0.3948367501898254,0.3943472409152087,0.5995530726256983,0.5151228733459357,0.39711384286477813,0.21099389228206555,0.0,0.39117929050814965,0.29960317460317465,0.444
0.12412412412412413,0.5939608095085126,0.3544929925803791,0.6730575176589304,0.3341733870967742,0.6592114364768273,0.5141877143748051,0.6670168067226891,0.3268352116966189,0.23308906426155568,0.3066595059076262,0.4288194444444444,0.4244495064540623,0.26043068640646033,0.5244692737430168,0.603969754253308,0.4179583110636023,0.2343142698500833,0.0,0.4817833173537872,0.29648526077097515,0.409
0.12512512512512514,0.35432059106970765,0.6962077493816982,0.27093844601412714,0.3659274193548387,0.46921835370071474,0.4109759900218273,0.3434873949579832,0.6219920804142552,0.3723224351747463,0.8823845327604726,0.6519097222222222,0.45785876993166297,0.7489905787348587,0.46860335195530717,0.15689981096408312,0.5200427578834848,0.5369239311493615,0.0,0.5019175455417066,0.6261337868480725,0.013
0.12612612612612611,0.9267587536138772,0.3309975267930749,0.5489404641775983,0.28125,0.26170163707632005,0.17305893358278768,0.3797268907563025,0.5455376180322875,0.597237880496054,0.5639097744360901,0.2065972222222222,0.06454062262718296,0.40444145356662187,0.7392178770949721,0.6398865784499054,0.21753073222875463,0.6851749028317602,0.0,0.326941514860978,0.6437074829931972,0.801
0.12712712712712712,0.6007067137809187,0.4410552349546577,0.5560040363269425,0.6633064516129032,0.43048189993082775,0.32366697848456505,0.35294117647058826,0.5650319829424307,0.4980270574971814,0.5698174006444683,0.3975694444444444,0.3614274867122248,0.32839838492597584,0.49564245810055857,0.39886578449905474,0.4190272581507215,0.4641865630205442,0.0,0.5306807286673059,0.6663832199546486,0.68
0.12812812812812813,0.6909733376164471,0.5399835119538333,0.801715438950555,0.40625,0.6908000922296519,0.5173058933582788,0.48476890756302526,0.46390496497106304,0.24718151071025923,0.24113856068743283,0.1371527777777778,0.47835990888382696,0.44885598923283987,0.5298324022346368,0.5302457466918714,0.6114377338321753,0.3659078289838979,0.0,0.5949185043144776,0.4135487528344671,1.109
0.12912912912912913,0.6569225827176357,0.40643033800494627,0.9540867810292633,0.3659274193548387,0.44477749596495275,0.45088868101029,0.38130252100840334,0.5412732257081938,0.4379932356257045,0.43931256713211597,0.4461805555555556,0.38648443432042523,0.33243606998654107,0.5173184357541899,0.6899810964083175,0.4045964724746125,0.48250971682398675,0.0,0.4875359539789071,0.6045918367346939,1.428
0.13013013013013014,0.4985544490844844,0.5399835119538333,0.8572149344096871,0.4475806451612903,0.7422181231265852,0.5896476457748675,0.5519957983193278,0.4057264696923545,0.18630214205186013,0.3302900107411385,0.5529513888888888,0.41381928625664394,0.45693135935397045,0.35888268156424574,0.3525519848771266,0.6857295563869588,0.2604108828428651,0.0,0.6783317353787153,0.4316893424036281,0.88
0.13113113113113112,0.4384837777063925,0.5552349546578729,0.3829465186680121,0.32610887096774194,0.68457459073092,0.5650140318054258,0.4369747899159664,0.5254340542187024,0.33765501691093563,0.48120300751879697,0.5815972222222222,0.4297646165527715,0.45895020188425306,0.3519553072625698,0.5160680529300566,0.5729556386958845,0.4075513603553582,0.0,0.6270373921380634,0.5249433106575964,0.244
0.13213213213213212,0.8104722132990683,0.5923330585325638,0.8163471241170535,0.8336693548387097,0.5310122204288679,0.3052697224820705,0.47111344537815125,0.41455985379226323,0.36189402480270566,0.5241675617615467,0.2751736111111111,0.28473804100227795,0.4347240915208614,0.695195530726257,0.7901701323251417,0.29770176376269375,0.292059966685175,0.0,0.34707574304889743,0.42205215419501135,1.035
0.13313313313313313,0.6794089302923224,0.5791426215993404,0.3133198789101917,0.30493951612903225,0.33917454461609403,0.20642344870595575,0.49317226890756305,0.42765763021626557,0.4436302142051859,0.7502685284640171,0.3246527777777778,0.23766135155656803,0.5269179004037685,0.7392178770949721,0.770321361058601,0.16408337787279526,0.46862853970016666,0.0,0.18456375838926176,0.4827097505668934,0.055
0.13413413413413414,0.5724381625441696,0.5952184666117064,0.30726538849646823,0.581149193548387,0.5478441318884021,0.3224197068911756,0.3350840336134454,0.5546756015839172,0.41375422773393455,0.5832438238453276,0.572048611111111,0.3971146545178436,0.4165545087483177,0.5635754189944134,0.5642722117202268,0.4874398717263495,0.459189339255969,0.0,0.42425695110258876,0.5807823129251701,0.026
0.13513513513513514,0.5592675875361387,0.48021434460016477,0.544904137235116,0.4838709677419355,0.27576665898086233,0.3869660118490802,0.03991596638655462,0.7712458117575388,0.7522547914317924,0.6095596133190118,0.509548611111111,0.29460895975702356,0.47981157469717367,0.623463687150838,0.4565217391304347,0.4126135756280064,0.6985008328706275,0.0,0.4002876318312561,0.8472222222222222,0.701
0.13613613613613612,0.5538066174108576,0.6508656224237427,0.450050454086781,0.21118951612903225,0.5425409269080009,0.34144059869036486,0.476890756302521,0.40846786475784347,0.2550732807215332,0.7926960257787325,0.572048611111111,0.2763857251328778,0.6386271870794078,0.6315083798882681,0.6398865784499054,0.3874933190807055,0.3664630760688507,0.0,0.46452540747842763,0.4007936507936508,0.17
0.13713713713713713,0.45293928686154833,0.4373454245671887,0.6427850655903128,0.685483870967742,0.566981784643763,0.6292485188649829,0.3235294117647059,0.6305208650624429,0.5095828635851183,0.47690655209452193,0.3845486111111111,0.4669703872437358,0.4212651413189772,0.354413407821229,0.5765595463137996,0.5884553714591128,0.48195446973903394,0.0,0.6428571428571429,0.6111111111111112,0.967
0.13813813813813813,0.6572438162544169,0.6553998351195381,0.7391523713420787,0.7671370967741935,0.6294673737606641,0.4144059869036483,0.5183823529411765,0.3944562899786781,0.33596392333709124,0.5021482277121374,0.49479166666666663,0.17463933181473046,0.5188425302826379,0.5074860335195531,0.5028355387523629,0.5002672367717798,0.48084397556912833,0.0,0.4956855225311602,0.4331065759637189,1.172
0.13913913913913914,0.5493093478959202,0.5960428689200329,0.34611503531786075,0.6869959677419355,0.35992621627853355,0.4218896164639851,0.1869747899159664,0.7151995126408772,0.6259864712514092,0.6535982814178303,0.5512152777777778,0.3113135914958239,0.4576043068640646,0.5182122905027933,0.49905482041587895,0.5216461785141635,0.6701832315380345,0.0,0.47698945349952065,0.7834467120181406,0.627
0.14014014014014015,0.6431095406360423,0.6302555647155811,0.5443995963673057,0.4954637096774194,0.5109522711551764,0.39850327408793274,0.6297268907563026,0.45293938470910755,0.3813416009019165,0.6702470461868958,0.3368055555555555,0.39407744874715267,0.5161507402422612,0.5787709497206704,0.659735349716446,0.49385355424906463,0.5036091060521933,0.0,0.3959731543624162,0.4747732426303855,0.417
0.14114114114114115,0.680051397365885,0.8058532563891178,0.6801210898082745,0.4934475806451613,0.6276227807240028,0.32117243529778616,0.49737394957983194,0.418215047212915,0.2499999999999999,0.6020408163265305,0.3637152777777778,0.26803340926347763,0.7321668909825034,0.546145251396648,0.4035916824196597,0.593265633351149,0.405330372015547,0.0,0.4956855225311602,0.43990929705215426,0.994
0.14214214214214213,0.4256344362351429,0.6974443528441878,0.4303733602421796,0.2701612903225806,0.5872723080470371,0.4471468662301217,0.2762605042016807,0.7800791958574474,0.5479143179255918,0.6122448979591836,0.5755208333333333,0.40091116173120733,0.7065948855989233,0.3401117318435754,0.5415879017013232,0.6199893105291288,0.5719044975013882,0.0,0.6548418024928093,0.7066326530612245,0.593
0.14314314314314314,0.5978156119498875,0.4896949711459191,0.6291624621594349,0.6915322580645162,0.4768272999769426,0.3903960087309012,0.12342436974789917,0.6841303685653366,0.6364148816234497,0.5016111707841031,0.39670138888888884,0.35990888382687936,0.41790040376850607,0.5059217877094973,0.6758034026465027,0.6376269374665954,0.6224319822320934,0.0,0.5891658676893576,0.7454648526077098,0.742
0.14414414414414414,0.6672020558946353,0.4216817807089859,0.8087790110998991,0.3850806451612903,0.7486741987548997,0.33988150919862803,0.8387605042016807,0.061833688699360345,0.06708004509582854,0.27819548872180444,0.5225694444444444,0.3340926347760061,0.2557200538358008,0.5644692737430168,0.5415879017013232,0.38161411010154994,0.0005552470849528035,0.0,0.38255033557046986,0.13236961451247165,0.372
0.14514514514514515,0.48024413748795375,0.5333882934872216,0.9258324924318868,0.25756048387096775,0.8342172008300669,0.6351730589335829,0.6223739495798319,0.34389278099299414,0.08540022547914305,0.5257787325456498,0.5607638888888888,0.5512528473804101,0.29811574697173626,0.36625698324022343,0.4385633270321361,0.6189203634420095,0.09883398112159913,0.0,0.6001917545541707,0.29648526077097515,0.977
0.14614614614614616,0.7031802120141342,0.7860676009892826,0.7376387487386478,0.43951612903225806,0.5335485358542772,0.3642033052697225,0.375,0.5595491928114529,0.4701240135287485,0.6788399570354458,0.4383680555555555,0.1822323462414579,0.6857335127860027,0.598659217877095,0.7514177693761814,0.5269909139497595,0.5685730149916713,0.0,0.37248322147651014,0.5688775510204082,0.965
0.14714714714714713,0.7552200449726951,0.5461665292662818,0.6115035317860746,0.6320564516129032,0.6543693797555915,0.3660742126598067,0.8581932773109244,0.06853487663722202,0.1578354002254791,0.48227712137486567,0.3845486111111111,0.22627182991647687,0.5033647375504711,0.7070391061452513,0.608695652173913,0.356493853554249,0.30649639089394787,0.0,0.26078619367209976,0.06604308390022673,0.755
0.14814814814814814,0.8486990041760359,0.4192085737840065,0.8758829465186679,0.3946572580645161,0.43693797555914227,0.2301216089803555,0.3807773109243697,0.4322266219920804,0.40586245772266055,0.3265306122448979,0.2552083333333333,0.24905087319665908,0.37281292059219384,0.7018994413407821,0.8109640831758033,0.35595938001068944,0.4503053858967241,0.0,0.23537871524448717,0.5226757369614512,1.312
0.14914914914914915,0.7446193382589141,0.5943940643033799,0.37235116044399597,0.4682459677419355,0.3790638690338944,0.26348612410352357,0.4275210084033614,0.5635089856838258,0.500281848928974,0.7121374865735768,0.5078125,0.13743356112376615,0.5148048452220727,0.6563128491620112,0.6729678638941398,0.40352752538749326,0.6568573014991672,0.0,0.3178331735378716,0.5960884353741497,0.428
0.15015015015015015,0.6013491808544812,0.562654575432811,0.5045408678102926,0.5231854838709677,0.6626700484205672,0.4359214218896165,0.6628151260504203,0.3831861102650015,0.18517474633596387,0.49570354457572496,0.501736111111111,0.35459377372817014,0.6150740242261103,0.5195530726256984,0.33270321361058597,0.41742383752004275,0.22987229317046087,0.0,0.47507190795781407,0.3282312925170068,0.314
0.15115115115115116,0.48763250883392223,0.5671887881286066,0.631180625630676,0.33316532258064513,0.9416647452155869,0.5590894917368258,0.7400210084033614,0.22022540359427356,0.019729425028184866,0.43823845327604716,0.2951388888888889,0.4829157175398634,0.4192462987886945,0.2467039106145251,0.49716446124763697,0.757883484767504,0.07162687395891176,0.0,0.8350910834132311,0.22193877551020413,0.434
0.15215215215215216,0.55958882107292,0.5107172300082439,0.77598385469223,0.3165322580645161,0.5667512105141803,0.4855004677268476,0.39863445378151263,0.46481876332622596,0.36386696730552415,0.4248120300751879,0.4375,0.36826119969627946,0.3378196500672948,0.5427932960893855,0.49432892249527405,0.4607161945483698,0.42754025541365914,0.0,0.4875359539789071,0.5099206349206349,0.931
0.15315315315315314,0.4262769033087054,0.6199505358615003,0.4419778002018163,0.7434475806451613,0.6239335946506802,0.47489865918303714,0.33613445378151263,0.6713371915930552,0.48337091319052977,0.3941997851772287,0.40798611111111105,0.5117691723614275,0.5174966352624496,0.29877094972067036,0.5321361058601134,0.752538749331908,0.5308162132148807,0.0,0.8058485139022052,0.6822562358276644,0.43
0.15415415415415415,0.5332476710568583,0.4525968672712282,0.44904137235116043,0.5403225806451613,0.6013373299515794,0.4334268787028376,0.40021008403361347,0.5494974109046604,0.41319052987598637,0.33082706766917286,0.3880208333333333,0.44722854973424453,0.3546433378196501,0.38636871508379883,0.4640831758034026,0.6312132549438803,0.4897279289283732,0.0,0.7372962607861937,0.5839002267573696,0.255
0.15515515515515516,0.23160938001927406,0.41220115416323155,0.40262361251261347,0.47026209677419356,0.6290062255014988,0.5410040536326786,0.4327731092436975,0.5312214438014011,0.31736189402480264,0.564983888292159,0.7534722222222221,0.5937737281700836,0.21197846567967704,0.3548603351955307,0.4272211720226843,0.46873329770176375,0.2254303164908385,0.0,0.5465004793863855,0.5598072562358277,0.057
0.15615615615615616,0.6135560552521683,0.3342951360263808,0.6261352169525731,0.4546370967741935,0.48397509799400507,0.5120049890863736,0.15493697478991597,0.674383186110265,0.6059751972942502,0.2379162191192266,0.3246527777777778,0.1556567957479119,0.26244952893674295,0.39150837988826814,0.5982986767485822,0.6199893105291288,0.7107162687395892,0.0,0.6639501438159157,0.7335600907029478,1.042
0.15715715715715717,0.4394474783167363,0.4311624072547402,0.7643794147325933,0.32308467741935487,0.6317731150564907,0.5827876520112255,0.4338235294117647,0.5376180322875419,0.23985343855693336,0.4060150375939849,0.546875,0.4464692482915718,0.28532974427994623,0.39307262569832396,0.023629489603024578,0.5911277391769107,0.30594114380899506,0.0,0.5436241610738256,0.5141723356009071,0.609
0.15815815815815815,0.7555412785094764,0.558944765045342,0.4853683148335015,0.3634072580645161,0.41664745215586807,0.19207982538197693,0.5992647058823529,0.46024977155041125,0.3024239007891769,0.6294307196562835,0.5286458333333333,0.217160212604404,0.5087483176312247,0.7731843575418994,0.5321361058601134,0.2987707108498129,0.41254858411993345,0.0,0.2301054650047939,0.47420634920634924,0.234
0.15915915915915915,0.6447157083199485,0.41591096455070065,0.5554994954591321,0.6703629032258065,0.5727461378833295,0.44122232616152174,0.7179621848739496,0.3085592445933597,0.18968432919954897,0.3866809881847475,0.27951388888888884,0.32725892179195143,0.34253028263795426,0.5758659217877095,0.3742911153119092,0.43773383217530726,0.3109383675735703,0.0,0.49952061361457345,0.31717687074829937,0.501
0.16016016016016016,0.4201734661098619,0.2646331409727946,0.47679112008072655,0.2615927419354839,0.6887249250634079,0.6414094169005302,0.5677521008403361,0.372829728906488,0.22378804960541143,0.28625134264232005,0.5703125,0.41457858769931666,0.17160161507402427,0.3631284916201117,0.4801512287334593,0.5622661678246926,0.38756246529705723,0.0,0.7531160115052733,0.4231859410430839,0.47
0.16116116116116116,0.5114037905557339,0.5239076669414673,0.508577194752775,0.4122983870967742,0.621397279225271,0.5478640473963207,0.5010504201680672,0.5038074931465124,0.23055242390078912,0.4291084854994629,0.5425347222222222,0.43811693242217165,0.5100942126514132,0.4502793296089385,0.38279773156899805,0.532870122928915,0.2598556357579123,0.0,0.5675934803451583,0.4503968253968254,0.396
0.16216216216216217,0.6273690973337616,0.583676834295136,0.7406659939455096,0.3699596774193548,0.6806548305280148,0.47271593389460564,0.460609243697479,0.349375571123972,0.25704622322435167,0.3496240601503759,0.33420138888888884,0.4335611237661352,0.4185733512786003,0.503463687150838,0.5113421550094517,0.5804382683057188,0.30594114380899506,0.0,0.601150527325024,0.35856009070294786,0.872
0.16316316316316315,0.8580147767426919,0.7040395713107995,0.7840565085771947,0.5756048387096774,0.6751210514180309,0.2909260991580917,0.8098739495798319,0.10265001522997264,0.20067643742953767,0.5268528464017186,0.3159722222222222,0.26803340926347763,0.5740242261103634,0.6670391061452514,0.8421550094517958,0.4184927846071619,0.3103831204886175,0.0,0.35666347075743055,0.14909297052154202,0.848
0.16416416416416416,0.43495020880179897,0.5119538334707336,0.791624621594349,0.5040322580645161,0.7394512335715933,0.6317430620517619,0.4417016806722689,0.5013706975327444,0.24915445321307772,0.3684210526315789,0.5451388888888888,0.5034168564920274,0.4010767160161508,0.26212290502793295,0.24385633270321355,0.74986638161411,0.3636868406440867,0.0,0.8087248322147652,0.5034013605442177,1.068
0.16516516516516516,0.5175072277545775,0.430750206100577,0.4313824419778002,0.39868951612903225,0.526170163707632,0.31961334580604933,0.4464285714285715,0.4617727688090161,0.3297632468996617,0.6519871106337272,0.6901041666666666,0.3242217160212605,0.34791386271870794,0.5427932960893855,0.4064272211720226,0.3554249064671299,0.3620210993892283,0.0,0.40076701821668276,0.4832766439909297,0.151
0.16616616616616617,0.4905236106649535,0.6933223413025555,0.665489404641776,0.4158266129032258,0.4482361079086926,0.3835360149672592,0.22163865546218492,0.7618032287541883,0.6268320180383313,0.7873254564983888,0.5842013888888888,0.4441913439635536,0.6238223418573352,0.47709497206703905,0.5255198487712665,0.5660074826296098,0.5735702387562466,0.0,0.5254074784276127,0.810374149659864,0.896
0.16716716716716717,0.7651782846129135,0.4319868095630667,0.7108980827447022,0.7857862903225807,0.5231727000230575,0.35110695353913324,0.48004201680672265,0.36734693877551017,0.35907553551296495,0.30558539205155744,0.3368055555555555,0.24145785876993175,0.3411843876177658,0.6310614525139665,0.5037807183364839,0.4665954035275254,0.44364242087729044,0.0,0.37775647171620336,0.46598639455782315,1.09
0.16816816816816815,0.5846450369418567,0.5614179719703214,0.4031281533804238,0.5584677419354839,0.39474290984551536,0.20330526972248208,0.14128151260504201,0.7011879378617119,0.6755918827508455,0.6750805585392051,0.4704861111111111,0.3014426727410783,0.388963660834455,0.5939664804469275,0.7580340264650283,0.39978621058257613,0.6668517490283177,0.0,0.3116011505273251,0.7797619047619048,0.188
0.16916916916916916,0.7892707998715065,0.4455894476504533,0.7295660948536831,0.3870967741935484,0.6041042195065713,0.444028687246648,0.7925420168067228,0.15930551325007614,0.08427282976324679,0.3947368421052631,0.3489583333333333,0.1647684130599848,0.3445491251682369,0.714413407821229,0.8440453686200378,0.23623730625334044,0.12326485285952254,0.0,0.19798657718120816,0.14540816326530615,1.041
0.17017017017017017,0.9575971731448764,0.4451772464962901,0.7699293642785066,0.4375,0.4535393128890939,0.2918615528531338,0.6323529411764706,0.2890648796832166,0.2640924464487034,0.27873254564983885,0.171875,0.1678056188306758,0.36675639300134594,0.8632402234636871,0.7296786389413987,0.29235702832709776,0.4330927262631872,0.0,0.200862895493768,0.3347505668934241,0.944
0.17117117117117117,0.5666559588821072,0.39818631492168166,0.6321897073662966,0.49092741935483875,0.5743601567904082,0.48019956345494236,0.4248949579831932,0.4907097167225099,0.3210259301014655,0.3807733619763694,0.5121527777777778,0.42520880789673504,0.20726783310901759,0.44916201117318433,0.47258979206049145,0.44895777659005875,0.4175458078845087,0.0,0.5671140939597317,0.5229591836734694,0.701
0.17217217217217218,0.692258271763572,0.31739488870568827,0.6104944500504541,0.16985887096774194,0.45884251786949504,0.3302151543498597,0.20903361344537819,0.6250380749314651,0.5259301014656144,0.3571428571428571,0.3706597222222222,0.28246013667425973,0.27725437415881565,0.5774301675977653,0.6795841209829867,0.43132014965259213,0.5197112715158246,0.0,0.34515819750719084,0.7089002267573696,0.727
0.17317317317317318,0.5827176357211692,0.49134377576257204,0.5393541876892027,0.529233870967742,0.47544385519944665,0.39694418459619585,0.38550420168067223,0.5424916235150776,0.4326381059751972,0.6444683136412459,0.5364583333333333,0.21336370539104027,0.5390309555854643,0.5606703910614526,0.3052930056710775,0.42437199358631744,0.6085508051082733,0.0,0.3791946308724833,0.5436507936507937,0.568
0.17417417417417416,0.4651461612592354,0.4785655399835118,0.3884964682139253,0.36794354838709675,0.6921835370071479,0.4424695977549112,0.4558823529411765,0.3837953091684435,0.15586245772266055,0.4006444683136412,0.4696180555555555,0.5558086560364466,0.36810228802153433,0.48603351955307256,0.38090737240075606,0.4297167290219134,0.26707384786229876,0.0,0.4650047938638543,0.37216553287981863,0.129
0.17517517517517517,0.8364921297783487,0.5004122011541631,0.9026236125126135,0.6325604838709677,0.49112289601106757,0.44278141565325857,0.49737394957983194,0.49101431617423086,0.4095264937993235,0.3834586466165413,0.2387152777777778,0.22323462414578593,0.3802153432032302,0.6286033519553073,0.7145557655954631,0.4708711918760021,0.5252637423653527,0.0,0.4069990412272292,0.5376984126984127,1.637
0.17617617617617617,0.6103437198843559,0.5824402308326462,0.5247225025227042,0.3785282258064516,0.5201752363384828,0.41159962581852205,0.3760504201680672,0.5290892476393543,0.33596392333709124,0.5912996777658431,0.556423611111111,0.25436598329536825,0.45895020188425306,0.6382122905027934,0.12476370510396972,0.5072153928380545,0.4380899500277624,0.0,0.37967401725790995,0.5428004535147393,0.265
0.17717717717717718,0.6180533247671056,0.7069249793899421,0.429364278506559,0.6154233870967742,0.48143878256859585,0.2743997505456814,0.26838235294117646,0.6704233932378921,0.4684329199549041,0.7255639097744361,0.5052083333333333,0.32953682611996965,0.5511440107671602,0.554413407821229,0.6266540642722116,0.40619989310529125,0.4897279289283732,0.0,0.3672099712368169,0.651077097505669,0.29
0.1781781781781782,0.7581111468037263,0.30708985985160747,0.5348133198789102,0.45665322580645157,0.4397048651141342,0.22450888681010295,0.1512605042016807,0.5613767895217789,0.6000563697857947,0.19763694951664867,0.1909722222222222,0.23462414578587704,0.2799461641991925,0.583463687150838,0.41493383742911144,0.4607161945483698,0.5408106607440312,0.0,0.4832214765100672,0.7420634920634921,0.772
0.17917917917917917,0.8204304529392868,0.6352019785655398,0.4883955600403633,0.5110887096774193,0.2723080470371224,0.09791082008107271,0.24894957983193278,0.6947913493755711,0.6397970687711385,0.673469387755102,0.37673611111111105,0.21412300683371305,0.5013458950201884,0.7427932960893855,0.34971644612476366,0.25387493319080706,0.6024430871737925,0.0,0.20373921380632798,0.746031746031746,0.47
0.18018018018018017,0.6999678766463218,0.598103874690849,0.900100908173562,0.3119959677419355,0.6905695181000692,0.3570314936077331,0.8534663865546219,0.16326530612244894,0.0591882750845546,0.4742212674543501,0.2109375,0.3705391040242977,0.35531628532974435,0.6250279329608939,0.36862003780718333,0.410475681453768,0.1626873958911716,0.0,0.4554170661553213,0.16524943310657603,0.717
0.18118118118118118,0.801798907805975,0.7283594394064302,0.8985872855701311,0.45211693548387094,0.564906617477519,0.38104147178048026,0.27941176470588236,0.5318306427048431,0.43207440811724906,0.583780880773362,0.05902777777777779,0.3044798785117692,0.6440107671601615,0.6531843575418994,0.66351606805293,0.6755745590593265,0.5635757912270961,0.0,0.5488974113135188,0.5612244897959184,1.342
0.18218218218218218,0.38162544169611307,0.36933223413025545,0.470736629667003,0.4692540322580645,0.5469218353700716,0.5444340505144996,0.2321428571428572,0.5836125494974109,0.4052987598647124,0.48818474758324376,0.6440972222222222,0.3971146545178436,0.2745625841184388,0.38234636871508376,0.5189035916824196,0.518439337252806,0.42698500832870634,0.0,0.6035474592521572,0.6340702947845805,0.286
0.1831831831831832,0.3430774172823643,0.6644682605111293,0.5554994954591321,0.24647177419354838,0.6818077011759281,0.5924540068599938,0.40073529411764697,0.6375266524520256,0.35935738444193904,0.5746509129967776,0.4565972222222222,0.7327258921791953,0.6810228802153433,0.3363128491620111,0.30623818525519847,0.6402993051843933,0.3586896168795114,0.0,0.6903163950143817,0.5864512471655329,0.611
0.1841841841841842,0.35881786058464504,0.7823577906018135,0.4631685166498486,0.026713709677419345,0.8095457689647222,0.5774867477393203,0.6743697478991597,0.4849223271398111,0.11724915445321299,0.5757250268528463,0.5677083333333333,0.6909643128321945,0.6938088829071333,0.32245810055865914,0.1814744801512287,0.7493319080705505,0.12437534702942815,0.0,0.6270373921380634,0.33645124716553293,-0.169
0.18518518518518517,0.4808866045615163,0.45671887881286055,0.2850655903128153,0.6648185483870968,0.5801245100299747,0.4094169005300905,0.3314075630252101,0.5488882120012184,0.39853438556933474,0.5021482277121374,0.5008680555555556,0.31207289293849666,0.4353970390309556,0.47642458100558654,0.5264650283553874,0.5676109032602885,0.48473070516379796,0.0,0.5517737296260787,0.6377551020408163,0.022
0.18618618618618618,0.45936395759717313,0.49464138499587784,0.5065590312815338,0.6189516129032258,0.5074936592114365,0.5179295291549736,0.3088235294117647,0.7148949131891562,0.5166290868094701,0.6229860365198711,0.2829861111111111,0.5391040242976463,0.23687752355316288,0.3890502793296089,0.5708884688090736,0.6055585248530198,0.49639089394780683,0.0,0.7358581016299138,0.7259070294784581,0.638
0.1871871871871872,0.5139736588499839,0.5210222588623247,0.5348133198789102,0.936491935483871,0.5764353239566521,0.4075459931400063,0.3692226890756302,0.6125494974109047,0.4123449830890642,0.5123523093447905,0.642361111111111,0.5034168564920274,0.3761776581426649,0.5439106145251397,0.5113421550094517,0.5916622127204703,0.39977790116601897,0.0,0.5862895493767978,0.6147959183673469,0.414
0.1881881881881882,0.747189206553164,0.6191261335531738,0.5242179616548941,0.3084677419354839,0.4254092690800092,0.22513252260679767,0.3466386554621849,0.4992385013706975,0.4777339346110484,0.6664876476906552,0.3897569444444444,0.20197418375094917,0.6164199192462988,0.696536312849162,0.5964083175803402,0.38054516301443075,0.5918933925596892,0.0,0.3250239693192714,0.564625850340136,0.555
0.1891891891891892,0.6270478637969804,0.42497938994229173,0.9434914228052471,0.5504032258064516,0.7908692644685267,0.6632366697848457,0.845063025210084,0.18671946390496497,0.06116121758737314,0.27980665950590755,0.4427083333333333,0.4829157175398634,0.45895020188425306,0.4301675977653631,0.5255198487712665,0.49385355424906463,0.1476957245974459,0.0,0.5584851390220519,0.0958049886621315,1.071
0.19019019019019018,0.7973016382910375,0.5164880461665291,0.67255297679112,0.6058467741935484,0.6269310583352549,0.23261615216713444,0.4910714285714286,0.3609503502893695,0.3449830890642615,0.2696025778732545,0.2534722222222222,0.16400911161731202,0.3903095558546434,0.5620111731843576,0.550094517958412,0.49759486905398176,0.4508606329816769,0.0,0.4674017257909876,0.47193877551020413,0.721
0.19119119119119118,0.5968519113395437,0.6277823577906017,0.5953582240161452,0.7293346774193548,0.603643071247406,0.39850327408793274,0.511029411764706,0.43466341760584826,0.29904171364148807,0.5166487647690654,0.4418402777777778,0.39331814730447995,0.5457604306864065,0.5888268156424581,0.32703213610586,0.4110101549973276,0.3625763464741811,0.0,0.44726749760306816,0.46258503401360546,0.367
0.1921921921921922,0.5615162222936074,0.2312448474855729,0.7482341069626639,0.5861895161290323,0.4904311736223196,0.45026504521359534,0.6659663865546219,0.3490709716722509,0.23111612175873725,0.48120300751879697,0.532986111111111,0.33864844343204253,0.018842530282638048,0.4558659217877094,0.3109640831758033,0.27525387493319076,0.31704608550805113,0.0,0.5057526366251199,0.42431972789115646,0.524
0.1931931931931932,0.528750401541921,0.5869744435284417,0.6831483350151362,0.18346774193548387,0.4846668203827531,0.46273776114748993,0.38602941176470584,0.5884861407249466,0.42897406989853426,0.7964554242749731,0.5859375,0.32877752467729693,0.45895020188425306,0.5108379888268156,0.660680529300567,0.3842864778193479,0.39478067740144374,0.0,0.45493767976989463,0.6043083900226758,0.621
0.1941941941941942,0.6360424028268551,0.5090684253915909,0.5610494450050454,0.5297379032258065,0.604334793636154,0.37574056750857504,0.5871848739495799,0.4127322570819373,0.3492108229988725,0.3206229860365198,0.3237847222222222,0.24905087319665908,0.4818304172274563,0.5852513966480447,0.4272211720226843,0.5649385355424906,0.436424208772904,0.0,0.5038350910834133,0.47165532879818595,0.598
0.19519519519519518,0.6617410857693542,0.5956306677658696,0.6251261352169526,0.1940524193548387,0.3200368918607332,0.33052697224820704,0.12657563025210083,0.8266829119707584,0.7815670800450957,0.5934479054779807,0.42447916666666663,0.37737281700835235,0.42462987886944825,0.5979888268156425,0.6209829867674858,0.4281133083912346,0.7334813992226542,0.0,0.37535953978907005,0.8486394557823129,0.864
0.1961961961961962,0.7635721169290073,0.6945589447650452,0.7744702320887993,0.4153225806451613,0.5944201060640997,0.4122232616152167,0.636029411764706,0.3533353639963448,0.2556369785794813,0.5413533834586466,0.2204861111111111,0.3340926347760061,0.5888290713324361,0.6053631284916201,0.603024574669187,0.5034740780331373,0.4358689616879512,0.0,0.4875359539789071,0.31292517006802717,1.07
0.1971971971971972,0.0,0.5494641384995876,0.5797174571140262,0.4178427419354839,1.0,1.0000000000000002,0.5766806722689076,0.5400548279013098,0.17277339346110476,0.5746509129967776,0.7144097222222222,1.0,0.414535666218035,0.0,0.8412098298676747,0.8963121325494388,0.1493614658523043,0.0,1.0,0.42431972789115646,0.448
0.1981981981981982,0.7780276260841631,0.42250618301731235,0.5807265388496468,0.6713709677419355,0.28037814157251556,0.21951980043654507,0.18382352941176472,0.6728601888516601,0.7173055242390077,0.5741138560687432,0.3723958333333333,0.30675778283978744,0.4004037685060565,0.6820111731843576,0.6351606805293005,0.2741849278460716,0.6379789006107719,0.0,0.3432406519654842,0.7363945578231292,0.825
0.1991991991991992,0.44298104722132986,0.6673536685902719,0.4031281533804238,0.21824596774193547,0.6771962185842749,0.4215777985656377,0.5383403361344538,0.3981114833993299,0.18517474633596387,0.6815252416756176,0.7777777777777777,0.3378891419893698,0.6567967698519516,0.5293854748603352,0.18431001890359167,0.5681453768038481,0.21377012770682957,0.0,0.4880153403643337,0.4288548752834467,0.033
0.20020020020020018,0.7757789913266945,0.6591096455070072,0.37537840565085767,0.3009072580645161,0.2838367535162554,0.17430620517617712,0.36397058823529416,0.6390496497106305,0.5524239007891769,0.7765843179377013,0.4644097222222222,0.08883826879271073,0.6406460296096905,0.7982122905027933,0.4243856332703213,0.2640299305184393,0.6701832315380345,0.0,0.2698945349952062,0.659297052154195,0.29
0.2012012012012012,0.5576614198522325,0.575020610057708,0.5529767911200807,0.2701612903225806,0.58058565828914,0.5378858746492049,0.7237394957983194,0.41151385927505335,0.25450958286358505,0.6138560687432868,0.44791666666666663,0.513287775246773,0.4327052489905788,0.49430167597765357,0.38563327032136097,0.3532870122928915,0.23764575235980012,0.0,0.43911792905081504,0.32312925170068024,0.361
0.2022022022022022,0.6405396723417924,0.6100577081615827,0.582744702320888,0.1381048387096774,0.5264007378372146,0.34861241035235424,0.2836134453781513,0.5967103259214133,0.4348928974069898,0.5026852846401718,0.3689236111111111,0.29536826119969634,0.5033647375504711,0.48893854748603344,0.4432892249527409,0.5360769641902725,0.5519156024430872,0.0,0.488974113135187,0.6312358276643991,0.722
0.2032032032032032,0.7558625120462575,0.6051112943116239,0.6740665993945509,0.5650201612903226,0.4535393128890939,0.2644215777985657,0.27468487394957986,0.512031678342979,0.41065388951521975,0.6321160042964554,0.4157986111111111,0.23234624145785882,0.4623149394347241,0.6227932960893855,0.6228733459357277,0.3174772848743987,0.5086063298167686,0.0,0.33317353787152454,0.5884353741496599,0.807
0.2042042042042042,0.42145840025698683,0.6244847485572959,0.5509586276488396,0.5383064516129032,0.5997233110445008,0.49641409416900534,0.1811974789915966,0.6360036551934206,0.4089627959413753,0.5155746509129967,0.5321180555555556,0.5041761579347002,0.5309555854643339,0.4165363128491619,0.6389413988657844,0.6349545697487974,0.4380899500277624,0.0,0.6083413231064239,0.6442743764172336,0.205
0.20520520520520522,0.5425634436235143,0.39323990107172285,0.6715438950554995,0.626008064516129,0.6232418722619323,0.522606797630184,0.5682773109243698,0.4699969540054828,0.3114430665163471,0.23415682062298598,0.35763888888888884,0.48974943052391806,0.30551816958277256,0.37519553072625694,0.4045368620037807,0.4195617316942811,0.3076068850638535,0.0,0.5949185043144776,0.43367346938775514,0.662
0.2062062062062062,0.6932219723739158,0.6244847485572959,0.5221997981836528,0.2439516129032258,0.40627161632464837,0.2391643280324291,0.37815126050420167,0.5373134328358209,0.4467305524239007,0.6326530612244897,0.3949652777777778,0.32042520880789677,0.4878869448183042,0.7439106145251396,0.4328922495274101,0.3041154462854089,0.43031649083842316,0.0,0.33509108341323113,0.566609977324263,0.431
0.2072072072072072,0.59845807902345,0.5350370981038746,0.544904137235116,0.17842741935483872,0.6599031588655753,0.5590894917368258,0.39075630252100846,0.4998477002741395,0.278466741826381,0.4828141783029001,0.40104166666666663,0.36826119969627946,0.42193808882907136,0.5483798882681564,0.37618147448015116,0.5392838054516301,0.39866740699611336,0.0,0.5124640460210931,0.4756235827664399,0.547
0.2082082082082082,0.48249277224542236,0.5845012366034623,0.5797174571140262,0.2631048387096774,0.6218584274844363,0.4524477705020269,0.3970588235294118,0.5619859884252209,0.3630214205186019,0.5537056928034372,0.5121527777777778,0.5003796507213364,0.5053835800807537,0.49787709497206695,0.4130434782608695,0.5948690539818279,0.3631315935591339,0.0,0.5302013422818792,0.5694444444444444,0.378
0.2092092092092092,0.5573401863154513,0.7873042044517723,0.5348133198789102,0.5413306451612903,0.39658750288217665,0.36732148425319616,0.01943277310924371,0.8285105086810843,0.7914317925591882,0.8007518796992481,0.5512152777777778,0.3720577069096432,0.7994616419919247,0.46435754189944134,0.46124763705103966,0.5756280064136825,0.8212104386451973,0.0,0.5,0.8574263038548753,0.906
0.21021021021021022,0.5460970125281078,0.4319868095630667,0.7795156407669019,0.659274193548387,0.5471524094996542,0.5600249454318679,0.4023109243697479,0.579652756625038,0.36189402480270566,0.5010741138560687,0.4800347222222222,0.45634016704631747,0.3075370121130552,0.4536312849162011,0.5973534971644612,0.4457509353287012,0.3448084397556913,0.0,0.5570469798657719,0.5561224489795918,0.944
0.2112112112112112,0.6617410857693542,0.6422093981863147,0.5696266397578204,0.4067540322580645,0.6225501498731842,0.35141877143748057,0.5504201680672269,0.417910447761194,0.3345546786922209,0.5273899033297529,0.3394097222222222,0.27410782080485957,0.6655450874831763,0.5155307262569833,0.6143667296786388,0.5521111704970604,0.4486396446418657,0.0,0.49808245445829347,0.44217687074829937,0.446
0.2122122122122122,0.820751686476068,0.2704039571310799,0.8496468213925328,0.5912298387096774,0.7265390823149643,0.37885874649204865,0.773109243697479,0.05726469692354552,0.0780721533258173,0.10365198711063361,0.2673611111111111,0.30979498861047844,0.11843876177658147,0.623463687150838,0.46030245746691867,0.4040619989310529,0.08828428650749581,0.0,0.4501438159156281,0.12896825396825395,0.64
0.2132132132132132,0.3758432380340508,0.5634789777411375,0.5100908173562058,0.3220766129032258,0.6545999538851741,0.5475522294979732,0.3650210084033614,0.5360950350289369,0.335118376550169,0.5504833512352308,0.33246527777777773,0.5444191343963554,0.5794078061911171,0.2837988826815642,0.5122873345935727,0.6435061464457509,0.44197667962243203,0.0,0.7262703739213807,0.5365646258503401,0.477
0.21421421421421422,0.6903308705428847,0.7188788128606759,0.5025227043390514,0.4107862903225806,0.46483744523864423,0.293732460243218,0.32510504201680673,0.6119402985074627,0.5152198421645997,0.6353383458646616,0.2743055555555556,0.23917995444191353,0.6864064602960969,0.5584357541899442,0.6654064272211719,0.4922501336183859,0.549694614103276,0.0,0.5675934803451583,0.6258503401360545,0.627
0.21521521521521522,0.653389013813042,0.5193734542456718,0.7865792129162461,0.19102822580645162,0.4869725616785797,0.40286872466479584,0.3623949579831933,0.5153822723119099,0.40135287485907545,0.6299677765843179,0.24913194444444442,0.4206529992406986,0.4609690444145357,0.6087150837988827,0.602079395085066,0.5141635489043292,0.4714047751249307,0.0,0.4386385426653884,0.5459183673469388,1.228
0.21621621621621623,0.7796337937680693,0.7023907666941466,0.6372351160443996,0.4375,0.4636845745907309,0.27221702525724983,0.573529411764706,0.5132500761498628,0.36640360766629076,0.6627282491944145,0.43142361111111105,0.2801822323462415,0.6083445491251682,0.7157541899441341,0.8459357277882796,0.3613041154462854,0.3686840644086619,0.0,0.2933844678811123,0.5158730158730159,0.452
0.2172172172172172,0.4436235142948924,0.6314921681780707,0.6140262361251261,0.4591733870967742,0.8173852893705327,0.6064858122856253,0.48371848739495804,0.4897959183673469,0.23337091319052983,0.39795918367346933,0.42621527777777773,0.5930144267274109,0.5861372812920592,0.35508379888268155,0.39319470699432885,0.786745056119722,0.24430871737923376,0.0,0.8384467881112178,0.42913832199546487,0.572
0.2182182182182182,0.4699646643109541,0.583676834295136,0.5065590312815338,0.4067540322580645,0.6658980862347245,0.49204864359214223,0.3697478991596639,0.4742613463295766,0.25169109357384434,0.4994629430719656,0.45138888888888884,0.4829157175398634,0.509421265141319,0.49363128491620106,0.3052930056710775,0.5633351149118118,0.2848417545807885,0.0,0.5191754554170662,0.4895124716553288,0.235
0.21921921921921922,0.6890459363957597,0.5737840065952183,0.4445005045408678,0.45614919354838707,0.5077242333410191,0.2622388525101341,0.5388655462184875,0.38166311300639655,0.3024239007891769,0.5037593984962405,0.3515625,0.41002277904328027,0.43808882907133245,0.7141899441340782,0.4593572778827977,0.4270443613041154,0.3609106052193226,0.0,0.30728667305848517,0.427437641723356,0.138
0.22022022022022023,0.6890459363957597,0.6046990931574607,0.4611503531786075,0.6890120967741935,0.36061793866728153,0.2391643280324291,0.17489495798319327,0.7694182150472129,0.7370349492671927,0.627282491944146,0.40798611111111105,0.2050113895216401,0.4454912516823688,0.6268156424581005,0.7117202268431001,0.5002672367717798,0.6774014436424209,0.0,0.3863854266538831,0.8086734693877551,0.445
0.22122122122122123,0.6588499839383231,0.3647980214344599,0.4419778002018163,0.6688508064516128,0.34401660133733,0.3161833489242283,0.2100840336134454,0.5878769418215047,0.5090191657271701,0.6278195488721804,0.390625,0.2892938496583144,0.3485868102288022,0.6118435754189944,0.2882797731568998,0.378941742383752,0.6091060521932261,0.0,0.40316395014381595,0.7009637188208617,0.58
0.2222222222222222,0.8239640218438805,0.5840890354492991,0.6074672048435923,0.6869959677419355,0.33709937744985013,0.1783598378546929,0.3555672268907563,0.6180322875418824,0.6234498308906425,0.6595059076262083,0.3402777777777778,0.24069855732725898,0.47308209959623154,0.6572067039106145,0.5708884688090736,0.33297701763762694,0.5596890616324265,0.0,0.3801534036433366,0.6967120181405896,0.769
0.22322322322322322,0.49309347895920336,0.4661995053586149,0.8970736629667002,0.563508064516129,0.8247636615171778,0.75740567508575,0.6869747899159664,0.2774901005178191,0.025930101465614364,0.38453276047261004,0.5182291666666666,0.4654517843583903,0.25437415881561243,0.34927374301675973,0.6266540642722116,0.6600748262960983,0.2043309272626319,0.0,0.7334611697027805,0.23469387755102034,1.054
0.22422422422422422,0.7060713138451654,0.5189612530915085,0.5691220988900101,0.46219758064516125,0.6197832603181923,0.2743997505456814,0.5105042016806722,0.4054218702406336,0.26662908680947,0.39688506981740057,0.4114583333333333,0.2733485193621868,0.2691790040376851,0.5615642458100559,0.48676748582230617,0.49171566007482626,0.31760133259300394,0.0,0.4736337488015341,0.46400226757369617,0.493
0.22522522522522523,0.6228718278188241,0.7403132728771639,0.3890010090817356,0.5438508064516129,0.5026516024902006,0.29716245712503897,0.43960084033613445,0.5750837648492233,0.4653325817361893,0.7454350161117078,0.6909722222222222,0.29612756264236906,0.6473755047106325,0.6292737430167598,0.555765595463138,0.39176910742918225,0.48528595224875076,0.0,0.35666347075743055,0.5668934240362812,0.329
0.22622622622622623,0.45840025698682946,0.3858202802967847,0.4636730575176589,0.21622983870967744,0.5918837906386903,0.5035859058309947,0.21691176470588236,0.5565031982942431,0.4675873731679818,0.3254564983888291,0.41232638888888884,0.5064540622627184,0.2799461641991925,0.4569832402234637,0.6805293005671077,0.5435595938001069,0.5036091060521933,0.0,0.4860977948226271,0.6221655328798186,0.638
0.2272272272272272,0.7304850626405397,0.4451772464962901,0.7199798183652875,0.4788306451612903,0.486741987548997,0.41939507327720615,0.4763655462184875,0.45385318306427047,0.35935738444193904,0.4419978517722878,0.234375,0.22399392558845865,0.3149394347240916,0.6319553072625699,0.7939508506616256,0.39657936932121857,0.43364797334814,0.0,0.42857142857142866,0.5119047619047619,1.144
0.22822822822822822,0.6543527144233857,0.5239076669414673,0.6261352169525731,0.5307459677419355,0.5328568134655292,0.40972871842843783,0.19117647058823528,0.6040207127627171,0.5197294250281848,0.407626208378088,0.3090277777777778,0.3143507972665149,0.3432032301480485,0.48759776536312854,0.6181474480151228,0.6173169428113308,0.5968906163242644,0.0,0.5915627996164909,0.6816893424036281,0.847
0.22922922922922923,0.6951493735946032,0.592745259686727,0.44248234106962664,0.20766129032258066,0.39704865114134197,0.23885251013408176,0.47006302521008403,0.4541577825159915,0.40388951521984207,0.8249194414607948,0.5998263888888888,0.23842065299924076,0.45222072678331093,0.6851396648044693,0.2693761814744801,0.4211651523249599,0.49583564686285403,0.0,0.34515819750719084,0.560374149659864,0.268
0.23023023023023023,0.7883070992611628,0.279472382522671,0.77598385469223,0.5730846774193548,0.6142494812082084,0.40162145307140634,0.5577731092436975,0.29881206213828826,0.21195039458850046,0.3039742212674543,0.34375,0.3113135914958239,0.055854643337819754,0.5519553072625698,0.4555765595463137,0.37092463923035807,0.2787340366463077,0.0,0.4913710450623203,0.38236961451247165,0.891
0.23123123123123124,0.48345647285576615,0.446826051112943,0.29263370332996974,0.2399193548387097,0.4805164860502652,0.32616152167134393,0.2605042016806723,0.5592445933597319,0.5121195039458849,0.6020408163265305,0.375,0.39407744874715267,0.3808882907133244,0.4728491620111731,0.5746691871455576,0.5574559059326563,0.5946696279844532,0.0,0.5906040268456376,0.6442743764172336,0.173
0.23223223223223222,0.5322839704465145,0.42951360263808724,0.26892028254288597,0.4546370967741935,0.6310813926677427,0.4362332397879639,0.47951680672268915,0.4054218702406336,0.18855693348365266,0.4935553168635875,0.6927083333333333,0.44874715261959003,0.33849259757738903,0.6140782122905029,0.3402646502835538,0.4067343666488509,0.19044975013881182,0.0,0.4367209971236818,0.41269841269841273,-0.293
0.23323323323323322,0.5554127850947639,0.5210222588623247,0.5716448032290615,0.5362903225806452,0.4765967258473599,0.4212659806672904,0.30357142857142855,0.6332622601279319,0.5005636978579481,0.4591836734693877,0.359375,0.44115413819286264,0.41790040376850607,0.4348603351955307,0.5151228733459357,0.5243185462319615,0.5663520266518601,0.0,0.6078619367209972,0.653344671201814,0.731
0.23423423423423423,0.5605525216832637,0.6929101401483923,0.4112008072653885,0.469758064516129,0.37744985012681576,0.31150608044901784,0.21953781512605047,0.7346938775510203,0.584836527621195,0.7878625134264232,0.3828125,0.4221716021260441,0.5154777927321669,0.6362011173184358,0.4905482041587901,0.3613041154462854,0.5302609661299279,0.0,0.3758389261744967,0.721938775510204,0.161
0.23523523523523523,0.68133633151301,0.7403132728771639,0.6957618567103935,0.6376008064516129,0.47521328106986394,0.38665419395073286,0.23476890756302526,0.6414864453243985,0.5679255918827507,0.6562835660580021,0.29947916666666663,0.41457858769931666,0.6904441453566622,0.6739664804469273,0.8355387523629489,0.5200427578834848,0.6363131593559135,0.0,0.3739213806327901,0.63718820861678,1.169
0.23623623623623624,0.6122711211050432,0.3149216817807089,0.48486377396569125,0.5539314516129032,0.421489508877104,0.42968506392266925,0.3613445378151261,0.605543710021322,0.4430665163472378,0.458109559613319,0.3506944444444444,0.4335611237661352,0.17294751009421266,0.6616759776536313,0.6880907372400755,0.38321753073222875,0.42920599666851755,0.0,0.3801534036433366,0.6201814058956916,0.59
0.23723723723723725,0.7536138772887888,0.47073371805441044,0.7295660948536831,0.43497983870967744,0.3977403735300899,0.47240411599625826,0.30147058823529416,0.6058483094730429,0.5194475760992108,0.5397422126745435,0.11197916666666663,0.40091116173120733,0.38358008075370126,0.6149720670391061,0.4555765595463137,0.4468198824158204,0.5796779566907274,0.0,0.45589645254074795,0.6621315192743764,1.262
0.23823823823823823,0.7372309669129457,0.3697444352844187,0.6014127144298689,0.4128024193548387,0.486741987548997,0.3613969441845962,0.3088235294117647,0.488272921108742,0.43235625704622316,0.388829215896885,0.22309027777777773,0.19741837509491272,0.049125168236877625,0.5499441340782123,0.6124763705103969,0.427578834847675,0.5607995558023321,0.0,0.5738255033557047,0.5827664399092971,0.658
0.23923923923923923,0.6485705107613233,0.5309150865622423,0.5100908173562058,0.4037298387096774,0.4558450541849205,0.42033052697224826,0.4858193277310925,0.44897959183673475,0.26747463359639223,0.7180451127819548,0.46701388888888884,0.2589217919514047,0.5134589502018843,0.6867039106145251,0.3175803402646502,0.3586317477284874,0.4214325374791783,0.0,0.23873441994247369,0.4628684807256236,0.481
0.24024024024024024,0.5053003533568904,0.51277823577906,0.6493440968718466,0.4012096774193548,0.46898777957113214,0.48924228250701596,0.3382352941176471,0.6131586963143466,0.4210822998872603,0.5671321160042964,0.5442708333333333,0.38876233864844345,0.47981157469717367,0.506145251396648,0.5349716446124763,0.5024051309460181,0.45752359800111053,0.0,0.4760306807286674,0.6476757369614512,0.88
0.24124124124124124,0.6161259235464182,0.5329760923330584,0.7734611503531785,0.4682459677419355,0.6908000922296519,0.38914873713751175,0.5997899159663865,0.32896740785866585,0.15078917700112737,0.5128893662728249,0.5078125,0.29384965831435084,0.4636608344549126,0.5300558659217878,0.34593572778827975,0.5398182789951897,0.24430871737923376,0.0,0.5196548418024929,0.3843537414965986,0.525
0.24224224224224225,0.7812399614519756,0.5317394888705687,0.6367305751765893,0.7026209677419355,0.5210975328568135,0.3283442469597755,0.6675420168067226,0.2592141334145598,0.23675310033821867,0.4989258861439312,0.3645833333333333,0.29384965831435084,0.4838492597577389,0.7235754189944134,0.4480151228733459,0.19989310529128806,0.274847307051638,0.0,0.31831255992329827,0.29478458049886624,0.756
0.24324324324324323,0.7950530035335688,0.3652102225886231,0.503531786074672,0.5015120967741935,0.2568595803550841,0.14530714062987216,0.2615546218487395,0.5427962229667986,0.5904735062006763,0.5418904403866809,0.2690972222222222,0.24525436598329542,0.21332436069986543,0.7798882681564245,0.5189035916824196,0.10529128808123994,0.6479733481399224,0.0,0.26366251198465973,0.643140589569161,0.748
0.24424424424424424,0.8548024413748795,0.6215993404781532,0.8052472250252269,0.23084677419354838,0.5738990085312428,0.21608980355472407,0.7394957983193278,0.17971367651538228,0.21589627959413743,0.3834586466165413,0.19270833333333331,0.11769172361427493,0.5141318977119785,0.6708379888268157,0.5671077504725897,0.24104756814537676,0.3098278734036647,0.0,0.2229146692233941,0.20748299319727892,0.817
0.24524524524524524,0.7770639254738194,0.7497938994229182,0.6059535822401614,0.6315524193548387,0.29467373760664056,0.1783598378546929,0.37289915966386555,0.5994517209869022,0.6164036076662908,0.9108485499462943,0.3680555555555556,0.31890660592255127,0.6083445491251682,0.7796648044692738,0.608695652173913,0.3169428113308391,0.546918378678512,0.0,0.24400767018216696,0.6879251700680272,0.772
0.24624624624624625,0.6594924510118856,0.5317394888705687,0.5267406659939455,0.3220766129032258,0.47106294673737603,0.3448705955721859,0.3918067226890757,0.5068534876637223,0.375140924464487,0.5327604726100966,0.34982638888888884,0.32194381169324227,0.38761776581426655,0.6055865921787709,0.38185255198487705,0.46873329770176375,0.5202665186007774,0.0,0.36193672099712376,0.5719954648526078,0.423
0.24724724724724725,0.5978156119498875,0.5861500412201153,0.5237134207870837,0.43245967741935487,0.6170163707632004,0.3738696601184909,0.3965336134453782,0.47913493755711245,0.2818489289740698,0.4876476906552094,0.6128472222222222,0.35839028094153386,0.4293405114401077,0.45631284916201115,0.4527410207939508,0.5034740780331373,0.37645752359800116,0.0,0.5019175455417066,0.5017006802721089,0.55
0.24824824824824826,0.8589784773530357,0.5762572135201978,0.8733602421796165,0.4571572580645161,0.5868111597878718,0.3869660118490802,0.42174369747899154,0.4669509594882729,0.34244644870349483,0.3909774436090225,0.1015625,0.23766135155656803,0.4656796769851952,0.622122905027933,0.43194706994328913,0.40513094601817207,0.39089394780677406,0.0,0.36816874400767025,0.4481292517006803,1.482
0.24924924924924924,0.6514616125923547,0.5453421269579554,0.4656912209889001,0.35282258064516125,0.3880562600876182,0.35048331774243846,0.32563025210084034,0.7276880901614378,0.5391770011273956,0.5655209452201932,0.02256944444444442,0.3675018982536067,0.5033647375504711,0.6149720670391061,0.5151228733459357,0.4505611972207375,0.7046085508051083,0.0,0.4050814956855226,0.6918934240362812,0.863
0.2502502502502503,0.7915194346289752,0.4451772464962901,1.0,0.4153225806451613,0.40581046806548304,0.4518241347053321,0.3933823529411765,0.5863539445628998,0.45687711386696717,0.5021482277121374,0.2578125,0.3264996203492787,0.33580080753701214,0.606927374301676,0.82703213610586,0.44254409406734363,0.4775124930594115,0.0,0.4539789069990413,0.6162131519274376,1.43
0.25125125125125125,0.6623835528429167,0.6611706512778235,0.7558022199798182,0.07963709677419355,0.4360156790408116,0.2881197380729654,0.26995798319327735,0.5409686262564727,0.4430665163472378,0.7008592910848549,0.42795138888888884,0.27182991647684135,0.5074024226110364,0.6601117318435754,0.5368620037807182,0.3677177979690005,0.48195446973903394,0.0,0.37967401725790995,0.6037414965986395,1.1
0.25225225225225223,0.4346289752650177,0.41508656224237417,0.5918264379414733,0.5851814516129032,0.6788102374913535,0.5547240411599627,0.4332983193277311,0.48735912275357907,0.2232243517474633,0.3764769065520945,0.49479166666666663,0.5876993166287017,0.3149394347240916,0.4167597765363128,0.25992438563327025,0.5382148583645109,0.16768461965574682,0.0,0.6409395973154364,0.4965986394557823,0.263
0.25325325325325326,0.8403469322197236,0.9488870568837591,0.7956609485368313,0.6376008064516129,0.6859580355084159,0.2874961022762707,0.7626050420168067,0.22388059701492546,0.21223224351747455,0.6288936627282491,0.15104166666666669,0.21412300683371305,0.7510094212651414,0.749050279329609,0.5756143667296786,0.39978621058257613,0.3931149361465853,0.0,0.3475551294343241,0.17828798185941042,1.022
0.25425425425425424,0.6980404754256343,0.532151690024732,0.5640766902119071,0.8523185483870968,0.4800553377910999,0.3389460555035859,0.5257352941176472,0.41212305817849526,0.375140924464487,0.49248120300751874,0.33854166666666663,0.2300683371298406,0.3115746971736205,0.5977653631284916,0.8090737240075614,0.46499198289684657,0.5291504719600223,0.0,0.3739213806327901,0.44359410430839,0.702
0.2552552552552553,0.5910697076774815,0.32481450948062646,0.5393541876892027,0.3492943548387097,0.683882868342172,0.38415965076395386,0.573529411764706,0.2698751142247944,0.20293122886133025,0.23147153598281411,0.47829861111111105,0.2331055429005316,0.44818304172274565,0.4907262569832402,0.4688090737240075,0.6285408872260823,0.292059966685175,0.0,0.6035474592521572,0.3900226757369614,0.233
0.25625625625625625,0.5367812399614519,0.37056883759274517,0.6220988900100908,0.3004032258064516,0.5738990085312428,0.5014031805425632,0.6108193277310925,0.4282668291197076,0.24239007891770004,0.45220193340494086,0.3819444444444444,0.3750949126803341,0.2947510094212652,0.5032402234636871,0.5737240075614366,0.373597006948156,0.2776235424764021,0.0,0.488974113135187,0.4087301587301587,0.386
0.25725725725725723,0.3925473819466752,0.5700741962077492,0.6488395560040363,0.44556451612903225,0.751210514180309,0.5656376676021204,0.5362394957983193,0.44227840389887296,0.20095828635851176,0.4978517722878625,0.6284722222222222,0.47532270311313596,0.4293405114401077,0.32268156424581,0.5151228733459357,0.5638695884553714,0.24986118822876185,0.0,0.5843720038350911,0.42063492063492064,0.407
0.25825825825825827,0.49148731127529716,0.5206100577081615,0.656912209889001,0.7913306451612903,0.7050956882637769,0.6735266604303087,0.6649159663865547,0.46085897045385316,0.2277339346110484,0.388829215896885,0.33333333333333326,0.49734244495064545,0.5565275908479139,0.33877094972067034,0.5056710775047258,0.698556921432389,0.3142698500832871,0.0,0.7219558964525409,0.3937074829931973,0.899
0.25925925925925924,0.6688082235785415,0.36933223413025545,0.7270433905146316,0.4475806451612903,0.4258704173391745,0.36856875584658566,0.3429621848739496,0.533658239415169,0.4726606538895151,0.4038668098818474,0.46354166666666663,0.2513287775246773,0.2967698519515478,0.4811173184357541,0.5226843100189035,0.3928380545163014,0.48028872848417553,0.0,0.5254074784276127,0.6527777777777778,1.026
0.2602602602602603,0.6893671699325409,0.6067600989282769,0.47325933400605447,0.39818548387096775,0.2898316808854046,0.2616152167134394,0.21271008403361347,0.7331708802924155,0.6488162344983088,0.880236305048335,0.3914930555555556,0.3735763097949886,0.4226110363391656,0.6350837988826815,0.4508506616257088,0.3425975414216996,0.6646307606885065,0.0,0.31399808245445837,0.7593537414965986,0.753
0.26126126126126126,0.4070028911018311,0.6170651277823577,0.549949545913219,0.6169354838709677,0.5879640304357852,0.567820392890552,0.3503151260504202,0.5961011270179714,0.43404735062006755,0.4860365198711063,0.4739583333333333,0.4920273348519363,0.39905787348586813,0.41944134078212286,0.6285444234404536,0.5483698556921432,0.4764019988895059,0.0,0.5733461169702782,0.5810657596371882,0.446
0.26226226226226224,0.707035014455509,0.6665292662819454,0.8446014127144297,0.43951612903225806,0.42448697256167855,0.3651387589647646,0.41334033613445376,0.5839171489491319,0.4782976324689965,0.7583243823845327,0.4739583333333333,0.3394077448747153,0.6372812920592195,0.6020111731843575,0.603024574669187,0.43452699091394975,0.5796779566907274,0.0,0.3370086289549378,0.5992063492063492,1.179
0.26326326326326327,0.7455830388692578,0.7716405605935694,0.5711402623612511,0.39969758064516125,0.34540004611482594,0.16994075459931401,0.24474789915966388,0.6195552848004873,0.5862457722660652,0.7921589688506981,0.27951388888888884,0.31055429005315116,0.6527590847913863,0.6811173184357542,0.5075614366729678,0.3500801710315339,0.6579677956690728,0.0,0.3326941514860979,0.6797052154195011,0.837
0.26426426426426425,0.5107613234821715,0.3973619126133552,0.7149344096871846,0.5257056451612903,0.6977173161171317,0.4945431867789212,0.5042016806722689,0.4669509594882729,0.21166854565952642,0.2561761546723952,0.7074652777777777,0.47532270311313596,0.34522207267833116,0.3810055865921787,0.19943289224952732,0.6873329770176375,0.23986674069961134,0.0,0.5997123681687441,0.5130385487528345,0.745
0.2652652652652653,0.7288788949566334,0.5894476504534212,0.44904137235116043,0.5423387096774194,0.3373299515794328,0.1621453071406299,0.32037815126050423,0.5494974109046604,0.5310033821871476,0.7841031149301826,0.40625,0.18982536066818528,0.4004037685060565,0.7890502793296089,0.5415879017013232,0.33458043826830564,0.5885619100499723,0.0,0.24352828379674019,0.6329365079365079,0.443
0.26626626626626626,0.7054288467716029,0.35160758450123647,0.5272452068617558,0.39616935483870963,0.3543924371685497,0.3352042407234176,0.16439075630252103,0.603106914407554,0.6200676437429536,0.583780880773362,0.3680555555555556,0.2042520880789674,0.2886944818304173,0.6087150837988827,0.44234404536861993,0.44895777659005875,0.6335369239311495,0.0,0.4477468839884948,0.7267573696145124,0.878
0.26726726726726724,0.826212656601349,0.591096455070074,0.6185671039354188,0.2036290322580645,0.28614249481208204,0.19582164016214532,0.4017857142857143,0.5379226317392629,0.45462232243517464,0.6949516648764769,0.3402777777777778,0.13819286256643892,0.5511440107671602,0.7705027932960893,0.5283553875236294,0.18332442544094063,0.5652415324819545,0.0,0.14477468839884955,0.5742630385487528,0.827
0.2682682682682683,0.5236106649534211,0.5152514427040394,0.6503531786074672,0.22580645161290325,0.675812773806779,0.5859058309946992,0.6192226890756303,0.4623819677124581,0.19729425028184883,0.38023630504833505,0.41232638888888884,0.38952164009111623,0.5161507402422612,0.4708379888268156,0.14177693761814741,0.6060929983965793,0.3464741810105498,0.0,0.5632790028763184,0.42545351473922904,0.756
0.26926926926926925,0.46803726309026666,0.39241549876339643,0.37436932391523714,0.53125,0.6518330643301822,0.41596507639538516,0.4364495798319328,0.34358818154127324,0.18827508455467856,0.3609022556390977,0.6258680555555555,0.32574031890660593,0.3909825033647376,0.543463687150838,0.40926275992438554,0.5146980224478888,0.24375347029428096,0.0,0.4630872483221477,0.41524943310657597,0.006
0.2702702702702703,0.6113074204946997,0.4962901896125308,0.5852674066599395,0.30645161290322576,0.3626931058335255,0.417524165887122,0.17279411764705882,0.7316478830338106,0.6025930101465613,0.6423200859291084,0.3637152777777778,0.45785876993166297,0.3815612382234186,0.5792178770949721,0.49716446124763697,0.3677177979690005,0.6368684064408663,0.0,0.38830297219558974,0.7341269841269842,0.684
0.27127127127127126,0.4086090587857372,0.5395713107996701,0.5913218970736629,0.5393145161290323,0.5782799169933134,0.5026504521359527,0.23476890756302526,0.67590618336887,0.5073280721533258,0.47959183673469385,0.6840277777777777,0.5056947608200456,0.3398384925975774,0.3345251396648044,0.4792060491493383,0.6835916622127204,0.4386451971127152,0.0,0.7301054650047939,0.7040816326530612,0.544
0.27227227227227224,0.7928043687761002,0.5807914262159932,0.7083753784056508,0.3412298387096774,0.549227576665898,0.28094792641097605,0.6076680672268908,0.2768809016143772,0.2556369785794813,0.6052631578947368,0.2682291666666667,0.16628701594533035,0.5242261103633917,0.644022346368715,0.6814744801512287,0.38321753073222875,0.385341476957246,0.0,0.3672099712368169,0.3069727891156463,0.736
0.2732732732732733,0.3270157404433023,0.5272052761747732,0.5100908173562058,0.3079637096774194,0.6788102374913535,0.5762394761459309,0.375,0.46390496497106304,0.37880496054114987,0.6020408163265305,0.6354166666666666,0.5451784358390281,0.5491251682368775,0.34636871508379885,0.35916824196597347,0.655264564404062,0.4580788450860634,0.0,0.5973154362416109,0.5566893424036281,0.474
0.27427427427427425,0.5017667844522967,0.45754328112118703,0.7507568113017153,0.6507056451612903,0.657366843440166,0.5154349859681946,0.4459033613445378,0.4392324093816631,0.2640924464487034,0.41783029001074107,0.4704861111111111,0.5550493545937738,0.271870794078062,0.3827932960893854,0.41965973534971635,0.5291288081239978,0.3392559689061633,0.0,0.6591562799616492,0.4852607709750567,0.789
0.2752752752752753,0.49887568262126564,0.30420445177246486,0.4631685166498486,0.46169354838709675,0.46944892783029746,0.41596507639538516,0.3608193277310925,0.4544623819677125,0.3903607666290867,0.5617615467239527,0.618923611111111,0.32953682611996965,0.2590847913862719,0.5915083798882682,0.4177693761814744,0.3297701763762694,0.37534702942809556,0.0,0.3854266538830298,0.5632086167800454,0.355
0.27627627627627627,0.7571474461933825,0.4645507007419619,0.5474268415741674,0.2923387096774194,0.44454692183537003,0.31493607733083884,0.5609243697478992,0.37374352726165094,0.33793686583990973,0.4044038668098818,0.38888888888888884,0.1951404707668945,0.37954239569313597,0.7162011173184357,0.6862003780718335,0.3703901656867985,0.5002776235424765,0.0,0.3475551294343241,0.45181405895691606,0.586
0.2772772772772773,0.42113716672020557,0.7328936521022257,0.42633703329969724,0.3931451612903226,0.5208669587272308,0.3448705955721859,0.4590336134453782,0.5434054218702407,0.3652762119503945,0.8850698174006444,0.6432291666666666,0.5003796507213364,0.5827725437415882,0.49363128491620106,0.4130434782608695,0.4521646178514163,0.2887284841754581,0.0,0.44918504314477475,0.6414399092970522,0.312
0.2782782782782783,0.5486668808223578,0.6310799670239076,0.48385469223007066,0.2404233870967742,0.46783490892321883,0.2700342999688182,0.3272058823529412,0.5607675906183369,0.4811161217587372,0.5762620837808807,0.5416666666666666,0.24145785876993175,0.49932705248990583,0.5465921787709497,0.47258979206049145,0.46873329770176375,0.5674625208217657,0.0,0.5139022051773731,0.6476757369614512,0.412
0.27927927927927926,0.6829424991969161,0.4154987633965374,0.487891019172553,0.21471774193548387,0.4945815079548075,0.32117243529778616,0.548844537815126,0.43740481267133724,0.2835400225479142,0.4854994629430719,0.2873263888888889,0.3166287015945331,0.33445491251682374,0.6355307262569833,0.4640831758034026,0.4088722608230892,0.4181010549694615,0.0,0.45062320230105474,0.46541950113378683,0.373
0.2802802802802803,0.5470607131384516,0.6492168178070897,0.3012108980827447,0.14768145161290322,0.35762047498270694,0.3735578422201435,0.349264705882353,0.721291501675297,0.5541149943630214,0.7696025778732545,0.48871527777777773,0.3264996203492787,0.5841184387617766,0.6073743016759776,0.35444234404536856,0.45964724746125063,0.5180455302609662,0.0,0.36816874400767025,0.7312925170068028,0.306
0.28128128128128127,0.539672341792483,0.5123660346248968,0.334510595358224,0.5272177419354839,0.5317039428176159,0.4137823511069536,0.33613445378151263,0.5482790130977764,0.41375422773393455,0.5456498388829215,0.501736111111111,0.24905087319665908,0.6164199192462988,0.5139664804469274,0.4489603024574669,0.5366114377338321,0.46696279844530825,0.0,0.6088207094918505,0.6179138321995465,0.289
0.2822822822822823,0.6855123674911661,0.6809563066776585,0.2805247225025227,0.4329637096774194,0.19921604795941888,0.17181166198939818,0.2316176470588236,0.6886993603411513,0.5938556933483652,1.0,0.4852430555555555,0.2042520880789674,0.6244952893674294,0.8446927374301676,0.5255198487712665,0.19615179048637094,0.6513048306496392,0.0,0.08628954937679767,0.6964285714285714,-0.026
0.2832832832832833,0.5171859942177963,0.681780708985985,0.7563067608476286,0.35181451612903225,0.6204749827069403,0.567820392890552,0.398109243697479,0.648796832165702,0.38190529875986456,0.4973147153598281,0.2612847222222222,0.533788914198937,0.6056527590847914,0.4245810055865921,0.46030245746691867,0.703901656867985,0.55247084952804,0.0,0.6198465963566635,0.5595238095238095,0.964
0.28428428428428426,0.6771602955348537,0.765457543281121,0.3304742684157417,0.5473790322580645,0.34747521328106984,0.23791705643903965,0.22216386554621853,0.720986902223576,0.5704622322435173,0.939312567132116,0.38107638888888884,0.29384965831435084,0.6857335127860027,0.7157541899441341,0.42060491493383734,0.42330304649919825,0.6785119378123265,0.0,0.27564717162032604,0.7264739229024944,0.346
0.2852852852852853,0.8239640218438805,0.5597691673536684,0.594853683148335,0.623991935483871,0.3668434401660134,0.28936700966635487,0.24422268907563027,0.6689003959792872,0.540586245772266,0.6084854994629431,0.3368055555555555,0.21184510250569483,0.598250336473755,0.7993296089385474,0.5671077504725897,0.40833778727952963,0.6513048306496392,0.0,0.300575263662512,0.6740362811791383,1.024
0.2862862862862863,0.7475104400899454,0.4777411376751854,0.5721493440968718,0.4536290322580645,0.5141803089693336,0.222014343623324,0.5341386554621849,0.3792263173926287,0.3480834272829762,0.47905477980665945,0.3680555555555556,0.14578587699316636,0.3815612382234186,0.6089385474860335,0.54820415879017,0.3869588455371459,0.3553581343697946,0.0,0.3772770853307767,0.45408163265306123,0.562
0.2872872872872873,0.6360424028268551,0.7411376751854903,0.8097880928355197,0.2782258064516129,0.5856582891399585,0.4349859681945744,0.3235294117647059,0.6229058787694182,0.40755355129650495,0.5698174006444683,0.45312499999999994,0.40091116173120733,0.6433378196500673,0.5606703910614526,0.47164461247637046,0.4885088188134687,0.4353137146029984,0.0,0.4511025886864814,0.5640589569160998,0.902
0.2882882882882883,0.8711853517507226,0.6108821104699091,0.7325933400605449,0.6098790322580645,0.5183306433018215,0.18646710321172444,0.5399159663865547,0.31038684130368566,0.2959413754227733,0.46670247046186886,0.2647569444444445,0.05618830675778286,0.5134589502018843,0.6958659217877096,0.5330812854442343,0.4019241047568145,0.5269294836202111,0.0,0.40843720038350917,0.4251700680272109,1.03
0.28928928928928926,0.4628975265017668,0.22629843363561408,0.6412714429868819,0.46219758064516125,0.5462301129813235,0.5456813221078891,0.5126050420168067,0.5604629911666159,0.31031567080045086,0.42534908700322227,0.6197916666666666,0.5208807896735004,0.1399730820995963,0.3926256983240223,0.11436672967863892,0.5408872260823089,0.3114936146585231,0.0,0.6241610738255035,0.5850340136054422,0.544
0.2902902902902903,0.6061676839061998,0.4126133553173948,0.7209889001009082,0.40020161290322576,0.5681346552916763,0.4608668537574057,0.5005252100840337,0.5019798964361863,0.3399098083427282,0.36949516648764763,0.2847222222222222,0.3249810174639332,0.37752355316285335,0.4668156424581005,0.39886578449905474,0.45964724746125063,0.3614658523042754,0.0,0.5493767976989454,0.5082199546485261,1.005
0.2912912912912913,0.46482492772245426,0.6933223413025555,0.4419778002018163,0.3251008064516129,0.5821996771962186,0.3311506080449018,0.286764705882353,0.5671641791044776,0.3928974069898533,0.6756176154672395,0.5885416666666666,0.4221716021260441,0.5161507402422612,0.44849162011173177,0.5028355387523629,0.5088188134687333,0.49750138811771244,0.0,0.5738255033557047,0.5799319727891157,0.287
0.2922922922922923,0.6768390619980725,0.5309150865622423,0.594853683148335,0.676915322580645,0.6186303896702791,0.26847521047708145,0.5451680672268908,0.2113920194943648,0.1716459977452085,0.4274973147153598,0.4704861111111111,0.19438116932422173,0.39502018842530284,0.6545251396648045,0.5094517958412097,0.31961517904863707,0.2554136590782899,0.0,0.3355704697986578,0.3310657596371882,0.357
0.2932932932932933,0.8310311596530677,0.46990931574608397,0.701816347124117,0.3306451612903226,0.41411113673045885,0.21484253196133463,0.2804621848739496,0.48644532439841615,0.47406989853438547,0.33995703544575717,0.2604166666666667,0.1328777524677297,0.3378196500672948,0.7305027932960894,0.6483931947069943,0.36664885088188137,0.5757912270960578,0.0,0.364333652924257,0.5850340136054422,1.214
0.29429429429429427,0.7141021522646964,0.4113767518549051,0.6912209889001009,0.420866935483871,0.43025132580124514,0.30651699407545996,0.40388655462184875,0.47578434358818156,0.42728297632468987,0.45273899033297527,0.2265625,0.4153378891419894,0.3176312247644684,0.6998882681564246,0.9310018903591681,0.28594334580438263,0.41143808995002784,0.0,0.29817833173537883,0.49574829931972786,0.885
0.2952952952952953,0.5579826533890138,0.503709810387469,0.30272452068617556,0.6446572580645161,0.40926908000922296,0.2828188338010602,0.2998949579831933,0.6088943039902528,0.5481961668545658,0.640171858216971,0.650173611111111,0.28094153378891423,0.4475100942126514,0.5991061452513966,0.6323251417769375,0.3757349011223944,0.544142143253748,0.0,0.33077660594439123,0.6660997732426304,0.166
0.2962962962962963,0.4474783167362673,0.5618301731244846,0.6205852674066599,0.4012096774193548,0.7740373530089925,0.6251948861864672,0.8287815126050421,0.2707889125799574,0.10710259301014646,0.4688506981740064,0.6258680555555555,0.5717539863325741,0.5248990578734859,0.4824581005586592,0.6578449905482041,0.5702832709780865,0.10716268739589119,0.0,0.4616490891658678,0.17290249433106586,0.528
0.2972972972972973,0.696113074204947,0.6541632316570485,0.688193743693239,0.2474798387096774,0.38044731381139035,0.2837542874961023,0.3450630252100841,0.5702101736216875,0.43855693348365266,0.6949516648764769,0.3567708333333333,0.3606681852695521,0.44818304172274565,0.6692737430167598,0.7230623818525519,0.24265098877605557,0.4736257634647419,0.0,0.3240651965484181,0.5972222222222222,0.853
0.2982982982982983,0.574365563764857,0.4179719703215168,0.7361251261352169,0.5075604838709677,0.73829836292368,0.45556594948550055,0.6743697478991597,0.3012488577520561,0.21871476888387814,0.4860365198711063,0.5104166666666666,0.37737281700835235,0.23485868102288027,0.4422346368715083,0.4281663516068052,0.5547835382148584,0.17101610216546365,0.0,0.6021093000958774,0.33871882086167804,0.5
0.29929929929929927,0.5624799229039511,0.5061830173124483,0.7522704339051463,0.36088709677419356,0.6414572284989625,0.4836295603367634,0.6008403361344538,0.36978373438927803,0.2514092446448703,0.4892588614393125,0.34201388888888884,0.4464692482915718,0.4919246298788695,0.5763128491620112,0.4678638941398865,0.5665419561731694,0.37534702942809556,0.0,0.4832214765100672,0.39087301587301587,0.775
0.3003003003003003,0.5387086411821393,0.3606760098928276,0.5287588294651866,0.7328629032258065,0.7931750057643533,0.5266604303086998,0.7022058823529412,0.14316174230886392,0.07018038331454335,0.35177228786251336,0.49652777777777773,0.3735763097949886,0.388963660834455,0.450949720670391,0.5207939508506616,0.5376803848209513,0.12270960577456969,0.0,0.5393096836049857,0.15787981859410438,0.087
0.3013013013013013,0.42916800513973663,0.5902720527617475,0.41321897073662966,0.22127016129032256,0.5250172930597188,0.4352977860929218,0.45378151260504207,0.5452330185805665,0.395715896279594,0.5504833512352308,0.5607638888888888,0.3477600607441155,0.5363391655450875,0.5153072625698324,0.5992438563327032,0.3944414751469802,0.41421432537479186,0.0,0.4069990412272292,0.5314625850340136,0.249
0.3023023023023023,0.4378413106328301,0.4711459192085736,0.45459132189707363,0.36743951612903225,0.5953424025824303,0.49329591518553173,0.5346638655462185,0.418215047212915,0.28438556933483644,0.4317937701396347,0.4522569444444444,0.4502657555049355,0.388963660834455,0.426145251396648,0.5671077504725897,0.501336183858899,0.30149916712937264,0.0,0.5287631831255992,0.4606009070294785,0.349
0.3033033033033033,0.5033729521362029,0.4179719703215168,0.5237134207870837,0.5695564516129032,0.6313119667973254,0.4876831930152791,0.3082983193277311,0.5738653670423393,0.34949267192784655,0.3002148227712137,0.6371527777777777,0.4069855732725893,0.41184387617765816,0.35418994413407817,0.34688090737240074,0.7215392838054515,0.385341476957246,0.0,0.7507190795781401,0.6601473922902494,0.302
0.30430430430430433,0.5875361387728878,0.5424567188788127,0.43995963673057514,0.6638104838709677,0.5459995388517409,0.41877143748051143,0.23371848739495804,0.6283886689003959,0.5107102593010145,0.45220193340494086,0.2890625,0.33485193621867887,0.5040376850605653,0.47843575418994405,0.659735349716446,0.6098343132014965,0.6213214880621878,0.0,0.5421860019175456,0.6295351473922903,0.416
0.3053053053053053,0.8551236749116607,0.5148392415498761,0.4505549949545913,0.3407258064516129,0.3424025824302513,0.04022450888681012,0.3960084033613446,0.36734693877551017,0.4673055242390078,0.5902255639097744,0.4895833333333333,0.01518602885345488,0.5269179004037685,0.7850279329608939,0.553875236294896,0.3837520042757883,0.592448639644642,0.0,0.18456375838926176,0.5856009070294785,0.256
0.3063063063063063,0.6427883070992612,0.5845012366034623,0.5297679112008072,0.3412298387096774,0.2729997694258704,0.3033988150919863,0.053046218487394964,0.81480353335364,0.7872040586245771,0.6723952738990332,0.4019097222222222,0.428246013667426,0.5289367429340511,0.6925139664804469,0.330812854442344,0.33458043826830564,0.7273736812881734,0.0,0.27181208053691275,0.8197278911564626,0.462
0.3073073073073073,0.8387407645358175,0.5972794723825225,0.624117053481332,0.7263104838709677,0.4030435785104911,0.12223261615216713,0.27415966386554624,0.5394456289978677,0.5580608793686583,0.5789473684210525,0.2543402777777778,0.2050113895216401,0.4724091520861373,0.6911731843575418,0.5141776937618147,0.40619989310529125,0.6563020544142144,0.0,0.3063279002876319,0.6400226757369615,0.694
0.3083083083083083,0.5830388692579506,0.48062654575432795,0.6675075681130171,0.23336693548387097,0.4985012681577127,0.4443405051449954,0.1586134453781513,0.6509290283277489,0.5701803833145433,0.4720730397422126,0.4487847222222222,0.32194381169324227,0.4138627187079408,0.4328491620111732,0.4754253308128544,0.5563869588455371,0.5508051082731816,0.0,0.5599232981783318,0.7236394557823129,0.806
0.30930930930930933,0.6655958882107291,0.4583676834295135,0.660443995963673,0.3865927419354839,0.3133502421028361,0.4340505144995323,0.319327731092437,0.6935729515686873,0.6090755355129649,0.6245972073039742,0.36197916666666663,0.28473804100227795,0.4279946164199193,0.6431284916201118,0.551039697542533,0.4526990913949759,0.6307606885063854,0.0,0.3787152444870566,0.7148526077097506,1.147
0.3103103103103103,0.708319948602634,0.5865622423742786,0.622603430877901,0.5327620967741935,0.3643071247406041,0.27221702525724983,0.1470588235294118,0.6082851050868108,0.5622886133032693,0.5746509129967776,0.25,0.16856492027334857,0.4663526244952894,0.5865921787709497,0.4224952741020793,0.46873329770176375,0.6401998889505831,0.0,0.4511025886864814,0.7003968253968254,0.904
0.3113113113113113,0.7292001284934148,0.5581203627370155,0.2714429868819374,0.6290322580645161,0.29052340327415266,0.18490801371998755,0.47531512605042026,0.5278708498324702,0.4867531003382186,0.7459720730397421,0.4505208333333333,0.24221716021260448,0.4475100942126514,0.8118435754189943,0.6502835538752362,0.2063067878140032,0.620766240977235,0.0,0.17976989453499526,0.562641723356009,0.289
0.3123123123123123,0.4204946996466431,0.42126957955482264,0.31786074672048437,0.654233870967742,0.5888863269541158,0.41066417212347994,0.388655462184874,0.5427962229667986,0.371476888387824,0.40118152524167555,0.6883680555555555,0.4297646165527715,0.3808882907133244,0.49162011173184356,0.5151228733459357,0.48262960983431313,0.3448084397556913,0.0,0.4343240651965485,0.576530612244898,-0.113
0.3133133133133133,0.5371024734982331,0.4534212695795547,0.34611503531786075,0.8618951612903225,0.5360848512796864,0.29279700654817586,0.20640756302521013,0.5763021626561072,0.5577790304396842,0.374328678839957,0.46701388888888884,0.19741837509491272,0.4165545087483177,0.4726256983240223,0.6436672967863893,0.5430251202565473,0.4797334813992227,0.0,0.5594439117929052,0.6723356009070295,0.126
0.31431431431431434,0.5978156119498875,0.46990931574608397,0.5524722502522704,0.5453629032258065,0.4599953885174084,0.38010601808543815,0.3025210084033613,0.5065488882120012,0.37570462232243507,0.604189044038668,0.4114583333333333,0.47304479878511774,0.3559892328398385,0.6500558659217878,0.34688090737240074,0.43987172634954563,0.40033314825097177,0.0,0.43576222435282846,0.5836167800453514,0.54
0.3153153153153153,0.6148409893992932,0.49670239076669404,0.5484359233097881,0.4012096774193548,0.4860502651602491,0.41128780792017466,0.44905462184873945,0.4517209869022236,0.4067080045095828,0.5698174006444683,0.4348958333333333,0.31055429005315116,0.4185733512786003,0.667486033519553,0.7051039697542533,0.3126670229823624,0.4725152692948363,0.0,0.353307766059444,0.4387755102040817,0.526
0.3163163163163163,0.6482492772245422,0.5663643858202801,0.46215943491422806,0.5110887096774193,0.3608485127968642,0.1443716869348301,0.1628151260504202,0.558939993908011,0.6327508455467868,0.7132116004296455,0.47829861111111105,0.255125284738041,0.4125168236877524,0.5991061452513966,0.5330812854442343,0.21272047033671831,0.5741254858411994,0.0,0.2660594439117929,0.7006802721088435,0.556
0.3173173173173173,0.7388371345968519,0.7357790601813683,0.4712411705348133,0.736391129032258,0.32326492967489046,0.2569379482382289,0.20115546218487396,0.7618032287541883,0.6930665163472378,0.6702470461868958,0.40451388888888884,0.3743356112376614,0.6695827725437415,0.6505027932960894,0.7788279773156899,0.444681988241582,0.7357023875624654,0.0,0.36289549376797703,0.780045351473923,0.551
0.3183183183183183,0.7584323803405074,0.4286892003297608,0.7583249243188699,0.5695564516129032,0.4726769656444547,0.34362332397879647,0.6207983193277311,0.3658239415169052,0.19081172491544524,0.533297529538131,0.509548611111111,0.25208807896735,0.3882907133243607,0.7246927374301676,0.3516068052930056,0.26296098343132013,0.24819544697390344,0.0,0.21380632790028764,0.39285714285714285,0.844
0.31931931931931934,0.6064889174429811,0.34501236603462476,0.39354187689202824,0.296875,0.4805164860502652,0.34549423136888063,0.4558823529411765,0.374961925068535,0.2387260428410371,0.5461868958109559,0.4644097222222222,0.31890660592255127,0.31830417227456265,0.7383240223463687,0.5217391304347825,0.26242650988776056,0.30149916712937264,0.0,0.23441994247363385,0.42346938775510207,0.112
0.3203203203203203,0.7192418888531962,0.6624072547403131,0.6786074672048437,0.2247983870967742,0.4927369149181462,0.3439351418771438,0.523109243697479,0.5004568991775815,0.37344983089064254,0.47744360902255634,0.2387152777777778,0.3037205770690965,0.6527590847913863,0.6382122905027934,0.54820415879017,0.5146980224478888,0.5941143808995004,0.0,0.3830297219558965,0.5127551020408163,0.987
0.3213213213213213,0.35560552521683264,0.6187139323990106,0.7134207870837537,0.2036290322580645,0.6808854046575975,0.6470221390707828,0.4921218487394958,0.5296984465427963,0.24746335963923333,0.4994629430719656,0.4956597222222222,0.6856492027334853,0.5228802153432033,0.3401117318435754,0.2788279773156899,0.6392303580972741,0.2848417545807885,0.0,0.703739213806328,0.49007936507936506,0.776
0.32232232232232233,0.5554127850947639,0.5247320692497938,0.5983854692230071,0.5871975806451613,0.4595342402582431,0.48019956345494236,0.3786764705882353,0.5205604629911667,0.3740135287485907,0.6439312567132115,0.5633680555555555,0.3910402429764617,0.3788694481830418,0.5729608938547486,0.49810964083175796,0.34847675040085513,0.41310383120488625,0.0,0.33509108341323113,0.504251700680272,0.533
0.3233233233233233,0.6485705107613233,0.4497114591920856,0.7013118062563067,0.5206653225806451,0.44685266313119665,0.38384783286560653,0.4012605042016807,0.5653365823941516,0.4072717023675309,0.48335123523093443,0.3012152777777778,0.3378891419893698,0.3721399730820996,0.5202234636871509,0.6984877126654063,0.45857830037413144,0.4553026096612993,0.0,0.5076701821668266,0.622732426303855,0.892
0.32432432432432434,0.5493093478959202,0.7003297609233304,0.670534813319879,0.5473790322580645,0.6746599031588656,0.4898659183037107,0.5147058823529412,0.5403594273530308,0.3537204058624576,0.45059076262083775,0.4774305555555555,0.36674259681093396,0.6339165545087484,0.39150837988826814,0.24102079395085063,0.7322287546766435,0.4480843975569129,0.0,0.6893576222435284,0.5294784580498866,0.725
0.3253253253253253,0.6238355284291679,0.36397361912613346,0.7502522704339052,0.6370967741935484,0.47728844823610794,0.48830682881197385,0.5152310924369748,0.5552848004873592,0.42643742953776764,0.5166487647690654,0.5885416666666666,0.36674259681093396,0.3310901749663527,0.5792178770949721,0.37807183364839314,0.4286477819347942,0.3842309827873404,0.0,0.4573346116970279,0.5694444444444444,0.822
0.3263263263263263,0.6074526180533247,0.5424567188788127,0.4036326942482341,0.27620967741935487,0.2649296748904773,0.23261615216713444,0.30409663865546216,0.6018885166006702,0.545095828635851,0.8399570354457572,0.4383680555555555,0.3735763097949886,0.36810228802153433,0.652513966480447,0.47637051039697537,0.28861571352218063,0.5502498611882288,0.0,0.36529242569511033,0.6780045351473923,0.365
0.32732732732732733,0.6784452296819787,0.4719703215169001,0.5489404641775983,0.4778225806451613,0.7341480285911921,0.3464296850639227,0.7599789915966387,0.10325921413341455,0.11048478015783536,0.2749731471535982,0.4305555555555555,0.21412300683371305,0.351278600269179,0.5865921787709497,0.37712665406427215,0.4019241047568145,0.26207662409772353,0.0,0.4002876318312561,0.17261904761904756,0.43
0.3283283283283283,0.6797301638291037,0.5457543281121185,0.5095862764883956,0.28326612903225806,0.3626931058335255,0.18272528843155605,0.38970588235294124,0.5613767895217789,0.4650507328072152,0.6847475832438238,0.46354166666666663,0.21488230827638577,0.45895020188425306,0.6679329608938548,0.3175803402646502,0.33725280598610363,0.4941699056079956,0.0,0.2847555129434325,0.6422902494331065,0.201
0.32932932932932935,0.42724060391904917,0.6908491343775761,0.2542885973763875,0.09072580645161289,0.7343786027207748,0.5463049579045838,0.6402310924369748,0.35089856838257694,0.11696730552423895,0.6138560687432868,0.45572916666666663,0.3591495823842066,0.7590847913862719,0.44156424581005577,0.40548204158790163,0.4869053981827899,0.3131593559133815,0.0,0.4990412272291468,0.28826530612244894,-0.004
0.3303303303303303,0.4985544490844844,0.47897774113767505,0.8496468213925328,0.24848790322580644,0.6818077011759281,0.6251948861864672,0.49369747899159666,0.39506548888212,0.25225479143179247,0.3496240601503759,0.5529513888888888,0.4221716021260441,0.5228802153432033,0.41229050279329604,0.3478260869565217,0.6023516835916621,0.3581343697945586,0.0,0.6155321188878237,0.41865079365079366,1.165
0.3313313313313313,0.6479280436877609,0.4732069249793898,0.6175580221997982,0.3744959677419355,0.41803089693336404,0.37636420330526976,0.2983193277310925,0.584221748400853,0.4580045095828635,0.5601503759398496,0.33767361111111105,0.31890660592255127,0.3337819650067295,0.5354189944134079,0.7277882797731567,0.4922501336183859,0.4764019988895059,0.0,0.6155321188878237,0.6516439909297052,0.799
0.33233233233233234,0.7548988114359138,0.6599340478153337,0.660443995963673,0.5277217741935484,0.5796633617708093,0.3258497037729966,0.48371848739495804,0.44166920499543105,0.2877677564825253,0.5751879699248119,0.40625,0.3044798785117692,0.6096904441453567,0.7309497206703911,0.7807183364839319,0.3810796365579904,0.4242087729039423,0.0,0.37248322147651014,0.39172335600907027,0.638
0.3333333333333333,0.7240603919049149,0.5234954657873041,0.622603430877901,0.5126008064516129,0.4415494581507955,0.25038977237293425,0.40913865546218486,0.5269570514773074,0.44560315670800443,0.6047261009667024,0.3289930555555555,0.15717539863325736,0.4838492597577389,0.6583240223463687,0.607750472589792,0.3613041154462854,0.507495835646863,0.0,0.34611697027804417,0.5824829931972789,0.665
0.33433433433433435,0.6980404754256343,0.6953833470733717,0.44803229061553984,0.5695564516129032,0.5093382522480978,0.21733707514811357,0.6959033613445378,0.3155650319829424,0.16037204058624566,0.7610096670247046,0.4149305555555555,0.35839028094153386,0.4838492597577389,0.7423463687150837,0.23062381852551983,0.153928380545163,0.20988339811215995,0.0,0.2593480345158198,0.3004535147392291,0.208
0.3353353353353353,0.4320591069707677,0.6269579554822752,0.3607467204843592,0.5267137096774193,0.44662208900161404,0.45431867789211106,0.27415966386554624,0.5906183368869935,0.44250281848928963,0.7008592910848549,0.548611111111111,0.431283219438117,0.559892328398385,0.5166480446927375,0.6370510396975424,0.28861571352218063,0.4925041643531372,0.0,0.42186001917545546,0.5870181405895691,0.315
0.3363363363363363,0.7234179248313524,0.7081615828524318,0.636226034308779,0.563508064516129,0.42633156559833985,0.3389460555035859,0.23634453781512604,0.7127627170271094,0.5639797068771137,0.520408163265306,0.3029513888888889,0.24145785876993175,0.648721399730821,0.6062569832402235,0.4073724007561436,0.5606627471940139,0.7146029983342588,0.0,0.488974113135187,0.6771541950113379,0.876
0.33733733733733734,0.7330549309347896,0.5453421269579554,0.7608476286579213,0.6532258064516129,0.4454692183537007,0.3080760835671968,0.4506302521008404,0.47883033810539144,0.4083990980834272,0.5542427497314715,0.3706597222222222,0.33333333333333337,0.3048452220726784,0.6185474860335196,0.7674858223062381,0.3041154462854089,0.4541921154913937,0.0,0.3887823585810164,0.5158730158730159,1.018
0.3383383383383383,0.7378734339865081,0.3672712283594393,0.8012108980827446,0.25856854838709675,0.622780724002767,0.3713751169317119,0.6943277310924371,0.25434054218702407,0.14261555806087928,0.25671321160042954,0.2126736111111111,0.39028094153378895,0.34051144010767165,0.6116201117318436,0.3034026465028355,0.4179583110636023,0.23709050527484732,0.0,0.37775647171620336,0.31405895691609975,0.86
0.33933933933933935,0.7247028589784773,0.43157460840890344,0.4712411705348133,0.5055443548387096,0.593497809545769,0.3501714998440911,0.6013655462184875,0.33597319524824854,0.30975197294250273,0.30504833512352303,0.3472222222222222,0.2300683371298406,0.3075370121130552,0.47530726256983236,0.5860113421550094,0.5040085515766969,0.4652970571904498,0.0,0.5421860019175456,0.3999433106575964,0.287
0.34034034034034033,0.6665595888210728,0.5333882934872216,0.5181634712411705,0.518649193548387,0.5330873875951119,0.34175241658871225,0.7048319327731093,0.23119098385622894,0.20969560315670793,0.5601503759398496,0.5633680555555555,0.1647684130599848,0.46298788694481835,0.7112849162011173,0.5368620037807182,0.3356493853554249,0.4058856191004998,0.0,0.35378715244487063,0.32057823129251706,0.399
0.34134134134134136,0.63732733697398,0.6001648804616652,0.5383451059535822,0.1466733870967742,0.4636845745907309,0.2868724664795759,0.4065126050420168,0.5406640268047518,0.49182638105975185,0.46348012889366264,0.3515625,0.3113135914958239,0.5773889636608345,0.6205586592178771,0.49905482041587895,0.535542490646713,0.5258189894503055,0.0,0.47507190795781407,0.6244331065759637,0.593
0.34234234234234234,0.5216832637327337,0.5272052761747732,0.8319878910191725,0.38256048387096775,0.7387595111828453,0.5597131275335205,0.7237394957983194,0.2814498933901919,0.15022547914317919,0.42427497314715357,0.46267361111111105,0.41609719058466216,0.38223418573351287,0.4536312849162011,0.49999999999999994,0.48530197755211113,0.08328706274292064,0.0,0.5949185043144776,0.2828798185941044,1.087
0.3433433433433433,0.8082235785415998,0.5189612530915085,0.4475277497477296,0.609375,0.2421028360617939,0.1421889616463985,0.509453781512605,0.5123362777947,0.47153325817361885,0.7030075187969924,0.4835069444444444,0.18982536066818528,0.3115746971736205,0.8618994413407821,0.7183364839319469,0.122394441475147,0.5408106607440312,0.0,0.11601150527325033,0.554421768707483,0.479
0.34434434434434436,0.6257629296498555,0.6673536685902719,0.5640766902119071,0.2686491935483871,0.6225501498731842,0.30994699095728095,0.6628151260504203,0.31769722814498935,0.1871476888387823,0.4854994629430719,0.4288194444444444,0.24221716021260448,0.5895020188425303,0.5872625698324022,0.5170132325141776,0.44788882950293957,0.32037756801776796,0.0,0.41898370086289555,0.3636621315192744,0.426
0.34534534534534533,0.6729842595566976,0.5795548227535036,0.6478304742684158,0.717741935483871,0.6476827299976943,0.388525101340817,0.48949579831932777,0.3981114833993299,0.24520856820744075,0.44307196562835655,0.3359375,0.35611237661351564,0.48721399730821,0.5720670391061452,0.608695652173913,0.5141635489043292,0.32259855635757917,0.0,0.4237775647171621,0.4263038548752835,0.64
0.34634634634634637,0.8432380340507549,0.6793075020610057,0.44702320887991925,0.6159274193548387,0.275305510721697,0.04458995946367322,0.3019957983193277,0.4986293024672555,0.6107666290868093,0.6815252416756176,0.2074652777777778,0.13059984813971148,0.4495289367429341,0.7289385474860335,0.5406427221172022,0.33030464991982894,0.7701277068295392,0.0,0.32981783317353797,0.6238662131519275,0.681
0.34734734734734735,0.4307741728236428,0.7617477328936519,0.45358224016145304,0.517641129032258,0.647221581738529,0.45899594636732155,0.13813025210084034,0.6561072190070059,0.5335400225479142,0.5665950590762621,0.33854166666666663,0.6195899772209568,0.7153432032301481,0.30949720670391057,0.8156899810964082,0.7450561197220738,0.6035535813436981,0.0,0.7617449664429531,0.6768707482993197,0.443
0.3483483483483483,0.6726630260199165,0.5049464138499586,0.6892028254288597,0.389616935483871,0.5812773806778879,0.4343623323978797,0.4779411764705882,0.34785257386536694,0.25450958286358505,0.5010741138560687,0.3984375,0.24221716021260448,0.5639300134589502,0.630391061452514,0.6408317580340264,0.3869588455371459,0.3392559689061633,0.0,0.38686481303930975,0.3596938775510204,0.802
0.34934934934934936,0.9158368133633151,0.41014014839241536,0.6997981836528758,0.3719758064516129,0.2686188609637999,0.2644215777985657,0.20903361344537819,0.5354858361254949,0.5467869222096955,0.5053705692803436,0.17447916666666663,0.18678815489749434,0.2678331090174967,0.8732960893854749,0.6691871455576559,0.19561731694281131,0.6385341476957247,0.0,0.11649089165867699,0.622732426303855,1.083
0.35035035035035034,0.7857372309669128,0.41384995877988445,0.6079717457114027,0.4183467741935484,0.5084159557297672,0.25444340505144997,0.5304621848739496,0.32409381663113,0.2829763246899661,0.41675617615467236,0.3203125,0.17995444191343962,0.3620457604306865,0.6918435754189944,0.6654064272211719,0.2207375734901122,0.3275957801221544,0.0,0.3135186960690317,0.40391156462585037,0.904
0.35135135135135137,0.6386122711211051,0.8017312448474854,0.28254288597376387,0.3089717741935484,0.5091076781185151,0.13719987527284067,0.4012605042016807,0.47883033810539144,0.5157835400225478,0.7481203007518796,0.47482638888888884,0.0,0.7005383580080754,0.5170949720670391,0.7211720226843099,0.5633351149118118,0.6035535813436981,0.0,0.5992329817833174,0.5779478458049887,0.343
0.35235235235235235,0.5216832637327337,0.6112943116240724,0.7159434914228051,0.48588709677419356,0.5134885865805857,0.45525413158715317,0.18382352941176472,0.7237282972890648,0.6352874859075535,0.5295381310418904,0.4019097222222222,0.349278663629461,0.3761776581426649,0.42569832402234636,0.4499054820415878,0.7295563869588455,0.6718489727928929,0.0,0.6754554170661554,0.7834467120181406,1.012
0.3533533533533533,0.5766141985223258,0.3557295960428688,0.322401614530777,0.35181451612903225,0.4007378372146645,0.3224197068911756,0.194327731092437,0.6463600365519342,0.5039458850056369,0.5746509129967776,0.3819444444444444,0.3447228549734245,0.28734858681022885,0.5743016759776537,0.6001890359168242,0.42544094067343663,0.3931149361465853,0.0,0.4180249280920422,0.7193877551020409,0.215
0.35435435435435436,0.6174108576935431,0.5869744435284417,0.5565085771947528,0.40927419354838707,0.538390592575513,0.33146242594324915,0.5388655462184875,0.34389278099299414,0.29875986471251403,0.5660580021482277,0.4487847222222222,0.3014426727410783,0.5080753701211306,0.6335195530726256,0.5396975425330812,0.4067343666488509,0.34980566352026654,0.0,0.3082454458293385,0.3925736961451247,0.28
0.35535535535535534,0.3890138130420816,0.5552349546578729,0.5746720484359233,0.3553427419354839,0.6795019598801015,0.5060804490177737,0.4369747899159664,0.4026804751751447,0.2807215332581735,0.46348012889366264,0.7630208333333333,0.43507972665148065,0.6251682368775235,0.43754189944134075,0.2693761814744801,0.561731694281133,0.331482509716824,0.0,0.4803451581975072,0.4963151927437642,0.385
0.3563563563563564,0.44298104722132986,0.5193734542456718,0.4011099899091826,0.35181451612903225,0.5310122204288679,0.4699095728094793,0.451155462184874,0.6067621078282059,0.3210259301014655,0.6176154672395273,0.5190972222222222,0.4054669703872438,0.44212651413189774,0.60268156424581,0.4650283553875236,0.4639230358097274,0.4519711271515825,0.0,0.4496644295302014,0.5524376417233561,0.26
0.35735735735735735,0.8519113395438482,0.39530090684253905,0.801715438950555,0.641633064516129,0.44915840442702326,0.2597443093233552,0.4585084033613446,0.4127322570819373,0.2970687711386696,0.4844253490870032,0.296875,0.19665907365223995,0.2893674293405115,0.7039106145251397,0.6559546313799621,0.3361838588989845,0.4036646307606886,0.0,0.3116011505273251,0.5246598639455782,0.997
0.35835835835835833,0.660134918085448,0.7943116240725472,0.5221997981836528,0.5564516129032258,0.35692875259395895,0.33146242594324915,0.15546218487394958,0.8120621382881511,0.8148252536640359,0.723952738990333,0.1623263888888889,0.34396355353075175,0.5942126514131898,0.633072625698324,0.5330812854442343,0.5489043292357028,0.833425874514159,0.0,0.44630872483221484,0.8401360544217688,0.92
0.35935935935935936,0.5059428204304529,0.6174773289365209,0.3814328960645812,0.6653225806451613,0.5856582891399585,0.3642033052697225,0.4994747899159664,0.5105086810843741,0.30496054114994353,0.6686358754027927,0.5859375,0.21412300683371305,0.6009421265141319,0.5168715083798883,0.5708884688090736,0.4970603955104222,0.41310383120488625,0.0,0.4875359539789071,0.504251700680272,0.138
0.36036036036036034,0.7889495663347253,0.6640560593569661,0.44601412714429867,0.5766129032258065,0.37860272077472906,0.1693171188026193,0.3335084033613446,0.558939993908011,0.47886133032694467,0.7583243823845327,0.4270833333333333,0.1328777524677297,0.6500672947510094,0.8069273743016759,0.5103969754253307,0.3169428113308391,0.5069405885619102,0.0,0.15532118887823598,0.588718820861678,0.464
0.3613613613613614,0.6421458400256985,0.27658697444352837,0.4359233097880928,0.40927419354838707,0.3668434401660134,0.3395696913002807,0.511029411764706,0.4099908620164484,0.34244644870349483,0.621374865735768,0.48871527777777773,0.2908124525436599,0.08950201884253034,0.6306145251396648,0.41587901701323243,0.119722073757349,0.3142698500832871,0.0,0.19942473633748803,0.4759070294784581,0.047
0.36236236236236236,0.5081914551879215,0.7431986809563065,0.9288597376387486,0.3805443548387097,0.8326031819229883,0.6467103211724354,0.773109243697479,0.3049040511727078,0.18658399098083422,0.5161117078410311,0.5078125,0.5246772968868642,0.7779273216689099,0.4243575418994413,0.5775047258979206,0.5622661678246926,0.1860077734591894,0.0,0.47267497603068076,0.26558956916099774,1.125
0.36336336336336333,0.7638933504657885,0.4637262984336355,0.4656912209889001,0.38155241935483875,0.25409269080009217,0.2176488930464609,0.25315126050420167,0.603106914407554,0.6321871476888387,0.6638023630504833,0.2092013888888889,0.15717539863325736,0.33849259757738903,0.7309497206703911,0.3582230623818525,0.18225547835382144,0.6274292059966686,0.0,0.2627037392138064,0.6930272108843537,0.691
0.36436436436436437,0.3655637648570511,0.6805441055234953,0.515640766902119,0.11794354838709678,0.8007839520405811,0.5154349859681946,0.4632352941176472,0.35912275357904355,0.20067643742953767,0.42964554242749725,0.5694444444444444,0.4821564160971906,0.6305518169582773,0.39396648044692734,0.4754253308128544,0.7258150721539283,0.2742920599666852,0.0,0.6874400767018217,0.4166666666666667,0.352
0.36536536536536535,0.707035014455509,0.42621599340478145,0.6246215943491422,0.27973790322580644,0.4825916532165091,0.28936700966635487,0.35294117647058826,0.4815717331708803,0.46476888387824117,0.374328678839957,0.2664930555555556,0.24221716021260448,0.28196500672947516,0.5465921787709497,0.5737240075614366,0.4238375200427579,0.4403109383675736,0.0,0.453020134228188,0.5932539682539683,0.828
0.3663663663663664,0.5740443302280758,0.6809563066776585,0.4041372351160444,0.655241935483871,0.5549919299054646,0.3018397256002495,0.4921218487394958,0.442887602802315,0.2762119503945884,0.7013963480128893,0.3263888888888889,0.4373576309794989,0.5329744279946165,0.5486033519553073,0.5085066162570888,0.49973276322822013,0.44142143253747923,0.0,0.4247363374880154,0.4747732426303855,0.316
0.36736736736736736,0.67876646321876,0.3689200329760922,0.44702320887991925,0.6184475806451613,0.32257320728614247,0.33052697224820704,0.21638655462184875,0.6323484617727688,0.544532130777903,0.6063372717508055,0.1762152777777778,0.38876233864844345,0.2806191117092867,0.783463687150838,0.5671077504725897,0.41421699625868513,0.5852304275402554,0.0,0.35810162991371053,0.703514739229025,0.645
0.3683683683683684,0.5547703180212014,0.6055234954657872,0.2714429868819374,0.39213709677419356,0.36223195757436016,0.1995634549423137,0.34401260504201686,0.5138592750533049,0.516910935738444,0.9285714285714286,0.5538194444444444,0.30523917995444194,0.4387617765814267,0.688268156424581,0.5671077504725897,0.27739176910742913,0.592448639644642,0.0,0.1697027804410356,0.5958049886621315,0.059
0.36936936936936937,0.4873112752971411,0.6290189612530914,0.4278506559031281,0.6043346774193548,0.5270924602259627,0.3127533520424073,0.25787815126050423,0.6247334754797442,0.5211386696730551,0.6960257787325456,0.65625,0.31055429005315116,0.6567967698519516,0.4967597765363128,0.4508506616257088,0.5061464457509353,0.5397001665741256,0.0,0.50431447746884,0.6638321995464853,0.336
0.37037037037037035,0.574365563764857,0.41673536685902707,0.7573158425832494,0.6784274193548387,0.5280147567442933,0.5955721858434675,0.28623949579831937,0.6289978678038379,0.4284103720405862,0.46670247046186886,0.3680555555555556,0.4457099468488991,0.29205921938088836,0.4878212290502793,0.49810964083175796,0.547300908605024,0.5030538589672405,0.0,0.5781399808245447,0.6318027210884354,0.988
0.3713713713713714,0.6080950851268871,0.4208573784006594,0.36629667003027244,0.39616935483870963,0.6124048881715471,0.35827876520112256,0.5477941176470588,0.27322570819372527,0.20208568207440802,0.4194414607948442,0.5026041666666666,0.19665907365223995,0.3963660834454913,0.5577653631284916,0.5037807183364839,0.30625334045964725,0.28428650749583567,0.0,0.35091083413231067,0.29988662131519284,0.28
0.37237237237237236,0.6418246064889174,0.3755152514427039,0.7325933400605449,0.5317540322580645,0.5612174314041964,0.4038041783598379,0.6008403361344538,0.32500761498629305,0.19447576099210812,0.5767991407089151,0.4930555555555555,0.31207289293849666,0.1843876177658143,0.5798882681564246,0.42155009451795833,0.39176910742918225,0.2926152137701278,0.0,0.4041227229146693,0.40589569160997735,0.681
0.3733733733733734,0.8869257950530034,0.34130255564715567,0.6190716448032291,0.5745967741935484,0.264468526631312,0.1961334580604927,0.3335084033613446,0.5019798964361863,0.4861894024802705,0.5660580021482277,0.37760416666666663,0.18451025056947612,0.3364737550471064,0.7979888268156424,0.4017013232514177,0.205237840726884,0.49305941143809,0.0,0.23154362416107388,0.6017573696145124,0.55
0.3743743743743744,0.5290716350787021,0.1912613355317394,0.5110998990918264,0.6340725806451613,0.5988010145261702,0.6083567196757095,0.3918067226890757,0.5565031982942431,0.30016910935738433,0.20193340494092366,0.3315972222222222,0.5049354593773728,0.11843876177658147,0.42055865921787705,0.23062381852551983,0.5478353821485836,0.3264852859522488,0.0,0.7277085330776607,0.5359977324263039,0.566
0.37537537537537535,0.7481529071635078,0.47897774113767505,0.5701311806256306,0.6370967741935484,0.5125662900622551,0.37293420642344877,0.4721638655462185,0.4699969540054828,0.3489289740698984,0.5306122448979591,0.24131944444444442,0.24373576309794998,0.38358008075370126,0.6194413407821229,0.5869565217391304,0.4441475146980224,0.4058856191004998,0.0,0.38590604026845643,0.4722222222222222,0.514
0.3763763763763764,0.6594924510118856,0.39530090684253905,0.5554994954591321,0.11995967741935484,0.4274844362462532,0.43373869660118497,0.3792016806722689,0.5662503807493147,0.3012965050732806,0.5456498388829215,0.4600694444444444,0.35535307517084286,0.3781965006729475,0.755754189944134,0.36578449905482036,0.4334580438268305,0.39977790116601897,0.0,0.3312559923298179,0.5439342403628118,0.498
0.37737737737737737,0.8175393511082557,0.6009892827699916,0.48587285570131183,0.6557459677419355,0.21443394051187453,0.1116308076083567,0.20798319327731096,0.6360036551934206,0.6603720405862457,0.8786251342642319,0.2560763888888889,0.20349278663629466,0.4946164199192463,0.8122905027932961,0.24858223062381846,0.13201496525921969,0.682953914491949,0.0,0.10546500479386389,0.7179705215419501,0.523
0.3783783783783784,0.7944105364600064,0.651690024732069,0.7537840565085772,0.26814516129032256,0.20428867881023743,0.2874961022762707,0.04359243697478993,0.9031373743527261,0.8937429537767756,0.5923737916219118,0.0,0.3735763097949886,0.5740242261103634,0.667486033519553,0.5094517958412097,0.38001068947087113,0.8928373126041089,0.0,0.3763183125599234,0.9223356009070295,1.211
0.3793793793793794,0.6903308705428847,0.5296784830997525,0.7013118062563067,0.7399193548387095,0.5335485358542772,0.35453695042095423,0.5477941176470588,0.4587267742918062,0.31482525366403596,0.49624060150375937,0.34201388888888884,0.25664388762338647,0.5323014804845222,0.5054748603351955,0.38846880907372394,0.4703367183324425,0.4242087729039423,0.0,0.5182166826462129,0.5011337868480725,0.787
0.38038038038038036,0.6334725345326052,0.4126133553173948,0.49445005045408674,0.45564516129032256,0.4293290292829145,0.3205487995010914,0.22163865546218492,0.6460554371002132,0.5625704622322434,0.48227712137486567,0.21180555555555558,0.3113135914958239,0.28331090174966356,0.5879329608938547,0.6351606805293005,0.4901122394441475,0.5818989450305386,0.0,0.4592521572387345,0.7131519274376418,0.739
0.3813813813813814,0.7067137809187278,0.3672712283594393,0.5590312815338042,0.22227822580645162,0.44247175466912614,0.3941378235110696,0.36449579831932777,0.47151995126408774,0.4148816234498308,0.3770139634801289,0.359375,0.3173880030372058,0.41588156123822345,0.5814525139664805,0.6587901701323251,0.44735435595938,0.5002776235424765,0.0,0.34372003835091086,0.5359977324263039,0.463
0.38238238238238237,0.8464503694185672,0.7357790601813683,0.6337033299697274,0.6990927419354838,0.395665206363846,0.18553164951668227,0.4380252100840337,0.5178190679256778,0.4816798196166854,0.7261009667024704,0.33246527777777773,0.15186028853454825,0.7382234185733513,0.7164245810055866,0.4858223062381852,0.40032068412613575,0.6029983342587453,0.0,0.37344199424736346,0.5473356009070295,0.789
0.3833833833833834,0.7825248955991005,0.5741962077493816,0.6821392532795156,0.40826612903225806,0.3693797555914226,0.34892422825070163,0.39023109243697485,0.5607675906183369,0.5081736189402479,0.6203007518796992,0.2126736111111111,0.27410782080485957,0.5652759084791387,0.6943016759776537,0.7495274102079394,0.37306253340459644,0.6002220988339813,0.0,0.24976030680728678,0.6145124716553287,1.156
0.3843843843843844,0.5293928686154834,0.40849134377576246,0.6548940464177598,0.45816532258064513,0.6338482822227346,0.49797318366074217,0.4648109243697479,0.47852573865367043,0.24943630214205176,0.4720730397422126,0.618923611111111,0.29384965831435084,0.3378196500672948,0.3968715083798882,0.23156899810964077,0.567076429716729,0.38700721821210443,0.0,0.6016299137104507,0.49829931972789115,0.68
0.38538538538538536,0.4969482814005782,0.39323990107172285,0.45963673057517657,0.282258064516129,0.39635692875259393,0.31057062675397573,0.4585084033613446,0.4776119402985074,0.4332018038331453,0.6815252416756176,0.6744791666666666,0.28170083523158695,0.388963660834455,0.4844692737430167,0.4328922495274101,0.46819882415820413,0.47029428095502507,0.0,0.5810162991371046,0.6275510204081632,0.374
0.3863863863863864,0.7719241888853197,0.3140972794723824,0.4631685166498486,0.532258064516129,0.29674890477288446,0.17243529778609296,0.36344537815126055,0.4998477002741395,0.3807779030439683,0.6068743286788398,0.3550347222222222,0.2870159453302962,0.30080753701211305,0.7593296089385475,0.37145557655954625,0.2613575628006414,0.3237090505274848,0.0,0.25359539789069996,0.621031746031746,0.305
0.38738738738738737,0.7613234821715386,0.7304204451772464,0.6337033299697274,0.532258064516129,0.4297901775420798,0.2825070159027129,0.4290966386554622,0.5613767895217789,0.43207440811724906,0.7551020408163265,0.37326388888888884,0.20121488230827644,0.7328398384925976,0.6310614525139665,0.3525519848771266,0.3928380545163014,0.49694614103275964,0.0,0.4424736337488016,0.6360544217687075,0.877
0.3883883883883884,0.8236427883070991,0.37798845836768336,0.601917255297679,0.6481854838709677,0.42448697256167855,0.27190520735890245,0.4375,0.5385318306427048,0.3974069898534385,0.40870032223415675,0.21961805555555558,0.24069855732725898,0.2745625841184388,0.6766480446927374,0.4896030245746691,0.44788882950293957,0.5036091060521933,0.0,0.4381591562799617,0.5728458049886621,0.656
0.3893893893893894,0.7163507870221651,0.4884583676834294,0.717457114026236,0.5272177419354839,0.5725155637537469,0.3345806049267228,0.7573529411764706,0.24215656411818454,0.1578354002254791,0.346938775510204,0.2682291666666667,0.35459377372817014,0.24562584118438768,0.6715083798882682,0.4120982986767485,0.29609834313201494,0.2259855635757913,0.0,0.36673058485139026,0.3160430839002268,0.799
0.39039039039039036,0.700289110183103,0.44641384995877975,0.45459132189707363,0.6169354838709677,0.4330182153562371,0.28125974430932343,0.3665966386554622,0.5178190679256778,0.40163472378804954,0.5859291084854994,0.4678819444444444,0.2999240698557328,0.32436069986541055,0.711731843575419,0.6483931947069943,0.3308391234633885,0.41588006662965027,0.0,0.3116011505273251,0.5680272108843538,0.219
0.3913913913913914,0.6794089302923224,0.6582852431986808,0.6892028254288597,0.6527217741935484,0.3495503804473138,0.3517305893358279,0.27941176470588236,0.6222966798659763,0.5803269447576098,0.6122448979591836,0.2664930555555556,0.40242976461655283,0.5242261103633917,0.6880446927374302,0.7826086956521738,0.29235702832709776,0.7223764575235981,0.0,0.32981783317353797,0.6428571428571428,1.001
0.3923923923923924,0.6042402826855123,0.6199505358615003,0.6089808274470232,0.43497983870967744,0.7599723311044502,0.4655441222326162,0.5551470588235294,0.4130368565336582,0.19137542277339337,0.35821697099892585,0.4383680555555555,0.4176157934700076,0.5551816958277255,0.4837988826815642,0.44045368620037795,0.5681453768038481,0.26318711826762914,0.0,0.6361457334611698,0.3149092970521542,0.617
0.3933933933933934,0.2801156440732413,0.36562242374278636,0.6614530776992936,0.23034274193548387,0.8492045192529398,0.7670720299345184,0.6024159663865547,0.372525129454767,0.13162344983089058,0.15306122448979587,0.3993055555555555,0.7653758542141231,0.3378196500672948,0.26435754189944133,0.4357277882797731,0.6980224478888295,0.0,0.0,0.8020134228187921,0.3730158730158731,0.653
0.3943943943943944,0.6074526180533247,0.7077493816982686,0.43239152371342077,0.19455645161290322,0.49112289601106757,0.44184596195821646,0.5078781512605043,0.5988425220834603,0.39909808342728287,0.5907626208378087,0.4609375,0.25436598329536825,0.7402422611036339,0.6677094972067039,0.550094517958412,0.4323890967397114,0.5669072737368129,0.0,0.3844678811121765,0.4974489795918367,0.372
0.39539539539539537,0.815290716350787,0.7967848309975266,0.6629667003027245,0.3865927419354839,0.513949734839751,0.2553788587464921,0.4385504201680672,0.4946695095948827,0.45941375422773384,0.6466165413533834,0.3628472222222222,0.16324981017463935,0.6554508748317631,0.6576536312849162,0.5293005671077504,0.5168359166221271,0.7146029983342588,0.0,0.43767976989453505,0.5643424036281179,1.042
0.3963963963963964,0.4879537423707035,0.25309150865622415,0.6710393541876891,0.3387096774193548,0.38644224118053955,0.46772684752104776,0.27415966386554624,0.5628997867803838,0.45772266065388945,0.5880773361976369,0.5399305555555556,0.4221716021260441,0.2503364737550472,0.5311731843575419,0.30623818525519847,0.3874933190807055,0.408106607440311,0.0,0.46692233940556094,0.6476757369614512,0.636
0.3973973973973974,0.7436556376485705,0.5886232481450947,0.8158425832492431,0.45816532258064513,0.5907309199907771,0.38665419395073286,0.44012605042016817,0.5175144684739568,0.37288613303269436,0.42534908700322227,0.17881944444444442,0.45482156416097197,0.3869448183041723,0.4927374301675977,0.5311909262759924,0.49171566007482626,0.42587451415880073,0.0,0.5196548418024929,0.4988662131519275,1.149
0.3983983983983984,0.5615162222936074,0.3610882110469908,0.4772956609485368,0.20715725806451613,0.5141803089693336,0.37106329903336455,0.520483193277311,0.39597928723728293,0.2483089064261555,0.45649838882921584,0.4487847222222222,0.37585421412300685,0.39502018842530284,0.5535195530726257,0.2807183364839319,0.270978086584714,0.2865074958356469,0.0,0.3772770853307767,0.435374149659864,0.369
0.3993993993993994,0.49791198201092196,0.5544105523495465,0.7598385469223006,0.30493951612903225,0.8047037122434864,0.5890240099781728,0.5766806722689076,0.25769113615595496,0.1578354002254791,0.32921589688506975,0.34548611111111105,0.4244495064540623,0.39569313593539707,0.3973184357541899,0.48393194706994325,0.6370924639230358,0.23931149361465853,0.0,0.641418983700863,0.27154195011337867,0.881
0.40040040040040037,0.6151622229360746,0.49010717230008227,0.43541876892028253,0.7368951612903225,0.47382983629236797,0.36077330838790156,0.41859243697478987,0.5159914712153518,0.48083427282976315,0.49624060150375937,0.3715277777777778,0.30827638572513294,0.38223418573351287,0.6044692737430167,0.6909262759924385,0.3923035809727418,0.5635757912270961,0.0,0.41706615532118896,0.5504535147392291,0.513
0.4014014014014014,0.5666559588821072,0.430750206100577,0.5191725529767911,0.33618951612903225,0.4662208900161402,0.43716869348300597,0.5688025210084033,0.46847395674687786,0.3489289740698984,0.6240601503759398,0.45312499999999994,0.38952164009111623,0.2826379542395694,0.5356424581005587,0.6219281663516067,0.3158738642437199,0.4219877845641311,0.0,0.43336529242569516,0.49007936507936506,0.521
0.4024024024024024,0.7089624156761966,0.5247320692497938,0.5020181634712411,0.5987903225806451,0.407193912842979,0.24883068288119742,0.23371848739495804,0.5903137374352726,0.5620067643742953,0.5016111707841031,0.4375,0.24373576309794998,0.3297442799461643,0.5906145251396648,0.6824196597353496,0.4778193479422768,0.685730149916713,0.0,0.5220517737296262,0.6910430839002267,0.715
0.4034034034034034,0.6148409893992932,0.4406430338004945,0.5307769929364279,0.5786290322580645,0.5347014065021904,0.4006859993763643,0.24002100840336132,0.48644532439841615,0.4749154453213077,0.43770139634801286,0.4140625,0.41457858769931666,0.2705248990578735,0.6670391061452514,0.715500945179584,0.49438802779262425,0.5402554136590784,0.0,0.40939597315436244,0.5824829931972789,0.602
0.4044044044044044,0.6636684869900417,0.5169002473206924,0.7542885973763875,0.41885080645161293,0.4475443855199447,0.38478328656064864,0.30357142857142855,0.6317392628693268,0.573280721533258,0.5048335123523093,0.3411458333333333,0.5011389521640092,0.572678331090175,0.5007821229050279,0.8204158790170131,0.5200427578834848,0.6091060521932261,0.0,0.5033557046979866,0.671485260770975,0.967
0.40540540540540543,0.6842274333440411,0.48598516075845,0.5232088799192735,0.2247983870967742,0.29075397740373526,0.15247895229186154,0.28518907563025214,0.627474870545233,0.6812288613303268,0.7094522019334049,0.33854166666666663,0.27942293090356873,0.3755047106325707,0.686927374301676,0.44045368620037795,0.356493853554249,0.6468628539700167,0.0,0.3446788111217642,0.7454648526077098,0.475
0.4064064064064064,0.7192418888531962,0.6046990931574607,0.34863773965691225,0.16280241935483872,0.539774037353009,0.11194262550670409,0.5908613445378151,0.2710935120316783,0.302705749718151,0.45273899033297527,0.2682291666666667,0.22323462414578593,0.4387617765814267,0.6777653631284917,0.5642722117202268,0.43773383217530726,0.45752359800111053,0.0,0.43288590604026855,0.39285714285714285,0.039
0.4074074074074074,0.5024092515258592,0.7151690024732068,0.7386478304742683,0.3911290322580645,0.7203135808162324,0.3751169317118803,0.6775210084033614,0.29546146816935737,0.14515219842164595,0.5494092373791621,0.5243055555555556,0.3523158694001519,0.629878869448183,0.40156424581005584,0.4461247637051039,0.4879743452699091,0.1637978900610772,0.0,0.5110258868648132,0.3268140589569161,0.546
0.4084084084084084,0.5621586893671698,0.5692497938994228,0.544904137235116,0.640625,0.4436246253170394,0.3448705955721859,0.6123949579831932,0.41151385927505335,0.278466741826381,0.771750805585392,0.4366319444444444,0.4570994684889902,0.46904441453566625,0.7086033519553073,0.47164461247637046,0.1549973276322822,0.33536923931149365,0.0,0.28763183125599245,0.4203514739229025,0.353
0.4094094094094094,0.5191133954384838,0.7444352844187963,0.38698284561049445,0.5257056451612903,0.4747521328106986,0.3249142500779545,0.39390756302521013,0.6021931160523911,0.4746335963923336,0.7674543501611171,0.4618055555555555,0.4738041002277905,0.6850605652759085,0.5541899441340782,0.41965973534971635,0.5547835382148584,0.4941699056079956,0.0,0.45589645254074795,0.6332199546485261,0.389
0.41041041041041043,0.51814969482814,0.7135201978565539,0.39455095862764883,0.40826612903225806,0.5379294443163477,0.3230433426878704,0.3508403361344538,0.4663417605848309,0.31426155580608783,0.6852846401718582,0.45312499999999994,0.4054669703872438,0.5746971736204576,0.5608938547486033,0.551984877126654,0.35489043292357025,0.33592448639644645,0.0,0.34132310642377767,0.4787414965986395,0.16
0.4114114114114114,0.6097012528107933,0.6920857378400658,0.2805247225025227,0.1748991935483871,0.3135808162324187,0.18054256314312445,0.3403361344537815,0.5833079500456899,0.6299323562570461,0.8807733619763695,0.49652777777777773,0.22399392558845865,0.531628532974428,0.6636871508379888,0.4536862003780718,0.3260288615713522,0.6118822876179901,0.0,0.23921380632790035,0.7009637188208617,0.159
0.4124124124124124,0.5200770960488275,0.42539159109645497,0.5116044399596367,0.516633064516129,0.685266313119668,0.4524477705020269,0.5740546218487395,0.3688699360341152,0.12795941375422765,0.4575725026852846,0.765625,0.40091116173120733,0.37954239569313597,0.4817877094972067,0.14650283553875232,0.47461250668091925,0.05330372015546919,0.0,0.5488974113135188,0.35799319727891155,-0.058
0.4134134134134134,0.9084484420173465,0.35737840065952176,0.6760847628657921,0.43850806451612906,0.37237721927599726,0.2909260991580917,0.45325630252100846,0.46756015839171494,0.46815107102593,0.41299677765843174,0.1527777777777778,0.16856492027334857,0.30080753701211305,0.7398882681564245,0.7202268431001889,0.216996258685195,0.518600777345919,0.0,0.16299137104506245,0.5076530612244898,1.063
0.4144144144144144,0.6668808223578541,0.26875515251442694,0.4959636730575176,0.8351814516129032,0.5923449388978557,0.4396632366697849,0.5840336134453782,0.36978373438927803,0.23167981961668538,0.24919441460794833,0.3958333333333333,0.3340926347760061,0.1783310901749664,0.6623463687150838,0.2854442344045368,0.24211651523249594,0.3581343697945586,0.0,0.24544582933844683,0.37103174603174605,0.246
0.41541541541541543,0.33890138130420816,0.6269579554822752,0.5358224016145308,0.4128024193548387,0.7007147798017063,0.5544122232616153,0.3849789915966386,0.5494974109046604,0.28043968432919947,0.6326530612244897,0.689236111111111,0.5056947608200456,0.5040376850605653,0.274413407821229,0.34310018903591677,0.5911277391769107,0.3103831204886175,0.0,0.6965484180249282,0.522108843537415,0.451
0.4164164164164164,0.4192097654995181,0.4624896949711458,0.6750756811301715,0.35282258064516125,0.5750518791791561,0.594324914250078,0.611344537815126,0.4203472433749619,0.25169109357384434,0.5504833512352308,0.48611111111111105,0.5861807137433561,0.3196500672947511,0.4035754189944134,0.34404536862003776,0.3335114911811865,0.3098278734036647,0.0,0.5397890699904123,0.4002267573696145,0.622
0.4174174174174174,0.6405396723417924,0.6850783182192909,0.2840565085771947,0.3845766129032258,0.40880793175005764,0.270657935765513,0.2647058823529412,0.6594578129759366,0.5896279594137541,0.7465091299677765,0.3958333333333333,0.220197418375095,0.6561238223418574,0.6545251396648045,0.5689981096408316,0.44147514698022444,0.6740699611327041,0.0,0.34515819750719084,0.6788548752834467,0.282
0.4184184184184184,0.4192097654995181,0.4793899422918383,0.494954591321897,0.6673387096774193,0.7832603181922989,0.5534767695665732,0.5467436974789915,0.3116052391105696,0.1290868094701239,0.4156820622986036,0.6710069444444444,0.40470766894457105,0.38963660834454916,0.4183240223463687,0.3421550094517958,0.5911277391769107,0.21599111604664084,0.0,0.6342281879194631,0.3565759637188209,0.381
0.4194194194194194,0.5454545454545454,0.5441055234954657,0.5368314833501513,0.4304435483870968,0.540465759741757,0.4225132522606798,0.3177521008403361,0.5957965275662505,0.411781285231116,0.5064446831364124,0.22743055555555552,0.5269552012148824,0.6419919246298789,0.5166480446927375,0.49999999999999994,0.5312667022982362,0.5086063298167686,0.0,0.5023969319271333,0.5977891156462585,0.632
0.42042042042042044,0.602312881464825,0.6228359439406429,0.5711402623612511,0.514616935483871,0.673737606640535,0.38478328656064864,0.5651260504201682,0.38562290587876935,0.25028184892897404,0.40547798066595053,0.3098958333333333,0.2900531511009871,0.6648721399730821,0.48893854748603344,0.5264650283553874,0.669695350080171,0.3237090505274848,0.0,0.602588686481304,0.4407596371882086,0.565
0.4214214214214214,0.7221329906842273,0.5313272877164055,0.8153380423814329,0.43800403225806456,0.5964952732303436,0.4558777673838479,0.6276260504201682,0.37374352726165094,0.23478015783540013,0.34586466165413526,0.1909722222222222,0.4631738800303721,0.4232839838492598,0.5577653631284916,0.546313799621928,0.481560662747194,0.3414769572459745,0.0,0.4875359539789071,0.38973922902494335,0.992
0.4224224224224224,0.5518792161901702,0.6821929101401483,0.38244197780020184,0.3946572580645161,0.3246483744523864,0.37636420330526976,0.054621848739495826,0.8324703015534571,0.7539458850056369,0.7325456498388829,0.3038194444444444,0.36522399392558846,0.5672947510094213,0.5146368715083799,0.6672967863894139,0.5237840726884019,0.8489727928928374,0.0,0.5604026845637584,0.8324829931972789,0.541
0.42342342342342343,0.7089624156761966,0.51277823577906,0.41271442986881934,0.5826612903225806,0.43048189993082775,0.17773620205799817,0.48792016806722693,0.4687785561985989,0.39768883878241257,0.5601503759398496,0.3671875,0.18678815489749434,0.48923283983849264,0.6849162011173184,0.49149338374291107,0.34206306787814,0.3592448639644642,0.0,0.29146692233940563,0.5510204081632653,0.149
0.4244244244244244,0.6472855766141984,0.5403957131079966,0.2759838546922301,0.5191532258064515,0.461609407424487,0.3308387901465545,0.4101890756302521,0.49832470301553455,0.3596392333709131,0.6036519871106337,0.4375,0.35535307517084286,0.43001345895020193,0.7459217877094971,0.4697542533081285,0.3137359700694815,0.33536923931149365,0.0,0.3207094918504315,0.5076530612244898,0.109
0.42542542542542544,0.38965628011564407,0.4884583676834294,0.7421796165489405,0.35231854838709675,0.672354161863039,0.7224820704708451,0.3797268907563025,0.607371306731648,0.32891770011273946,0.4586466165413533,0.6067708333333333,0.5793470007593015,0.537685060565276,0.3313966480446927,0.5018903591682419,0.6076964190272581,0.35369239311493617,0.0,0.6442953020134229,0.5504535147392291,1.178
0.4264264264264264,0.39094121426276907,0.5354492992580377,0.4212916246215943,0.49092741935483875,0.7754207977864884,0.6323666978484566,0.5651260504201682,0.43710021321961623,0.16037204058624566,0.537593984962406,0.5520833333333333,0.40774487471526205,0.4925975773889637,0.33586592178770946,0.4480151228733459,0.6739711384286478,0.32204330927262637,0.0,0.6500479386385427,0.36876417233560094,0.185
0.4274274274274274,0.5345326052039833,0.21805441055234948,0.6054490413723512,0.8220766129032258,0.607101683191146,0.4967259120673527,0.39128151260504207,0.4736521474261346,0.28720405862457715,0.1933404940923737,0.2821180555555555,0.5330296127562643,0.022207267833109112,0.38636871508379883,0.48109640831758027,0.518439337252806,0.2915047196002222,0.0,0.7248322147651007,0.5031179138321995,0.549
0.42842842842842843,0.7748152907163508,0.4868095630667765,0.917255297679112,0.4964717741935484,0.5455383905925756,0.39850327408793274,0.509453781512605,0.4090770636612854,0.27311161217587365,0.4017185821697099,0.2960069444444444,0.40394836750189833,0.5053835800807537,0.5206703910614525,0.4376181474480151,0.5611972207375735,0.34591893392559697,0.0,0.5891658676893576,0.4580498866213152,1.095
0.4294294294294294,0.6527465467394796,0.37221764220939807,0.8546922300706357,0.5141129032258065,0.5353931288909385,0.4222014343623325,0.26890756302521013,0.579652756625038,0.3807779030439683,0.3678839957035445,0.3628472222222222,0.39179954441913445,0.3559892328398385,0.5336312849162012,0.36767485822306234,0.5141635489043292,0.32148806218767356,0.0,0.5239693192713327,0.6258503401360545,1.03
0.43043043043043044,0.33054930934789595,0.5560593569661993,0.8471241170534813,0.5630040322580645,0.8761816924141111,0.7739320236981604,0.5304621848739496,0.3981114833993299,0.1482525366403607,0.4919441460794844,0.45572916666666663,0.7145026575550494,0.5370121130551817,0.20581005586592177,0.4697542533081285,0.8626402993051843,0.24930594114380905,0.0,0.8787152444870566,0.35005668934240364,0.917
0.4314314314314314,0.6527465467394796,0.49422918384171466,0.711907164480323,0.4632056451612903,0.5005764353239567,0.3726223885251014,0.3545168067226891,0.533658239415169,0.5138105975197294,0.5096670247046187,0.3072916666666667,0.319665907365224,0.38559892328398393,0.5950837988826816,0.6663516068052929,0.518439337252806,0.6002220988339813,0.0,0.49808245445829347,0.6119614512471655,0.886
0.43243243243243246,0.6993254095727592,0.7217642209398185,0.7134207870837537,0.6628024193548387,0.658058565828914,0.43280324290614286,0.6864495798319328,0.35089856838257694,0.21420518602029304,0.5263157894736842,0.3081597222222222,0.3986332574031891,0.6958277254374159,0.6004469273743017,0.5151228733459357,0.49973276322822013,0.33592448639644645,0.0,0.4966442953020135,0.3001700680272109,1.052
0.43343343343343343,0.6980404754256343,0.6912613355317393,0.5877901109989909,0.4495967741935484,0.6421489508877104,0.39787963829123796,0.6586134453781513,0.3572951568687176,0.23478015783540013,0.5902255639097744,0.4418402777777778,0.33485193621867887,0.5551816958277255,0.6453631284916201,0.47637051039697537,0.5008017103153394,0.4519711271515825,0.0,0.49712368168744014,0.31179138321995464,0.387
0.4344344344344344,0.41824606488917443,0.7036273701566362,0.39808274470232086,0.4934475806451613,0.5335485358542772,0.48955410040536335,0.30042016806722693,0.7164179104477613,0.4557497181510709,0.6874328678839956,0.6753472222222222,0.49582384206529995,0.7133243606998654,0.5070391061452514,0.551984877126654,0.5125601282736504,0.4403109383675736,0.0,0.4079578139980825,0.6218820861678005,0.092
0.43543543543543545,0.6334725345326052,0.7394888705688374,0.7108980827447022,0.4007056451612903,0.5141803089693336,0.40224508886810106,0.3965336134453782,0.6250380749314651,0.5121195039458849,0.48120300751879697,0.3489583333333333,0.37813211845102507,0.7934051144010767,0.5778770949720671,0.6379962192816634,0.6151790486370924,0.5435868961687952,0.0,0.5536912751677854,0.6062925170068028,1.12
0.4364364364364364,0.8361708962415675,0.6970321516900246,0.765388496468214,0.4102822580645161,0.5577588194604566,0.19332709697536637,0.2247899159663866,0.535790435577216,0.5239571589627958,0.38775510204081626,0.3871527777777778,0.10858010630220205,0.6130551816958277,0.553072625698324,0.6370510396975424,0.5339390700160341,0.6296501943364798,0.0,0.46356663470757437,0.6119614512471655,1.198
0.43743743743743746,0.5483456472855766,0.7926628194558943,0.6382441977800202,0.5519153225806452,0.8293751441088311,0.4911131898971002,0.7762605042016807,0.2034724337496192,0.08568207440811715,0.4591836734693877,0.48871527777777773,0.43507972665148065,0.8304172274562585,0.5068156424581006,0.8100189035916823,0.5360769641902725,0.21710161021654645,0.0,0.4832214765100672,0.11337868480725632,0.285
0.43843843843843844,0.5203983295856087,0.33841714756801305,0.4162462159434914,0.5408266129032258,0.42195065713626934,0.4053632678515747,0.19695378151260506,0.6765153822723119,0.585118376550169,0.5606874328678839,0.4505208333333333,0.40470766894457105,0.04441453566621811,0.49988826815642456,0.5293005671077504,0.40833778727952963,0.4658523042754026,0.0,0.5004793863854267,0.7403628117913832,0.236
0.4394394394394394,0.8734339865081914,0.2151690024732068,0.42885973763874874,0.8422379032258065,0.3428637306894166,0.19270346117867165,0.8293067226890757,0.1011270179713677,0.1922209695603156,0.45273899033297527,0.4114583333333333,0.15261958997722092,0.16689098250336476,0.8795530726256983,0.5311909262759924,0.06627471940138963,0.32204330927262637,0.0,0.02205177372962619,0.21315192743764177,0.074
0.44044044044044045,0.9428204304529392,0.26133553173948876,0.8183652875882947,0.5403225806451613,0.4189531934516947,0.2959151855316495,0.5304621848739496,0.38958269875114226,0.3280721533258173,0.328141783029001,0.1449652777777778,0.20728929384965833,0.3149394347240916,0.7926256983240223,0.7759924385633269,0.28006413682522713,0.4347584675180456,0.0,0.2348993288590604,0.44019274376417233,1.049
0.44144144144144143,0.6684869900417604,0.5267930750206099,0.4873864783047427,0.3326612903225806,0.3712243486280839,0.30558154038041785,0.4017857142857143,0.5373134328358209,0.4653325817361893,0.7937701396348013,0.4878472222222222,0.31814730447987855,0.32570659488559894,0.7358659217877095,0.6805293005671077,0.26777124532335644,0.5269294836202111,0.0,0.24065196548418033,0.5856009070294785,0.483
0.44244244244244246,0.42081593318342436,0.6187139323990106,0.6009081735620585,0.4627016129032258,0.7548997002536316,0.5681322107888993,0.8944327731092439,0.19738044471519955,0.05467869222096944,0.5010741138560687,0.6553819444444444,0.4001518602885346,0.5302826379542396,0.4306145251396648,0.25330812854442336,0.5264564404061999,0.16046640755136038,0.0,0.5570469798657719,0.19217687074829937,0.514
0.44344344344344344,0.6074526180533247,0.42992580379225054,0.7472250252270434,0.516633064516129,0.6386903389439705,0.41128780792017466,0.5057773109243698,0.2960706670727993,0.23759864712514084,0.3496240601503759,0.37673611111111105,0.3629460895975703,0.2685060565275909,0.457877094972067,0.35349716446124757,0.45163014430785675,0.32870627429206,0.0,0.6759348034515821,0.41524943310657597,0.37
0.4444444444444444,0.5785415997430131,0.4410552349546577,0.5438950554994955,0.3266129032258065,0.5400046114825917,0.42781415653258503,0.6612394957983194,0.34450197989643616,0.1967305524239007,0.4661654135338345,0.5390625,0.3621867881548976,0.4717362045760431,0.5928491620111731,0.5586011342155008,0.36451095670764294,0.323153803442532,0.0,0.34372003835091086,0.3758503401360544,0.373
0.44544544544544545,0.9380019274012207,0.7370156636438581,0.6407669021190716,0.25806451612903225,0.2672354161863039,0.054256314312441545,0.2547268907563025,0.5820895522388059,0.6025930101465613,0.7363050483351234,0.12152777777777779,0.14123006833712992,0.572678331090175,0.9108379888268157,0.5784499054820416,0.33030464991982894,0.6851749028317602,0.0,0.1778523489932886,0.6695011337868481,0.891
0.44644644644644643,0.5660134918085448,0.6117065127782356,0.35065590312815337,0.6517137096774193,0.7087848743370995,0.3086997193638915,0.6596638655462185,0.19311605239110563,0.09949267192784661,0.6079484425349087,0.5555555555555555,0.22779043280182237,0.4279946164199193,0.5597765363128492,0.606805293005671,0.4099412079102084,0.12826207662409778,0.0,0.36960690316395023,0.23100907029478468,-0.178
0.44744744744744747,0.6055252168326373,0.4422918384171474,0.32441977800201816,0.33518145161290325,0.5190223656905695,0.3143124415341441,0.11974789915966388,0.5519342065184283,0.6271138669673054,0.3770139634801289,0.2204861111111111,0.16324981017463935,0.3714670255720054,0.43821229050279326,0.8185255198487712,0.6419027258150721,0.7534702942809551,0.0,0.651006711409396,0.6984126984126984,0.264
0.44844844844844844,0.6318663668486989,0.6776586974443527,0.4994954591321897,0.3548387096774194,0.4399354392437168,0.23947614593077649,0.20640756302521013,0.6137678952177886,0.6302142051860202,0.5730397422126745,0.4071180555555555,0.20880789673500383,0.6318977119784657,0.5367597765363128,0.5576559546313798,0.4698022447888829,0.6640755136035537,0.0,0.477948226270374,0.7199546485260772,0.533
0.4494494494494494,0.8904593639575971,0.5849134377576256,0.7714429868819375,0.47631048387096775,0.2211205902697717,0.2198316183348925,0.22794117647058826,0.6798659762412428,0.6727733934611048,0.8077336197636948,0.10677083333333331,0.23462414578587704,0.4602960969044415,0.7369832402234636,0.34499054820415875,0.25227151256012825,0.7917823431426987,0.0,0.35522531160115056,0.7264739229024944,1.188
0.45045045045045046,0.6896884034693221,0.4171475680131903,0.6886982845610494,0.2409274193548387,0.4782107447544386,0.37979420018709076,0.4679621848739496,0.5293938470910753,0.4709695603156707,0.4876476906552094,0.4175347222222222,0.2733485193621868,0.3028263795423957,0.5229050279329609,0.7901701323251417,0.42063067878140026,0.5047196002220989,0.0,0.4966442953020135,0.5572562358276645,0.898
0.45145145145145144,0.5785415997430131,0.576669414674361,0.6261352169525731,0.7752016129032258,0.5579893935900392,0.496102276270658,0.39128151260504207,0.6140724946695095,0.4208004509582862,0.4006444683136412,0.3871527777777778,0.513287775246773,0.48519515477792735,0.423463687150838,0.38752362948960295,0.6092998396579369,0.5841199333703498,0.0,0.6778523489932887,0.604875283446712,0.964
0.45245245245245247,0.5293928686154834,0.3215169002473206,0.24268415741675076,0.845766129032258,0.5065713626931059,0.4084814468350484,0.47531512605042026,0.5315260432531221,0.3260992108229988,0.6015037593984962,0.71875,0.4092634776006075,0.19582772543741594,0.513072625698324,0.6219281663516067,0.33885622661678244,0.3114936146585231,0.0,0.44726749760306816,0.516156462585034,-0.184
0.45345345345345345,0.72020558946354,0.4216817807089859,0.7255297679112007,0.3901209677419355,0.40327415264007377,0.3009042719052074,0.2620798319327731,0.6043253122144381,0.552705749718151,0.46240601503759393,0.2847222222222222,0.18375094912680334,0.24091520861372817,0.528268156424581,0.38468809073724,0.4714056654195617,0.5841199333703498,0.0,0.47267497603068076,0.7369614512471655,0.875
0.4544544544544544,0.7462255059428204,0.6228359439406429,0.6488395560040363,0.46219758064516125,0.5976481438782569,0.3483005924540069,0.5063025210084033,0.41151385927505335,0.2528184892897406,0.4661654135338345,0.3871527777777778,0.29384965831435084,0.528263795423957,0.5546368715083799,0.5699432892249526,0.3896312132549439,0.2265408106607441,0.0,0.45493767976989463,0.3979591836734694,0.558
0.45545545545545546,0.6084163186636684,0.548227535037098,0.44702320887991925,0.3765120967741935,0.6446852663131197,0.37729965700031187,0.6302521008403361,0.3609503502893695,0.23647125140924452,0.4607948442534908,0.43923611111111105,0.26119969627942297,0.4226110363391656,0.5783240223463687,0.5689981096408316,0.4521646178514163,0.385341476957246,0.0,0.37008628954937683,0.35572562358276644,0.449
0.45645645645645644,0.21072920012849344,0.4068425391591095,0.42532795156407666,0.4067540322580645,0.5939589578049344,0.7256002494543188,0.3434873949579832,0.6609808102345416,0.43291995490417123,0.5510204081632653,0.7144097222222222,0.6226271829916478,0.3660834454912517,0.2692737430167597,0.2977315689981096,0.6953500801710315,0.4741810105496947,0.0,0.7775647171620327,0.6547619047619048,0.42
0.4574574574574575,0.33504657886283334,0.5486397361912612,0.39656912209889,0.2852822580645161,0.5413880562600877,0.5799812909260992,0.19590336134453784,0.7855619859884252,0.6248590755355129,0.604189044038668,0.6085069444444444,0.4821564160971906,0.4562584118438762,0.3486033519553072,0.7570888468809073,0.6707642971672901,0.6202109938922822,0.0,0.7238734419942474,0.7437641723356009,0.242
0.45845845845845845,0.650819145518792,0.5148392415498761,0.35065590312815337,0.3548387096774194,0.3195757436015679,0.2659806672903025,0.33245798319327735,0.5659457812975937,0.47914317925591876,0.7706766917293233,0.3368055555555555,0.3614274867122248,0.3613728129205922,0.7827932960893854,0.3799621928166351,0.24265098877605557,0.518600777345919,0.0,0.1864813039309684,0.5807823129251701,0.167
0.45945945945945943,0.8046900096370061,0.5169002473206924,0.5469223007063573,0.33316532258064513,0.36177080931519484,0.22419706891175561,0.5089285714285715,0.4550715808711545,0.36386696730552415,0.6149301825993555,0.2534722222222222,0.24905087319665908,0.4353970390309556,0.7964245810055866,0.6162570888468808,0.22501336183858894,0.4386451971127152,0.0,0.1308724832214766,0.4889455782312925,0.368
0.46046046046046046,0.5579826533890138,0.3037922506183016,0.8249243188698283,0.5095766129032258,0.5895780493428637,0.5182413470533209,0.4732142857142857,0.44897959183673475,0.3055242390078917,0.36949516648764763,0.5,0.3409263477600608,0.17698519515477795,0.39486033519553065,0.3393194706994328,0.38802779262426507,0.39866740699611336,0.0,0.6227229146692235,0.49263038548752835,1.105
0.46146146146146144,0.7761002248634757,0.541220115416323,0.8193743693239153,0.5272177419354839,0.6243947429098455,0.3738696601184909,0.7568277310924371,0.20986902223575998,0.1197857948139796,0.4967776584317937,0.5034722222222222,0.23993925588458626,0.5693135935397039,0.5854748603351955,0.6247637051039696,0.327632282202031,0.3481399222654082,0.0,0.3087248322147652,0.22448979591836737,1.082
0.4624624624624625,0.6543527144233857,0.450535861500412,0.6710393541876891,0.407258064516129,0.2603181922988241,0.45681322107889,0.1092436974789916,0.7036247334754797,0.7023675310033821,0.6906552094522019,0.38107638888888884,0.28473804100227795,0.3337819650067295,0.6241340782122905,0.607750472589792,0.3468733297701764,0.7845641310383121,0.0,0.36289549376797703,0.7562358276643991,1.498
0.46346346346346345,0.7314487632508833,0.5556471558120362,0.7865792129162461,0.7918346774193548,0.6513719160710169,0.4565014031805426,0.6622899159663866,0.2753579043557721,0.10541149943630213,0.36573576799140706,0.3159722222222222,0.29536826119969634,0.33445491251682374,0.7224581005586592,0.4357277882797731,0.29502939604489575,0.16990560799555804,0.0,0.21093000958772778,0.1947278911564626,1.059
0.46446446446446443,0.5528429168005139,0.503709810387469,0.677598385469223,0.5730846774193548,0.8367535162554762,0.5855940130963518,0.8387605042016807,0.15229972586049345,0.08540022547914305,0.3388829215896884,0.3715277777777778,0.41305998481397116,0.41790040376850607,0.45743016759776534,0.603969754253308,0.6322822020309994,0.07440310938367578,0.0,0.5546500479386386,0.1315192743764172,0.347
0.46546546546546547,0.7870221651140378,0.8256389117889529,0.7643794147325933,0.4808467741935484,0.7080931519483514,0.22170252572497667,0.7074579831932774,0.22448979591836737,0.14148816234498302,0.5778732545649838,0.3923611111111111,0.27182991647684135,0.756393001345895,0.6192178770949721,0.4697542533081285,0.46712987707108494,0.2565241532481955,0.0,0.4041227229146693,0.2534013605442177,0.637
0.46646646646646645,0.6733054930934789,0.4962901896125308,0.6619576185671039,0.4057459677419355,0.5715932672354163,0.37885874649204865,0.740546218487395,0.2811452939384709,0.13500563697857942,0.41299677765843174,0.5633680555555555,0.41381928625664394,0.41184387617765816,0.6735195530726257,0.4801512287334593,0.2987707108498129,0.23098278734036648,0.0,0.2253116011505274,0.2695578231292517,0.481
0.4674674674674675,0.67876646321876,0.6310799670239076,0.5686175580221997,0.35181451612903225,0.4401660133732995,0.20236981602744003,0.2925420168067227,0.5665549802010357,0.5766629086809469,0.5606874328678839,0.46354166666666663,0.2080485952923311,0.5511440107671602,0.5881564245810056,0.6351606805293005,0.4537680384820951,0.6990560799555803,0.0,0.42905081495685526,0.659297052154195,0.796
0.46846846846846846,0.6729842595566976,0.329348722176422,0.7547931382441977,0.4984879032258065,0.5400046114825917,0.5497349547864048,0.48056722689075637,0.43405421870240635,0.30975197294250273,0.309344790547798,0.5008680555555556,0.4153378891419894,0.2947510094212652,0.6272625698324023,0.5245746691871455,0.2918225547835382,0.3087173792337591,0.0,0.43576222435282846,0.42431972789115646,1.055
0.4694694694694695,0.5901060070671377,0.5255564715581202,0.5953582240161452,0.2696572580645161,0.6700484205672124,0.5403804178359839,0.5168067226890757,0.5031982942430704,0.27733934611048466,0.28947368421052627,0.2508680555555556,0.4806378132118452,0.5942126514131898,0.43441340782122895,0.3478260869565217,0.7049706039551041,0.4786229872293171,0.0,0.7622243528283797,0.4767573696145125,0.785
0.47047047047047047,0.7924831352393189,0.41673536685902707,0.6664984863773966,0.544858870967742,0.3638459764814388,0.29778609292173375,0.305672268907563,0.5440146207736826,0.5335400225479142,0.47959183673469385,0.1831597222222222,0.19589977220956722,0.34791386271870794,0.6008938547486034,0.7561436672967863,0.2827365045430251,0.646307606885064,0.0,0.43288590604026855,0.6332199546485261,0.977
0.47147147147147145,0.8300674590427239,0.6079967023907665,0.6518668012108981,0.611391129032258,0.47313811390362004,0.21515434985968196,0.38970588235294124,0.44623819677124577,0.4436302142051859,0.6589688506981739,0.2092013888888889,0.13439635535307526,0.5706594885598923,0.7146368715083798,0.8884688090737239,0.2902191341528594,0.5324819544697391,0.0,0.3293384467881113,0.503968253968254,0.776
0.4724724724724725,0.7292001284934148,0.7943116240725472,0.4737638748738648,0.3477822580645161,0.36223195757436016,0.20455254131587153,0.45325630252100846,0.558939993908011,0.45405862457722646,0.9543501611170784,0.4505208333333333,0.25436598329536825,0.6110363391655451,0.5624581005586593,0.47164461247637046,0.4024585783003741,0.6229872293170462,0.0,0.3528283796740173,0.5980725623582767,0.444
0.47347347347347346,0.7619659492451012,0.4868095630667765,0.6261352169525731,0.344758064516129,0.40880793175005764,0.3083879014655442,0.520483193277311,0.440755406640268,0.4222096956031566,0.5037593984962405,0.23958333333333331,0.20045558086560367,0.4764468371467026,0.6844692737430168,0.7410207939508505,0.31320149652592194,0.4586340921710162,0.0,0.3379674017257911,0.501984126984127,1.075
0.4744744744744745,0.7195631223899774,0.5647155812036272,0.6584258324924319,0.3795362903225806,0.5439243716854969,0.3429996881821017,0.33665966386554624,0.5723423697837344,0.4332018038331453,0.33351235230934473,0.22482638888888884,0.26651480637813213,0.4414535666218035,0.5121787709497208,0.5359168241965973,0.5146980224478888,0.5957801221543588,0.0,0.5287631831255992,0.5935374149659864,0.677
0.4754754754754755,0.700289110183103,0.4117889530090683,0.7976791120080726,0.580141129032258,0.5911920682499424,0.3473651387589648,0.576155462184874,0.3463295766067621,0.25028184892897404,0.4409237379162191,0.4409722222222222,0.38952164009111623,0.41790040376850607,0.5421229050279329,0.5718336483931946,0.3677177979690005,0.22820655191560246,0.0,0.39405560882070956,0.3948412698412699,0.74
0.47647647647647645,0.6203019595245742,0.4769167353668589,0.24268415741675076,0.38558467741935487,0.3903620013834448,0.23947614593077649,0.2820378151260505,0.5248248553152604,0.43855693348365266,0.6836734693877551,0.5529513888888888,0.32574031890660593,0.3559892328398385,0.7070391061452513,0.5595463137996218,0.3671833244254409,0.41532481954469747,0.0,0.41994247363374887,0.6198979591836735,-0.062
0.4774774774774775,0.6941856729842596,0.6294311624072546,0.5277497477295661,0.36693548387096775,0.2976712012912151,0.22513252260679767,0.29569327731092443,0.6618946085897045,0.6896843291995489,0.7303974221267454,0.3038194444444444,0.2604403948367502,0.5565275908479139,0.72,0.5784499054820416,0.3500801710315339,0.7579122709605776,0.0,0.28379674017257916,0.7210884353741497,0.727
0.47847847847847846,0.701574044330228,0.5152514427040394,0.31987891019172554,0.2923387096774194,0.38690338943970487,0.1836607421265981,0.28623949579831937,0.5053304904051172,0.5679255918827507,0.6122448979591836,0.4383680555555555,0.17388003037205774,0.3492597577388964,0.6339664804469274,0.5113421550094517,0.32282202030999463,0.5991116046640756,0.0,0.3614573346116971,0.6442743764172336,0.331
0.4794794794794795,0.686797301638291,0.4460016488046165,0.5756811301715439,0.4884072580645161,0.5353931288909385,0.37542874961022765,0.44432773109243706,0.4480657934815717,0.29875986471251403,0.4844253490870032,0.3515625,0.32194381169324227,0.3075370121130552,0.6290502793296089,0.5586011342155008,0.4879743452699091,0.3253747917823432,0.0,0.490412272291467,0.4863945578231293,0.598
0.4804804804804805,0.7224542242210086,0.7906018136850781,0.41725529767911196,0.6265120967741935,0.5337791099838598,0.2235734331150609,0.4910714285714286,0.4023758757234237,0.33850056369785786,0.5483351235230933,0.5581597222222222,0.13059984813971148,0.702557200538358,0.6829050279329608,0.6871455576559545,0.26884019241047563,0.4525263742365353,0.0,0.2665388302972196,0.40929705215419504,0.2
0.48148148148148145,0.47381946675232894,0.4163231657048639,0.3829465186680121,0.360383064516129,0.6347705787410652,0.3529778609292174,0.486344537815126,0.3530307645446239,0.21505073280721526,0.43770139634801286,0.6371527777777777,0.26727410782080485,0.2597577388963661,0.41988826815642455,0.4291115311909262,0.44147514698022444,0.24930594114380905,0.0,0.5210930009587729,0.43934240362811794,-0.051
0.4824824824824825,0.6048827497590749,0.42044517724649616,0.4243188698284561,0.3533266129032258,0.5063407885635232,0.3302151543498597,0.13130252100840334,0.5961011270179714,0.44503945885005625,0.49999999999999994,0.4097222222222222,0.28321943811693245,0.3741588156123823,0.5146368715083799,0.5293005671077504,0.4874398717263495,0.46696279844530825,0.0,0.5316395014381592,0.6746031746031746,0.411
0.48348348348348347,0.7491166077738516,0.4525968672712282,0.8900100908173563,0.5080645161290323,0.6792713857505188,0.45556594948550055,0.5772058823529412,0.29150167529698456,0.1344419391206313,0.29967776584317934,0.2109375,0.33864844343204253,0.37281292059219384,0.539217877094972,0.4782608695652173,0.6344200962052378,0.3242642976124376,0.0,0.6045062320230106,0.3398526077097506,1.308
0.4844844844844845,0.5785415997430131,0.5799670239076669,0.8062563067608477,0.5599798387096775,0.8090846207055569,0.5696913002806362,0.4248949579831932,0.4014620773682607,0.20659526493799318,0.3184747583243823,0.4236111111111111,0.47532270311313596,0.40444145356662187,0.37340782122905025,0.49243856332703206,0.695884553714591,0.3636868406440867,0.0,0.6807286673058486,0.391156462585034,1.186
0.4854854854854855,0.6228718278188241,0.6203627370156635,0.43440968718466194,0.6386088709677419,0.33294904311736223,0.2669161209853446,0.4868697478991597,0.49619250685348765,0.4309470124013528,0.8512352309344791,0.6232638888888888,0.2999240698557328,0.5787348586810229,0.7309497206703911,0.4281663516068052,0.22608230892570813,0.41254858411993345,0.0,0.19654841802492806,0.5473356009070295,0.176
0.48648648648648646,0.6543527144233857,0.4649629018961252,0.7265388496468212,0.5181451612903225,0.41065252478671893,0.4449641409416901,0.060399159663865554,0.7331708802924155,0.6682638105975196,0.4978517722878625,0.45312499999999994,0.2619589977220957,0.32907133243607,0.48357541899441336,0.5850661625708884,0.51309460181721,0.725707940033315,0.0,0.5891658676893576,0.792233560090703,1.224
0.4874874874874875,0.7182781882428525,0.6380873866446825,0.5560040363269425,0.38256048387096775,0.5642148950887711,0.3186778921110072,0.44905462184873945,0.465427962229668,0.3720405862457722,0.47314715359828136,0.2074652777777778,0.13743356112376615,0.48923283983849264,0.5441340782122904,0.5122873345935727,0.5360769641902725,0.5857856746252083,0.0,0.5570469798657719,0.4722222222222222,0.522
0.48848848848848847,0.5875361387728878,0.3087386644682604,0.6427850655903128,0.3533266129032258,0.7138575051879179,0.5032740879326474,0.585609243697479,0.26073713067316484,0.19870349492671918,0.18152524167561757,0.32986111111111105,0.4244495064540623,0.2045760430686407,0.5570949720670392,0.5387523629489602,0.48904329235702826,0.22876179900055527,0.0,0.5949185043144776,0.29591836734693877,0.756
0.4894894894894895,0.5072277545775778,0.2922506183017311,0.20988900100908173,0.3578629032258065,0.5395434632234264,0.37574056750857504,0.6769957983193278,0.22053000304599457,0.22068771138669668,0.3963480128893662,0.8151041666666666,0.20121488230827644,0.21332436069986543,0.6603351955307263,0.38657844990548196,0.2576162479957242,0.2548584119933371,0.0,0.17641418983700874,0.2630385487528345,-0.376
0.4904904904904905,0.5830388692579506,0.49381698268755136,0.5509586276488396,0.3558467741935484,0.5395434632234264,0.381665107577175,0.4858193277310925,0.42004264392324087,0.2931228861330326,0.4516648764769065,0.3611111111111111,0.39255884586180717,0.31830417227456265,0.5383240223463688,0.37807183364839314,0.46606092998396575,0.42642976124375354,0.0,0.5086289549376799,0.4963151927437642,0.394
0.49149149149149146,0.4394474783167363,0.5333882934872216,0.7391523713420787,0.32560483870967744,0.649296748904773,0.5940130963517307,0.3576680672268908,0.5476698141943344,0.21815107102593,0.6047261009667024,0.6258680555555555,0.5026575550493546,0.5787348586810229,0.38391061452513964,0.25803402646502827,0.5718866916087653,0.2243198223209329,0.0,0.6605944391179291,0.5365646258503401,0.765
0.4924924924924925,0.6517828461291358,0.5408079142621598,0.7522704339051463,0.3412298387096774,0.6098685727461379,0.4443405051449954,0.423844537815126,0.4776119402985074,0.2998872604284103,0.533297529538131,0.4522569444444444,0.30523917995444194,0.45289367429340516,0.5586592178770949,0.26654064272211714,0.5820416889363976,0.3675735702387563,0.0,0.5412272291466923,0.5011337868480725,0.95
0.4934934934934935,0.39190491487311274,0.5770816158285241,0.33551967709384456,0.29183467741935487,0.5916532165091077,0.49922045525413167,0.2184873949579832,0.6883947608894304,0.5467869222096955,0.48657357679914065,0.3862847222222222,0.4457099468488991,0.4919246298788695,0.28335195530726254,0.5406427221172022,0.7482629609834313,0.5719044975013882,0.0,0.7933844678811123,0.7242063492063492,0.126
0.4944944944944945,0.680051397365885,0.3891178895300905,0.5711402623612511,0.5357862903225806,0.4025824302513258,0.3660742126598067,0.3576680672268908,0.5772159610112702,0.5797632468996616,0.4457572502685284,0.3177083333333333,0.193621867881549,0.2698519515477793,0.5624581005586593,0.6805293005671077,0.4265098877605558,0.5868961687951139,0.0,0.4630872483221477,0.6578798185941044,0.655
0.4954954954954955,0.6325088339222614,0.5292662819455893,0.6937436932391523,0.3321572580645161,0.7643532395665207,0.4290614281259745,0.9396008403361347,0.02650015229972591,0.11781285231116112,0.4554242749731471,0.40798611111111105,0.27182991647684135,0.4757738896366084,0.5591061452513967,0.6153119092627598,0.5269909139497595,0.2581898945030539,0.0,0.4659635666347076,0.05952380952380942,0.558
0.4964964964964965,0.3283006745904272,0.8734542456718877,0.35671039354187684,0.5181451612903225,0.6412266543693798,0.47271593389460564,0.16071428571428575,0.7825159914712153,0.4906989853438556,0.67937701396348,0.359375,0.6742596810933942,0.8075370121130552,0.3832402234636871,0.553875236294896,0.8348476750400855,0.5219322598556358,0.0,0.8259827420901247,0.7604875283446713,0.292
0.4974974974974975,0.5628011564407324,0.5276174773289364,0.4238143289606458,0.5982862903225806,0.4931980631773115,0.32460243217960716,0.3455882352941177,0.5659457812975937,0.34160090191657266,0.6493018259935552,0.4409722222222222,0.39179954441913445,0.46500672947510097,0.5401117318435754,0.4499054820415878,0.5056119722073757,0.4008883953359246,0.0,0.4050814956855226,0.6054421768707483,0.184
0.4984984984984985,0.566334725345326,0.7093981863149216,0.5272452068617558,0.45614919354838707,0.6813465529167628,0.36233239787963833,0.6875,0.258300335059397,0.177846674182638,0.547798066595059,0.4817708333333333,0.39559605163249817,0.5033647375504711,0.5170949720670391,0.49716446124763697,0.45163014430785675,0.33425874514158804,0.0,0.47698945349952065,0.24631519274376423,0.367
0.4994994994994995,0.693543205910697,0.48021434460016477,0.487891019172553,0.344758064516129,0.49827069402813007,0.3389460555035859,0.2914915966386555,0.5909229363387146,0.3866967305524238,0.5225563909774436,0.525173611111111,0.3735763097949886,0.5033647375504711,0.6799999999999999,0.4480151228733459,0.4628540887226082,0.5008328706274293,0.0,0.3720038350910835,0.626984126984127,0.392
0.5005005005005005,0.5191133954384838,0.2712283594394063,0.2119071644803229,0.42993951612903225,0.5381600184459304,0.4823822887433739,0.3382352941176471,0.40785866585440145,0.3500563697857947,0.4017185821697099,0.4600694444444444,0.3128321943811694,0.21265141318977127,0.5132960893854749,0.60586011342155,0.36664885088188137,0.3703498056635203,0.0,0.4568552253116012,0.5031179138321995,0.05
0.5015015015015015,0.5721169290073883,0.49381698268755136,0.508577194752775,0.4254032258064516,0.6158635001152871,0.39008419083255386,0.4952731092436975,0.3990252817544928,0.26268320180383303,0.3689581095596133,0.3315972222222222,0.33181473044798787,0.5847913862718708,0.5119553072625699,0.4744801512287334,0.5633351149118118,0.44253192670738484,0.0,0.5575263662511986,0.4699546485260771,0.311
0.5025025025025025,0.7552200449726951,0.4431162407254739,0.7169525731584259,0.4475806451612903,0.6257781876873415,0.2588088556283131,0.6160714285714286,0.21321961620469088,0.23337091319052983,0.38131041890440376,0.39322916666666663,0.21108580106302205,0.30349932705248994,0.6860335195530727,0.36389413988657837,0.4692677712453233,0.3398112159911161,0.0,0.390699904122723,0.30612244897959184,0.728
0.5035035035035035,0.5579826533890138,0.4554822753503709,0.2795156407669021,0.6713709677419355,0.4477749596495273,0.3726223885251014,0.34821428571428575,0.5705147730734084,0.4819616685456594,0.6192266380236304,0.5416666666666666,0.36522399392558846,0.33243606998654107,0.5548603351955307,0.4744801512287334,0.4371993586317477,0.5458078845086064,0.0,0.46836049856184087,0.63718820861678,0.151
0.5045045045045045,0.6431095406360423,0.5515251442704039,0.8304742684157418,0.27419354838709675,0.4973483975097994,0.4396632366697849,0.2652310924369748,0.5851355467560158,0.46392333709131894,0.5300751879699248,0.46701388888888884,0.3644646924829158,0.5484522207267833,0.5237988826815643,0.608695652173913,0.5285943345804383,0.541365907828984,0.0,0.48561840843720044,0.6198979591836735,1.03
0.5055055055055055,0.4166398972052682,0.5041220115416322,0.5590312815338042,0.4007056451612903,0.44685266313119665,0.5079513564078578,0.22006302521008408,0.7313432835820896,0.5312852311161217,0.7669172932330827,0.611111111111111,0.5785876993166288,0.47981157469717367,0.41072625698324017,0.4366729678638941,0.55264564404062,0.580788450860633,0.0,0.5325982742090125,0.7528344671201814,0.672
0.5065065065065065,0.7134596851911338,0.6327287716405604,0.6160443995963674,0.3130040322580645,0.43463223426331565,0.2522606797630184,0.3608193277310925,0.4739567468778556,0.548759864712514,0.5370569280343716,0.3923611111111111,0.220197418375095,0.5666218034993271,0.7099441340782122,0.8100189035916823,0.4810261892036344,0.7412548584119935,0.0,0.29530201342281887,0.5615079365079365,1.014
0.5075075075075075,0.6337937680693864,0.35366859027205266,0.22048435923309787,0.6098790322580645,0.5169471985243256,0.29872154661677586,0.5388655462184875,0.3304904051172708,0.2598647125140923,0.4001074113856068,0.45138888888888884,0.2209567198177677,0.1460296096904442,0.6277094972067039,0.5680529300567106,0.23409941207910206,0.2609661299278179,0.0,0.339405560882071,0.3696145124716554,-0.199
0.5085085085085085,0.7924831352393189,0.548227535037098,0.688193743693239,0.5625,0.3843670740142956,0.3766760212036171,0.40861344537815125,0.5300030459945173,0.48055242390078906,0.6825993555316863,0.3506944444444444,0.1503416856492028,0.37954239569313597,0.7016759776536313,0.551984877126654,0.41368252271512557,0.6168795113825654,0.0,0.40460210930009594,0.5861678004535147,1.158
0.5095095095095095,0.5245743655637648,0.40272052761747723,0.6125126135216953,0.35231854838709675,0.47798017062485587,0.5419395073277207,0.30409663865546216,0.6381358513554676,0.5025366403607665,0.5177228786251342,0.5685763888888888,0.32194381169324227,0.33310901749663535,0.5334078212290503,0.4243856332703213,0.5483698556921432,0.6029983342587453,0.0,0.5062320230105466,0.6944444444444444,0.864
0.5105105105105106,0.613234821715387,0.5469909315746083,0.8234106962663976,0.5720766129032258,0.5014987318422873,0.41253507951356416,0.5661764705882354,0.4106000609198903,0.23393461104847796,0.6525241675617615,0.41666666666666663,0.4631738800303721,0.46433378196500674,0.6183240223463687,0.4262759924385633,0.2998396579369321,0.3126041088284287,0.0,0.4050814956855226,0.44727891156462585,1.039
0.5115115115115115,0.8425955669771923,0.5972794723825225,0.5857719475277497,0.6486895161290323,0.44477749596495275,0.1824134705332086,0.5288865546218489,0.4444106000609199,0.4230552423900788,0.5585392051557465,0.22482638888888884,0.25816249050873197,0.48990578734858686,0.742122905027933,0.6720226843100188,0.3356493853554249,0.4897279289283732,0.0,0.23585810162991372,0.4909297052154195,0.7
0.5125125125125125,0.6276903308705428,0.3936521022258861,0.5474268415741674,0.24798387096774194,0.3059718699561909,0.33177424384159654,0.44905462184873945,0.5866585440146208,0.5408680947012401,0.5343716433941997,0.16840277777777773,0.4457099468488991,0.3115746971736205,0.6607821229050279,0.39413988657844984,0.26884019241047563,0.5874514158800667,0.0,0.32262703739213816,0.6539115646258503,0.517
0.5135135135135135,0.9527786700931576,0.4443528441879636,0.8521695257315842,0.12348790322580644,0.5031127507493659,0.20112254443405053,0.6460084033613446,0.32104782211392024,0.24549041713641478,0.41621911922663796,0.11979166666666669,0.09946848899012906,0.3539703903095559,0.9132960893854748,0.5586011342155008,0.30625334045964725,0.28262076624097726,0.0,0.21620325982742095,0.36394557823129253,1.184
0.5145145145145145,0.48345647285576615,0.43693322341302543,0.7537840565085772,0.5786290322580645,0.6453769887018677,0.5793576551294045,0.3960084033613446,0.4770027413950655,0.22547914317925583,0.45649838882921584,0.5043402777777778,0.5466970387243737,0.3936742934051144,0.39329608938547483,0.37618147448015116,0.5376803848209513,0.2942809550249862,0.0,0.5977948226270374,0.4977324263038549,0.911
0.5155155155155156,0.49566334725345335,0.4431162407254739,0.512108980827447,0.5226814516129032,0.5845054184920452,0.4911131898971002,0.476890756302521,0.3993298812062138,0.2733934611048477,0.4892588614393125,0.6206597222222222,0.3264996203492787,0.43606998654104984,0.4308379888268156,0.5028355387523629,0.45644040619989307,0.32259855635757917,0.0,0.5436241610738256,0.4387755102040817,0.352
0.5165165165165165,0.6337937680693864,0.7085737840065951,0.6246215943491422,0.9243951612903225,0.7738067788794097,0.3791705643903961,0.532563025210084,0.36612854096862624,0.24351747463359635,0.3689581095596133,0.5026041666666666,0.44039483675018987,0.7153432032301481,0.4842458100558659,0.4574669187145557,0.7466595403527525,0.3120488617434759,0.0,0.6222435282837968,0.4192176870748299,0.708
0.5175175175175175,0.6749116607773852,0.23660346248969488,0.5872855701311805,0.37752016129032256,0.5042656213972793,0.46803866541939515,0.5667016806722689,0.5443192202254036,0.36865839909808334,0.20837808807733615,0.27604166666666663,0.3378891419893698,0.19111709286675643,0.5137430167597766,0.3799621928166351,0.4708711918760021,0.44364242087729044,0.0,0.5570469798657719,0.5306122448979592,0.716
0.5185185185185185,0.6389335046578862,0.5012366034624895,0.6468213925327951,0.5171370967741935,0.3571593267235416,0.47146866230121615,0.14443277310924374,0.7557112397197685,0.71815107102593,0.47851772287862504,0.24479166666666669,0.28473804100227795,0.4919246298788695,0.6120670391061452,0.6965973534971643,0.39711384286477813,0.65741254858412,0.0,0.4424736337488016,0.7491496598639455,1.117
0.5195195195195195,0.6530677802762608,0.3025556471558119,0.5620585267406659,0.38356854838709675,0.3377910998385981,0.2201434362332398,0.3660714285714286,0.39719768504416686,0.4354565952649379,0.6471535982814178,0.4149305555555555,0.27182991647684135,0.2503364737550472,0.6616759776536313,0.5860113421550094,0.1721004810261892,0.4719600222098835,0.0,0.24880153403643346,0.5612244897959184,0.509
0.5205205205205206,0.6819787985865724,0.24361088211046983,0.7810292633703331,0.46673387096774194,0.38874798247636616,0.4683504833177425,0.2657563025210084,0.6494060310691441,0.46815107102593,0.4156820622986036,0.2786458333333333,0.41305998481397116,0.15881561238223418,0.5416759776536313,0.4385633270321361,0.40513094601817207,0.43087173792337596,0.0,0.44007670182166836,0.6799886621315193,1.066
0.5215215215215215,0.7253453260520398,0.6838417147568012,0.5923309788092835,0.8331653225806452,0.7037122434862809,0.2959151855316495,0.7379201680672269,0.2296679865976241,0.17418263810597512,0.5451127819548871,0.3862847222222222,0.18906605922551256,0.4562584118438762,0.5781005586592178,0.4754253308128544,0.39711384286477813,0.2915047196002222,0.0,0.4338446788111218,0.2627551020408163,0.387
0.5225225225225225,0.5766141985223258,0.44270403957131066,0.49041372351160445,0.4163306451612903,0.5628314503112751,0.4044278141565326,0.4243697478991597,0.40755406640268044,0.32018038331454335,0.4108485499462943,0.3515625,0.2589217919514047,0.36271870794078065,0.47731843575418986,0.6578449905482041,0.518439337252806,0.37368128817323715,0.0,0.4731543624161074,0.5048185941043084,0.347
0.5235235235235235,0.502088017989078,0.5432811211871392,0.5671039354187688,0.20060483870967744,0.7085543002075168,0.5647022139070783,0.5661764705882354,0.3981114833993299,0.28269447576099205,0.2835660580021482,0.3871527777777778,0.5170842824601367,0.4703903095558547,0.42793296089385474,0.5217391304347825,0.6825227151256013,0.39644641865630215,0.0,0.7277085330776607,0.413265306122449,0.557
0.5245245245245245,0.6990041760359781,0.5556471558120362,0.7225025227043389,0.43397177419354843,0.7212358773345631,0.388525101340817,0.6418067226890757,0.28845568077977457,0.1482525366403607,0.4752953813104188,0.5355902777777778,0.2186788154897495,0.5881561238223418,0.5888268156424581,0.37523629489603016,0.5542490646712988,0.25041643531371466,0.0,0.40939597315436244,0.28032879818594103,0.591
0.5255255255255256,0.7137809187279152,0.36397361912613346,0.7537840565085772,0.49193548387096775,0.5351625547613558,0.3953850951044591,0.5089285714285715,0.3277490100517819,0.30496054114994353,0.2593984962406014,0.2829861111111111,0.3143507972665149,0.2866756393001346,0.6341899441340781,0.7996219281663515,0.34901122394441475,0.24986118822876185,0.0,0.3082454458293385,0.43565759637188206,1.041
0.5265265265265265,0.7250240925152585,0.28606760098928263,0.5186680121089808,0.5619959677419355,0.3788332949043117,0.3660742126598067,0.23371848739495804,0.6043253122144381,0.5090191657271701,0.4516648764769065,0.10503472222222221,0.26119969627942297,0.41991924629878874,0.6145251396648045,0.4489603024574669,0.27151256012827363,0.5463631315935592,0.0,0.36385426653883035,0.6357709750566893,0.544
0.5275275275275275,0.5319627369097334,0.39694971145919195,0.363773965691221,0.672883064516129,0.4943509338252248,0.4689741191144372,0.3797268907563025,0.5973195248248553,0.43827508455467856,0.5800214822771214,0.515625,0.4115413819286257,0.3028263795423957,0.471731843575419,0.4688090737240075,0.4607161945483698,0.541365907828984,0.0,0.49089165867689366,0.5997732426303855,0.195
0.5285285285285285,0.5175072277545775,0.5053586150041218,0.6442986881937436,0.3382056451612903,0.4632234263315656,0.43748051138135335,0.5215336134453782,0.5083764849223271,0.2874859075535512,0.7164339419978517,0.7291666666666666,0.4335611237661352,0.30820995962314945,0.5550837988826816,0.30907372400756133,0.39123463388562263,0.33814547473625767,0.0,0.4050814956855226,0.5286281179138322,0.587
0.5295295295295295,0.6148409893992932,0.22135201978565533,0.7638748738647829,0.670866935483871,0.7438321420336639,0.5818521983161834,0.7358193277310925,0.24307036247334757,0.09836527621195035,0.15467239527389898,0.4973958333333333,0.25816249050873197,0.08277254374158821,0.39932960893854746,0.4385633270321361,0.593265633351149,0.1854525263742366,0.0,0.7003835091083415,0.28968253968253976,1.04
0.5305305305305306,0.6379698040475424,0.6360263808738663,0.6992936427850656,0.4264112903225807,0.5845054184920452,0.3860305581540381,0.19590336134453784,0.673773987206823,0.5363585118376549,0.4742212674543501,0.4192708333333333,0.3264996203492787,0.5033647375504711,0.4799999999999999,0.5217391304347825,0.6477819347942276,0.6363131593559135,0.0,0.5647171620325984,0.6643990929705216,0.915
0.5315315315315315,0.7536138772887888,0.5383347073371805,0.6871846619576185,0.19909274193548387,0.3975097994005073,0.362020579981291,0.4726890756302521,0.47883033810539144,0.43404735062006755,0.6203007518796992,0.2534722222222222,0.349278663629461,0.4192462987886945,0.7845810055865922,0.7646502835538751,0.24478888295029394,0.490283176013326,0.0,0.19750719079578138,0.49914965986394555,1.206
0.5325325325325325,0.48891744298104717,0.19332234130255554,0.18869828456104945,0.5070564516129032,0.45261701637076324,0.37574056750857504,0.4112394957983193,0.41882424611635694,0.34526493799323554,0.5875402792696025,0.7873263888888888,0.2369020501138953,0.15410497981157473,0.5633519553072626,0.551984877126654,0.32282202030999463,0.3398112159911161,0.0,0.38974113135186966,0.498015873015873,-0.287
0.5335335335335335,0.6591712174751043,0.5391591096455068,0.6659939455095862,0.6779233870967742,0.7276919529628776,0.5048331774243843,0.6370798319327732,0.2860188851660067,0.17305524239007886,0.29914070891514494,0.20225694444444448,0.4297646165527715,0.3061911170928668,0.5199999999999999,0.5633270321361058,0.44842330304649913,0.22765130483064966,0.0,0.5354745925215725,0.23951247165532885,0.632
0.5345345345345345,0.7012528107934468,0.43322341302555634,0.631180625630676,0.109375,0.5459995388517409,0.3448705955721859,0.5945378151260505,0.2604325312214437,0.23337091319052983,0.4097744360902255,0.234375,0.20349278663629466,0.33243606998654107,0.6766480446927374,0.8156899810964082,0.22394441475146976,0.37090505274847313,0.0,0.3077660594439119,0.31094104308390025,0.643
0.5355355355355356,0.7629296498554449,0.6743610882110468,0.7305751765893036,0.07560483870967742,0.5736684344016602,0.31555971312753356,0.645483193277311,0.2665245202558635,0.23365276211950387,0.6294307196562835,0.1814236111111111,0.31814730447987855,0.4394347240915209,0.6994413407821229,0.5567107750472589,0.2955638695884554,0.3409217101610217,0.0,0.32598274209012473,0.2774943310657596,0.84
0.5365365365365365,0.6100224863475747,0.7617477328936519,0.5459132189707366,0.5514112903225806,0.5969564214895089,0.2747115684440287,0.6013655462184875,0.36216874809625343,0.22717023675310027,0.617078410311493,0.5321180555555556,0.3173880030372058,0.6729475100942126,0.609608938547486,0.36389413988657837,0.42330304649919825,0.24042198778456414,0.0,0.4223394055608821,0.3914399092970522,0.288
0.5375375375375375,0.4481207838098297,0.733305853256389,0.665489404641776,0.44707661290322576,0.6285450772423334,0.675397567820393,0.14548319327731096,0.8208955223880596,0.5673618940248026,0.5848549946294307,0.4487847222222222,0.6028853454821564,0.721399730820996,0.3083798882681564,0.5718336483931946,0.7482629609834313,0.6557468073292616,0.0,0.7559923298178333,0.7046485260770975,0.966
0.5385385385385385,0.6646321876003854,0.36026380873866437,0.6271442986881937,0.6108870967741935,0.2836061793866728,0.36732148425319616,0.4159663865546219,0.4660371611331099,0.46702367531003375,0.7819548872180451,0.4583333333333333,0.42369020501138954,0.4030955585464334,0.722905027932961,0.5018903591682419,0.13148049171566006,0.44697390338700727,0.0,0.2665388302972196,0.5376984126984127,0.837
0.5395395395395395,0.43495020880179897,0.5989282769991755,0.6342078708375378,0.3951612903225806,0.5895780493428637,0.5693794823822889,0.3755252100840336,0.6390496497106305,0.3649943630214204,0.7013963480128893,0.525173611111111,0.6036446469248292,0.5255720053835801,0.39865921787709496,0.25519848771266535,0.6627471940138963,0.48473070516379796,0.0,0.6720997123681688,0.6221655328798186,0.695
0.5405405405405406,0.5371024734982331,0.6298433635614178,0.24672048435923308,0.140625,0.4500807009453539,0.3024633613969442,0.33298319327731096,0.5717331708802924,0.4348928974069898,0.7395273899033297,0.4678819444444444,0.302201974183751,0.6345895020188426,0.6022346368715084,0.2882797731568998,0.390700160342063,0.5197112715158246,0.0,0.34132310642377767,0.6037414965986395,0.056
0.5415415415415415,0.6386122711211051,0.6005770816158283,0.6710393541876891,0.5987903225806451,0.5655983398662671,0.39008419083255386,0.45378151260504207,0.5458422174840085,0.3024239007891769,0.46240601503759393,0.36979166666666663,0.4464692482915718,0.572678331090175,0.6500558659217878,0.7466918714555765,0.4190272581507215,0.3642420877290395,0.0,0.32598274209012473,0.4861111111111111,0.721
0.5425425425425425,0.5849662704786379,0.36768342951360256,0.6902119071644803,0.43245967741935487,0.7166243947429098,0.5893358278765202,0.743172268907563,0.3055132500761498,0.09921082299887252,0.33512352309344784,0.4305555555555555,0.4662110858010631,0.411170928667564,0.426145251396648,0.36862003780718333,0.46018172100481025,0.22043309272626327,0.0,0.5182166826462129,0.25878684807256236,0.676
0.5435435435435435,0.9135881786058464,0.38788128606760086,0.5943491422805247,0.15625,0.4210283606179387,0.12410352354225135,0.5603991596638656,0.26195552848004877,0.29932356257046216,0.35338345864661647,0.28385416666666663,0.025816249050873208,0.3640646029609691,0.8659217877094971,0.9999999999999999,0.16194548369855688,0.37423653525818995,0.0,0.16395014381591566,0.3392857142857143,0.666
0.5445445445445445,0.6977192418888531,0.5527617477328935,0.42230070635721495,0.4304435483870968,0.5413880562600877,0.35141877143748057,0.9227941176470589,0.1763630825464514,0.14937993235625696,0.5800214822771214,0.6753472222222222,0.17995444191343962,0.42462987886944825,0.7999999999999999,0.6379962192816634,0.1523249599144842,0.1649083842309828,0.0,0.22435282837967407,0.14852607709750565,0.03
0.5455455455455456,0.9524574365563764,0.4097279472382521,0.6084762865792129,0.18649193548387097,0.408577357620475,0.11880261927034613,0.6171218487394958,0.17484008528784656,0.27311161217587365,0.5676691729323308,0.1987847222222222,0.07744874715261962,0.3842530282637955,0.9398882681564246,0.8582230623818524,0.21004810261892037,0.3703498056635203,0.0,0.11888782358581018,0.30980725623582767,0.46
0.5465465465465466,0.8278188242852553,0.3202802967848309,0.577699293642785,0.37298387096774194,0.2955960341249712,0.2871842843779233,0.2032563025210084,0.6424002436795614,0.6767192784667417,0.48657357679914065,0.23177083333333331,0.12832194381169326,0.17092866756393005,0.6652513966480447,0.5179584120982986,0.40619989310529125,0.6413103831204887,0.0,0.33461169702780447,0.7403628117913832,0.882
0.5475475475475475,0.5345326052039833,0.6698268755152513,0.3602421796165489,0.737399193548387,0.3444777495964953,0.40224508886810106,0.32615546218487396,0.7151995126408772,0.6637542277339346,0.8351235230934478,0.4288194444444444,0.4533029612756265,0.6083445491251682,0.5280446927374302,0.603969754253308,0.459112773917691,0.7018323153803443,0.0,0.48370086289549385,0.7131519274376418,0.5
0.5485485485485485,0.5194346289752649,0.7250618301731243,0.3007063572149344,0.42993951612903225,0.40050726308508183,0.2918615528531338,0.3335084033613446,0.5820895522388059,0.5200112739571588,0.9339419978517722,0.5538194444444444,0.29536826119969634,0.5861372812920592,0.6500558659217878,0.48298676748582225,0.31320149652592194,0.5480288728484176,0.0,0.3178331735378716,0.6153628117913832,0.092
0.5495495495495496,0.6482492772245422,0.4715581203627369,0.6266397578203834,0.6118951612903225,0.42425639843209595,0.2447770502026817,0.3960084033613446,0.4968017057569296,0.38528748590755346,0.59828141783029,0.40104166666666663,0.27107061503416857,0.2907133243606999,0.6473743016759776,0.5775047258979206,0.21592731159807593,0.3659078289838979,0.0,0.36385426653883035,0.594671201814059,0.555
0.5505505505505506,0.5538066174108576,0.46702390766694135,0.49798183652875877,0.41431451612903225,0.5764353239566521,0.38571874025569075,0.2620798319327731,0.5851355467560158,0.3816234498308905,0.4113856068743286,0.4375,0.3948367501898254,0.39703903095558546,0.45519553072625696,0.5765595463137996,0.5521111704970604,0.38089950027762365,0.0,0.5786193672099713,0.5841836734693877,0.299
0.5515515515515516,0.6241567619659492,0.3083264633140972,0.37235116044399597,0.5952620967741935,0.47313811390362004,0.1939507327720611,0.3398109243697479,0.4992385013706975,0.43122886133032684,0.5032223415682062,0.41666666666666663,0.21184510250569483,0.21803499327052495,0.5233519553072625,0.5189035916824196,0.4799572421165152,0.4064408661854526,0.0,0.50143815915628,0.6479591836734694,0.154
0.5525525525525525,0.5300353356890459,0.46702390766694135,0.8002018163471241,0.5060483870967742,0.7950195988010146,0.603679451200499,0.5766806722689076,0.33688699360341157,0.11724915445321299,0.31417830290010734,0.2552083333333333,0.5626423690205012,0.2644683714670256,0.3959776536312849,0.37901701323251413,0.6082308925708177,0.1565796779566908,0.0,0.6697027804410356,0.29109977324263037,0.739
0.5535535535535535,0.7407645358175392,0.4542456718878811,0.589808274470232,0.5216733870967742,0.3850587964030436,0.3096351730589336,0.41754201680672265,0.4876637222053001,0.42615558060879355,0.5177228786251342,0.1970486111111111,0.3264996203492787,0.2166890982503365,0.6967597765363128,0.6805293005671077,0.2650988776055585,0.4347584675180456,0.0,0.37104506232023016,0.5873015873015873,0.579
0.5545545545545546,0.5319627369097334,0.27741137675185484,0.5691220988900101,0.5846774193548387,0.4563062024440858,0.5138758964764578,0.388655462184874,0.5781297593664332,0.3816234498308905,0.4559613319011815,0.3715277777777778,0.4206529992406986,0.17765814266487218,0.46122905027932953,0.4073724007561436,0.44200962052378406,0.3575791227096058,0.0,0.5071907957813999,0.5969387755102041,0.467
0.5555555555555556,0.6254416961130741,0.22300082440230823,0.5534813319878911,0.7600806451612903,0.5144108830989162,0.48113501714998447,0.36397058823529416,0.5793481571733171,0.41375422773393455,0.328141783029001,0.3220486111111111,0.37965072133637057,0.27321668909825036,0.4927374301675977,0.6758034026465027,0.5734901122394441,0.49750138811771244,0.0,0.5675934803451583,0.6244331065759637,0.795
0.5565565565565566,0.36845486668808225,0.4171475680131903,0.7406659939455096,0.3084677419354839,0.6218584274844363,0.6407857811038354,0.47006302521008403,0.510204081632653,0.270574971815107,0.42534908700322227,0.5607638888888888,0.5854214123006835,0.24562584118438768,0.3052513966480446,0.4546313799621927,0.49171566007482626,0.2593003886729595,0.0,0.6999041227229148,0.49376417233560094,0.752
0.5575575575575575,0.5836813363315129,0.6352019785655398,0.5761856710393541,0.59375,0.472446391514872,0.4271905207358903,0.37815126050420167,0.7164179104477613,0.5735625704622321,0.7223415682062299,0.4288194444444444,0.24905087319665908,0.5545087483176313,0.42100558659217874,0.6720226843100188,0.6520577231427044,0.7318156579677957,0.0,0.6534036433365293,0.7052154195011338,0.833
0.5585585585585585,0.6765178284612913,0.575020610057708,0.6367305751765893,0.7152217741935483,0.5162554761355775,0.45057686311194267,0.6649159663865547,0.4666463600365519,0.2629650507328071,0.44844253490870023,0.2560763888888889,0.384206529992407,0.5497981157469718,0.6259217877094972,0.5132325141776937,0.3858898984500267,0.39644641865630215,0.0,0.490412272291467,0.41865079365079366,1.016
0.5595595595595596,0.3870864118213942,0.38211046990931563,0.5131180625630676,0.45514112903225806,0.673737606640535,0.6513875896476459,0.33088235294117646,0.558026195552848,0.35625704622322424,0.41675617615467236,0.46875,0.5892179195140471,0.27321668909825036,0.30860335195530725,0.5236294896030245,0.6884019241047568,0.3681288173237091,0.0,0.7775647171620327,0.5915532879818595,0.732
0.5605605605605606,0.5695470607131384,0.4134377576257212,0.5373360242179617,0.29183467741935487,0.5591422642379525,0.5375740567508576,0.3450630252100841,0.5141638745050259,0.3418827508455467,0.31686358754027916,0.33246527777777773,0.4373576309794989,0.2617765814266488,0.6145251396648045,0.2996219281663516,0.424906467129877,0.4175458078845087,0.0,0.3379674017257911,0.4909297052154195,0.756
0.5615615615615616,0.5162222936074525,0.39241549876339643,0.5363269424823411,0.0,0.3264929674890477,0.4053632678515747,0.1869747899159664,0.6963143466341761,0.6350056369785794,0.6337271750805585,0.5147569444444444,0.41609719058466216,0.20188425302826385,0.5910614525139665,0.4253308128544423,0.3682522715125601,0.6224319822320934,0.0,0.48226270373921387,0.7624716553287982,0.462
0.5625625625625625,0.5679408930292322,0.3775762572135201,0.5428859737638749,0.2444556451612903,0.2969794789024671,0.4200187090739009,0.2300420168067227,0.6408772464209564,0.6350056369785794,0.537593984962406,0.4644097222222222,0.2968868640850418,0.2705248990578735,0.6837988826815642,0.6370510396975424,0.21485836451095675,0.55247084952804,0.0,0.2948226270373922,0.6825396825396826,0.71
0.5635635635635635,0.7153870864118214,0.41838417147568,0.7068617558022199,0.5075604838709677,0.46760433479363617,0.3529778609292174,0.6486344537815126,0.40450807188547055,0.22998872604284099,0.5064446831364124,0.47309027777777773,0.28246013667425973,0.3310901749663527,0.7023463687150838,0.27693761814744794,0.23035809727418488,0.2548584119933371,0.0,0.28139980824544586,0.41836734693877553,0.549
0.5645645645645646,0.6945069065210407,0.6038746908491343,0.39808274470232086,0.30393145161290325,0.38874798247636616,0.25288431555971314,0.5115546218487395,0.49253731343283585,0.40388951521984207,0.9113856068743287,0.4114583333333333,0.26803340926347763,0.41184387617765816,0.7774301675977653,0.7136105860113421,0.21218599679315875,0.42698500832870634,0.0,0.20278044103547466,0.4861111111111111,0.16
0.5655655655655656,0.6919370382267909,0.5832646331409727,0.6084762865792129,0.6033266129032258,0.42863730689416646,0.39694418459619585,0.35294117647058826,0.6021931160523911,0.5343855693348364,0.637486573576799,0.3168402777777778,0.30675778283978744,0.5881561238223418,0.5385474860335195,0.5916824196597352,0.4532335649385355,0.6035535813436981,0.0,0.4209012464046022,0.653061224489796,0.758
0.5665665665665666,0.4635399935753293,0.14303380049464132,0.4899091826437941,0.5231854838709677,0.5575282453308739,0.5647022139070783,0.5299369747899161,0.39293329272007305,0.30608793686583985,0.3984962406015037,0.673611111111111,0.4745634016704632,0.00605652759084796,0.4864804469273742,0.5085066162570888,0.361838588989845,0.2593003886729595,0.0,0.5311601150527325,0.42772108843537415,0.258
0.5675675675675675,0.6761965949245101,0.44352844187963714,0.5005045408678103,0.20262096774193547,0.5988010145261702,0.33832241970689125,0.7153361344537816,0.1915930551325007,0.17841037204058618,0.5359828141783028,0.47482638888888884,0.22171602126044043,0.2644683714670256,0.6520670391061453,0.3005671077504726,0.36557990379476213,0.19877845641310388,0.0,0.37535953978907005,0.2746598639455782,0.302
0.5685685685685685,0.5493093478959202,0.3647980214344599,0.660443995963673,0.7253024193548387,0.7122434862808393,0.4253196133458061,0.46586134453781514,0.3606457508376485,0.1434611048478015,0.22019334049409234,0.4175347222222222,0.3978739559605164,0.12314939434724098,0.3430167597765363,0.329867674858223,0.7530732228754676,0.2598556357579123,0.0,0.7497603068072868,0.4790249433106576,0.411
0.5695695695695696,0.5004818503051718,0.44929925803792237,0.6104944500504541,0.3588709677419355,0.5250172930597188,0.5453695042095417,0.24789915966386555,0.6832165702101736,0.45067643742953767,0.537593984962406,0.4331597222222222,0.5391040242976463,0.3620457604306865,0.4721787709497206,0.6465028355387523,0.544628540887226,0.44253192670738484,0.0,0.4870565675934804,0.6264172335600907,0.637
0.5705705705705706,0.7192418888531962,0.4571310799670238,0.4939455095862765,0.4576612903225806,0.39474290984551536,0.2478952291861553,0.3550420168067227,0.5284800487359123,0.49689966178128514,0.5021482277121374,0.3880208333333333,0.1776765375854214,0.33310901749663535,0.6167597765363129,0.4177693761814744,0.39016568679850344,0.65741254858412,0.0,0.364333652924257,0.6252834467120182,0.445
0.5715715715715716,0.645358175393511,0.41755976916735354,0.4843592330978809,0.3276209677419355,0.45284759050034584,0.3642033052697225,0.17752100840336132,0.6323484617727688,0.508455467869222,0.4436090225563909,0.3984375,0.35307517084282464,0.27725437415881565,0.5736312849162011,0.6455576559546313,0.5900587920897915,0.5585785674625209,0.0,0.5067114093959733,0.7001133786848073,0.395
0.5725725725725725,0.6254416961130741,0.51277823577906,0.7325933400605449,0.4314516129032258,0.4908923218814849,0.4359214218896165,0.3923319327731093,0.535181236673774,0.4253100338218714,0.5171858216970998,0.4453125,0.3006833712984055,0.4925975773889637,0.43642458100558656,0.4120982986767485,0.6424371993586317,0.5424764019988896,0.0,0.6428571428571429,0.623015873015873,1.085
0.5735735735735735,0.5033729521362029,0.5247320692497938,0.6145307769929365,0.21673387096774194,0.5916532165091077,0.48861864671032124,0.319327731092437,0.5702101736216875,0.33793686583990973,0.2379162191192266,0.3758680555555555,0.44191343963553537,0.40376850605652764,0.43955307262569826,0.4782608695652173,0.5638695884553714,0.37867851193781243,0.0,0.6572387344199426,0.5997732426303855,0.607
0.5745745745745746,0.6672020558946353,0.4987633965375102,0.9122098890010091,0.03326612903225806,0.5951118284528476,0.3536014967259121,0.6192226890756303,0.26835211696618944,0.24239007891770004,0.3388829215896884,0.24913194444444442,0.4328018223234624,0.297442799461642,0.6189944134078212,0.5217391304347825,0.33137359700694813,0.17323709050527486,0.0,0.3969319271332695,0.34325396825396826,0.947
0.5755755755755756,0.6588499839383231,0.5094806265457542,0.5797174571140262,0.5055443548387096,0.4943509338252248,0.3835360149672592,0.40861344537815125,0.5470606152908924,0.35907553551296495,0.6369495166487648,0.556423611111111,0.3143507972665149,0.39905787348586813,0.6080446927374301,0.7684310018903591,0.40032068412613575,0.4247640199888951,0.0,0.3446788111217642,0.5107709750566893,0.447
0.5765765765765766,0.7054288467716029,0.49464138499587784,0.817356205852674,0.295866935483871,0.4971178233802167,0.47583411287807925,0.38707983193277307,0.534572037770332,0.4230552423900788,0.5016111707841031,0.23350694444444442,0.3606681852695521,0.4434724091520862,0.6429050279329609,0.6710775047258978,0.4981293425975414,0.5691282620766241,0.0,0.464046021093001,0.5306122448979592,1.5
0.5775775775775776,0.765820751686476,0.26793075020610047,0.6533804238143289,0.43397177419354843,0.3603873645376989,0.36732148425319616,0.3340336134453782,0.5461468169357295,0.569052987598647,0.37325456498388826,0.29166666666666663,0.2589217919514047,0.2516823687752356,0.6006703910614525,0.7211720226843099,0.36076964190272576,0.6923931149361466,0.0,0.4069990412272292,0.6264172335600907,1.006
0.5785785785785785,0.5036941856729842,0.6974443528441878,0.2679112008072654,0.48639112903225806,0.39889324417800326,0.24072341752416593,0.5772058823529412,0.5175144684739568,0.367531003382187,0.9087003222341568,0.7065972222222222,0.3993925588458619,0.6951547779273217,0.6243575418994413,0.5803402646502834,0.27044361304115444,0.3664630760688507,0.0,0.24736337488015347,0.5274943310657596,-0.099
0.5795795795795796,0.5538066174108576,0.5989282769991755,0.5686175580221997,0.4490927419354838,0.7327645838136961,0.3532896788275648,0.6817226890756303,0.2817544928419129,0.12401352874859067,0.5096670247046187,0.595486111111111,0.29612756264236906,0.4071332436069987,0.5155307262569833,0.40548204158790163,0.48530197755211113,0.2248750694058857,0.0,0.5086289549376799,0.27834467120181405,0.252
0.5805805805805806,0.6617410857693542,0.5329760923330584,0.5338042381432896,0.37298387096774194,0.34378602720774726,0.2560024945431868,0.30409663865546216,0.6116356990557417,0.5918827508455466,0.7277121374865735,0.32986111111111105,0.2870159453302962,0.5121130551816958,0.5962011173184357,0.7107750472589791,0.42918225547835376,0.6590782898389784,0.0,0.46548418024928095,0.6743197278911565,0.418
0.5815815815815816,0.7606810150979761,0.6108821104699091,0.458627648839556,0.561491935483871,0.41849204519252936,0.2787652011225445,0.501575630252101,0.4169966494060311,0.2877677564825253,0.6605800214822771,0.3993055555555555,0.2065299924069856,0.5666218034993271,0.7562011173184358,0.5982986767485822,0.3099946552645644,0.4558578567462521,0.0,0.1999041227229147,0.42715419501133783,0.361
0.5825825825825826,0.5576614198522325,0.3907666941467435,0.47325933400605447,0.4571572580645161,0.45930366612866036,0.3888369192391644,0.4338235294117647,0.4818763326226012,0.38246899661781275,0.612781954887218,0.5104166666666666,0.31055429005315116,0.3741588156123823,0.5320670391061453,0.6011342155009451,0.3858898984500267,0.3420322043309273,0.0,0.3916586768935763,0.5629251700680272,0.485
0.5835835835835835,0.5364600064246707,0.5630667765869743,0.5484359233097881,0.6764112903225807,0.5448466682038275,0.5051449953227316,0.3933823529411765,0.6088943039902528,0.3480834272829762,0.5692803437164339,0.3923611111111111,0.5246772968868642,0.4825033647375505,0.5215642458100559,0.38752362948960295,0.5227151256012827,0.3436979455857857,0.0,0.4846596356663471,0.5898526077097506,0.661
0.5845845845845846,0.7960167041439126,0.5181368507831821,0.6004036326942482,0.4213709677419355,0.3573899008531243,0.3127533520424073,0.28991596638655465,0.6198598842522083,0.5718714768883877,0.5617615467239527,0.2699652777777778,0.1359149582384207,0.40982503364737555,0.5926256983240223,0.7986767485822305,0.42223409941207907,0.6846196557468074,0.0,0.38830297219558974,0.6519274376417233,0.78
0.5855855855855856,0.5322839704465145,0.8252267106347896,0.6548940464177598,0.734375,0.7366843440166013,0.434674150296227,0.3613445378151261,0.42704843131282366,0.18348365276211942,0.49087003222341563,0.4192708333333333,0.42672741078208054,0.7759084791386273,0.40044692737430165,0.3015122873345935,0.6221272047033671,0.28262076624097726,0.0,0.6212847555129435,0.45408163265306123,0.676
0.5865865865865866,0.6199807259877931,0.6434460016488045,0.5055499495459133,0.533266129032258,0.4097302282683883,0.4075459931400063,0.328781512605042,0.7246420956442279,0.5769447576099209,0.5972073039742212,0.2682291666666667,0.37585421412300685,0.6884253028263796,0.5367597765363128,0.7504725897920603,0.4778193479422768,0.592448639644642,0.0,0.4913710450623203,0.6950113378684808,0.722
0.5875875875875876,0.6010279473176999,0.5832646331409727,0.393037336024218,0.43901209677419356,0.44892783029744066,0.35048331774243846,0.44747899159663873,0.5906183368869935,0.48534385569334826,0.6772287862513426,0.4800347222222222,0.3242217160212605,0.477792732166891,0.5164245810055865,0.6909262759924385,0.4607161945483698,0.6413103831204887,0.0,0.46692233940556094,0.6054421768707483,0.521
0.5885885885885885,0.4384837777063925,0.5333882934872216,0.494954591321897,0.5463709677419355,0.46114825916532165,0.43217960710944814,0.30357142857142855,0.6515382272311909,0.5231116121758737,0.7185821697099892,0.3506944444444444,0.59832953682612,0.3196500672947511,0.3937430167597765,0.603024574669187,0.5179048637092464,0.5352581898945031,0.0,0.6586768935762225,0.7066326530612245,0.515
0.5895895895895896,0.4670735624799229,0.4126133553173948,0.29919273461150353,0.659274193548387,0.6041042195065713,0.5403804178359839,0.5147058823529412,0.44989339019189767,0.26324689966178116,0.38721804511278185,0.2664930555555556,0.48747152619589984,0.3539703903095559,0.5162011173184358,0.3421550094517958,0.44307856761090325,0.40977234869516943,0.0,0.3974113135186962,0.42545351473922904,0.258
0.5905905905905906,0.5618374558303887,0.637262984336356,0.4182643794147326,0.23034274193548387,0.6769656444546922,0.3953850951044591,0.6628151260504203,0.30734084678647566,0.12852311161217578,0.6535982814178303,0.5355902777777778,0.35307517084282464,0.626514131897712,0.5968715083798883,0.4848771266540642,0.4200962052378407,0.24264297612437535,0.0,0.40460210930009594,0.2534013605442177,0.004
0.5915915915915916,0.534211371667202,0.6591096455070072,0.3168516649848638,0.4627016129032258,0.5181000691722388,0.29965700031181797,0.31460084033613445,0.5668595796527567,0.46984216459977446,0.5665950590762621,0.41232638888888884,0.3720577069096432,0.541049798115747,0.48670391061452517,0.44139886578449894,0.43132014965259213,0.5430316490838424,0.0,0.48657718120805377,0.596655328798186,0.302
0.5925925925925926,0.4902023771281722,0.6224237427864796,0.48133198789101916,0.2847782258064516,0.5224809776343095,0.4153414405986904,0.3067226890756303,0.6247334754797442,0.5577790304396842,0.7148227712137486,0.4921875,0.35687167805618836,0.6749663526244953,0.41430167597765355,0.5879017013232514,0.6018172100481025,0.6568573014991672,0.0,0.6558005752636626,0.6680839002267573,0.562
0.5935935935935935,0.5040154192097654,0.7221764220939817,0.5368314833501513,0.736391129032258,0.7708093151948352,0.558465855940131,0.4585084033613446,0.49497410904660366,0.19503945885005625,0.45381310418904397,0.4878472222222222,0.38876233864844345,0.6843876177658144,0.3327374301675977,0.3629489603024574,0.712987707108498,0.38867295946696284,0.0,0.7339405560882072,0.4404761904761905,0.453
0.5945945945945946,0.5852875040154191,0.4080791426215992,0.6205852674066599,0.529233870967742,0.5547613557758819,0.4736513875896477,0.19065126050420167,0.5915321352421565,0.43912063134160084,0.3259935553168635,0.4184027777777778,0.4776006074411542,0.1904441453566622,0.4102793296089385,0.3071833648393194,0.567076429716729,0.5596890616324265,0.0,0.649568552253116,0.6621315192743764,0.933
0.5955955955955956,0.5589463539993574,0.29266281945589434,0.5332996972754793,0.7525201612903225,0.40627161632464837,0.3617087620829436,0.3067226890756303,0.5403594273530308,0.4351747463359638,0.5676691729323308,0.587673611111111,0.34168564920273353,0.16621803499327054,0.5423463687150838,0.44045368620037795,0.3784072688401924,0.46640755136035544,0.0,0.34803451581975076,0.6448412698412698,0.464
0.5965965965965966,0.33504657886283334,0.2588623248145094,0.5847628657921291,0.22076612903225806,0.5699792483283376,0.6604303086997194,0.2605042016806723,0.6384404508071886,0.4633596392333708,0.5327604726100966,0.5651041666666666,0.6051632498101747,0.16150740242261108,0.3327374301675977,0.5037807183364839,0.5462319615179048,0.4736257634647419,0.0,0.6313518696069033,0.6697845804988662,0.741
0.5975975975975976,0.5840025698682941,0.3330585325638911,0.387991927346115,0.2217741935483871,0.5877334563062024,0.3941378235110696,0.7022058823529412,0.24246116356990566,0.14374295377677554,0.43555316863587534,0.5399305555555556,0.2619589977220957,0.17160161507402427,0.5979888268156425,0.5047258979206048,0.2180652057723142,0.1493614658523043,0.0,0.3250239693192714,0.24007936507936511,-0.234
0.5985985985985985,0.8374558303886925,0.3112118713932398,0.8657921291624622,0.4007056451612903,0.5365459995388517,0.4352977860929218,0.5315126050420168,0.38074931465123363,0.2888951521984216,0.29377013963480125,0.2092013888888889,0.3576309794988611,0.18640646029609698,0.6650279329608938,0.6947069943289224,0.36344200962052375,0.34591893392559697,0.0,0.3772770853307767,0.4121315192743764,1.183
0.5995995995995996,0.5933183424349502,0.4258037922506182,0.6220988900100908,0.19657258064516128,0.47936361540235184,0.4689741191144372,0.3613445378151261,0.5239110569600975,0.4250281848928973,0.5977443609022556,0.42447916666666663,0.29384965831435084,0.34051144010767165,0.5164245810055865,0.5586011342155008,0.46712987707108494,0.5380344253192672,0.0,0.49952061361457345,0.554421768707483,0.823
0.6006006006006006,0.45743655637648567,0.71558120362737,0.6700302724520686,0.3084677419354839,0.6631311966797325,0.5232304334268788,0.3602941176470589,0.6119402985074627,0.36414881623449824,0.533297529538131,0.4296875,0.6408504176157935,0.5403768506056528,0.39932960893854746,0.36862003780718333,0.6691608765366114,0.44475291504719605,0.0,0.5527325023969321,0.6003401360544218,1.098
0.6016016016016016,0.5377449405717956,0.7180544105523494,0.3748738647830474,0.2807459677419355,0.3776804242563984,0.3707514811350172,0.19012605042016806,0.72220530003046,0.5177564825253663,0.8061224489795918,0.556423611111111,0.41305998481397116,0.6332436069986541,0.5810055865921787,0.659735349716446,0.4195617316942811,0.44530816213214885,0.0,0.4165867689357623,0.7307256235827665,0.347
0.6026026026026026,0.6424670735624799,0.40436933223413013,0.532795156407669,0.6164314516129032,0.2935208669587272,0.36732148425319616,0.2599789915966387,0.7614986293024673,0.6273957158962795,0.617078410311493,0.3446180555555555,0.48974943052391806,0.5026917900403769,0.63731843575419,0.5075614366729678,0.4184927846071619,0.578012215435869,0.0,0.2871524448705657,0.7349773242630385,0.532
0.6036036036036035,0.6678445229681977,0.3103874690849133,0.48940464177598386,0.6814516129032258,0.6241641687802629,0.3264733395696913,0.5635504201680672,0.21321961620469088,0.15304396843291984,0.28410311493018253,0.5373263888888888,0.23614274867122254,0.3061911170928668,0.6243575418994413,0.35349716446124757,0.3992517370390165,0.33425874514158804,0.0,0.43048897411313525,0.2925170068027211,0.252
0.6046046046046046,0.5579826533890138,0.43363561417971963,0.6236125126135217,0.311491935483871,0.7353008992391055,0.5129404427814157,0.6896008403361344,0.32896740785866585,0.11894024802705738,0.2867883995703544,0.3836805555555555,0.44874715261959003,0.2907133243606999,0.47016759776536304,0.5255198487712665,0.6055585248530198,0.23709050527484732,0.0,0.6035474592521572,0.34552154195011336,0.606
0.6056056056056056,0.6350787022165113,0.1892003297609232,0.727547931382442,0.3553427419354839,0.6403043578510491,0.4699095728094793,0.5913865546218489,0.19342065184282675,0.13782412626832014,0.20032223415682054,0.4774305555555555,0.33257403189066065,0.21130551816958282,0.5763128491620112,0.5189035916824196,0.31480491715660075,0.12270960577456969,0.0,0.3844678811121765,0.2888321995464852,0.579
0.6066066066066066,0.47542563443623514,0.6166529266281944,0.6649848637739657,0.24899193548387097,0.6255476135577589,0.5394449641409418,0.2510504201680672,0.6963143466341761,0.47660653889515214,0.5123523093447905,0.48090277777777773,0.48823082763857256,0.6776581426648721,0.26435754189944133,0.6162570888468808,0.732763228220203,0.6229872293170462,0.0,0.828379674017258,0.6870748299319728,0.969
0.6076076076076076,0.5538066174108576,0.3289365210222588,0.5852674066599395,0.32963709677419356,0.7857966336177081,0.6223885251013409,0.5577731092436975,0.37039293329272005,0.24492671927846665,0.0,0.09027777777777773,0.557327258921792,0.2637954239569314,0.47642458100558654,0.5132325141776937,0.6611437733832175,0.3264852859522488,0.0,0.7027804410354747,0.3214285714285714,0.558
0.6086086086086087,0.7561837455830388,0.5391591096455068,0.6977800201816347,0.04788306451612903,0.5586811159787872,0.3704396632366698,0.6165966386554622,0.4011574779165398,0.2125140924464486,0.5295381310418904,0.20399305555555558,0.3614274867122248,0.4757738896366084,0.6670391061452514,0.6266540642722116,0.45964724746125063,0.3114936146585231,0.0,0.3758389261744967,0.3795351473922903,0.823
0.6096096096096096,0.5897847735303565,0.697856553998351,0.2658930373360242,0.3266129032258065,0.5363154254092691,0.37979420018709076,0.39915966386554624,0.6944867499238501,0.48844419391206306,0.5150375939849623,0.3064236111111111,0.322703113135915,0.6756393001345895,0.589050279329609,0.5075614366729678,0.595938001068947,0.6096612992781789,0.0,0.5067114093959733,0.6315192743764173,0.314
0.6106106106106106,0.775136524253132,0.4686727122835943,0.47426841574167505,0.5181451612903225,0.2776112520175236,0.22856251948861867,0.3240546218487395,0.5872677429180628,0.49746335963923327,0.738453276047261,0.45746527777777773,0.21488230827638577,0.3371467025572006,0.6840223463687151,0.5103969754253307,0.20844468198824156,0.5430316490838424,0.0,0.20038350910834135,0.6425736961451247,0.557
0.6116116116116116,0.5525216832637326,0.42621599340478145,0.6498486377396568,0.23336693548387097,0.3424025824302513,0.5060804490177737,0.3702731092436975,0.6713371915930552,0.5518602029312287,0.6348012889366272,0.3836805555555555,0.49886104783599095,0.36810228802153433,0.5334078212290503,0.4669187145557655,0.34526990913949757,0.6435313714602999,0.0,0.4582933844678812,0.667233560090703,0.936
0.6126126126126126,0.6672020558946353,0.6174773289365209,0.6624621594349143,0.327116935483871,0.5287064791330413,0.32740879326473343,0.5367647058823529,0.4106000609198903,0.310879368658399,0.5714285714285714,0.3871527777777778,0.3029612756264237,0.5464333781965007,0.6435754189944134,0.6266540642722116,0.3923035809727418,0.3237090505274848,0.0,0.4002876318312561,0.41865079365079366,0.544
0.6136136136136137,0.5290716350787021,0.4068425391591095,0.6215943491422804,0.1723790322580645,0.5748213050495734,0.4234487059557219,0.27836134453781514,0.4992385013706975,0.4396843291995489,0.37486573576799137,0.5008680555555556,0.33485193621867887,0.30080753701211305,0.4172067039106145,0.611531190926276,0.4553714591127739,0.38645197112715163,0.0,0.6260786193672101,0.5924036281179138,0.465
0.6146146146146146,0.7507227754577577,0.6755976916735366,0.6846619576185671,0.516633064516129,0.4373991238183076,0.29965700031181797,0.39390756302521013,0.4773073408467865,0.41431792559188263,0.6804511278195489,0.1892361111111111,0.21336370539104027,0.6433378196500673,0.6712849162011173,0.8137996219281662,0.32656333511491176,0.5374791782343143,0.0,0.3676893576222436,0.5090702947845805,0.985
0.6156156156156156,0.6244779955027304,0.5445177246496289,0.5832492431886982,0.15120967741935484,0.4272538621166705,0.32273152478952294,0.17962184873949577,0.7066707279926896,0.6868658399098082,0.5751879699248119,0.2977430555555555,0.34168564920273353,0.3519515477792733,0.5244692737430168,0.7551984877126653,0.6226616782469268,0.7034980566352027,0.0,0.6255992329817834,0.7831632653061225,0.828
0.6166166166166166,0.5737230966912945,0.5156636438582027,0.7436932391523712,0.34223790322580644,0.49988471293520864,0.4773932023698161,0.24054621848739494,0.6280840694486749,0.5473506200676437,0.5601503759398496,0.4756944444444444,0.34624145785877,0.4091520861372813,0.49720670391061444,0.60586011342155,0.47675040085515763,0.5702387562465298,0.0,0.5460210930009588,0.6578798185941044,0.901
0.6176176176176176,0.5734018631545134,0.5630667765869743,0.4011099899091826,0.41330645161290325,0.5074936592114365,0.42937324602432186,0.4595588235294118,0.5373134328358209,0.371476888387824,0.5531686358754028,0.5208333333333333,0.35990888382687936,0.5121130551816958,0.5468156424581005,0.41493383742911144,0.47568145376803844,0.47084952803997787,0.0,0.4563758389261746,0.5289115646258504,0.366
0.6186186186186187,0.886283327979441,0.4286892003297608,0.5428859737638749,0.4753024193548387,0.36061793866728153,0.15746803866541942,0.6617647058823529,0.3463295766067621,0.23647125140924452,0.5993555316863587,0.3402777777777778,0.12984054669703882,0.31830417227456265,0.9363128491620112,0.6805293005671077,0.08337787279529657,0.2865074958356469,0.0,0.08101629913710462,0.38095238095238093,0.276
0.6196196196196196,0.8666880822357854,0.3326463314097279,0.7068617558022199,0.6174395161290323,0.5183306433018215,0.33333333333333337,0.34243697478991597,0.4550715808711545,0.4208004509582862,0.14930182599355524,0.2204861111111111,0.2186788154897495,0.20794078061911175,0.5642458100558659,0.7523629489603023,0.40619989310529125,0.47029428095502507,0.0,0.4343240651965485,0.5269274376417235,1.117
0.6206206206206206,0.6771602955348537,0.43322341302555634,0.6755802219979818,0.6386088709677419,0.39889324417800326,0.44621141253507957,0.1980042016806723,0.6091989034419738,0.4410935738444193,0.6621911922663802,0.2647569444444445,0.47532270311313596,0.3432032301480485,0.6015642458100559,0.603024574669187,0.2308925708177445,0.4397556912826208,0.0,0.31735378715244494,0.6091269841269842,0.862
0.6216216216216216,0.7224542242210086,0.34212695795548215,0.5282542885973764,0.5080645161290323,0.2665436937975559,0.27533520424072344,0.39390756302521013,0.5132500761498628,0.48844419391206306,0.69656283566058,0.4765625,0.20197418375094917,0.3001345895020189,0.7436871508379889,0.49149338374291107,0.16568679850347406,0.4602998334258746,0.0,0.26941514860977955,0.6207482993197279,0.432
0.6226226226226226,0.5679408930292322,0.6475680131904368,0.4409687184661958,0.4722782258064516,0.7346091768503574,0.3143124415341441,0.6927521008403361,0.17179409077063656,0.17953776775648245,0.4967776584317937,0.48871527777777773,0.21640091116173127,0.6453566621803499,0.5003351955307263,0.4697542533081285,0.5163014430785675,0.38700721821210443,0.0,0.5556088207094919,0.26388888888888895,0.366
0.6236236236236237,0.6488917442981047,0.40436933223413013,0.7330978809283553,0.6330645161290323,0.5462301129813235,0.4512004989086374,0.486344537815126,0.40481267133719157,0.2539458850056369,0.3899033297529537,0.4991319444444444,0.3173880030372058,0.24293405114401084,0.4728491620111731,0.40548204158790163,0.40032068412613575,0.3242642976124376,0.0,0.5977948226270374,0.45408163265306123,0.914
0.6246246246246246,0.6321876003854803,0.441467436108821,0.6664984863773966,0.35080645161290325,0.5395434632234264,0.4137823511069536,0.34191176470588236,0.5781297593664332,0.5107102593010145,0.23523093447905474,0.1467013888888889,0.3470007593014427,0.36541049798115754,0.49988826815642456,0.6531190926275992,0.6296098343132015,0.578012215435869,0.0,0.6088207094918505,0.6496598639455782,1.009
0.6256256256256256,0.5493093478959202,0.6916735366859026,0.36478304742684153,0.48538306451612906,0.5114134194143417,0.37574056750857504,0.24422268907563027,0.6372220530003045,0.5129650507328071,0.68796992481203,0.5451388888888888,0.33333333333333337,0.6668909825033648,0.5751955307262571,0.6654064272211719,0.5601282736504543,0.6701832315380345,0.0,0.42521572387344203,0.655328798185941,0.418
0.6266266266266266,0.6485705107613233,0.3149216817807089,0.48890010090817354,0.4929435483870968,0.38943970486511414,0.43311506080449025,0.32142857142857145,0.5991471215351812,0.5098647125140924,0.5064446831364124,0.3229166666666667,0.23614274867122254,0.14131897711978475,0.4949720670391062,0.6455576559546313,0.33671833244254407,0.6146585230427541,0.0,0.5268456375838927,0.604875283446712,0.693
0.6276276276276276,0.6903308705428847,0.4612530915086561,0.5005045408678103,0.45262096774193544,0.43048189993082775,0.3395696913002807,0.2557773109243697,0.6551934206518428,0.5549605411499435,0.48227712137486567,0.27777777777777773,0.26651480637813213,0.3209959623149395,0.6214525139664805,0.8638941398865783,0.38642437199358626,0.6279844530816214,0.0,0.34515819750719084,0.6709183673469388,0.602
0.6286286286286287,0.7240603919049149,0.45919208573783993,0.7204843592330978,0.4742943548387097,0.5679040811620937,0.2918615528531338,0.6790966386554622,0.28815108132805367,0.2277339346110484,0.4403866809881847,0.2786458333333333,0.2634776006074412,0.5047106325706595,0.5894972067039107,0.38563327032136097,0.4067343666488509,0.3442531926707385,0.0,0.37679769894535003,0.3602607709750567,0.734
0.6296296296296297,0.6328300674590427,0.41220115416323155,0.5146316851664985,0.42338709677419356,0.4152640073783721,0.32460243217960716,0.34873949579831937,0.5954919281145294,0.5022547914317924,0.6133190118152524,0.2552083333333333,0.3006833712984055,0.3432032301480485,0.56,0.66351606805293,0.4211651523249599,0.5691282620766241,0.0,0.39213806327900297,0.655045351473923,0.563
0.6306306306306306,0.6302601991647927,0.6479802143446001,0.4853683148335015,0.5695564516129032,0.4124971178233802,0.3277206111630808,0.3497899159663866,0.5881815412732256,0.5140924464487033,0.6960257787325456,0.48090277777777773,0.35611237661351564,0.6507402422611036,0.6431284916201118,0.5680529300567106,0.4388027792624265,0.5685730149916713,0.0,0.42521572387344203,0.639172335600907,0.435
0.6316316316316316,0.6495342113716671,0.4884583676834294,0.5645812310797174,0.4798387096774194,0.7567442932902929,0.48487683193015285,0.721638655462185,0.34785257386536694,0.11273957158962788,0.2975295381310418,0.44791666666666663,0.29233105542900534,0.40376850605652764,0.5436871508379889,0.4281663516068052,0.5478353821485836,0.25263742365352587,0.0,0.5661553211888783,0.2712585034013605,0.445
0.6326326326326326,0.43816254416961137,0.4645507007419619,0.7401614530776992,0.717741935483871,0.5586811159787872,0.6170876208294357,0.2668067226890756,0.7069753274444106,0.5377677564825253,0.4736842105263157,0.578125,0.5155656795747913,0.5040376850605653,0.3693854748603352,0.5066162570888468,0.6921432389096739,0.5419211549139368,0.0,0.7133269415148611,0.703514739229025,1.102
0.6336336336336337,0.5470607131384516,0.5399835119538333,0.554994954591322,0.390625,0.4606871109061563,0.4967259120673527,0.2757352941176471,0.7170271093512032,0.6234498308906425,0.6493018259935552,0.39322916666666663,0.4069855732725893,0.5168236877523553,0.43955307262569826,0.5879017013232514,0.6312132549438803,0.6690727373681289,0.0,0.6140939597315437,0.7256235827664399,0.846
0.6346346346346347,0.41117892707998716,0.26628194558944757,0.6099899091826437,0.29838709677419356,0.5702098224579203,0.6255067040848146,0.39075630252100846,0.557112397197685,0.3396279594137541,0.38131041890440376,0.5052083333333333,0.48974943052391806,0.3196500672947511,0.37452513966480444,0.553875236294896,0.51309460181721,0.2853970016657413,0.0,0.6543624161073827,0.5484693877551021,0.443
0.6356356356356356,0.369418567298426,0.6455070074196206,0.6130171543895055,0.34375,0.736914918146184,0.5721858434674151,0.48371848739495804,0.5321352421565642,0.20518602029312277,0.48066595059076256,0.5199652777777778,0.5755504935459378,0.5269179004037685,0.3591061452513966,0.2797731568998109,0.6793158738642436,0.2687395891171572,0.0,0.7914669223394056,0.4665532879818594,0.553
0.6366366366366366,0.8368133633151301,0.2893652102225885,0.5751765893037335,0.7086693548387097,0.3410191376527553,0.21390707826629252,0.2809873949579832,0.5668595796527567,0.5713077790304396,0.3329752953813103,0.2673611111111111,0.2915717539863326,0.18707940780619114,0.7412290502793296,0.38846880907372394,0.36237306253340457,0.5613548028872849,0.0,0.304889741131352,0.6737528344671202,0.753
0.6376376376376376,0.7031802120141342,0.5032976092333057,0.731079717457114,0.22379032258064516,0.40996080239797095,0.4134705332086062,0.44065126050420167,0.5226926591532135,0.4162908680947011,0.6380236305048335,0.40451388888888884,0.30675778283978744,0.39502018842530284,0.6531843575418994,0.38657844990548196,0.38054516301443075,0.5019433647973349,0.0,0.33077660594439123,0.5586734693877551,1.051
0.6386386386386387,0.4847414070028911,0.5688375927452596,0.5671039354187688,0.22379032258064516,0.7904081162093614,0.44932959151855323,0.625,0.20164483703929326,0.1107666290868094,0.3823845327604725,0.6102430555555555,0.3819286256643888,0.45222072678331093,0.49944134078212293,0.5708884688090736,0.41688936397648313,0.2043309272626319,0.0,0.44343240651965493,0.19501133786848068,0.427
0.6396396396396397,0.5470607131384516,0.5074196207749381,0.5650857719475277,0.2807459677419355,0.5264007378372146,0.4109759900218273,0.5383403361344538,0.4501979896436187,0.3303269447576098,0.5284640171858217,0.4097222222222222,0.3363705391040243,0.3640646029609691,0.4627932960893854,0.34310018903591677,0.5323356493853554,0.5030538589672405,0.0,0.6131351869606904,0.48044217687074836,0.491
0.6406406406406406,0.4773530356569226,0.681780708985985,0.3617558022199798,0.3870967741935484,0.5469218353700716,0.33333333333333337,0.5257352941176472,0.5217788607980505,0.3204622322435174,0.7513426423200859,0.5980902777777778,0.4153378891419894,0.5289367429340511,0.6534078212290503,0.4792060491493383,0.5521111704970604,0.37978900610771804,0.0,0.37008628954937683,0.5425170068027211,-0.155
0.6416416416416416,0.6061676839061998,0.18425391591096446,0.5010090817356205,0.6325604838709677,0.48558911690108375,0.4565014031805426,0.39075630252100846,0.5153822723119099,0.3176437429537767,0.48227712137486567,0.4756944444444444,0.3447228549734245,0.18977119784656804,0.5562011173184358,0.5132325141776937,0.39657936932121857,0.38645197112715163,0.0,0.4817833173537872,0.516156462585034,0.449
0.6426426426426426,0.5624799229039511,0.5630667765869743,0.4712411705348133,0.5272177419354839,0.4097302282683883,0.3932023698160275,0.13130252100840334,0.6902223575997564,0.5400225479143178,0.7078410311493017,0.6987847222222221,0.21488230827638577,0.41790040376850607,0.4793296089385474,0.6786389413988657,0.39016568679850344,0.5546918378678513,0.0,0.5177372962607862,0.7117346938775511,0.305
0.6436436436436437,0.5377449405717956,0.5206100577081615,0.4717457114026236,0.6123991935483871,0.6647452155868112,0.43217960710944814,0.6817226890756303,0.3454157782515991,0.18686583990980826,0.4323308270676691,0.4114583333333333,0.3705391040242977,0.3297442799461643,0.4489385474860335,0.3223062381852551,0.48530197755211113,0.2576346474181011,0.0,0.617929050814957,0.33531746031746035,0.155
0.6446446446446447,0.4808866045615163,0.5552349546578729,0.5423814328960646,0.05040322580645161,0.6197832603181923,0.4945431867789212,0.3508403361344538,0.625951873286628,0.3709131905298759,0.5053705692803436,0.6076388888888888,0.4365983295368262,0.3741588156123823,0.5063687150837989,0.331758034026465,0.5510422234099411,0.3653525818989451,0.0,0.5306807286673059,0.5799319727891157,0.338
0.6456456456456456,0.4628975265017668,0.5725474031327287,0.594853683148335,0.6814516129032258,0.6476827299976943,0.5724976613657624,0.4159663865546219,0.5001522997258605,0.22125140924464481,0.5714285714285714,0.44357638888888884,0.5239179954441914,0.4434724091520862,0.4055865921787709,0.38752362948960295,0.5050774986638161,0.274847307051638,0.0,0.7214765100671142,0.47193877551020413,0.435
0.6466466466466466,0.5216832637327337,0.39612530915086547,0.9127144298688192,0.34375,0.5485358542771501,0.6108512628624884,0.24212184873949577,0.6427048431312823,0.508455467869222,0.4183673469387755,0.4157986111111111,0.4016704631738801,0.22812920592193814,0.40089385474860334,0.8468809073724006,0.5681453768038481,0.4058856191004998,0.0,0.6016299137104507,0.6958616780045351,1.233
0.6476476476476476,0.5136524253132027,0.4661995053586149,0.5489404641775983,0.344758064516129,0.4673737606640535,0.4515123168069848,0.29569327731092443,0.6676819981724034,0.5411499436302141,0.45273899033297527,0.4565972222222222,0.3857251328777525,0.4279946164199193,0.44737430167597764,0.39413988657844984,0.5291288081239978,0.6129927817878957,0.0,0.6169702780441036,0.7256235827664399,0.604
0.6486486486486487,0.6019916479280436,0.27370156636438575,0.3350151362260343,0.4783266129032258,0.6156329259857044,0.3819769254755223,0.8865546218487395,0.07736826073713066,0.07384441939120623,0.35230934479054776,0.7135416666666666,0.24373576309794998,0.19111709286675643,0.6654748603351955,0.3175803402646502,0.2725815072153928,0.03831204886174344,0.0,0.2708533077660594,0.12131519274376423,-0.376
0.6496496496496497,0.43045293928686157,0.5379225061830172,0.6468213925327951,0.5554435483870968,0.8083928983168089,0.5656376676021204,0.4506302521008404,0.5028936947913494,0.24126268320180377,0.3587540279269602,0.359375,0.6370539104024299,0.2947510094212652,0.2706145251396648,0.4328922495274101,0.7322287546766435,0.30149916712937264,0.0,0.8432406519654843,0.4977324263038549,0.346
0.6506506506506506,0.605203983295856,0.5688375927452596,0.34561049445005043,0.4274193548387097,0.49181461839981555,0.3997505456813222,0.21533613445378152,0.5781297593664332,0.5031003382187147,0.5257787325456498,0.45138888888888884,0.27107061503416857,0.46500672947510097,0.5997765363128491,0.5122873345935727,0.68412613575628,0.617990005552471,0.0,0.5306807286673059,0.6575963718820862,0.253
0.6516516516516516,0.8130420815933183,0.8713932399010715,0.6478304742684158,0.44606854838709675,0.35877334563062024,0.20205799812909264,0.28991596638655465,0.6652452025586354,0.5997745208568206,0.832438238453276,0.2829861111111111,0.11996962794229316,0.9576043068640646,0.6681564245810055,0.5396975425330812,0.40833778727952963,0.7756801776790673,0.0,0.4151486097794823,0.643140589569161,0.849
0.6526526526526526,0.2894314166398972,0.33924154987633953,0.4167507568113017,0.6144153225806452,0.5478441318884021,0.7184284377923293,0.13340336134453784,0.8062747487054523,0.47040586245772253,0.4967776584317937,0.579861111111111,0.6340167046317389,0.30820995962314945,0.24513966480446928,0.5037807183364839,0.6557990379476215,0.41254858411993345,0.0,0.7511984659635668,0.7786281179138322,0.429
0.6536536536536537,0.6206231930613556,0.6389117889530089,0.27901109989909184,0.4329637096774194,0.4565367765736684,0.26909884627377617,0.26313025210084034,0.6941821504721292,0.6152762119503945,0.5606874328678839,0.34201388888888884,0.2429764616552772,0.7059219380888291,0.5845810055865922,0.4905482041587901,0.46338856226616776,0.6024430871737925,0.0,0.36385426653883035,0.6984126984126984,0.133
0.6546546546546547,0.6553164150337295,0.7221764220939817,0.768920282542886,0.2867943548387097,0.5459995388517409,0.4390396008730902,0.42542016806722693,0.5948827292110874,0.4095264937993235,0.5252416756176155,0.2664930555555556,0.3538344722854974,0.5746971736204576,0.5626815642458101,0.6370510396975424,0.6290753607696419,0.41588006662965027,0.0,0.5369127516778525,0.5878684807256236,1.15
0.6556556556556556,0.6010279473176999,0.5807914262159932,0.6664984863773966,0.4984879032258065,0.6483744523864423,0.5335204240723418,0.5519957983193278,0.45628997867803833,0.24464487034949262,0.351235230934479,0.4583333333333333,0.4092634776006075,0.4818304172274563,0.5602234636871508,0.39981096408317573,0.51309460181721,0.3098278734036647,0.0,0.477948226270374,0.4328231292517007,0.918
0.6566566566566566,0.36524253132026985,0.5370981038746907,0.44803229061553984,0.19254032258064516,0.514641457228499,0.5375740567508576,0.14285714285714285,0.7618032287541883,0.6634723788049605,0.5515574650912997,0.32552083333333337,0.560364464692483,0.4064602960969045,0.2974301675977653,0.60586011342155,0.7316942811330839,0.7273736812881734,0.0,0.7579098753595399,0.7987528344671202,0.59
0.6576576576576576,0.6909733376164471,0.4497114591920856,0.5040363269424823,0.6955645161290323,0.5287064791330413,0.3389460555035859,0.5477941176470588,0.4032896740785866,0.23337091319052983,0.4844253490870032,0.3637152777777778,0.3735763097949886,0.26043068640646033,0.6694972067039106,0.48865784499054815,0.344735435595938,0.2926152137701278,0.0,0.38686481303930975,0.3778344671201814,0.067
0.6586586586586587,0.5399935753292643,0.22052761747732885,0.5807265388496468,0.4057459677419355,0.5234032741526401,0.4783286560648582,0.3713235294117647,0.5178190679256778,0.3354002254791431,0.4189044038668098,0.37326388888888884,0.4889901290812453,0.2415881561238224,0.5823463687150838,0.48676748582230617,0.44895777659005875,0.32204330927262637,0.0,0.4875359539789071,0.5396825396825398,0.526
0.6596596596596597,0.5441696113074204,0.35119538334707323,0.6548940464177598,0.19203629032258066,0.6119437399123818,0.35890240099781734,0.5215336134453782,0.29911666159000916,0.25253664036076656,0.35929108485499456,0.5052083333333333,0.37737281700835235,0.21332436069986543,0.5110614525139665,0.6153119092627598,0.3324425440940673,0.2531926707384787,0.0,0.36673058485139026,0.3852040816326531,0.47
0.6606606606606606,0.3498233215547703,0.3437757625721351,0.48940464177598386,0.45665322580645157,0.7459073091999078,0.610539444964141,0.46638655462184875,0.4215656411818459,0.19729425028184883,0.3184747583243823,0.4930555555555555,0.4798785117691724,0.21332436069986543,0.3430167597765363,0.4508506616257088,0.6980224478888295,0.2870627429205997,0.0,0.7727708533077662,0.42148526077097503,0.045
0.6616616616616616,0.48923867651782854,0.277823577906018,0.37083753784056506,0.5317540322580645,0.711090615632926,0.5565949485500469,0.5903361344537816,0.3460249771550411,0.2553551296505073,0.013426423200859183,0.5737847222222222,0.29233105542900534,0.29946164199192465,0.4487150837988826,0.5746691871455576,0.5825761624799572,0.30483064963908946,0.0,0.5388302972195591,0.36054421768707484,-0.053
0.6626626626626626,0.45743655637648567,0.4987633965375102,0.3557013118062563,0.15524193548387097,0.6091768503573899,0.4034923604614905,0.7836134453781513,0.20073103868413045,0.1431792559188274,0.7008592910848549,0.8029513888888888,0.24069855732725898,0.37954239569313597,0.5532960893854748,0.4026465028355387,0.29235702832709776,0.2343142698500833,0.0,0.3441994247363375,0.233843537414966,-0.129
0.6636636636636637,0.6537102473498232,0.575020610057708,0.6579212916246215,0.49798387096774194,0.5427715010375836,0.4349859681945744,0.6565126050420168,0.3840999086201645,0.24041713641488155,0.5907626208378087,0.46354166666666663,0.24373576309794998,0.4925975773889637,0.5528491620111732,0.3241965973534971,0.45750935328701225,0.32870627429206,0.0,0.4736337488015341,0.40476190476190477,0.682
0.6646646646646647,0.5107613234821715,0.49051937345424557,0.6009081735620585,0.4788306451612903,0.5552225040350472,0.45088868101029,0.26995798319327735,0.6085897045385318,0.4684329199549041,0.5580021482277121,0.46875,0.36522399392558846,0.4279946164199193,0.44625698324022345,0.6578449905482041,0.6440406199893105,0.4925041643531372,0.0,0.6332694151486098,0.6354875283446713,0.709
0.6656656656656657,0.6353999357532926,0.6636438582028028,0.6624621594349143,0.6698588709677418,0.37698870186765043,0.2198316183348925,0.34138655462184875,0.535181236673774,0.4878804960541149,0.7314715359828141,0.47829861111111105,0.2695520121488231,0.6123822341857336,0.6127374301675977,0.5387523629489602,0.34633885622661675,0.5002776235424765,0.0,0.30249280920421867,0.6264172335600907,0.781
0.6666666666666666,0.6424670735624799,0.8487221764220938,0.39455095862764883,0.4889112903225806,0.4786718930136039,0.12722170252572496,0.6465336134453782,0.3533353639963448,0.3207440811724915,0.8941997851772288,0.5859375,0.2528473804100228,0.6655450874831763,0.7559776536312849,0.7372400756143667,0.27044361304115444,0.4541921154913937,0.0,0.2459252157238736,0.39852607709750565,0.036
0.6676676676676676,0.8046900096370061,0.5605935696619949,0.6170534813319879,0.2555443548387097,0.31081392667742674,0.09791082008107271,0.07457983193277312,0.6859579652756624,0.7063134160090191,0.67937701396348,0.3862847222222222,0.16249050873196658,0.41722745625841184,0.6864804469273743,0.4328922495274101,0.45857830037413144,0.6735147140477513,0.0,0.34947267497603074,0.8205782312925171,0.748
0.6686686686686687,0.6826212656601349,0.4781533388293486,0.48890010090817354,0.560483870967742,0.501037583583122,0.4309323355160587,0.3061974789915966,0.5019798964361863,0.36076662908680934,0.5789473684210525,0.4184027777777778,0.1807137433561124,0.3546433378196501,0.5425698324022347,0.5311909262759924,0.36932121859967926,0.5002776235424765,0.0,0.47411313518696074,0.5198412698412698,0.781
0.6696696696696697,0.6370061034371988,0.6405605935696619,0.5050454086781029,0.23588709677419356,0.48743370993774504,0.38665419395073286,0.4459033613445378,0.534876637222053,0.33089064261555795,0.711063372717508,0.4253472222222222,0.2695520121488231,0.6419919246298789,0.5463687150837989,0.5264650283553874,0.5494388027792624,0.5319267073847863,0.0,0.5551294343240653,0.5425170068027211,0.542
0.6706706706706707,0.6344362351429488,0.3726298433635613,0.7810292633703331,0.2600806451612903,0.513949734839751,0.4664795759276583,0.5304621848739496,0.39963448065793483,0.258455467869222,0.3850698174006444,0.4505208333333333,0.3371298405466971,0.35733512786002697,0.5280446927374302,0.6332703213610585,0.48423303046499194,0.39200444197667966,0.0,0.4894534995206137,0.4384920634920635,0.974
0.6716716716716716,0.7989078059749437,0.5474031327287715,0.6064581231079718,0.6058467741935484,0.5266313119667974,0.35048331774243846,0.5672268907563026,0.42004264392324087,0.2739571589627958,0.5338345864661653,0.2109375,0.319665907365224,0.531628532974428,0.7474860335195531,0.54820415879017,0.3923035809727418,0.4230982787340367,0.0,0.34372003835091086,0.4078798185941043,0.712
0.6726726726726726,0.5451333119177642,0.575020610057708,0.49798183652875877,0.6723790322580645,0.5766658980862347,0.46429685063922677,0.25210084033613445,0.69753274444106,0.5197294250281848,0.4113856068743286,0.4149305555555555,0.42369020501138954,0.45827725437415884,0.44111731843575414,0.6909262759924385,0.7765900587920898,0.6163242642976126,0.0,0.6577181208053692,0.7108843537414966,0.498
0.6736736736736737,0.4699646643109541,0.5424567188788127,0.6806256306760847,0.43901209677419356,0.6393820613327185,0.584034923604615,0.5803571428571429,0.48918671946390496,0.2015219842164599,0.47798066595059074,0.5338541666666666,0.4943052391799545,0.38963660834454916,0.41877094972067036,0.12570888468809072,0.5793693212185996,0.21821210438645205,0.0,0.5680728667305849,0.463718820861678,0.693
0.6746746746746747,0.4301317057500803,0.6896125309150865,0.27194752774974773,0.2757056451612903,0.4825916532165091,0.38634237605238547,0.13077731092436973,0.7307340846786476,0.601465614430665,0.5639097744360901,0.4331597222222222,0.47684130599848146,0.7032301480484522,0.5099441340782123,0.4234404536862003,0.559059326563335,0.6024430871737925,0.0,0.44726749760306816,0.746031746031746,0.151
0.6756756756756757,0.6440732412463861,0.6545754328112118,0.6256306760847627,0.4954637096774194,0.5944201060640997,0.4951668225756159,0.6838235294117647,0.43862321047822117,0.213923337091319,0.4468313641245971,0.4253472222222222,0.31207289293849666,0.550471063257066,0.5369832402234637,0.33364839319470696,0.5793693212185996,0.32037756801776796,0.0,0.49808245445829347,0.4285714285714286,0.721
0.6766766766766766,0.5846450369418567,0.49093157460840875,0.8072653884964682,0.1688508064516129,0.500345861194374,0.44558777673838484,0.29621848739495804,0.6338714590313738,0.5374859075535512,0.4500537056928034,0.3645833333333333,0.4054669703872438,0.39502018842530284,0.4940782122905028,0.5652173913043478,0.7135221806520576,0.6063298167684621,0.0,0.702301054650048,0.7151360544217688,1.23
0.6776776776776777,0.7295213620301959,0.5082440230832646,0.6821392532795156,0.4954637096774194,0.5360848512796864,0.3102588088556284,0.34243697478991597,0.44897959183673475,0.4656144306651634,0.39205155746509124,0.5,0.20577069096431289,0.433378196500673,0.5083798882681565,0.8601134215500944,0.4436130411544628,0.4219877845641311,0.0,0.44295302013422827,0.5856009070294785,0.866
0.6786786786786787,0.5534853838740764,0.5251442704039571,0.5761856710393541,0.3936491935483871,0.5801245100299747,0.38072965388213287,0.4107142857142857,0.45263478525738654,0.3441375422773393,0.46723952738990326,0.38888888888888884,0.4836750189825361,0.49125168236877526,0.5293854748603352,0.5434782608695652,0.5339390700160341,0.4069961132704054,0.0,0.5081495685522532,0.5090702947845805,0.548
0.6796796796796797,0.5705107613234821,0.6100577081615827,0.5095862764883956,0.9616935483870968,0.8445930366612866,0.5088868101028999,0.8277310924369748,0.19890344197380438,0.13246899661781275,0.38453276047261004,0.46267361111111105,0.3621867881548976,0.6729475100942126,0.45743016759776534,0.611531190926276,0.6060929983965793,0.24986118822876185,0.0,0.5115052732502398,0.12953514739229033,0.252
0.6806806806806807,0.5049791198201091,0.34212695795548215,0.4934409687184662,0.733366935483871,0.4994235646760433,0.45431867789211106,0.384453781512605,0.5038074931465124,0.46082299887260414,0.45273899033297527,0.2960069444444444,0.5193621867881549,0.08613728129205928,0.4308379888268156,0.5633270321361058,0.47675040085515763,0.4652970571904498,0.0,0.6442953020134229,0.6119614512471655,0.578
0.6816816816816816,0.5136524253132027,0.8095630667765868,0.4747729566094854,0.42288306451612906,0.7286142494812082,0.4621141253507952,0.6349789915966387,0.34846177276880896,0.18771138669673043,0.6611170784103114,0.48611111111111105,0.410782080485953,0.8109017496635262,0.5079329608938548,0.5340264650283553,0.518439337252806,0.33870072182121047,0.0,0.5105465004793865,0.34041950113378683,0.471
0.6826826826826827,0.5248955991005461,0.5469909315746083,0.5287588294651866,0.59375,0.6543693797555915,0.3888369192391644,0.38970588235294124,0.48339932988120626,0.3455467869222096,0.4135338345864661,0.34635416666666663,0.4798785117691724,0.5524899057873486,0.4339664804469273,0.5860113421550094,0.6397648316408338,0.2865074958356469,0.0,0.6994247363374881,0.5266439909297052,0.247
0.6836836836836837,0.6431095406360423,0.6846661170651276,0.23662966700302723,0.42036290322580644,0.5305510721697025,0.3264733395696913,0.4679621848739496,0.4974109046603716,0.2595828635851183,0.6138560687432868,0.4288194444444444,0.20728929384965833,0.594885598923284,0.6315083798882681,0.4489603024574669,0.3923035809727418,0.37090505274847313,0.0,0.4362416107382551,0.463718820861678,-0.004
0.6846846846846847,0.5371024734982331,0.5280296784830997,0.5403632694248234,0.35080645161290325,0.4318653447083237,0.3707514811350172,0.37184873949579833,0.5220834602497716,0.3931792559188274,0.6632653061224489,0.5295138888888888,0.2733485193621868,0.4636608344549126,0.5698324022346369,0.40548204158790163,0.4874398717263495,0.5558023320377569,0.0,0.49376797698945357,0.5694444444444444,0.65
0.6856856856856857,0.870221651140379,0.6030502885408078,0.9122098890010091,0.6028225806451613,0.7514410883098916,0.3663860305581541,0.9516806722689075,0.0,0.11330326944757607,0.4618689581095596,0.24479166666666669,0.2331055429005316,0.5074024226110364,0.764245810055866,0.7334593572778827,0.37145911277391763,0.21432537479178243,0.0,0.2674976030680729,0.0,1.068
0.6866866866866866,0.49887568262126564,0.5098928276999174,0.35822401614530774,0.39969758064516125,0.4583813696103297,0.3994387277829748,0.3960084033613446,0.5945781297593664,0.5138105975197294,0.6417830290010741,0.4496527777777778,0.4502657555049355,0.44885598923283987,0.49787709497206695,0.6994328922495273,0.5307322287546766,0.521377012770683,0.0,0.5858101629913711,0.6913265306122449,0.548
0.6876876876876877,0.7137809187279152,0.7394888705688374,0.5731584258324924,0.44657258064516125,0.46921835370071474,0.37449329591518554,0.49737394957983194,0.5418824246116357,0.35428410372040575,0.744360902255639,0.3159722222222222,0.29384965831435084,0.559892328398385,0.6719553072625698,0.7873345935727787,0.3752004275788348,0.5674625208217657,0.0,0.33509108341323113,0.4827097505668934,0.892
0.6886886886886887,0.4449084484420173,0.7061005770816157,0.40817356205852673,0.5987903225806451,0.55545307816463,0.39008419083255386,0.4243697478991597,0.5656411818458726,0.38190529875986456,0.7040816326530612,0.634548611111111,0.5892179195140471,0.576043068640646,0.5030167597765364,0.5207939508506616,0.5563869588455371,0.4369794558578568,0.0,0.4798657718120806,0.5685941043083901,0.236
0.6896896896896897,0.23032444587214906,0.6648804616652925,0.4278506559031281,0.3245967741935484,0.7982476366151718,0.7240411599625819,0.2951680672268908,0.6765153822723119,0.3373731679819616,0.4597207303974221,0.6961805555555555,0.6772968868640851,0.8721399730820996,0.28581005586592173,0.44139886578449894,0.8621058257616248,0.4031093836757358,0.0,0.7761265580057527,0.5960884353741497,0.298
0.6906906906906907,0.48024413748795375,0.6545754328112118,0.32896064581231077,0.6315524193548387,0.6409960802397972,0.444028687246648,0.6328781512605043,0.33292720073103865,0.19278466741826372,0.5784103114930182,0.5989583333333333,0.3728170083523159,0.6009421265141319,0.5441340782122904,0.38846880907372394,0.4040619989310529,0.24042198778456414,0.0,0.3969319271332695,0.29308390022675745,0.051
0.6916916916916916,0.7214905236106649,0.5028854080791425,0.4939455095862765,0.46723790322580644,0.5517638920913074,0.2687870283754288,0.7295168067226891,0.2589095339628389,0.2026493799323562,0.46401718582169704,0.3402777777777778,0.2209567198177677,0.3445491251682369,0.7023463687150838,0.46030245746691867,0.327632282202031,0.32148806218767356,0.0,0.20853307766059448,0.3251133786848073,0.302
0.6926926926926927,0.768390619980726,0.5424567188788127,0.8032290615539859,0.344758064516129,0.49596495273230345,0.3642033052697225,0.532563025210084,0.38105391410295464,0.3204622322435174,0.6165413533834586,0.3315972222222222,0.1389521640091117,0.3909825033647376,0.6192178770949721,0.6502835538752362,0.30571886691608763,0.5091615769017214,0.0,0.4597315436241612,0.4662698412698413,1.186
0.6936936936936937,0.6983617089624157,0.5655399835119537,0.6564076690211906,0.2278225806451613,0.3779109983859811,0.3483005924540069,0.3876050420168067,0.6155954919281146,0.5698985343855693,0.6321160042964554,0.23350694444444442,0.30979498861047844,0.48519515477792735,0.6625698324022347,0.6748582230623817,0.4126135756280064,0.6413103831204887,0.0,0.3959731543624162,0.6445578231292517,0.977
0.6946946946946947,0.4388050112431738,0.5441055234954657,0.6811301715438951,0.3780241935483871,0.6970255937283837,0.60118490801372,0.75,0.30977764240024364,0.07553551296505068,0.5187969924812029,0.625,0.4950645406226273,0.40174966352624497,0.45810055865921784,0.06427221172022679,0.4885088188134687,0.16879511382565243,0.0,0.5556088207094919,0.3007369614512472,0.498
0.6956956956956957,0.8085448120783809,0.7353668590272051,0.7563067608476286,0.48235887096774194,0.4191837675812774,0.3161833489242283,0.44065126050420167,0.5705147730734084,0.41741826381059743,0.7416756176154672,0.1918402777777778,0.2513287775246773,0.6399730820995962,0.6960893854748603,0.7466918714555765,0.2987707108498129,0.5358134369794559,0.0,0.33748801534036443,0.5317460317460317,1.074
0.6966966966966966,0.724381625441696,0.6183017312448473,0.8218970736629667,0.3709677419354839,0.3795250172930597,0.2965388213283443,0.22321428571428575,0.6518428266829119,0.6341600901916572,0.6031149301825993,0.3802083333333333,0.2900531511009871,0.45222072678331093,0.6245810055865922,0.4442344045368619,0.40726884019241044,0.5602443087173793,0.0,0.4851390220517738,0.7253401360544218,1.372
0.6976976976976977,0.4812078380982974,0.7023907666941466,0.4228052472250252,0.45665322580645157,0.46714318653447084,0.4870595572185844,0.23529411764705888,0.7286018885166007,0.6412063134160089,0.7105263157894737,0.48871527777777773,0.4085041761579348,0.531628532974428,0.5030167597765364,0.6568998109640831,0.5237840726884019,0.6679622431982233,0.0,0.5047938638542666,0.7505668934240363,0.568
0.6986986986986987,0.814005782203662,0.4080791426215992,0.5191725529767911,0.5090725806451613,0.4521558681115979,0.22294979731836612,0.375,0.46725555893999393,0.3928974069898533,0.4194414607948442,0.2942708333333333,0.1245254365983296,0.26043068640646033,0.6306145251396648,0.7268431001890359,0.4013896312132549,0.541365907828984,0.0,0.41610738255033564,0.5915532879818595,0.769
0.6996996996996997,0.9042724060391905,0.5457543281121185,0.6533804238143289,0.4904233870967742,0.3121973714549227,0.11069535391331464,0.460609243697479,0.4133414559853793,0.4258737316798195,0.6455424274973147,0.35763888888888884,0.12680334092634782,0.4353970390309556,0.9919553072625698,0.6795841209829867,0.19027258150721538,0.5308162132148807,0.0,0.0,0.5153061224489797,0.556
0.7007007007007007,0.7047863796980405,0.6735366859027204,0.3329969727547931,0.3382056451612903,0.4454692183537007,0.3080760835671968,0.34401260504201686,0.6625038074931464,0.5256482525366403,0.6439312567132115,0.3550347222222222,0.2999240698557328,0.7173620457604307,0.6239106145251397,0.6417769376181474,0.4045964724746125,0.6535258189894504,0.0,0.27804410354745934,0.6040249433106576,0.196
0.7017017017017017,0.4115001606167684,0.47073371805441044,0.3350151362260343,0.125,0.5738990085312428,0.3994387277829748,0.26313025210084034,0.6625038074931464,0.5741262683201803,0.4801288936627282,0.5972222222222222,0.37813211845102507,0.34051144010767165,0.48670391061452517,0.6578449905482041,0.6429716729021913,0.5335924486396447,0.0,0.5469798657718121,0.7060657596371882,0.058
0.7027027027027027,0.4783167362672663,0.33017312448474845,0.5403632694248234,0.6088709677419355,0.6273922065944202,0.496102276270658,0.39863445378151263,0.4334450197989643,0.35146561443066504,0.30290010741138557,0.5625,0.3910402429764617,0.1796769851951548,0.3416759776536312,0.4631379962192816,0.524853019775521,0.38256524153248206,0.0,0.7401725790987537,0.5155895691609977,0.558
0.7037037037037037,0.6353999357532926,0.8219291014014838,0.6422805247225025,0.20060483870967744,0.6363845976481439,0.4349859681945744,0.6171218487394958,0.36338714590313737,0.17728297632468987,0.7185821697099892,0.40798611111111105,0.40394836750189833,0.882907133243607,0.6107262569832402,0.22967863894139884,0.476215927311598,0.34980566352026654,0.0,0.43480345158197514,0.3115079365079365,0.674
0.7047047047047047,0.4172823642788307,0.4476504534212694,0.6629667003027245,0.2545362903225806,0.6001844593036662,0.5419395073277207,0.4248949579831932,0.5059396893085593,0.28241262683201795,0.48657357679914065,0.5451388888888888,0.5421412300683373,0.3061911170928668,0.4243575418994413,0.2958412098298676,0.5136290753607696,0.23653525818989452,0.0,0.6184084372003836,0.5172902494331066,0.582
0.7057057057057057,0.5843238034050755,0.3099752679307501,0.4434914228052472,0.5357862903225806,0.48512796864191843,0.38634237605238547,0.31880252100840334,0.5750837648492233,0.4915445321307778,0.3372717508055853,0.5833333333333333,0.29916476841306006,0.16621803499327054,0.514413407821229,0.5860113421550094,0.34526990913949757,0.4786229872293171,0.0,0.4573346116970279,0.6133786848072562,0.179
0.7067067067067067,0.7728878894956632,0.2959604286892002,0.7184661957618566,0.6522177419354839,0.5453078164629929,0.2909260991580917,0.4595588235294118,0.3505939689308559,0.23167981961668538,0.28947368421052627,0.3819444444444444,0.2627182991647684,0.2907133243606999,0.5747486033519553,0.7523629489603023,0.41368252271512557,0.3831204886174348,0.0,0.5469798657718121,0.4503968253968254,0.67
0.7077077077077077,0.8050112431737872,0.5140148392415498,0.43541876892028253,0.7560483870967742,0.39059257551302745,0.21359526036794518,0.40861344537815125,0.4776119402985074,0.45405862457722646,0.5128893662728249,0.28125,0.16249050873196658,0.5047106325706595,0.7074860335195531,0.5803402646502834,0.3639764831640834,0.6401998889505831,0.0,0.2708533077660594,0.5493197278911565,0.613
0.7087087087087087,0.844844201734661,0.5329760923330584,0.631180625630676,0.35181451612903225,0.31242794558450543,0.0,0.451155462184874,0.3868413036856533,0.4002254791431792,0.7003222341568206,0.49045138888888884,0.10326499620349283,0.5646029609690444,0.8136312849162011,0.4773156899810963,0.168359166221272,0.37923375902276524,0.0,0.07142857142857151,0.5391156462585034,0.631
0.7097097097097097,0.5232894314166399,0.5671887881286066,0.40262361251261347,0.31955645161290325,0.5875028821766198,0.4094169005300905,0.1622899159663866,0.6564118184587268,0.4937993235625704,0.5580021482277121,0.4071180555555555,0.4510250569476083,0.5531628532974429,0.5115083798882681,0.7230623818525519,0.5948690539818279,0.4164353137146031,0.0,0.5359539789069991,0.6366213151927438,0.062
0.7107107107107107,0.9219402505621586,0.51277823577906,0.6675075681130171,0.6003024193548387,0.33041272769195296,0.21110071718116624,0.34401260504201686,0.5565031982942431,0.4216459977452085,0.6251342642320086,0.06857638888888895,0.21108580106302205,0.3519515477792733,0.8075977653631286,0.5198487712665406,0.2453233564938535,0.4925041643531372,0.0,0.26797698945349957,0.5821995464852607,0.76
0.7117117117117117,0.5974943784131063,0.29472382522671053,0.8637739656912209,0.8039314516129032,0.6271616324648375,0.4574368568755847,0.5598739495798319,0.38227231190983857,0.20321307779030434,0.35230934479054776,0.5277777777777778,0.4707668944570995,0.23822341857335133,0.45050279329608933,0.20510396975425327,0.48262960983431313,0.24153248195446975,0.0,0.6476510067114095,0.44302721088435376,0.755
0.7127127127127127,0.4468358496627048,0.7353668590272051,0.4883955600403633,0.5241935483870968,0.7180078395204058,0.4109759900218273,0.33718487394957986,0.509594882729211,0.36865839909808334,0.4575725026852846,0.36197916666666663,0.41457858769931666,0.7819650067294751,0.387486033519553,0.48298676748582225,0.7119187600213789,0.5358134369794559,0.0,0.6994247363374881,0.5581065759637188,0.522
0.7137137137137137,0.7561837455830388,0.7180544105523494,0.6548940464177598,0.41431451612903225,0.43094304818999307,0.18989710009354538,0.2930672268907563,0.60493451111788,0.49661781285231105,0.6224489795918366,0.38888888888888884,0.22475322703113143,0.6682368775235532,0.6829050279329608,0.5264650283553874,0.410475681453768,0.572459744586341,0.0,0.3705656759348035,0.5904195011337868,0.668
0.7147147147147147,0.7343398650819145,0.6525144270403955,0.727547931382442,0.49798387096774194,0.5353931288909385,0.24914250077954475,0.5063025210084033,0.46512336277794697,0.3709131905298759,0.48066595059076256,0.3125,0.3515565679574792,0.46837146702557203,0.6867039106145251,0.661625708884688,0.43933725280598607,0.4480843975569129,0.0,0.3705656759348035,0.49348072562358275,0.727
0.7157157157157157,0.4879537423707035,0.635614179719703,0.31079717457114026,0.11491935483870969,0.5021904542310353,0.42750233863423764,0.3755252100840336,0.5610721900700579,0.41262683201803824,0.6294307196562835,0.3480902777777778,0.40394836750189833,0.5551816958277255,0.5056983240223464,0.5746691871455576,0.5291288081239978,0.549694614103276,0.0,0.5661553211888783,0.5867346938775511,0.307
0.7167167167167167,0.7253453260520398,0.21104699093157447,0.7361251261352169,0.6512096774193548,0.7401429559603413,0.49734954786404745,0.8839285714285714,0.10386841303685657,0.07976324689966174,0.11331901181525228,0.2743055555555556,0.28473804100227795,0.27119784656796775,0.5450279329608938,0.4555765595463137,0.5109567076429716,0.19100499722376463,0.0,0.5349952061361458,0.14087301587301593,0.76
0.7177177177177178,0.48988114359139096,0.5869744435284417,0.5136226034308778,0.4213709677419355,0.6790408116209362,0.5266604303086998,0.6376050420168067,0.4017666768199817,0.15304396843291984,0.4688506981740064,0.47829861111111105,0.5261958997722096,0.65814266487214,0.5132960893854749,0.4253308128544423,0.5120256547300908,0.2576346474181011,0.0,0.4880153403643337,0.32001133786848074,0.414
0.7187187187187187,0.660134918085448,0.2444352844187963,0.3698284561049445,0.4173387096774194,0.39289831680885406,0.25038977237293425,0.4910714285714286,0.33627779469996955,0.3556933483652761,0.5703544575725026,0.5789930555555555,0.2369020501138953,0.18909825033647382,0.6656983240223463,0.6285444234404536,0.24959914484233026,0.4208772903942255,0.0,0.26462128475551305,0.4608843537414966,0.173
0.7197197197197197,0.7487953742370703,0.5408079142621598,0.8299697275479314,0.6088709677419355,0.632234263315656,0.32896788275647026,0.5987394957983193,0.255863539445629,0.14797068771138666,0.43823845327604716,0.16493055555555558,0.39028094153378895,0.3916554508748318,0.6185474860335196,0.2892249527410207,0.44307856761090325,0.13603553581343703,0.0,0.4650047938638543,0.3253968253968254,1.12
0.7207207207207207,0.6090587857372309,0.6842539159109644,0.3738647830474269,0.49697580645161293,0.5801245100299747,0.274087932647334,0.5540966386554622,0.3901918976545842,0.31482525366403596,0.5955961331901181,0.59375,0.20349278663629466,0.7180349932705249,0.5465921787709497,0.5207939508506616,0.3848209513629075,0.39422543031649093,0.0,0.3815915627996166,0.3993764172335601,0.026
0.7217217217217217,0.5085126887247028,0.575020610057708,0.6503531786074672,0.3160282258064516,0.5028821766197833,0.36264421577798567,0.26418067226890757,0.5997563204386231,0.4379932356257045,0.6868958109559613,0.5980902777777778,0.3675018982536067,0.5767160161507403,0.502122905027933,0.42060491493383734,0.49171566007482626,0.5169350360910606,0.0,0.3950143815915629,0.6771541950113379,0.751
0.7227227227227228,0.6665595888210728,0.48598516075845,0.49041372351160445,0.4475806451612903,0.4392437168549689,0.23760523854069227,0.5414915966386554,0.3454157782515991,0.28974069898534377,0.6562835660580021,0.3532986111111111,0.28473804100227795,0.31830417227456265,0.7745251396648045,0.6521739130434782,0.3126670229823624,0.3137146029983343,0.0,0.326941514860978,0.429421768707483,0.374
0.7237237237237237,0.2794731769996788,0.6384995877988457,0.3213925327951564,0.31905241935483875,0.6552916762739222,0.6320548799501092,0.24632352941176472,0.6728601888516601,0.45011273957158954,0.5042964554242749,0.6866319444444444,0.49810174639331817,0.5255720053835801,0.30882681564245806,0.5879017013232514,0.6023516835916621,0.4797334813992227,0.0,0.6217641418983701,0.6150793650793651,0.198
0.7247247247247247,0.815290716350787,0.5148392415498761,0.46871846619576185,0.5509072580645161,0.5234032741526401,0.22450888681010295,0.7400210084033614,0.19768504416692045,0.1764374295377677,0.5252416756176155,0.45746527777777773,0.09111617312072895,0.4192462987886945,0.8118435754189943,0.6304347826086956,0.35221806520577226,0.38922820655191565,0.0,0.24400767018216696,0.2602040816326531,0.426
0.7257257257257257,0.6633472534532605,0.6982687551525143,0.7401614530776992,0.3341733870967742,0.592806087157021,0.2959151855316495,0.4989495798319328,0.46725555893999393,0.290586245772266,0.556390977443609,0.49652777777777773,0.29233105542900534,0.5814266487213997,0.6889385474860336,0.6124763705103969,0.48904329235702826,0.3581343697945586,0.0,0.4194630872483222,0.47789115646258506,0.738
0.7267267267267267,0.47928043687760996,0.5247320692497938,0.5312815338042381,0.6003024193548387,0.5632925985704405,0.5631431244153415,0.3497899159663866,0.6902223575997564,0.46025930101465606,0.6235230934479055,0.5833333333333333,0.45558086560364475,0.6386271870794078,0.4451396648044692,0.4678638941398865,0.5836451095670764,0.5630205441421433,0.0,0.5287631831255992,0.6272675736961452,0.625
0.7277277277277278,0.7410857693543206,0.7328936521022257,0.6765893037336024,0.5519153225806452,0.5817385289370532,0.2731524789522919,0.2757352941176471,0.5872677429180628,0.44503945885005625,0.5343716433941997,0.4539930555555555,0.23766135155656803,0.5248990578734859,0.4846927374301675,0.6824196597353496,0.630144307856761,0.4758467518045531,0.0,0.5532118887823587,0.6272675736961452,0.878
0.7287287287287287,0.5258592997108897,0.4385820280296784,0.6437941473259334,0.7116935483870968,0.6285450772423334,0.44964140941690056,0.6523109243697479,0.303990252817545,0.254227733934611,0.37164339419978515,0.6519097222222222,0.38041002277904334,0.26043068640646033,0.45430167597765364,0.6370510396975424,0.37145911277391763,0.2737368128817324,0.0,0.43144774688398857,0.3435374149659864,0.338
0.7297297297297297,0.7741728236427882,0.5597691673536684,0.743188698284561,0.8079637096774193,0.6135577588194605,0.20517617711256625,0.5598739495798319,0.207432226621992,0.1482525366403607,0.33995703544575717,0.3741319444444444,0.18982536066818528,0.23485868102288027,0.6475977653631285,0.555765595463138,0.28380545163014426,0.14491948917268188,0.0,0.38398849472674984,0.3429705215419501,0.667
0.7307307307307307,0.8531962736909732,0.6953833470733717,0.5676084762865792,0.38256048387096775,0.35277841826147105,0.044901777362020556,0.3314075630252101,0.4846177276880902,0.44165727170236746,0.7986036519871106,0.3159722222222222,0.14502657555049359,0.6244952893674294,0.8120670391061453,0.662570888468809,0.2479957242116515,0.5030538589672405,0.0,0.19654841802492806,0.5918367346938775,0.473
0.7317317317317317,0.5872149052361066,0.5420445177246495,0.40464177598385465,0.313508064516129,0.5501498731842287,0.3610851262862489,0.5210084033613446,0.4587267742918062,0.2877677564825253,0.4967776584317937,0.39670138888888884,0.32574031890660593,0.36473755047106327,0.5573184357541899,0.330812854442344,0.46338856226616776,0.3847862298722932,0.0,0.4616490891658678,0.4537981859410431,0.16
0.7327327327327328,0.6196594924510118,0.3874690849134377,0.606962663975782,0.3089717741935484,0.4475443855199447,0.3826005612722171,0.3172268907563025,0.6061529089247639,0.508455467869222,0.36734693877551017,0.42447916666666663,0.4335611237661352,0.16016150740242263,0.5068156424581006,0.5775047258979206,0.4355959380010689,0.4547473625763465,0.0,0.476510067114094,0.6700680272108843,0.635
0.7337337337337337,0.5371024734982331,0.42291838417147554,0.8143289606458124,0.544858870967742,0.6829605718238414,0.5734331150608045,0.446953781512605,0.5233018580566555,0.28551296505073276,0.3002148227712137,0.3133680555555556,0.618830675778284,0.3270524899057874,0.33899441340782116,0.2996219281663516,0.5809727418492784,0.3392559689061633,0.0,0.766059443911793,0.4988662131519275,0.797
0.7347347347347347,0.7166720205589463,0.6327287716405604,0.3975782038345106,0.4375,0.4657597417569749,0.18771437480511383,0.46638655462184875,0.44958879074017666,0.339064261555806,0.7078410311493017,0.4270833333333333,0.24677296886864086,0.4508748317631225,0.7877094972067039,0.5727788279773156,0.23997862105825757,0.4214325374791783,0.0,0.2540747842761266,0.47420634920634924,0.171
0.7357357357357357,0.5415997430131705,0.3000824402308325,0.5216952573158425,0.26411290322580644,0.6638229190684806,0.6189585282195199,0.5189075630252101,0.39506548888212,0.26071025930101455,0.18367346938775503,0.40885416666666663,0.3606681852695521,0.24427994616419924,0.4272625698324022,0.4735349716446124,0.5756280064136825,0.3453636868406441,0.0,0.5987535953978907,0.39172335600907027,0.596
0.7367367367367368,0.6684869900417604,0.5737840065952183,0.5953582240161452,0.23588709677419356,0.5038044731381139,0.3311506080449018,0.37815126050420167,0.580871154431922,0.4332018038331453,0.5016111707841031,0.3871527777777778,0.2908124525436599,0.6130551816958277,0.5606703910614526,0.771266540642722,0.4922501336183859,0.5574680732926153,0.0,0.49952061361457345,0.5779478458049887,0.67
0.7377377377377378,0.48345647285576615,0.47073371805441044,0.6927346115035318,0.40020161290322576,0.6970255937283837,0.6027439975054569,0.45693277310924374,0.5921413341455986,0.19757609921082292,0.36358754027926954,0.48263888888888884,0.6066818526955202,0.44616419919246303,0.380558659217877,0.14366729678638934,0.6221272047033671,0.156024430871738,0.0,0.6069031639501439,0.5314625850340136,0.845
0.7387387387387387,0.9999999999999999,0.25309150865622415,0.6372351160443996,0.731350806451613,0.45469218353700713,0.10726535703149365,0.5084033613445378,0.22388059701492546,0.28269447576099205,0.18206229860365192,0.25,0.1070615034168565,0.40511440107671604,0.8891620111731843,0.770321361058601,0.18278995189738106,0.34591893392559697,0.0,0.13710450623202308,0.34552154195011336,0.58
0.7397397397397397,0.7622871827818823,0.34995877988458357,0.5676084762865792,0.29485887096774194,0.3714549227576666,0.23323978796382916,0.34873949579831937,0.46756015839171494,0.4377113866967305,0.5408163265306122,0.3246527777777778,0.27258921791951407,0.13526244952893685,0.6167597765363129,0.4574669187145557,0.15179048637092457,0.5136035535813438,0.0,0.2540747842761266,0.5581065759637188,0.725
0.7407407407407407,0.8098297462255059,0.5729596042868919,0.4409687184661958,0.8366935483870968,0.41618630389670275,0.24633613969441848,0.4816176470588236,0.4596405726469692,0.37598647125140916,0.6133190118152524,0.2630208333333333,0.17691723614274868,0.4676985195154778,0.7646927374301676,0.7306238185255198,0.3099946552645644,0.4936146585230428,0.0,0.23298178331735386,0.5130385487528345,0.641
0.7417417417417418,0.6816575650497911,0.5173124484748556,0.5267406659939455,0.4490927419354838,0.43232649296748904,0.25569067664483947,0.39495798319327735,0.5543710021321961,0.49774520856820736,0.5821697099892588,0.45138888888888884,0.1564160971905847,0.3916554508748318,0.5861452513966481,0.6483931947069943,0.424906467129877,0.5630205441421433,0.0,0.4223394055608821,0.6196145124716553,0.689
0.7427427427427428,0.5232894314166399,0.2695795548227534,0.3577194752774975,0.5246975806451613,0.48997002536315426,0.46710321172435304,0.5089285714285715,0.5181236673773987,0.3322998872604283,0.42964554242749725,0.3793402777777778,0.530751708428246,0.12718707940780627,0.6044692737430167,0.4045368620037807,0.2517370390165687,0.31760133259300394,0.0,0.37008628954937683,0.4793083900226758,0.098
0.7437437437437437,0.7455830388692578,0.5164880461665291,0.4581231079717457,0.2857862903225806,0.3481669356698178,0.25038977237293425,0.2977941176470589,0.5893999390801097,0.524520856820744,0.5381310418904404,0.2803819444444444,0.2536066818526955,0.4616419919246299,0.7789944134078213,0.546313799621928,0.38909673971138425,0.6346474181010551,0.0,0.2746883988494727,0.6400226757369615,0.398
0.7447447447447447,0.6938644394474782,0.502061005770816,0.28809283551967707,0.4798387096774194,0.3673045884251787,0.2507015902712816,0.37657563025210083,0.48705452330185806,0.39148816234498296,0.7986036519871106,0.5911458333333333,0.21488230827638577,0.414535666218035,0.7756424581005587,0.4347826086956521,0.23035809727418488,0.5202665186007774,0.0,0.10450623202301057,0.5476190476190477,0.285
0.7457457457457457,0.5085126887247028,0.19373454245671884,0.4066599394550958,0.5282258064516129,0.41664745215586807,0.4873713751169318,0.30987394957983194,0.6174230886384404,0.45152198421645984,0.47905477980665945,0.7855902777777777,0.434320425208808,0.37752355316285335,0.6288268156424581,0.35633270321361055,0.4355959380010689,0.42809550249861195,0.0,0.28667305848513913,0.6099773242630385,0.161
0.7467467467467468,0.5332476710568583,0.6920857378400658,0.4974772956609485,0.5252016129032258,0.5181000691722388,0.3308387901465545,0.45640756302521013,0.5964057264696924,0.395715896279594,0.7309344790547797,0.6015625,0.4441913439635536,0.7180349932705249,0.5063687150837989,0.7136105860113421,0.47568145376803844,0.4197667962243199,0.0,0.44007670182166836,0.5779478458049887,0.173
0.7477477477477478,0.6251204625762928,0.48722176422093966,0.6367305751765893,0.29889112903225806,0.420797786488356,0.3311506080449018,0.39023109243697485,0.5031982942430704,0.43855693348365266,0.5934479054779807,0.328125,0.27942293090356873,0.3882907133243607,0.6960893854748603,0.551039697542533,0.2292891501870657,0.4952803997779012,0.0,0.18552253116011508,0.5272108843537415,0.566
0.7487487487487487,0.902345004818503,0.6026380873866446,0.8597376387487385,0.5191532258064515,0.6834217200830067,0.26317430620517623,0.8077731092436975,0.17758148035333543,0.17136414881623446,0.4693877551020408,0.1857638888888889,0.18754745634016706,0.4475100942126514,0.6203351955307262,0.5680529300567106,0.41207910208444676,0.23042754025541368,0.0,0.47842761265580064,0.20663265306122447,1.004
0.7497497497497497,0.6957918406681657,0.47361912613355306,0.5963673057517659,0.44254032258064513,0.47521328106986394,0.3879014655441223,0.3797268907563025,0.5284800487359123,0.3723224351747463,0.44307196562835655,0.3055555555555555,0.3675018982536067,0.2792732166890983,0.6491620111731844,0.496219281663516,0.34526990913949757,0.48028872848417553,0.0,0.37775647171620336,0.5595238095238095,0.596
0.7507507507507507,0.6643109540636041,0.4534212695795547,0.6316851664984864,0.6028225806451613,0.5174083467834909,0.4165887121920799,0.33771008403361347,0.6244288760280231,0.4582863585118375,0.47851772287862504,0.3706597222222222,0.30523917995444194,0.30955585464333785,0.4858100558659218,0.8100189035916823,0.4885088188134687,0.44530816213214885,0.0,0.574784276126558,0.6456916099773242,0.869
0.7517517517517518,0.812720848056537,0.49464138499587784,0.5514631685166498,0.33518145161290325,0.3133502421028361,0.15247895229186154,0.44012605042016817,0.45598537922631743,0.4309470124013528,0.6616541353383458,0.2769097222222222,0.14502657555049359,0.4091520861372813,0.8362011173184357,0.6455576559546313,0.3500801710315339,0.5824541921154914,0.0,0.25119846596356665,0.5552721088435374,0.685
0.7527527527527528,0.3964021843880501,0.5840890354492991,0.5650857719475277,0.25806451612903225,0.4498501268157713,0.5400685999376365,0.07983193277310927,0.7764240024367957,0.6248590755355129,0.6047261009667024,0.5199652777777778,0.601366742596811,0.5013458950201884,0.40089385474860334,0.5907372400756142,0.4297167290219134,0.5263742365352583,0.0,0.5896452540747843,0.7729591836734694,0.668
0.7537537537537538,0.7301638291037583,0.345424567188788,0.5812310797174571,0.375,0.4228729536546,0.32273152478952294,0.4065126050420168,0.4815717331708803,0.45744081172491535,0.45381310418904397,0.2803819444444444,0.17236142748671224,0.24495289367429346,0.6364245810055866,0.49999999999999994,0.3639764831640834,0.5319267073847863,0.0,0.3571428571428572,0.5561224489795918,0.82
0.7547547547547547,0.5952457436556375,0.40478153338829337,0.5080726538849647,0.40826612903225806,0.6154023518561218,0.4911131898971002,0.7232142857142857,0.2936338714590313,0.17953776775648245,0.430719656283566,0.6414930555555555,0.38116932422171607,0.3761776581426649,0.6484916201117318,0.4300567107750472,0.373597006948156,0.19877845641310388,0.0,0.2555129434324065,0.27862811791383224,0.231
0.7557557557557557,0.5358175393511082,0.5016488046166528,0.41927346115035313,0.2817540322580645,0.449388978556606,0.32896788275647026,0.40861344537815125,0.5957965275662505,0.4067080045095828,0.6493018259935552,0.47482638888888884,0.3113135914958239,0.27254374158815614,0.4799999999999999,0.48771266540642716,0.3773383217530732,0.42920599666851755,0.0,0.49952061361457345,0.626984126984127,0.383
0.7567567567567568,0.7857372309669128,0.37056883759274517,0.6942482341069627,0.547883064516129,0.4934286373068942,0.4518241347053321,0.5745798319327732,0.4096862625647274,0.32891770011273946,0.3764769065520945,0.3394097222222222,0.22627182991647687,0.3310901749663527,0.6762011173184358,0.5586011342155008,0.4639230358097274,0.4558578567462521,0.0,0.3528283796740173,0.4702380952380953,0.936
0.7577577577577578,0.6325088339222614,0.6595218466611705,0.4883955600403633,0.5272177419354839,0.4274844362462532,0.3264733395696913,0.2573529411764706,0.6832165702101736,0.6166854565952649,0.6299677765843179,0.4956597222222222,0.26803340926347763,0.5625841184387618,0.5318435754189944,0.8894139886578449,0.41475146980224475,0.6385341476957247,0.0,0.41994247363374887,0.7018140589569162,0.856
0.7587587587587588,0.4808866045615163,0.4274525968672711,0.5010090817356205,0.5045362903225807,0.5155637537468296,0.5413158715310259,0.5420168067226891,0.5702101736216875,0.4470124013528748,0.6407089151450053,0.34201388888888884,0.43204252088078976,0.5195154777927322,0.4518435754189944,0.5642722117202268,0.4863709246392303,0.5430316490838424,0.0,0.5345158197507192,0.5257936507936508,0.629
0.7597597597597597,0.4702858978477353,0.5671887881286066,0.6387487386478304,0.3119959677419355,0.616555222504035,0.5079513564078578,0.5672268907563026,0.37800791958574476,0.19419391206313408,0.537593984962406,0.6727430555555555,0.47228549734244496,0.4185733512786003,0.4900558659217877,0.49338374291115306,0.40032068412613575,0.18267629094947252,0.0,0.5321188878235859,0.35232426303854875,0.443
0.7607607607607607,0.4041117892707999,0.47609233305853244,0.4556004036326942,0.6118951612903225,0.6343094304818999,0.5846585594013097,0.5189075630252101,0.41455985379226323,0.2322435174746335,0.4419978517722878,0.6206597222222222,0.5550493545937738,0.3781965006729475,0.3731843575418994,0.3015122873345935,0.4708711918760021,0.27928928373126044,0.0,0.5536912751677854,0.39200680272108845,0.273
0.7617617617617618,0.6289752650176678,0.6723000824402307,0.5302724520686175,0.28377016129032256,0.6347705787410652,0.40162145307140634,0.7316176470588236,0.4063356685957965,0.16713641488162334,0.5520945220193341,0.37760416666666663,0.3378891419893698,0.7456258411843877,0.5289385474860335,0.4593572778827977,0.5692143238909674,0.35369239311493617,0.0,0.4693192713326942,0.36422902494331066,0.489
0.7627627627627628,0.7349823321554769,0.7135201978565539,0.5913218970736629,0.4304435483870968,0.5713626931058335,0.2921733707514812,0.6938025210084033,0.30216265610721893,0.2387260428410371,0.5843179377013963,0.5104166666666666,0.26651480637813213,0.730820995962315,0.7081564245810056,0.7287334593572778,0.3137359700694815,0.48139922265408114,0.0,0.2214765100671141,0.26870748299319724,0.476
0.7637637637637638,0.5872149052361066,0.519785655399835,0.6301715438950555,0.45665322580645157,0.48766428406732765,0.49828500155908956,0.4327731092436975,0.5208650624428877,0.3396279594137541,0.6133190118152524,0.48611111111111105,0.4745634016704632,0.388963660834455,0.5669273743016761,0.3525519848771266,0.5146980224478888,0.4358689616879512,0.0,0.43336529242569516,0.532312925170068,0.932
0.7647647647647647,0.799229039511725,0.8075020610057706,0.7401614530776992,0.6401209677419355,0.5298593497809546,0.3127533520424073,0.5430672268907564,0.5056350898568382,0.3294813979706876,0.646079484425349,0.1840277777777778,0.27182991647684135,0.8055181695827726,0.6788826815642458,0.6219281663516067,0.4409406734366649,0.55247084952804,0.0,0.3974113135186962,0.45776643990929705,0.986
0.7657657657657657,0.589142306456794,0.703215169002473,0.77598385469223,0.2444556451612903,0.5572976712012913,0.40130963517305895,0.5283613445378151,0.4367956137678952,0.2959413754227733,0.6267454350161117,0.4236111111111111,0.4738041002277905,0.4919246298788695,0.47128491620111723,0.38090737240075606,0.44254409406734363,0.46363131593559137,0.0,0.4362416107382551,0.45323129251700683,0.963
0.7667667667667668,0.3472534532605204,0.51277823577906,0.7043390514631684,0.5609879032258065,0.7233110445008071,0.6859993763642034,0.39128151260504207,0.6186414864453245,0.3486471251409244,0.4661654135338345,0.5260416666666666,0.5436598329536827,0.4495289367429341,0.2254748603351955,0.5189035916824196,0.68412613575628,0.3831204886174348,0.0,0.8168744007670183,0.5615079365079365,1.037
0.7677677677677678,0.7960167041439126,0.5420445177246495,0.7931382441977799,0.41935483870967744,0.3993543924371685,0.33676333021515437,0.35241596638655465,0.5595491928114529,0.4746335963923336,0.5639097744360901,0.1736111111111111,0.3697798025816249,0.528263795423957,0.5796648044692738,0.7022684310018903,0.344735435595938,0.5813436979455858,0.0,0.3988494726749761,0.5983560090702948,1.25
0.7687687687687688,0.8811435913909411,0.4554822753503709,0.7406659939455096,0.4400201612903226,0.5074936592114365,0.18646710321172444,0.39495798319327735,0.4218702406335668,0.3540022547914317,0.4344790547798066,0.1484375,0.27182991647684135,0.31830417227456265,0.7052513966480447,0.6436672967863893,0.27685729556386957,0.33870072182121047,0.0,0.30201342281879207,0.4557823129251701,0.824
0.7697697697697697,0.6219081272084805,0.40931574608408894,0.6493440968718466,0.33014112903225806,0.5884251786949505,0.4477705020268164,0.38235294117647056,0.5153822723119099,0.4002254791431792,0.355531686358754,0.2673611111111111,0.3006833712984055,0.3633916554508749,0.5930726256983241,0.331758034026465,0.6055585248530198,0.4714047751249307,0.0,0.5560882070949186,0.5501700680272109,0.848
0.7707707707707707,0.6594924510118856,0.5181368507831821,0.68970736629667,0.2530241935483871,0.500345861194374,0.3894605550358591,0.41806722689075637,0.5086810843740481,0.3548478015783539,0.5198711063372717,0.3203125,0.3690205011389522,0.4192462987886945,0.5559776536312849,0.4253308128544423,0.44147514698022444,0.4064408661854526,0.0,0.4717162032598275,0.562641723356009,0.971
0.7717717717717718,0.6292964985544489,0.3610882110469908,0.5272452068617558,0.5337701612903225,0.4272538621166705,0.37729965700031187,0.44747899159663873,0.5778251599147122,0.42615558060879355,0.4441460794844253,0.40885416666666663,0.319665907365224,0.18573351278600275,0.5524022346368714,0.5633270321361058,0.37306253340459644,0.436424208772904,0.0,0.44630872483221484,0.5963718820861679,0.424
0.7727727727727728,0.4410536460006425,0.7044517724649627,0.6902119071644803,0.5045362903225807,0.4973483975097994,0.5456813221078891,0.16018907563025214,0.7980505635089856,0.6851747463359639,0.5687432867883995,0.3550347222222222,0.6097190584662111,0.7079407806191117,0.3291620111731843,0.6862003780718335,0.6627471940138963,0.654636313159356,0.0,0.840843720038351,0.7726757369614513,0.951
0.7737737737737738,0.496627047863797,0.4934047815333882,0.5282542885973764,0.611391129032258,0.43647682729997694,0.3894605550358591,0.2457983193277311,0.6232104782211392,0.5501691093573844,0.6224489795918366,0.5008680555555556,0.4388762338648444,0.4919246298788695,0.46033519553072616,0.48865784499054815,0.4665954035275254,0.5691282620766241,0.0,0.5158197507190796,0.7091836734693877,0.507
0.7747747747747747,0.803405075489881,0.3746908491343775,0.6145307769929365,0.6673387096774193,0.29052340327415266,0.3136888057374494,0.2599789915966387,0.5692963752665245,0.6352874859075535,0.604189044038668,0.15885416666666669,0.27182991647684135,0.31359353970390313,0.6808938547486033,0.6739130434782608,0.29716729021913413,0.6635202665186009,0.0,0.36960690316395023,0.6454081632653061,1.295
0.7757757757757757,0.8265338901381304,0.5354492992580377,0.6649848637739657,0.6577620967741935,0.4108830989163016,0.19925163704396637,0.38235294117647056,0.5245202558635395,0.4633596392333708,0.6858216970998925,0.140625,0.3143507972665149,0.36541049798115754,0.6473743016759776,0.5359168241965973,0.48583645109567075,0.6013325930038869,0.0,0.4386385426653884,0.638888888888889,0.897
0.7767767767767768,0.708319948602634,0.7114591920857377,0.8390514631685166,0.2686491935483871,0.8699561909153793,0.3879014655441223,0.7584033613445378,0.12701797136765158,0.1482525366403607,0.3770139634801289,0.2456597222222222,0.3363705391040243,0.6541049798115748,0.5045810055865921,0.6871455576559545,0.5766969535008016,0.22876179900055527,0.0,0.5508149568552254,0.13888888888888895,1.001
0.7777777777777778,0.5769354320591069,0.503709810387469,0.5176589303733602,0.514616935483871,0.46345400046114826,0.28843155597131276,0.30147058823529416,0.5534572037770332,0.4625140924464486,0.5150375939849623,0.5147569444444444,0.2900531511009871,0.4192462987886945,0.5535195530726257,0.4678638941398865,0.4211651523249599,0.39033870072182125,0.0,0.41466922339405565,0.6428571428571428,0.386
0.7787787787787788,0.7613234821715386,0.6941467436108819,0.5282542885973764,0.5367943548387097,0.2815310122204288,0.1621453071406299,0.15546218487394958,0.6621992080414255,0.600901916572717,0.8560687432867884,0.33767361111111105,0.23386484434320431,0.6756393001345895,0.7586592178770949,0.6512287334593572,0.3703901656867985,0.6946141032759579,0.0,0.23202301054650054,0.7185374149659864,0.555
0.7797797797797797,0.49566334725345335,0.5725474031327287,0.5519677093844602,0.4037298387096774,0.5501498731842287,0.4003741814780169,0.4101890756302521,0.5196466646360036,0.35146561443066504,0.6611170784103114,0.6440972222222222,0.4373576309794989,0.49057873485868103,0.5155307262569833,0.3610586011342154,0.41368252271512557,0.35147140477512495,0.0,0.4573346116970279,0.5799319727891157,0.387
0.7807807807807807,0.6675232894314166,0.5713107996702389,0.6281533804238143,0.607358870967742,0.46967950195988006,0.3355160586217649,0.4327731092436975,0.440146207736826,0.32158962795941365,0.6525241675617615,0.39322916666666663,0.302201974183751,0.506056527590848,0.598659217877095,0.5264650283553874,0.4099412079102084,0.3931149361465853,0.0,0.37967401725790995,0.5201247165532881,0.774
0.7817817817817818,0.46643109540636035,0.48557295960428676,0.554994954591322,0.45665322580645157,0.5759741756974868,0.591830371063299,0.32563025210084034,0.6871763630825465,0.4230552423900788,0.5182599355531685,0.4157986111111111,0.6590736522399393,0.3808882907133244,0.39351955307262565,0.48676748582230617,0.5991448423303046,0.4786229872293171,0.0,0.6807286673058486,0.6626984126984127,0.845
0.7827827827827828,0.7516864760681015,0.7807089859851606,0.574167507568113,0.24647177419354838,0.5185612174314043,0.23417524165887127,0.6885504201680672,0.44471519951264094,0.2925591882750845,0.5177228786251342,0.00434027777777779,0.3113135914958239,0.6480484522207268,0.6998882681564246,0.7277882797731567,0.44307856761090325,0.5380344253192672,0.0,0.32885906040268464,0.4007936507936508,0.708
0.7837837837837838,0.5965306778027625,0.4303380049464137,0.7068617558022199,0.24899193548387097,0.696103297210053,0.6195821640162146,0.5283613445378151,0.41181845872677425,0.19616685456595256,0.2964554242749731,0.3428819444444444,0.4457099468488991,0.32570659488559894,0.419217877094972,0.5113421550094517,0.6504543025120256,0.33759022765130486,0.0,0.655321188878236,0.3818027210884354,1.002
0.7847847847847848,0.4410536460006425,0.519785655399835,0.0,0.2192540322580645,0.5155637537468296,0.38540692235734336,0.3272058823529412,0.5598537922631739,0.3647125140924463,0.6718582169709989,0.5989583333333333,0.36598329536826124,0.4401076716016151,0.6426815642458101,0.23534971644612473,0.36290753607696413,0.41032759578012223,0.0,0.27420901246404605,0.5518707482993197,-0.288
0.7857857857857857,0.5920334082878252,0.40931574608408894,0.5459132189707366,0.6915322580645162,0.549227576665898,0.38041783598378553,0.6549369747899161,0.32104782211392024,0.21448703494926713,0.46133190118152523,0.6024305555555555,0.21412300683371305,0.44279946164199196,0.5667039106145251,0.40831758034026455,0.42918225547835376,0.30260966129927824,0.0,0.44199424736337495,0.3922902494331066,0.32
0.7867867867867868,0.22389977513652426,0.49093157460840875,0.46266397578203833,0.6184475806451613,0.6848051648605027,0.6545057686311195,0.423844537815126,0.5720377703320134,0.3438556933483652,0.6831364124597207,0.9999999999999999,0.5535307517084282,0.4131897711978466,0.330949720670391,0.2003780718336483,0.7022982362373063,0.27984453081621324,0.0,0.6188878235858102,0.5867346938775511,0.227
0.7877877877877878,0.8853196273690972,0.62118713932399,0.6160443995963674,0.05191532258064516,0.3608485127968642,0.11350171499844092,0.31565126050420167,0.5641181845872678,0.5597519729425027,0.6331901181525241,0.2664930555555556,0.16324981017463935,0.4932705248990579,0.8100558659217877,0.5765595463137996,0.2843399251737039,0.5019433647973349,0.0,0.2214765100671141,0.6519274376417233,0.812
0.7887887887887888,0.4410536460006425,0.3994229183841713,0.7280524722502522,0.4642137096774193,0.5111828452847591,0.5871531025880886,0.4648109243697479,0.4955833079500456,0.35259301014656136,0.6433941997851772,0.47916666666666663,0.5831435079726652,0.3714670255720054,0.4102793296089385,0.2684310018903591,0.3361838588989845,0.272071071626874,0.0,0.5095877277085332,0.4943310657596372,0.632
0.7897897897897898,0.628011564407324,0.39694971145919195,0.45358224016145304,0.5751008064516129,0.45676735070325114,0.3339569691300281,0.6664915966386554,0.3764849223271398,0.2697294250281848,0.4591836734693877,0.42013888888888884,0.3993925588458619,0.27254374158815614,0.6574301675977654,0.36767485822306234,0.24211651523249594,0.37590227651304836,0.0,0.288111217641419,0.3982426303854876,0.2
0.7907907907907907,0.6951493735946032,0.4439406430338003,0.612008072653885,0.483366935483871,0.5457689647221582,0.31119426255067045,0.48529411764705876,0.4733475479744136,0.33314543404735053,0.3668098818474758,0.47309027777777773,0.20197418375094917,0.2826379542395694,0.6118435754189944,0.5907372400756142,0.46338856226616776,0.4236535258189895,0.0,0.43336529242569516,0.5087868480725624,0.491
0.7917917917917918,0.8705428846771602,0.5774938169826874,0.5787083753784057,0.39566532258064513,0.3071247406041042,0.13314624259432495,0.3970588235294118,0.5473652147426135,0.585400225479143,0.6283566058002148,0.2612847222222222,0.1776765375854214,0.392328398384926,0.7803351955307262,0.5737240075614366,0.21432389096739712,0.6107717934480845,0.0,0.2665388302972196,0.5932539682539683,0.628
0.7927927927927928,0.6790876967555413,0.7197032151690024,0.2568113017154389,0.3634072580645161,0.49757897163938203,0.15715622076707209,0.40441176470588236,0.4843131282363692,0.5121195039458849,0.5988184747583243,0.46527777777777773,0.11237661351556572,0.6278600269179004,0.5984357541899442,0.8213610586011342,0.5056119722073757,0.660188784008884,0.0,0.4664429530201343,0.5836167800453514,0.214
0.7937937937937938,0.6325088339222614,0.6591096455070072,0.5787083753784057,0.3432459677419355,0.49296748904772886,0.3140006236357967,0.5031512605042017,0.44197380444715195,0.3145434047350619,0.5988184747583243,0.4192708333333333,0.26119969627942297,0.6897711978465679,0.6806703910614526,0.5869565217391304,0.293425975414217,0.5147140477512494,0.0,0.192713326941515,0.4101473922902495,0.515
0.7947947947947948,0.5509155155798265,0.7345424567188786,0.2734611503531786,0.1502016129032258,0.5141803089693336,0.27627065793576555,0.4059873949579832,0.534572037770332,0.3773957158962795,0.7185821697099892,0.796875,0.3135914958238421,0.6736204576043069,0.7702793296089385,0.6011342155009451,0.3409941207910208,0.41476957245974466,0.0,0.13710450623202308,0.5048185941043084,-0.326
0.7957957957957957,0.4596851911339544,0.6063478977741137,0.5923309788092835,0.513608870967742,0.7565137191607102,0.47489865918303714,0.42226890756302526,0.4291806274748705,0.22237880496054102,0.4183673469387755,0.5677083333333333,0.38116932422171607,0.5491251682368775,0.35597765363128486,0.6257088846880906,0.6173169428113308,0.2254303164908385,0.0,0.6792905081495686,0.4418934240362812,0.461
0.7967967967967968,0.879537423707035,0.49051937345424557,0.8683148335015136,0.32106854838709675,0.6276227807240028,0.30059245400686,0.7662815126050421,0.14438014011574785,0.15529875986471242,0.346938775510204,0.2690972222222222,0.12376613515565682,0.4327052489905788,0.6362011173184358,0.5671077504725897,0.34740780331373594,0.3309272626318712,0.0,0.32262703739213816,0.17488662131519273,1.23
0.7977977977977978,0.6678445229681977,0.5688375927452596,0.5312815338042381,0.4803427419354839,0.3410191376527553,0.3389460555035859,0.1407563025210084,0.6929637526652452,0.6823562570462232,0.5912996777658431,0.38541666666666663,0.35459377372817014,0.5356662180349933,0.6433519553072625,0.5368620037807182,0.4094067343666488,0.7406996113270407,0.0,0.29578139980824547,0.7471655328798186,0.864
0.7987987987987988,0.779312560231288,0.7250618301731243,0.8440968718466195,0.513608870967742,0.6652063638459765,0.37449329591518554,0.48792016806722693,0.394151690526957,0.23280721533258164,0.487110633727175,0.3116319444444444,0.3029612756264237,0.7355316285329745,0.6346368715083799,0.43950850661625707,0.6028861571352218,0.5002776235424765,0.0,0.5201342281879195,0.40731292517006806,1.251
0.7997997997997998,0.8817860584645035,0.4484748557295959,0.7184661957618566,0.4642137096774193,0.40465759741756974,0.26629248518864984,0.5425420168067226,0.2890648796832166,0.3900789177001126,0.4409237379162191,0.12586805555555552,0.13971146545178437,0.4925975773889637,0.7389944134078212,0.7192816635160679,0.2528059861036879,0.5052748473070517,0.0,0.2277085330776607,0.35714285714285715,0.9
0.8008008008008007,0.6061676839061998,0.4781533388293486,0.5731584258324924,0.2560483870967742,0.5333179617246945,0.3239787963829124,0.4737394957983193,0.4770027413950655,0.3153889515219841,0.430719656283566,0.38541666666666663,0.3629460895975703,0.4138627187079408,0.5313966480446928,0.546313799621928,0.35489043292357025,0.35369239311493617,0.0,0.3662511984659636,0.503968253968254,0.535
0.8018018018018018,0.6816575650497911,0.5861500412201153,0.6765893037336024,0.4440524193548387,0.46091768503573904,0.45088868101029,0.3077731092436975,0.6122448979591837,0.4988726042841036,0.621374865735768,0.4140625,0.25588458618071375,0.6305518169582773,0.5865921787709497,0.6379962192816634,0.43987172634954563,0.5563575791227097,0.0,0.4626078619367211,0.6159297052154196,1.004
0.8028028028028028,0.575650497911982,0.8248145094806264,0.6745711402623613,0.17540322580645162,0.6225501498731842,0.40162145307140634,0.4826680672268908,0.4812671337191593,0.29819616685456585,0.5961331901181525,0.4565972222222222,0.29536826119969634,0.7483176312247645,0.5309497206703911,0.47069943289224947,0.5462319615179048,0.4553026096612993,0.0,0.44439117929050825,0.4413265306122449,0.673
0.8038038038038038,0.6363636363636364,0.44641384995877975,0.820887991927346,0.40877016129032256,0.6815771270463454,0.48955410040536335,0.6785714285714286,0.32957660676210787,0.18855693348365266,0.23093447905477976,0.5321180555555556,0.3302961275626424,0.36271870794078065,0.5280446927374302,0.17863894139886577,0.493319080705505,0.24819544697390344,0.0,0.3787152444870566,0.3602607709750567,0.626
0.8048048048048048,0.8001927401220686,0.6483924154987633,0.4959636730575176,0.3119959677419355,0.35323956652063637,0.22419706891175561,0.2620798319327731,0.7191593055132501,0.6784103720405861,0.5955961331901181,0.1831597222222222,0.2224753227031132,0.6150740242261103,0.7539664804469274,0.6786389413988657,0.4714056654195617,0.6968350916157691,0.0,0.3082454458293385,0.7409297052154196,0.902
0.8058058058058059,0.539672341792483,0.47897774113767505,0.7512613521695257,0.49193548387096775,0.5123357159326724,0.4836295603367634,0.4826680672268908,0.5178190679256778,0.41262683201803824,0.40279269602577866,0.5399305555555556,0.583902809415338,0.3445491251682369,0.4650279329608938,0.661625708884688,0.43773383217530726,0.4219877845641311,0.0,0.5460210930009588,0.5671768707482994,1.041
0.8068068068068068,0.7744940571795695,0.4542456718878811,0.6034308779011099,0.517641129032258,0.261009914687572,0.26379794200187096,0.21060924369747902,0.7383490709716722,0.7249154453213077,0.6063372717508055,0.2664930555555556,0.22703113135914965,0.28331090174966356,0.6773184357541899,0.49716446124763697,0.293425975414217,0.7012770682953915,0.0,0.3326941514860979,0.7630385487528345,1.078
0.8078078078078078,0.6835849662704785,0.49381698268755136,0.4929364278506559,0.37298387096774194,0.475905003458612,0.29342064234487064,0.36344537815126055,0.49223271398111484,0.3159526493799323,0.6390977443609022,0.49479166666666663,0.38648443432042523,0.3250336473755048,0.6480446927374303,0.5198487712665406,0.40566541956173163,0.30316490838423105,0.0,0.2593480345158198,0.5456349206349207,0.355
0.8088088088088088,0.807259877931256,0.468260511129431,0.7376387487386478,0.3321572580645161,0.5863500115287065,0.25818521983161835,0.6066176470588236,0.3335363996344807,0.21476888387824117,0.41299677765843174,0.24479166666666669,0.17388003037205774,0.3001345895020189,0.6703910614525139,0.611531190926276,0.378941742383752,0.3114936146585231,0.0,0.3326941514860979,0.3438208616780045,0.701
0.8098098098098098,0.8461291358817861,0.3874690849134377,0.8647830474268414,0.3724798387096774,0.5351625547613558,0.3118178983473652,0.5283613445378151,0.3207432226621991,0.27762119503945876,0.3539205155746509,0.1857638888888889,0.2353834472285498,0.31628532974428,0.6560893854748603,0.5217391304347825,0.3682522715125601,0.33647973348139926,0.0,0.3835091083413232,0.4546485260770975,1.118
0.8108108108108109,0.6700931577256665,0.3017312448474855,0.49445005045408674,0.6118951612903225,0.4883560064560757,0.3613969441845962,0.39495798319327735,0.5056350898568382,0.38275084554678684,0.3770139634801289,0.2881944444444444,0.3158694001518603,0.2738896366083446,0.5244692737430168,0.6228733459357277,0.41475146980224475,0.40033314825097177,0.0,0.40076701821668276,0.5473356009070295,0.427
0.8118118118118118,0.6482492772245422,0.6133553173948886,0.5797174571140262,0.4248991935483871,0.6557528245330874,0.38415965076395386,0.5866596638655462,0.39719768504416686,0.2860766629086809,0.4001074113856068,0.3168402777777778,0.4016704631738801,0.6406460296096905,0.5814525139664805,0.38657844990548196,0.5382148583645109,0.39144919489172686,0.0,0.5268456375838927,0.4007936507936508,0.642
0.8128128128128128,0.8088660456151622,0.5952184666117064,0.9465186680121089,0.2242943548387097,0.4662208900161402,0.39850327408793274,0.4910714285714286,0.5887907401766677,0.3909244644870349,0.6186895810955961,0.20833333333333337,0.47532270311313596,0.594885598923284,0.6842458100558659,0.5652173913043478,0.3639764831640834,0.3703498056635203,0.0,0.351869606903164,0.5320294784580499,1.289
0.8138138138138138,0.32412463861227114,0.46413849958779874,0.20837537840565085,0.6532258064516129,0.6894166474521559,0.5924540068599938,0.4600840336134454,0.5239110569600975,0.21223224351747455,0.4736842105263157,0.7083333333333333,0.5679574791192104,0.3741588156123823,0.4091620111731843,0.23251417769376176,0.6819882415820416,0.35036091060521934,0.0,0.613614573346117,0.501984126984127,-0.158
0.8148148148148148,0.6363636363636364,0.368507831821929,0.7497477295660948,0.35181451612903225,0.6875720544154946,0.5360149672591208,0.5021008403361344,0.35150776728601885,0.1637542277339345,0.30880773361976366,0.3845486111111111,0.35839028094153386,0.3115746971736205,0.4706145251396648,0.4291115311909262,0.6360235168359165,0.23098278734036648,0.0,0.6692233940556089,0.36451247165532885,0.719
0.8158158158158159,0.7478316736267265,0.703215169002473,0.7033299697275479,0.3477822580645161,0.4991929905464607,0.20143436233239786,0.4233193277310925,0.4508071885470606,0.3934611048478015,0.5386680988184747,0.33333333333333326,0.2186788154897495,0.598250336473755,0.671731843575419,0.4045368620037807,0.48049171566007476,0.5324819544697391,0.0,0.31831255992329827,0.5351473922902494,0.972
0.8168168168168168,0.6607773851590105,0.6558120362737014,0.39455095862764883,0.3074596774193548,0.5164860502651603,0.21484253196133463,0.4464285714285715,0.3795309168443496,0.371476888387824,0.6106337271750805,0.5442708333333333,0.047076689445709974,0.5390309555854643,0.6437988826815643,0.7844990548204158,0.3955104222340994,0.4925041643531372,0.0,0.3379674017257911,0.49036281179138325,0.213
0.8178178178178178,0.8403469322197236,0.39818631492168166,0.7901109989909183,0.5388104838709677,0.6034124971178234,0.2793888369192392,0.4065126050420168,0.34815717331708806,0.27959413754227724,0.1417830290010741,0.22309027777777773,0.11617312072892938,0.31426648721399736,0.6046927374301676,0.5207939508506616,0.530197755211117,0.436424208772904,0.0,0.41898370086289555,0.45861678004535145,1.06
0.8188188188188188,0.3912624477995503,0.21929101401483914,0.5131180625630676,0.4954637096774194,0.7136269310583353,0.6242594324914251,0.48844537815126055,0.48674992385013705,0.27564825253664027,0.27551020408163257,0.7222222222222221,0.5391040242976463,0.15679676985195157,0.2981005586592178,0.4234404536862003,0.5505077498663815,0.26651860077734596,0.0,0.6888782358581017,0.5045351473922903,0.266
0.8198198198198198,0.72277545775779,0.3948887056883758,0.6185671039354188,0.282258064516129,0.4438551994466221,0.3913314624259433,0.451155462184874,0.4547669814194334,0.2601465614430664,0.5451127819548871,0.5199652777777778,0.255125284738041,0.36675639300134594,0.742122905027933,0.5066162570888468,0.2741849278460716,0.41088284286507504,0.0,0.2588686481303931,0.45634920634920634,0.477
0.8208208208208209,0.5281079344683585,0.582028029678483,0.682643794147326,0.4314516129032258,0.6691261240488817,0.5104458995946368,0.365546218487395,0.49101431617423086,0.32750845546786916,0.47744360902255634,0.5069444444444444,0.5117691723614275,0.49596231493943477,0.4601117318435754,0.41020793950850654,0.6023516835916621,0.33259300388672963,0.0,0.5963566634707576,0.49489795918367346,0.747
0.8218218218218218,0.38323160938001927,0.277823577906018,0.5186680121089808,0.18245967741935484,0.6100991468757205,0.6448394137823512,0.4023109243697479,0.6250380749314651,0.3833145434047349,0.3899033297529537,0.4131944444444444,0.7023538344722856,0.18909825033647382,0.41005586592178767,0.329867674858223,0.695884553714591,0.43031649083842316,0.0,0.6888782358581017,0.590702947845805,0.324
0.8228228228228228,0.5962094442659813,0.33140972794723816,0.6150353178607467,0.6960685483870968,0.656675121051418,0.37199875272840666,0.6339285714285715,0.22844958879074018,0.09441939120631337,0.3684210526315789,0.548611111111111,0.27790432801822323,0.21803499327052495,0.5202234636871509,0.4442344045368619,0.4537680384820951,0.12659633536923937,0.0,0.5071907957813999,0.314625850340136,0.251
0.8238238238238238,0.6540314808866046,0.16529266281945576,0.5812310797174571,0.48235887096774194,0.5496887249250634,0.343311506080449,0.5588235294117647,0.3113006396588487,0.16854565952649375,0.3206229860365198,0.5026041666666666,0.35535307517084286,0.11709286675639308,0.6203351955307262,0.23345935727788275,0.32068412613575625,0.2581898945030539,0.0,0.31591562799616496,0.38577097505668934,0.262
0.8248248248248248,0.5724381625441696,0.562654575432811,0.4445005045408678,0.534274193548387,0.7412958266082545,0.4521359526036795,0.7274159663865547,0.3201340237587572,0.13641488162344972,0.36251342642320084,0.5590277777777778,0.3037205770690965,0.44818304172274565,0.554413407821229,0.26181474480151223,0.5350080171031534,0.24652970571904498,0.0,0.43480345158197514,0.2647392290249433,0.051
0.8258258258258259,0.5672984259556697,0.6830173124484747,0.4439959636730575,0.4475806451612903,0.5044961955268619,0.4000623635796695,0.42121848739495804,0.5699055741699665,0.48337091319052977,0.6079484425349087,0.4583333333333333,0.2429764616552772,0.5989232839838493,0.450949720670391,0.7287334593572778,0.5371459112773918,0.6240977234869518,0.0,0.5143815915627997,0.5793650793650793,0.66
0.8268268268268268,0.6331513009958238,0.6100577081615827,0.5257315842583249,0.436491935483871,0.3795250172930597,0.2790770190208918,0.1917016806722689,0.6707279926896133,0.6521984216459976,0.7551020408163265,0.3012152777777778,0.21488230827638577,0.6386271870794078,0.5077094972067039,0.7684310018903591,0.44895777659005875,0.7384786229872294,0.0,0.44343240651965493,0.7599206349206349,0.866
0.8278278278278278,0.7295213620301959,0.5338004946413848,0.6806256306760847,0.46622983870967744,0.4249481208208439,0.3174306205176177,0.37342436974789917,0.5427962229667986,0.5349492671927846,0.5005370569280343,0.19791666666666669,0.24221716021260448,0.4515477792732167,0.5995530726256983,0.6427221172022684,0.4067343666488509,0.5685730149916713,0.0,0.453020134228188,0.6420068027210885,1.012
0.8288288288288288,0.7555412785094764,0.5391591096455068,0.3985872855701312,0.6532258064516129,0.26354623011298134,0.18272528843155605,0.08928571428571427,0.7258604934511118,0.7088500563697857,0.69656283566058,0.44010416666666663,0.18602885345482156,0.4407806191117093,0.7796648044692738,0.41115311909262753,0.3270978086584714,0.734036646307607,0.0,0.22099712368168756,0.776077097505669,0.491
0.8298298298298298,0.6415033729521361,0.6319043693322339,0.6498486377396568,0.38155241935483875,0.646529859349781,0.31212971624571256,0.5798319327731093,0.29180627474870546,0.19419391206313408,0.5091299677765843,0.48263888888888884,0.2915717539863326,0.42193808882907136,0.5094972067039106,0.6162570888468808,0.45163014430785675,0.23098278734036648,0.0,0.4803451581975072,0.3517573696145125,0.59
0.8308308308308309,0.6527465467394796,0.5964550700741961,0.6720484359233098,0.45564516129032256,0.7454461609407425,0.31119426255067045,0.625,0.2851050868108437,0.137260428410372,0.4688506981740064,0.5164930555555556,0.37585421412300685,0.5592193808882907,0.4598882681564246,0.3128544423440453,0.5318011758417958,0.13881177123820104,0.0,0.5848513902205178,0.34580498866213155,0.344
0.8318318318318318,0.7349823321554769,0.2609233305853255,0.7381432896064581,0.37701612903225806,0.3343324878948582,0.4153414405986904,0.3755252100840336,0.5890953396283887,0.4895715896279593,0.5139634801288936,0.3637152777777778,0.35535307517084286,0.1534320323014805,0.6464804469273743,0.5321361058601134,0.31480491715660075,0.507495835646863,0.0,0.43480345158197514,0.5997732426303855,0.991
0.8328328328328328,0.5248955991005461,0.7320692497938993,0.4883955600403633,0.5962701612903225,0.7445238644224118,0.5282195198004366,0.8072478991596639,0.2710935120316783,0.14233370913190524,0.6036519871106337,0.47916666666666663,0.35990888382687936,0.7274562584118439,0.4020111731843575,0.603969754253308,0.5467664350614644,0.42642976124375354,0.0,0.5512943432406521,0.19557823129251706,0.43
0.8338338338338338,0.9338258914230646,0.3763396537510304,0.6755802219979818,0.49798387096774194,0.38344477749596495,0.18521983161833494,0.37762605042016806,0.4745659457812975,0.4160090191657271,0.374328678839957,0.01996527777777779,0.20728929384965833,0.16285329744279947,0.764245810055866,0.5604914933837428,0.2993051843933725,0.48084397556912833,0.0,0.2823585810162992,0.5943877551020409,0.913
0.8348348348348348,0.3976871185351751,0.4455894476504533,0.6210898082744702,0.407258064516129,0.6087157020982246,0.6426566884939197,0.5063025210084033,0.6201644837039293,0.38697857948139786,0.472610096670247,0.5217013888888888,0.5580865603644648,0.4515477792732167,0.3602234636871508,0.3610586011342154,0.6098343132014965,0.41588006662965027,0.0,0.5906040268456376,0.6190476190476191,0.803
0.8358358358358359,0.6803726309026662,0.7023907666941466,0.5595358224016145,0.3699596774193548,0.4154945815079548,0.34112878079201747,0.5042016806722689,0.5309168443496801,0.37880496054114987,0.7169709989258861,0.3446180555555555,0.3500379650721337,0.7624495289367429,0.6994413407821229,0.5075614366729678,0.43399251737039013,0.4891726818434204,0.0,0.2651006711409396,0.5504535147392291,0.767
0.8368368368368369,0.6806938644394473,0.6953833470733717,0.45913218970736625,0.6587701612903225,0.6456075628314504,0.31836607421265983,0.45693277310924374,0.40024367956137674,0.3204622322435174,0.4892588614393125,0.36197916666666663,0.1708428246013668,0.5753701211305519,0.5888268156424581,0.6843100189035916,0.5734901122394441,0.48306496390893955,0.0,0.5143815915627997,0.46938775510204084,0.581
0.8378378378378378,0.7301638291037583,0.4765045342126957,0.8289606458123107,0.5357862903225806,0.5787410652524787,0.35921421889616467,0.43119747899159666,0.46481876332622596,0.32158962795941365,0.3737916219119226,0.3793402777777778,0.3264996203492787,0.32436069986541055,0.528268156424581,0.49243856332703206,0.39764831640833775,0.39589117157134934,0.0,0.44343240651965493,0.4920634920634921,1.087
0.8388388388388388,0.7288788949566334,0.5387469084913437,0.7300706357214934,0.4274193548387097,0.4740604104219507,0.3557842220143437,0.49317226890756305,0.4051172707889126,0.32158962795941365,0.6294307196562835,0.4131944444444444,0.27107061503416857,0.4784656796769852,0.6567597765363128,0.47637051039697537,0.30358097274184925,0.4342032204330928,0.0,0.3365292425695111,0.49263038548752835,0.923
0.8398398398398398,0.3867651782846129,0.4439406430338003,0.4788092835519677,0.43497983870967744,0.6303896702789947,0.544745868412847,0.21165966386554624,0.6576302162656107,0.4487034949267192,0.27389903329752946,0.47135416666666663,0.5497342444950646,0.4663526244952894,0.2867039106145251,0.2693761814744801,0.6691608765366114,0.46307606885063857,0.0,0.7488015340364335,0.6598639455782314,0.274
0.8408408408408409,0.6376485705107613,0.41755976916735354,0.45913218970736625,0.546875,0.3707632003689186,0.3953850951044591,0.31407563025210083,0.6082851050868108,0.5989289740698984,0.5612244897959183,0.42447916666666663,0.3029612756264237,0.35666218034993274,0.666145251396648,0.603969754253308,0.35595938001068944,0.654636313159356,0.0,0.3489932885906041,0.622732426303855,0.514
0.8418418418418419,0.6639897205268229,0.6244847485572959,0.4308779011099899,0.5372983870967742,0.35323956652063637,0.2263797942001871,0.4317226890756303,0.5373134328358209,0.45687711386696717,0.7357679914070892,0.5538194444444444,0.28321943811693245,0.522207267833109,0.7126256983240223,0.5623818525519848,0.2602886157135222,0.5319267073847863,0.0,0.22051773729626079,0.5510204081632653,0.351
0.8428428428428428,0.7195631223899774,0.5713107996702389,0.7381432896064581,0.5241935483870968,0.449388978556606,0.3380106018085438,0.4149159663865547,0.4946695095948827,0.3776775648252536,0.593984962406015,0.4470486111111111,0.3371298405466971,0.37752355316285335,0.6518435754189944,0.6455576559546313,0.38268305718866913,0.42531926707384793,0.0,0.4880153403643337,0.55640589569161,0.886
0.8438438438438438,0.5894635399935754,0.5123660346248968,0.5221997981836528,0.2318548387096774,0.33709937744985013,0.40162145307140634,0.2542016806722689,0.7039293329272007,0.6716459977452085,0.6976369495166487,0.6180555555555555,0.29764616552771456,0.3936742934051144,0.584804469273743,0.49338374291115306,0.3810796365579904,0.6674069961132705,0.0,0.43480345158197514,0.7548185941043084,0.592
0.8448448448448448,0.6363636363636364,0.6228359439406429,0.8340060544904138,0.5383064516129032,0.7970947659672585,0.45525413158715317,0.5887605042016807,0.3125190374657326,0.12739571589627952,0.43501611170784094,0.4305555555555555,0.45178435839028097,0.6460296096904442,0.4252513966480447,0.4385633270321361,0.6060929983965793,0.17601332593003888,0.0,0.5862895493767978,0.31519274376417233,0.951
0.8458458458458459,0.33890138130420816,0.3746908491343775,0.5494450050454087,0.530241935483871,0.7479824763661518,0.7424384159650765,0.6790966386554622,0.48370392933292716,0.2167418263810597,0.3184747583243823,0.5460069444444444,0.6772968868640851,0.3041722745625841,0.22324022346368713,0.24574669187145554,0.7135221806520576,0.272071071626874,0.0,0.7972195589645255,0.40731292517006806,0.45
0.8468468468468469,0.5512367491166077,0.6257213520197855,0.6195761856710393,0.5549395161290323,0.6285450772423334,0.5154349859681946,0.4375,0.5711239719768504,0.3193348365276211,0.3909774436090225,0.3802083333333333,0.44115413819286264,0.6345895020188426,0.46435754189944134,0.4735349716446124,0.5628006413682523,0.41310383120488625,0.0,0.5340364333652925,0.5286281179138322,0.781
0.8478478478478478,0.8104722132990683,0.9060181368507829,0.5968718466195762,0.5665322580645161,0.8284528475905004,0.20268163392578736,0.8539915966386555,0.13402375875723416,0.0873731679819616,0.46670247046186886,0.2977430555555555,0.255125284738041,1.0,0.6759776536312849,0.609640831758034,0.5702832709780865,0.24430871737923376,0.0,0.3211888782358582,0.11309523809523803,0.289
0.8488488488488488,0.567619659492451,0.4777411376751854,0.6841574167507567,0.4501008064516129,0.421489508877104,0.499532273152479,0.22163865546218492,0.6957051477307341,0.5050732807215331,0.6611170784103114,0.4817708333333333,0.3697798025816249,0.46702557200538364,0.5427932960893855,0.6370510396975424,0.35435595938001063,0.5036091060521933,0.0,0.3820709491850432,0.6757369614512472,0.97
0.8498498498498498,0.6344362351429488,0.5284418796372629,0.5408678102926336,0.4964717741935484,0.5317039428176159,0.37012784533832244,0.6292016806722689,0.34846177276880896,0.1919391206313415,0.5870032223415682,0.4817708333333333,0.4373576309794989,0.3041722745625841,0.5606703910614526,0.41871455576559535,0.18760021378941744,0.26152137701277073,0.0,0.2857142857142858,0.35799319727891155,0.448
0.8508508508508509,0.7381946675232893,0.42662819455894463,0.6548940464177598,0.5,0.603643071247406,0.2550670408481447,0.5924369747899161,0.32957660676210787,0.262401352874859,0.26638023630504826,0.3524305555555555,0.26651480637813213,0.28129205921938094,0.5944134078212291,0.5359168241965973,0.4323890967397114,0.2881732370905053,0.0,0.4079578139980825,0.4197845804988662,0.575
0.8518518518518519,0.6957918406681657,0.44929925803792237,0.529263370332997,0.4848790322580645,0.5494581507954808,0.28437792329279704,0.4191176470588236,0.43892780992994207,0.33793686583990973,0.3866809881847475,0.3793402777777778,0.16400911161731202,0.3532974427994617,0.5394413407821229,0.4527410207939508,0.6055585248530198,0.3548028872848418,0.0,0.5393096836049857,0.5552721088435374,0.499
0.8528528528528528,0.5390298747189206,0.5226710634789776,0.6109989909182644,0.27268145161290325,0.538390592575513,0.4512004989086374,0.38235294117647056,0.4977155041120926,0.3866967305524238,0.5993555316863587,0.48871527777777773,0.35459377372817014,0.47711978465679683,0.44156424581005577,0.7240075614366729,0.3757349011223944,0.4519711271515825,0.0,0.40316395014381595,0.5192743764172336,0.787
0.8538538538538538,0.550273048506264,0.55358615004122,0.7255297679112007,0.560483870967742,0.5137191607101683,0.5915185531649517,0.13497899159663868,0.7484008528784648,0.6028748590755354,0.3780880773361976,0.40625,0.49278663629460906,0.41722745625841184,0.380558659217877,0.6814744801512287,0.6215927311598075,0.6568573014991672,0.0,0.5953978906999042,0.7497165532879819,1.098
0.8548548548548548,0.6517828461291358,0.3874690849134377,0.7330978809283553,0.5423387096774194,0.5782799169933134,0.44527595884003746,0.4375,0.4852269265915321,0.34160090191657266,0.29323308270676685,0.40104166666666663,0.3485193621867882,0.24562584118438768,0.48938547486033507,0.602079395085066,0.5072153928380545,0.33592448639644645,0.0,0.5752636625119847,0.5144557823129252,0.744
0.8558558558558559,0.6235142948923867,0.5090684253915909,0.3975782038345106,0.35131048387096775,0.4862808392898317,0.4000623635796695,0.3623949579831933,0.605543710021322,0.395715896279594,0.6385606874328679,0.4661458333333333,0.33181473044798787,0.36742934051144016,0.5401117318435754,0.5056710775047258,0.481560662747194,0.4747362576346475,0.0,0.46069031639501445,0.578514739229025,0.288
0.8568568568568569,0.5210407966591711,0.5882110469909314,0.43794147325933397,0.5831653225806451,0.6006456075628315,0.5244777050202682,0.4327731092436975,0.5516296070667073,0.3745772266065388,0.4586466165413533,0.328125,0.4965831435079727,0.49528936742934054,0.4817877094972067,0.4584120982986767,0.6739711384286478,0.4941699056079956,0.0,0.6577181208053692,0.5178571428571428,0.477
0.8578578578578578,0.6341150016061676,0.36933223413025545,0.6720484359233098,0.6945564516129032,0.486741987548997,0.4178359837854693,0.5546218487394958,0.3091684434968017,0.17981961668545654,0.5343716433941997,0.6015625,0.23993925588458626,0.2745625841184388,0.5863687150837988,0.4650283553875236,0.1806520577231427,0.3131593559133815,0.0,0.2142857142857144,0.31065759637188206,0.533
0.8588588588588588,0.423064567940893,0.5346248969497114,0.4313824419778002,0.4632056451612903,0.5655983398662671,0.5113813532896789,0.30304621848739494,0.6637222053000305,0.45462232243517464,0.5032223415682062,0.3958333333333333,0.5725132877752468,0.351278600269179,0.41206703910614517,0.2504725897920604,0.5783003741314805,0.5319267073847863,0.0,0.5781399808245447,0.6335034013605443,0.188
0.8598598598598598,0.4747831673626726,0.4484748557295959,0.5711402623612511,0.44606854838709675,0.6951810006917224,0.45806049267227944,0.3350840336134454,0.47974413646055436,0.37965050732807204,0.2910848549946294,0.5138888888888888,0.45178435839028097,0.2631224764468372,0.37698324022346363,0.5132325141776937,0.5756280064136825,0.3398112159911161,0.0,0.6409395973154364,0.5212585034013606,0.49
0.8608608608608609,0.6431095406360423,0.58037922506183,0.6685166498486377,0.5962701612903225,0.6347705787410652,0.4100405363267852,0.460609243697479,0.533658239415169,0.36612175873731667,0.27228786251342635,0.4157986111111111,0.3151100987091876,0.43606998654104984,0.5025698324022346,0.5652173913043478,0.6584714056654195,0.49583564686285403,0.0,0.5383509108341324,0.562358276643991,0.958
0.8618618618618619,0.7147446193382588,0.43528441879637253,0.6321897073662966,0.6028225806451613,0.40281300438090845,0.36732148425319616,0.28991596638655465,0.58026195552848,0.5191657271702367,0.45059076262083775,0.3185763888888889,0.25664388762338647,0.32436069986541055,0.6,0.5274102079395084,0.3848209513629075,0.5352581898945031,0.0,0.490412272291467,0.6267006802721089,0.81
0.8628628628628628,0.654673947960167,0.37180544105523483,0.7749747729566094,0.17590725806451613,0.7966336177080933,0.6314312441534145,0.7305672268907564,0.29515686871763636,0.2063134160090191,0.08270676691729317,0.3689236111111111,0.2915717539863326,0.2698519515477793,0.41094972067039104,0.34688090737240074,0.5547835382148584,0.20932815102720714,0.0,0.601150527325024,0.2675736961451247,0.95
0.8638638638638638,0.7597173144876325,0.4455894476504533,0.848637739656912,0.40877016129032256,0.5856582891399585,0.33645151231680703,0.5561974789915967,0.23027718550106613,0.22970687711386684,0.47851772287862504,0.49479166666666663,0.2733485193621868,0.3586810228802154,0.544804469273743,0.43100189035916814,0.3324425440940673,0.16879511382565243,0.0,0.47123681687440083,0.3880385487528345,1.248
0.8648648648648649,0.4147124959845808,0.4031327287716404,0.5454086781029264,0.826108870967742,0.4699100760894628,0.4851886498285002,0.2457983193277311,0.6408772464209564,0.5152198421645997,0.5988184747583243,0.6371527777777777,0.39559605163249817,0.38492597577388965,0.3700558659217877,0.4593572778827977,0.47675040085515763,0.5946696279844532,0.0,0.641418983700863,0.6944444444444444,0.619
0.8658658658658659,0.7147446193382588,0.31821929101401475,0.5252270433905146,0.420866935483871,0.20198293751441082,0.27658247583411294,0.3576680672268908,0.4998477002741395,0.4255918827508455,0.7712137486573576,0.4921875,0.4016704631738801,0.16890982503364743,0.7637988826815643,0.5453686200378071,0.0,0.32259855635757917,0.0,0.12032598274209028,0.5736961451247166,0.341
0.8668668668668669,0.5473819466752328,0.610469909315746,0.5176589303733602,0.43800403225806456,0.6340788563523173,0.44091050826317435,0.24264705882352938,0.5010660980810234,0.3421645997745208,0.5069817400644467,0.5112847222222222,0.3766135155656796,0.537685060565276,0.5036871508379888,0.49810964083175796,0.6370924639230358,0.46252082176568576,0.0,0.5527325023969321,0.5518707482993197,0.406
0.8678678678678678,0.5807902345004818,0.726298433635614,0.6220988900100908,0.3971774193548387,0.6061793866728153,0.4200187090739009,0.6570378151260505,0.3679561376789522,0.20659526493799318,0.5338345864661653,0.47482638888888884,0.3363705391040243,0.711978465679677,0.6002234636871507,0.2873345935727788,0.4297167290219134,0.3303720155469184,0.0,0.3930968360498563,0.3469387755102041,0.51
0.8688688688688688,0.4452296819787986,0.5828524319868095,0.6750756811301715,0.3125,0.5001152870647914,0.5413158715310259,0.13970588235294118,0.7642400243679561,0.5775084554678691,0.6348012889366272,0.4609375,0.5474563401670464,0.49528936742934054,0.45117318435754183,0.8043478260869564,0.5237840726884019,0.43142698500832877,0.0,0.6169702780441036,0.7633219954648526,1.06
0.8698698698698699,0.6476068101509798,0.7341302555647155,0.38395560040363264,0.11441532258064516,0.472446391514872,0.3018397256002495,0.23476890756302526,0.6670727992689613,0.5918827508455466,0.5848549946294307,0.3897569444444444,0.28321943811693245,0.6877523553162853,0.6715083798882682,0.6805293005671077,0.5136290753607696,0.6701832315380345,0.0,0.3120805369127517,0.6748866213151927,0.451
0.8708708708708709,0.6745904272406038,0.3858202802967847,0.4808274470232089,0.3704637096774194,0.3583121973714549,0.28936700966635487,0.3125,0.5610721900700579,0.48928974069898523,0.6084854994629431,0.3680555555555556,0.3113135914958239,0.3250336473755048,0.707709497206704,0.5122873345935727,0.2955638695884554,0.5585785674625209,0.0,0.3648130393096837,0.6377551020408163,0.362
0.8718718718718719,0.4622550594282043,0.6129431162407253,0.5206861755802219,0.7494959677419355,0.7747290753977404,0.5129404427814157,0.5709033613445378,0.3502893694791349,0.19363021420518595,0.3947368421052631,0.5208333333333333,0.3576309794988611,0.6177658142664872,0.38525139664804464,0.39603024574669177,0.6996258685195083,0.21377012770682957,0.0,0.6951102588686482,0.39399092970521543,0.349
0.8728728728728729,0.8760038548024414,0.48433635614179704,0.5191725529767911,0.654233870967742,0.20498040119898547,0.15185531649516681,0.3082983193277311,0.6201644837039293,0.5817361894024802,0.7615467239527389,0.2456597222222222,0.16097190584662113,0.3109017496635263,0.8583240223463687,0.25519848771266535,0.2870122928915019,0.6196557468073294,0.0,0.23681687440076704,0.7103174603174603,0.514
0.8738738738738738,0.63732733697398,0.4517724649629018,0.7088799192734612,0.17943548387096775,0.749135347014065,0.47708138447146875,0.7484243697478992,0.25434054218702407,0.10372040586245768,0.45273899033297527,0.4505208333333333,0.3477600607441155,0.42395693135935403,0.5479329608938547,0.49527410207939504,0.4981293425975414,0.1787895613548029,0.0,0.5057526366251199,0.2610544217687075,0.572
0.8748748748748749,0.3719884355926759,0.42621599340478145,0.5484359233097881,0.6068548387096775,0.6940281300438091,0.6261303398815092,0.8098739495798319,0.34358818154127324,0.1665727170236752,0.37969924812030065,0.6519097222222222,0.47304479878511774,0.3438761776581427,0.39061452513966477,0.18241965973534968,0.5462319615179048,0.17545807884508607,0.0,0.6260786193672101,0.33276643990929705,0.345
0.8758758758758759,0.8817860584645035,0.7337180544105522,0.6892028254288597,0.3240927419354839,0.47175466912612407,0.26722793888369195,0.7710084033613446,0.3908010965580262,0.31313416009019157,0.6584317937701396,0.1154513888888889,0.3302961275626424,0.6857335127860027,0.7852513966480447,0.6890359168241965,0.3858898984500267,0.510272071071627,0.0,0.1778523489932886,0.33390022675736963,0.894
0.8768768768768769,0.7124959845807902,0.5498763396537509,0.5600403632694249,0.7585685483870968,0.46783490892321883,0.3570314936077331,0.3429621848739496,0.580871154431922,0.5481961668545658,0.4607948442534908,0.32986111111111105,0.20880789673500383,0.626514131897712,0.502122905027933,0.8015122873345935,0.4751469802244789,0.6796224319822322,0.0,0.5604026845637584,0.6099773242630385,0.716
0.8778778778778779,0.542242210086733,0.4690849134377575,0.5282542885973764,0.3971774193548387,0.6967950195988011,0.43654505768631124,0.3739495798319328,0.43435881815412736,0.24520856820744075,0.3662728249194414,0.4210069444444444,0.4085041761579348,0.3660834454912517,0.43173184357541894,0.274102079395085,0.55264564404062,0.3548028872848418,0.0,0.5992329817833174,0.4793083900226758,0.309
0.8788788788788788,0.7516864760681015,0.6813685078318218,0.32290615539858725,0.595766129032258,0.3502421028360618,0.1836607421265981,0.4915966386554622,0.5263478525738654,0.4205186020293122,0.8796992481203008,0.47309027777777773,0.13819286256643892,0.5888290713324361,0.7617877094972068,0.5831758034026464,0.3083912346338856,0.5796779566907274,0.0,0.19415148609779487,0.5331632653061225,0.258
0.8798798798798799,0.5403148088660455,0.5107172300082439,0.4868819374369324,0.22681451612903225,0.45077242333410195,0.5232304334268788,0.17384453781512604,0.7660676210782821,0.6637542277339346,0.5171858216970998,0.41232638888888884,0.4016704631738801,0.45289367429340516,0.5620111731843576,0.7448015122873345,0.576162479957242,0.7779011660188785,0.0,0.5699904122722915,0.7525510204081632,0.725
0.8808808808808809,0.4294892386765178,0.4748557295960427,0.6781029263370333,0.5504032258064516,0.855199446622089,0.620829435609604,0.6213235294117647,0.30734084678647566,0.11273957158962788,0.374328678839957,0.5321180555555556,0.5094912680334094,0.43606998654104984,0.3249162011173184,0.46124763705103966,0.647247461250668,0.13992226540810665,0.0,0.75215723873442,0.29620181405895696,0.682
0.8818818818818819,0.6610986186957918,0.47609233305853244,0.5953582240161452,0.6784274193548387,0.5335485358542772,0.35266604303087,0.30147058823529416,0.48735912275357907,0.3393461104847801,0.41460794844253485,0.3246527777777778,0.31055429005315116,0.509421265141319,0.5955307262569832,0.3733459357277882,0.38802779262426507,0.39422543031649093,0.0,0.4098753595397891,0.5439342403628118,0.727
0.8828828828828829,0.622550594282043,0.40189612530915075,0.6791120080726538,0.36139112903225806,0.3470140650219045,0.3660742126598067,0.24842436974789917,0.721291501675297,0.6733370913190528,0.5392051557465091,0.39670138888888884,0.32194381169324227,0.3707940780619112,0.4967597765363128,0.4224952741020793,0.4810261892036344,0.6674069961132705,0.0,0.5522531160115054,0.7888321995464853,0.862
0.8838838838838838,0.7475104400899454,0.5783182192910139,0.5353178607467205,0.544858870967742,0.38044731381139035,0.17274711568444034,0.32195378151260506,0.4770027413950655,0.3579481397970687,0.7132116004296455,0.587673611111111,0.2224753227031132,0.42395693135935403,0.7217877094972066,0.5179584120982986,0.23837520042757881,0.39089394780677406,0.0,0.2713326941514862,0.5172902494331066,0.317
0.8848848848848849,0.8525538066174109,0.4690849134377575,0.5191725529767911,0.6265120967741935,0.37007147798017065,0.1917680074836296,0.5603991596638656,0.4249162351507767,0.3971251409244644,0.5864661654135338,0.2986111111111111,0.18906605922551256,0.5033647375504711,0.8118435754189943,0.611531190926276,0.29396044895777657,0.45696835091615773,0.0,0.21764141898370093,0.465702947845805,0.555
0.8858858858858859,0.542242210086733,0.4389942291838416,0.29162462159434915,0.7600806451612903,0.4655291676273922,0.36295603367633306,0.47163865546218486,0.43009442583003354,0.35625704622322424,0.5488721804511277,0.5946180555555555,0.39255884586180717,0.2779273216689099,0.6451396648044693,0.554820415879017,0.3270978086584714,0.4919489172681844,0.0,0.28523489932885915,0.4886621315192744,0.065
0.8868868868868869,0.700289110183103,0.5136026380873865,0.5595358224016145,0.5685483870967742,0.31265851971408803,0.25912067352666046,0.3240546218487395,0.605543710021322,0.5842728297632468,0.7228786251342642,0.35763888888888884,0.302201974183751,0.3048452220726784,0.630391061452514,0.5406427221172022,0.270978086584714,0.5008328706274293,0.0,0.3197507190795782,0.673469387755102,0.68
0.8878878878878879,0.5563764857051076,0.5243198680956306,0.4243188698284561,0.4178427419354839,0.5012681577127046,0.3791705643903961,0.3744747899159664,0.6454462381967713,0.48928974069898523,0.5091299677765843,0.49826388888888884,0.33105542900531515,0.4125168236877524,0.5027932960893855,0.5661625708884688,0.5611972207375735,0.5147140477512494,0.0,0.4755512943432407,0.6695011337868481,0.506
0.8888888888888888,0.369418567298426,0.36191261335531727,0.5953582240161452,0.2288306451612903,0.7532856813465529,0.7555347676956659,0.3650210084033614,0.558939993908011,0.2536640360766628,0.0859291084854994,0.4800347222222222,0.5208807896735004,0.3297442799461643,0.29072625698324017,0.4234404536862003,0.8049171566007483,0.39755691282620775,0.0,0.8020134228187921,0.4801587301587302,0.668
0.8898898898898899,0.8191455187921618,0.24361088211046983,0.7447023208879919,0.4546370967741935,0.5513027438321421,0.28843155597131276,0.39390756302521013,0.36704233932378916,0.23393461104847796,0.19763694951664867,0.33854166666666663,0.2095671981776766,0.23485868102288027,0.595977653631285,0.3733459357277882,0.37466595403527525,0.3642420877290395,0.0,0.4041227229146693,0.49489795918367346,0.753
0.8908908908908909,0.6485705107613233,0.38705688375927444,0.6261352169525731,0.45614919354838707,0.44085773576204745,0.4430932335516059,0.30987394957983194,0.6548888212001218,0.5312852311161217,0.5440386680988184,0.5494791666666666,0.2315869400151861,0.39703903095558546,0.4817877094972067,0.6540642722117201,0.5211117049706039,0.5741254858411994,0.0,0.5234899328859061,0.7043650793650794,1.005
0.8918918918918919,0.6084163186636684,0.5605935696619949,0.6871846619576185,0.5806451612903225,0.6218584274844363,0.3308387901465545,0.555672268907563,0.43070362473347545,0.24069898534385564,0.5042964554242749,0.41232638888888884,0.39255884586180717,0.3270524899057874,0.4724022346368715,0.5642722117202268,0.4874398717263495,0.325930038867296,0.0,0.576222435282838,0.5008503401360545,0.829
0.8928928928928929,0.5846450369418567,0.4542456718878811,0.43541876892028253,0.5267137096774193,0.5775881946045653,0.34424695977549113,0.5346638655462185,0.37343892780992993,0.173618940248027,0.4172932330827067,0.5503472222222222,0.2733485193621868,0.4064602960969045,0.5394413407821229,0.5576559546313798,0.532870122928915,0.37812326485285963,0.0,0.38974113135186966,0.397108843537415,0.048
0.8938938938938938,0.828782524895599,0.58037922506183,0.5020181634712411,0.3306451612903226,0.2072861424948121,0.24134705332086065,0.2605042016806723,0.7027109351203168,0.6440248027057496,0.8528464017185822,0.2552083333333333,0.2027334851936219,0.5524899057873486,0.798659217877095,0.6266540642722116,0.23516835916622125,0.7534702942809551,0.0,0.14621284755512942,0.689625850340136,0.834
0.8948948948948949,0.38515901060070673,0.4649629018961252,0.5307769929364279,0.5831653225806451,0.8607332257320729,0.6810102899906456,0.8497899159663866,0.14986293024672548,0.050732807215332465,0.42051557465091294,0.6944444444444444,0.5201214882308277,0.3196500672947511,0.40290502793296085,0.7306238185255198,0.5451630144307856,0.10161021654636315,0.0,0.6054650047938639,0.09098639455782309,0.197
0.8958958958958959,0.8442017346610985,0.5671887881286066,0.6024217961654894,0.4954637096774194,0.4823610790869265,0.16744621141253507,0.3702731092436975,0.5549802010356382,0.4811161217587372,0.4189044038668098,0.2734375,0.05239179954441919,0.4286675639300135,0.6663687150837989,0.5189035916824196,0.5227151256012827,0.4952803997779012,0.0,0.3974113135186962,0.6369047619047619,0.713
0.8968968968968969,0.6739479601670414,0.6290189612530914,0.5010090817356205,0.45514112903225806,0.4392437168549689,0.23043342687870288,0.3797268907563025,0.4517209869022236,0.3841600901916572,0.7089151450053706,0.5373263888888888,0.1503416856492028,0.6164199192462988,0.6902793296089385,0.48393194706994325,0.3083912346338856,0.5119378123264854,0.0,0.21140939597315445,0.5235260770975056,0.408
0.8978978978978979,0.6097012528107933,0.48062654575432795,0.7225025227043389,0.5892137096774193,0.49780954576896475,0.4381041471780481,0.3739495798319328,0.5747791653975023,0.4030439684329199,0.5655209452201932,0.5503472222222222,0.36522399392558846,0.32839838492597584,0.5146368715083799,0.4688090737240075,0.4783538214858364,0.4353137146029984,0.0,0.415627996164909,0.6037414965986395,0.751
0.8988988988988988,0.7507227754577577,0.5795548227535036,0.874369323915237,0.20161290322580644,0.5808162324187226,0.3844714686623013,0.49369747899159666,0.5427962229667986,0.3382187147688838,0.43877551020408156,0.4340277777777778,0.34396355353075175,0.8055181695827726,0.6033519553072626,0.7466918714555765,0.5136290753607696,0.4641865630205442,0.0,0.3441994247363375,0.5266439909297052,1.217
0.8998998998998999,0.6488917442981047,0.9999999999999998,0.4581231079717457,0.611391129032258,0.5651371916071017,0.2438415965076396,0.4107142857142857,0.5080718854706061,0.3833145434047349,0.780343716433942,0.6024305555555555,0.22475322703113143,0.8849259757738897,0.5859217877094972,0.4792060491493383,0.5665419561731694,0.5796779566907274,0.0,0.46021093000958785,0.5354308390022675,0.406
0.9009009009009009,0.4288467716029553,0.49299258037922494,0.5766902119071644,0.4939516129032258,0.7339174544616095,0.5229186155285314,0.39495798319327735,0.44623819677124577,0.28974069898534377,0.35982814178302897,0.5659722222222222,0.3971146545178436,0.49125168236877526,0.27977653631284916,0.5321361058601134,0.6638161411010155,0.34869516935036093,0.0,0.8168744007670183,0.47845804988662133,0.281
0.9019019019019019,0.295856087375522,0.4480626545754327,0.34561049445005043,0.19959677419354838,0.5243255706709707,0.48924228250701596,0.24264705882352938,0.6634176058483094,0.4650507328072152,0.46670247046186886,0.6909722222222222,0.5018982536066819,0.3714670255720054,0.4183240223463687,0.4272211720226843,0.5146980224478888,0.38867295946696284,0.0,0.5201342281879195,0.6697845804988662,-0.177
0.9029029029029029,0.39479601670414394,0.6046990931574607,0.4919273461150353,0.39264112903225806,0.5017293059718699,0.5706267539756783,0.21165966386554624,0.8726774291806274,0.6321871476888387,0.5531686358754028,0.5390625,0.5360668185269553,0.5430686406460297,0.38525139664804464,0.6228733459357277,0.6071619454836985,0.6451971127151583,0.0,0.6438159156279962,0.816609977324263,0.643
0.9039039039039038,0.653389013813042,0.6137675185490518,0.5973763874873865,0.5584677419354839,0.23749135347014066,0.26722793888369195,0.003676470588235309,0.8879074017666768,0.8207440811724914,0.6766917293233082,0.3958333333333333,0.4054669703872438,0.5067294751009421,0.6464804469273743,0.603024574669187,0.356493853554249,0.7495835646862855,0.0,0.3662511984659636,0.9277210884353742,0.899
0.9049049049049049,0.812720848056537,0.6075845012366033,0.77598385469223,0.4591733870967742,0.37214664514641455,0.34549423136888063,0.3923319327731093,0.5781297593664332,0.5211386696730551,0.6455424274973147,0.2534722222222222,0.18526955201214884,0.5995962314939435,0.6060335195530726,0.604914933837429,0.39978621058257613,0.626318711826763,0.0,0.4817833173537872,0.6193310657596371,1.37
0.9059059059059059,0.4927722454224221,0.3647980214344599,0.5045408678102926,0.707157258064516,0.6767350703251096,0.4870595572185844,0.4784663865546219,0.4215656411818459,0.2387260428410371,0.4108485499462943,0.47482638888888884,0.38041002277904334,0.29407806191117103,0.4151955307262569,0.5368620037807182,0.5558524853019775,0.24264297612437535,0.0,0.6299137104506233,0.4665532879818594,0.392
0.9069069069069069,0.41310632830067456,0.36768342951360256,0.4656912209889001,0.3432459677419355,0.5838136961032973,0.5541004053632679,0.17542016806722688,0.6515382272311909,0.5014092446448702,0.5042964554242749,0.6614583333333333,0.4745634016704632,0.33849259757738903,0.3633519553072625,0.7069943289224951,0.6440406199893105,0.5391449194891728,0.0,0.6577181208053692,0.6865079365079365,0.336
0.9079079079079079,0.6334725345326052,0.519785655399835,0.5560040363269425,0.592741935483871,0.5469218353700716,0.34518241347053324,0.6297268907563026,0.27566250380749313,0.2040586245772265,0.5633727175080558,0.5234375,0.3743356112376614,0.3546433378196501,0.7233519553072626,0.4669187145557655,0.3981827899518974,0.28039977790116605,0.0,0.2214765100671141,0.30980725623582767,0.351
0.9089089089089089,0.7748152907163508,0.4851607584501235,0.4167507568113017,0.3971774193548387,0.4014295596034125,0.2132834424695978,0.3702731092436975,0.49649710630520866,0.4678692220969559,0.6009667024704618,0.29166666666666663,0.1678056188306758,0.29407806191117103,0.6851396648044693,0.5992438563327032,0.43185462319615175,0.5369239311493615,0.0,0.41275167785234906,0.5773809523809523,0.429
0.9099099099099099,0.44458721490523617,0.48103874690849124,0.503531786074672,0.4637096774193548,0.5291676273922066,0.5700031181789835,0.3555672268907563,0.6765153822723119,0.3971251409244644,0.5628356605800214,0.5694444444444444,0.577828397873956,0.4347240915208614,0.5065921787709498,0.5236294896030245,0.4366648850881881,0.30649639089394787,0.0,0.4362416107382551,0.6513605442176871,0.532
0.9109109109109109,0.7812399614519756,0.4962901896125308,0.8688193743693238,0.38860887096774194,0.7076320036891861,0.42469597754911137,0.8209033613445378,0.1206213828815107,0.12711386696730548,0.32760472610096664,0.2013888888888889,0.2892938496583144,0.47913862718707945,0.6243575418994413,0.7315689981096407,0.36557990379476213,0.24541921154913937,0.0,0.40460210930009594,0.13747165532879824,1.057
0.9119119119119119,0.6353999357532926,0.7151690024732068,0.34561049445005043,0.45816532258064513,0.42264237952501726,0.1802307452447771,0.4017857142857143,0.5263478525738654,0.3492108229988725,0.7674543501611171,0.5043402777777778,0.21032649962034933,0.5450874831763123,0.6949720670391062,0.2684310018903591,0.430251202565473,0.39922265408106616,0.0,0.38830297219558974,0.5649092970521542,0.164
0.9129129129129129,0.6019916479280436,0.36768342951360256,0.5893037336024218,0.420866935483871,0.6935669817846438,0.37729965700031187,0.7305672268907564,0.2141334145598538,0.1417700112739571,0.21267454350161108,0.5338541666666666,0.2627182991647684,0.4091520861372813,0.6286033519553073,0.4120982986767485,0.376269374665954,0.13603553581343703,0.0,0.428092042186002,0.24064625850340138,0.221
0.9139139139139139,0.6318663668486989,0.7110469909315744,0.6584258324924319,0.35030241935483875,0.5056490661747752,0.38135328967882764,0.26785714285714285,0.6701187937861712,0.6288049605411499,0.5408163265306122,0.2786458333333333,0.23993925588458626,0.6110363391655451,0.4817877094972067,0.7117202268431001,0.6541956173169428,0.7051637978900611,0.0,0.5086289549376799,0.7120181405895691,0.944
0.914914914914915,0.6906521040796659,0.6570486397361911,0.6316851664984864,0.25806451612903225,0.44062716163246485,0.28188338010601816,0.4243697478991597,0.47578434358818156,0.4427846674182637,0.6895810955961331,0.24913194444444442,0.3849658314350798,0.44885598923283987,0.6746368715083799,0.6001890359168242,0.22715125601282732,0.4736257634647419,0.0,0.25743048897411314,0.5155895691609977,0.793
0.9159159159159159,0.9196916158046899,0.5284418796372629,0.8355196770938447,0.35030241935483875,0.4765967258473599,0.1874025569067665,0.5745798319327732,0.2659153213524216,0.26042841037204045,0.4554242749731471,0.2013888888888889,0.15186028853454825,0.3391655450874832,0.7865921787709497,0.8459357277882796,0.15873864243719932,0.35369239311493617,0.0,0.19175455417066167,0.3381519274376418,0.895
0.9169169169169169,0.7757789913266945,0.4476504534212694,0.8007063572149344,0.2857862903225806,0.5026516024902006,0.4000623635796695,0.36449579831932777,0.4843131282363692,0.3903607666290867,0.36573576799140706,0.25,0.25664388762338647,0.39569313593539707,0.6699441340782123,0.6833648393194707,0.3415285943345804,0.4558578567462521,0.0,0.36960690316395023,0.5116213151927438,1.258
0.9179179179179179,0.4702858978477353,0.7444352844187963,0.5338042381432896,0.22731854838709678,0.6442241180539544,0.3610851262862489,0.40388655462184875,0.5123362777947,0.30890642615558056,0.7465091299677765,0.595486111111111,0.4328018223234624,0.6541049798115748,0.42033519553072624,0.4621928166351606,0.4949225013361838,0.32148806218767356,0.0,0.5177372962607862,0.4895124716553288,0.182
0.9189189189189189,0.6912945711532283,0.4727947238252266,0.631180625630676,0.3225806451612903,0.41803089693336404,0.3467415029622701,0.07615546218487396,0.6865671641791045,0.5783540022547913,0.4844253490870032,0.3090277777777778,0.22779043280182237,0.4663526244952894,0.5908379888268156,0.3516068052930056,0.49385355424906463,0.6896168795113826,0.0,0.36960690316395023,0.7514172335600907,0.95
0.91991991991992,0.7157083199486025,0.5189612530915085,0.6301715438950555,0.6743951612903225,0.5231727000230575,0.38135328967882764,0.48371848739495804,0.49253731343283585,0.37288613303269436,0.556390977443609,0.3272569444444444,0.29536826119969634,0.4502018842530283,0.576536312849162,0.5850661625708884,0.327632282202031,0.4092171016102166,0.0,0.29242569511025895,0.4895124716553288,0.679
0.9209209209209209,0.5480244137487953,0.3594394064303379,0.6367305751765893,0.483366935483871,0.726077934055799,0.6130339881509199,0.6439075630252101,0.349680170575693,0.1651634723788049,0.3023630504833512,0.5546875,0.4016704631738801,0.284656796769852,0.4607821229050279,0.4045368620037807,0.5884553714591128,0.20488617434758472,0.0,0.6131351869606904,0.3273809523809524,0.498
0.9219219219219219,0.5602312881464824,0.47897774113767505,0.7003027245206861,0.19556451612903225,0.7744985012681578,0.5201122544434051,0.680672268907563,0.32409381663113,0.2015219842164599,0.29806659505907623,0.3125,0.3576309794988611,0.4454912516823688,0.4078212290502793,0.6172022684310018,0.6258685195082843,0.18378678511937813,0.0,0.663470757430489,0.34892290249433106,0.674
0.9229229229229229,0.783167362672663,0.4439406430338003,0.656912209889001,0.5942540322580645,0.6559833986626701,0.2952915497349548,0.5850840336134454,0.2704843131282363,0.22406989853438547,0.28464017185821694,0.3046875,0.08807896735003795,0.30349932705248994,0.590391061452514,0.4442344045368619,0.44147514698022444,0.3131593559133815,0.0,0.45493767976989463,0.3253968253968254,0.784
0.9239239239239239,0.7250240925152585,0.4163231657048639,0.5665993945509586,0.47580645161290325,0.6105602951348859,0.3077642656688494,0.6706932773109243,0.2406335668595796,0.21815107102593,0.42857142857142855,0.34375,0.2657555049354594,0.41049798115746977,0.6663687150837989,0.7551984877126653,0.44254409406734363,0.2570794003331483,0.0,0.35666347075743055,0.29648526077097515,0.402
0.924924924924925,0.6582075168647606,0.2745259686727122,0.4863773965691221,0.38004032258064513,0.4742909845515333,0.4031805425631432,0.4721638655462185,0.36704233932378916,0.3196166854565952,0.35982814178302897,0.4210069444444444,0.2482915717539863,0.27119784656796775,0.6625698324022347,0.40831758034026455,0.38268305718866913,0.357023875624653,0.0,0.40891658676893583,0.4418934240362812,0.254
0.9259259259259259,0.7141021522646964,0.5948062654575431,0.6700302724520686,0.7454637096774193,0.47175466912612407,0.3090115372622389,0.40388655462184875,0.6372220530003045,0.5634160090191657,0.355531686358754,0.2543402777777778,0.322703113135915,0.5047106325706595,0.6031284916201117,0.6153119092627598,0.5179048637092464,0.6340921710161023,0.0,0.5234899328859061,0.6649659863945578,0.88
0.9269269269269269,0.5734018631545134,0.4340478153338828,0.715438950554995,0.3538306451612903,0.6914918146183998,0.5456813221078891,0.4506302521008404,0.3649101431617423,0.2294250281848928,0.2808807733619763,0.32552083333333337,0.43204252088078976,0.33310901749663535,0.444022346368715,0.3015122873345935,0.6162479957242116,0.39033870072182125,0.0,0.6869606903163951,0.4407596371882086,0.91
0.9279279279279279,0.8737552200449726,0.6652926628194558,0.8304742684157418,0.46622983870967744,0.355545307816463,0.2553788587464921,0.2977941176470589,0.5610721900700579,0.44560315670800443,0.729860365198711,0.1796875,0.2908124525436599,0.6170928667563931,0.8415642458100558,0.60586011342155,0.23356493853554244,0.510272071071627,0.0,0.10067114093959739,0.5904195011337868,1.321
0.9289289289289289,0.5268230003212335,0.669414674361088,0.4475277497477296,0.2409274193548387,0.792713857505188,0.4381041471780481,0.5656512605042017,0.4240024367956138,0.1386696730552423,0.5128893662728249,0.5182291666666666,0.38800303720577073,0.626514131897712,0.40536312849162004,0.3620037807183364,0.6092998396579369,0.17601332593003888,0.0,0.5848513902205178,0.397108843537415,0.268
0.92992992992993,0.4317378734339865,0.4793899422918383,0.631180625630676,0.3397177419354839,0.6506801936822689,0.6245712503897725,0.4154411764705882,0.5248248553152604,0.1984216459977451,0.4124597207303974,0.4756944444444444,0.5064540622627184,0.35666218034993274,0.36469273743016756,0.24858223062381846,0.544628540887226,0.26929483620211,0.0,0.5680728667305849,0.5014172335600907,0.635
0.9309309309309309,0.5888210729200127,0.5181368507831821,0.5201816347124117,0.3714717741935484,0.3788332949043117,0.23604614904895543,0.20483193277310924,0.557112397197685,0.5014092446448702,0.6954887218045113,0.5685763888888888,0.26803340926347763,0.38358008075370126,0.5508379888268157,0.4243856332703213,0.2982362373062533,0.4586340921710162,0.0,0.43336529242569516,0.6544784580498866,0.501
0.9319319319319319,0.6794089302923224,0.42126957955482264,0.5428859737638749,0.5393145161290323,0.5116439935439244,0.2868724664795759,0.39548319327731096,0.4730429485226927,0.3018602029312287,0.5252416756176155,0.626736111111111,0.35535307517084286,0.39569313593539707,0.7381005586592179,0.5321361058601134,0.378941742383752,0.28428650749583567,0.0,0.20421860019175453,0.481859410430839,0.101
0.9329329329329329,0.6488917442981047,0.39035449299258024,0.6347124117053481,0.1814516129032258,0.5699792483283376,0.4038041783598379,0.5178571428571429,0.41151385927505335,0.2832581736189402,0.4232008592910848,0.3185763888888889,0.37813211845102507,0.29340511440107675,0.5781005586592178,0.5028355387523629,0.39764831640833775,0.28373126041088287,0.0,0.4185043144774689,0.4384920634920635,0.404
0.933933933933934,0.7436556376485705,0.4534212695795547,0.7225025227043389,0.4168346774193548,0.421489508877104,0.4309323355160587,0.35976890756302526,0.6165092902832774,0.4709695603156707,0.46777658431793767,0.3211805555555556,0.29764616552771456,0.47711978465679683,0.703463687150838,0.5897920604914932,0.5093532870122929,0.580788450860633,0.0,0.4012464046021094,0.6062925170068028,0.989
0.934934934934935,0.7288788949566334,0.6582852431986808,0.6316851664984864,0.748991935483871,0.5409269080009224,0.33707514811350175,0.3686974789915966,0.5281754492841912,0.35146561443066504,0.6611170784103114,0.6024305555555555,0.2908124525436599,0.5861372812920592,0.6484916201117318,0.5037807183364839,0.44788882950293957,0.39700166574125495,0.0,0.33461169702780447,0.5011337868480725,0.655
0.9359359359359359,0.47446193382589147,0.5449299258037921,0.6796165489404642,0.502016129032258,0.803550841595573,0.5313376987839102,0.763655462184874,0.20865062442887605,0.10512965050732803,0.3678839957035445,0.5078125,0.4191343963553531,0.6695827725437415,0.47351955307262567,0.49432892249527405,0.49919828968466057,0.12270960577456969,0.0,0.49808245445829347,0.19075963718820854,0.5
0.9369369369369369,0.7173144876325087,0.41096455070074184,0.5771947527749748,0.4994959677419355,0.5510721697025593,0.3766760212036171,0.37184873949579833,0.4782211392019494,0.32835400225479133,0.40118152524167555,0.3038194444444444,0.18526955201214884,0.2886944818304173,0.5582122905027933,0.4291115311909262,0.43452699091394975,0.436424208772904,0.0,0.40076701821668276,0.5532879818594104,0.624
0.9379379379379379,0.7568262126566013,0.4480626545754327,0.8052472250252269,0.3316532258064516,0.4454692183537007,0.3523542251325227,0.46691176470588236,0.42643923240938164,0.3909244644870349,0.5494092373791621,0.4192708333333333,0.26651480637813213,0.4273216689098251,0.6969832402234637,0.5982986767485822,0.32816675574559057,0.4397556912826208,0.0,0.3135186960690317,0.47647392290249435,0.998
0.938938938938939,0.9168005139736587,0.6801319043693321,0.5176589303733602,0.2399193548387097,0.3922065944201061,0.1796071094480824,0.40808823529411764,0.5211696618946086,0.49661781285231105,0.5762620837808807,0.07552083333333337,0.1586940015186029,0.4845222072678331,0.8543016759776536,0.6493383742911152,0.396044895777659,0.5519156024430872,0.0,0.23777564717162036,0.5762471655328798,0.651
0.93993993993994,0.7263090266623834,0.3157460840890354,0.9364278506559032,0.483366935483871,0.790638690338944,0.5784222014343624,1.0,0.05086810843740486,0.0,0.16863587540279268,0.3793402777777778,0.3766135155656796,0.28802153432032307,0.6326256983240223,0.6417769376181474,0.3597006948156066,0.05663520266518601,0.0,0.32454458293384475,0.011054421768707523,0.93
0.9409409409409409,0.5769354320591069,0.637262984336356,0.58627648839556,0.3472782258064516,0.7101683191145953,0.44621141253507957,0.42279411764705876,0.3990252817544928,0.28523111612175867,0.44307196562835655,0.4583333333333333,0.35535307517084286,0.4024226110363392,0.39709497206703903,0.3156899810964082,0.7306253340459646,0.4175458078845087,0.0,0.7713326941514862,0.4710884353741497,0.624
0.9419419419419419,0.44073241246386125,0.5552349546578729,0.6387487386478304,0.47731854838709675,0.5360848512796864,0.4823822887433739,0.35294117647058826,0.6448370392933294,0.516347237880496,0.48818474758324376,0.4973958333333333,0.5930144267274109,0.4946164199192463,0.3633519553072625,0.5964083175803402,0.5649385355424906,0.4775124930594115,0.0,0.6380632790028764,0.6882086167800454,0.787
0.9429429429429429,0.5589463539993574,0.2695795548227534,0.5590312815338042,0.20514112903225806,0.6419183767581278,0.522606797630184,0.671218487394958,0.3094730429485226,0.19109357384441927,0.20300751879699241,0.4600694444444444,0.44115413819286264,0.19582772543741594,0.5030167597765364,0.4470699432892249,0.46819882415820413,0.28983897834536376,0.0,0.5858101629913711,0.30498866213151926,0.482
0.943943943943944,0.17507227754577576,0.6187139323990106,0.6841574167507567,0.5100806451612903,0.8939359003919761,0.8609292173370753,0.286764705882353,0.699055741699665,0.38923337091319044,0.4360902255639097,0.6961805555555555,0.6818526955201215,0.5248990578734859,0.07843575418994413,0.49527410207939504,1.0,0.4214325374791783,0.0,0.9640460210930011,0.6207482993197279,0.799
0.944944944944945,0.5438483777706392,0.423742786479802,0.6427850655903128,0.5549395161290323,0.6656675121051419,0.483317742438416,0.42647058823529416,0.3880597014925373,0.2277339346110484,0.26799140708915137,0.41666666666666663,0.580865603644647,0.2954239569313594,0.4983240223463686,0.49527410207939504,0.5398182789951897,0.2343142698500833,0.0,0.5882070949185044,0.4350907029478458,0.503
0.9459459459459459,0.3151300995823964,0.5206100577081615,0.6200807265388497,0.46068548387096775,0.7113211897625087,0.6096039912690989,0.2830882352941177,0.58026195552848,0.3627395715896279,0.4124597207303974,0.43229166666666663,0.6051632498101747,0.38559892328398393,0.2558659217877095,0.38185255198487705,0.7177979690005344,0.3692393114936147,0.0,0.8168744007670183,0.6023242630385488,0.652
0.9469469469469469,0.31866366848699,0.6125309150865621,0.560544904137235,0.3170362903225806,0.5566059488125432,0.5812285625194887,0.3960084033613446,0.6573256168138897,0.45405862457722646,0.715359828141783,0.5625,0.6567957479119211,0.3216689098250337,0.3135195530726257,0.40926275992438554,0.5195082843399251,0.39478067740144374,0.0,0.7224352828379674,0.6241496598639455,0.496
0.9479479479479479,0.5576614198522325,0.6018136850783181,0.5913218970736629,0.5262096774193548,0.5577588194604566,0.378235110695354,0.42279411764705876,0.5272616509290283,0.3813416009019165,0.5069817400644467,0.5859375,0.46089597570235386,0.5841184387617766,0.5287150837988827,0.6209829867674858,0.5173703901656868,0.40033314825097177,0.0,0.4693192713326942,0.5286281179138322,0.222
0.948948948948949,0.6061676839061998,0.5049464138499586,0.5887991927346115,0.7787298387096775,0.5390823149642611,0.40816962893670106,0.6323529411764706,0.326530612244898,0.25225479143179247,0.5021482277121374,0.5815972222222222,0.2892938496583144,0.576043068640646,0.6315083798882681,0.5954631379962192,0.41688936397648313,0.34925041643531374,0.0,0.3791946308724833,0.3761337868480726,0.679
0.94994994994995,0.5531641503372952,0.4649629018961252,0.8148335015136225,0.5287298387096775,0.5536084851279687,0.5126286248830684,0.4332983193277311,0.5470606152908924,0.35259301014656136,0.5590762620837808,0.578125,0.3591495823842066,0.2954239569313594,0.4446927374301676,0.4678638941398865,0.4799572421165152,0.3120488617434759,0.0,0.6184084372003836,0.5796485260770975,1.161
0.950950950950951,0.693543205910697,0.2221764220939818,0.458627648839556,0.7127016129032258,0.7203135808162324,0.4343623323978797,0.6313025210084033,0.2445933597319524,0.13162344983089058,0.11117078410311487,0.3706597222222222,0.27790432801822323,0.15814266487214002,0.6310614525139665,0.38468809073724,0.581507215392838,0.23153803442531928,0.0,0.4525407478427613,0.264172335600907,0.093
0.9519519519519519,0.7719241888853197,0.7807089859851606,0.7068617558022199,0.33618951612903225,0.2483283375605257,0.2142188961646399,0.33665966386554624,0.7027109351203168,0.7209695603156707,0.7116004296455424,0.33246527777777773,0.27258921791951407,0.6507402422611036,0.7396648044692737,0.48204158790170126,0.2656333511491181,0.6796224319822322,0.0,0.24544582933844683,0.7120181405895691,1.212
0.9529529529529529,0.725666559588821,0.3528441879637262,0.8027245206861755,0.05141129032258064,0.46091768503573904,0.42407234175241665,0.5,0.3795309168443496,0.2815670800450958,0.5617615467239527,0.33767361111111105,0.23386484434320431,0.26244952893674295,0.5801117318435755,0.5671077504725897,0.293425975414217,0.33647973348139926,0.0,0.4717162032598275,0.43253968253968256,0.852
0.953953953953954,0.6097012528107933,0.3689200329760922,0.74117053481332,0.6234879032258065,0.6714318653447083,0.5450576863111943,0.5351890756302521,0.5001522997258605,0.2539458850056369,0.1450053705692803,0.22482638888888884,0.5208807896735004,0.15881561238223418,0.38592178770949714,0.2920604914933837,0.5681453768038481,0.21488062187673523,0.0,0.7583892617449666,0.48441043083900226,0.856
0.954954954954955,0.5788628332797943,0.4884583676834294,0.6685166498486377,0.4495967741935484,0.6513719160710169,0.41159962581852205,0.43960084033613445,0.4617727688090161,0.2719842164599774,0.42373791621911916,0.4461805555555556,0.4889901290812453,0.5437415881561238,0.4706145251396648,0.2873345935727788,0.5750935328701229,0.32870627429206,0.0,0.5982742090124641,0.48384353741496594,0.648
0.955955955955956,0.8300674590427239,0.6215993404781532,0.6200807265388497,0.5473790322580645,0.6038736453769887,0.2142188961646399,0.5887605042016807,0.3682607371306732,0.1527621195039458,0.5687432867883995,0.2925347222222222,0.2065299924069856,0.6009421265141319,0.8029050279329608,0.4527410207939508,0.5045430251202565,0.31704608550805113,0.0,0.35522531160115056,0.3321995464852608,0.526
0.9569569569569569,0.5419209765499517,0.6253091508656223,0.48385469223007066,0.59375,0.5847359926216279,0.4873713751169318,0.4679621848739496,0.4934511117879988,0.36076662908680934,0.44951664876476904,0.4487847222222222,0.4335611237661352,0.5646029609690444,0.5173184357541899,0.6351606805293005,0.532870122928915,0.38200999444752926,0.0,0.4985618408437201,0.4883786848072562,0.601
0.9579579579579579,0.35496305814327017,0.5688375927452596,0.832996972754793,0.608366935483871,0.790638690338944,0.6975366386030559,0.48004201680672265,0.37374352726165094,0.11583990980834263,0.5751879699248119,0.6527777777777777,0.5580865603644648,0.3620457604306865,0.2824581005586592,0.3175803402646502,0.6098343132014965,0.20544142143253752,0.0,0.616490891658677,0.3948412698412699,0.833
0.958958958958959,0.5236106649534211,0.22547403132728766,0.8234106962663976,0.5650201612903226,0.5619091537929445,0.5169940754599315,0.3503151260504202,0.4977155041120926,0.3579481397970687,0.29323308270676685,0.41232638888888884,0.3849658314350798,0.07604306864064608,0.3727374301675977,0.33459357277882795,0.5216461785141635,0.3592448639644642,0.0,0.6692233940556089,0.5804988662131519,0.873
0.95995995995996,0.4057179569547061,0.4925803792250617,0.4394550958627649,0.6869959677419355,0.6762739220659443,0.5799812909260992,0.43592436974789917,0.5367042339323789,0.31482525366403596,0.4248120300751879,0.540798611111111,0.5254365983295368,0.541049798115747,0.31061452513966475,0.2504725897920604,0.5638695884553714,0.3303720155469184,0.0,0.666347075743049,0.5087868480725624,0.17
0.960960960960961,0.5740443302280758,0.3726298433635613,0.5590312815338042,0.4778225806451613,0.3410191376527553,0.47770502026816347,0.4375,0.5644227840389888,0.4890078917700112,0.7132116004296455,0.48697916666666663,0.5512528473804101,0.1029609690444146,0.5575418994413408,0.4896030245746691,0.2180652057723142,0.4514158800666297,0.0,0.3815915627996166,0.6102607709750567,0.827
0.9619619619619619,0.6704143912624477,0.4373454245671887,0.6755802219979818,0.28629032258064513,0.48881715471524095,0.4565014031805426,0.645483193277311,0.5035028936947914,0.36414881623449824,0.5843179377013963,0.3177083333333333,0.3059984813971147,0.4549125168236878,0.5193296089385475,0.6483931947069943,0.4441475146980224,0.5091615769017214,0.0,0.4477468839884948,0.4566326530612245,0.797
0.9629629629629629,0.6514616125923547,0.5601813685078316,0.5116044399596367,0.6023185483870968,0.47728844823610794,0.35827876520112256,0.25157563025210083,0.6600670118793786,0.5031003382187147,0.5499462943071965,0.3098958333333333,0.38268792710706157,0.5713324360699865,0.5077094972067039,0.44139886578449894,0.593265633351149,0.5147140477512494,0.0,0.5186960690316396,0.6746031746031746,0.698
0.963963963963964,0.630581432701574,0.41384995877988445,0.8657921291624622,0.5871975806451613,0.4330182153562371,0.48425319613345813,0.25945378151260506,0.6941821504721292,0.613303269447576,0.4838882921589688,0.5494791666666666,0.37965072133637057,0.30551816958277256,0.4730726256983239,0.41965973534971635,0.45002672367717794,0.5402554136590784,0.0,0.5302013422818792,0.7573696145124716,1.636
0.964964964964965,0.8821072920012849,0.39035449299258024,0.711907164480323,0.4264112903225807,0.2919068480516486,0.10508263174306204,0.053046218487394964,0.6283886689003959,0.8083427282976323,0.3609022556390977,0.09461805555555552,0.11996962794229316,0.16016150740242263,0.6080446927374301,0.7315689981096407,0.2725815072153928,0.7429205996668519,0.0,0.36385426653883035,0.8191609977324263,1.045
0.965965965965966,0.21072920012849344,0.6030502885408078,0.6786074672048437,0.3170362903225806,0.6868803320267466,0.7614593077642657,0.32510504201680673,0.627779469996954,0.3900789177001126,0.5042964554242749,0.525173611111111,0.7410782080485954,0.4004037685060565,0.24804469273743016,0.49338374291115306,0.627471940138963,0.3453636868406441,0.0,0.7032598274209013,0.6091269841269842,0.923
0.9669669669669669,0.6273690973337616,0.4460016488046165,0.7336024217961654,0.31955645161290325,0.6649757897163938,0.6096039912690989,0.6680672268907564,0.4203472433749619,0.306651634723788,0.18152524167561757,0.2630208333333333,0.3712984054669704,0.46702557200538364,0.5005586592178771,0.35349716446124757,0.7033671833244254,0.4386451971127152,0.0,0.5441035474592522,0.4064625850340136,1.096
0.9679679679679679,0.4873112752971411,0.18178070898598503,0.6064581231079718,0.4107862903225806,0.5752824533087388,0.5410040536326786,0.4464285714285715,0.4897959183673469,0.3438556933483652,0.36949516648764763,0.5164930555555556,0.44115413819286264,0.18775235531628537,0.35754189944134074,0.48393194706994325,0.5200427578834848,0.4242087729039423,0.0,0.6989453499520615,0.5447845804988662,0.417
0.968968968968969,0.5624799229039511,0.43981863149216804,0.4112008072653885,0.610383064516129,0.3673045884251787,0.4087932647333957,0.31880252100840334,0.697228144989339,0.5386133032694475,0.6589688506981739,0.3793402777777778,0.4586180713743357,0.3109017496635263,0.5481564245810057,0.552930056710775,0.4778193479422768,0.6202109938922822,0.0,0.5009587727708533,0.7380952380952381,0.517
0.96996996996997,0.6007067137809187,0.3763396537510304,0.8794147325933401,0.580141129032258,0.5420797786488356,0.5802931088244466,0.6207983193277311,0.4544623819677125,0.17136414881623446,0.621374865735768,0.5277777777777778,0.4533029612756265,0.39905787348586813,0.5906145251396648,0.3241965973534971,0.3752004275788348,0.3409217101610217,0.0,0.3916586768935763,0.39427437641723356,0.926
0.970970970970971,0.6048827497590749,0.5832646331409727,0.6412714429868819,0.9329637096774193,0.616555222504035,0.47209229809791087,0.5173319327731093,0.47578434358818156,0.30073280721533246,0.4108485499462943,0.4210069444444444,0.3675018982536067,0.5975773889636609,0.4431284916201117,0.4489603024574669,0.5921966862640299,0.3653525818989451,0.0,0.6284755512943433,0.4603174603174603,0.672
0.9719719719719719,0.7526501766784452,0.5746084089035448,0.5221997981836528,0.4057459677419355,0.41411113673045885,0.17492984097287184,0.446953781512605,0.45659457812975934,0.3644306651634723,0.6358754027926959,0.4027777777777778,0.09187547456340173,0.41722745625841184,0.6505027932960894,0.6984877126654063,0.3099946552645644,0.4719600222098835,0.0,0.27900287631831266,0.5374149659863945,0.442
0.9729729729729729,0.8605846450369418,0.4282769991755976,0.9051463168516649,0.3623991935483871,0.47798017062485587,0.3027751792952916,0.4369747899159664,0.39963448065793483,0.3655580608793686,0.2502685284640171,0.05989583333333337,0.30675778283978744,0.2637954239569314,0.7258100558659218,0.5784499054820416,0.29396044895777657,0.39533592448639654,0.0,0.3302972195589646,0.5144557823129252,1.097
0.973973973973974,0.5965306778027625,0.340065952184666,0.3940464177598385,0.43245967741935487,0.549227576665898,0.499532273152479,0.44852941176470595,0.40024367956137674,0.27733934611048466,0.37916219119226635,0.5338541666666666,0.2892938496583144,0.32301480484522216,0.5584357541899442,0.550094517958412,0.40619989310529125,0.47084952803997787,0.0,0.5239693192713327,0.40816326530612246,0.437
0.974974974974975,0.7574686797301637,0.592745259686727,0.6453077699293642,0.5700604838709677,0.5905003458611944,0.3311506080449018,0.6276260504201682,0.35455376180322873,0.24239007891770004,0.4887218045112781,0.23090277777777773,0.3166287015945331,0.5020188425302826,0.6764245810055866,0.4678638941398865,0.36611437733832175,0.39866740699611336,0.0,0.3686481303930969,0.30498866213151926,0.459
0.975975975975976,0.5814327015740443,0.8136850783182191,0.656912209889001,0.37348790322580644,0.5692875259395896,0.3221078889928283,0.3508403361344538,0.6634176058483094,0.4309470124013528,0.6305048335123522,0.34548611111111105,0.48974943052391806,0.6668909825033648,0.5041340782122905,0.49810964083175796,0.547300908605024,0.4797334813992227,0.0,0.4611697027804411,0.6142290249433107,0.649
0.9769769769769769,0.5062640539672342,0.3907666941467435,0.5403632694248234,0.48588709677419356,0.48789485819691036,0.46803866541939515,0.38970588235294124,0.5778251599147122,0.3906426155580608,0.5698174006444683,0.603298611111111,0.39407744874715267,0.3600269179004038,0.49229050279329606,0.5330812854442343,0.5371459112773918,0.48084397556912833,0.0,0.50143815915628,0.6020408163265306,0.483
0.9779779779779779,0.8014776742691936,0.2831821929101401,0.5933400605449042,0.3251008064516129,0.4290984551533318,0.3464296850639227,0.5152310924369748,0.4322266219920804,0.2942502818489289,0.37110633727175074,0.3133680555555556,0.32725892179195143,0.15545087483176312,0.7452513966480446,0.6824196597353496,0.3639764831640834,0.4380899500277624,0.0,0.21764141898370093,0.44274376417233563,0.765
0.978978978978979,0.6684869900417604,0.564303380049464,0.3531786074672048,0.5433467741935484,0.3543924371685497,0.19052073589024016,0.27993697478991597,0.6378312519037466,0.5639797068771137,0.7094522019334049,0.6171875,0.16552771450265757,0.5006729475100943,0.6721787709497207,0.5765595463137996,0.4281133083912346,0.592448639644642,0.0,0.3120805369127517,0.7276077097505669,0.236
0.97997997997998,0.4911660777385159,0.7201154163231656,0.7441977800201816,0.3901209677419355,0.7060179847821075,0.6283130651699408,0.4385504201680672,0.5887907401766677,0.29340473506200665,0.6390977443609022,0.41232638888888884,0.4328018223234624,0.7550471063257066,0.37765363128491614,0.5680529300567106,0.715660074826296,0.4230982787340367,0.0,0.6792905081495686,0.5011337868480725,0.897
0.980980980980981,0.4539029874718921,0.45383347073371794,0.6695257315842583,0.4213709677419355,0.5466912612404888,0.44964140941690056,0.44432773109243706,0.5455376180322875,0.36076662908680934,0.59828141783029,0.40885416666666663,0.5345482156416098,0.3741588156123823,0.450949720670391,0.30623818525519847,0.5221806520577231,0.2915047196002222,0.0,0.5699904122722915,0.6000566893424036,0.61
0.9819819819819819,0.8451654352714423,0.46784830997526783,0.6372351160443996,0.683467741935484,0.3085081853816002,0.19800436545057692,0.3928571428571429,0.5431008224185196,0.4999999999999999,0.6031149301825993,0.3185763888888889,0.24753227031131358,0.2779273216689099,0.7275977653631285,0.715500945179584,0.2896846606092998,0.49916712937257085,0.0,0.2660594439117929,0.6224489795918368,0.751
0.9829829829829829,0.6697719241888853,0.4080791426215992,0.5877901109989909,0.2283266129032258,0.5162554761355775,0.35796694730277523,0.5814075630252101,0.24733475479744138,0.18207440811724912,0.5016111707841031,0.3585069444444444,0.14426727410782092,0.3196500672947511,0.7012290502793297,0.5255198487712665,0.3479422768572955,0.2865074958356469,0.0,0.30105465004793874,0.35827664399092973,0.515
0.983983983983984,0.8284612913588177,0.5342126957955481,0.5575176589303733,0.5866935483870968,0.5220198293751441,0.12410352354225135,0.4632352941176472,0.3685653365823941,0.3655580608793686,0.4113856068743286,0.27951388888888884,0.2194381169324222,0.4353970390309556,0.6826815642458101,0.8090737240075614,0.344735435595938,0.31982232093281515,0.0,0.25503355704697994,0.4404761904761905,0.418
0.984984984984985,0.47060713138451654,0.5362737015663642,0.529263370332997,0.4304435483870968,0.49250634078856353,0.4524477705020269,0.41281512605042026,0.48918671946390496,0.3260992108229988,0.6589688506981739,0.6006944444444444,0.4813971146545179,0.44414535666218036,0.554413407821229,0.4243856332703213,0.359166221272047,0.3425874514158801,0.0,0.40747842761265585,0.4855442176870748,0.305
0.985985985985986,0.9283649212977834,0.1475680131904369,0.7376387487386478,0.23286290322580644,0.20267465990315886,0.34362332397879647,0.33613445378151263,0.535790435577216,0.5101465614430665,0.5182599355531685,0.3029513888888889,0.255125284738041,0.18506056527590853,0.9456983240223463,0.5973534971644612,0.18118653126670226,0.4192115491393671,0.0,0.15196548418024936,0.653344671201814,1.212
0.986986986986987,0.6761965949245101,0.5667765869744434,0.4727547931382442,0.41985887096774194,0.4722158173852894,0.38072965388213287,0.46113445378151263,0.5303076454462382,0.38528748590755346,0.6595059076262083,0.28125,0.3614274867122248,0.40780619111709293,0.7032402234636872,0.5992438563327032,0.33404596472474607,0.37867851193781243,0.0,0.3916586768935763,0.49829931972789115,0.355
0.9879879879879879,0.4670735624799229,0.5441055234954657,0.3698284561049445,0.1063508064516129,0.5347014065021904,0.44184596195821646,0.2505252100840336,0.6009747182455072,0.5222660653889514,0.47851772287862504,0.4236111111111111,0.37889141989369785,0.3109017496635263,0.4967597765363128,0.39319470699432885,0.6253340459647247,0.5585785674625209,0.0,0.602588686481304,0.6882086167800454,0.3
0.988988988988989,0.6064889174429811,0.6409727947238251,0.4258324924318869,0.3901209677419355,0.5213281069863962,0.22388525101340817,0.3513655462184874,0.4017666768199817,0.2578917700112739,0.6874328678839956,0.540798611111111,0.22779043280182237,0.5417227456258412,0.6764245810055866,0.3903591682419659,0.2955638695884554,0.357023875624653,0.0,0.2809204218600193,0.4501133786848072,0.268
0.98998998998999,0.7147446193382588,0.5432811211871392,0.5524722502522704,0.7580645161290323,0.5153331796172469,0.39164328032429063,0.37657563025210083,0.5729515686871763,0.45772266065388945,0.36251342642320084,0.3038194444444444,0.29536826119969634,0.4925975773889637,0.5439106145251397,0.6776937618147447,0.3992517370390165,0.5591338145474737,0.0,0.50431447746884,0.562641723356009,0.92
0.990990990990991,0.5293928686154834,0.3528441879637262,0.532795156407669,0.328125,0.6933364076550611,0.4468350483317743,0.7578781512605043,0.23393237892171792,0.08483652762119498,0.3319011815252416,0.5894097222222222,0.38648443432042523,0.3936742934051144,0.5014525139664805,0.5954631379962192,0.44788882950293957,0.21543586896168804,0.0,0.5105465004793865,0.2825963718820862,0.162
0.991991991991992,0.45904272406039187,0.6591096455070072,0.5025227043390514,0.43497983870967744,0.46760433479363617,0.4044278141565326,0.1811974789915966,0.7100213219616205,0.6141488162344982,0.7615467239527389,0.5234375,0.4153378891419894,0.598250336473755,0.44067039106145245,0.5425330812854442,0.527525387493319,0.5941143808995004,0.0,0.616490891658677,0.7562358276643991,0.56
0.992992992992993,0.7593960809508512,0.48268755152514414,0.5090817356205852,0.311491935483871,0.5056490661747752,0.26629248518864984,0.5446428571428571,0.43405421870240635,0.3418827508455467,0.5354457572502684,0.2743055555555556,0.10478359908883828,0.4636608344549126,0.6174301675977654,0.5340264650283553,0.4965259219668626,0.37978900610771804,0.0,0.46021093000958785,0.48356009070294786,0.412
0.993993993993994,0.4124638612271121,0.48928276999175585,0.6145307769929365,0.25151209677419356,0.6121743140419645,0.5843467415029624,0.4296218487394958,0.5595491928114529,0.2468996617812852,0.5053705692803436,0.59375,0.6135155656795749,0.44279946164199196,0.4934078212290502,0.14461247637051033,0.5489043292357028,0.2715158245419212,0.0,0.49424736337488023,0.5099206349206349,0.495
0.994994994994995,0.6048827497590749,0.48474855729596034,0.6503531786074672,0.05342741935483872,0.7099377449850127,0.4309323355160587,0.6638655462184875,0.25769113615595496,0.1093573844419391,0.4258861439312567,0.2543402777777778,0.35459377372817014,0.26648721399730824,0.5298324022346368,0.3232514177693761,0.43987172634954563,0.22709605774569686,0.0,0.5982742090124641,0.27976190476190477,0.584
0.995995995995996,0.8123996145197558,0.49422918384171466,0.731079717457114,0.454133064516129,0.5370071477980171,0.1612098534455878,0.6076680672268908,0.27962229667986593,0.24295377677564817,0.3131041890440386,0.2526041666666667,0.2870159453302962,0.2678331090174967,0.6974301675977653,0.5982986767485822,0.28594334580438263,0.3292615213770128,0.0,0.2674976030680729,0.3835034013605442,0.7
0.996996996996997,0.566334725345326,0.3882934872217641,0.7078708375378405,0.405241935483871,0.6246253170394283,0.544745868412847,0.5483193277310925,0.4291806274748705,0.27536640360766623,0.2959183673469387,0.421875,0.3211845102505695,0.2900403768506057,0.361340782122905,0.3355387523629489,0.593265633351149,0.39200444197667966,0.0,0.7713326941514862,0.46541950113378683,0.76
0.997997997997998,0.6334725345326052,0.5783182192910139,0.6397578203834511,0.45665322580645157,0.6389209130735531,0.41877143748051143,0.460609243697479,0.4313128236369175,0.28438556933483644,0.40870032223415675,0.2673611111111111,0.3750949126803341,0.5121130551816958,0.6277094972067039,0.551984877126654,0.6167824692677712,0.3448084397556913,0.0,0.3988494726749761,0.44642857142857145,0.603
0.998998998998999,0.5483456472855766,0.5189612530915085,0.29717457114026236,0.3966733870967742,0.5038044731381139,0.41066417212347994,0.1922268907563025,0.6746877855619859,0.5428410372040585,0.543501611170784,0.5112847222222222,0.39028094153378895,0.32839838492597584,0.4402234636871508,0.609640831758034,0.547300908605024,0.5630205441421433,0.0,0.6059443911792906,0.6867913832199547,0.223
1.0,0.41117892707998716,0.4460016488046165,0.508577194752775,0.6587701612903225,0.621397279225271,0.6295603367633302,0.5273109243697479,0.5647273834907097,0.28551296505073276,0.3630504833512352,0.4921875,0.5679574791192104,0.3983849259757739,0.4035754189944134,0.3241965973534971,0.581507215392838,0.46973903387007226,0.0,0.5479386385426654,0.494047619047619,0.434
