0,1,2,3,4,5,6,7,8,9,10,11,12,13,14,15,16,17,18,19,20,x20
0.0,-0.5072886297376094,0.6388537715971344,0.49126891734575084,0.26151315789473684,0.3347050754458162,-0.4617977528089887,-0.41876750700280113,-0.5739604635310156,1.0,0.11529933481152993,-0.06288343558282208,0.23951048951048956,-0.1987577639751553,0.362026862026862,-0.4704641350210971,-0.4206268958543984,0.46666666666666673,-0.006738544474393531,-0.23045267489711935,0.6576271186440678,0.573
0.001001001001001001,-0.2915451895043732,0.20986093552465232,0.59953434225844,0.22532894736842107,0.14814814814814814,-0.6651685393258426,0.09803921568627452,-0.7082481254260394,1.0,0.7302291204730229,0.0812883435582822,0.3470279720279721,0.040372670807453416,0.10866910866910867,-0.30942334739803096,-0.12537917087967645,0.3527272727272727,-0.28975741239892183,-0.45843621399176954,0.37966101694915255,0.344
0.002002002002002002,-0.38483965014577265,0.36409608091024015,0.4318975552968568,0.36019736842105265,0.45130315500685875,-0.7067415730337079,-0.1288515406162465,-0.7157464212678937,1.0,0.48189209164818925,0.0352760736196319,0.4615384615384616,-0.4813664596273292,0.14041514041514044,-0.38818565400843885,0.05763397371081901,0.33696969696969703,-0.5269541778975741,-0.48065843621399174,0.2485875706214689,0.577
0.003003003003003003,-0.5403304178814384,0.5124315212810787,0.49126891734575084,0.17598684210526316,0.5281207133058985,-0.47191011235955055,-0.4551820728291317,-0.5657805044308111,1.0,0.11677753141167775,0.15337423312883436,0.256993006993007,-0.010351966873706004,0.3943833943833944,-0.37412095639943743,-0.2841253791708797,0.583030303030303,-0.07412398921832884,-0.18518518518518517,0.6067796610169491,0.633
0.004004004004004004,-0.500485908649174,0.3763168984407922,0.529685681024447,0.47368421052631576,0.3401920438957476,-0.6792134831460674,-0.3935574229691877,-0.8234492160872529,1.0,0.34959349593495936,0.10276073619631902,0.44143356643356646,-0.2950310559006211,0.12454212454212454,-0.21167369901547117,0.042467138523761376,0.2921212121212121,-0.5700808625336927,-0.4946502057613168,0.23615819209039546,0.489
0.005005005005005005,-0.2031098153547133,0.19511167298777918,0.5611175785797439,0.575657894736842,0.3058984910836763,-0.4185393258426966,-0.1162464985994398,-0.6884798909338786,1.0,0.3296378418329638,0.11196319018404907,0.3793706293706294,-0.37681159420289856,0.21123321123321123,-0.4437412095639944,-0.1435793731041456,0.34060606060606063,0.22371967654986524,-0.3423868312757201,0.13559322033898305,0.577
0.006006006006006006,-0.30515063168124396,0.4441635061104087,0.4109429569266589,0.21381578947368424,0.2167352537722908,-0.5353932584269663,0.09243697478991597,-0.6843899113837764,1.0,0.5269770879526977,-0.32361963190184045,0.49125874125874136,-0.4099378881987578,0.20451770451770454,-0.509142053445851,-0.47219413549039435,0.35878787878787877,0.1738544474393531,-0.44609053497942386,0.7751412429378531,0.895
0.007007007007007007,-0.5986394557823129,0.45554150863885373,0.47729918509895225,0.13322368421052633,0.5637860082304527,-0.6983146067415731,-0.04061624649859944,-0.787321063394683,1.0,0.1130820399113082,0.1411042944785276,0.15122377622377622,-0.5507246376811594,0.43040293040293043,-0.6075949367088608,-0.02527805864509606,0.6006060606060606,-0.060646900269541774,-0.05267489711934156,0.4293785310734463,0.357
0.008008008008008008,-0.36054421768707484,0.2861356932153392,0.1280558789289872,0.49835526315789475,0.13717421124828533,-0.5258426966292135,-0.16946778711484595,-0.7430129516019087,1.0,0.1958610495195861,-0.23466257668711654,0.19930069930069932,-0.14906832298136646,0.0006105006105006105,-0.4071729957805907,-0.4196157735085945,0.11454545454545455,-0.137466307277628,-0.5275720164609053,0.6757062146892655,0.633
0.009009009009009009,-0.620019436345967,0.39401601348504,0.47264260768335276,0.40131578947368424,0.4252400548696845,-0.45449438202247194,-0.4929971988795518,-0.6952965235173824,1.0,-0.11603843311160385,0.6180981595092024,0.017482517482517484,-0.629399585921325,0.4566544566544567,-0.6420534458509143,-0.010111223458038422,0.6103030303030302,0.3962264150943396,-0.15061728395061727,0.2983050847457627,0.256
0.01001001001001001,-0.5636540330417882,0.5360303413400758,0.8149010477299184,0.2631578947368421,0.11659807956104254,-0.44213483146067417,-0.40756302521008403,-0.6468984321745057,1.0,0.44050258684405025,0.25766871165644173,0.3872377622377623,-0.36024844720496896,0.4023199023199024,-0.5661040787623066,-0.538928210313448,0.5363636363636364,0.15229110512129382,-0.12839506172839504,0.423728813559322,0.734
0.011011011011011011,-0.4042759961127308,0.31731984829329957,0.5227008149010478,0.45559210526315796,0.551440329218107,-0.8561797752808988,-0.5042016806722689,-0.7450579413769597,1.0,-0.03473762010347376,0.24539877300613497,0.25611888111888115,-0.10559006211180123,0.32051282051282054,-0.22503516174402252,0.016177957532861477,0.6048484848484849,-0.4946091644204852,-0.43703703703703706,0.3502824858757062,0.544
0.012012012012012012,-0.6277939747327503,0.20016856300042138,0.27939464493597205,0.17434210526315788,0.6406035665294925,-0.5589887640449438,-0.5560224089635855,-0.749147920927062,1.0,-0.09903917220990392,0.07822085889570551,-0.0305944055944056,-0.29089026915113875,0.4023199023199024,-0.5239099859353024,0.01718907987866532,0.5860606060606061,-0.060646900269541774,-0.14567901234567898,0.3254237288135593,0.484
0.013013013013013013,-0.5014577259475219,0.6582385166455963,0.7997671711292201,0.3914473684210526,0.09602194787379974,-0.5,-0.3445378151260504,-0.5814587593728697,1.0,0.4634146341463415,0.04294478527607362,0.34090909090909094,-0.44616977225672877,0.3272283272283273,-0.42616033755274263,-0.3134479271991911,0.5054545454545455,-0.31805929919137466,-0.19176954732510287,0.3367231638418079,0.499
0.014014014014014014,-0.47813411078717205,0.06573957016434892,0.18277066356228172,0.3404605263157895,0.7654320987654322,-0.6230337078651685,-0.33473389355742295,-0.6625766871165644,1.0,-0.06577974870657798,0.40337423312883436,-0.016608391608391608,-0.5776397515527951,0.1813186813186813,-0.41631504922644164,0.5813953488372092,0.4593939393939394,-0.3611859838274933,-0.3308641975308642,-0.10847457627118644,0.047
0.015015015015015015,-0.5753158406219631,0.37884534344711335,0.43655413271245636,0.09046052631578948,0.252400548696845,-0.7382022471910112,-0.31092436974789917,-0.6605316973415133,0.0,0.37989652623798964,0.14263803680981593,0.3968531468531469,-0.08074534161490683,0.333943833943834,-0.2721518987341772,-0.22750252780586452,0.33151515151515154,-0.8814016172506739,-0.1876543209876543,0.4836158192090395,0.596
0.016016016016016016,-0.36929057337220605,-0.2772861356932153,0.1583236321303842,0.19736842105263158,0.3525377229080933,-0.8410112359550562,-0.24509803921568626,-0.8241308793456033,0.0,0.028085735402808572,-0.9003067484662576,0.17045454545454547,-0.21428571428571427,0.09584859584859586,-0.2109704641350211,-0.11425682507583418,0.14545454545454545,-0.6226415094339623,-0.5703703703703703,0.25310734463276835,0.939
0.01701701701701702,-0.5500485908649174,0.17699115044247785,0.3830034924330617,0.31085526315789475,0.4005486968449931,-0.5567415730337079,-0.4747899159663866,-0.6462167689161553,0.0,0.29785661492978566,-0.3696319018404908,0.5008741258741258,-0.26811594202898553,0.31379731379731385,-0.2559774964838256,-0.5085945399393327,0.3812121212121212,-0.3450134770889488,-0.2510288065843621,0.36610169491525424,1.104
0.018018018018018018,-0.2925170068027211,0.024441635061104087,0.19790454016298023,0.4128289473684211,0.271604938271605,-0.5106741573033708,-0.4649859943977592,-0.5773687798227675,0.0,0.09608277900960828,-0.147239263803681,0.2202797202797203,-0.09627329192546584,0.1807081807081807,-0.31926863572433195,-0.1577350859453994,0.34606060606060607,-0.2183288409703504,-0.3045267489711934,0.4350282485875706,0.749
0.01901901901901902,-0.25753158406219634,-0.2048040455120101,0.2037252619324796,0.287828947368421,0.42935528120713307,-0.4449438202247191,0.2464985994397759,-0.6475800954328561,0.0,0.4530672579453067,-0.46319018404907975,0.37849650349650354,-0.2960662525879917,0.16117216117216118,-0.37482419127988753,-0.16177957532861476,0.2915151515151515,-0.02830188679245283,-0.3522633744855967,0.26101694915254237,0.81
0.02002002002002002,-0.577259475218659,0.03876949009692372,0.3585564610011642,0.4588815789473685,0.1385459533607682,-0.44719101123595506,-0.303921568627451,-0.5780504430811179,0.0,0.13155949741315595,-0.3113496932515338,0.31293706293706297,-0.054865424430641824,0.14774114774114774,-0.2890295358649789,-0.2790697674418605,0.19272727272727275,-0.2412398921832884,-0.2641975308641975,0.4553672316384181,0.62
0.021021021021021023,-0.4217687074829932,-0.039612305099030756,0.4668218859138534,0.5460526315789475,0.2318244170096022,-0.7859550561797752,-0.27450980392156865,-0.9209270620313564,0.0,0.30376940133037694,-0.4217791411042945,0.4073426573426574,-0.15217391304347827,0.11172161172161173,-0.22433192686357245,-0.20424671385237617,0.11636363636363638,-0.6293800539083558,-0.5925925925925926,0.296045197740113,0.853
0.022022022022022022,-0.5578231292517006,0.23683101559207753,0.3853317811408615,-0.22039473684210528,0.30727023319615915,-0.28820224719101123,-0.27030812324929976,-0.44171779141104295,0.0,0.2697708795269771,-0.5705521472392637,0.33653846153846156,-0.412008281573499,0.3650793650793651,-0.5646976090014065,-0.39737108190091003,0.3787878787878788,0.029649595687331536,-0.03539094650205761,0.3988700564971751,0.903
0.023023023023023025,-0.6394557823129252,0.3746312684365781,0.6786961583236321,0.3042763157894737,-0.13168724279835392,-0.44831460674157303,-0.13865546218487396,-0.6053169734151329,0.0,0.6289726533628972,-0.5613496932515337,0.6765734265734267,-0.4140786749482402,0.42735042735042733,-0.5773558368495078,-0.5884732052578362,0.3890909090909091,0.24528301886792453,0.06008230452674897,0.5231638418079096,1.269
0.024024024024024024,-0.49659863945578236,-0.09313105773282764,0.23282887077997674,0.28289473684210525,0.1700960219478738,-0.6421348314606742,-0.5714285714285714,-0.803680981595092,0.0,0.07982261640798226,-0.18558282208588955,0.24562937062937068,-0.2091097308488613,0.02075702075702076,-0.31293952180028134,-0.17593528816986853,0.02606060606060606,-0.5202156334231806,-0.5308641975308642,0.2271186440677966,0.642
0.025025025025025027,-0.26044703595724006,-0.43404972608512427,0.20023282887077998,0.37335526315789475,0.6035665294924555,-0.4853932584269663,-0.06022408963585434,-0.6612133605998636,0.0,0.1581670362158167,0.05981595092024539,0.09877622377622379,-0.2784679089026915,0.08852258852258853,-0.3734177215189874,0.5045500505561173,0.2206060606060606,0.03234501347708895,-0.3975308641975308,-0.03728813559322034,0.25
0.026026026026026026,-0.5539358600583091,0.20986093552465232,0.5308498253783469,0.6134868421052632,-0.42935528120713307,-0.3646067415730337,-0.14565826330532214,-0.6687116564417177,0.0,0.4789356984478936,-0.665644171779141,0.6538461538461539,-0.26811594202898553,0.3821733821733822,-0.4936708860759494,-0.5733063700707786,0.3866666666666667,-0.24663072776280323,-0.0551440329218107,0.3536723163841808,1.27
0.02702702702702703,-0.3080660835762877,-0.6186262115465655,-0.07683352735739232,0.5460526315789475,0.823045267489712,-0.9129213483146067,-0.45238095238095244,-0.7914110429447853,0.0,-0.2985957132298596,0.17638036809815952,-0.06555944055944056,-0.15838509316770186,-0.09401709401709402,-0.04922644163150493,0.9191102123356927,0.22303030303030305,-0.7964959568733153,-0.6419753086419753,-0.23841807909604518,-0.23
0.028028028028028028,-0.33041788143828965,-0.3135271807838179,0.359720605355064,0.5296052631578948,0.24554183813443073,-0.652247191011236,-0.5098039215686274,-0.8268575323790048,0.0,0.15447154471544716,-0.20858895705521474,0.3942307692307693,-0.034161490683229816,-0.057997557997558,-0.32911392405063294,0.07482305358948432,-0.021818181818181816,-0.23045822102425878,-0.6156378600823045,0.20677966101694914,0.78
0.02902902902902903,-0.3032069970845481,0.041719342604298354,0.21769499417927823,0.5789473684210527,0.2167352537722908,-0.6842696629213483,-0.23529411764705885,-0.7109747784594409,0.0,0.3155949741315595,-0.8358895705521473,0.555944055944056,-0.21325051759834368,0.115995115995116,-0.2686357243319269,-0.3195146612740142,0.13393939393939394,-0.5215633423180593,-0.5053497942386831,0.6689265536723163,1.041
0.03003003003003003,-0.27696793002915454,-0.45554150863885373,0.25145518044237486,-0.006578947368421053,0.7270233196159123,-0.6775280898876405,-0.2843137254901961,-0.8220858895705521,0.0,0.2690317812269032,-0.2822085889570552,0.270979020979021,-0.2619047619047619,-0.002442002442002442,-0.2784810126582279,0.3579373104145602,0.08545454545454545,-0.1765498652291105,-0.5679012345679012,0.103954802259887,0.531
0.031031031031031032,-0.6899902818270165,0.5895490939738727,0.7729918509895227,-0.006578947368421053,0.25102880658436216,-0.3668539325842697,-0.48179271708683474,-0.4921608725289706,0.0,0.4028085735402809,0.009202453987730062,0.4265734265734266,-0.1977225672877847,0.5543345543345544,-0.4578059071729958,-0.6238624873609707,0.5854545454545454,-0.19137466307277626,-0.006584362139917695,0.5457627118644067,1.25
0.03203203203203203,-0.40816326530612246,0.10703750526759376,0.4633294528521537,0.3667763157894737,0.5775034293552812,-0.5359550561797752,-0.1288515406162465,-0.7062031356509884,0.0,0.49076127124907615,-0.17331288343558282,0.39860139860139865,-0.46894409937888204,0.24481074481074483,-0.5752461322081576,-0.06572295247724975,0.42303030303030303,-0.02425876010781671,-0.14732510288065842,0.5186440677966102,0.63
0.03303303303303303,-0.21574344023323616,-0.5937631689844078,0.09545983701979045,0.4523026315789474,0.2318244170096022,-0.5039325842696629,-0.22268907563025211,-0.7430129516019087,0.0,0.3244641537324464,-0.5766871165644172,0.409965034965035,-0.08385093167701864,-0.13797313797313798,-0.3185654008438819,-0.09403437815975733,0.008484848484848486,-0.013477088948787063,-0.648559670781893,-0.09491525423728814,1.109
0.03403403403403404,-0.43634596695821193,-0.25115887062789716,0.22235157159487778,0.17269736842105263,-0.04526748971193416,-0.5803370786516854,-0.561624649859944,-0.732788002726653,0.0,0.2645971914264597,-0.5368098159509201,0.7237762237762237,0.09316770186335403,0.07997557997557998,-0.27355836849507736,-0.28311425682507585,0.136969696969697,-0.4514824797843666,-0.557201646090535,0.18870056497175142,1.426
0.035035035035035036,-0.4509232264334306,0.1285292878213232,0.5005820721769499,0.575657894736842,0.35390946502057613,-0.8101123595505617,-0.45098039215686275,-0.754601226993865,0.0,0.20546932742054697,-0.3650306748466257,0.38461538461538464,-0.2960662525879917,0.13247863247863248,-0.35864978902953587,-0.2770475227502528,0.20181818181818184,-0.5485175202156334,-0.46419753086419746,0.5807909604519774,0.702
0.036036036036036036,-0.42468415937803694,0.14749262536873153,0.31199068684516884,0.5296052631578948,0.01646090534979424,-0.45224719101123595,-0.0784313725490196,-0.7941376959781867,0.0,0.5447154471544715,-0.6886503067484663,0.5900349650349651,-0.09834368530020704,0.23931623931623933,-0.4381153305203938,-0.583417593528817,0.18666666666666668,-0.08221024258760108,-0.32181069958847736,0.8022598870056497,1.147
0.037037037037037035,-0.6491739552964043,0.4353139485882848,0.6938300349243306,0.24835526315789475,0.07956104252400549,-0.4730337078651685,-0.211484593837535,-0.5316973415132924,0.0,0.49815225424981524,-0.12730061349693253,0.5804195804195805,-0.4192546583850932,0.42735042735042733,-0.5864978902953587,-0.6086956521739131,0.556969696969697,-0.022911051212938006,0.027160493827160494,0.5333333333333333,1.151
0.03803803803803804,-0.18658892128279886,-0.134850400337126,0.169965075669383,0.5230263157894737,0.1358024691358025,-0.23764044943820223,-0.22829131652661067,-0.6107702794819359,0.0,0.31042128603104213,-0.5828220858895705,0.4860139860139861,-0.29089026915113875,0.06227106227106227,-0.4613220815752462,-0.4196157735085945,0.27151515151515154,0.261455525606469,-0.3621399176954732,0.5627118644067797,1.09
0.03903903903903904,-0.8104956268221575,0.28192161820480405,0.7823050058207218,0.2582236842105263,-0.04252400548696845,-0.2696629213483146,-0.7212885154061626,-0.6271301976823449,0.0,0.2719881744271988,-0.37576687116564417,0.5743006993006994,-0.4451345755693582,0.4352869352869353,-0.5309423347398031,-0.5824064711830131,0.34848484848484845,0.016172506738544475,-0.07736625514403292,0.3310734463276836,1.304
0.04004004004004004,-0.511175898931001,0.45638432364096077,0.4656577415599535,-0.02138157894736842,0.8916323731138547,-0.3174157303370786,-0.21988795518207285,-0.42944785276073616,0.0,-0.03991130820399113,0.5322085889570551,-0.31730769230769235,-0.5973084886128364,0.7338217338217339,-0.8122362869198313,-0.1718907987866532,0.786060606060606,0.48921832884097033,0.3654320987654321,0.4271186440677966,0.057
0.04104104104104104,-0.30515063168124396,0.2777075431942688,0.21885913853317812,0.21381578947368424,-0.1796982167352538,-0.4623595505617977,0.22549019607843138,-0.5630538513974096,0.0,0.4634146341463415,-0.3987730061349693,0.38111888111888115,0.004140786749482402,0.3089133089133089,-0.3846694796061885,-0.6622851365015168,0.10242424242424243,-0.21024258760107817,-0.18930041152263374,0.6813559322033897,1.079
0.042042042042042045,-0.3576287657920311,-0.47113358617783396,0.15133876600698487,0.6101973684210527,0.4005486968449931,-0.7365168539325843,-0.1162464985994398,-0.8725289706884799,0.0,0.0679970436067997,-0.6119631901840491,0.30332167832167833,-0.10766045548654245,0.04395604395604395,-0.26019690576652604,0.22345803842264914,0.35515151515151516,-0.38948787061994605,-0.4658436213991769,0.1694915254237288,0.607
0.043043043043043044,-0.39358600583090386,-0.28402865571007163,0.10477299185098952,0.625,0.14814814814814814,-0.6769662921348315,-0.32072829131652664,-0.7777777777777778,0.0,0.49815225424981524,0.004601226993865031,0.562937062937063,-0.09937888198757765,-0.07631257631257632,-0.17580872011251758,0.07482305358948432,0.007272727272727274,-0.3086253369272237,-0.6625514403292181,0.15932203389830507,0.639
0.044044044044044044,-0.28960155490767736,-0.11588706278971765,0.19674039580908034,0.37335526315789475,0.3593964334705076,-0.8443820224719101,-0.32212885154061627,-0.7955010224948875,0.0,0.28307464892830747,-0.75920245398773,0.42482517482517484,-0.2349896480331263,-0.038461538461538464,-0.22644163150492266,0.032355915065722954,0.06363636363636364,-0.5121293800539084,-0.691358024691358,0.6022598870056497,0.76
0.04504504504504504,-0.4742468415937804,0.07796038769490096,0.2351571594877765,0.7286184210526316,0.17146776406035666,-0.6314606741573034,-0.1722689075630252,-0.7286980231765507,0.0,0.17516629711751663,-0.13496932515337423,0.3618881118881119,-0.10766045548654245,0.15873015873015875,-0.2827004219409283,-0.3063700707785642,0.2890909090909091,-0.33557951482479786,-0.3621399176954732,0.5152542372881356,0.872
0.04604604604604605,-0.37803692905733727,-0.3548251158870627,0.010477299185098952,0.12171052631578948,0.6351165980795611,-0.6567415730337078,-0.2801120448179272,-0.6993865030674846,0.0,-0.1655580192165558,-0.2883435582822086,-0.1520979020979021,-0.3033126293995859,0.12820512820512822,-0.30309423347398035,0.3731041456016178,0.1896969696969697,-0.24797843665768193,-0.4337448559670782,0.19548022598870055,0.147
0.04704704704704705,-0.12439261418853256,-0.4597555836493889,-0.0034924330616996507,0.20888157894736842,0.39917695473251025,-0.652247191011236,-0.33613445378151263,-0.6802999318336741,0.0,0.1056910569105691,-0.39263803680981596,0.1555944055944056,0.040372670807453416,-0.1398046398046398,-0.08720112517580872,0.4570273003033367,-0.10181818181818184,-0.6280323450134772,-0.7012345679012345,0.17288135593220338,0.24
0.04804804804804805,-0.5986394557823129,0.46144121365360297,0.45983701979045405,-0.03125,0.08779149519890261,-0.23707865168539324,-0.4285714285714286,-0.45330606680299934,0.0,-0.25055432372505543,0.11503067484662576,0.14860139860139862,-0.4358178053830228,0.5879120879120879,-0.7953586497890296,-0.5338725985844287,0.3345454545454546,0.18059299191374664,0.3094650205761317,0.29491525423728815,0.804
0.04904904904904905,-0.4859086491739553,0.17783396544458488,0.5389988358556461,0.1611842105263158,0.5061728395061729,-0.5247191011235955,-0.19607843137254904,-0.6557600545330606,0.0,0.2113821138211382,-0.07975460122699386,0.138986013986014,-0.3923395445134576,0.3534798534798535,-0.5794655414908579,-0.1051567239635996,0.4393939393939394,0.11051212938005392,-0.09794238683127571,0.6971751412429379,0.454
0.05005005005005005,-0.7424684159378038,0.4787189211967972,0.670547147846333,0.1875,0.3401920438957476,-0.5235955056179775,-0.45238095238095244,-0.6687116564417177,0.0,0.3163340724316334,0.22546012269938648,0.36451048951048953,-0.593167701863354,0.57997557997558,-0.6153305203938115,-0.36299292214357937,0.6539393939393939,0.0013477088948787063,0.15061728395061727,0.5129943502824859,0.699
0.05105105105105105,-0.7220602526724976,-0.014327855035819638,0.45052386495925495,0.04111842105263158,0.4828532235939643,-0.6898876404494382,-0.5182072829131653,-0.8575323790047716,0.0,0.025868440502586847,-0.4493865030674846,0.20541958041958042,-0.27639751552795033,0.33089133089133094,-0.38818565400843885,-0.021233569261880688,0.2975757575757576,-0.3463611859838275,-0.3654320987654321,0.48022598870056493,0.559
0.05205205205205205,-0.5898931000971818,-0.07290349768225873,0.4668218859138534,-0.06578947368421052,0.24279835390946503,-0.5915730337078651,-0.5854341736694678,-0.8234492160872529,0.0,-0.06873614190687362,-0.4187116564417178,0.22902097902097904,-0.3136645962732919,0.25213675213675213,-0.4149085794655415,-0.2719919110212336,0.42,-0.11859838274932614,-0.2872427983539094,0.39209039548022595,1.028
0.05305305305305305,-0.456754130223518,0.4462705436156763,0.5785797438882422,0.15953947368421054,0.20713305898491083,-0.3764044943820225,-0.04061624649859944,-0.6468984321745057,0.0,0.3237250554323725,0.11809815950920245,0.3557692307692308,-0.5144927536231885,0.34615384615384615,-0.648382559774965,-0.48230535894843274,0.5139393939393939,0.3477088948787062,0.0032921810699588477,0.5706214689265536,0.943
0.05405405405405406,-0.47133138969873667,0.15254951538137376,0.4179278230500582,0.12664473684210525,0.4060356652949245,-0.599438202247191,-0.37955182072829136,-0.6114519427402862,0.0,0.262379896526238,-0.1303680981595092,0.31905594405594406,-0.21428571428571427,0.22161172161172163,-0.35724331926863573,-0.20525783619818,0.3515151515151515,-0.25336927223719674,-0.22139917695473252,0.4836158192090395,0.809
0.055055055055055056,-0.5189504373177843,0.04930467762326169,0.2281722933643772,0.34375,0.1262002743484225,-0.6292134831460675,-0.5574229691876751,-0.7280163599182005,0.0,0.376940133037694,-0.5674846625766871,0.6101398601398601,-0.2867494824016564,0.2313797313797314,-0.27988748241912803,-0.37613751263902934,0.2696969696969697,-0.578167115902965,-0.5465020576131687,0.4723163841807909,1.305
0.056056056056056056,-0.4042759961127308,0.037505267593763165,0.42840512223515714,0.21710526315789475,-0.21947873799725653,-0.4837078651685393,-0.572829131652661,-0.7920927062031355,0.0,0.5624538063562454,-0.6242331288343558,0.8959790209790209,-0.2267080745341615,0.004273504273504274,-0.3340365682137834,-0.5429726996966633,0.062424242424242424,-0.4716981132075471,-0.5967078189300411,0.5548022598870056,1.201
0.057057057057057055,-0.41496598639455784,0.6700379266750948,0.7008149010477299,0.27631578947368424,0.15637860082304528,-0.44943820224719105,0.10364145658263305,-0.5426039536468984,0.0,0.6267553584626755,-0.28374233128834353,0.5926573426573427,-0.37681159420289856,0.3925518925518926,-0.5794655414908579,-0.5490394337714863,0.41636363636363644,-0.1967654986522911,-0.14814814814814814,1.0,1.065
0.05805805805805806,-0.24781341107871724,-0.17277707543194265,0.5029103608847497,0.3799342105263158,0.2729766803840878,-0.7297752808988763,-0.45798319327731096,-0.7477845944103613,0.0,0.16112342941611235,-0.29754601226993865,0.2875874125874126,0.09316770186335403,-0.08547008547008549,-0.07735583684950774,0.15369059656218403,0.011515151515151515,-0.5943396226415094,-0.5185185185185185,0.24971751412429377,0.576
0.05905905905905906,-0.27405247813411077,0.09734513274336283,0.38882421420256114,0.1792763157894737,0.7023319615912209,-0.5101123595505618,-0.014005602240896359,-0.37695978186775736,0.0,-0.003695491500369549,0.5920245398773006,-0.20454545454545459,-0.5434782608695653,0.3650793650793651,-0.4268635724331927,0.42972699696663297,0.5933333333333334,-0.10646900269541779,0.005761316872427983,0.06666666666666667,-0.369
0.06006006006006006,-0.3226433430515064,-0.01896333754740834,0.18975552968568105,0.18092105263157895,0.30315500685871055,-0.5601123595505618,-0.19327731092436978,-0.6196319018404908,0.0,0.014042867701404286,-0.44631901840490795,0.17482517482517484,-0.26604554865424435,0.031746031746031744,-0.3931082981715894,-0.02527805864509606,0.2503030303030303,-0.1967654986522911,-0.2773662551440329,0.48248587570621465,0.627
0.06106106106106106,-0.456754130223518,-0.035398230088495575,0.38649592549476136,-0.11842105263157894,0.25925925925925924,-0.3112359550561798,-0.3137254901960784,-0.5698704839809133,0.0,0.09312638580931264,-0.19631901840490798,0.2159090909090909,-0.15631469979296067,0.37912087912087916,-0.47609001406469764,-0.25884732052578363,0.3575757575757576,0.049865229110512124,-0.20493827160493824,0.15480225988700566,0.742
0.062062062062062065,-0.4956268221574345,-0.1238938053097345,0.320139697322468,0.16447368421052633,0.1879286694101509,-0.35898876404494384,-0.607843137254902,-0.7505112474437627,0.0,0.14855875831485588,-0.3558282208588957,0.39947552447552453,-0.4337474120082816,0.2600732600732601,-0.4338959212376934,-0.2032355915065723,0.25393939393939396,0.1334231805929919,-0.3226337448559671,0.08813559322033898,1.051
0.06306306306306306,-0.24878522837706513,-0.38095238095238093,0.21071012805587894,0.28618421052631576,0.16872427983539096,-0.4780898876404494,-0.11764705882352942,-0.7661895023858214,0.0,0.2269031781226903,-0.40337423312883436,0.5087412587412588,-0.24120082815734992,0.18315018315018317,-0.4514767932489452,-0.1698685540950455,0.34363636363636363,0.018867924528301886,-0.32181069958847736,0.17853107344632768,0.934
0.06406406406406406,-0.27405247813411077,-0.24863042562157603,0.19441210710128057,0.6628289473684211,0.2085048010973937,-0.5668539325842696,-0.12324929971988795,-0.694614860259032,0.0,0.28898743532889876,-0.38496932515337423,0.45891608391608396,-0.21842650103519667,0.10134310134310136,-0.369901547116737,-0.029322548028311426,0.37454545454545457,-0.33962264150943394,-0.4551440329218107,0.17627118644067796,0.714
0.06506506506506507,-0.44606413994169103,0.11209439528023599,0.2817229336437718,0.5213815789473685,0.3484224965706447,-0.5955056179775281,-0.2619047619047619,-0.7423312883435582,0.0,0.21286031042128603,-0.36196319018404904,0.15996503496503497,-0.11594202898550725,0.2667887667887668,-0.3045007032348805,-0.12032355915065722,0.3696969696969697,-0.38409703504043125,-0.3621399176954732,0.5062146892655367,0.557
0.06606606606606606,-0.5403304178814384,0.23050990307627475,0.3480791618160652,0.34868421052631576,0.06035665294924554,-0.6926966292134832,-0.48599439775910364,-0.6864349011588274,0.0,0.2512934220251294,-0.5782208588957055,0.5087412587412588,-0.10662525879917184,0.21123321123321123,-0.3410689170182841,-0.3700707785642063,0.26666666666666666,-0.5242587601078167,-0.2024691358024691,0.7310734463276837,1.02
0.06706706706706707,-0.6501457725947523,0.4285714285714285,0.18975552968568105,0.24671052631578946,0.551440329218107,-0.5634831460674157,-0.1330532212885154,-0.5950920245398773,0.0,-0.2261640798226164,0.08588957055214724,-0.10227272727272729,-0.6231884057971014,0.44322344322344326,-0.5928270042194093,-0.30535894843276035,0.453939393939394,-0.27628032345013476,0.07078189300411522,0.22598870056497175,0.298
0.06806806806806807,-0.5344995140913509,-0.06911083017277707,0.10477299185098952,0.5361842105263158,0.28532235939643347,-0.5466292134831461,-0.4397759103641457,-0.6850715746421266,0.0,0.10716925351071692,-0.3588957055214724,0.3583916083916084,-0.37163561076604557,0.14896214896214896,-0.38818565400843885,-0.09908998988877654,0.35515151515151516,-0.33423180592991913,-0.26584362139917694,0.3220338983050847,0.747
0.06906906906906907,-0.6122448979591837,0.024020227560050567,-0.02211874272409779,0.3766447368421053,0.30727023319615915,-0.4455056179775281,-0.33053221288515405,-0.6693933197000681,0.0,-0.1714708056171471,-0.4049079754601227,0.10227272727272729,-0.3115942028985507,0.2710622710622711,-0.3755274261603376,-0.3306370070778564,0.3678787878787879,-0.06199460916442048,-0.22880658436213994,0.43615819209039547,0.754
0.07007007007007007,-0.26044703595724006,-0.054782975136957436,0.034924330616996506,0.12664473684210525,0.7119341563786009,-0.701123595505618,0.09523809523809525,-0.6298568507157464,0.0,0.3680709534368071,-0.40644171779141103,0.37762237762237766,-0.13871635610766048,0.1385836385836386,-0.2939521800281294,-0.243680485338726,0.3115151515151515,-0.14690026954177898,-0.49382716049382713,0.7141242937853107,0.858
0.07107107107107107,-0.18561710398445094,0.10282343025705856,0.49825378346915017,0.2993421052631579,0.10150891632373113,-0.5629213483146067,0.380952380952381,-0.7102931152010906,0.0,0.6688839615668885,0.21319018404907977,0.3461538461538462,-0.3105590062111801,0.2417582417582418,-0.48312236286919835,-0.06370070778564206,0.4060606060606061,0.05390835579514825,-0.18271604938271604,0.3310734463276836,0.367
0.07207207207207207,-0.7531584062196308,0.4020227560050568,0.549476135040745,0.04276315789473684,0.17421124828532236,-0.1696629213483146,-0.26750700280112044,-0.4826175869120654,0.0,0.1293422025129342,0.08588957055214724,0.2666083916083916,-0.6542443064182195,0.6062271062271063,-0.789732770745429,-0.5005055611729019,0.6721212121212121,0.5067385444743935,0.3226337448559671,0.2711864406779661,0.872
0.07307307307307308,-0.4761904761904762,0.504424778761062,1.0,0.274671052631579,0.19753086419753085,-0.398876404494382,-0.25910364145658266,-0.5896387184730743,0.0,0.5757575757575758,-0.3159509202453987,0.3688811188811189,-0.43478260869565216,0.5024420024420024,-0.6160337552742616,-0.5540950455005056,0.5515151515151515,0.009433962264150943,-0.01316872427983539,0.5536723163841808,1.036
0.07407407407407407,-0.6151603498542275,0.23135271807838179,0.34225844004656575,0.3026315789473684,0.43895747599451307,-0.453370786516854,-0.28151260504201686,-0.6059986366734833,0.0,-0.07317073170731708,-0.15184049079754602,0.039335664335664336,-0.48343685300207045,0.38522588522588525,-0.5112517580872011,-0.20930232558139533,0.43272727272727274,0.03773584905660377,-0.06090534979423868,0.6282485875706215,0.455
0.07507507507507508,-0.4120505344995141,-0.027391487568478718,0.32945285215366704,0.5674342105263157,0.0027434842249657067,-0.7174157303370786,-0.18767507002801123,-0.6755282890252216,0.0,0.44124168514412415,-0.9033742331288342,0.5437062937062938,-0.15838509316770186,0.23504273504273507,-0.329817158931083,-0.3346814964610718,0.17515151515151514,-0.5377358490566038,-0.41646090534979424,0.3446327683615819,1.348
0.07607607607607608,-0.35276967930029157,0.04214075010535187,0.37369033760186265,-0.04276315789473684,0.4650205761316873,-0.5544943820224719,-0.5546218487394958,-0.738241308793456,0.0,0.020694752402069475,-0.02760736196319018,0.1555944055944056,-0.4451345755693582,0.22893772893772896,-0.479606188466948,0.10111223458038424,0.26606060606060605,-0.20754716981132076,-0.351440329218107,0.4790960451977401,0.688
0.07707707707707707,-0.21671525753158408,-0.34428992836072475,0.03143189755529686,0.21710526315789475,0.9890260631001372,-0.7612359550561798,0.011204481792717087,-0.5841854124062713,0.0,-0.31411677753141165,0.21779141104294475,-0.2604895104895105,-0.48757763975155277,0.18192918192918192,-0.4338959212376934,0.7775530839231547,0.31212121212121213,-0.2803234501347709,-0.38106995884773665,-0.011299435028248588,-0.22
0.07807807807807808,-0.42371234207968905,-0.1533923303834808,0.5739231664726426,0.6069078947368421,0.2496570644718793,-0.5320224719101123,-0.34873949579831937,-0.7811860940695295,0.0,0.5018477457501849,-0.39723926380368096,0.45279720279720287,-0.3509316770186336,0.16300366300366304,-0.35935302390998597,-0.1820020222446916,0.24848484848484848,0.10242587601078167,-0.4337448559670782,0.27231638418079096,0.979
0.07907907907907907,-0.39844509232264336,-0.1306363253265908,0.0849825378346915,0.5608552631578948,0.2263374485596708,-0.5921348314606741,-0.5266106442577031,-0.6543967280163598,0.0,-0.0679970436067997,-0.5030674846625767,0.32255244755244755,-0.12318840579710144,0.04884004884004885,-0.3185654008438819,-0.27401415571284127,0.07696969696969698,-0.26280323450134774,-0.5119341563786007,0.5175141242937853,0.724
0.08008008008008008,-0.21671525753158408,0.0008428150021070374,0.3084982537834692,0.39473684210526316,0.1700960219478738,-0.4691011235955056,-0.11344537815126052,-0.5385139740967961,0.0,0.2838137472283814,-0.2300613496932515,0.37762237762237766,-0.3892339544513458,0.0811965811965812,-0.43319268635724334,-0.18099089989888775,0.28121212121212125,-0.18867924528301888,-0.4781893004115226,0.24180790960451976,0.8
0.08108108108108109,-0.587949465500486,0.48377581120943947,0.46798603026775326,0.19078947368421054,0.19890260631001372,-0.4078651685393258,-0.5700280112044818,-0.5269256987048397,0.0,0.18329637841832963,0.04294478527607362,0.2167832167832168,-0.3053830227743271,0.4249084249084249,-0.49437412095639943,-0.5005055611729019,0.44181818181818183,-0.22911051212938008,-0.07078189300411522,0.5514124293785311,0.704
0.08208208208208208,-0.5383867832847425,0.35693215339233036,0.45983701979045405,0.22368421052631582,0.16049382716049385,-0.14325842696629212,-0.3823529411764706,-0.5862304021813224,0.0,-0.022912047302291204,0.10276073619631902,0.2202797202797203,-0.7080745341614908,0.474969474969475,-0.7306610407876231,-0.4661274014155713,0.5393939393939394,0.711590296495957,0.13991769547325103,0.3988700564971751,0.918
0.08308308308308308,-0.32167152575315844,-0.09523809523809523,0.2910360884749709,0.5296052631578948,-0.46227709190672156,-0.7123595505617978,-0.30952380952380953,-0.8282208588957055,0.0,0.42719881744271987,-0.8926380368098159,0.7508741258741259,-0.2091097308488613,-0.05921855921855922,-0.239803094233474,-0.3134479271991911,-0.1375757575757576,-0.6051212938005391,-0.6123456790123456,0.48474576271186437,1.401
0.08408408408408409,-0.3168124392614189,-0.6241045090602613,0.14551804423748546,0.20065789473684212,0.7379972565157751,-0.38370786516853933,-0.273109243697479,-0.6612133605998636,0.0,-0.14486326681448633,0.15950920245398773,0.023601398601398604,-0.48033126293995865,0.03357753357753358,-0.48523206751054854,0.6147623862487361,0.28,0.25336927223719674,-0.4016460905349794,-0.4497175141242938,0.135
0.08508508508508508,-0.6802721088435374,0.2010113780025284,0.3678696158323632,-0.10032894736842106,0.35116598079561046,-0.451685393258427,-0.6750700280112045,-0.6843899113837764,0.0,-0.2697708795269771,0.15184049079754602,-0.014860139860139862,-0.7194616977225673,0.49206349206349215,-0.7390998593530239,-0.2416582406471183,0.5115151515151515,0.34097035040431267,0.12674897119341563,0.3050847457627119,0.393
0.08608608608608609,-0.5986394557823129,-0.010956595027391486,0.11641443538998837,0.029605263157894735,0.6049382716049383,-0.48146067415730337,-0.350140056022409,-0.5112474437627812,0.0,-0.2631189948263119,0.31288343558282206,-0.06468531468531469,-0.5786749482401657,0.46153846153846156,-0.5281293952180028,0.34580384226491406,0.6527272727272727,-0.008086253369272238,-0.05267489711934156,0.0768361581920904,-0.067
0.08708708708708708,-0.6559766763848397,0.1441213653603034,0.16298020954598372,0.18914473684210528,0.448559670781893,-0.49550561797752807,-0.3781512605042017,-0.5650988411724608,0.0,-0.0679970436067997,-0.029141104294478526,0.09440559440559441,-0.056935817805383024,0.3351648351648352,-0.5098452883263009,-0.17795753286147623,0.4460606060606061,-0.09164420485175202,-0.0691358024691358,0.4440677966101695,0.53
0.08808808808808809,-0.6297376093294461,0.5823851664559628,0.47729918509895225,0.18585526315789475,0.2235939643347051,-0.16797752808988764,0.05322128851540616,-0.5241990456714383,0.0,0.1943828529194383,0.2361963190184049,0.08391608391608392,-0.42132505175983437,0.532967032967033,-0.6687763713080169,-0.6268958543983822,0.5915151515151515,0.2695417789757413,0.28806584362139914,0.6203389830508474,0.791
0.0890890890890891,-0.4470359572400389,-0.19679730299199324,0.35040745052386496,0.17598684210526316,0.3854595336076818,-0.6516853932584269,-0.42016806722689076,-0.7239263803680982,0.0,0.16334072431633406,-0.30214723926380366,0.45541958041958047,-0.06004140786749483,0.1446886446886447,-0.20745428973277075,0.09403437815975733,0.3157575757575758,-0.4636118598382749,-0.45679012345679015,0.36271186440677966,0.891
0.09009009009009009,-0.5500485908649174,0.18331226295828065,0.5774155995343423,0.47368421052631576,0.5212620027434842,-0.5668539325842696,-0.35294117647058826,-0.6319018404907976,0.0,0.13895048041389504,-0.024539877300613498,0.22552447552447555,-0.4968944099378882,0.2667887667887668,-0.49226441631504925,-0.044489383215369056,0.48121212121212126,-0.14150943396226415,-0.2024691358024691,0.39548022598870053,0.37
0.09109109109109109,-0.7512147716229349,-0.0880741677201854,0.169965075669383,0.19901315789473684,0.2606310013717421,-0.7033707865168539,-0.592436974789916,-0.783912747102931,0.0,0.14781966001478197,-0.29141104294478526,0.3321678321678322,-0.34679089026915116,0.2887667887667888,-0.39170182841068923,-0.28918099089989885,0.39696969696969703,-0.215633423180593,-0.30205761316872426,0.3152542372881356,1.015
0.0920920920920921,-0.5150631681243927,0.24062368310155915,0.3492433061699651,0.25,0.17283950617283952,-0.10730337078651686,0.04481792717086835,-0.5916837082481254,0.0,0.3266814486326681,-0.06748466257668712,0.3715034965034965,-0.5538302277432713,0.5067155067155067,-0.7215189873417722,-0.5591506572295248,0.5672727272727274,0.37196765498652296,-0.0016460905349794238,0.4067796610169491,0.848
0.09309309309309309,-0.45481049562682224,-0.05520438263801095,0.4109429569266589,0.3190789473684211,0.4595336076817559,-0.4803370786516854,-0.24089635854341737,-0.6428084526244034,0.0,0.14042867701404288,-0.049079754601226995,0.22989510489510492,-0.29089026915113875,0.3492063492063492,-0.4451476793248945,-0.12841253791708798,0.453939393939394,0.20080862533692723,-0.26008230452674896,0.2519774011299435,0.803
0.0940940940940941,-0.35082604470359574,0.32869785082174463,0.6135040745052387,0.3470394736842105,0.11248285322359397,-0.549438202247191,-0.2969187675070028,-0.5937286980231765,0.0,0.45454545454545453,-0.21625766871165641,0.4195804195804196,-0.004140786749482402,0.25763125763125766,-0.3431786216596343,-0.4762386248736097,0.39212121212121215,-0.47304582210242585,-0.2617283950617284,0.6689265536723163,0.996
0.09509509509509509,-0.34110787172011664,-0.21323219553308048,0.239813736903376,0.42927631578947373,0.5020576131687243,-0.7882022471910113,-0.3613445378151261,-0.7900477164280845,0.0,-0.09312638580931264,-0.29141104294478526,0.1520979020979021,-0.12732919254658384,-0.022588522588522588,-0.29254571026722925,0.10111223458038424,0.21515151515151515,-0.431266846361186,-0.562962962962963,0.31751412429378534,0.548
0.0960960960960961,-0.6588921282798835,0.2271386430678466,0.3317811408614668,0.43750000000000006,0.4499314128943759,-0.4314606741573034,-0.32633053221288516,-0.5835037491479209,0.0,-0.1662971175166297,0.4693251533742331,-0.03146853146853147,-0.4606625258799172,0.4523809523809524,-0.6251758087201126,-0.05763397371081901,0.4787878787878788,0.0876010781671159,0.01810699588477366,0.1310734463276836,0.253
0.0970970970970971,-0.27988338192419826,-0.2836072482090181,0.5180442374854483,0.5098684210526316,0.18106995884773663,-0.4792134831460674,-0.31652661064425774,-0.6775732788002726,0.0,0.44937176644493715,-0.0812883435582822,0.34090909090909094,-0.09730848861283645,0.1336996336996337,-0.3087201125175809,0.1102123356926188,0.22121212121212122,-0.37196765498652296,-0.5374485596707819,-0.08135593220338982,0.554
0.0980980980980981,-0.3070942662779398,-0.4825115887062789,-0.05937136204889406,0.6759868421052632,0.47599451303155005,-0.796629213483146,-0.3403361344537815,-0.8922972051806407,0.0,0.02734663710273466,-0.12576687116564417,0.08041958041958043,0.04244306418219462,-0.13125763125763126,-0.11322081575246133,0.5783619817997977,0.06606060606060607,-0.7102425876010782,-0.7218106995884773,0.23163841807909602,0.059
0.0990990990990991,-0.18561710398445094,-0.3194268857985672,0.19324796274738068,0.8470394736842106,-0.07544581618655694,-0.6719101123595506,-0.056022408963585436,-0.9802317655078391,0.0,0.6127124907612712,-0.49846625766871167,0.6127622377622378,-0.2546583850931677,-0.1953601953601954,-0.21448663853727146,-0.05358948432760364,-0.24000000000000002,-0.2884097035040431,-0.8485596707818929,0.3649717514124294,0.854
0.1001001001001001,-0.026239067055393587,-0.5002107037505268,0.12223515715948777,0.21875000000000003,0.19753086419753085,-0.5691011235955056,-0.3389355742296919,-0.8098159509202453,0.0,0.20916481892091646,-0.44631901840490795,0.45716783216783224,-0.12422360248447205,-0.06349206349206349,-0.19971870604781997,0.13751263902932256,-0.03393939393939394,-0.33423180592991913,-0.8106995884773662,0.22937853107344633,0.733
0.1011011011011011,-0.5140913508260447,-0.08723135271807837,0.13969732246798602,0.17434210526315788,0.6721536351165981,-0.6359550561797752,-0.4481792717086835,-0.6809815950920245,0.0,-0.11529933481152993,0.006134969325153374,0.0812937062937063,-0.5,0.15934065934065936,-0.4936708860759494,0.3731041456016178,0.20242424242424245,-0.2142857142857143,-0.2814814814814815,0.303954802259887,0.041
0.1021021021021021,-0.46355685131195334,0.1828908554572271,0.359720605355064,-0.09046052631578948,0.46227709190672156,-0.6589887640449439,-0.603641456582633,-0.7450579413769597,0.0,-0.18255728011825573,0.24079754601226994,0.05332167832167833,-0.17598343685300208,0.22222222222222224,-0.43319268635724334,-0.030333670374115267,0.2921212121212121,-0.4946091644204852,-0.23127572016460907,0.45649717514124294,0.403
0.1031031031031031,-0.5257531584062197,-0.11420143278550358,0.239813736903376,0.19736842105263158,0.2839506172839506,-0.48651685393258426,-0.33613445378151263,-0.6721199727334696,0.0,0.2638580931263858,-0.08282208588957055,0.37849650349650354,-0.5590062111801243,0.1385836385836386,-0.509142053445851,-0.1031344792719919,0.3618181818181818,0.0431266846361186,-0.34979423868312753,0.2485875706214689,0.714
0.1041041041041041,-0.6413994169096211,0.20227560050568896,0.4738067520372526,0.23519736842105263,0.00823045267489712,-0.4449438202247191,-0.7170868347338936,-0.6775732788002726,0.0,0.044345898004434586,-0.5536809815950919,0.5122377622377623,-0.06625258799171843,0.27472527472527475,-0.4388185654008439,-0.7017189079878665,0.25393939393939396,-0.12398921832884097,-0.3613168724279835,0.5016949152542373,1.452
0.10510510510510511,-0.39455782312925175,-0.09734513274336283,0.31082654249126895,0.26644736842105265,0.34156378600823045,-0.33314606741573033,-0.08823529411764706,-0.5971370143149284,0.0,0.15151515151515152,0.3389570552147239,0.25,-0.42236024844720493,0.2435897435897436,-0.4978902953586498,0.03943377148634985,0.4224242424242424,0.20215633423180593,-0.17777777777777776,-0.10056497175141242,0.451
0.1061061061061061,-0.18658892128279886,-0.440370838600927,0.16763678696158324,0.8453947368421053,0.588477366255144,-0.8151685393258428,-0.15266106442577032,-0.8179959100204498,0.0,0.2638580931263858,-0.09662576687116564,0.18793706293706294,-0.17805383022774326,-0.12454212454212454,-0.17651195499296765,0.6046511627906976,0.09212121212121212,-0.7102425876010782,-0.7934156378600822,0.03728813559322034,0.264
0.10710710710710711,-0.4742468415937804,-0.0037926675094816682,0.549476135040745,0.44736842105263164,0.2167352537722908,-0.6325842696629213,-0.6330532212885155,-0.7198364008179959,0.0,-0.022912047302291204,-0.4585889570552147,0.13374125874125875,-0.09109730848861283,0.20940170940170943,-0.329817158931083,0.0020222446916076846,0.32969696969696977,-0.40566037735849053,-0.4444444444444444,0.5932203389830508,0.581
0.10810810810810811,-0.6462585034013606,0.5655288664138222,0.6903376018626309,-0.3881578947368421,0.17283950617283952,-0.46685393258426966,-0.06722689075630253,-0.5773687798227675,0.0,0.6252771618625277,-0.03834355828220859,0.42045454545454547,-0.3612836438923395,0.4468864468864469,-0.4514767932489452,-0.5176946410515673,0.42424242424242425,-0.14150943396226415,0.0024691358024691358,0.6700564971751412,0.741
0.1091091091091091,-0.2886297376093295,-0.3126843657817109,0.12572759022118743,0.3404605263157895,0.4074074074074074,-0.5848314606741573,-0.3557422969187675,-0.749147920927062,0.0,0.12490761271249078,-0.2960122699386503,0.06993006993006994,-0.31780538302277433,0.1746031746031746,-0.21237693389592124,0.1243680485338726,0.2278787878787879,-0.09703504043126684,-0.5654320987654321,0.19435028248587569,0.7
0.11011011011011011,-0.489795918367347,-0.13147914032869784,0.28754365541327126,0.10855263157894737,0.5541838134430728,-0.4578651685393258,-0.3333333333333333,-0.5698704839809133,0.0,-0.03917220990391722,-0.4125766871165644,0.17045454545454547,-0.19254658385093168,0.3125763125763126,-0.46694796061884675,-0.1718907987866532,0.48121212121212126,0.2196765498652291,-0.1925925925925926,0.2677966101694915,0.748
0.1111111111111111,-0.6705539358600583,-0.05436156763590391,0.1583236321303842,-0.02138157894736842,0.9300411522633746,-0.7544943820224719,-0.4761904761904762,-0.765507839127471,0.0,-0.29268292682926833,-0.10276073619631902,-0.023601398601398604,-0.4057971014492754,0.3650793650793651,-0.4071729957805907,0.15874620829120323,0.3860606060606061,-0.5269541778975741,-0.2090534979423868,-0.01694915254237288,0.411
0.11211211211211211,-0.4995140913508261,-0.0008428150021070374,0.3061699650756694,0.2911184210526316,0.3950617283950617,-0.547752808988764,-0.11344537815126052,-0.6516700749829584,0.0,0.09312638580931264,-0.0736196319018405,0.09090909090909091,-0.36542443064182195,0.23992673992673996,-0.4978902953586498,0.13043478260869565,0.3509090909090909,-0.1940700808625337,-0.2362139917695473,0.26666666666666666,0.3
0.11311311311311312,-0.38192419825072893,0.039612305099030756,0.30966239813736907,0.6842105263157895,0.22222222222222224,-0.31404494382022474,-0.11204481792717087,-0.7150647580095432,0.0,0.14855875831485588,-0.299079754601227,0.29020979020979026,-0.2536231884057971,0.15873015873015875,-0.39943741209563993,-0.36804853387259856,0.24666666666666667,-0.01752021563342318,-0.3111111111111111,0.3446327683615819,0.667
0.11411411411411411,-0.5471331389698737,0.37505267593763164,0.46798603026775326,0.28125000000000006,0.2235939643347051,-0.3438202247191011,-0.1946778711484594,-0.40763462849352416,0.0,0.2512934220251294,-0.2116564417177914,0.2543706293706294,-0.2556935817805383,0.4108669108669109,-0.5260196905766527,-0.5591506572295248,0.47151515151515155,0.23315363881401616,0.09547325102880658,0.6519774011299434,0.894
0.11511511511511512,-0.4538386783284743,0.14075010535187527,0.4644935972060536,-0.013157894736842106,0.2770919067215364,-0.4780898876404494,-0.0742296918767507,-0.6353101567825494,0.0,0.15447154471544716,0.012269938650306749,0.2272727272727273,-0.31262939958592134,0.3882783882783883,-0.5014064697609001,-0.2062689585439838,0.3884848484848485,0.26549865229110514,-0.015637860082304524,0.4293785310734463,0.778
0.11611611611611612,-0.2847424684159378,0.10324483775811208,0.12689173457508732,0.7467105263157895,0.46639231824417016,-0.6129213483146068,-0.20868347338935575,-0.6428084526244034,0.0,0.08943089430894309,-0.42024539877300615,0.2237762237762238,-0.17080745341614909,0.16422466422466425,-0.34528832630098455,-0.1890798786653185,0.32787878787878794,-0.3113207547169812,-0.3292181069958848,0.7853107344632768,0.574
0.11711711711711711,-0.06511175898931001,-0.5684787189211967,0.27823050058207216,0.5082236842105263,0.34705075445816186,-0.4561797752808989,0.32072829131652664,-0.7089297886843899,0.0,0.6082779009608278,-0.3880368098159509,0.2998251748251749,-0.11076604554865424,0.001221001221001221,-0.23488045007032352,0.1122345803842265,0.0787878787878788,-0.03504043126684636,-0.5744855967078188,-0.2214689265536723,0.648
0.11811811811811812,-0.5850340136054422,0.014327855035819638,0.420256111757858,-0.049342105263157895,0.36899862825788754,-0.4685393258426966,-0.7058823529411765,-0.6884798909338786,0.0,-0.12269031781226904,0.2607361963190184,0.18793706293706294,-0.694616977225673,0.28449328449328454,-0.6490857946554149,0.15672396359959556,0.34,0.1967654986522911,-0.20658436213991768,0.25084745762711863,0.536
0.11911911911911911,-0.42274052478134116,0.0809102402022756,0.1688009313154831,0.5855263157894737,0.37311385459533614,-0.6382022471910112,-0.42016806722689076,-0.7627811860940695,0.0,0.03399852180339985,0.2147239263803681,0.2858391608391609,-0.35610766045548653,0.115995115995116,-0.37482419127988753,0.06875631951466128,0.22181818181818183,-0.31940700808625333,-0.2674897119341564,0.48587570621468923,0.332
0.12012012012012012,-0.5286686103012634,0.3544037083860092,0.5145518044237486,0.17269736842105263,-0.07818930041152264,-0.3213483146067415,-0.49019607843137253,-0.5698704839809133,0.0,0.2771618625277162,-0.2714723926380368,0.44580419580419584,-0.32091097308488614,0.4798534798534799,-0.5794655414908579,-0.5753286147623862,0.49575757575757573,-0.1509433962264151,0.024691358024691357,0.46327683615819204,0.761
0.12112112112112113,-0.6491739552964043,-0.08343868520859671,0.1769499417927823,0.29276315789473684,0.49519890260631,-0.7252808988764045,-0.8977591036414566,-0.705521472392638,0.0,-0.1581670362158167,-0.023006134969325152,0.25961538461538464,-0.1997929606625259,0.18925518925518928,-0.3663853727144867,0.05864509605662285,0.2981818181818182,-0.4164420485175202,-0.2781893004115226,0.24745762711864405,0.417
0.12212212212212212,-0.47521865889212833,0.12979351032448377,0.2922002328288708,-0.023026315789473686,0.49794238683127573,-0.4764044943820224,-0.09383753501400562,-0.569188820722563,0.0,-0.09608277900960828,-0.12576687116564417,0.0017482517482517485,-0.4730848861283644,0.5280830280830281,-0.580168776371308,-0.056622851365015166,0.7000000000000001,0.11320754716981132,0.1596707818930041,0.39548022598870053,0.458
0.12312312312312312,-0.500485908649174,0.24736620311841548,0.6519208381839349,0.2911184210526316,-0.04252400548696845,-0.43426966292134833,-0.5294117647058824,-0.6666666666666666,0.0,0.35994087213599407,-0.09049079754601226,0.5410839160839161,-0.26604554865424435,0.2863247863247863,-0.41983122362869196,-0.30738119312436807,0.23030303030303031,-0.11725067385444743,-0.14156378600823044,0.4779661016949152,0.805
0.12412412412412413,-0.44897959183673475,0.30046354825115884,0.7566938300349244,0.23848684210526314,-0.010973936899862827,-0.22696629213483147,0.1862745098039216,-0.49011588275391954,0.0,0.6651884700665188,-0.06901840490797545,0.5078671328671329,-0.4710144927536232,0.4194139194139195,-0.639240506329114,-0.4408493427704752,0.5224242424242425,0.4137466307277628,-0.08806584362139917,0.5322033898305084,0.819
0.12512512512512514,-0.5034013605442177,0.10872313527180782,0.3923166472642608,0.5575657894736843,0.06584362139917696,-0.4039325842696629,-0.08543417366946779,-0.632583503749148,0.0,0.344419807834442,-0.5276073619631901,0.39160839160839167,0.011387163561076604,0.29304029304029305,-0.4170182841068917,-0.5247724974721941,0.2751515151515152,-0.1725067385444744,-0.15555555555555556,0.44180790960451977,1.035
0.12612612612612611,-0.2701652089407192,-0.22250316055625788,0.15599534342258442,0.4342105263157895,0.07818930041152264,-0.5134831460674157,-0.20448179271708683,-0.7368779822767552,0.0,0.19216555801921656,-0.47392638036809814,0.3094405594405594,-0.10869565217391304,0.037851037851037855,-0.2721518987341772,-0.1931243680485339,0.1581818181818182,-0.25202156334231807,-0.5753086419753086,0.40338983050847455,0.716
0.12712712712712712,-0.5053449951409136,0.3126843657817109,0.7089639115250291,0.26151315789473684,0.3525377229080933,-0.5078651685393258,-0.25210084033613445,-0.5582822085889569,0.0,0.37989652623798964,0.21319018404907977,0.3557692307692308,-0.38095238095238093,0.31074481074481075,-0.5112517580872011,-0.07381193124368048,0.48121212121212126,-0.04447439353099731,-0.18847736625514402,0.36271186440677966,0.492
0.12812812812812813,-0.23323615160349856,-0.531394858828487,0.0849825378346915,0.5115131578947368,-0.006858710562414267,-0.6235955056179776,-0.046218487394957986,-0.8513974096796183,0.0,0.30672579453067256,-0.7285276073619631,0.45541958041958047,-0.2225672877846791,-0.09706959706959707,-0.3234880450070324,0.12335692618806876,-0.08,-0.25336927223719674,-0.7242798353909464,-0.07796610169491526,0.728
0.12912912912912913,-0.46355685131195334,-0.4016013485040033,0.12689173457508732,0.32565789473684215,0.4526748971193416,-0.501123595505618,-0.2464985994397759,-0.8077709611451943,0.0,0.24611973392461198,-0.19785276073619631,0.3688811188811189,-0.515527950310559,-0.001221001221001221,-0.38607594936708867,0.16076845298281092,0.0890909090909091,0.08221024258760108,-0.5127572016460905,-0.02485875706214689,0.759
0.13013013013013014,-0.3090379008746356,0.20396123050990306,0.41327124563445866,0.2993421052631579,0.49794238683127573,-0.30168539325842697,0.06442577030812326,-0.4751192910702113,0.0,0.0753880266075388,0.29754601226993865,0.21416083916083917,-0.32194616977225676,0.38705738705738707,-0.6047819971870605,-0.03640040444893832,0.4048484848484849,0.215633423180593,-0.016460905349794237,0.3163841807909605,0.418
0.13113113113113112,-0.7327502429543247,0.7172355667930889,0.9639115250291036,-0.17598684210526316,0.31824417009602196,-0.1258426966292135,-0.1512605042016807,-0.2951601908657123,0.0,0.15373244641537323,-0.26840490797546007,0.08041958041958043,-0.5072463768115942,1.0,-1.0,-0.7401415571284126,1.0,0.6549865229110512,0.7102880658436214,0.5638418079096045,1.113
0.13213213213213212,-0.6064139941690962,0.37252423093131054,0.44935972060535506,0.03125,0.6982167352537724,-0.2797752808988764,-0.20868347338935575,-0.3974096796182685,0.0,-0.21729490022172948,0.5245398773006135,-0.20804195804195805,-0.4192546583850932,0.6263736263736265,-0.7334739803094233,-0.1648129423660263,0.7387878787878789,0.33827493261455527,0.2650205761316872,0.27231638418079096,0.195
0.13313313313313313,-0.4742468415937804,0.15718499789296247,0.25029103608847497,0.2055921052631579,0.4636488340192044,-0.44831460674157303,-0.32212885154061627,-0.5773687798227675,0.0,-0.090169992609017,0.12883435582822086,0.16695804195804198,-0.3478260869565218,0.40781440781440786,-0.47398030942334746,-0.09403437815975733,0.5230303030303031,-0.018867924528301886,-0.08724279835390945,0.2903954802259887,0.527
0.13413413413413414,-0.3896987366375122,-0.3270122208175305,-0.16065192083818394,0.12664473684210525,0.4636488340192044,-0.3601123595505618,-0.3319327731092437,-0.7000681663258349,0.0,-0.3614190687361419,0.20858895705521474,-0.0,-0.43788819875776397,0.0811965811965812,-0.6399437412095641,0.25480283114256824,0.17515151515151514,0.4272237196765499,-0.19012345679012346,-0.04293785310734463,0.343
0.13513513513513514,-0.28085519922254615,0.17235566793088913,0.2828870779976717,0.5230263157894737,-0.35665294924554186,-0.5337078651685393,-0.26890756302521013,-0.6414451261077028,0.0,0.44715447154471544,-0.6595092024539877,0.7141608391608392,0.061076604554865424,0.13125763125763126,-0.3037974683544304,-0.7755308392315471,0.17030303030303032,-0.5876010781671159,-0.4880658436213991,0.6666666666666666,1.391
0.13613613613613615,-0.4101068999028183,0.327433628318584,0.440046565774156,0.5707236842105263,0.39643347050754457,-0.16179775280898875,-0.012605042016806723,-0.3258350374914792,0.0,0.06873614190687362,0.5720858895705522,-0.0716783216783217,-0.4679089026915114,0.5122100122100122,-0.7109704641350211,-0.29828109201213343,0.649090909090909,0.42452830188679247,0.11275720164609053,0.13220338983050847,0.356
0.13713713713713713,-0.7201166180758019,0.37126000842815,0.4831199068684517,-0.14473684210526316,0.44170096021947874,-0.40561797752808987,-0.530812324929972,-0.498295841854124,0.0,0.0066518847006651885,0.30368098159509205,0.21503496503496505,-0.489648033126294,0.5647130647130648,-0.6378340365682138,-0.28816986855409504,0.5715151515151515,0.12129380053908355,0.11934156378600821,0.4293785310734463,0.691
0.13813813813813813,-0.5529640427599611,0.2789717656974294,0.31315483119906873,0.36348684210526316,0.18655692729766807,-0.6224719101123596,-0.5672268907563026,-0.6612133605998636,0.0,-0.10273466371027348,-0.09815950920245399,0.12762237762237763,-0.26293995859213254,0.21916971916971917,-0.5267229254571026,-0.2871587462082912,0.2872727272727273,-0.2641509433962264,-0.3069958847736625,0.632768361581921,0.452
0.13913913913913914,-0.5918367346938775,0.2203961230509903,0.3364377182770663,0.38486842105263164,0.53360768175583,-0.4797752808988764,-0.3515406162464986,-0.6169052488070893,0.0,-0.11160384331116038,-0.22239263803680978,-0.04108391608391609,-0.33229813664596275,0.42063492063492064,-0.5351617440225035,-0.17087967644084937,0.5903030303030303,-0.0013477088948787063,-0.02880658436213992,0.6225988700564972,0.425
0.14014014014014015,-0.4033041788143829,-0.09144542772861355,0.12339930151338765,0.31414473684210525,0.5692729766803841,-0.7112359550561798,-0.2184873949579832,-0.6387184730743013,0.0,0.03917220990391722,0.0352760736196319,0.06381118881118882,-0.34057971014492755,0.2075702075702076,-0.2728551336146273,0.2608695652173913,0.43333333333333335,-0.4191374663072776,-0.388477366255144,0.17966101694915254,0.464
0.14114114114114115,-0.5325558794946551,0.07922461019806151,0.169965075669383,0.10526315789473685,0.4718792866941015,-0.5702247191011235,-0.4481792717086835,-0.67280163599182,0.0,-0.09534368070953438,-0.3987730061349693,-0.013111888111888112,-0.5248447204968945,0.333943833943834,-0.5218002812939522,-0.15166835187057634,0.33696969696969703,-0.18598382749326148,-0.16296296296296295,0.3559322033898305,0.669
0.14214214214214213,-0.44995140913508264,0.10071639275179096,0.3946449359720606,0.13651315789473686,0.6419753086419754,-0.3556179775280899,-0.3725490196078432,-0.5351056578050443,0.0,-0.4198078344419808,0.5843558282208589,-0.2159090909090909,-0.5641821946169773,0.5531135531135531,-0.7510548523206751,0.276036400404449,0.5454545454545455,0.3086253369272237,0.13497942386831274,-0.05536723163841808,0.049
0.14314314314314314,-0.4188532555879495,-0.05351875263379688,0.339930151338766,0.368421052631579,0.32510288065843623,-0.752808988764045,-0.40476190476190477,-0.809134287661895,0.0,0.12121212121212122,-0.3374233128834356,0.26223776223776224,-0.07246376811594203,0.05128205128205129,-0.2552742616033755,0.08088978766430738,0.18727272727272729,-0.7035040431266847,-0.41893004115226334,0.25084745762711863,0.589
0.14414414414414414,-0.5830903790087464,-0.054782975136957436,0.019790454016298024,0.34210526315789475,0.6995884773662552,-0.5679775280898876,-0.607843137254902,-0.5357873210633947,0.0,-0.21286031042128603,0.1411042944785276,0.011363636363636364,-0.43788819875776397,0.28998778998779,-0.5323488045007032,0.05763397371081901,0.44,0.029649595687331536,-0.1588477366255144,0.22259887005649717,0.549
0.14514514514514515,-0.2536443148688047,-0.2528445006321112,0.12689173457508732,0.5888157894736842,0.5925925925925926,-0.6825842696629214,0.09663865546218489,-0.7416496250852079,0.0,0.07390983000739099,0.3773006134969325,0.03583916083916085,-0.29089026915113875,0.03418803418803419,-0.21870604781997188,0.6632962588473206,0.25757575757575757,-0.46091644204851756,-0.4213991769547325,-0.022598870056497175,-0.125
0.14614614614614616,-0.6666666666666667,0.2722292456805731,0.470314318975553,0.2598684210526316,0.13717421124828533,-0.41685393258426967,-0.5770308123249299,-0.683708248125426,0.0,0.270509977827051,-0.46165644171779135,0.6354895104895105,-0.4389233954451346,0.3925518925518926,-0.5618846694796062,-0.6056622851365016,0.5351515151515152,0.006738544474393531,-0.12263374485596706,0.4124293785310734,1.353
0.14714714714714713,-0.3129251700680272,-0.019806152549515378,0.5681024447031432,0.5953947368421053,0.27983539094650206,-0.5449438202247191,-0.242296918767507,-0.8016359918200409,0.0,0.18920916481892092,-0.5061349693251533,0.32080419580419584,0.008281573498964804,0.1794871794871795,-0.34810126582278483,-0.09504550050556117,0.2787878787878788,-0.24528301886792453,-0.39835390946502053,0.5649717514124294,0.581
0.14814814814814814,-0.522837706511176,0.13822166034555414,0.35157159487776485,0.475328947368421,0.2880658436213992,-0.43426966292134833,-0.3669467787114846,-0.6373551465576005,0.0,0.19142645971914266,-0.28067484662576686,0.4825174825174826,-0.3136645962732919,0.19902319902319904,-0.4957805907172996,-0.2730030333670374,0.3557575757575758,-0.1293800539083558,-0.2748971193415638,0.28700564971751413,0.967
0.14914914914914915,-0.37803692905733727,0.027391487568478718,0.5238649592549476,0.23026315789473686,0.7379972565157751,-0.6966292134831461,-0.10784313725490197,-0.5528289025221541,0.0,0.13821138211382114,0.08282208588957055,0.08741258741258742,-0.4389233954451346,0.2875457875457875,-0.3832630098452884,0.14661274014155712,0.40787878787878795,-0.33423180592991913,-0.20329218106995883,0.015819209039548022,0.325
0.15015015015015015,-0.9300291545189505,0.5899705014749261,0.3934807916181607,-0.11348684210526316,0.6406035665294925,-0.06460674157303371,-0.43137254901960786,-0.32310838445807766,0.0,-0.28159645232815966,0.9018404907975459,-0.1695804195804196,-0.6708074534161491,0.7490842490842492,-0.9746835443037974,-0.30030333670374115,0.786060606060606,0.6805929919137467,0.5662551440329218,0.37175141242937854,0.172
0.15115115115115116,-0.3576287657920311,0.4656552886641382,0.5448195576251456,-0.14802631578947367,0.4718792866941015,-0.22359550561797753,-0.16946778711484595,-0.33537832310838445,0.0,0.21359940872135993,0.06748466257668712,0.24388111888111894,-0.4389233954451346,0.5347985347985348,-0.670182841068917,-0.358948432760364,0.6206060606060606,0.27358490566037735,0.26008230452674896,0.415819209039548,0.707
0.15215215215215216,-0.3226433430515064,0.05731142014327855,0.26775320139697323,0.5082236842105263,0.5912208504801097,-0.7084269662921348,-0.2619047619047619,-0.7075664621676891,0.0,0.06430155210643015,-0.04294478527607362,0.33828671328671334,-0.13975155279503107,0.17643467643467645,-0.3635724331926864,-0.10819009100101112,0.276969696969697,-0.29514824797843664,-0.237037037037037,0.4429378531073446,0.652
0.15315315315315314,-0.41788143828960156,0.2549515381373788,0.5122235157159488,-0.07730263157894737,0.14814814814814814,-0.45393258426966293,0.028011204481792718,-0.5535105657805044,0.0,0.3961566888396157,-0.22699386503067484,0.3653846153846154,-0.5351966873706004,0.44078144078144077,-0.6624472573839663,-0.41354903943377147,0.4212121212121212,0.12398921832884097,0.013991769547325103,0.5649717514124294,0.907
0.15415415415415415,-0.664723032069971,0.9207753898019384,0.6449359720605355,0.2779605263157895,0.4101508916323731,-0.20842696629213484,0.05042016806722689,-0.3851397409679618,0.0,0.24611973392461198,0.3773006134969325,0.29020979020979026,-0.412008281573499,0.7735042735042735,-0.8769338959212378,-0.9352881698685541,0.7327272727272728,0.362533692722372,0.4213991769547325,0.9118644067796611,0.648
0.15515515515515516,-0.6987366375121478,0.2246101980615255,0.3608847497089639,0.4950657894736842,0.710562414266118,-0.5589887640449438,-0.45378151260504207,-0.6912065439672801,0.0,-0.1943828529194383,-0.13190184049079753,-0.04632867132867133,-0.3053830227743271,0.30219780219780223,-0.4725738396624473,-0.2295247724974722,0.4406060606060606,-0.14420485175202155,-0.03950617283950617,0.6440677966101694,0.466
0.15615615615615616,-0.4839650145772595,-0.18499789296249472,0.12456344586728754,0.13651315789473686,0.3703703703703704,-0.602247191011236,-0.3403361344537815,-0.6905248807089297,0.0,0.005912786400591279,-0.4217791411042945,0.0882867132867133,0.009316770186335404,0.1971916971916972,-0.27004219409282704,-0.1243680485338726,0.2503030303030303,-0.4663072776280323,-0.4748971193415637,0.34689265536723163,0.598
0.15715715715715717,-0.5490767735665695,-0.19258322798145805,0.08614668218859138,-0.09868421052631579,0.5898491083676269,-0.3747191011235955,-0.3543417366946779,-0.6871165644171778,0.0,-0.09090909090909091,-0.01380368098159509,-0.07604895104895106,-0.4006211180124224,0.13064713064713065,-0.4282700421940928,0.30535894843276035,0.20303030303030306,0.16981132075471697,-0.3242798353909465,0.44519774011299434,0.332
0.15815815815815815,-0.6248785228377066,-0.15002107037505266,0.1781140861466822,0.29276315789473684,0.6200274348422496,-0.653370786516854,-0.2857142857142857,-0.7062031356509884,0.0,-0.22468588322246857,-0.455521472392638,-0.13723776223776224,-0.5279503105590062,0.25702075702075705,-0.43670886075949367,0.1749241658240647,0.28484848484848485,-0.3018867924528302,-0.242798353909465,0.1864406779661017,0.398
0.15915915915915915,-0.5908649173955297,0.22882427307206069,0.5285215366705471,0.07730263157894737,0.2085048010973937,-0.5376404494382022,-0.4397759103641457,-0.6530334014996592,0.0,0.3828529194382853,-0.7975460122699386,0.5375874125874126,-0.42960662525879917,0.26495726495726496,-0.5246132208157525,-0.5369059656218402,0.2515151515151515,-0.04447439353099731,-0.2823045267489712,0.5740112994350283,1.423
0.16016016016016016,-0.1273080660835763,-0.4517488411293721,0.04074505238649593,0.40131578947368424,0.44170096021947874,-0.5241573033707866,-0.1288515406162465,-0.642126789366053,0.0,0.21433850702143384,-0.200920245398773,0.4230769230769231,-0.1697722567287785,-0.06593406593406594,-0.2981715893108298,0.28816986855409504,0.2272727272727273,-0.05390835579514825,-0.5810699588477366,0.1864406779661017,0.846
0.16116116116116116,-0.2031098153547133,-0.574378423935946,0.19557625145518046,0.4901315789473684,0.43072702331961593,-0.9466292134831461,-0.4719887955182073,-1.0,0.0,0.07686622320768662,-0.21779141104294475,0.26223776223776224,-0.015527950310559006,-0.23931623931623933,-0.15119549929676512,0.5005055611729019,-0.06606060606060607,-0.5215633423180593,-0.8814814814814814,0.11977401129943502,0.359
0.16216216216216217,-0.49465500485908653,0.14201432785503582,0.5785797438882422,-0.16447368421052633,0.6625514403292181,-0.7578651685393258,-0.31652661064425774,-0.7334696659850034,0.0,0.3170731707317073,-0.3174846625766871,0.11800699300699302,-0.2453416149068323,0.2783882783882784,-0.2609001406469761,-0.12133468149646107,0.5272727272727273,-0.6320754716981132,-0.2362139917695473,0.35706214689265536,0.807
0.16316316316316315,-0.48785228377065115,0.1592920353982301,0.7275902211874272,0.0016447368421052633,0.4224965706447188,-0.5325842696629213,-0.38375350140056025,-0.7116564417177914,0.0,0.2106430155210643,-0.01380368098159509,0.19493006993006995,-0.5238095238095238,0.36752136752136755,-0.4655414908579466,-0.03842264914054601,0.3363636363636364,-0.1981132075471698,-0.25267489711934155,0.3615819209039548,0.64
0.16416416416416416,-0.21185617103984453,-0.1369574378423936,0.1583236321303842,0.6019736842105263,0.15089163237311387,-0.6938202247191012,-0.38655462184873957,-0.8323108384458078,0.0,0.20473022912047303,-0.3911042944785276,0.4790209790209791,0.08695652173913045,-0.11050061050061051,-0.17862165963431786,-0.1911021233569262,-0.03272727272727273,-0.4865229110512129,-0.7695473251028806,0.7016949152542373,0.971
0.16516516516516516,-0.4285714285714286,-0.0809102402022756,0.440046565774156,0.3569078947368421,0.38820301783264743,-0.5803370786516854,-0.2030812324929972,-0.6319018404907976,0.0,0.32002956393200294,-0.09969325153374232,0.33391608391608396,-0.4130434782608696,0.1452991452991453,-0.3670886075949367,-0.06875631951466128,0.4254545454545455,-0.04043126684636118,-0.2962962962962963,0.30621468926553674,0.528
0.16616616616616617,-0.32167152575315844,0.08723135271807837,0.5343422584400466,0.17269736842105263,0.4526748971193416,-0.5449438202247191,-0.07282913165266107,-0.6659850034083162,0.0,0.500369549150037,-0.200920245398773,0.26223776223776224,-0.6283643892339544,0.25763125763125766,-0.4683544303797469,-0.01820020222446916,0.4084848484848485,-0.09568733153638813,-0.2502057613168724,0.3694915254237288,0.389
0.16716716716716717,-0.5714285714285714,0.019806152549515378,0.39813736903376024,0.21381578947368424,0.6858710562414266,-0.7073033707865168,-0.13725490196078433,-0.8248125426039535,0.0,0.17960088691796008,-0.0352760736196319,0.1931818181818182,-0.26604554865424435,0.14957264957264957,-0.21518987341772153,0.13346814964610718,0.2921212121212121,-0.35444743935309975,-0.4271604938271605,0.46553672316384176,0.54
0.16816816816816818,-0.6520894071914481,0.3270122208175305,0.6367869615832363,-0.08552631578947369,0.6694101508916324,-0.41685393258426967,-0.26750700280112044,-0.531015678254942,0.0,0.1419068736141907,-0.12116564417177914,0.1153846153846154,-0.35714285714285715,0.5018315018315018,-0.6329113924050633,-0.39737108190091003,0.7187878787878788,0.0026954177897574125,0.16378600823045267,0.3615819209039548,0.977
0.16916916916916916,-0.272108843537415,0.3299620733249052,0.39697322467986035,0.4490131578947369,0.12208504801097393,-0.46067415730337075,-0.14145658263305325,-0.574642126789366,0.0,0.30746489283074646,-0.299079754601227,0.42482517482517484,-0.18322981366459626,0.3724053724053724,-0.4620253164556962,-0.4924165824064712,0.4363636363636364,-0.1994609164420485,-0.19012345679012346,0.6497175141242937,0.826
0.17017017017017017,-0.6462585034013606,0.13358617783396542,0.5681024447031432,0.20888157894736842,0.3758573388203018,-0.4196629213483146,-0.6162464985994398,-0.6332651670074982,0.0,0.23577235772357724,-0.2361963190184049,0.23601398601398604,-0.5269151138716356,0.3241758241758242,-0.4549929676511955,-0.07785642062689585,0.3254545454545455,-0.20215633423180593,-0.15555555555555556,0.34576271186440677,0.602
0.17117117117117117,-0.3644314868804665,0.06110408765276021,0.42724097788125726,0.00493421052631579,0.3484224965706447,-0.7286516853932584,-0.38515406162464993,-0.7716428084526243,0.0,0.1655580192165558,-0.004601226993865031,0.1520979020979021,-0.18944099378881987,0.17399267399267399,-0.34739803094233473,0.0525783619817998,0.30424242424242426,-0.33557951482479786,-0.3267489711934156,0.4892655367231638,0.45
0.17217217217217218,-0.6248785228377066,0.3249051833122629,0.4970896391152503,-0.13157894736842105,0.24828532235939643,-0.23033707865168537,-0.45658263305322133,-0.5589638718473073,0.0,0.12712490761271247,0.026073619631901843,0.19055944055944057,-0.32919254658385094,0.5274725274725275,-0.6905766526019691,-0.5682507583417594,0.609090909090909,0.3962264150943396,0.05432098765432099,0.4542372881355932,0.803
0.17317317317317318,-0.7910592808551993,0.7008006742520017,0.7578579743888243,0.27631578947368424,0.037037037037037035,-0.5078651685393258,-0.6764705882352942,-0.6353101567825494,0.0,0.17590539541759054,0.1303680981595092,0.38024475524475526,-0.2525879917184265,0.6233211233211233,-0.6019690576652602,-0.7684529828109201,0.6054545454545455,-0.07547169811320754,0.14320987654320985,0.7502824858757062,1.235
0.17417417417417416,-0.31195335276967934,-0.40623683101559205,0.20954598370197905,0.5263157894736842,0.6159122085048011,-0.4084269662921348,-0.1162464985994398,-0.6414451261077028,0.0,-0.007390983000739098,0.36196319018404904,-0.13286713286713286,-0.4078674948240166,0.336996336996337,-0.36146272855133615,0.5642062689585441,0.4642424242424243,0.11051212938005392,-0.28888888888888886,-0.17740112994350282,-0.065
0.17517517517517517,-0.15743440233236153,-0.45638432364096077,0.08614668218859138,0.6644736842105263,0.42112482853223593,-0.5898876404494382,-0.29971988795518206,-0.7321063394683026,0.0,0.04582409460458241,-0.22699386503067484,0.2491258741258741,-0.04244306418219462,-0.09523809523809525,-0.18565400843881857,0.24469160768452983,0.049090909090909095,-0.3975741239892183,-0.7736625514403291,0.25536723163841807,0.34
0.17617617617617617,-0.4586977648202138,-0.6430678466076696,0.06519208381839349,0.27302631578947373,0.8203017832647462,-0.6634831460674158,-0.7633053221288516,-0.8479890933878663,0.0,-0.32002956393200294,-0.08282208588957055,0.029720279720279724,-0.33022774327122156,-0.040293040293040296,-0.33825597749648384,0.6147623862487361,0.11757575757575758,-0.2830188679245283,-0.6123456790123456,-0.24519774011299433,0.322
0.17717717717717718,-0.16618075801749274,0.11757269279393173,0.5459837019790453,0.6381578947368421,0.15912208504801098,-0.5112359550561798,-0.10364145658263305,-0.49556918882072254,0.0,0.5720620842572063,-0.21319018404907977,0.48776223776223787,-0.28881987577639756,0.1617826617826618,-0.32911392405063294,-0.16177957532861476,0.24121212121212124,-0.5067385444743935,-0.4345679012345679,0.3073446327683616,0.914
0.1781781781781782,-0.5724003887269193,0.3889591234723978,0.31082654249126895,0.125,0.2263374485596708,-0.4629213483146067,-0.3767507002801121,-0.5426039536468984,0.0,0.14412416851441243,0.05061349693251534,0.1765734265734266,-0.2701863354037267,0.49328449328449336,-0.45007032348804504,-0.4448938321536906,0.473939393939394,-0.14150943396226415,-0.058436213991769535,0.4757062146892655,0.887
0.17917917917917917,-0.6248785228377066,0.07585335018963336,0.5739231664726426,0.024671052631578948,0.5857338820301783,-0.5140449438202247,-0.1904761904761905,-0.6291751874573961,0.0,0.28307464892830747,-0.03987730061349693,0.173951048951049,-0.38509316770186336,0.4450549450549451,-0.5618846694796062,-0.08897876643073811,0.49757575757575756,0.09838274932614555,-0.05102880658436214,0.19548022598870055,0.519
0.18018018018018017,-0.27405247813411077,-0.3080488832701222,0.3143189755529686,0.45559210526315796,0.1467764060356653,-0.653370786516854,-0.0896358543417367,-0.8132242672119973,0.0,0.5543237250554324,-0.2898773006134969,0.47465034965034975,-0.4451345755693582,-0.009157509157509158,-0.3037974683544304,0.20424671385237617,-0.003636363636363637,-0.03638814016172507,-0.7201646090534979,0.2655367231638418,0.485
0.18118118118118118,-0.7745383867832848,0.587442056468605,0.8009313154831199,0.5197368421052632,0.006858710562414267,-0.32640449438202246,-0.7703081232492999,-0.49556918882072254,0.0,0.18107908351810792,-0.049079754601226995,0.4195804195804196,-0.42857142857142855,0.4621489621489622,-0.5133614627285513,-0.6996966632962588,0.4787878787878788,-0.006738544474393531,-0.05185185185185185,0.5796610169491525,0.913
0.18218218218218218,-0.4888241010689991,0.19679730299199324,0.220023282887078,0.29605263157894735,0.46639231824417016,-0.6477528089887641,-0.4761904761904762,-0.6959781867757326,0.0,-0.1589061345158906,0.006134969325153374,0.004370629370629371,-0.38198757763975155,0.22771672771672774,-0.4718706047819972,-0.0455005055611729,0.45212121212121215,-0.08086253369272237,-0.12839506172839504,0.4621468926553672,0.605
0.1831831831831832,-0.32458697764820216,-0.21997471554993678,0.4307334109429569,0.27302631578947373,0.617283950617284,-0.3898876404494382,0.15546218487394958,-0.5173824130879345,0.0,0.29490022172949004,0.25,0.18881118881118883,-0.42546583850931674,0.2771672771672772,-0.5421940928270043,0.14661274014155712,0.4260606060606061,0.22911051212938008,-0.26584362139917694,0.0903954802259887,0.338
0.1841841841841842,-0.29543245869776485,-0.3190054782975137,0.13387660069848661,0.14967105263157895,0.11934156378600823,-0.6691011235955057,-0.5378151260504203,-0.9011588275391956,0.0,0.08351810790835182,-0.39723926380368096,0.3828671328671329,-0.02173913043478261,0.045177045177045176,-0.25668073136427566,-0.21233569261880686,0.1375757575757576,-0.37466307277628036,-0.5646090534979424,0.1672316384180791,1.028
0.18518518518518517,-0.413022351797862,0.07079646017699115,0.18626309662398138,0.34539473684210525,0.2839506172839506,-0.41067415730337076,-0.365546218487395,-0.6973415132924334,0.0,0.2586844050258684,-0.27300613496932513,0.27272727272727276,-0.2991718426501035,0.1336996336996337,-0.4317862165963432,-0.34782608695652173,0.2648484848484849,-0.14420485175202155,-0.36954732510288063,0.584180790960452,0.904
0.18618618618618618,-0.653061224489796,0.34007585335018964,0.3364377182770663,0.09046052631578948,0.4334705075445816,-0.2848314606741573,-0.2969187675070028,-0.47239263803680975,0.0,-0.057649667405764965,0.2883435582822086,0.01223776223776224,-0.694616977225673,0.46092796092796096,-0.6905766526019691,-0.2204246713852376,0.6412121212121212,0.1509433962264151,0.06419753086419752,0.3423728813559322,0.376
0.1871871871871872,-0.7035957240038873,0.32279814580699534,0.20721769499417927,0.11019736842105264,0.262002743484225,-0.5112359550561798,-0.37535014005602246,-0.6434901158827538,0.0,0.10790835181079084,0.05674846625766871,0.04982517482517483,-0.4989648033126294,0.4450549450549451,-0.7707454289732771,-0.41051567239636,0.4733333333333334,0.10646900269541779,-0.0016460905349794238,0.5627118644067797,0.566
0.1881881881881882,-0.4606413994169096,-0.13611462284028655,0.3853317811408615,0.23848684210526314,0.812071330589849,-0.5101123595505618,-0.19327731092436978,-0.732788002726653,0.0,0.164079822616408,-0.2714723926380368,0.14685314685314688,-0.4089026915113872,0.278998778998779,-0.5126582278481012,0.07785642062689585,0.34,0.2398921832884097,-0.2551440329218107,0.2632768361581921,0.586
0.1891891891891892,-0.3965014577259475,-0.09313105773282764,0.31082654249126895,0.10361842105263158,0.7064471879286695,-0.6949438202247191,0.16666666666666666,-0.6448534423994546,0.0,0.40872135994087216,-0.06595092024539877,0.25961538461538464,-0.38819875776397517,0.1904761904761905,-0.3389592123769339,0.20020222446916078,0.3757575757575758,-0.4420485175202157,-0.3909465020576131,0.4214689265536723,0.241
0.19019019019019018,-0.2458697764820214,0.14454277286135694,0.34225844004656575,0.4588815789473685,0.40329218106995884,-0.4685393258426966,-0.0056022408963585435,-0.5882753919563735,0.0,0.30081300813008127,0.14570552147239263,0.17569930069930073,-0.406832298136646,0.32234432234432236,-0.48030942334739807,-0.1890798786653185,0.44727272727272727,-0.03773584905660377,-0.17530864197530863,0.3367231638418079,0.583
0.19119119119119118,-0.46938775510204084,0.08428150021070374,0.42258440046565776,0.13980263157894737,0.07544581618655694,-0.5466292134831461,-0.28151260504201686,-0.6543967280163598,0.0,0.24981522542498155,-0.6595092024539877,0.5166083916083917,-0.2971014492753623,0.31440781440781446,-0.3938115330520394,-0.37714863498483314,0.16181818181818183,-0.4110512129380054,-0.25267489711934155,0.4757062146892655,1.016
0.1921921921921922,-0.565597667638484,0.5975558364938895,0.3480791618160652,0.368421052631579,0.2167352537722908,-0.40561797752808987,-0.2184873949579832,-0.4342194955691888,0.0,0.15668883961566887,0.02147239263803681,0.173951048951049,-0.489648033126294,0.3980463980463981,-0.6118143459915613,-0.5085945399393327,0.6127272727272727,-0.09703504043126684,0.04526748971193415,0.7242937853107345,0.952
0.1931931931931932,-0.32167152575315844,-0.1592920353982301,0.1850989522700815,0.4342105263157895,0.2770919067215364,-0.5449438202247191,-0.07563025210084034,-0.7648261758691207,0.0,0.19955654101995568,0.12883435582822086,0.2648601398601399,-0.463768115942029,0.18864468864468864,-0.45710267229254575,0.13245702730030334,0.28424242424242424,-0.1509433962264151,-0.3975308641975308,0.04406779661016949,0.468
0.1941941941941942,-0.41788143828960156,-0.12726506531816265,0.2549476135040745,0.5427631578947368,0.07407407407407407,-0.6151685393258427,-0.44117647058823534,-0.7955010224948875,0.0,0.3325942350332594,-0.5306748466257668,0.6083916083916084,-0.18944099378881987,0.12271062271062272,-0.29957805907172996,-0.28918099089989885,0.1781818181818182,-0.2142857142857143,-0.4666666666666666,0.6237288135593221,1.251
0.19519519519519518,-0.44217687074829937,-0.11420143278550358,0.16530849825378346,0.7171052631578948,0.021947873799725653,-0.5792134831460674,-0.24789915966386555,-0.7716428084526243,0.0,0.2845528455284553,-0.3665644171779141,0.46066433566433573,-0.2732919254658385,0.1398046398046398,-0.3248945147679325,-0.21334681496461072,0.37393939393939396,-0.20350404312668463,-0.40576131687242795,0.43615819209039547,1.043
0.1961961961961962,-0.30417881438289607,-0.13105773282764432,0.470314318975553,0.42927631578947373,0.4993141289437586,-0.35842696629213483,-0.1568627450980392,-0.49488752556237214,0.0,0.10051736881005174,0.3558282208588957,0.09527972027972029,-0.3281573498964803,0.380952380952381,-0.5253164556962026,0.16885743174924167,0.6139393939393939,0.09568733153638813,-0.07078189300411522,-0.288135593220339,0.212
0.1971971971971972,-0.28960155490767736,-0.07922461019806151,0.08614668218859138,0.0805921052631579,0.7750342935528121,-0.4640449438202247,0.07983193277310925,-0.5569188820722563,0.0,0.0376940133037694,-0.015337423312883436,-0.13636363636363638,-0.2784679089026915,0.362026862026862,-0.5014064697609001,0.1557128412537917,0.43212121212121213,0.009433962264150943,-0.17777777777777776,0.2576271186440678,0.268
0.1981981981981982,-0.7016520894071915,0.018120522545301304,0.38882421420256114,0.23684210526315788,0.5747599451303155,-0.6432584269662921,-0.7184873949579832,-0.7995910020449898,0.0,-0.14042867701404288,-0.0812883435582822,0.16346153846153846,-0.5062111801242236,0.1507936507936508,-0.42545710267229253,0.05055611729019212,0.23515151515151517,-0.2884097035040431,-0.4444444444444444,0.2790960451977401,0.593
0.1991991991991992,-0.12827988338192423,-0.531394858828487,0.1408614668218859,0.7713815789473684,0.2496570644718793,-1.0,0.0392156862745098,-0.9631901840490797,0.0,0.41093865484109393,-0.6349693251533742,0.43968531468531474,0.0010351966873706005,-0.2258852258852259,-0.026722925457102673,0.3468149646107179,-0.045454545454545456,-0.7857142857142857,-0.8131687242798353,0.15141242937853108,0.686
0.2002002002002002,-0.19825072886297376,-0.27054361567635904,0.4470314318975553,0.7319078947368421,0.3950617283950617,-0.45730337078651684,-0.28991596638655465,-0.623721881390593,0.0,0.37841832963784183,-0.21319018404907977,0.3557692307692308,-0.006211180124223603,-0.0036630036630036634,-0.239803094233474,0.015166835187057633,0.10181818181818184,-0.14016172506738545,-0.6098765432098765,-0.04745762711864407,0.752
0.2012012012012012,-0.4110787172011662,0.25874420564686046,0.46915017462165315,0.4523026315789474,-0.02606310013717421,-0.4691011235955056,-0.2464985994397759,-0.6284935241990457,0.0,0.47524020694752406,-0.20245398773006135,0.6083916083916084,-0.2815734989648033,0.20940170940170943,-0.38607594936708867,-0.525783619817998,0.23030303030303031,0.012129380053908356,-0.3102880658436214,0.535593220338983,0.934
0.2022022022022022,-0.7278911564625851,0.5790139064475348,0.6356228172293364,0.01644736842105263,0.3703703703703704,-0.398876404494382,-0.515406162464986,-0.5466939331970007,0.0,0.19807834441980784,-0.19018404907975459,0.4230769230769231,-0.36438923395445133,0.47191697191697196,-0.5752461322081576,-0.5733063700707786,0.567878787878788,-0.03504043126684636,0.08065843621399177,0.5751412429378531,1.024
0.2032032032032032,-0.5724003887269193,0.20227560050568896,0.49243306169965073,0.45559210526315796,0.17832647462277093,-0.5533707865168539,-0.15546218487394958,-0.6053169734151329,0.0,0.5099778270509977,-0.3512269938650307,0.35227272727272735,-0.5755693581780539,0.2014652014652015,-0.3769338959212377,-0.17087967644084937,0.2672727272727273,-0.4191374663072776,-0.33744855967078186,0.40564971751412426,0.676
0.2042042042042042,-0.9562682215743441,0.4416350611040876,0.2549476135040745,-0.06743421052631579,0.7174211248285323,-0.5713483146067415,-0.927170868347339,-0.6332651670074982,0.0,-0.43458980044345896,0.2193251533742331,-0.13286713286713286,-0.4979296066252588,0.5445665445665446,-0.4908579465541491,-0.19211324570273003,0.5703030303030303,0.01078167115902965,0.07736625514403292,0.8203389830508474,0.286
0.20520520520520522,-0.47521865889212833,-0.07838179519595448,0.25261932479627475,0.4786184210526316,0.4320987654320988,-0.6005617977528089,-0.16386554621848742,-0.6482617586912065,0.0,0.0672579453067258,-0.09049079754601226,0.0,-0.3530020703933748,0.21672771672771673,-0.2616033755274262,0.2103134479271992,0.3109090909090909,-0.28167115902964956,-0.3786008230452675,0.16271186440677965,0.382
0.2062062062062062,-0.28668610301263364,-0.14285714285714285,0.08731082654249127,0.43256578947368424,0.3058984910836763,-0.6112359550561798,-0.1092436974789916,-0.6830265848670757,0.0,0.35846267553584626,-0.6180981595092024,0.24825174825174826,-0.4151138716356108,0.03968253968253969,-0.2911392405063291,0.14964610717896865,0.13393939393939394,-0.4797843665768194,-0.539917695473251,0.503954802259887,0.226
0.2072072072072072,-0.46161321671525757,0.19384745048461863,0.5657741559953434,0.125,0.29218106995884774,-0.27191011235955054,-0.4145658263305322,-0.5371506475800955,0.0,0.30820399113082037,-0.05828220858895705,0.2491258741258741,-0.4855072463768116,0.5152625152625153,-0.5534458509142054,-0.3437815975733064,0.6042424242424242,0.32075471698113206,0.05102880658436214,0.27570621468926554,0.925
0.2082082082082082,-0.5996112730806609,0.3801095659502739,0.7601862630966241,0.17763157894736842,0.43621399176954734,-0.08764044943820225,-0.36274509803921573,-0.476482617586912,0.0,0.164079822616408,0.11963190184049079,0.15996503496503497,-0.8198757763975156,0.6355311355311355,-0.8895921237693389,-0.23053589484327605,0.7000000000000001,0.601078167115903,0.2691358024691358,0.3480225988700565,0.614
0.2092092092092092,-0.4013605442176871,-0.16097766540244415,0.4179278230500582,0.18585526315789475,0.7585733882030179,-0.7331460674157303,-0.2535014005602241,-0.6312201772324472,0.0,0.3089430894308943,-0.1794478527607362,0.23251748251748255,-0.32194616977225676,0.30402930402930406,-0.3206751054852321,0.22851365015166836,0.38181818181818183,-0.31536388140161725,-0.42304526748971194,0.1367231638418079,0.401
0.21021021021021022,-0.5850340136054422,0.20564686051411712,0.19906868451688012,0.052631578947368425,0.7078189300411523,-0.32752808988764043,-0.2717086834733894,-0.4744376278118609,0.0,-0.278640059127864,0.22852760736196318,-0.30332167832167833,-0.679089026915114,0.5793650793650794,-0.6420534458509143,0.010111223458038422,0.6896969696969697,0.32345013477088946,0.1185185185185185,0.303954802259887,0.164
0.21121121121121122,-0.43634596695821193,-0.05056890012642224,0.39580908032596046,0.5625000000000001,0.33607681755829905,-0.6561797752808989,-0.32072829131652664,-0.7286980231765507,0.0,0.19660014781966004,-0.2929447852760736,0.3076923076923077,-0.4503105590062112,0.1330891330891331,-0.4043600562587904,-0.08695652173913043,0.2496969696969697,-0.2587601078167116,-0.48395061728395056,0.4497175141242938,0.632
0.2122122122122122,-0.4829931972789116,-0.1757269279393173,0.40628637951105934,0.7713815789473684,-0.13168724279835392,-0.3292134831460674,-0.6106442577030813,-0.6366734832992502,0.0,0.19955654101995568,-0.7622699386503067,0.34440559440559443,-0.31573498964803315,0.11660561660561661,-0.5464135021097046,-0.36804853387259856,0.32,0.07008086253369272,-0.42962962962962964,0.30282485875706217,1.19
0.2132132132132132,-0.6569484936831876,0.13527180783817952,0.4167636786961583,0.21875000000000003,0.23319615912208508,-0.42303370786516853,-0.46218487394957986,-0.650988411724608,0.0,-0.04656319290465632,-0.06748466257668712,0.2202797202797203,-0.4855072463768116,0.3443223443223443,-0.6343178621659635,-0.18604651162790697,0.40060606060606063,-0.14016172506738545,-0.07407407407407407,0.12203389830508474,0.68
0.21421421421421422,-0.38775510204081637,0.19089759797724398,0.5518044237485448,0.20065789473684212,0.252400548696845,-0.24382022471910111,-0.2619047619047619,-0.5548738922972051,0.0,0.3325942350332594,0.10276073619631902,0.3487762237762238,-0.36024844720496896,0.2704517704517705,-0.5189873417721519,-0.38422649140546006,0.4054545454545455,0.17924528301886794,-0.2205761316872428,0.4214689265536723,0.737
0.21521521521521522,-0.41788143828960156,-0.02528445006321112,0.5564610011641443,0.14638157894736842,0.5473251028806585,-0.7,-0.02380952380952381,-0.8248125426039535,0.0,0.40798226164079826,0.13343558282208587,0.16346153846153846,-0.4575569358178054,0.15811965811965814,-0.2939521800281294,0.30434782608695654,0.17393939393939392,-0.2398921832884097,-0.508641975308642,0.16836158192090395,0.205
0.21621621621621623,-0.6404275996112732,0.5318162663295406,0.36554132712456344,0.03947368421052632,0.7215363511659808,-0.5898876404494382,-0.2619047619047619,-0.6312201772324472,0.0,-0.1500369549150037,0.047546012269938646,-0.3505244755244756,-0.6180124223602484,0.7081807081807082,-0.7116736990154712,-0.2153690596562184,0.7521212121212122,0.12129380053908355,0.2584362139917695,0.7107344632768362,0.501
0.2172172172172172,-0.6025267249757046,-0.08849557522123892,0.42607683352735737,0.4851973684210526,0.009602194787379973,-0.6898876404494382,-0.07983193277310925,-0.8418541240627131,0.0,0.4663710273466371,-0.2929447852760736,0.4956293706293706,-0.06728778467908902,0.25641025641025644,-0.3656821378340366,-0.3225480283114257,0.3418181818181818,-0.22641509433962265,-0.3201646090534979,0.3310734463276836,1.004
0.2182182182182182,-0.2701652089407192,-0.1955330804888327,0.2351571594877765,0.12171052631578948,0.4005486968449931,-0.8426966292134831,-0.3137254901960784,-0.8507157464212678,0.0,0.21729490022172948,-0.1411042944785276,0.3881118881118881,-0.2525879917184265,-0.009157509157509158,-0.21729957805907174,0.2416582406471183,0.12121212121212123,-0.5929919137466307,-0.6740740740740739,0.5062146892655367,0.69
0.21921921921921922,-0.42662779397473277,-0.017277707543194267,0.549476135040745,-0.006578947368421053,0.4526748971193416,-0.4146067415730337,0.06722689075630253,-0.623721881390593,0.0,0.5011086474501109,-0.4861963190184049,0.39597902097902105,-0.33436853002070394,0.3296703296703297,-0.5527426160337553,-0.2376137512639029,0.43393939393939396,0.20080862533692723,-0.07160493827160493,0.4011299435028248,0.896
0.22022022022022023,-0.5374149659863946,0.30931310577328275,0.4330616996507567,0.1825657894736842,0.2770919067215364,-0.4797752808988764,-0.638655462184874,-0.6284935241990457,0.0,-0.0968218773096822,0.0352760736196319,0.22465034965034966,-0.463768115942029,0.3705738705738706,-0.4212376933895921,-0.2679474216380182,0.4751515151515152,-0.1994609164420485,-0.0757201646090535,0.35480225988700564,0.665
0.22122122122122123,-0.5286686103012634,0.14243573535608933,0.220023282887078,0.2894736842105263,0.2373113854595336,-0.69438202247191,-0.14425770308123248,-0.7389229720518065,0.0,0.3022912047302291,-0.665644171779141,0.4318181818181818,-0.15838509316770186,0.19902319902319904,-0.340365682137834,-0.358948432760364,0.22666666666666668,-0.431266846361186,-0.2938271604938271,0.7005649717514124,1.157
0.2222222222222222,-0.6676384839650147,-0.08891698272229244,0.28754365541327126,0.5279605263157895,0.5624142661179699,-0.6061797752808988,-0.8361344537815126,-0.765507839127471,0.0,-0.2779009608277901,-0.07515337423312883,0.131993006993007,-0.38405797101449274,0.18864468864468864,-0.39873417721518983,0.054600606673407485,0.42666666666666664,-0.3140161725067386,-0.24609053497942385,0.04406779661016949,0.518
0.22322322322322322,-0.46841593780369295,0.24441635061104083,0.540162980209546,0.475328947368421,0.00823045267489712,-0.5786516853932584,-0.49719887955182074,-0.7218813905930469,0.0,0.467110125646711,-0.6303680981595091,0.5052447552447552,-0.2049689440993789,0.12454212454212454,-0.3431786216596343,-0.4833164812942366,0.1715151515151515,-0.5714285714285714,-0.38106995884773665,0.4497175141242938,1.083
0.22422422422422422,-0.6044703595724005,0.4778761061946902,0.5017462165308498,0.24177631578947367,0.663923182441701,-0.2792134831460674,-0.242296918767507,-0.35991820040899797,0.0,-0.08056171470805618,-0.42024539877300615,0.07342657342657344,-0.32194616977225676,0.5091575091575091,-0.609001406469761,-0.5490394337714863,0.667878787878788,0.01078167115902965,0.14814814814814814,0.6203389830508474,0.745
0.22522522522522523,-0.3673469387755102,0.21323219553308048,0.549476135040745,0.2779605263157895,0.13031550068587106,-0.4337078651685393,0.1330532212885154,-0.5330606680299932,0.0,0.7065779748706578,0.018404907975460124,0.48076923076923084,-0.015527950310559006,0.28449328449328454,-0.34247538677918427,-0.37209302325581395,0.42303030303030303,-0.05660377358490566,-0.1308641975308642,0.4067796610169491,0.732
0.22622622622622623,-0.34499514091350825,-0.07627475769068688,0.3946449359720606,0.3042763157894737,0.48148148148148145,-0.398314606741573,-0.0392156862745098,-0.5316973415132924,0.0,0.37841832963784183,0.09662576687116564,0.31993006993006995,-0.12939958592132506,0.3156288156288157,-0.4184247538677918,-0.0788675429726997,0.5127272727272727,0.03099730458221024,-0.2016460905349794,0.17401129943502824,0.578
0.22722722722722724,-0.6239067055393587,-0.12094395280235987,0.4959254947613504,0.20230263157894737,0.5185185185185185,-0.3348314606741573,-0.3025210084033614,-0.6428084526244034,0.0,0.014042867701404286,0.17177914110429449,-0.02447552447552448,-0.489648033126294,0.44078144078144077,-0.609001406469761,0.07583417593528817,0.5078787878787879,0.40700808625336926,-0.11604938271604937,0.19774011299435026,0.196
0.22822822822822822,-0.5179786200194364,0.06068268015170669,0.41559953434225844,0.3371710526315789,0.26337448559670784,-0.5455056179775281,-0.40476190476190477,-0.6448534423994546,0.0,0.19660014781966004,-0.0705521472392638,0.19230769230769232,-0.1770186335403727,0.4682539682539683,-0.4528832630098453,-0.06875631951466128,0.4575757575757576,-0.46091644204851756,-0.2576131687242798,0.423728813559322,0.651
0.22922922922922923,-0.19339164237123424,0.013906447534766117,0.2852153667054715,0.6447368421052632,-0.010973936899862827,-0.5606741573033708,-0.046218487394957986,-0.6475800954328561,0.0,0.6644493717664449,-0.5383435582822086,0.5751748251748252,-0.023809523809523808,0.045177045177045176,-0.15963431786216598,-0.41759352881698686,0.14666666666666667,-0.4191374663072776,-0.5991769547325102,0.67909604519774,1.272
0.23023023023023023,-0.31098153547133145,-0.37252423093131054,0.05937136204889406,0.23519736842105263,0.6159122085048011,-0.8404494382022472,-0.26330532212885155,-0.8588957055214723,0.0,0.21433850702143384,-0.4693251533742331,0.3138111888111888,-0.07971014492753624,-0.018925518925518928,-0.2538677918424754,0.1405460060667341,0.12787878787878787,-0.6199460916442049,-0.6049382716049382,0.40903954802259884,0.755
0.23123123123123124,-0.5014577259475219,0.2747576906868942,0.26775320139697323,0.01973684210526316,0.52400548696845,-0.49213483146067416,0.046218487394957986,-0.6578050443081117,0.0,0.1359940872135994,-0.10429447852760737,0.131993006993007,-0.33126293995859213,0.4249084249084249,-0.4381153305203938,-0.43882709807886755,0.5745454545454546,0.008086253369272238,0.019753086419753086,0.5423728813559322,0.704
0.23223223223223224,-0.5383867832847425,-0.2005899705014749,0.4190919674039581,-0.03947368421052632,0.6117969821673526,-0.36966292134831463,0.036414565826330535,-0.6448534423994546,0.0,0.3680709534368071,0.023006134969325152,0.10227272727272729,-0.5113871635610766,0.5390720390720392,-0.5942334739803095,0.06066734074823053,0.610909090909091,0.4420485175202157,-0.10864197530864197,0.10508474576271186,0.521
0.23323323323323322,-0.42954324586977655,0.4732406236831015,0.5948777648428405,0.4144736842105263,-0.09327846364883403,-0.700561797752809,-0.36834733893557425,-0.6714383094751193,0.0,0.31189948263118994,-0.147239263803681,0.4300699300699301,-0.31884057971014496,0.19841269841269843,-0.28621659634317864,-0.2416582406471183,0.2787878787878788,-0.6388140161725067,-0.3004115226337448,0.6655367231638417,0.781
0.23423423423423423,-0.1613216715257532,-0.03413400758533502,0.36554132712456344,0.5279605263157895,0.3703703703703704,-0.7033707865168539,0.05322128851540616,-0.7355146557600545,0.0,0.4523281596452328,-0.5782208588957055,0.39947552447552453,-0.32712215320910976,-0.035409035409035415,-0.19620253164556964,-0.05965621840242669,0.08848484848484849,-0.33557951482479786,-0.5934156378600822,0.519774011299435,0.751
0.23523523523523523,-0.2837706511175899,-0.25621576064053936,0.3783469150174622,1.0,-0.19753086419753085,-0.6376404494382022,-0.03781512605042017,-0.8609406952965234,0.0,0.7930524759793052,-0.9401840490797545,0.7298951048951049,0.018633540372670808,-0.015262515262515264,-0.1680731364275668,-0.42669362992922144,0.1878787878787879,-0.33423180592991913,-0.6864197530864197,0.4045197740112994,1.406
0.23623623623623624,-0.2682215743440234,-0.14833544037083857,0.2060535506402794,0.7171052631578948,0.14266117969821673,-0.6780898876404494,-0.11344537815126052,-0.8922972051806407,0.0,0.6119733924611973,-0.4585889570552147,0.7526223776223777,-0.015527950310559006,-0.014041514041514042,-0.18846694796061886,-0.2032355915065723,0.16969696969696973,-0.5431266846361187,-0.6106995884773662,0.3525423728813559,1.25
0.23723723723723725,-0.3673469387755102,-0.067425200168563,0.30267753201396974,0.2582236842105263,0.6323731138545954,-0.3747191011235955,-0.14565826330532214,-0.5773687798227675,0.0,0.19807834441980784,-0.15644171779141103,0.24300699300699305,-0.36024844720496896,0.2863247863247863,-0.4479606188466948,-0.1263902932254803,0.4872727272727273,0.08086253369272237,-0.21069958847736625,0.07570621468926554,0.738
0.23823823823823823,-0.7376093294460642,0.56047197640118,0.8207217694994179,-0.01973684210526316,0.5555555555555556,-0.27078651685393257,-0.18907563025210086,-0.4035446489434219,0.0,0.030303030303030304,0.28067484662576686,-0.11800699300699302,-0.5217391304347826,0.7851037851037852,-0.70042194092827,-0.2062689585439838,0.7387878787878789,0.3450134770889488,0.42633744855967076,0.30056497175141245,0.503
0.23923923923923923,-0.2623906705539359,0.0029498525073746312,0.36554132712456344,0.48355263157894735,0.5761316872427984,-0.48258426966292134,-0.10084033613445378,-0.5521472392638037,0.0,0.39911308203991136,-0.03834355828220859,0.3295454545454546,-0.38405797101449274,0.16422466422466425,-0.38115330520393814,0.09403437815975733,0.3206060606060606,-0.1765498652291105,-0.32839506172839505,0.39548022598870053,0.278
0.24024024024024024,-0.2915451895043732,-0.16434892541087232,0.5518044237485448,0.6398026315789475,0.05898491083676269,-0.5056179775280899,-0.3585434173669468,-0.8207225630538513,0.0,0.5380635624538064,-0.8542944785276074,0.5157342657342657,-0.12732919254658384,0.06837606837606838,-0.21940928270042195,-0.27401415571284127,0.1678787878787879,-0.16981132075471697,-0.6551440329218107,0.2937853107344633,1.089
0.24124124124124124,-0.48688046647230326,-0.13780025284450062,0.2467986030267753,0.3618421052631579,0.5116598079561042,-0.32752808988764043,-0.19327731092436978,-0.5971370143149284,0.0,-0.022172949002217293,-0.06288343558282208,0.038461538461538464,-0.5745341614906833,0.3504273504273504,-0.589310829817159,-0.010111223458038422,0.5436363636363637,0.2560646900269542,-0.06419753086419752,0.0011299435028248588,0.62
0.24224224224224225,-0.33527696793002915,-0.2907711757269279,0.12572759022118743,0.40131578947368424,0.3333333333333333,-0.4893258426966292,-0.3543417366946779,-0.6639400136332652,0.0,0.2675535846267554,-0.26840490797546007,0.23863636363636367,-0.1915113871635611,0.1507936507936508,-0.4451476793248945,0.010111223458038422,0.2642424242424243,0.07547169811320754,-0.3300411522633745,0.09378531073446328,0.694
0.24324324324324326,-0.19533527696793004,-0.3463969658659924,0.4109429569266589,0.47039473684210525,-0.06858710562414266,-0.6516853932584269,-0.42436974789915966,-0.8329925017041581,0.0,0.524759793052476,-0.3006134969325153,0.8583916083916084,-0.08281573498964803,-0.03968253968253969,-0.3136427566807314,-0.19413549039433772,0.08060606060606061,-0.2169811320754717,-0.6740740740740739,0.1536723163841808,1.153
0.24424424424424424,-0.6151603498542275,0.12220817530552042,0.16065192083818394,0.34868421052631576,0.364883401920439,-0.6280898876404495,-0.40896358543417366,-0.6066802999318337,0.0,-0.2254249815225425,-0.05368098159509203,0.020104895104895108,-0.2101449275362319,0.2710622710622711,-0.48030942334739807,-0.2770475227502528,0.333939393939394,-0.18328840970350405,-0.2510288065843621,0.5389830508474576,0.489
0.24524524524524524,-0.7006802721088435,0.1580278128950695,0.2956926658905704,0.23026315789473686,0.7764060356652949,-0.40730337078651685,-0.2857142857142857,-0.5903203817314246,0.0,-0.19881744271988175,0.22546012269938648,-0.1547202797202797,-0.7194616977225673,0.3241758241758242,-0.5886075949367089,0.19211324570273003,0.6575757575757576,0.006738544474393531,0.015637860082304524,0.2598870056497175,0.126
0.24624624624624625,-0.7648202137998057,0.3013063632532659,0.30034924330616997,0.3371710526315789,0.3854595336076818,-0.601685393258427,-0.8179271708683473,-0.6209952283571916,0.0,-0.30303030303030304,-0.19171779141104295,0.14073426573426576,-0.5786749482401657,0.3608058608058608,-0.5386779184247539,-0.4863498483316481,0.3793939393939394,-0.1738544474393531,-0.2444444444444444,0.5796610169491525,0.773
0.24724724724724725,-0.380952380952381,0.23514538558786346,0.5692665890570431,0.42927631578947373,-0.11522633744855969,-0.5061797752808989,-0.2969187675070028,-0.5882753919563735,0.0,0.34515890613451594,-0.6595092024539877,0.701923076923077,-0.062111801242236024,0.231990231990232,-0.4353023909985935,-0.6683518705763398,0.20242424242424245,-0.12264150943396226,-0.2781893004115226,0.615819209039548,1.372
0.24824824824824826,-0.489795918367347,-0.08048883270122208,0.25960419091967407,-0.013157894736842106,0.6570644718792867,-0.4567415730337078,-0.33473389355742295,-0.5576005453306067,0.0,-0.1714708056171471,-0.17638036809815952,-0.14772727272727276,-0.44824016563147,0.32600732600732607,-0.5028129395218003,0.10414560161779575,0.4460606060606061,-0.09433962264150944,-0.16296296296296295,0.06327683615819209,0.256
0.24924924924924924,-0.47521865889212833,0.1731984829329962,0.4819557625145518,0.24177631578947367,0.2373113854595336,-0.6106741573033707,-0.3151260504201681,-0.6925698704839809,0.0,0.23651145602365115,-0.2331288343558282,0.23164335664335667,0.2422360248447205,0.362026862026862,-0.3178621659634318,-0.46410515672396363,0.42,-0.5822102425876011,-0.22798353909465022,0.4790960451977401,1.029
0.2502502502502503,-0.1273080660835763,-0.2857142857142857,0.42258440046565776,0.5921052631578947,0.3703703703703704,-0.6179775280898877,0.02100840336134454,-0.7627811860940695,0.0,0.4796747967479675,-0.26687116564417174,0.29020979020979026,-0.35610766045548653,-0.013431013431013432,-0.2939521800281294,0.34175935288169873,0.1975757575757576,-0.5350404312668464,-0.5753086419753086,0.10847457627118644,0.181
0.25125125125125125,-0.4800777453838679,0.4011799410029498,0.3376018626309662,0.3273026315789474,0.07681755829903979,-0.2393258426966292,-0.1512605042016807,-0.574642126789366,0.0,0.3377679231337768,-0.26993865030674846,0.45979020979020985,-0.5310559006211181,0.43101343101343104,-0.5232067510548524,-0.5166835187057635,0.5866666666666667,0.16172506738544473,0.1860082304526749,0.535593220338983,1.169
0.25225225225225223,-0.5694849368318756,0.20859671302149177,0.6041909196740396,0.2845394736842105,0.4128943758573388,-0.40112359550561794,-0.09803921568627452,-0.6244035446489434,0.0,0.3266814486326681,-0.03067484662576687,0.19493006993006995,-0.5310559006211181,0.34554334554334554,-0.670182841068917,-0.2062689585439838,0.41030303030303034,0.1940700808625337,-0.13497942386831274,0.3152542372881356,0.648
0.25325325325325326,-0.08940719144800778,-0.5642646439106616,-0.06635622817229336,0.5740131578947368,0.6104252400548698,-0.6275280898876404,0.07983193277310925,-0.6380368098159509,0.0,0.1507760532150776,0.012269938650306749,-0.08653846153846155,-0.3064182194616977,-0.17032967032967036,-0.18846694796061886,0.6117290192113246,0.12000000000000001,-0.40431266846361186,-0.6510288065843621,-0.0903954802259887,-0.012
0.25425425425425424,-0.8425655976676385,0.8032026970080066,0.5727590221187427,0.2911184210526316,0.21947873799725653,-0.25224719101123594,-0.03221288515406163,-0.43558282208588955,0.0,0.3902439024390244,0.09969325153374232,0.3068181818181818,-0.6376811594202899,0.6495726495726496,-0.6673699015471167,-0.731041456016178,0.7224242424242424,0.10107816711590296,0.2716049382716049,0.7728813559322034,0.609
0.2552552552552553,-0.5821185617103984,0.3358617783396544,0.3853317811408615,0.049342105263157895,0.4746227709190672,-0.32247191011235954,0.07563025210084034,-0.5044308111792773,0.0,0.500369549150037,0.12883435582822086,0.37762237762237766,-0.36542443064182195,0.5604395604395604,-0.5724331926863573,-0.4974721941354904,0.583030303030303,0.215633423180593,0.037037037037037035,0.3672316384180791,0.79
0.25625625625625625,-0.37609329446064144,-0.09945217024863041,0.3562281722933644,0.2582236842105263,0.4540466392318245,-0.5449438202247191,-0.24789915966386555,-0.6987048398091342,0.0,0.3909830007390983,0.01687116564417178,0.3618881118881119,-0.24120082815734992,0.17826617826617827,-0.40646976090014064,0.06167846309403438,0.1878787878787879,-0.1509433962264151,-0.4378600823045267,0.2192090395480226,0.731
0.25725725725725723,-0.402332361516035,0.35271807838179514,0.3911525029103609,0.057565789473684216,0.607681755829904,-0.25112359550561797,-0.0742296918767507,-0.3449216087252897,0.0,0.23503325942350334,0.19018404907975459,0.12150349650349652,-0.6138716356107661,0.5299145299145299,-0.5872011251758087,-0.23154701718907988,0.6866666666666668,0.2398921832884097,0.10617283950617283,0.15141242937853108,0.662
0.25825825825825827,-0.5539358600583091,0.024863042562157604,0.15483119906868453,0.5444078947368421,0.4279835390946502,-0.6370786516853932,-0.4663865546218488,-0.705521472392638,0.0,-0.024390243902439025,-0.0015337423312883436,0.07430069930069931,-0.37577639751552794,0.15811965811965814,-0.45007032348804504,-0.05864509605662285,0.2921212121212121,-0.16037735849056603,-0.34320987654320984,0.288135593220339,0.545
0.25925925925925924,-0.5131195335276969,0.14749262536873153,0.36437718277066355,0.17598684210526316,0.4526748971193416,-0.6028089887640449,-0.18907563025210086,-0.6387184730743013,0.0,0.03843311160384331,0.006134969325153374,0.19230769230769232,-0.1997929606625259,0.3894993894993895,-0.34810126582278483,-0.12335692618806876,0.5260606060606061,-0.26549865229110514,-0.06995884773662552,0.24519774011299433,0.789
0.2602602602602603,-0.4985422740524782,0.05267593763168984,0.7741559953434226,0.5427631578947368,0.03017832647462277,-0.4191011235955056,-0.11904761904761905,-0.7000681663258349,0.0,0.5358462675535847,-0.30368098159509205,0.6389860139860141,-0.37888198757763975,0.25457875457875456,-0.519690576652602,-0.19413549039433772,0.4848484848484849,0.14150943396226415,-0.2707818930041152,0.592090395480226,0.971
0.26126126126126126,-0.29640427599611274,-0.02064896755162242,0.12223515715948777,0.3026315789473684,0.35665294924554186,-0.5337078651685393,-0.10364145658263305,-0.6462167689161553,0.0,0.46932742054693277,-0.18711656441717792,0.39772727272727276,-0.35714285714285715,0.17155067155067158,-0.4071729957805907,-0.1243680485338726,0.3054545454545455,-0.31536388140161725,-0.3876543209876543,0.3807909604519774,0.737
0.26226226226226224,-0.3965014577259475,0.18541930046354824,0.4086146682188591,0.2648026315789474,0.43895747599451307,-0.3707865168539326,-0.511204481792717,-0.716428084526244,0.0,0.06873614190687362,0.15030674846625766,0.15734265734265734,-0.5269151138716356,0.17277167277167277,-0.5787623066104078,-0.2901921132457027,0.2703030303030303,0.1752021563342318,-0.20987654320987653,0.5062146892655367,0.713
0.26326326326326327,-0.49368318756073865,0.561314791403287,0.46915017462165315,0.19901315789473684,0.35116598079561046,-0.3831460674157304,-0.2563025210084034,-0.35446489434219497,0.0,0.35994087213599407,0.06134969325153374,0.23688811188811193,-0.4989648033126294,0.5311355311355311,-0.5274261603375527,-0.5530839231547018,0.693939393939394,-0.05121293800539083,0.08477366255144032,0.5661016949152542,0.73
0.26426426426426425,-0.0456754130223518,-0.4635482511588706,0.1362048894062864,0.3026315789473684,0.3950617283950617,-0.33876404494382023,0.15266106442577032,-0.574642126789366,0.0,0.21507760532150774,-0.147239263803681,0.2062937062937063,-0.30952380952380953,0.07264957264957266,-0.32630098452883266,0.4246713852376137,0.2987878787878788,-0.09433962264150944,-0.46419753086419746,-0.21694915254237288,0.336
0.2652652652652653,-0.39552964042759964,0.07163927517909818,0.35040745052386496,0.36019736842105265,0.16872427983539096,-0.5134831460674157,-0.19747899159663865,-0.7750511247443762,0.0,0.20768662232076868,-0.032208588957055216,0.39510489510489516,-0.10973084886128365,0.20573870573870576,-0.27918424753867793,-0.2032355915065723,0.2963636363636364,-0.15229110512129382,-0.351440329218107,0.4790960451977401,0.801
0.26626626626626626,-0.38483965014577265,-0.2359882005899705,0.420256111757858,0.25,0.4883401920438957,-0.7095505617977528,-0.2661064425770308,-0.9113837764144512,0.0,0.07243163340724317,0.15030674846625766,0.18094405594405594,-0.27432712215320915,0.20268620268620272,-0.3832630098452884,0.31749241658240646,0.2884848484848485,-0.03504043126684636,-0.3744855967078189,0.1864406779661017,0.386
0.2672672672672673,-0.42079689018464533,0.07543194268857985,0.43771827706635624,0.20230263157894737,0.5130315500685871,-0.6691011235955057,-0.4593837535014006,-0.6196319018404908,0.0,-0.005912786400591279,-0.2147239263803681,0.08041958041958043,-0.28364389233954457,0.3907203907203908,-0.329817158931083,0.05055611729019212,0.5230303030303031,-0.38140161725067384,-0.24197530864197528,0.3638418079096045,0.546
0.2682682682682683,-0.41496598639455784,0.10703750526759376,0.45983701979045405,0.3536184210526316,0.21262002743484226,-0.5651685393258427,-0.3725490196078432,-0.7634628493524199,0.0,0.23651145602365115,-0.12730061349693253,0.4825174825174826,-0.33747412008281574,0.23992673992673996,-0.33825597749648384,-0.08493427704752275,0.2987878787878788,-0.1752021563342318,-0.3786008230452675,0.6587570621468926,0.512
0.26926926926926925,-0.2186588921282799,-0.3544037083860092,0.2724097788125728,0.7171052631578948,-0.08367626886145405,-0.7926966292134832,-0.12044817927170869,-0.8861622358554874,0.0,0.5269770879526977,-0.7208588957055214,0.7185314685314685,0.013457556935817806,-0.1507936507936508,-0.14345991561181434,-0.0910010111223458,-0.07636363636363637,-0.6482479784366577,-0.7720164609053497,0.15254237288135594,1.116
0.2702702702702703,-0.5490767735665695,0.2789717656974294,0.42956926658905703,0.20394736842105263,0.37860082304526754,-0.22247191011235956,-0.12605042016806722,-0.5507839127471029,0.0,0.17590539541759054,0.22699386503067484,0.24300699300699305,-0.6480331262939959,0.5500610500610501,-0.629395218002813,-0.2901921132457027,0.5957575757575758,0.41778975741239893,0.07901234567901234,0.4135593220338983,0.581
0.27127127127127126,-0.5179786200194364,0.032448377581120944,0.4435389988358557,0.3914473684210526,0.10973936899862827,-0.7314606741573034,-0.319327731092437,-0.8582140422631219,0.0,0.16112342941611235,-0.7469325153374232,0.37849650349650354,-0.35610766045548653,0.10622710622710622,-0.39521800281293956,-0.30535894843276035,0.18606060606060607,-0.24932614555256064,-0.3176954732510288,0.5672316384180791,0.856
0.2722722722722723,-0.7152575315840622,-0.1550779603876949,0.4470314318975553,0.5476973684210527,0.6584362139917695,-0.5241573033707866,-0.48179271708683474,-0.7409679618268574,0.0,-0.1049519586104952,-0.10429447852760737,-0.0576923076923077,-0.37370600414078675,0.43833943833943834,-0.5246132208157525,0.06167846309403438,0.6272727272727272,0.12533692722371967,-0.08148148148148147,0.11299435028248588,0.451
0.2732732732732733,-0.5724003887269193,0.19679730299199324,0.559953434225844,0.018092105263157895,0.5692729766803841,-0.4191011235955056,-0.3613445378151261,-0.6209952283571916,0.0,0.18403547671840356,0.2791411042944785,0.0812937062937063,-0.4492753623188406,0.5402930402930404,-0.6357243319268636,-0.02527805864509606,0.68,0.3557951482479785,0.08065843621399177,0.5446327683615819,0.596
0.27427427427427425,-0.5422740524781342,-0.004214075010535188,0.3387660069848661,0.35526315789473684,0.654320987654321,-0.6280898876404495,-0.6246498599439776,-0.5501022494887525,0.0,-0.2660753880266075,0.003067484662576687,-0.1424825174825175,-0.38198757763975155,0.18803418803418803,-0.3558368495077356,0.320525783619818,0.36848484848484847,-0.36927223719676555,-0.24362139917695472,0.15932203389830507,-0.134
0.2752752752752753,-0.14480077745383868,-0.07838179519595448,0.21769499417927823,0.6315789473684211,0.5582990397805212,-0.4837078651685393,0.2464985994397759,-0.5296523517382413,0.0,0.3377679231337768,-0.0705521472392638,0.27534965034965037,-0.2971014492753623,0.21428571428571427,-0.5014064697609001,-0.03437815975733064,0.5060606060606061,-0.05256064690026954,-0.28477366255144027,0.21468926553672316,0.646
0.27627627627627627,-0.6268221574344024,0.36198904340497257,0.7566938300349244,0.07236842105263158,0.6364883401920439,-0.2539325842696629,-0.37955182072829136,-0.5371506475800955,0.0,0.20251293422025132,0.147239263803681,0.125,-0.5993788819875776,0.6428571428571429,-0.6251758087201126,-0.16784630940343784,0.769090909090909,0.4865229110512129,0.14814814814814814,0.3615819209039548,0.5
0.2772772772772773,-0.8415937803692907,0.24062368310155915,0.4738067520372526,0.34210526315789475,0.3319615912208505,-0.5067415730337079,-0.6750700280112045,-0.6223585548738922,0.0,-0.13303769401330376,-0.3880368098159509,0.20104895104895107,-0.4730848861283644,0.43040293040293043,-0.5949367088607596,-0.22548028311425683,0.48060606060606065,-0.20350404312668463,-0.06584362139917695,0.46553672316384176,0.737
0.2782782782782783,-0.5422740524781342,0.3573535608933839,0.6915017462165308,0.38486842105263164,0.2318244170096022,-0.6331460674157303,-0.3431372549019608,-0.7368779822767552,0.0,0.7028824833702882,-0.46779141104294475,0.7246503496503497,-0.46894409937888204,0.3443223443223443,-0.3663853727144867,-0.5096056622851365,0.4557575757575758,-0.3827493261455525,-0.2444444444444444,0.6316384180790962,1.343
0.27927927927927926,-0.5918367346938775,0.09818794774546986,0.610011641443539,-0.1825657894736842,0.812071330589849,-0.5084269662921348,-0.10224089635854341,-0.6700749829584185,0.0,0.3259423503325942,-0.1303680981595092,0.2447552447552448,-0.6366459627329193,0.5085470085470085,-0.6315049226441632,-0.019211324570273004,0.567878787878788,0.21024258760107817,-0.0008230452674897119,0.03728813559322034,0.93
0.2802802802802803,-0.7862001943634598,0.26717235566793085,0.3573923166472643,0.2894736842105263,0.13168724279835392,-0.6146067415730337,-0.5476190476190477,-0.6244035446489434,0.0,0.07908351810790835,-0.4938650306748466,0.4195804195804196,-0.29089026915113875,0.463980463980464,-0.3874824191279888,-0.4812942366026289,0.4593939393939394,-0.42318059299191374,-0.06502057613168724,0.511864406779661,1.239
0.28128128128128127,-0.40816326530612246,-0.2203961230509903,0.16298020954598372,0.1513157894736842,0.52400548696845,-0.44325842696629214,-0.03221288515406163,-0.7177914110429447,0.0,0.03473762010347376,0.03680981595092025,-0.044580419580419584,-0.43788819875776397,0.1971916971916972,-0.4310829817158931,0.2012133468149646,0.3575757575757576,-0.01752021563342318,-0.3901234567901234,-0.04858757062146892,0.371
0.2822822822822823,0.06899902818270165,-0.4694479561736199,0.10826542491268917,0.649671052631579,0.17421124828532236,-0.7078651685393258,-0.09663865546218489,-0.83640081799591,0.0,0.45528455284552843,-0.8251533742331288,0.6678321678321679,-0.08592132505175984,-0.22832722832722835,0.013361462728551337,-0.054600606673407485,-0.04606060606060606,-0.7870619946091644,-0.8748971193415637,0.21016949152542372,1.187
0.2832832832832833,-0.6180758017492712,0.4694479561736199,0.8253783469150174,-0.08717105263157894,0.2606310013717421,-0.2735955056179775,-0.32773109243697485,-0.4171779141104294,0.0,0.5121951219512195,-0.0352760736196319,0.24562937062937068,-0.3146997929606625,0.6153846153846154,-0.740506329113924,-0.6006066734074823,0.5581818181818182,0.4649595687331536,0.2362139917695473,0.4248587570621469,0.943
0.28428428428428426,-0.5257531584062197,0.12136536030341338,0.2351571594877765,0.274671052631579,0.3388203017832648,-0.46067415730337075,-0.37394957983193283,-0.6087252897068848,0.0,-0.16925351071692535,0.3389570552147239,0.04982517482517483,-0.3540372670807454,0.37545787545787546,-0.5710267229254572,-0.1769464105156724,0.376969696969697,0.29514824797843664,-0.12345679012345678,0.3096045197740113,0.471
0.2852852852852853,-0.32069970845481055,-0.3518752633796881,0.3608847497089639,0.3815789473684211,0.16186556927297668,-0.6179775280898877,-0.3473389355742297,-0.9127471029311519,0.0,0.1256467110125647,-0.22085889570552145,0.3006993006993007,-0.3612836438923395,0.028083028083028084,-0.34458509142053445,0.23356926188068758,0.04060606060606061,-0.31266846361185985,-0.6502057613168725,0.18305084745762712,0.585
0.2862862862862863,-0.3654033041788144,0.25073746312684364,0.37601862630966243,0.30098684210526316,0.29218106995884774,-0.649438202247191,-0.1596638655462185,-0.6475800954328561,0.0,0.2616407982261641,0.04141104294478527,0.18793706293706294,-0.2422360248447205,0.23626373626373628,-0.39873417721518983,-0.2345803842264914,0.2696969696969697,-0.2978436657681941,-0.24115226337448556,0.3423728813559322,0.631
0.2872872872872873,-0.28765792031098153,-0.07964601769911504,0.2922002328288708,0.475328947368421,0.31275720164609055,-0.3932584269662921,-0.3991596638655462,-0.67280163599182,0.0,0.090169992609017,0.05521472392638036,0.32255244755244755,-0.38716356107660455,0.21062271062271062,-0.34528832630098455,-0.05763397371081901,0.4993939393939394,0.1280323450134771,-0.1868312757201646,0.17740112994350282,0.733
0.2882882882882883,-0.46355685131195334,-0.05689001264222503,0.3946449359720606,0.27960526315789475,0.5116598079561042,-0.27415730337078653,-0.12464985994397759,-0.6441717791411042,0.0,0.22764227642276422,-0.010736196319018405,0.21416083916083917,-0.5662525879917185,0.3351648351648352,-0.6399437412095641,-0.10819009100101112,0.5406060606060606,0.43530997304582214,-0.04362139917695473,0.1423728813559322,0.671
0.28928928928928926,-0.6919339164237124,0.20775389801938474,0.5145518044237486,0.2286184210526316,0.07544581618655694,-0.4084269662921348,-0.7044817927170869,-0.5985003408316292,0.0,0.021433850702143386,-0.6319018404907975,0.3907342657342658,-0.2619047619047619,0.33760683760683763,-0.5407876230661041,-0.3700707785642063,0.33090909090909093,-0.20215633423180593,-0.10946502057613168,0.5062146892655367,1.015
0.2902902902902903,-0.5354713313896988,0.36620311841550773,0.5622817229336438,-0.026315789473684213,0.22222222222222224,-0.5337078651685393,-0.4719887955182073,-0.6053169734151329,0.0,0.14116777531411678,0.15950920245398773,0.20891608391608393,-0.2639751552795031,0.4743589743589744,-0.45218002812939523,-0.33265925176946415,0.5351515151515152,-0.03099730458221024,0.0049382716049382715,0.34576271186440677,0.87
0.2912912912912913,-0.33527696793002915,-0.04214075010535187,0.30267753201396974,0.4934210526315789,0.23593964334705075,-0.6213483146067417,-0.3291316526610644,-0.7750511247443762,0.0,0.29785661492978566,-0.38036809815950917,0.416958041958042,-0.2225672877846791,0.08913308913308914,-0.3234880450070324,-0.1597573306370071,0.15393939393939396,-0.35175202156334234,-0.5152263374485596,0.4915254237288135,0.873
0.2922922922922923,-0.5607385811467445,0.3666245259165613,0.5983701979045402,0.375,0.04389574759945131,-0.2539325842696629,-0.2030812324929972,-0.5562372188139059,0.0,0.4560236511456024,0.07668711656441718,0.6494755244755245,-0.3167701863354037,0.37362637362637363,-0.5534458509142054,-0.7967644084934278,0.3557575757575758,0.25336927223719674,-0.15555555555555556,0.5389830508474576,1.085
0.2932932932932933,-0.44800777453838686,0.2789717656974294,0.48544819557625146,0.5526315789473685,0.20438957475994513,-0.34269662921348315,-0.2717086834733894,-0.645535105657805,0.0,0.10716925351071692,0.06288343558282208,0.2377622377622378,-0.484472049689441,0.4481074481074481,-0.6279887482419129,-0.26188068756319516,0.5581818181818182,0.1334231805929919,-0.008230452674897118,0.415819209039548,0.437
0.29429429429429427,-0.6987366375121478,0.3649388959123472,0.6495925494761351,-0.17105263157894737,0.21536351165980797,-0.5483146067415731,-0.4341736694677871,-0.6646216768916154,0.0,0.3762010347376201,-0.15030674846625766,0.45979020979020985,-0.2753623188405797,0.4035409035409036,-0.4409282700421941,-0.4418604651162791,0.3872727272727273,-0.35714285714285715,-0.12674897119341563,0.5672316384180791,1.12
0.2952952952952953,-0.49465500485908653,0.4896755162241887,0.40512223515715945,0.2894736842105263,0.28257887517146774,-0.4724719101123595,0.0,-0.5153374233128835,0.0,0.36733185513673317,0.05061349693251534,0.4134615384615385,-0.33022774327122156,0.44383394383394387,-0.5731364275668073,-0.5935288169868553,0.5442424242424243,0.09164420485175202,-0.053497942386831275,0.8033898305084746,0.997
0.2962962962962963,-0.717201166180758,0.2553729456384323,0.5436554132712457,0.24177631578947367,0.20438957475994513,-0.47191011235955055,-0.5448179271708684,-0.7198364008179959,0.0,0.1958610495195861,-0.09509202453987729,0.3461538461538462,-0.36438923395445133,0.3650793650793651,-0.5421940928270043,-0.4246713852376137,0.5006060606060606,0.008086253369272238,-0.05761316872427984,0.4350282485875706,1.013
0.2972972972972973,-0.6559766763848397,0.43404972608512427,0.4214202561117579,0.31085526315789475,0.4718792866941015,-0.3151685393258427,-0.6176470588235294,-0.5719154737559645,0.0,-0.2793791574279379,0.44631901840490795,-0.0812937062937063,-0.489648033126294,0.4658119658119658,-0.6828410689170183,-0.27098078867542974,0.5981818181818183,0.33423180592991913,0.2502057613168724,0.4666666666666666,0.307
0.2982982982982983,-0.3838678328474247,0.15634218289085544,0.4342258440046566,0.4901315789473684,0.3058984910836763,-0.4780898876404494,-0.16386554621848742,-0.6291751874573961,0.0,0.25055432372505543,-0.15030674846625766,0.1765734265734266,-0.484472049689441,0.4584859584859585,-0.4704641350210971,-0.23356926188068758,0.5527272727272727,0.20080862533692723,-0.1102880658436214,0.5627118644067797,0.63
0.2992992992992993,-0.413022351797862,-0.044669195111672985,0.2724097788125728,0.5394736842105263,0.6090534979423868,-0.6247191011235955,-0.3515406162464986,-0.6748466257668712,0.0,0.13303769401330376,-0.5199386503067485,0.13636363636363638,-0.16045548654244307,0.11050061050061051,-0.3762306610407877,-0.0455005055611729,0.33818181818181825,-0.2601078167115903,-0.4246913580246913,0.3932203389830508,0.466
0.3003003003003003,-0.21185617103984453,-0.0337126000842815,0.6030267753201397,0.6907894736842105,-0.2318244170096022,-0.7303370786516854,-0.0014005602240896359,-0.8111792774369461,0.0,0.7923133776792314,-0.9923312883435583,0.8068181818181819,0.33747412008281574,0.12454212454212454,-0.13713080168776373,-0.4337714863498483,-0.01272727272727273,-0.7452830188679246,-0.5868312757201646,0.48022598870056493,1.349
0.3013013013013013,-0.3197278911564626,-0.2789717656974294,0.19557625145518046,0.19736842105263158,0.8737997256515775,-0.598314606741573,-0.0070028011204481795,-0.7184730743012951,0.0,0.008130081300813007,-0.26840490797546007,-0.0305944055944056,-0.6635610766045549,0.31440781440781446,-0.5541490857946555,0.21638018200202225,0.4218181818181818,0.060646900269541774,-0.09218106995884773,0.01694915254237288,0.458
0.3023023023023023,-0.25072886297376096,0.08386009270965022,0.4330616996507567,0.18914473684210528,0.050754458161865565,-0.5820224719101124,-0.05042016806722689,-0.678254942058623,0.0,0.5920177383592018,-0.34662576687116564,0.5541958041958043,-0.22153209109730848,0.16117216117216118,-0.3340365682137834,-0.3852376137512639,0.14424242424242426,-0.17789757412398924,-0.3596707818930041,0.5423728813559322,1.115
0.3033033033033033,-0.35276967930029157,0.062368310155920766,0.3830034924330617,0.24177631578947367,0.26886145404663925,-0.7938202247191011,-0.2605042016806723,-0.8595773687798226,0.0,0.13895048041389504,-0.17791411042944785,0.18793706293706294,-0.2308488612836439,0.0811965811965812,-0.35232067510548526,-0.14155712841253792,0.1890909090909091,-0.35444743935309975,-0.448559670781893,0.4870056497175141,0.618
0.30430430430430433,-0.42371234207968905,0.015170670037926673,0.4481955762514552,0.2713815789473684,0.3580246913580247,-0.552247191011236,-0.3473389355742297,-0.7075664621676891,0.0,0.14116777531411678,-0.23159509202453987,0.20192307692307696,-0.33126293995859213,0.3052503052503053,-0.46905766526019693,-0.2062689585439838,0.4042424242424243,-0.3032345013477089,-0.2987654320987654,0.2519774011299435,0.708
0.3053053053053053,-0.3197278911564626,-0.20606826801517064,0.22933643771827708,0.2680921052631579,0.19753086419753085,-0.5404494382022471,-0.09523809523809525,-0.7280163599182005,0.0,0.41093865484109393,-0.7576687116564417,0.40209790209790214,-0.18530020703933747,0.11416361416361417,-0.34739803094233473,-0.021233569261880688,0.15575757575757576,-0.2412398921832884,-0.4106995884773662,0.35141242937853107,0.966
0.3063063063063063,-0.35179786200194363,-0.33206911083017276,0.09313154831199069,0.6151315789473685,0.30315500685871055,-0.45280898876404496,-0.2142857142857143,-0.6441717791411042,0.0,0.18477457501847747,-0.5874233128834355,0.10052447552447553,-0.562111801242236,0.026251526251526252,-0.3931082981715894,0.2699696663296259,0.15272727272727274,-0.2183288409703504,-0.5390946502057613,0.2485875706214689,0.55
0.3073073073073073,-0.6064139941690962,-0.3459755583649388,0.28055878928987193,0.430921052631579,0.38408779149519895,-0.5960674157303371,-0.4705882352941177,-0.7723244717109747,0.0,-0.0066518847006651885,-0.455521472392638,0.2884615384615385,-0.13664596273291926,0.07570207570207571,-0.3607594936708861,0.03437815975733064,0.16363636363636366,-0.10377358490566038,-0.454320987654321,0.32090395480225986,0.575
0.3083083083083083,-0.6112730806608359,0.2991993257479983,0.5669383003492433,0.15460526315789475,0.14814814814814814,-0.46966292134831455,-0.37955182072829136,-0.6059986366734833,0.0,0.18181818181818182,-0.2653374233128834,0.4055944055944056,-0.8581780538302277,0.2802197802197802,-0.6258790436005627,-0.3751263902932255,0.5703030303030303,0.06738544474393532,-0.13415637860082305,0.4813559322033898,1.019
0.30930930930930933,-0.5840621963070943,0.22629582806573956,0.7077997671711292,0.23519736842105263,0.4705075445816187,-0.4117977528089887,-0.2030812324929972,-0.6291751874573961,0.0,0.3843311160384331,-0.08282208588957055,0.5087412587412588,-0.5797101449275363,0.3492063492063492,-0.6842475386779184,-0.2376137512639029,0.32,0.27088948787061995,-0.10617283950617283,0.38870056497175137,0.907
0.3103103103103103,-0.511175898931001,0.47829751369574375,0.5611175785797439,0.11513157894736843,0.2496570644718793,-0.39606741573033705,-0.02380952380952381,-0.4683026584867076,0.0,0.4641537324464154,0.010736196319018405,0.5043706293706294,-0.13664596273291926,0.5402930402930404,-0.4015471167369901,-0.654196157735086,0.5727272727272728,-0.2169811320754717,-0.03621399176954732,0.5468926553672316,1.188
0.3113113113113113,-0.5490767735665695,-0.0008428150021070374,0.23282887077997674,0.24013157894736842,0.24142661179698216,-0.6449438202247191,-0.42436974789915966,-0.6646216768916154,0.0,0.05543237250554323,-0.20705521472392638,0.37849650349650354,-0.18115942028985507,0.15934065934065936,-0.27988748241912803,-0.2224469160768453,0.28060606060606064,-0.23180592991913745,-0.33415637860082303,0.4429378531073446,0.74
0.3123123123123123,-0.5840621963070943,-0.03624104509060261,0.3690337601862631,0.3569078947368421,0.4842249657064472,-0.48707865168539327,-0.07142857142857142,-0.7348329925017042,0.0,0.004434589800443459,0.3251533742331288,-0.07692307692307693,-0.6014492753623188,0.35714285714285715,-0.6132208157524613,0.2649140546006067,0.48606060606060614,-0.009433962264150943,0.0024691358024691358,-0.03502824858757062,-0.077
0.3133133133133133,-0.6384839650145774,0.4079224610198061,0.5052386495925495,0.14638157894736842,-0.16598079561042525,-0.4061797752808989,-0.3893557422969188,-0.5957736877982276,0.0,0.3954175905395418,-0.22239263803680978,0.43881118881118886,-0.34057971014492755,0.4755799755799756,-0.6209563994374121,-0.7644084934277048,0.3957575757575758,-0.11725067385444743,-0.10617283950617283,0.48022598870056493,1.041
0.31431431431431434,-0.5276967930029155,0.22376738305941846,0.6065192083818394,0.3881578947368421,0.19478737997256515,-0.5179775280898876,-0.4061624649859944,-0.7341513292433537,0.0,0.42572062084257206,-0.26993865030674846,0.35139860139860146,-0.42960662525879917,0.3498168498168498,-0.4585091420534459,-0.42264914054600605,0.4745454545454546,-0.025606469002695417,-0.17037037037037034,0.49604519774011296,1.074
0.3153153153153153,-0.5286686103012634,0.3994943109987357,0.5448195576251456,0.30098684210526316,0.3758573388203018,-0.3578651685393258,-0.4285714285714286,-0.5276073619631901,0.0,-0.0376940133037694,0.6242331288343558,0.014860139860139862,-0.4492753623188406,0.3534798534798535,-0.5731364275668073,-0.1263902932254803,0.556969696969697,-0.05256064690026954,0.05102880658436214,0.28926553672316385,0.303
0.3163163163163163,-0.3080660835762877,-0.47029077117572693,0.18742724097788127,0.600328947368421,0.39643347050754457,-0.701123595505618,-0.3669467787114846,-0.798227675528289,0.0,0.12712490761271247,-0.42638036809815955,0.16520979020979024,-0.11076604554865424,-0.06593406593406594,-0.19268635724331928,0.2851365015166835,0.09151515151515152,-0.38140161725067384,-0.7135802469135802,0.14915254237288136,0.335
0.3173173173173173,-0.4839650145772595,0.10155920775389801,0.5448195576251456,0.36019736842105265,0.37311385459533614,-0.5882022471910112,-0.4145658263305322,-0.6802999318336741,0.0,0.17812269031781228,-0.049079754601226995,0.22902097902097904,-0.44306418219461696,0.25824175824175827,-0.3607594936708861,0.13245702730030334,0.32242424242424245,-0.3221024258760108,-0.3234567901234568,0.3050847457627119,0.468
0.3183183183183183,-0.5587949465500486,0.07796038769490096,0.6728754365541326,-0.06578947368421052,0.24828532235939643,-0.3443820224719101,-0.5028011204481793,-0.6271301976823449,0.0,0.4988913525498892,-0.40644171779141103,0.3181818181818182,-0.46894409937888204,0.31196581196581197,-0.590014064697609,-0.2649140546006067,0.21333333333333332,0.29380053908355797,-0.151440329218107,0.4248587570621469,0.98
0.31931931931931934,-0.4042759961127308,0.14243573535608933,0.689173457508731,0.462171052631579,0.10699588477366255,-0.3061797752808989,0.13725490196078433,-0.4867075664621676,0.0,0.6334072431633407,-0.2714723926380368,0.5340909090909092,-0.1987577639751553,0.3815628815628816,-0.47679324894514774,-0.3862487360970678,0.4048484848484849,0.009433962264150943,-0.1522633744855967,0.26101694915254237,0.977
0.3203203203203203,-0.5208940719144801,-0.28487147071217866,-0.1420256111757858,-0.05098684210526316,0.9327846364883403,-0.5370786516853933,-0.5770308123249299,-0.6830265848670757,0.0,-0.42645971914264597,0.19785276073619631,-0.11363636363636365,-0.5310559006211181,0.2264957264957265,-0.5316455696202532,0.21132457027300303,0.3703030303030303,0.11590296495956873,-0.24032921810699587,0.11638418079096044,0.429
0.3213213213213213,-0.5724003887269193,0.33712600084281497,0.5250291036088475,-0.19243421052631582,0.37311385459533614,-0.29213483146067415,-0.22408963585434175,-0.47784594410361275,0.0,0.17960088691796008,-0.007668711656441718,0.2272727272727273,-0.33747412008281574,0.5445665445665446,-0.6884669479606189,-0.391304347826087,0.6393939393939394,0.09973045822102425,0.12757201646090535,0.3966101694915254,0.606
0.32232232232232233,-0.5714285714285714,0.3329119258322798,0.4249126891734575,0.3026315789473684,0.11248285322359397,-0.39550561797752803,-0.38655462184873957,-0.6441717791411042,0.0,0.07612712490761271,-0.294478527607362,0.2097902097902098,-0.4596273291925466,0.3608058608058608,-0.5654008438818566,-0.3498483316481294,0.25333333333333335,-0.018867924528301886,-0.10699588477366255,0.38757062146892657,0.766
0.3233233233233233,-0.1836734693877551,-0.3126843657817109,-0.04190919674039581,0.5674342105263157,0.5404663923182442,-0.602247191011236,0.0896358543417367,-0.7341513292433537,0.0,0.2328159645232816,0.1303680981595092,0.22202797202797206,-0.4151138716356108,-0.006105006105006106,-0.31223628691983124,0.4378159757330637,0.2290909090909091,-0.26280323450134774,-0.5415637860082304,0.08700564971751412,0.116
0.32432432432432434,-0.5889212827988338,0.0004214075010535187,0.30151338766006985,0.38980263157894735,0.5939643347050755,-0.3764044943820225,-0.5476190476190477,-0.6257668711656441,0.0,-0.14708056171470807,0.1411042944785276,0.07604895104895106,-0.5414078674948241,0.2796092796092796,-0.4880450070323488,0.09201213346814964,0.5206060606060606,0.10107816711590296,-0.11604938271604937,0.2847457627118644,0.493
0.3253253253253253,-0.380952380952381,-0.14580699536451747,-0.09080325960419092,0.4819078947368421,0.6310013717421126,-0.5365168539325842,-0.21288515406162464,-0.6912065439672801,0.0,-0.15668883961566887,-0.0812883435582822,-0.10227272727272729,-0.6024844720496895,0.07203907203907203,-0.6061884669479607,0.08392315470171892,0.38363636363636366,0.23045822102425878,-0.33168724279835393,0.2734463276836158,0.255
0.3263263263263263,-0.5325558794946551,-0.1934260429835651,0.169965075669383,0.19736842105263158,0.5226337448559671,-0.8297752808988764,-0.5868347338935574,-0.8554873892297205,0.0,-0.0376940133037694,-0.2361963190184049,-0.007867132867132868,-0.4109730848861284,0.10500610500610501,-0.3410689170182841,0.01820020222446916,0.1484848484848485,-0.27628032345013476,-0.534156378600823,0.17966101694915254,0.599
0.32732732732732733,-0.7968901846452867,0.4155077960387695,0.520372526193248,0.29605263157894735,0.24142661179698216,-0.37528089887640453,-0.8431372549019608,-0.6107702794819359,0.0,-0.14634146341463417,-0.4708588957055215,0.24213286713286716,-0.505175983436853,0.5170940170940171,-0.659634317862166,-0.6349848331648129,0.46303030303030307,-0.18463611859838278,0.01810699588477366,0.35706214689265536,1.07
0.3283283283283283,-0.7764820213799807,0.5187526337968815,0.5785797438882422,0.2286184210526316,0.36899862825788754,-0.3797752808988764,-0.44537815126050423,-0.5971370143149284,0.0,0.18255728011825573,-0.0736196319018405,0.2840909090909091,-0.4906832298136646,0.474969474969475,-0.5787623066104078,-0.5540950455005056,0.5442424242424243,0.05660377358490566,0.11604938271604937,0.5796610169491525,0.858
0.32932932932932935,-0.7745383867832848,0.29161399072903493,0.42840512223515714,-0.013157894736842106,0.3813443072702332,-0.4117977528089887,-0.5756302521008403,-0.6278118609406953,0.0,0.005173688100517369,0.26687116564417174,0.21153846153846154,-0.41614906832298143,0.4627594627594628,-0.5386779184247539,-0.25480283114256824,0.48969696969696974,-0.0013477088948787063,-0.011522633744855966,0.34576271186440677,0.606
0.3303303303303303,-0.41788143828960156,0.10998735777496839,0.4423748544819558,0.10361842105263158,0.5898491083676269,-0.2679775280898876,0.04901960784313726,-0.47307430129516015,0.0,0.2512934220251294,0.0015337423312883436,0.1660839160839161,-0.36024844720496896,0.5115995115995116,-0.5773558368495078,-0.1263902932254803,0.7527272727272728,0.07277628032345014,0.06502057613168724,0.35480225988700564,0.718
0.33133133133133136,-0.2837706511175899,-0.06868942267172355,0.380675203725262,0.6233552631578948,0.2729766803840878,-0.5792134831460674,-0.40756302521008403,-0.7334696659850034,0.0,0.41093865484109393,-0.7085889570552147,0.5515734265734267,-0.15010351966873706,-0.006105006105006106,-0.2686357243319269,-0.3619817997977755,0.15212121212121213,-0.33692722371967654,-0.637037037037037,0.5570621468926553,1.111
0.33233233233233234,-0.664723032069971,0.3236409608091024,0.3445867287543655,-0.01644736842105263,0.364883401920439,-0.4792134831460674,-0.4831932773109244,-0.5562372188139059,0.0,-0.044345898004434586,-0.6073619631901841,0.32080419580419584,-0.15320910973084886,0.4627594627594628,-0.490154711673699,-0.5803842264914054,0.5527272727272727,-0.14824797843665768,0.040329218106995884,0.7197740112994351,1.201
0.3333333333333333,-0.4120505344995141,-0.078803202697008,0.30267753201396974,0.10032894736842106,0.5267489711934157,-0.5887640449438203,-0.13165266106442577,-0.5316973415132924,0.0,0.1943828529194383,-0.0,0.12674825174825174,-0.4140786749482402,0.268009768009768,-0.5457102672292546,0.16076845298281092,0.3072727272727273,-0.03234501347708895,-0.2773662551440329,0.14463276836158193,0.014
0.33433433433433435,-0.1564625850340136,-0.3013063632532659,0.38766006984866125,0.587171052631579,0.4279835390946502,-0.5820224719101124,-0.16106442577030813,-0.6816632583503749,0.0,0.18994826311899482,-0.10276073619631902,0.1188811188811189,-0.08385093167701864,0.057997557997558,-0.1617440225035162,0.25783619817997977,0.22363636363636363,-0.11590296495956873,-0.5539094650205761,0.17062146892655367,0.326
0.3353353353353353,-0.5131195335276969,0.10450906026127264,0.43538998835855647,0.48355263157894735,0.5061728395061729,-0.4926966292134831,-0.484593837535014,-0.6407634628493524,0.0,0.09460458240946046,-0.03374233128834356,0.2027972027972028,-0.5248447204968945,0.3351648351648352,-0.6047819971870605,-0.1557128412537917,0.41151515151515156,0.09568733153638813,-0.26584362139917694,0.4135593220338983,0.733
0.33633633633633636,-0.5840621963070943,0.47703329119258314,0.8137369033760186,-0.3240131578947369,0.2880658436213992,-0.4724719101123595,-0.2843137254901961,-0.6312201772324472,0.0,0.23798965262379898,0.03067484662576687,0.4816433566433567,-0.16666666666666669,0.4945054945054946,-0.5921237693389593,-0.5500505561172903,0.4454545454545455,-0.16307277628032343,-0.015637860082304524,0.6485875706214689,1.001
0.33733733733733734,-0.7755102040816327,0.2718078381795196,0.3771827706635623,0.2565789473684211,0.299039780521262,-0.3337078651685393,-0.6428571428571429,-0.5841854124062713,0.0,0.023651145602365115,-0.09509202453987729,0.4580419580419581,-0.2670807453416149,0.36813186813186816,-0.5520393811533052,-0.3751263902932255,0.5266666666666667,-0.04851752021563342,-0.05185185185185185,0.37175141242937854,1.005
0.3383383383383383,-0.37609329446064144,0.3514538558786346,0.3771827706635623,0.20065789473684212,0.17146776406035666,-0.32977528089887637,-0.18207282913165268,-0.48398091342876615,0.0,0.36659275683665926,-0.42024539877300615,0.42832167832167833,-0.28778467908902694,0.3724053724053724,-0.5421940928270043,-0.5985844287158746,0.40727272727272734,0.0862533692722372,-0.17037037037037034,0.7548022598870057,0.94
0.33933933933933935,-0.4586977648202138,0.4079224610198061,0.6495925494761351,0.023026315789473686,0.1550068587105624,-0.34831460674157305,-0.1358543417366947,-0.43626448534423995,0.0,0.3318551367331855,-0.04141104294478527,0.33653846153846156,-0.46894409937888204,0.4444444444444445,-0.5914205344585092,-0.46208291203235596,0.48606060606060614,0.23180592991913745,-0.06666666666666667,0.7016949152542373,0.691
0.34034034034034033,-0.4888241010689991,0.16561314791403287,0.6647264260768335,0.4161184210526316,0.19478737997256515,-0.38370786516853933,-0.028011204481792718,-0.5541922290388548,0.0,0.5838876570583889,-0.3343558282208589,0.42132867132867136,-0.4472049689440994,0.4108669108669109,-0.5569620253164558,-0.32659251769464104,0.36484848484848487,0.006738544474393531,-0.1860082304526749,0.2858757062146893,0.788
0.34134134134134136,-0.34305150631681247,-0.3076274757690686,0.4935972060535506,0.4391447368421053,0.20301783264746226,-0.5691011235955056,-0.13165266106442577,-0.8595773687798226,0.0,0.47745750184774577,-0.3834355828220859,0.38374125874125875,-0.16563146997929606,0.08180708180708182,-0.29606188466947964,0.12234580384226491,0.10727272727272727,-0.29380053908355797,-0.5292181069958848,0.0192090395480226,0.78
0.34234234234234234,-0.2021379980563654,-0.18120522545301304,0.11059371362048895,0.5822368421052632,0.16049382716049385,-0.7814606741573034,-0.4397759103641457,-0.8207225630538513,0.0,0.09312638580931264,-0.06595092024539877,0.24300699300699305,-0.26811594202898553,-0.16300366300366304,-0.15049226441631505,0.34074823053589487,0.02060606060606061,-0.7668463611859838,-0.7020576131687242,0.23389830508474574,0.108
0.3433433433433433,-0.5306122448979592,0.3101559207753898,0.3573923166472643,0.8733552631578948,-0.16598079561042525,-0.7949438202247191,-0.6848739495798319,-0.6141785957736878,0.0,0.13008130081300812,-0.39570552147239263,0.5052447552447552,0.11904761904761905,0.12210012210012211,-0.22925457102672295,-0.3902932254802831,0.19454545454545455,-0.8369272237196765,-0.3201646090534979,0.8225988700564971,1.045
0.34434434434434436,-0.4042759961127308,0.09860935524652338,0.339930151338766,0.6398026315789475,0.07681755829903979,-0.41797752808988764,-0.36414565826330536,-0.7225630538513974,0.0,0.24242424242424243,-0.4217791411042945,0.31905594405594406,-0.2556935817805383,0.14774114774114774,-0.45007032348804504,-0.519716885743175,0.273939393939394,0.1078167115902965,-0.2806584362139918,0.7152542372881356,0.837
0.34534534534534533,-0.3634596695821186,-0.042562157606405394,0.41327124563445866,0.6151315789473685,-0.10013717421124828,-0.7162921348314606,-0.303921568627451,-0.7014314928425357,0.0,0.4944567627494457,-0.7285276073619631,0.5314685314685315,-0.055900621118012424,-0.014652014652014654,-0.20323488045007032,-0.2204246713852376,0.0,-0.40431266846361186,-0.5917695473251028,0.4180790960451977,0.922
0.34634634634634637,-0.6404275996112732,0.5908133164770332,0.3573923166472643,0.3832236842105263,0.20164609053497942,-0.38370786516853933,-0.30952380952380953,-0.5330606680299932,0.0,0.14116777531411678,0.02147239263803681,0.14073426573426576,-0.36024844720496896,0.5695970695970697,-0.5471167369901547,-0.6966632962588473,0.6157575757575758,-0.15498652291105122,0.17201646090534978,0.6700564971751412,0.802
0.34734734734734735,-0.1613216715257532,-0.37926675094816686,0.23166472642607686,0.3388157894736842,0.8381344307270233,-0.5455056179775281,0.0056022408963585435,-0.667348329925017,0.0,-0.06651884700665188,0.4187116564417178,-0.2272727272727273,-0.6149068322981366,0.12454212454212454,-0.349507735583685,0.7947421638018201,0.29454545454545455,0.0026954177897574125,-0.4139917695473251,-0.34011299435028247,-0.464
0.3483483483483483,-0.3459669582118562,0.03581963758954909,0.2922002328288708,-0.19901315789473684,0.26337448559670784,-0.4691011235955056,-0.242296918767507,-0.6762099522835718,0.0,0.2764227642276423,-0.15184049079754602,0.36713286713286714,-0.18633540372670807,0.22283272283272285,-0.4071729957805907,-0.06875631951466128,0.3248484848484849,-0.16307277628032343,-0.1744855967078189,0.2655367231638418,0.928
0.34934934934934936,-0.7414965986394558,-0.037505267593763165,0.15366705471478465,0.06907894736842106,0.6707818930041153,-0.5595505617977528,-0.5966386554621849,-0.6768916155419222,0.0,-0.3148558758314856,-0.22085889570552145,0.033216783216783216,-0.5476190476190477,0.3595848595848596,-0.6814345991561181,-0.011122345803842264,0.31393939393939396,0.2169811320754717,-0.03209876543209876,0.25649717514124293,0.54
0.35035035035035034,-0.4275996112730807,-0.040876527602191313,0.21885913853317812,0.3963815789473684,0.5500685871056242,-0.5185393258426967,0.0350140056022409,-0.7198364008179959,0.0,0.20768662232076868,0.09815950920245399,-0.026223776223776224,-0.6045548654244306,0.29242979242979245,-0.41631504922644164,0.14155712841253792,0.4503030303030303,-0.1954177897574124,-0.2139917695473251,0.12542372881355932,0.227
0.35135135135135137,-0.5792031098153547,1.0,0.7927823050058208,0.23026315789473686,-0.19753086419753085,-0.350561797752809,-0.09243697478991597,-0.4703476482617586,0.0,0.3739837398373984,0.21779141104294475,0.4755244755244756,-0.4089026915113872,0.706959706959707,-0.6329113924050633,-1.0,0.6666666666666667,0.03099730458221024,0.24115226337448556,0.984180790960452,1.094
0.35235235235235235,-0.46355685131195334,-0.008849557522123894,0.23166472642607686,0.375,0.39368998628257884,-0.4185393258426966,-0.48599439775910364,-0.5841854124062713,0.0,-0.06873614190687362,-0.3067484662576687,0.13723776223776224,-0.3064182194616977,0.2905982905982906,-0.519690576652602,-0.19615773508594542,0.44727272727272727,-0.06334231805929919,-0.1316872427983539,0.384180790960452,0.777
0.3533533533533533,-0.5024295432458699,0.14243573535608933,0.10710128055878929,0.37006578947368424,0.6337448559670782,-0.5370786516853933,-0.29831932773109243,-0.6359918200408998,0.0,-0.07760532150776053,0.2039877300613497,0.033216783216783216,-0.55175983436853,0.27350427350427353,-0.35443037974683544,-0.03943377148634985,0.5036363636363637,-0.12668463611859837,-0.18189300411522633,0.17853107344632768,0.68
0.35435435435435436,-0.46258503401360546,0.10535187526337968,0.45983701979045405,-0.10855263157894737,0.663923182441701,-0.4674157303370786,-0.22268907563025211,-0.6966598500340832,0.0,0.15299334811529933,0.18558282208588955,-0.022727272727272728,-0.5486542443064183,0.42124542124542125,-0.7123769338959212,-0.01718907987866532,0.4872727272727273,0.2857142857142857,0.023868312757201644,0.4293785310734463,0.334
0.35535535535535534,-0.4888241010689991,-0.14791403286978505,0.2630966239813737,0.43585526315789475,0.5089163237311386,-0.6837078651685393,-0.2927170868347339,-0.8159509202453987,0.0,0.262379896526238,0.0,0.1433566433566434,-0.13975155279503107,0.028083028083028084,-0.18354430379746836,0.33265925176946415,0.18484848484848485,-0.734501347708895,-0.5580246913580247,0.12655367231638417,0.254
0.3563563563563564,-0.6890184645286687,0.5238095238095238,0.6647264260768335,0.36348684210526316,0.08916323731138547,-0.43258426966292135,-0.4719887955182073,-0.5616905248807089,0.0,0.4515890613451589,-0.45705521472392635,0.42744755244755245,-0.4006211180124224,0.463980463980464,-0.6132208157524613,-0.7593528816986855,0.5866666666666667,-0.11859838274932614,-0.01316872427983539,0.7423728813559323,1.266
0.35735735735735735,-0.4917395529640428,-0.030341340075853346,0.41327124563445866,0.46052631578947373,-0.015089163237311385,-0.4578651685393258,-0.2296918767507003,-0.6871165644171778,0.0,0.5062823355506283,-0.5674846625766871,0.5576923076923077,-0.3198757763975155,0.24664224664224668,-0.559071729957806,-0.5338725985844287,0.23272727272727275,0.04851752021563342,-0.4049382716049382,0.5220338983050847,1.048
0.35835835835835833,-0.42274052478134116,0.03876949009692372,0.23864959254947612,0.26644736842105265,0.5308641975308642,-0.4297752808988764,-0.34873949579831937,-0.6639400136332652,0.0,0.1877309682187731,-0.48466257668711654,0.24562937062937068,-0.34161490683229817,0.1813186813186813,-0.4683544303797469,-0.34175935288169873,0.31272727272727274,0.1320754716981132,-0.22139917695473252,0.41129943502824856,0.964
0.35935935935935936,-0.37609329446064144,-0.2010113780025284,0.26076833527357396,0.475328947368421,-0.30178326474622774,-0.6876404494382022,-0.5224089635854342,-0.814587593728698,0.0,0.4286770140428677,-0.49539877300613494,0.8295454545454546,0.1873706004140787,-0.06410256410256411,-0.11040787623066105,-0.28816986855409504,0.02,-0.6293800539083558,-0.7703703703703704,0.559322033898305,1.208
0.36036036036036034,-0.6064139941690962,0.34428992836072475,0.26076833527357396,0.21217105263157895,0.38820301783264743,-0.5533707865168539,-0.22689075630252103,-0.48943421949556914,0.0,0.12712490761271247,0.1656441717791411,0.20716783216783216,-0.24637681159420288,0.402930402930403,-0.4317862165963432,-0.2103134479271992,0.5666666666666668,-0.2371967654986523,-0.02880658436213992,0.5254237288135594,0.542
0.3613613613613614,-0.6161321671525753,0.35861778339654443,0.5471478463329452,0.17269736842105263,0.2290809327846365,-0.5044943820224719,-0.3319327731092437,-0.6441717791411042,0.0,0.3488543976348854,0.019938650306748466,0.5253496503496504,-0.3478260869565218,0.4908424908424909,-0.569620253164557,-0.49342770475227504,0.5606060606060607,-0.03908355795148248,0.009876543209876543,0.5220338983050847,1.077
0.36236236236236236,-0.512147716229349,0.10619469026548671,0.3376018626309662,0.1825657894736842,0.5898491083676269,-0.5365168539325842,-0.29831932773109243,-0.7137014314928425,0.0,0.0827790096082779,0.24079754601226994,0.21503496503496505,-0.4648033126293996,0.2606837606837607,-0.5527426160337553,-0.03640040444893832,0.40121212121212124,0.16846361185983827,-0.10123456790123456,0.2824858757062147,0.393
0.3633633633633634,-0.32750242954324593,0.07964601769911504,0.3387660069848661,0.5115131578947368,0.006858710562414267,-0.39606741573033705,0.12044817927170869,-0.6475800954328561,0.0,0.45454545454545453,-0.4723926380368098,0.5734265734265735,-0.12732919254658384,0.25702075702075705,-0.43670886075949367,-0.5935288169868553,0.2515151515151515,-0.08894878706199462,-0.16378600823045267,0.42824858757062145,1.077
0.36436436436436437,-0.4062196307094266,-0.4597555836493889,0.2561117578579744,0.16611842105263158,0.11934156378600823,-0.7915730337078651,-0.3011204481792717,-0.9059304703476482,0.0,0.5284552845528455,-0.47852760736196315,0.6451048951048951,0.16459627329192547,-0.08669108669108669,-0.10407876230661041,0.07684529828109202,-0.07696969696969698,-0.4339622641509434,-0.7407407407407407,0.12203389830508474,1.029
0.36536536536536535,-0.39844509232264336,0.26675094816687733,0.6589057043073341,0.3223684210526316,-0.1440329218106996,-0.4601123595505618,-0.004201680672268908,-0.7150647580095432,0.0,0.7435328898743533,-0.11963190184049079,0.666958041958042,-0.18840579710144928,0.29853479853479853,-0.4683544303797469,-0.5813953488372092,0.23272727272727275,-0.02021563342318059,-0.2938271604938271,0.4135593220338983,1.263
0.3663663663663664,-0.4033041788143829,-0.15002107037505266,0.5017462165308498,0.6414473684210527,0.3058984910836763,-0.5202247191011237,-0.31092436974789917,-0.758009543285617,0.0,0.2838137472283814,-0.40337423312883436,0.30332167832167833,-0.17908902691511386,0.11538461538461539,-0.4353023909985935,-0.023255813953488372,0.14727272727272728,-0.1981132075471698,-0.3802469135802469,0.13785310734463277,0.55
0.36736736736736736,-0.2701652089407192,0.1260008428150021,0.3376018626309662,0.41776315789473684,0.03292181069958848,-0.4803370786516854,-0.2927170868347339,-0.7607361963190185,0.0,0.33333333333333337,-0.45092024539877296,0.5472027972027973,-0.33850931677018636,0.1336996336996337,-0.3213783403656822,-0.30738119312436807,0.1503030303030303,-0.2587601078167116,-0.43703703703703706,0.4101694915254237,1.151
0.3683683683683684,-0.3906705539358601,0.26253687315634217,0.3585564610011642,0.5674342105263157,-0.06721536351165981,-0.47134831460674154,-0.10784313725490197,-0.6884798909338786,0.0,0.5883222468588323,-0.558282208588957,0.520979020979021,-0.28571428571428575,0.14163614163614166,-0.41561181434599154,-0.41354903943377147,0.19515151515151516,-0.2398921832884097,-0.3201646090534979,0.7389830508474576,1.143
0.36936936936936937,-0.4927113702623907,0.13232195533080487,0.4481955762514552,0.1299342105263158,0.3895747599451303,-0.7140449438202247,-0.6904761904761905,-0.7566462167689162,0.0,0.16703621581670364,-0.03834355828220859,0.3557692307692308,-0.38405797101449274,0.06227106227106227,-0.3087201125175809,-0.0455005055611729,-0.07636363636363637,-0.5404312668463612,-0.5127572016460905,0.2903954802259887,0.676
0.37037037037037035,-0.500485908649174,0.39528023598820056,0.3492433061699651,0.06743421052631579,0.48559670781893005,-0.5898876404494382,-0.4061624649859944,-0.6489434219495569,0.0,0.02734663710273466,0.012269938650306749,0.2412587412587413,-0.07246376811594203,0.29181929181929184,-0.25316455696202533,-0.2649140546006067,0.3157575757575758,-0.4663072776280323,-0.18353909465020576,0.7977401129943502,0.571
0.3713713713713714,-0.5092322643343052,0.15254951538137376,0.3573923166472643,0.09046052631578948,0.6570644718792867,-0.7258426966292135,-0.3613445378151261,-0.6434901158827538,0.0,-0.04138950480413895,-0.004601226993865031,0.125,-0.4192546583850932,0.30952380952380953,-0.4683544303797469,0.01820020222446916,0.4351515151515152,-0.3463611859838275,-0.2139917695473251,0.5175141242937853,0.372
0.37237237237237236,-0.4470359572400389,-0.0943952802359882,0.2467986030267753,0.7960526315789473,0.2496570644718793,-0.5432584269662921,-0.36274509803921573,-0.6434901158827538,0.0,0.09090909090909091,-0.5567484662576687,0.1826923076923077,-0.15631469979296067,0.03235653235653236,-0.32278481012658233,-0.16784630940343784,0.20181818181818184,-0.37735849056603776,-0.4510288065843621,0.38870056497175137,0.488
0.3733733733733734,-0.4441205053449952,-0.2275600505689001,0.25378346915017463,0.38651315789473684,0.37448559670781895,-0.45224719101123595,-0.5336134453781513,-0.738241308793456,0.0,-0.1197339246119734,-0.12730061349693253,0.05506993006993007,-0.4409937888198758,0.26862026862026867,-0.48030942334739807,0.15672396359959556,0.3575757575757576,0.08355795148247978,-0.30781893004115224,-0.006779661016949152,0.332
0.3743743743743744,-0.4062196307094266,-0.38137378845343445,0.04540162980209546,0.41940789473684215,0.29218106995884774,-0.5331460674157303,-0.2969187675070028,-0.6775732788002726,0.0,0.10643015521064302,-0.23159509202453987,0.24300699300699305,-0.16770186335403728,0.06898656898656899,-0.36427566807313644,0.03538928210313448,0.1981818181818182,-0.2425876010781671,-0.4353909465020576,0.06666666666666667,0.667
0.37537537537537535,-0.5597667638483965,0.18921196797302992,0.4121071012805588,0.49835526315789475,0.053497942386831275,-0.5668539325842696,-0.3921568627450981,-0.6755282890252216,0.0,0.3547671840354767,-0.23773006134969324,0.5358391608391608,-0.4523809523809524,0.3888888888888889,-0.4289732770745429,-0.45096056622851366,0.30909090909090914,-0.20754716981132076,-0.2707818930041152,0.3536723163841808,1.256
0.3763763763763764,-0.4373177842565598,0.031184155077960383,0.45867287543655416,0.6332236842105263,-0.0205761316872428,-0.7342696629213483,-0.18767507002801123,-0.7968643490115882,0.0,0.3614190687361419,-0.35429447852760737,0.5227272727272727,-0.33436853002070394,0.10561660561660562,-0.2559774964838256,-0.11830131445904955,0.13333333333333333,-0.49595687331536387,-0.5991769547325102,0.5807909604519774,0.683
0.37737737737737737,-0.6763848396501457,0.5389801938474504,0.6670547147846333,-0.15789473684210528,0.37448559670781895,-0.2252808988764045,-0.6540616246498601,-0.4478527607361963,0.0,-0.008130081300813007,-0.3773006134969325,0.1520979020979021,-0.37370600414078675,0.5482295482295483,-0.7784810126582279,-0.5369059656218402,0.4387878787878788,0.2587601078167116,0.25267489711934155,0.5220338983050847,1.16
0.3783783783783784,-0.6268221574344024,-0.042983565107458904,0.25145518044237486,0.2105263157894737,0.411522633744856,-0.44943820224719105,-0.27030812324929976,-0.7471029311520109,0.0,0.12195121951219513,0.29141104294478526,0.19493006993006995,-0.6014492753623188,0.4090354090354091,-0.6828410689170183,-0.05156723963599595,0.5303030303030303,0.3288409703504043,-0.023045267489711932,0.22259887005649717,0.582
0.3793793793793794,-0.5160349854227406,0.2777075431942688,0.4237485448195576,0.5921052631578947,0.10425240054869685,-0.8848314606741573,-0.44117647058823534,-0.8752556237218814,0.0,0.393939393939394,-0.6165644171779141,0.7071678321678323,-0.08902691511387163,0.21672771672771673,-0.22644163150492266,-0.416582406471183,0.30363636363636365,-0.8355795148247979,-0.41316872427983536,0.8067796610169491,1.343
0.38038038038038036,-0.4101068999028183,-0.024863042562157604,0.3993015133876601,0.2598684210526316,0.3758573388203018,-0.5870786516853932,-0.34593837535014005,-0.7239263803680982,0.0,0.06873614190687362,0.1549079754601227,0.17482517482517484,-0.27950310559006214,0.17765567765567766,-0.32700421940928276,0.07684529828109202,0.26181818181818184,-0.33423180592991913,-0.4082304526748971,0.07005649717514124,0.378
0.3813813813813814,-0.5276967930029155,0.21955330804888326,0.6693830034924331,0.34539473684210525,0.05898491083676269,-0.45280898876404496,-0.33473389355742295,-0.6632583503749148,0.0,0.48632668144863267,-0.5996932515337423,0.6215034965034966,-0.051759834368530024,0.3443223443223443,-0.3537271448663854,-0.5429726996966633,0.3363636363636364,-0.08894878706199462,-0.2823045267489712,0.6293785310734463,1.293
0.38238238238238237,-0.37900874635568516,-0.040876527602191313,0.44935972060535506,0.06907894736842106,0.021947873799725653,-0.4174157303370786,-0.23669467787114848,-0.6939331970006817,0.0,0.336289726533629,-0.5521472392638036,0.6258741258741259,-0.515527950310559,0.28449328449328454,-0.6174402250351618,-0.3902932254802831,0.18303030303030304,0.35444743935309975,-0.14567901234567898,0.2983050847457627,1.215
0.3833833833833834,-0.5208940719144801,0.2553729456384323,0.4575087310826543,0.40460526315789475,0.4650205761316873,-0.3612359550561798,-0.057422969187675074,-0.6223585548738922,0.0,0.3348115299334812,-0.012269938650306749,0.22202797202797206,-0.5869565217391304,0.38522588522588525,-0.510548523206751,-0.2558139534883721,0.49575757575757573,0.408355795148248,0.0016460905349794238,0.34350282485875705,0.588
0.3843843843843844,-0.5170068027210885,0.09186683522966708,0.40395809080325956,0.71875,-0.04252400548696845,-0.6707865168539325,-0.46218487394957986,-0.8629856850715746,0.0,0.557280118255728,-0.4171779141104295,0.701923076923077,-0.14803312629399584,-0.004884004884004884,-0.20323488045007032,-0.35085945399393326,0.06787878787878789,-0.4716981132075471,-0.6065843621399176,0.6824858757062147,1.175
0.38538538538538536,-0.6618075801749272,-0.09481668773704172,0.16763678696158324,0.41940789473684215,0.6515775034293553,-0.5870786516853932,-0.9005602240896359,-0.7498295841854125,0.0,-0.37028824833702884,0.1625766871165644,-0.06818181818181819,-0.5227743271221532,0.30036630036630035,-0.5724331926863573,0.243680485338726,0.4775757575757576,-0.0646900269541779,-0.1679012345679012,0.2463276836158192,0.395
0.3863863863863864,-0.19436345966958216,-0.2566371681415929,0.08381839348079162,0.287828947368421,0.4705075445816187,-0.6179775280898877,-0.13865546218487396,-0.6952965235173824,0.0,0.180339985218034,-0.032208588957055216,0.2465034965034965,-0.16149068322981366,-0.04700854700854701,-0.1779184247538678,0.262891809908999,0.0987878787878788,-0.46091644204851756,-0.5728395061728394,0.20903954802259886,0.495
0.38738738738738737,-0.6112730806608359,-0.13442899283607246,0.5227008149010478,0.3207236842105263,0.08367626886145405,-0.499438202247191,-0.46918767507002807,-0.7062031356509884,0.0,0.09460458240946046,-0.3650306748466257,0.3085664335664336,-0.28467908902691513,0.21550671550671552,-0.4170182841068917,-0.2376137512639029,0.3357575757575758,-0.005390835579514825,-0.3069958847736625,-0.04293785310734463,0.726
0.3883883883883884,-0.33819241982507287,-0.2090181205225453,0.3492433061699651,0.5,0.33058984910836764,-0.5,-0.20588235294117646,-0.8568507157464211,0.0,0.48263118994826315,-0.44631901840490795,0.5253496503496504,-0.4648033126293996,0.10500610500610501,-0.3945147679324895,-0.005055611729019211,0.2751515151515152,-0.025606469002695417,-0.48312757201646084,0.2677966101694915,0.871
0.3893893893893894,-0.5170068027210885,0.10661609776654024,0.3469150174621653,0.7171052631578948,0.07544581618655694,-0.4157303370786517,-0.04481792717086835,-0.6830265848670757,0.0,0.24168514412416853,-0.1165644171779141,0.27709790209790214,-0.33747412008281574,0.2594627594627595,-0.5175808720112518,-0.30434782608695654,0.3757575757575758,0.04177897574123989,-0.1868312757201646,0.27005649717514124,0.683
0.39039039039039036,-0.44897959183673475,0.05436156763590391,0.22235157159487778,0.19243421052631582,0.04801097393689987,-0.6207865168539326,-0.3599439775910364,-0.7566462167689162,0.0,0.13155949741315595,-0.3420245398773006,0.28321678321678323,-0.28364389233954457,0.15750915750915753,-0.3656821378340366,-0.3033367037411527,0.23090909090909092,-0.1495956873315364,-0.4181069958847736,0.6248587570621469,0.816
0.3913913913913914,-0.793002915451895,0.41382216603455535,0.6437718277066357,0.2631578947368421,-0.053497942386831275,-0.4241573033707865,-0.47338935574229696,-0.5787321063394683,0.0,0.37102734663710274,0.19938650306748465,0.5288461538461539,-0.4472049689440994,0.5995115995115995,-0.6511954992967652,-0.5763397371081901,0.5406060606060606,0.0026954177897574125,0.09794238683127571,0.34576271186440677,1.322
0.3923923923923924,-0.5500485908649174,-0.07416772018541928,0.09429569266589058,0.5,0.37311385459533614,-0.9073033707865168,-0.36834733893557425,-0.8568507157464211,0.0,0.022172949002217293,-0.18711656441717792,0.15734265734265734,-0.18633540372670807,0.06166056166056167,-0.2630098452883263,0.17391304347826086,0.2,-0.9487870619946092,-0.5193415637860082,0.43050847457627117,0.387
0.3933933933933934,-0.10495626822157435,-0.1980615254951538,0.25261932479627475,0.08881578947368421,0.28257887517146774,-0.6067415730337079,0.2296918767507003,-0.7402862985685071,0.0,0.5801921655580192,-0.39723926380368096,0.4291958041958042,-0.34575569358178054,-0.037851037851037855,-0.25668073136427566,-0.01314459049544995,0.06121212121212122,-0.029649595687331536,-0.576954732510288,0.41129943502824856,0.618
0.3943943943943944,-0.34305150631681247,0.3560893383902233,0.710128055878929,0.5263157894736842,0.25377229080932784,-0.4848314606741573,-0.33753501400560226,-0.6087252897068848,0.0,0.4515890613451589,0.13343558282208587,0.22290209790209792,-0.3954451345755694,0.3711843711843712,-0.5548523206751055,-0.27098078867542974,0.4672727272727273,0.008086253369272238,-0.07983539094650205,0.4734463276836158,0.61
0.3953953953953954,-0.32944606413994176,-0.17699115044247785,0.22933643771827708,0.41940789473684215,0.12071330589849108,-0.7022471910112359,-0.2605042016806723,-0.787321063394683,0.0,0.41167775314116783,-0.7561349693251533,0.5410839160839161,-0.047619047619047616,0.026251526251526252,-0.2327707454289733,-0.01314459049544995,0.04727272727272727,-0.45956873315363883,-0.5563786008230452,0.28135593220338984,1.05
0.3963963963963964,-0.42274052478134116,0.14243573535608933,0.5727590221187427,0.5328947368421053,0.19753086419753085,-0.3179775280898876,-0.13725490196078433,-0.6359918200408998,0.0,0.6090169992609017,0.14263803680981593,0.6215034965034966,-0.4140786749482402,0.47252747252747257,-0.6308016877637131,-0.35187057633973706,0.5515151515151515,0.16711590296495957,0.019753086419753086,0.0655367231638418,1.093
0.3973973973973974,-0.33819241982507287,0.08680994521702486,0.3317811408614668,0.47368421052631576,-0.04663923182441702,-0.5662921348314607,-0.39075630252100846,-0.7293796864349011,0.0,0.37841832963784183,-0.5690184049079754,0.6730769230769231,-0.07453416149068323,0.23015873015873017,-0.5098452883263009,-0.6147623862487361,0.2703030303030303,-0.22776280323450138,-0.2823045267489712,0.559322033898305,1.242
0.3983983983983984,-0.04178814382896016,-0.6493889591234723,0.18742724097788127,0.7253289473684211,0.4705075445816187,-0.6848314606741573,0.0056022408963585435,-0.7259713701431492,0.0,0.28085735402808576,-0.007668711656441718,0.21765734265734268,0.09937888198757765,-0.10561660561660562,-0.15119549929676512,0.5166835187057635,0.08606060606060606,-0.274932614555256,-0.6534979423868312,-0.11638418079096044,0.094
0.3993993993993994,-0.27988338192419826,-0.0012642225031605561,-0.010477299185098952,0.587171052631579,0.17695473251028807,-0.39550561797752803,-0.2857142857142857,-0.6646216768916154,0.0,0.21655580192165558,-0.6319018404907975,0.5777972027972029,-0.3033126293995859,0.05982905982905983,-0.4486638537271449,-0.4014155712841254,0.09757575757575758,-0.20080862533692723,-0.44362139917695476,0.5570621468926553,1.238
0.4004004004004004,-0.5413022351797863,0.48293299620733243,0.5413271245634459,0.027960526315789477,0.2908093278463649,-0.18651685393258427,-0.1162464985994398,-0.4144512610770279,0.0,0.4168514412416851,-0.03834355828220859,0.263986013986014,-0.6677018633540374,0.5268620268620269,-0.7081575246132208,-0.5005055611729019,0.54,0.353099730458221,0.11687242798353907,0.5694915254237288,0.773
0.4014014014014014,-0.511175898931001,-0.08680994521702486,0.35157159487776485,0.20230263157894737,-0.01646090534979424,-0.6842696629213483,-0.2002801120448179,-0.8459441036128152,0.0,0.45454545454545453,0.06288343558282208,0.4956293706293706,-0.15113871635610765,0.08241758241758243,-0.24964838255977498,0.021233569261880688,0.14424242424242426,-0.4514824797843666,-0.5325102880658436,0.38757062146892657,0.868
0.4024024024024024,-0.6754130223517979,0.22840286557100717,0.7066356228172294,-0.044407894736842105,-0.05898491083676269,-0.15449438202247193,-0.5756302521008403,-0.61826857532379,0.0,0.31263858093126384,-0.16104294478527606,0.5882867132867133,-0.2939958592132505,0.47741147741147744,-0.6687763713080169,-0.5328614762386249,0.5393939393939394,0.5512129380053908,0.11440329218106997,0.3864406779661017,1.233
0.4034034034034034,-0.6103012633624879,0.09860935524652338,-0.0640279394644936,0.13815789473684212,0.7242798353909465,-0.4561797752808989,-0.4481792717086835,-0.5685071574642127,0.0,-0.515890613451589,0.21625766871165641,-0.2893356643356644,-0.4751552795031056,0.42246642246642246,-0.5288326300984529,-0.0020222446916076846,0.5927272727272728,-0.0026954177897574125,0.06419753086419752,0.2463276836158192,0.192
0.4044044044044044,-0.6073858114674442,0.1554993678887484,0.30034924330616997,0.14638157894736842,0.25102880658436216,-0.6410112359550562,-0.32492997198879553,-0.743694614860259,0.0,0.18107908351810792,0.08895705521472393,0.3006993006993007,-0.07039337474120083,0.19230769230769232,-0.27004219409282704,-0.20020222446916078,0.22181818181818183,-0.48787061994609165,-0.23539094650205758,0.27796610169491526,0.746
0.40540540540540543,-0.44606413994169103,0.27096502317741256,0.5878928987194412,0.25,-0.050754458161865565,-0.5134831460674157,-0.23389355742296922,-0.5535105657805044,0.0,0.48337028824833705,-0.14877300613496933,0.3706293706293706,-0.3167701863354037,0.2264957264957265,-0.4381153305203938,-0.25884732052578363,0.19636363636363638,-0.2560646900269542,-0.15473251028806584,0.34689265536723163,0.773
0.4064064064064064,-0.4198250728862974,-0.3084702907711757,0.05471478463329453,0.5032894736842105,0.25788751714677643,-0.6382022471910112,-0.4747899159663866,-0.7743694614860258,0.0,0.10051736881005174,0.12730061349693253,0.1966783216783217,-0.28571428571428575,0.050061050061050064,-0.4360056258790436,0.14560161779575329,0.25212121212121213,-0.25067385444743934,-0.48312757201646084,0.07231638418079096,0.641
0.4074074074074074,-0.32458697764820216,0.07501053518752633,0.32479627473806755,0.024671052631578948,0.205761316872428,-0.5876404494382023,-0.2801120448179272,-0.661895023858214,0.0,0.28750923872875095,-0.3941717791411043,0.36363636363636365,-0.27743271221532095,0.20390720390720393,-0.4360056258790436,-0.29828109201213343,0.3303030303030303,-0.03369272237196766,-0.2806584362139918,0.4429378531073446,0.869
0.4084084084084084,-0.576287657920311,0.3910661609776654,0.559953434225844,0.09868421052631579,0.11248285322359397,-0.43258426966292135,-0.19187675070028012,-0.5057941376959781,0.0,0.29416112342941614,-0.24386503067484663,0.38374125874125875,-0.28053830227743276,0.4536019536019536,-0.4908579465541491,-0.5338725985844287,0.4696969696969697,-0.274932614555256,-0.018930041152263374,0.5525423728813559,0.932
0.4094094094094094,-0.6423712342079689,0.41761483354403706,0.5750873108265425,0.19078947368421054,0.19753086419753085,-0.37359550561797755,-0.3599439775910364,-0.5432856169052488,0.0,0.2734663710273466,-0.06595092024539877,0.4484265734265735,-0.35921325051759834,0.4261294261294261,-0.5815752461322081,-0.45096056622851366,0.4842424242424243,-0.01078167115902965,0.023045267489711932,0.48022598870056493,0.817
0.41041041041041043,-0.5685131195335277,0.15887062789717657,0.19906868451688012,0.39473684210526316,0.3319615912208505,-0.29775280898876405,-0.3333333333333333,-0.6025903203817314,0.0,0.11012564671101256,0.019938650306748466,0.256993006993007,-0.38095238095238093,0.37912087912087916,-0.5014064697609001,-0.34580384226491406,0.43212121212121213,0.17789757412398924,-0.1465020576131687,0.2745762711864407,0.768
0.4114114114114114,0.06899902818270165,-0.2747576906868942,0.2630966239813737,0.4144736842105263,0.1646090534979424,-0.7146067415730337,0.14285714285714285,-0.787321063394683,0.0,0.6282335550628233,-0.4417177914110429,0.5148601398601399,-0.030020703933747415,-0.0463980463980464,-0.2039381153305204,-0.1648129423660263,0.04666666666666667,-0.31266846361185985,-0.605761316872428,0.21694915254237288,0.877
0.4124124124124124,-0.5675413022351798,0.4517488411293721,0.6821885913853317,-0.14473684210526316,0.49794238683127573,-0.32022471910112354,-0.00980392156862745,-0.6543967280163598,0.0,0.3481152993348115,0.30368098159509205,0.20804195804195805,-0.8716356107660456,0.7185592185592187,-0.9015471167369902,-0.44590495449949447,0.7436363636363638,0.6132075471698113,0.3382716049382716,0.4248587570621469,0.86
0.4134134134134134,-0.2546161321671526,-0.08680994521702486,0.559953434225844,0.6973684210526315,-0.0205761316872428,-0.4022471910112359,0.008403361344537816,-0.5439672801635992,0.0,0.7191426459719142,-0.6549079754601227,0.7202797202797203,-0.14078674948240166,0.049450549450549455,-0.3438818565400844,-0.378159757330637,0.12000000000000001,-0.1334231805929919,-0.4748971193415637,0.18983050847457628,1.133
0.4144144144144144,-0.5510204081632653,0.08470290771175727,0.3573923166472643,0.4851973684210526,0.4787379972565158,-0.6168539325842697,-0.5322128851540616,-0.7416496250852079,0.0,-0.057649667405764965,0.049079754601226995,-0.005244755244755245,-0.42339544513457555,0.1684981684981685,-0.4486638537271449,0.12841253791708798,0.36484848484848487,-0.274932614555256,-0.2839506172839506,0.4949152542372881,0.344
0.41541541541541543,-0.5704567541302236,-0.11504424778761062,0.14551804423748546,0.3207236842105263,0.6117969821673526,-0.6393258426966292,-0.42296918767507,-0.8118609406952966,0.0,-0.2099039172209904,-0.03374233128834356,0.0611888111888112,-0.38716356107660455,0.28998778998779,-0.5218002812939522,0.13245702730030334,0.4036363636363637,0.01078167115902965,-0.1580246913580247,0.3333333333333333,0.355
0.4164164164164164,-0.6588921282798835,0.3708386009270965,0.3620488940628638,0.03453947368421053,0.6351165980795611,-0.6629213483146067,-0.1162464985994398,-0.5105657805044308,0.0,-0.05099778270509978,-0.03834355828220859,0.0305944055944056,-0.12215320910973085,0.49389499389499397,-0.4050632911392405,-0.25682507583417596,0.5484848484848486,-0.4191374663072776,0.0008230452674897119,0.4813559322033898,0.308
0.4174174174174174,-0.5539358600583091,-0.021491782553729452,-0.010477299185098952,0.10526315789473685,0.784636488340192,-0.4393258426966292,-0.08543417366946779,-0.6646216768916154,0.0,-0.11012564671101256,0.10429447852760737,-0.20804195804195805,-0.6635610766045549,0.4444444444444445,-0.7109704641350211,0.13346814964610718,0.5606060606060607,0.18059299191374664,0.06831275720164609,0.22033898305084745,0.314
0.4184184184184184,-0.3624878522837707,0.01896333754740834,0.5087310826542492,0.03947368421052632,0.24691358024691357,-0.6039325842696629,-0.1834733893557423,-0.7027948193592365,0.0,0.49593495934959353,-0.35276073619631904,0.6678321678321679,-0.15734989648033126,0.30341880341880345,-0.29606188466947964,-0.2992922143579373,0.3418181818181818,-0.20754716981132076,-0.3193415637860082,0.3706214689265537,1.109
0.4194194194194194,-0.6841593780369291,0.23640960809102401,0.4807916181606519,0.2779605263157895,0.49657064471879286,-0.36797752808988765,-0.4215686274509804,-0.6918882072256304,0.0,0.17738359201773835,-0.13190184049079753,0.2167832167832168,-0.5414078674948241,0.41758241758241765,-0.5724331926863573,-0.23862487360970677,0.5872727272727273,-0.05390835579514825,-0.01728395061728395,0.32655367231638416,0.598
0.42042042042042044,-0.21963070942662782,-0.10029498525073745,0.31315483119906873,0.6069078947368421,-0.3155006858710563,-0.552247191011236,-0.32773109243697485,-0.7586912065439673,0.0,0.3259423503325942,-0.5414110429447853,0.5900349650349651,-0.18530020703933747,-0.09218559218559219,-0.2939521800281294,-0.24469160768452983,-0.21454545454545454,-0.4299191374663073,-0.6814814814814814,0.46327683615819204,0.795
0.4214214214214214,-0.33430515063168126,-0.7277707543194268,-0.3061699650756694,0.4243421052631579,0.5761316872427984,-0.4157303370786517,-0.4831932773109244,-0.7934560327198363,0.0,-0.30598669623059865,-0.1687116564417178,-0.04195804195804196,-0.5393374741200828,-0.03724053724053724,-0.3945147679324895,0.5490394337714863,0.13212121212121214,-0.1320754716981132,-0.5596707818930041,-0.2790960451977401,0.071
0.42242242242242245,-0.31389698736637517,0.07627475769068688,0.6181606519208382,0.27631578947368424,0.2496570644718793,-0.3893258426966292,-0.22549019607843138,-0.661895023858214,0.0,0.5535846267553585,-0.19171779141104295,0.42132867132867136,-0.4606625258799172,0.22283272283272285,-0.5344585091420535,-0.19919110212335694,0.35515151515151516,0.09433962264150944,-0.2518518518518518,0.40564971751412426,0.639
0.42342342342342343,-0.6705539358600583,0.15002107037505266,0.3178114086146682,0.17105263157894737,0.20713305898491083,-0.5224719101123596,-0.40476190476190477,-0.6980231765507839,0.0,0.1263858093126386,-0.2883435582822086,0.263986013986014,-0.32091097308488614,0.29853479853479853,-0.48523206751054854,-0.39332659251769464,0.42,0.15768194070080863,-0.16378600823045267,0.5333333333333333,0.706
0.4244244244244244,-0.3731778425655977,-0.1217867678044669,0.5029103608847497,0.13815789473684212,0.6241426611796983,-0.5561797752808989,-0.365546218487395,-0.667348329925017,0.0,-0.11529933481152993,0.23773006134969324,0.034090909090909095,-0.2318840579710145,0.2979242979242979,-0.2819971870604782,0.3822042467138524,0.33818181818181825,-0.28706199460916443,-0.30864197530864196,0.013559322033898305,0.3
0.42542542542542544,-0.32167152575315844,-0.40665823851664556,0.16647264260768335,0.7088815789473685,0.16186556927297668,-0.5516853932584269,-0.2324929971988796,-0.9359236537150647,0.0,0.270509977827051,-0.5628834355828221,0.3094405594405594,-0.3633540372670807,-0.09584859584859586,-0.42545710267229253,-0.1749241658240647,0.060000000000000005,0.12129380053908355,-0.6567901234567901,0.23389830508474574,0.935
0.4264264264264264,-0.3070942662779398,-0.48082595870206485,0.29452852153667053,0.6973684210526315,0.5939643347050755,-0.6747191011235956,-0.18767507002801123,-0.7634628493524199,0.0,0.3163340724316334,-0.3941717791411043,0.173951048951049,0.08488612836438925,-0.07753357753357754,-0.1919831223628692,0.18503538928210314,0.045454545454545456,-0.3018867924528302,-0.6674897119341564,0.13220338983050847,0.611
0.42742742742742745,-0.46258503401360546,0.1913190054782975,0.2561117578579744,0.34868421052631576,0.7969821673525377,-0.6089887640449438,-0.06582633053221289,-0.6066802999318337,0.0,-0.03991130820399113,0.3604294478527607,-0.007867132867132868,-0.5641821946169773,0.4456654456654457,-0.5759493670886076,0.033367037411526794,0.5630303030303031,-0.06199460916442048,-0.03950617283950617,0.4926553672316384,0.215
0.42842842842842843,-0.10495626822157435,-0.03286978508217446,0.12339930151338765,0.5674342105263157,0.22770919067215364,-0.4387640449438202,0.1512605042016807,-0.5650988411724608,0.0,0.24611973392461198,0.012269938650306749,0.17832167832167833,-0.34679089026915116,0.0463980463980464,-0.4043600562587904,0.008088978766430738,0.19515151515151516,-0.10107816711590296,-0.4691358024691357,0.4406779661016949,0.423
0.4294294294294294,-0.11661807580174928,-0.4475347661188369,-0.119906868451688,0.6365131578947368,-0.02606310013717421,-0.6028089887640449,-0.2829131652661065,-0.8827539195637354,0.0,0.13747228381374724,-0.5751533742331288,0.4405594405594406,0.050724637681159424,-0.29242979242979245,-0.047116736990154715,-0.08998988877654196,-0.1103030303030303,-0.38679245283018865,-0.8699588477366255,0.4406779661016949,0.786
0.43043043043043044,-0.6501457725947523,0.21913190054782974,0.3387660069848661,0.3371710526315789,-0.009602194787379973,-0.7207865168539326,-0.6946778711484594,-0.7614178595773687,0.0,0.1293422025129342,-0.5720858895705522,0.4886363636363637,-0.044513457556935816,0.14285714285714288,-0.2869198312236287,-0.5237613751263903,0.21212121212121213,-0.578167115902965,-0.35637860082304523,0.45875706214689266,1.044
0.4314314314314314,-0.282798833819242,-0.4075010535187526,0.3387660069848661,0.5197368421052632,0.3703703703703704,-0.6275280898876404,0.11764705882352942,-0.8548057259713701,0.0,0.29342202512934223,-0.37269938650306744,0.298951048951049,-0.3778467908902692,0.05738705738705739,-0.29043600562587907,0.2841253791708797,0.11757575757575758,-0.1078167115902965,-0.3423868312757201,-0.011299435028248588,0.642
0.43243243243243246,-0.5724003887269193,-0.13232195533080487,0.11525029103608848,0.44736842105263164,0.11796982167352538,-0.7123595505617978,-0.6820728291316527,-0.8875255623721882,0.0,0.2113821138211382,-0.460122699386503,0.3426573426573427,-0.1739130434782609,0.06654456654456654,-0.29254571026722925,-0.14560161779575329,0.0890909090909091,-0.5566037735849056,-0.5481481481481482,0.4723163841807909,0.78
0.43343343343343343,-0.40524781341107874,0.31436999578592495,0.610011641443539,0.19407894736842105,-0.2167352537722908,-0.42921348314606744,-0.27450980392156865,-0.661895023858214,0.0,0.37250554323725055,-0.46779141104294475,0.611013986013986,-0.1697722567287785,0.3156288156288157,-0.3931082981715894,-0.6177957532861477,0.24545454545454548,-0.09838274932614555,-0.27983539094650206,0.8372881355932204,1.089
0.4344344344344344,-0.5966958211856171,0.5512010113780025,0.34109429569266586,0.06085526315789474,0.3525377229080933,-0.2730337078651685,-0.33613445378151263,-0.471029311520109,0.0,0.06577974870657798,0.2116564417177914,0.16171328671328672,-0.3074534161490683,0.5775335775335776,-0.5787623066104078,-0.6835187057633975,0.6630303030303031,0.20485175202156333,0.20411522633744855,0.519774011299435,0.896
0.43543543543543545,-0.5607385811467445,0.1887905604719764,0.22235157159487778,0.4819078947368421,0.13305898491083676,-0.35112359550561795,-0.3389355742296919,-0.61826857532379,0.0,0.056910569105691054,-0.12576687116564417,0.2465034965034965,-0.12525879917184266,0.30952380952380953,-0.4676511954992968,-0.4337714863498483,0.3018181818181818,-0.16711590296495957,-0.1925925925925926,0.5401129943502825,0.762
0.4364364364364364,-0.27696793002915454,-0.21744627054361565,0.3154831199068685,0.3569078947368421,0.4842249657064472,-0.4370786516853933,0.028011204481792718,-0.6687116564417177,0.0,0.22320768662232077,0.23773006134969324,0.21853146853146854,-0.09420289855072464,0.21306471306471306,-0.4043600562587904,0.21435793731041455,0.393939393939394,0.11051212938005392,-0.3193415637860082,0.288135593220339,0.384
0.43743743743743746,-0.6287657920310982,0.33670459334176145,0.5518044237485448,0.20230263157894737,0.19478737997256515,-0.14269662921348314,-0.06862745098039216,-0.5671438309475119,0.0,0.3532889874353289,-0.1058282208588957,0.291958041958042,-0.5062111801242236,0.6294261294261294,-0.8403656821378341,-0.48938321536905965,0.6024242424242424,0.7789757412398921,0.2740740740740741,0.4700564971751412,0.976
0.43843843843843844,-0.17103984450923226,-0.36409608091024015,0.2922002328288708,0.8289473684210527,-0.0823045267489712,-0.5337078651685393,0.0056022408963585435,-0.7859577368779822,0.0,0.6156688839615668,-0.5552147239263804,0.8006993006993008,-0.050724637681159424,-0.1391941391941392,-0.2355836849507736,-0.19615773508594542,-0.0393939393939394,-0.005390835579514825,-0.7744855967078188,0.2790960451977401,1.053
0.4394394394394394,-0.17006802721088435,-0.5406658238516645,0.48661233993015135,0.34539473684210525,0.5953360768175583,-0.6387640449438202,0.14565826330532214,-0.8616223585548739,0.0,0.43458980044345896,-0.19171779141104295,0.18793706293706294,-0.2018633540372671,0.06471306471306472,-0.3945147679324895,0.4287158746208291,0.17212121212121212,0.11590296495956873,-0.5012345679012346,0.05988700564971751,0.272
0.44044044044044045,-0.5014577259475219,0.3421828908554572,0.389988358556461,0.31578947368421056,0.8683127572016461,-0.23595505617977527,-0.029411764705882356,-0.3660531697341513,0.0,-0.018477457501847747,0.6211656441717791,-0.22115384615384617,-0.6438923395445135,0.5494505494505495,-0.7981715893108299,-0.05055611729019212,0.7066666666666667,0.40700808625336926,0.2781893004115226,0.21807909604519773,0.218
0.44144144144144143,-0.49659863945578236,0.07332490518331225,0.3585564610011642,0.3996710526315789,0.39368998628257884,-0.649438202247191,-0.48599439775910364,-0.6087252897068848,0.0,-0.0679970436067997,0.03680981595092025,0.0576923076923077,-0.34575569358178054,0.29975579975579975,-0.39170182841068923,0.028311425682507583,0.527878787878788,-0.3463611859838275,-0.07901234567901234,0.33785310734463275,0.61
0.44244244244244246,-0.5218658892128281,0.35861778339654443,0.5436554132712457,0.1694078947368421,0.598079561042524,-0.40505617977528086,-0.15546218487394958,-0.580095432856169,0.0,0.2572062084257206,0.31901840490797545,-0.04632867132867133,-0.5165631469979296,0.40537240537240543,-0.5970464135021097,-0.08796764408493427,0.4575757575757576,-0.05660377358490566,-0.07407407407407407,0.3593220338983051,0.328
0.44344344344344344,-0.3226433430515064,-0.15002107037505266,0.15599534342258442,0.8075657894736842,0.18381344307270234,-0.6561797752808989,-0.16666666666666666,-0.7552828902522154,0.0,0.35772357723577236,-0.015337423312883436,0.472902097902098,-0.2091097308488613,0.0695970695970696,-0.42545710267229253,-0.005055611729019211,0.23030303030303031,-0.22102425876010784,-0.49711934156378595,0.3073446327683616,0.755
0.4444444444444444,-0.4859086491739553,-0.19721871049304676,0.3224679860302678,0.30756578947368424,0.6556927297668038,-0.4842696629213483,-0.47338935574229696,-0.5882753919563735,0.0,-0.22468588322246857,-0.06595092024539877,0.0270979020979021,-0.36749482401656314,0.2594627594627595,-0.5119549929676512,0.04044489383215369,0.38303030303030305,0.013477088948787063,-0.3530864197530864,0.1423728813559322,0.268
0.44544544544544545,-0.5811467444120506,0.7800252844500631,0.6495925494761351,-0.03289473684210526,0.6433470507544582,-0.28876404494382024,-0.08823529411764706,-0.41036128152692564,0.0,0.12047302291204731,0.6748466257668712,0.026223776223776224,-0.6055900621118012,0.8608058608058609,-0.789732770745429,-0.4762386248736097,0.8763636363636363,0.45956873315363883,0.49053497942386826,0.5536723163841808,0.561
0.44644644644644643,-0.5519922254616132,0.3105773282764433,0.4109429569266589,0.28618421052631576,0.308641975308642,-0.6033707865168539,-0.7521008403361346,-0.7511929107021131,0.0,-0.06651884700665188,-0.34049079754601225,0.12412587412587413,-0.35714285714285715,0.11721611721611723,-0.3628691983122363,-0.34074823053589487,0.24060606060606063,-0.3140161725067386,-0.35637860082304523,0.6677966101694914,0.51
0.44744744744744747,-0.3197278911564626,0.5242309313105773,0.6495925494761351,0.3569078947368421,0.03292181069958848,-0.37808988764044943,-0.11344537815126052,-0.4226312201772324,0.0,0.5395417590539542,-0.48006134969325154,0.47727272727272735,-0.33229813664596275,0.380952380952381,-0.5274261603375527,-0.8624873609706775,0.44727272727272727,0.02830188679245283,-0.05432098765432099,0.7401129943502825,1.485
0.44844844844844844,-0.7521865889212829,0.20648967551622416,0.027939464493597205,-0.3766447368421053,0.7064471879286695,-0.3117977528089888,-0.4929971988795518,-0.5085207907293796,0.0,-0.3762010347376201,0.5368098159509201,-0.13811188811188813,-0.5631469979296067,0.6477411477411478,-0.7609001406469762,-0.06572295247724975,0.650909090909091,0.26819407008086255,0.24032921810699587,0.2689265536723164,0.321
0.4494494494494494,-0.2857142857142857,0.3101559207753898,0.5261932479627474,0.3273026315789474,0.2139917695473251,-0.5410112359550562,0.018207282913165267,-0.6284935241990457,0.0,0.5853658536585367,-0.3343558282208589,0.4536713286713287,-0.4917184265010352,0.42185592185592186,-0.43037974683544306,-0.4064711830131446,0.43333333333333335,-0.25336927223719674,-0.2699588477366255,0.5570621468926553,1.033
0.45045045045045046,-0.293488824101069,-0.018120522545301304,0.30034924330616997,0.6957236842105263,0.34156378600823045,-0.7067415730337079,-0.15406162464985995,-0.765507839127471,0.0,0.46932742054693277,-0.602760736196319,0.5367132867132868,-0.09316770186335403,-0.05372405372405373,-0.21167369901547117,-0.25682507583417596,0.25393939393939396,-0.42183288409703507,-0.5349794238683128,0.7242937853107345,0.862
0.45145145145145144,-0.6462585034013606,0.4323640960809102,0.26076833527357396,-0.2648026315789474,0.27983539094650206,-0.3893258426966292,-0.39075630252100846,-0.5787321063394683,0.0,-0.0975609756097561,-0.25153374233128833,0.27534965034965037,-0.28364389233954457,0.5586080586080586,-0.6343178621659635,-0.7866531850353893,0.3678787878787879,-0.07008086253369272,0.10864197530864197,0.5875706214689266,1.15
0.45245245245245247,-0.4985422740524782,-0.21238938053097342,0.4842840512223516,0.23684210526315788,0.4746227709190672,-0.6314606741573034,-0.4775910364145659,-0.7743694614860258,0.0,0.21507760532150774,-0.26993865030674846,0.3286713286713287,-0.2101449275362319,0.13614163614163616,-0.3234880450070324,-0.004044489383215369,0.16545454545454547,-0.18598382749326148,-0.5037037037037037,0.26440677966101694,0.583
0.45345345345345345,-0.4538386783284743,-0.16729877791824693,0.31082654249126895,-0.06578947368421052,0.8669410150891632,-0.49325842696629213,-0.515406162464986,-0.531015678254942,0.0,-0.04878048780487805,-0.08895705521472393,-0.01048951048951049,-0.4151138716356108,0.2661782661782662,-0.4873417721518987,0.27401415571284127,0.47030303030303033,0.05121293800539083,-0.2872427983539094,0.04632768361581921,0.383
0.4544544544544545,-0.46355685131195334,-0.07501053518752633,0.40512223515715945,0.10526315789473685,-0.024691358024691357,-0.4297752808988764,-0.1722689075630252,-0.7123381049761417,0.0,0.5351071692535108,-0.8113496932515337,0.402972027972028,-0.3975155279503106,0.33333333333333337,-0.5457102672292546,-0.36804853387259856,0.2606060606060606,0.2991913746630728,-0.16707818930041152,0.3016949152542373,1.319
0.45545545545545546,-0.413022351797862,-0.11630847029077117,0.2735739231664726,0.14802631578947367,0.1851851851851852,-0.6151685393258427,-0.5238095238095238,-0.6721199727334696,0.0,0.22468588322246857,-0.5414110429447853,0.5734265734265735,-0.10662525879917184,0.16300366300366304,-0.27988748241912803,-0.0859453993933266,0.08121212121212122,-0.3032345013477089,-0.35061728395061725,0.5853107344632769,0.889
0.45645645645645644,-0.5354713313896988,-0.12557943531394858,0.3084982537834692,0.3305921052631579,0.14128943758573387,-0.5393258426966292,-0.5742296918767507,-0.7539195637355147,0.0,0.1500369549150037,-0.41411042944785276,0.3898601398601399,-0.27432712215320915,0.20695970695970697,-0.43037974683544306,-0.30940343781597573,0.29393939393939394,0.0026954177897574125,-0.33415637860082303,0.3288135593220339,1.087
0.4574574574574575,-0.6793002915451896,-0.01306363253265908,0.1909196740395809,0.3026315789473684,1.0,-0.648876404494382,-0.27030812324929976,-0.607361963190184,0.0,-0.11751662971175167,0.11042944785276072,-0.1625874125874126,-0.6956521739130436,0.4560439560439561,-0.5189873417721519,0.37917087967644086,0.6,-0.17789757412398924,-0.08641975308641975,0.011299435028248588,0.087
0.45845845845845845,-0.40816326530612246,0.08638853771597133,0.43888242142025613,0.48355263157894735,-0.09876543209876543,-0.37921348314606745,-0.19747899159663865,-0.7845944103612815,0.0,0.41315594974131564,-0.3773006134969325,0.4318181818181818,-0.3778467908902692,0.23504273504273507,-0.5168776371308017,-0.468149646107179,0.31818181818181823,0.057951482479784364,-0.3621399176954732,0.5016949152542373,1.136
0.4594594594594595,-0.6938775510204082,0.18921196797302992,0.5261932479627474,-0.057565789473684216,0.5020576131687243,-0.45,-0.5938375350140056,-0.5323790047716428,0.0,-0.11012564671101256,0.147239263803681,0.12674825174825174,-0.5300207039337475,0.5170940170940171,-0.590014064697609,-0.03437815975733064,0.5624242424242425,0.15229110512129382,0.0411522633744856,0.25536723163841807,0.425
0.46046046046046046,-0.43343051506316815,-0.13232195533080487,0.16530849825378346,0.3766447368421053,-0.019204389574759947,-0.8056179775280898,-0.5350140056022409,-0.9175187457396047,0.0,0.393939393939394,-0.9294478527607362,0.5594405594405595,0.14596273291925466,-0.08974358974358974,-0.10478199718706048,-0.40950455005055614,-0.060000000000000005,-0.7425876010781672,-0.833744855967078,0.6282485875706215,1.125
0.46146146146146144,0.11661807580174928,-0.6350611040876527,0.17229336437718276,0.2845394736842105,0.18930041152263377,-0.7089887640449438,0.5350140056022409,-0.7934560327198363,0.0,0.9164818920916482,-0.5598159509202454,0.7097902097902099,0.4565217391304348,-0.2258852258852259,0.08368495077355836,0.1597573306370071,-0.0684848484848485,-0.7304582210242588,-1.0,0.17627118644067796,0.906
0.4624624624624625,-0.6423712342079689,0.24020227560050564,0.49243306169965073,0.4095394736842105,0.1646090534979424,-0.48258426966292134,-0.6456582633053222,-0.6591683708248125,0.0,0.3318551367331855,-0.5368098159509201,0.5681818181818182,-0.18219461697722567,0.3553113553113553,-0.47679324894514774,-0.6461071789686552,0.356969696969697,0.1765498652291105,-0.29135802469135796,0.7468926553672317,0.981
0.46346346346346345,-0.5850340136054422,0.43152128107880316,0.49126891734575084,0.3470394736842105,0.1700960219478738,-0.5162921348314606,-0.319327731092437,-0.7000681663258349,0.0,0.31042128603104213,-0.25460122699386506,0.4510489510489511,-0.32919254658385094,0.3485958485958486,-0.5210970464135021,-0.5712841253791708,0.47939393939393943,-0.06334231805929919,-0.1259259259259259,0.7175141242937854,0.977
0.4644644644644645,-0.6151603498542275,0.31479140328697847,0.5180442374854483,0.15625,0.28669410150891633,-0.4584269662921348,-0.4649859943977592,-0.6032719836400817,0.0,-0.013303769401330377,0.3665644171779141,0.2648601398601399,-0.39026915113871635,0.5024420024420024,-0.5182841068917018,-0.262891809908999,0.5763636363636364,-0.09164420485175202,0.10041152263374485,0.2248587570621469,0.765
0.46546546546546547,-0.5160349854227406,0.3544037083860092,0.30384167636786963,0.24835526315789475,0.4787379972565158,-0.34269662921348315,-0.36414565826330536,-0.5535105657805044,0.0,-0.004434589800443459,0.05674846625766871,0.13811188811188813,-0.6128364389233955,0.3290598290598291,-0.6350210970464135,-0.2901921132457027,0.6151515151515151,0.2587601078167116,0.024691358024691357,0.6610169491525423,0.697
0.46646646646646645,-0.3974732750242954,-0.16266329540665822,0.3271245634458673,0.16611842105263158,0.1262002743484225,-0.5769662921348314,-0.4257703081232493,-0.776414451261077,0.0,0.3806356245380636,-0.588957055214724,0.6145104895104895,-0.09834368530020704,0.11660561660561661,-0.2855133614627286,-0.15470171890798787,0.15696969696969698,-0.15229110512129382,-0.48312757201646084,0.42824858757062145,1.152
0.4674674674674675,-0.293488824101069,-0.3708386009270965,0.21653084982537835,0.6546052631578948,0.07407407407407407,-0.7337078651685394,-0.3389355742296919,-0.8698023176550783,0.0,0.06577974870657798,-0.36809815950920244,0.42482517482517484,-0.15527950310559005,0.035409035409035415,-0.18706047819971872,0.13043478260869565,0.19212121212121214,-0.3504043126684636,-0.6320987654320988,0.192090395480226,0.826
0.46846846846846846,-0.35665694849368323,-0.6038769490096924,0.17578579743888242,0.27960526315789475,0.7229080932784637,-0.5297752808988764,-0.19327731092436978,-0.6591683708248125,0.0,-0.09312638580931264,0.46319018404907975,-0.24213286713286716,-0.34161490683229817,0.10989010989010989,-0.349507735583685,0.717896865520728,0.236969696969697,-0.06738544474393532,-0.4419753086419753,-0.4022598870056497,-0.15
0.4694694694694695,-0.2857142857142857,-0.23093131057732827,0.1059371362048894,0.6233552631578948,0.2647462277091907,-0.5926966292134831,-0.09103641456582634,-0.7300613496932514,0.0,0.24833702882483372,-0.29754601226993865,0.5515734265734267,-0.1770186335403727,0.050061050061050064,-0.2538677918424754,0.03437815975733064,0.2109090909090909,-0.40700808625336926,-0.5259259259259259,0.26440677966101694,0.553
0.47047047047047047,-0.32069970845481055,0.1394858828487147,0.45983701979045405,-0.03782894736842105,0.50480109739369,-0.4028089887640449,0.03221288515406163,-0.5828220858895705,0.0,0.4449371766444937,-0.17177914110429449,0.27272727272727276,-0.3975155279503106,0.4444444444444445,-0.5464135021097046,-0.4125379170879676,0.5527272727272727,-0.07816711590296496,-0.024691358024691357,0.4214689265536723,0.876
0.47147147147147145,-0.33527696793002915,-0.08680994521702486,0.17578579743888242,0.3766447368421053,0.252400548696845,-0.4314606741573034,-0.5630252100840337,-0.6591683708248125,0.0,-0.1056910569105691,-0.12116564417177914,0.20716783216783216,-0.38405797101449274,0.07631257631257632,-0.4585091420534459,-0.1102123356926188,0.18181818181818182,0.15229110512129382,-0.5152263374485596,0.40564971751412426,0.514
0.4724724724724725,-0.4003887269193392,-0.08006742520016856,0.4644935972060536,0.09046052631578948,0.41975308641975306,-0.701685393258427,-0.25910364145658266,-0.6175869120654397,0.0,0.28307464892830747,-0.7147239263803681,0.4361888111888112,-0.07763975155279502,0.1965811965811966,-0.34458509142053445,-0.2082912032355915,0.4484848484848485,-0.3935309973045822,-0.3325102880658436,0.4011299435028248,1.126
0.47347347347347346,-0.32361516034985427,0.2579013906447534,0.5017462165308498,0.16447368421052633,0.12894375857338822,-0.2898876404494382,0.13025210084033614,-0.5173824130879345,0.0,0.9246119733924612,-0.12423312883435583,0.5830419580419581,-0.31780538302277433,0.2808302808302809,-0.4528832630098453,-0.6430738119312437,0.33939393939393947,0.10242587601078167,-0.254320987654321,0.5932203389830508,1.123
0.4744744744744745,-0.32944606413994176,0.09776654024441635,0.479627473806752,0.2993421052631579,0.252400548696845,-0.4820224719101123,-0.25210084033613445,-0.5569188820722563,0.0,0.43311160384331115,-0.12730061349693253,0.4160839160839161,-0.13043478260869565,0.006715506715506716,-0.42334739803094235,-0.2861476238624873,0.04787878787878788,-0.029649595687331536,-0.4477366255144033,0.3220338983050847,0.926
0.4754754754754755,-0.39941690962099125,-0.1302149178255373,0.15250291036088476,0.4210526315789474,0.32647462277091904,-0.7101123595505618,-0.25910364145658266,-0.8186775732788003,0.0,-0.0014781966001478197,-0.3512269938650307,0.04632867132867133,-0.38509316770186336,0.02075702075702076,-0.24964838255977498,0.028311425682507583,0.027272727272727275,-0.545822102425876,-0.6230452674897119,0.15819209039548024,0.622
0.47647647647647645,-0.4509232264334306,0.5309734513274336,0.689173457508731,0.11677631578947367,0.4334705075445816,-0.5106741573033708,-0.16106442577030813,-0.5589638718473073,0.0,0.5062823355506283,0.3159509202453987,0.3391608391608392,-0.5393374741200828,0.3943833943833944,-0.509142053445851,-0.32659251769464104,0.5721212121212121,-0.11455525606469004,-0.0008230452674897119,0.43163841807909603,0.73
0.4774774774774775,-0.2759961127308066,-0.11504424778761062,0.23399301513387663,0.4934210526315789,-0.10425240054869685,-0.6202247191011236,-0.37394957983193283,-0.7825494205862303,0.0,0.3806356245380636,-0.6779141104294478,0.736013986013986,0.18633540372670807,-0.025030525030525032,-0.2911392405063291,-0.5267947421638018,0.05515151515151515,-0.454177897574124,-0.6123456790123456,0.6192090395480226,1.19
0.47847847847847846,-0.37609329446064144,-0.03876949009692372,0.32828870779976715,0.28618421052631576,0.27983539094650206,-0.8084269662921348,-0.49859943977591037,-0.8970688479890934,0.0,0.23577235772357724,-0.24233128834355827,0.33041958041958047,-0.21739130434782608,0.037851037851037855,-0.2819971870604782,0.0788675429726997,0.10363636363636365,-0.44339622641509435,-0.5390946502057613,0.35480225988700564,0.702
0.4794794794794795,-0.6433430515063169,0.23303834808259588,0.5110593713620489,0.17434210526315788,0.7407407407407408,-0.45280898876404496,-0.5056022408963585,-0.6134969325153374,0.0,-0.017738359201773836,0.03834355828220859,0.1048951048951049,-0.5600414078674949,0.49633699633699635,-0.5675105485232068,-0.20424671385237617,0.6454545454545455,0.01752021563342318,0.0411522633744856,0.5231638418079096,0.488
0.4804804804804805,-0.6355685131195336,0.3763168984407922,0.3213038416763679,-0.054276315789473686,0.5912208504801097,-0.2893258426966292,-0.23109243697478993,-0.5957736877982276,0.0,-0.07317073170731708,0.5184049079754601,0.07430069930069931,-0.7474120082815735,0.678876678876679,-0.868495077355837,-0.3083923154701719,0.7042424242424242,0.4838274932614555,0.23868312757201643,0.3446327683615819,0.687
0.48148148148148145,-0.5364431486880468,0.2161820480404551,0.5448195576251456,0.10855263157894737,0.16323731138545952,-0.39999999999999997,-0.5644257703081234,-0.5487389229720518,0.0,0.1655580192165558,0.09815950920245399,0.22902097902097904,-0.5838509316770186,0.322954822954823,-0.4957805907172996,-0.18806875631951467,0.4575757575757576,0.09703504043126684,-0.18518518518518517,0.4192090395480226,0.542
0.4824824824824825,-0.5996112730806609,-0.01896333754740834,0.370197904540163,0.10032894736842106,0.4732510288065843,-0.5,-0.3445378151260504,-0.5787321063394683,0.0,0.0827790096082779,-0.3374233128834356,0.17569930069930073,-0.27950310559006214,0.28388278388278393,-0.4458509142053446,-0.1749241658240647,0.39272727272727276,-0.1954177897574124,-0.27983539094650206,0.4757062146892655,0.899
0.48348348348348347,-0.2711370262390671,0.2545301306363253,0.24912689173457508,0.4457236842105264,0.46227709190672156,-0.5376404494382022,-0.07703081232492998,-0.5398773006134969,0.0,0.1426459719142646,-0.24386503067484663,0.11451048951048952,-0.32298136645962733,0.31990231990231993,-0.3558368495077356,-0.16784630940343784,0.4357575757575758,-0.49326145552560646,-0.21481481481481482,0.38192090395480227,0.562
0.4844844844844845,-0.413022351797862,0.02612726506531816,0.380675203725262,0.37335526315789475,-0.16598079561042525,-0.5719101123595506,-0.12605042016806722,-0.7955010224948875,0.0,0.35920177383592017,-0.2714723926380368,0.4860139860139861,-0.10559006211180123,0.22466422466422467,-0.18706047819971872,-0.4014155712841254,0.20242424242424245,-0.40700808625336926,-0.4115226337448559,0.319774011299435,1.171
0.4854854854854855,-0.511175898931001,0.0632111251580278,0.3341094295692666,0.1842105263157895,0.3950617283950617,-0.5443820224719101,-0.0070028011204481795,-0.6121336059986366,0.0,0.3207686622320769,0.01687116564417178,0.13723776223776224,-0.4906832298136646,0.2960927960927961,-0.5597749648382561,0.13751263902932256,0.37272727272727274,0.05660377358490566,0.018930041152263374,0.23841807909604518,0.353
0.4864864864864865,-0.24295432458697766,-0.3396544458491361,0.16414435389988358,0.7335526315789473,0.05898491083676269,-0.7758426966292135,-0.16526610644257703,-0.9134287661895024,0.0,0.4183296378418329,-0.9662576687116564,0.3968531468531469,-0.005175983436853002,-0.16544566544566547,-0.1279887482419128,0.024266936299292215,-0.10666666666666666,-0.6900269541778976,-0.8748971193415637,0.5152542372881356,0.965
0.4874874874874875,-0.5238095238095238,0.06194690265486725,0.04423748544819558,0.3355263157894737,0.6529492455418381,-0.5775280898876405,-0.48039215686274517,-0.6666666666666666,0.0,-0.21803399852180338,0.3420245398773006,0.07867132867132867,-0.36542443064182195,0.32051282051282054,-0.31012658227848106,-0.10717896865520728,0.376969696969697,-0.2371967654986523,-0.16872427983539093,0.0903954802259887,0.412
0.48848848848848847,-0.2536443148688047,-0.15465655288664137,0.16414435389988358,0.669407894736842,0.35390946502057613,-0.5730337078651685,-0.24929971988795518,-0.7027948193592365,0.0,0.030303030303030304,-0.25766871165644173,0.11276223776223777,-0.26293995859213254,-0.037851037851037855,-0.31645569620253167,0.18402426693629928,0.21393939393939393,-0.2978436657681941,-0.5078189300411522,0.29717514124293787,0.275
0.4894894894894895,-0.5131195335276969,-0.1036662452591656,0.3329452852153667,0.8338815789473685,0.02606310013717421,-0.45730337078651684,-0.5140056022408964,-0.72733469665985,0.0,0.08721359940872135,0.16717791411042945,0.33653846153846156,-0.2070393374741201,0.1904761904761905,-0.42756680731364277,0.046511627906976744,0.37333333333333335,-0.14285714285714285,-0.25925925925925924,0.012429378531073445,0.426
0.4904904904904905,-0.42662779397473277,0.35693215339233036,0.30267753201396974,0.3470394736842105,-0.039780521262002745,-0.6134831460674157,-0.21288515406162464,-0.7130197682344922,0.0,0.4700665188470067,-0.23159509202453987,0.5987762237762239,-0.4151138716356108,0.23626373626373628,-0.4507735583684951,-0.5955510616784631,0.3145454545454546,-0.29649595687331537,-0.2872427983539094,0.6022598870056497,1.294
0.4914914914914915,-0.47230320699708456,0.24525916561314787,0.49941792782305006,0.5164473684210527,-0.06172839506172839,-0.6651685393258426,-0.08123249299719888,-0.7477845944103613,0.0,0.40872135994087216,-0.20552147239263804,0.49388111888111885,-0.2453416149068323,0.2368742368742369,-0.35864978902953587,-0.3306370070778564,0.38181818181818183,-0.362533692722372,-0.2740740740740741,0.56045197740113,1.13
0.4924924924924925,-0.6375121477162294,0.5499367888748419,0.4668218859138534,-0.049342105263157895,0.2373113854595336,-0.47134831460674154,-0.24509803921568626,-0.5241990456714383,0.0,0.3215077605321508,0.029141104294478526,0.2517482517482518,-0.6490683229813665,0.5390720390720392,-0.5759493670886076,-0.4327603640040445,0.5654545454545455,-0.05390835579514825,0.10534979423868313,0.5401129943502825,0.893
0.4934934934934935,-0.6404275996112732,0.3775811209439528,0.8568102444703143,0.05921052631578947,-0.2085048010973937,-0.3775280898876405,-0.3011204481792717,-0.6714383094751193,0.0,0.43976348854397634,-0.3604294478527607,0.7185314685314685,-0.5859213250517598,0.4621489621489622,-0.6540084388185655,-0.6875631951466128,0.4921212121212122,0.15229110512129382,-0.02551440329218107,0.45875706214689266,1.577
0.4944944944944945,-0.620019436345967,0.1715128529287821,0.42258440046565776,0.37006578947368424,0.4883401920438957,-0.5393258426966292,-0.7913165266106442,-0.5610088616223585,0.0,-0.2512934220251294,0.10122699386503067,0.02097902097902098,-0.2287784679089027,0.37973137973137977,-0.41279887482419125,-0.0788675429726997,0.5339393939393939,-0.26280323450134774,-0.10205761316872428,0.29491525423728815,0.622
0.4954954954954955,-0.41690962099125367,-0.03413400758533502,0.6868451688009313,0.21217105263157895,0.04938271604938271,-0.5061797752808989,-0.26890756302521013,-0.7886843899113838,0.0,0.5136733185513673,-0.5996932515337423,0.472902097902098,-0.050724637681159424,0.1746031746031746,-0.34810126582278483,-0.519716885743175,0.15575757575757576,0.0013477088948787063,-0.3094650205761317,0.24180790960451976,1.173
0.4964964964964965,-0.3906705539358601,0.0383480825958702,0.3946449359720606,0.029605263157894735,0.3593964334705076,-0.4174157303370786,-0.3445378151260504,-0.6612133605998636,0.0,0.21507760532150774,-0.019938650306748466,0.27360139860139865,-0.5300207039337475,0.3534798534798535,-0.5218002812939522,-0.09908998988877654,0.343030303030303,0.04582210242587601,-0.1382716049382716,0.05762711864406779,0.883
0.4974974974974975,-0.5957240038872692,0.21871049304677623,0.15366705471478465,0.20723684210526316,-0.01646090534979424,-0.7157303370786516,-0.5336134453781513,-0.6734832992501704,0.0,0.2727272727272727,-0.4892638036809816,0.5375874125874126,-0.20082815734989648,0.16422466422466425,-0.2229254571026723,-0.37613751263902934,0.2363636363636364,-0.7493261455525607,-0.47654320987654314,0.7107344632768362,0.854
0.4984984984984985,-0.1885325558794947,-0.28234302570585756,0.6135040745052387,0.6792763157894737,-0.4128943758573388,-0.19606741573033706,-0.0070028011204481795,-0.7689161554192228,0.0,0.8802660753880267,-0.593558282208589,1.0,-0.28778467908902694,0.03235653235653236,-0.4711673699015472,-0.45096056622851366,0.04121212121212122,0.1495956873315364,-0.5950617283950617,0.2711864406779661,1.504
0.4994994994994995,-0.664723032069971,0.39738727349346814,0.4807916181606519,0.3536184210526316,0.4801097393689986,-0.3617977528089888,-0.3445378151260504,-0.5398773006134969,0.0,0.19290465631929046,-0.30828220858895705,0.12325174825174826,-0.520703933747412,0.5512820512820513,-0.7566807313642757,-0.4014155712841254,0.6575757575757576,0.31805929919137466,0.1736625514403292,0.7909604519774011,0.702
0.5005005005005005,-0.35276967930029157,-0.15465655288664137,0.11874272409778812,0.5444078947368421,0.16186556927297668,-0.5674157303370786,-0.06022408963585434,-0.7743694614860258,0.0,0.3680709534368071,-0.2561349693251534,0.5227272727272727,-0.08488612836438925,0.11782661782661784,-0.3080168776371308,0.016177957532861477,0.23151515151515153,-0.24797843665768193,-0.3473251028806584,0.34124293785310733,0.908
0.5015015015015015,-0.5160349854227406,0.24273072060682677,0.5483119906868451,0.024671052631578948,0.24554183813443073,-0.4140449438202247,-0.6050420168067228,-0.6312201772324472,0.0,0.1056910569105691,-0.18865030674846625,0.3653846153846154,-0.4057971014492754,0.3656898656898657,-0.4606188466947961,-0.4024266936299292,0.43272727272727274,-0.09029649595687332,-0.2567901234567901,0.45084745762711864,1.176
0.5025025025025025,-0.4655004859086492,-0.03919089759797724,0.6449359720605355,0.15296052631578946,0.47599451303155005,-0.4370786516853933,-0.45798319327731096,-0.7477845944103613,0.0,0.48041389504804144,-0.21012269938650308,0.3435314685314686,-0.5942028985507246,0.278998778998779,-0.5295358649789029,-0.08695652173913043,0.34545454545454546,0.12668463611859837,-0.40658436213991767,0.16045197740112993,0.747
0.5035035035035035,-0.4217687074829932,0.25115887062789716,0.49243306169965073,0.2598684210526316,0.29766803840877915,-0.42134831460674155,0.20448179271708683,-0.487389229720518,0.0,0.49815225424981524,-0.21625766871165641,0.26573426573426573,-0.48757763975155277,0.4737484737484738,-0.5225035161744023,-0.2851365015166835,0.5084848484848485,0.20889487870619947,0.03127572016460905,0.38983050847457623,0.86
0.5045045045045045,-0.402332361516035,-0.031184155077960383,0.1839348079161816,0.12664473684210525,0.12894375857338822,-0.6595505617977527,-0.42016806722689076,-0.7252897068847989,0.0,0.31116038433111604,-0.5107361963190185,0.6433566433566434,-0.27950310559006214,0.02075702075702076,-0.2440225035161744,-0.1577350859453994,0.014545454545454547,-0.6563342318059299,-0.37695473251028805,0.2542372881355932,1.321
0.5055055055055055,-0.37803692905733727,0.05689001264222503,0.37252619324796277,0.3174342105263158,-0.00411522633744856,-0.450561797752809,-0.4117647058823529,-0.7102931152010906,0.0,0.20916481892091646,-0.13496932515337423,0.36101398601398604,-0.38095238095238093,0.17277167277167277,-0.5070323488045007,-0.2972699696663296,0.21636363636363637,-0.005390835579514825,-0.27325102880658436,0.38531073446327685,0.904
0.5065065065065065,-0.6569484936831876,0.43025705857564256,0.6740395809080325,0.25,0.4005486968449931,-0.25449438202247193,-0.3879551820728292,-0.4253578732106339,0.0,0.03473762010347376,-0.06901840490797545,0.06993006993006994,-0.4451345755693582,0.5787545787545788,-0.7960618846694796,-0.43882709807886755,0.7993939393939394,0.21293800539083557,0.3193415637860082,0.43163841807909603,0.755
0.5075075075075075,-0.3974732750242954,-0.1302149178255373,0.18626309662398138,-0.19407894736842105,0.7736625514403291,-0.2539325842696629,0.008403361344537816,-0.6864349011588274,0.0,0.08721359940872135,0.1441717791411043,-0.06555944055944056,-0.5455486542443064,0.5506715506715507,-0.6490857946554149,0.10212335692618808,0.6454545454545455,0.45822102425876016,0.07983539094650205,-0.0519774011299435,0.245
0.5085085085085085,-0.1545189504373178,-0.46439106616097764,-0.06868451688009312,0.6595394736842106,0.41975308641975306,-0.7151685393258427,-0.3767507002801121,-0.7498295841854125,0.0,0.0827790096082779,-0.31288343558282206,0.23251748251748255,-0.3530020703933748,-0.115995115995116,-0.2229254571026723,0.47826086956521735,-0.013333333333333332,-0.3463611859838275,-0.6740740740740739,0.14915254237288136,0.065
0.5095095095095095,-0.33138969873663754,0.14875684787189208,0.40512223515715945,0.4901315789473684,0.16598079561042525,-0.8370786516853932,0.0196078431372549,-0.716428084526244,0.0,0.4656319290465632,-0.19938650306748465,0.5218531468531469,-0.035196687370600416,0.15934065934065936,-0.2355836849507736,-0.26693629929221435,0.27636363636363637,-0.6657681940700808,-0.46255144032921813,0.6870056497175141,0.991
0.5105105105105106,-0.14480077745383868,0.14707121786767802,0.15483119906868453,0.32894736842105265,0.271604938271605,-0.5224719101123596,-0.211484593837535,-0.5085207907293796,0.0,0.31116038433111604,-0.2791411042944785,0.5323426573426574,0.0031055900621118015,0.22222222222222224,-0.24261603375527427,-0.5540950455005056,0.33090909090909093,-0.4164420485175202,-0.4024691358024691,0.4723163841807909,1.301
0.5115115115115115,-0.38192419825072893,-0.1057732827644332,0.5832363213038417,0.20888157894736842,0.39780521262002744,-0.45280898876404496,-0.2184873949579832,-0.6653033401499658,0.0,0.48041389504804144,-0.26226993865030673,0.3793706293706294,-0.6283643892339544,0.23931623931623933,-0.5464135021097046,-0.09403437815975733,0.17030303030303032,0.22102425876010784,-0.36378600823045265,0.15141242937853108,0.685
0.5125125125125125,-0.46841593780369295,0.12431521281078801,0.25029103608847497,0.11513157894736843,0.6803840877914952,-0.30505617977528093,-0.17787114845938376,-0.5930470347648261,0.0,0.10938654841093864,0.4815950920245399,0.022727272727272728,-0.8229813664596274,0.5451770451770452,-0.6434599156118144,0.04853387259858443,0.536969696969697,0.26280323450134774,0.10534979423868313,-0.04293785310734463,0.332
0.5135135135135135,-0.5344995140913509,0.08975979772439949,0.21420256111757857,0.14802631578947367,0.12208504801097393,-0.5668539325842696,-0.6582633053221288,-0.794819359236537,0.0,0.11382113821138211,-0.5429447852760736,0.4291958041958042,-0.5041407867494824,0.010989010989010988,-0.44655414908579466,-0.2416582406471183,-0.0018181818181818184,-0.15363881401617252,-0.3967078189300411,0.4949152542372881,0.732
0.5145145145145145,-0.3168124392614189,0.30594184576485456,0.4551804423748545,0.19078947368421054,0.49657064471879286,-0.5157303370786517,0.4061624649859944,-0.5903203817314246,0.0,0.4220251293422025,-0.10122699386503067,0.3391608391608392,-0.19254658385093168,0.35775335775335776,-0.49507735583684953,-0.48533872598584427,0.40121212121212124,-0.004043126684636119,-0.08148148148148147,0.7107344632768362,1.002
0.5155155155155156,-0.4450923226433431,-0.13190054782975136,0.42607683352735737,0.3338815789473685,0.3950617283950617,-0.40561797752808987,-0.2507002801120448,-0.6952965235173824,0.0,0.31929046563192903,-0.16717791411042945,0.4187062937062937,-0.42960662525879917,0.12637362637362637,-0.4789029535864979,-0.12133468149646107,0.22545454545454546,0.0215633423180593,-0.35637860082304523,0.23276836158192088,0.487
0.5165165165165165,-0.4033041788143829,-0.16434892541087232,0.28055878928987193,0.6661184210526316,0.15637860082304528,-0.6612359550561798,0.09523809523809525,-0.825494205862304,0.0,0.3614190687361419,-0.28374233128834353,0.3120629370629371,-0.28053830227743276,0.061050061050061055,-0.1990154711673699,0.12234580384226491,0.12000000000000001,-0.5161725067385445,-0.4666666666666666,0.08700564971751412,0.493
0.5175175175175175,-0.6559766763848397,0.5339233038348081,0.6018626309662398,-0.13815789473684212,0.3141289437585734,-0.24269662921348314,-0.6176470588235294,-0.4935241990456714,0.0,0.005173688100517369,0.2469325153374233,0.15034965034965034,-0.5227743271221532,0.5903540903540904,-0.6610407876230661,-0.38321536905965625,0.750909090909091,0.21159029649595687,0.18024691358024691,0.5231638418079096,0.717
0.5185185185185185,-0.2837706511175899,-0.40918668352296667,0.3154831199068685,0.39473684210526316,0.5308641975308642,-0.6516853932584269,-0.19887955182072828,-0.7348329925017042,0.0,0.20620842572062087,0.3052147239263804,0.19580419580419584,-0.2536231884057971,-0.013431013431013432,-0.34528832630098455,0.4580384226491406,0.1181818181818182,-0.22102425876010784,-0.545679012345679,-0.15141242937853108,0.326
0.5195195195195195,-0.5714285714285714,0.23261694058154234,0.6356228172293364,0.23519736842105263,0.28532235939643347,-0.41067415730337076,-0.1400560224089636,-0.632583503749148,0.0,0.30598669623059865,-0.3558282208588957,0.5690559440559442,-0.6200828157349897,0.42735042735042733,-0.5421940928270043,-0.38422649140546006,0.5078787878787879,-0.018867924528301886,-0.040329218106995884,0.4045197740112994,1.039
0.5205205205205206,-0.718172983479106,0.44458491361146224,0.6041909196740396,-0.26151315789473684,0.3058984910836763,-0.3235955056179775,-0.5028011204481793,-0.5432856169052488,0.0,0.029563932002956393,-0.10122699386503067,0.15734265734265734,-0.6366459627329193,0.5262515262515263,-0.7194092827004219,-0.34580384226491406,0.4684848484848485,0.215633423180593,0.23868312757201643,0.4700564971751412,0.988
0.5215215215215215,-0.5529640427599611,0.48293299620733243,0.7054714784633295,-0.08717105263157894,0.3278463648834019,-0.42191011235955056,-0.056022408963585436,-0.5071574642126789,0.0,0.43976348854397634,0.06748466257668712,0.10751748251748253,-0.27122153209109734,0.4145299145299146,-0.59985935302391,-0.34479271991911026,0.3872727272727273,-0.15229110512129382,0.06502057613168724,0.6112994350282486,0.428
0.5225225225225225,-0.5315840621963072,0.6734091866835229,0.9033760186263097,0.11348684210526316,0.39643347050754457,-0.398876404494382,-0.41596638655462187,-0.487389229720518,0.0,0.2261640798226164,-0.07975460122699386,0.30506993006993005,-0.6521739130434783,0.5671550671550672,-0.5787623066104078,-0.4196157735085945,0.6660606060606061,-0.1293800539083558,0.097119341563786,0.5163841807909605,0.897
0.5235235235235235,-0.7628765792031099,0.5259165613147914,0.5564610011641443,0.23848684210526314,0.23319615912208508,-0.4477528089887641,-0.5742296918767507,-0.50920245398773,0.0,0.0376940133037694,-0.1165644171779141,0.23863636363636367,-0.3778467908902692,0.5592185592185592,-0.6153305203938115,-0.6157735085945399,0.6157575757575758,0.05390835579514825,0.21234567901234566,0.6124293785310735,0.903
0.5245245245245245,-0.456754130223518,-0.09186683522966708,0.19674039580908034,0.47039473684210525,-0.06172839506172839,-0.5853932584269663,-0.6428571428571429,-0.8909338786639399,0.0,-0.07982261640798226,-0.6993865030674846,0.7027972027972029,-0.2650103519668737,0.12698412698412698,-0.4479606188466948,-0.474216380182002,0.14,-0.25067385444743934,-0.4115226337448559,0.41694915254237286,1.325
0.5255255255255256,-0.15549076773566572,-0.5153813737884534,0.08847497089639116,0.13322368421052633,0.16872427983539096,-0.7522471910112359,0.030812324929971987,-0.8888888888888888,0.0,0.43606799704360677,-0.5076687116564417,0.38024475524475526,0.3084886128364389,-0.09401709401709402,-0.11814345991561183,0.18806875631951467,-0.05878787878787879,-0.6253369272237197,-0.8839506172839506,0.38983050847457623,0.723
0.5265265265265265,-0.5811467444120506,0.3944374209860935,0.610011641443539,0.16447368421052633,0.5582990397805212,-0.45449438202247194,-0.12324929971988795,-0.754601226993865,0.0,0.40502586844050265,0.09355828220858896,0.09265734265734266,-0.5331262939958592,0.44261294261294265,-0.6167369901547117,-0.18301314459049545,0.5757575757575758,0.013477088948787063,0.0024691358024691358,0.519774011299435,0.529
0.5275275275275275,-0.28960155490767736,0.24863042562157603,0.7066356228172294,0.18092105263157895,0.4224965706447188,-0.3337078651685393,-0.08123249299719888,-0.5719154737559645,0.0,0.6274944567627494,-0.049079754601226995,0.3243006993006993,-0.34368530020703936,0.3296703296703297,-0.44303797468354433,-0.32457027300303337,0.39151515151515154,0.09973045822102425,-0.22633744855967078,0.45875706214689266,0.704
0.5285285285285285,-0.5432458697764821,0.1984829329962073,0.3341094295692666,-0.26644736842105265,0.8600823045267489,-0.36067415730337077,-0.48599439775910364,-0.4853442399454669,0.0,-0.35920177383592017,0.33588957055214724,-0.11013986013986014,-1.0,0.42185592185592186,-0.7623066104078763,0.1577350859453994,0.48121212121212126,0.5350404312668464,0.15555555555555556,0.14689265536723164,0.382
0.5295295295295295,-0.4441205053449952,-0.30341340075853346,-0.0710128055878929,0.28289473684210525,0.6131687242798354,-0.7848314606741573,-0.46218487394957986,-0.6952965235173824,0.0,-0.0672579453067258,0.03374233128834356,-0.017482517482517484,-0.15838509316770186,-0.05616605616605617,-0.2327707454289733,0.46309403437815977,0.1812121212121212,-0.8113207547169811,-0.5827160493827159,-0.06892655367231638,0.135
0.5305305305305306,-0.27696793002915454,-0.29709228824273065,0.3783469150174622,0.6611842105263158,0.4279835390946502,-0.5764044943820225,0.16246498599439776,-0.6891615541922289,0.0,0.2616407982261641,-0.18098159509202452,0.26136363636363635,-0.13457556935817805,0.195970695970696,-0.37412095639943743,0.03741152679474216,0.35818181818181816,0.04716981132075472,-0.37695473251028805,0.2406779661016949,0.5
0.5315315315315315,-0.2303206997084548,-0.2937210282343025,0.320139697322468,0.5361842105263158,0.3004115226337449,-0.7556179775280899,-0.4551820728291317,-0.7859577368779822,0.0,0.1589061345158906,0.08588957055214724,0.3321678321678322,-0.2608695652173913,-0.06715506715506717,-0.12025316455696204,0.4590495449949444,0.11575757575757577,-0.8409703504043127,-0.7119341563786008,-0.03954802259887006,0.459
0.5325325325325325,-0.44897959183673475,0.12473662031184153,0.3573923166472643,-0.11184210526315791,0.7037037037037037,-0.350561797752809,-0.3823529411764706,-0.5126107702794819,0.0,-0.0524759793052476,-0.2883435582822086,0.2805944055944056,-0.505175983436853,0.463980463980464,-0.569620253164557,-0.27098078867542974,0.5781818181818182,0.0876010781671159,-0.07818930041152262,0.23728813559322032,0.876
0.5335335335335335,-0.41496598639455784,-0.08048883270122208,0.2572759022118743,0.29605263157894735,0.3484224965706447,-0.33146067415730335,0.06582633053221289,-0.6816632583503749,0.0,0.28233555062823357,-0.2776073619631902,0.3793706293706294,-0.17598343685300208,0.29853479853479853,-0.4627285513361463,-0.23356926188068758,0.3787878787878788,-0.0646900269541779,-0.3053497942386831,0.3096045197740113,0.828
0.5345345345345346,-0.337220602526725,-0.12473662031184153,0.2572759022118743,0.3799342105263158,0.3333333333333333,-0.6573033707865168,-0.05182072829131652,-0.6871165644171778,0.0,0.41241685144124174,-0.39723926380368096,0.39160839160839167,-0.31573498964803315,0.13125763125763126,-0.32208157524613223,-0.019211324570273004,0.2393939393939394,-0.5943396226415094,-0.5679012345679012,0.3129943502824859,0.632
0.5355355355355356,-0.5413022351797863,-0.05141171512852928,0.40628637951105934,0.32565789473684215,0.7023319615912209,-0.5280898876404494,-0.41596638655462187,-0.607361963190184,0.0,0.003695491500369549,-0.052147239263803685,0.06643356643356643,-0.42546583850931674,0.2826617826617827,-0.4381153305203938,0.09908998988877654,0.5260606060606061,-0.09164420485175202,-0.22633744855967078,0.0711864406779661,0.548
0.5365365365365365,-0.4101068999028183,-0.01938474504846186,0.3795110593713621,0.5016447368421053,0.12071330589849108,-0.6331460674157303,-0.24789915966386555,-0.7137014314928425,0.0,0.30968218773096823,-0.3450920245398773,0.5725524475524476,-0.2929606625258799,0.12454212454212454,-0.3333333333333333,-0.38827098078867545,0.27212121212121215,-0.3140161725067386,-0.3259259259259259,0.1864406779661017,1.046
0.5375375375375375,-0.42662779397473277,0.36999578592498944,0.5122235157159488,0.07730263157894737,-0.01783264746227709,-0.18483146067415732,-0.2002801120448179,-0.47307430129516015,0.0,0.5772357723577236,-0.6533742331288344,0.56993006993007,-0.36231884057971014,0.31318681318681324,-0.5921237693389593,-0.7664307381193125,0.17636363636363636,0.26280323450134774,0.0625514403292181,0.4542372881355932,1.39
0.5385385385385385,-0.49465500485908653,0.18162663295406656,0.6461001164144354,0.14802631578947367,0.28257887517146774,-0.4887640449438202,-0.4257703081232493,-0.6066802999318337,0.0,0.33333333333333337,-0.5214723926380368,0.5043706293706294,-0.4565217391304348,0.33150183150183155,-0.4908579465541491,-0.378159757330637,0.5012121212121212,0.15229110512129382,-0.2271604938271605,0.45649717514124294,1.025
0.5395395395395396,-0.620991253644315,0.28487147071217866,0.4644935972060536,0.14967105263157895,0.4554183813443073,-0.5938202247191011,-0.46218487394957986,-0.6530334014996592,0.0,0.19733924611973394,0.024539877300613498,0.29370629370629375,-0.3478260869565218,0.41330891330891334,-0.4873417721518987,-0.2366026289180991,0.5060606060606061,-0.20080862533692723,-0.13497942386831274,0.4926553672316384,0.783
0.5405405405405406,-0.5607385811467445,0.07922461019806151,0.3329452852153667,0.20723684210526316,0.03017832647462277,-0.5421348314606741,-0.44257703081232497,-0.645535105657805,0.0,0.09090909090909091,-0.2776073619631902,0.270979020979021,-0.16563146997929606,0.20940170940170943,-0.40014064697609,-0.3862487360970678,0.3060606060606061,-0.2412398921832884,-0.3201646090534979,0.3932203389830508,0.901
0.5415415415415415,-0.5247813411078718,0.4209860935524652,0.7427240977881258,-0.2648026315789474,0.654320987654321,-0.34662921348314607,0.0056022408963585435,-0.5603271983640081,0.0,0.24242424242424243,0.21012269938650308,0.058566433566433575,-0.5869565217391304,0.7161172161172162,-0.7060478199718706,-0.276036400404449,0.733939393939394,0.5202156334231806,0.2962962962962963,0.3096045197740113,0.655
0.5425425425425425,-0.3032069970845481,0.07374631268436577,0.3573923166472643,0.3190789473684211,0.20987654320987653,-0.6213483146067417,-0.16666666666666666,-0.7171097477845944,0.0,0.44050258684405025,-0.4279141104294479,0.5655594405594406,-0.2991718426501035,0.07570207570207571,-0.34528832630098455,-0.2639029322548028,0.15333333333333335,-0.38409703504043125,-0.45267489711934156,0.4350282485875706,1.004
0.5435435435435435,-0.46355685131195334,0.29751369574378417,0.6472642607683353,0.3930921052631579,-0.21536351165980797,-0.3348314606741573,0.06582633053221289,-0.7218813905930469,0.0,1.0,0.010736196319018405,0.8653846153846154,-0.2380952380952381,0.380952380952381,-0.5886075949367089,-0.5672396359959556,0.41030303030303034,0.12668463611859837,-0.12757201646090535,0.5276836158192091,1.233
0.5445445445445446,-0.6540330417881439,0.15718499789296247,0.40512223515715945,-0.1299342105263158,0.7887517146776406,-0.3230337078651685,-0.2843137254901961,-0.6121336059986366,0.0,0.1286031042128603,0.4187116564417178,-0.11101398601398603,-0.5848861283643892,0.626984126984127,-0.8143459915611814,-0.0455005055611729,0.6987878787878788,0.5929919137466307,0.2633744855967078,0.24971751412429377,0.304
0.5455455455455456,-0.4314868804664723,0.1731984829329962,0.6111757857974389,0.07072368421052631,0.27983539094650206,-0.1196629213483146,0.07142857142857142,-0.487389229720518,0.0,0.4286770140428677,-0.012269938650306749,0.36276223776223776,-0.3002070393374741,0.4090354090354091,-0.6082981715893109,-0.35187057633973706,0.5387878787878788,0.46765498652291104,-0.019753086419753086,0.41694915254237286,0.636
0.5465465465465466,-0.26044703595724006,-0.49726085124315206,0.010477299185098952,0.6348684210526316,0.6021947873799726,-0.6466292134831461,-0.3949579831932773,-0.8077709611451943,0.0,-0.03178122690317812,-0.24539877300613497,0.23688811188811193,-0.07453416149068323,-0.08180708180708182,-0.3037974683544304,0.19817997977755308,0.0890909090909091,-0.3463611859838275,-0.6164609053497943,0.11864406779661016,0.546
0.5475475475475475,-0.7852283770651118,0.3657817109144542,0.4528521536670547,0.24177631578947367,0.35665294924554186,-0.4089887640449438,-0.5322128851540616,-0.5630538513974096,0.0,-0.010347376201034738,-0.06288343558282208,0.2674825174825175,-0.4337474120082816,0.38644688644688646,-0.4113924050632911,-0.1911021233569262,0.5018181818181818,-0.25067385444743934,-0.1316872427983539,0.5220338983050847,0.68
0.5485485485485485,-0.4995140913508261,0.2182890855457227,0.6472642607683353,0.00493421052631579,0.4170096021947874,-0.33146067415730335,-0.15406162464985995,-0.5057941376959781,0.0,0.11012564671101256,-0.12269938650306748,0.21503496503496505,-0.5590062111801243,0.4755799755799756,-0.6139240506329114,-0.34580384226491406,0.5333333333333333,0.23584905660377356,-0.07160493827160493,0.4192090395480226,0.697
0.5495495495495496,-0.5034013605442177,-0.22629582806573956,0.16181606519208383,0.7088815789473685,0.3333333333333333,-0.6606741573033708,-0.5210084033613446,-0.7525562372188139,0.0,0.15225424981522542,-0.941717791411043,0.4536713286713287,-0.017598343685300208,-0.007936507936507936,-0.2630098452883263,-0.20424671385237617,0.024848484848484852,-0.42048517520215634,-0.6222222222222222,0.5084745762711864,1.027
0.5505505505505506,-0.2108843537414966,-0.20143278550358193,-0.030267753201396973,0.5,0.3607681755829904,-0.43651685393258427,0.028011204481792718,-0.6980231765507839,0.0,-0.059127864005912786,-0.03067484662576687,-0.022727272727272728,-0.6159420289855072,-0.012210012210012212,-0.5028129395218003,0.34479271991911026,0.18,-0.20619946091644203,-0.4205761316872428,0.14576271186440679,0.3
0.5515515515515516,-0.27696793002915454,-0.14707121786767802,0.4621653084982538,0.16776315789473684,0.2647462277091907,-0.5426966292134832,-0.4635854341736695,-0.7109747784594409,0.0,0.14560236511456023,-0.0736196319018405,0.2062937062937063,-0.5766045548654245,0.12820512820512822,-0.42967651195499296,0.10414560161779575,0.24666666666666667,-0.20080862533692723,-0.4090534979423868,0.010169491525423728,0.283
0.5525525525525525,-0.435374149659864,0.269700800674252,0.3771827706635623,0.41940789473684215,-0.17146776406035666,-0.604494382022472,-0.3445378151260504,-0.7805044308111793,0.0,0.48706577974870663,-0.49693251533742333,0.7001748251748253,-0.2267080745341615,0.1813186813186813,-0.34458509142053445,-0.48230535894843274,0.13818181818181818,-0.49865229110512127,-0.4609053497942387,0.6542372881355931,1.297
0.5535535535535535,-0.4373177842565598,0.04003371260008428,0.5133876600698487,0.4440789473684211,0.6063100137174211,-0.5724719101123595,-0.1946778711484594,-0.6741649625085208,0.0,0.4235033259423503,-0.29141104294478526,0.36101398601398604,-0.2060041407867495,0.26556776556776557,-0.3839662447257384,-0.11627906976744187,0.39818181818181825,-0.37466307277628036,-0.3061728395061728,0.26101694915254237,0.562
0.5545545545545546,-0.380952380952381,-0.33122629582806573,0.1769499417927823,0.5773026315789473,0.3443072702331962,-0.5674157303370786,-0.3067226890756303,-0.8711656441717791,0.0,0.3429416112342942,-0.47852760736196315,0.45629370629370636,-0.19047619047619047,-0.08180708180708182,-0.42053445850914206,0.1597573306370071,-0.023636363636363636,-0.1765498652291105,-0.6452674897119342,0.38192090395480227,0.696
0.5555555555555556,-0.22060252672497574,-0.4825115887062789,0.16647264260768335,0.6036184210526316,0.5061728395061729,-0.5606741573033708,-0.2773109243697479,-0.6816632583503749,0.0,0.022912047302291204,-0.14570552147239263,0.18706293706293708,-0.3364389233954452,0.13247863247863248,-0.32630098452883266,0.2639029322548028,0.26606060606060605,0.05121293800539083,-0.5604938271604938,-0.05310734463276836,0.506
0.5565565565565566,-0.37609329446064144,0.46059839865149593,0.6868451688009313,-0.13651315789473686,0.43072702331961593,-0.24831460674157302,-0.18907563025210086,-0.40013633265167003,0.0,0.2690317812269032,-0.08588957055214724,0.32080419580419584,-0.6387163561076604,0.5702075702075703,-0.590014064697609,-0.4206268958543984,0.5,0.09973045822102425,0.1316872427983539,0.18757062146892656,0.835
0.5575575575575575,-0.5286686103012634,-0.1285292878213232,0.26076833527357396,0.03782894736842105,0.8203017832647462,-0.547191011235955,-0.35294117647058826,-0.7089297886843899,0.0,-0.1286031042128603,0.6012269938650306,-0.1354895104895105,-0.6366459627329193,0.3485958485958486,-0.5513361462728552,0.4539939332659252,0.5157575757575757,-0.006738544474393531,-0.09218106995884773,-0.0768361581920904,0.044
0.5585585585585585,-0.489795918367347,-0.10029498525073745,0.3387660069848661,0.9703947368421052,-0.057613168724279844,-0.5061797752808989,-0.4775910364145659,-0.7068847989093386,0.0,0.3311160384331116,-0.39263803680981596,0.5690559440559442,-0.2701863354037267,0.2509157509157509,-0.41068917018284107,-0.2841253791708797,0.34606060606060607,-0.23450134770889486,-0.43209876543209874,0.2768361581920904,1.167
0.5595595595595596,0.006802721088435375,-0.41761483354403706,0.020954598370197905,0.4967105263157895,0.3813443072702332,-0.9028089887640449,-0.2857142857142857,-0.7900477164280845,0.0,0.1263858093126386,-0.7162576687116564,0.45629370629370636,-0.02484472049689441,-0.07692307692307693,-0.11533052039381154,0.12537917087967645,0.016363636363636365,-0.9231805929919138,-0.7925925925925925,0.16836158192090395,0.737
0.5605605605605606,-0.522837706511176,0.20227560050568896,0.3830034924330617,0.19243421052631582,0.6694101508916324,-0.37696629213483146,-0.5266106442577031,-0.5030674846625767,0.0,-0.1714708056171471,0.46779141104294475,-0.20192307692307696,-0.5973084886128364,0.5201465201465202,-0.5879043600562588,0.12335692618806876,0.650909090909091,-0.04716981132075472,0.007407407407407406,0.1096045197740113,0.263
0.5615615615615616,-0.44897959183673475,-0.08428150021070374,0.10128055878928986,0.4901315789473684,0.4636488340192044,-0.6544943820224719,-0.21568627450980393,-0.7477845944103613,0.0,0.08795269770879527,-0.24233128834355827,0.27534965034965037,-0.2070393374741201,0.06471306471306472,-0.3438818565400844,0.011122345803842264,0.20848484848484847,-0.4164420485175202,-0.4666666666666666,0.47118644067796606,0.534
0.5625625625625625,-0.35665694849368323,0.01643489254108723,0.17578579743888242,0.37006578947368424,0.5473251028806585,-0.4022471910112359,-0.0546218487394958,-0.5323790047716428,0.0,-0.07686622320768662,-0.10122699386503067,-0.09615384615384616,-0.5766045548654245,0.31013431013431014,-0.6336146272855134,-0.006066734074823054,0.4096969696969697,0.22506738544474394,-0.18189300411522633,0.22259887005649717,0.351
0.5635635635635635,-0.620019436345967,0.3965444584913611,0.5122235157159488,0.41776315789473684,0.027434842249657067,-0.49775280898876406,-0.3319327731092437,-0.5391956373551465,0.0,0.29490022172949004,-0.09815950920245399,0.3924825174825175,-0.4968944099378882,0.3528693528693529,-0.49156118143459915,-0.5631951466127402,0.4054545454545455,-0.15902964959568733,-0.1925925925925926,0.47457627118644063,1.086
0.5645645645645646,-0.8124392614188533,0.17277707543194265,0.4807916181606519,-0.00986842105263158,0.4540466392318245,-0.23314606741573032,-0.6974789915966387,-0.5023858214042263,0.0,-0.17960088691796008,-0.1380368098159509,0.04283216783216784,-0.27743271221532095,0.6001221001221001,-0.6413502109704642,-0.38827098078867545,0.7151515151515152,0.3504043126684636,0.30123456790123454,0.1672316384180791,0.803
0.5655655655655656,-0.500485908649174,0.4319426885798566,0.41443538998835855,-0.013157894736842106,0.3676268861454047,-0.3101123595505618,0.2507002801120448,-0.38173142467620996,0.0,0.5107169253510717,0.19018404907975459,0.3697552447552448,-0.44306418219461696,0.5274725274725275,-0.5576652601969058,-0.44590495449949447,0.6393939393939394,0.11455525606469004,0.05267489711934156,0.19548022598870055,0.757
0.5665665665665666,-0.6588921282798835,0.6519174041297934,0.6169965075669384,0.014802631578947368,0.3141289437585734,-0.08764044943820225,-0.19747899159663865,-0.3783231083844581,0.0,0.30524759793052475,0.11963190184049079,0.36451048951048953,-0.27743271221532095,0.8174603174603174,-0.6547116736990155,-0.9797775530839231,0.8006060606060607,0.4716981132075471,0.3489711934156378,0.5830508474576271,1.06
0.5675675675675675,-0.5393586005830905,0.08048883270122208,0.6263096623981375,0.4490131578947369,0.54320987654321,-0.46629213483146065,-0.25210084033613445,-0.6359918200408998,0.0,0.2557280118255728,-0.22852760736196318,0.1284965034965035,-0.3530020703933748,0.23870573870573872,-0.4606188466947961,-0.1435793731041456,0.40121212121212124,0.29110512129380056,-0.24855967078189298,0.3129943502824859,0.754
0.5685685685685685,-0.4382896015549077,-0.1285292878213232,0.41443538998835855,0.274671052631579,0.5116598079561042,-0.6393258426966292,-0.35714285714285715,-0.7920927062031355,0.0,0.278640059127864,-0.27300613496932513,0.21153846153846154,-0.2091097308488613,0.0036630036630036634,-0.13502109704641352,0.2507583417593529,0.03272727272727273,-0.5242587601078167,-0.6148148148148148,0.25875706214689265,0.398
0.5695695695695696,-0.32458697764820216,-0.15044247787610618,0.19557625145518046,0.42269736842105265,0.8655692729766804,-0.7741573033707865,-0.22408963585434175,-0.6762099522835718,0.0,-0.03695491500369549,0.26993865030674846,-0.1083916083916084,-0.5320910973084887,0.08302808302808304,-0.19338959212376935,0.6177957532861477,0.14545454545454545,-0.4824797843665768,-0.5810699588477366,-0.09491525423728814,-0.046
0.5705705705705706,-0.5325558794946551,-0.08638853771597133,0.046565774155995346,0.13322368421052633,0.10699588477366255,-0.594943820224719,-0.3179271708683474,-0.8595773687798226,0.0,0.0827790096082779,-0.06748466257668712,0.45891608391608396,-0.17080745341614909,0.21611721611721613,-0.3045007032348805,-0.23053589484327605,0.2545454545454546,-0.29380053908355797,-0.3390946502057613,0.2847457627118644,1.044
0.5715715715715716,-0.6054421768707483,0.3013063632532659,0.6228172293364378,0.12664473684210525,0.3593964334705076,-0.3882022471910112,-0.3151260504201681,-0.5916837082481254,0.0,0.23503325942350334,-0.3558282208588957,0.534965034965035,-0.4306418219461698,0.5061050061050061,-0.720112517580872,-0.6440849342770475,0.6375757575757577,0.31266846361185985,0.1259259259259259,0.4576271186440678,1.125
0.5725725725725725,-0.49465500485908653,0.3691529709228824,0.30384167636786963,0.14144736842105263,0.4444444444444445,-0.3657303370786517,-0.40476190476190477,-0.5466939331970007,0.0,0.06947524020694752,0.17331288343558282,0.23863636363636367,-0.5579710144927537,0.3388278388278389,-0.5049226441631505,-0.22851365015166836,0.5333333333333333,0.11185983827493262,-0.07078189300411522,0.44519774011299434,0.654
0.5735735735735735,-0.4888241010689991,0.07416772018541928,0.6414435389988359,0.48355263157894735,0.14128943758573387,-0.4831460674157303,-0.257703081232493,-0.7259713701431492,0.0,0.2845528455284553,-0.37883435582822084,0.44580419580419584,0.04244306418219462,0.3925518925518926,-0.3867791842475387,-0.14560161779575329,0.3703030303030303,-0.38948787061994605,-0.09135802469135802,0.3220338983050847,0.855
0.5745745745745746,-0.5714285714285714,-0.1639275179098188,0.2270081490104773,0.368421052631579,0.906721536351166,-0.5426966292134832,-0.4369747899159664,-0.7375596455351057,0.0,-0.3385070214338507,-0.009202453987730062,-0.2526223776223776,-0.4151138716356108,0.380952380952381,-0.46694796061884675,0.2082912032355915,0.5206060606060606,0.1940700808625337,-0.1374485596707819,0.3446327683615819,0.183
0.5755755755755756,-0.6501457725947523,0.2638010956595027,0.5145518044237486,0.15953947368421054,0.17832647462277093,-0.48651685393258426,-0.37535014005602246,-0.5364689843217451,0.0,0.2793791574279379,-0.12116564417177914,0.4973776223776224,-0.2018633540372671,0.39010989010989017,-0.4289732770745429,-0.4064711830131446,0.5036363636363637,-0.40431266846361186,-0.1185185185185185,0.22598870056497175,1.273
0.5765765765765766,-0.3401360544217687,-0.06194690265486725,0.1781140861466822,0.555921052631579,0.43895747599451307,-0.5264044943820225,-0.32633053221288516,-0.640081799591002,0.0,0.0968218773096822,-0.21625766871165641,0.4335664335664336,-0.35714285714285715,0.14285714285714288,-0.4451476793248945,-0.13953488372093026,0.3866666666666667,0.06199460916442048,-0.2699588477366255,0.4180790960451977,0.693
0.5775775775775776,-0.7881438289601556,-0.00969237252423093,0.3480791618160652,0.19736842105263158,0.2935528120713306,-0.3112359550561798,-0.5882352941176471,-0.650988411724608,0.0,0.10273466371027348,-0.28067484662576686,0.38199300699300703,-0.37991718426501037,0.3821733821733822,-0.5274261603375527,-0.3619817997977755,0.39090909090909093,0.14016172506738545,-0.0905349794238683,0.1864406779661017,1.042
0.5785785785785785,-0.3100097181729835,-0.3851664559629161,0.2735739231664726,0.4490131578947369,0.1700960219478738,-0.6196629213483146,-0.4285714285714286,-0.8159509202453987,0.0,0.35994087213599407,-0.6825153374233128,0.4143356643356643,-0.04865424430641822,-0.14041514041514044,-0.18143459915611815,0.05358948432760364,-0.10363636363636365,-0.549865229110512,-0.8213991769547324,0.14463276836158193,0.631
0.5795795795795796,-0.4859086491739553,0.6687737041719342,0.5692665890570431,-0.02138157894736842,0.4005486968449931,-0.2595505617977528,0.365546218487395,-0.34560327198364005,0.0,0.6053215077605322,-0.026073619631901843,0.23513986013986019,-0.2277432712215321,0.6227106227106227,-0.510548523206751,-0.5399393326592518,0.5951515151515152,-0.016172506738544475,0.1596707818930041,0.63954802259887,0.727
0.5805805805805806,-0.2847424684159378,0.08175305520438263,0.26542491268917345,0.6200657894736842,0.2812071330589849,-0.5415730337078651,-0.26330532212885155,-0.6012269938650306,0.0,0.06282335550628235,-0.4539877300613497,0.17132867132867136,-0.3281573498964803,0.07509157509157509,-0.2876230661040788,-0.08291203235591507,0.16484848484848488,-0.45822102425876016,-0.48065843621399174,0.5932203389830508,0.562
0.5815815815815816,-0.2886297376093295,-0.2317741255794353,0.4342258440046566,0.4243421052631579,0.5706447187928669,-0.642696629213483,-0.1834733893557423,-0.7266530334014997,0.0,0.2269031781226903,-0.0352760736196319,0.20192307692307696,-0.2287784679089027,-0.029304029304029307,-0.30731364275668077,0.4448938321536906,0.19454545454545455,-0.2857142857142857,-0.5185185185185185,0.08813559322033898,0.315
0.5825825825825826,-0.30223517978620024,0.10408765276021913,0.3538998835855646,0.2648026315789474,0.2318244170096022,-0.5342696629213483,0.07703081232492998,-0.6864349011588274,0.0,0.5373244641537325,-0.08282208588957055,0.25786713286713286,-0.43478260869565216,-0.007936507936507936,-0.34810126582278483,-0.09908998988877654,0.12242424242424244,-0.3288409703504043,-0.562962962962963,0.5728813559322034,0.469
0.5835835835835835,-0.44897959183673475,-0.0450906026127265,0.7252619324796274,0.31578947368421056,-0.056241426611796985,-0.46629213483146065,-0.4943977591036415,-0.7532379004771642,0.0,0.6755358462675536,-0.799079754601227,0.6923076923076924,-0.15217391304347827,0.1813186813186813,-0.43741209563994377,-0.4651162790697675,0.22181818181818183,-0.1495956873315364,-0.4691358024691357,0.5186440677966102,1.276
0.5845845845845846,-0.33430515063168126,0.24315212810788028,0.41327124563445866,0.38651315789473684,0.19478737997256515,-0.39438202247191007,-0.03781512605042017,-0.5460122699386503,0.0,0.32002956393200294,-0.01380368098159509,0.39160839160839167,-0.3540372670807454,0.4096459096459097,-0.5007032348804501,-0.4418604651162791,0.5654545454545455,-0.16172506738544473,-0.07736625514403292,0.4779661016949152,0.852
0.5855855855855856,-0.8066083576287658,0.6860514117151284,0.45867287543655416,-0.3092105263157895,0.2606310013717421,-0.0297752808988764,-0.36414565826330536,-0.4423994546693933,0.0,-0.043606799704360676,0.48466257668711654,0.040209790209790215,-0.6335403726708074,0.8791208791208791,-1.0,-0.7290192113245703,0.7745454545454546,0.9137466307277629,0.5917695473251028,0.76045197740113,0.847
0.5865865865865866,-0.6627793974732751,-0.11167298777918247,0.03608847497089639,-0.15296052631578946,0.6735253772290809,-0.45449438202247194,-0.5280112044817927,-0.5569188820722563,0.0,-0.417590539541759,0.4539877300613497,-0.14860139860139862,-0.5424430641821947,0.3400488400488401,-0.6371308016877638,0.23862487360970677,0.43696969696969695,0.17789757412398924,-0.053497942386831275,0.0711864406779661,0.168
0.5875875875875876,-0.5053449951409136,0.20986093552465232,0.36321303841676367,-0.2286184210526316,0.617283950617284,-0.43651685393258427,-0.36274509803921573,-0.6189502385821404,0.0,0.2631189948263119,-0.023006134969325152,0.2814685314685315,-0.4606625258799172,0.4835164835164836,-0.5646976090014065,-0.2689585439838221,0.6921212121212121,0.1752021563342318,0.053497942386831275,0.376271186440678,0.876
0.5885885885885885,-0.3576287657920311,0.3109987357774968,0.7578579743888243,0.08388157894736842,0.22222222222222224,-0.40168539325842695,-0.1358543417366947,-0.5644171779141104,0.0,0.5912786400591279,-0.2361963190184049,0.6486013986013986,-0.3053830227743271,0.34249084249084255,-0.33263009845288327,-0.5166835187057635,0.3957575757575758,-0.38140161725067384,-0.35390946502057613,0.384180790960452,1.291
0.5895895895895896,-0.30417881438289607,0.12684365781710913,0.5564610011641443,0.2450657894736842,0.17695473251028807,-0.2752808988764045,-0.38375350140056025,-0.5446489434219496,0.0,0.3303769401330377,-0.4294478527607362,0.43531468531468537,-0.4575569358178054,0.24847374847374848,-0.5759493670886076,-0.416582406471183,0.26,0.3504043126684636,-0.10534979423868313,0.48022598870056493,0.798
0.5905905905905906,-0.5704567541302236,0.11841550779603877,0.3585564610011642,0.65625,-0.28257887517146774,-0.6224719101123596,-0.6708683473389356,-0.9168370824812542,0.0,0.31042128603104213,-0.5843558282208589,0.6153846153846154,-0.4089026915113872,0.14041514041514044,-0.4613220815752462,-0.3690596562184024,0.26,-0.4110512129380054,-0.4049382716049382,0.5909604519774011,1.236
0.5915915915915916,-0.47813411078717205,0.27812895069532234,0.6158323632130385,0.3371710526315789,0.32373113854595337,-0.6393258426966292,-0.3081232492997199,-0.645535105657805,0.0,0.23503325942350334,-0.17331288343558282,0.15384615384615385,-0.2971014492753623,0.4670329670329671,-0.4240506329113924,-0.20222446916076847,0.43393939393939396,-0.37466307277628036,-0.2567901234567901,0.6146892655367232,0.731
0.5925925925925926,-0.5996112730806609,0.36409608091024015,0.49243306169965073,-0.2286184210526316,0.551440329218107,-0.5219101123595505,-0.2184873949579832,-0.5466939331970007,0.0,0.164079822616408,0.35276073619631904,0.13723776223776224,-0.2784679089026915,0.5488400488400489,-0.3459915611814346,-0.1820020222446916,0.5581818181818182,-0.33153638814016173,-0.011522633744855966,0.32429378531073444,0.387
0.5935935935935935,-0.6044703595724005,0.015170670037926673,0.37485448195576254,0.3240131578947369,0.08779149519890261,-0.5696629213483146,-0.7521008403361346,-0.7934560327198363,0.0,0.043606799704360676,-0.2760736196319018,0.31905594405594406,-0.13664596273291926,0.13797313797313798,-0.2552742616033755,-0.22143579373104147,0.28181818181818186,-0.4366576819407008,-0.4090534979423868,0.34011299435028247,0.893
0.5945945945945946,-0.489795918367347,0.3215339233038348,0.30267753201396974,0.25164473684210525,0.17832647462277093,-0.501685393258427,-0.22408963585434175,-0.6339468302658486,0.0,0.04065040650406504,-0.12576687116564417,0.22902097902097904,-0.10559006211180123,0.29975579975579975,-0.41350210970464135,-0.3528816986855409,0.3842424242424243,-0.2830188679245283,-0.12839506172839504,0.7909604519774011,0.5
0.5955955955955956,-0.2847424684159378,-0.1415929203539823,0.19557625145518046,0.6973684210526315,-0.09053497942386832,-0.6797752808988764,-0.29971988795518206,-0.7941376959781867,0.0,0.5639320029563932,-0.8358895705521473,0.6276223776223776,0.031055900621118012,-0.07692307692307693,-0.21518987341772153,-0.34782608695652173,0.02,-0.45822102425876016,-0.7135802469135802,0.5141242937853108,1.053
0.5965965965965966,-0.4538386783284743,0.6552886641382216,0.509895227008149,0.27302631578947373,0.039780521262002745,-0.3056179775280899,-0.2857142857142857,-0.3899113837764144,0.0,0.15151515151515152,-0.401840490797546,0.21853146853146854,-0.49585921325051757,0.48107448107448114,-0.5872011251758087,-0.7472194135490394,0.4224242424242424,0.14150943396226415,0.13580246913580246,0.847457627118644,0.72
0.5975975975975976,-0.27308066083576293,0.10198061525495153,0.119906868451688,0.3996710526315789,0.2496570644718793,-0.7533707865168539,-0.10644257703081232,-0.7218813905930469,0.0,0.3155949741315595,-0.4769938650306748,0.5506993006993007,-0.49585921325051757,0.004884004884004884,-0.340365682137834,-0.39737108190091003,0.07515151515151515,-0.5444743935309974,-0.5423868312757202,0.711864406779661,1.029
0.5985985985985987,-0.21477162293488827,-0.3236409608091024,0.1769499417927823,0.4210526315789474,0.6351165980795611,-0.6219101123595505,0.029411764705882356,-0.6578050443081117,0.0,0.13229859571322986,0.05674846625766871,0.07430069930069931,-0.14285714285714288,0.1214896214896215,-0.22714486638537273,0.544994944388271,0.18484848484848485,-0.3288409703504043,-0.45925925925925926,0.02485875706214689,0.213
0.5995995995995996,-0.5082604470359573,-0.01011378002528445,0.420256111757858,0.4851973684210526,0.03017832647462277,-0.6185393258426967,-0.3515406162464986,-0.6952965235173824,0.0,0.631189948263119,-0.3389570552147239,0.5638111888111889,0.006211180124223603,0.10195360195360197,-0.2728551336146273,-0.44388270980788674,0.16666666666666669,-0.4528301886792453,-0.5736625514403292,0.5265536723163842,1.141
0.6006006006006006,-0.5792031098153547,0.3223767383059418,0.1839348079161816,-0.03453947368421053,0.5212620027434842,-0.5191011235955056,-0.2969187675070028,-0.5044308111792773,0.0,0.04065040650406504,0.11196319018404907,0.03496503496503497,-0.4057971014492754,0.3083028083028083,-0.39170182841068923,-0.33771486349848334,0.4478787878787879,-0.026954177897574125,-0.0691358024691358,0.4700564971751412,0.524
0.6016016016016016,-0.3226433430515064,-0.269700800674252,0.22467986030267753,0.6036184210526316,0.1522633744855967,-0.6640449438202247,-0.39775910364145656,-0.8691206543967279,0.0,0.15521064301552107,-0.16104294478527606,0.4187062937062937,-0.34161490683229817,0.014652014652014654,-0.43741209563994377,0.07077856420626896,0.16363636363636366,-0.2398921832884097,-0.508641975308642,0.2745762711864407,0.527
0.6026026026026026,-0.5830903790087464,0.44458491361146224,0.6356228172293364,0.21875000000000003,0.11659807956104254,-0.2252808988764045,-0.28151260504201686,-0.5146557600545331,0.0,0.18107908351810792,0.18251533742331286,0.2858391608391609,-0.37991718426501037,0.5494505494505495,-0.7172995780590717,-0.5156723963599595,0.6278787878787879,0.32614555256064687,0.13497942386831274,0.5570621468926553,0.68
0.6036036036036037,-0.4450923226433431,-0.1306363253265908,0.25029103608847497,0.430921052631579,0.45130315500685875,-0.7747191011235955,-0.7142857142857143,-0.7852760736196318,0.0,-0.1877309682187731,-0.09355828220858896,0.1826923076923077,-0.053830227743271224,0.0115995115995116,-0.26230661040787623,0.3195146612740142,0.12303030303030305,-0.6064690026954178,-0.576954732510288,0.48587570621468923,0.372
0.6046046046046046,-0.435374149659864,0.11378002528445005,0.549476135040745,0.09539473684210527,0.2908093278463649,-0.4780898876404494,-0.057422969187675074,-0.6993865030674846,0.0,0.37324464153732445,-0.5598159509202454,0.3487762237762238,-0.2236024844720497,0.2472527472527473,-0.4451476793248945,-0.32457027300303337,0.3503030303030303,-0.14016172506738545,-0.22386831275720165,0.6225988700564972,1.055
0.6056056056056056,-0.4742468415937804,-0.2612726506531816,0.10244470314318975,0.22532894736842107,0.5624142661179699,-0.6573033707865168,-0.22829131652661067,-0.7702794819359235,0.0,0.043606799704360676,-0.13496932515337423,0.07517482517482517,-0.34575569358178054,0.19841269841269843,-0.44725738396624476,0.21840242669362994,0.36848484848484847,-0.05390835579514825,-0.38436213991769547,0.35141242937853107,0.38
0.6066066066066066,-0.23226433430515064,0.1512852928782132,0.5960419091967404,0.6990131578947368,-0.06584362139917696,-0.5393258426966292,-0.1862745098039216,-0.6155419222903885,0.0,0.5240206947524021,-0.2193251533742331,0.6923076923076924,-0.15424430641821946,0.06288156288156288,-0.2749648382559775,-0.487360970677452,0.10303030303030304,-0.284366576819407,-0.5465020576131687,0.5638418079096045,0.989
0.6076076076076076,-0.5238095238095238,0.11883691529709227,0.3445867287543655,0.27302631578947373,0.12482853223593965,-0.33202247191011236,-0.3697478991596639,-0.5732788002726652,0.0,0.12047302291204731,-0.4708588957055215,0.42045454545454547,-0.002070393374741201,0.33150183150183155,-0.45218002812939523,-0.6622851365015168,0.39818181818181825,0.016172506738544475,-0.1308641975308642,0.44180790960451977,1.325
0.6086086086086087,-0.2973760932944607,-0.06953223767383059,0.5576251455180442,0.7319078947368421,0.1083676268861454,-0.5499999999999999,-0.28991596638655465,-0.6857532379004772,0.0,0.4212860310421286,-0.5644171779141104,0.5734265734265735,-0.18012422360248448,0.16605616605616608,-0.3579465541490858,-0.17795753286147623,0.21575757575757576,-0.4690026954177897,-0.45679012345679015,0.22824858757062147,1.025
0.6096096096096096,-0.3226433430515064,-0.43067846607669613,0.22584400465657742,0.5049342105263158,0.09053497942386832,-0.7668539325842696,-0.29551820728291317,-0.8820722563053851,0.0,0.4796747967479675,-0.4049079754601227,0.49388111888111885,-0.038302277432712216,-0.08180708180708182,-0.18213783403656822,0.005055611729019211,0.045454545454545456,-0.5040431266846361,-0.711111111111111,0.18531073446327684,0.734
0.6106106106106106,-0.3974732750242954,0.07796038769490096,0.40512223515715945,0.4210526315789474,-0.006858710562414267,-0.7050561797752808,0.09943977591036414,-0.8588957055214723,0.0,0.6740576496674058,-0.8113496932515337,0.7325174825174825,0.09834368530020704,0.16483516483516486,-0.3045007032348805,-0.660262891809909,0.06727272727272728,-0.5512129380053908,-0.4790123456790123,0.6011299435028249,1.469
0.6116116116116116,-0.7026239067055394,0.25368731563421826,0.2118742724097788,-0.2055921052631579,0.8244170096021948,-0.5022471910112359,-0.49719887955182074,-0.4758009543285616,0.0,-0.48410938654841096,0.11503067484662576,-0.36013986013986016,-0.8157349896480331,0.5231990231990232,-0.649789029535865,0.028311425682507583,0.609090909090909,-0.04716981132075472,0.10617283950617283,0.03728813559322034,0.309
0.6126126126126126,-0.467444120505345,-0.30973451327433627,0.13387660069848661,0.2845394736842105,0.28532235939643347,-0.604494382022472,-0.5840336134453782,-0.8268575323790048,0.0,-0.11086474501108647,0.01687116564417178,0.2604895104895105,-0.40165631469979296,0.05677655677655678,-0.3565400843881857,0.2901921132457027,0.26303030303030306,-0.2183288409703504,-0.4510288065843621,-0.07344632768361582,0.431
0.6136136136136137,-0.49465500485908653,0.20396123050990306,0.37369033760186265,0.17269736842105263,0.17146776406035666,-0.4949438202247191,-0.7086834733893558,-0.6523517382413088,0.0,-0.1337767923133777,-0.22699386503067484,0.02884615384615385,-0.2318840579710145,0.3913308913308914,-0.5534458509142054,-0.44590495449949447,0.4563636363636364,0.1738544474393531,-0.0,0.5694915254237288,0.822
0.6146146146146146,-0.37803692905733727,-0.17783396544458488,0.03958090803259605,0.3815789473684211,0.31275720164609055,-0.6162921348314606,-0.4439775910364146,-0.8070892978868438,0.0,0.025868440502586847,-0.2116564417177914,0.16083916083916086,-0.16356107660455488,0.02380952380952381,-0.2848101265822785,0.10920121334681497,0.09818181818181819,-0.4420485175202157,-0.4790123456790123,0.29491525423728815,0.673
0.6156156156156156,-0.19241982507288632,-0.0037926675094816682,0.23748544819557624,0.38980263157894735,0.15775034293552814,-0.43651685393258427,-0.2619047619047619,-0.6516700749829584,0.0,0.2993348115299335,-0.8420245398773006,0.45979020979020985,-0.34472049689441,-0.04884004884004885,-0.4683544303797469,-0.435793731041456,-0.0006060606060606061,-0.18328840970350405,-0.43621399176954734,0.5548022598870056,1.188
0.6166166166166166,-0.7978620019436347,0.0518331226295828,0.28987194412107103,0.4967105263157895,0.25925925925925924,-0.7191011235955056,-0.5868347338935574,-0.8302658486707566,0.0,-0.019955654101995565,-0.5567484662576687,0.388986013986014,-0.386128364389234,0.16544566544566547,-0.2848101265822785,-0.16380182002022245,0.276969696969697,-0.6361185983827493,-0.42633744855967076,0.34350282485875705,1.192
0.6176176176176176,-0.5344995140913509,0.1736198904340497,0.5017462165308498,0.29605263157894735,0.24828532235939643,-0.4842696629213483,-0.37535014005602246,-0.7348329925017042,0.0,0.41167775314116783,-0.15644171779141103,0.5917832167832169,-0.2929606625258799,0.3492063492063492,-0.4409282700421941,-0.4327603640040445,0.3593939393939394,-0.057951482479784364,-0.23539094650205758,0.4350282485875706,1.024
0.6186186186186187,-0.6754130223517979,0.38727349346818374,0.3550640279394645,0.10197368421052631,0.7530864197530865,-0.34101123595505617,-0.37394957983193283,-0.45330606680299934,0.0,-0.12195121951219513,0.2193251533742331,-0.1284965034965035,-0.5869565217391304,0.6605616605616607,-0.6336146272855134,-0.12032355915065722,0.7290909090909091,0.19272237196765496,0.1950617283950617,0.5141242937853108,0.251
0.6196196196196196,-0.7531584062196308,0.20438263801095657,0.25145518044237486,0.4720394736842105,0.2661179698216735,-0.3325842696629213,-0.4061624649859944,-0.5057941376959781,0.0,-0.3178122690317812,-0.18404907975460122,0.051573426573426576,-0.30434782608695654,0.5103785103785103,-0.5576652601969058,-0.2598584428715875,0.5430303030303031,-0.16442048517520216,0.06172839506172839,0.207909604519774,0.559
0.6206206206206206,-0.4159378036929058,0.22123893805309733,0.5355064027939465,0.018092105263157895,-0.057613168724279844,-0.22640449438202248,-0.12044817927170869,-0.5330606680299932,0.0,0.6008869179600886,-0.5414110429447853,0.6407342657342657,-0.5869565217391304,0.4242979242979243,-0.6132208157524613,-0.49848331648129424,0.38787878787878793,0.06199460916442048,-0.024691358024691357,0.423728813559322,1.121
0.6216216216216216,-0.20699708454810498,-0.7340918668352296,0.3550640279394645,0.2582236842105263,0.8943758573388204,-0.6320224719101124,-0.17366946778711484,-0.7150647580095432,0.0,0.04582409460458241,-0.15030674846625766,-0.06905594405594406,-0.39026915113871635,-0.007936507936507936,-0.21167369901547117,0.9342770475227503,0.25333333333333335,-0.25067385444743934,-0.6699588477366254,-0.3310734463276836,-0.129
0.6226226226226226,-0.1185617103984451,-0.36409608091024015,-0.07799767171129221,0.6233552631578948,-0.23319615912208508,-0.45280898876404496,-0.3431372549019608,-0.7280163599182005,0.0,0.29416112342941614,-0.6257668711656441,0.6083916083916084,-0.1770186335403727,-0.15689865689865692,-0.3178621659634318,-0.224469160768453,-0.05151515151515152,-0.16172506738544473,-0.7259259259259259,0.24293785310734461,1.022
0.6236236236236237,-0.564625850340136,0.11799410029498525,0.21303841676367868,0.6069078947368421,0.45130315500685875,-0.5831460674157304,-0.4607843137254902,-0.6271301976823449,0.0,-0.0524759793052476,0.17791411042944785,0.2701048951048951,-0.37577639751552794,0.22222222222222224,-0.2777777777777778,-0.032355915065722954,0.3612121212121212,-0.5202156334231806,-0.2567901234567901,0.18418079096045198,0.737
0.6246246246246246,-0.5451895043731779,-0.1538137378845343,0.320139697322468,0.26973684210526316,0.21810699588477367,-0.6061797752808988,-0.5840336134453782,-0.7027948193592365,0.0,0.11825572801182557,-0.30214723926380366,0.2805944055944056,-0.062111801242236024,0.1758241758241758,-0.360056258790436,-0.17795753286147623,0.28242424242424247,0.029649595687331536,-0.4732510288065843,0.5129943502824859,0.837
0.6256256256256256,-0.23517978620019436,0.18373367045933417,0.21885913853317812,0.33223684210526316,0.1440329218106996,-0.28876404494382024,0.05042016806722689,-0.5187457396046353,0.0,0.34072431633407246,-0.09049079754601226,0.23164335664335667,-0.4099378881987578,0.20512820512820515,-0.4078762306610408,-0.35995955510616784,0.30484848484848487,0.029649595687331536,-0.25596707818930037,0.44745762711864406,0.666
0.6266266266266266,-0.3867832847424685,-0.19511167298777918,0.1850989522700815,0.4210526315789474,0.024691358024691357,-0.6134831460674157,-0.17647058823529413,-0.8084526244035446,0.0,0.29785661492978566,-0.25920245398773006,0.33479020979020985,-0.2474120082815735,0.14713064713064714,-0.2974683544303798,-0.0525783619817998,0.23454545454545456,-0.40431266846361186,-0.5728395061728394,0.19322033898305085,1.01
0.6276276276276276,-0.15743440233236153,-0.41382216603455535,0.14668218859138535,0.667763157894737,-0.1440329218106996,-0.6140449438202247,-0.0056022408963585435,-0.9413769597818678,0.0,0.688839615668884,-0.7653374233128835,0.695804195804196,0.027950310559006212,-0.22100122100122102,-0.15752461322081576,-0.1365015166835187,-0.0393939393939394,-0.3584905660377359,-0.8691358024691358,0.34011299435028247,0.99
0.6286286286286287,-0.49076773566569487,-0.046776232616940576,0.479627473806752,0.4457236842105264,0.24828532235939643,-0.43820224719101125,-0.3991596638655462,-0.5814587593728697,0.0,0.35772357723577236,-0.6119631901840491,0.5524475524475525,-0.037267080745341616,0.1617826617826618,-0.23206751054852323,-0.2608695652173913,0.25333333333333335,-0.2695417789757413,-0.4016460905349794,0.27005649717514124,0.952
0.6296296296296297,-0.44217687074829937,0.32574799831436996,0.7159487776484285,0.3717105263157895,0.06447187928669411,-0.4460674157303371,-0.26330532212885155,-0.5364689843217451,0.0,0.4929785661492979,-0.5874233128834355,0.625,-0.1915113871635611,0.36996336996337,-0.4683544303797469,-0.5146612740141557,0.32303030303030306,-0.1078167115902965,-0.1925925925925926,0.5559322033898305,1.122
0.6306306306306306,-0.293488824101069,-0.047619047619047616,0.17112922002328287,0.3223684210526316,0.1879286694101509,-0.5499999999999999,-0.10644257703081232,-0.7423312883435582,0.0,0.43385070214338506,-0.3588957055214724,0.6573426573426574,-0.0031055900621118015,0.057997557997558,-0.2355836849507736,-0.3569261880687563,0.19272727272727275,-0.3652291105121294,-0.5448559670781893,0.4067796610169491,1.018
0.6316316316316316,-0.5908649173955297,0.2541087231352718,0.06984866123399301,0.03453947368421053,0.51440329218107,-0.6207865168539326,-0.1400560224089636,-0.6925698704839809,0.0,-0.07908351810790835,0.07975460122699386,0.06293706293706294,-0.3146997929606625,0.3492063492063492,-0.4092827004219409,0.014155712841253791,0.4678787878787879,-0.35983827493261455,-0.11440329218106997,0.688135593220339,0.304
0.6326326326326326,-0.19825072886297376,-0.15423514538558786,0.3469150174621653,0.6628289473684211,0.3278463648834019,-0.6123595505617978,0.08123249299719888,-0.758009543285617,0.0,0.3968957871396896,-0.6334355828220858,0.4003496503496504,-0.31573498964803315,0.14652014652014653,-0.31223628691983124,-0.32457027300303337,0.24303030303030307,-0.2574123989218329,-0.5390946502057613,0.27796610169491526,1.228
0.6336336336336337,-0.6550048590864919,0.23093131057732827,0.2910360884749709,0.3305921052631579,0.15912208504801098,-0.42921348314606744,-0.6274509803921569,-0.6952965235173824,0.0,-0.011825572801182557,0.02760736196319018,0.1896853146853147,-0.35610766045548653,0.3766788766788767,-0.5808720112517581,-0.3862487360970678,0.4060606060606061,0.03638814016172507,0.0411522633744856,0.5163841807909605,0.771
0.6346346346346347,-0.4771622934888241,-0.021491782553729452,0.32479627473806755,0.18914473684210528,0.5034293552812071,-0.5584269662921348,-0.28151260504201686,-0.5978186775732788,0.0,0.10051736881005174,0.12883435582822086,0.04370629370629371,-0.2753623188405797,0.49694749694749696,-0.46624472573839665,-0.01314459049544995,0.5636363636363637,-0.022911051212938006,-0.09300411522633745,0.12090395480225988,0.534
0.6356356356356356,-0.8493683187560739,0.48925410872313524,0.5785797438882422,-0.1694078947368421,0.25925925925925924,-0.27022471910112356,-0.6134453781512605,-0.5180640763462849,0.0,-0.07243163340724317,-0.12269938650306748,0.23513986013986019,-0.24016563146997932,0.5427350427350428,-0.48945147679324896,-0.7583417593528817,0.576969696969697,0.15902964959568733,0.0691358024691358,0.7751412429378531,1.079
0.6366366366366366,-0.512147716229349,0.15634218289085544,0.409778812572759,0.24342105263157895,0.33607681755829905,-0.5691011235955056,-0.1946778711484594,-0.7518745739604634,0.0,0.15225424981522542,-0.012269938650306749,0.2097902097902098,-0.34472049689441,0.4413919413919414,-0.5281293952180028,-0.2517694641051567,0.4672727272727273,-0.07412398921832884,-0.10699588477366255,0.3502824858757062,0.693
0.6376376376376376,-0.46355685131195334,0.17277707543194265,0.4423748544819558,0.2319078947368421,0.04801097393689987,-0.5887640449438203,-0.2647058823529412,-0.72733469665985,0.0,0.43828529194382854,-0.504601226993865,0.5506993006993007,-0.18115942028985507,0.20268620268620272,-0.360056258790436,-0.3852376137512639,0.11454545454545455,-0.34097035040431267,-0.32098765432098764,0.6271186440677966,0.996
0.6386386386386387,-0.4013605442176871,0.1264222503160556,0.2910360884749709,0.3930921052631579,0.06721536351165981,-0.5893258426966291,-0.25210084033613445,-0.7286980231765507,0.0,0.4611973392461197,-0.35736196319018404,0.6984265734265735,-0.12008281573498966,0.1623931623931624,-0.3368495077355837,-0.4762386248736097,0.2109090909090909,-0.6778975741239892,-0.4411522633744856,0.34350282485875705,1.357
0.6396396396396397,-0.6229348882410107,0.35861778339654443,0.6752037252619324,0.16776315789473684,0.28257887517146774,-0.4747191011235955,-0.6260504201680672,-0.6250852079072938,0.0,0.2756836659275684,-0.3282208588957055,0.46066433566433573,-0.27639751552795033,0.3357753357753358,-0.5400843881856541,-0.5379170879676441,0.39757575757575764,-0.03773584905660377,-0.050205761316872426,0.5649717514124294,0.985
0.6406406406406406,0.09620991253644316,-0.35313948588284866,0.31082654249126895,0.9901315789473684,-0.038408779149519894,-0.5499999999999999,-0.022408963585434174,-0.8561690524880708,0.0,0.6260162601626016,-0.3374233128834356,0.46066433566433573,0.028985507246376812,-0.1562881562881563,-0.21518987341772153,-0.010111223458038422,-0.008484848484848486,-0.23450134770889486,-0.7160493827160493,0.04180790960451977,0.594
0.6416416416416416,-0.435374149659864,-0.021913190054782972,0.3376018626309662,0.26151315789473684,-0.0850480109739369,-0.3702247191011236,-0.3431372549019608,-0.6966598500340832,0.0,0.2793791574279379,-0.01380368098159509,0.5952797202797204,-0.5351966873706004,0.3156288156288157,-0.5042194092827004,-0.1486349848331648,0.41151515151515156,0.09029649595687332,-0.2502057613168724,0.10621468926553672,1.172
0.6426426426426426,-0.3226433430515064,-0.16603455541508638,0.4121071012805588,0.5657894736842105,0.2757201646090535,-0.547191011235955,0.16806722689075632,-0.6959781867757326,0.0,0.6193643754619365,-0.007668711656441718,0.3697552447552448,-0.391304347826087,0.19413919413919414,-0.3558368495077356,0.18806875631951467,0.30484848484848487,-0.01078167115902965,-0.4148148148148148,0.13898305084745763,0.831
0.6436436436436437,-0.4655004859086492,-0.04129793510324484,0.3469150174621653,0.24671052631578946,0.6488340192043895,-0.6870786516853933,-0.319327731092437,-0.6918882072256304,0.0,0.20325203252032523,-0.24539877300613497,0.27272727272727276,-0.5403726708074534,0.2796092796092796,-0.2869198312236287,0.13953488372093026,0.43393939393939396,-0.47843665768194066,-0.345679012345679,0.32090395480225986,0.63
0.6446446446446447,-0.31389698736637517,0.4420564686051411,0.7334109429569267,0.4720394736842105,0.4279835390946502,-0.647191011235955,-0.03781512605042017,-0.5085207907293796,0.0,0.6526237989652623,-0.2653374233128834,0.4318181818181818,-0.21842650103519667,0.3388278388278389,-0.39873417721518983,-0.5682507583417594,0.46,-0.1967654986522911,-0.2567901234567901,0.688135593220339,1.076
0.6456456456456456,-0.5218658892128281,-0.10240202275600505,0.04423748544819558,0.1792763157894737,0.29492455418381347,-0.300561797752809,-0.8305322128851541,-0.5630538513974096,0.0,-0.515890613451589,0.03374233128834356,0.09877622377622379,-0.386128364389234,0.33150183150183155,-0.589310829817159,-0.1911021233569262,0.5472727272727274,0.2601078167115903,-0.0691358024691358,0.23728813559322032,0.619
0.6466466466466466,-0.7152575315840622,0.05983986514959965,0.19557625145518046,-0.15460526315789475,0.45130315500685875,-0.7471910112359551,-0.5196078431372549,-0.896387184730743,0.0,-0.082039911308204,-0.13650306748466257,0.19493006993006995,-0.3033126293995859,0.30952380952380953,-0.4085794655414908,-0.003033367037411527,0.32303030303030306,-0.398921832884097,-0.22304526748971193,0.3333333333333333,0.847
0.6476476476476476,-0.4655004859086492,0.26506531816266327,0.5238649592549476,-0.047697368421052634,0.3772290809327847,-0.5404494382022471,-0.18487394957983194,-0.645535105657805,0.0,0.3237250554323725,-0.32361963190184045,0.4466783216783217,-0.1739130434782609,0.3070818070818071,-0.5295358649789029,-0.3619817997977755,0.21393939393939393,-0.3140161725067386,-0.17777777777777776,0.4915254237288135,1.089
0.6486486486486487,-0.5160349854227406,-0.09650231774125578,0.20023282887077998,0.38486842105263164,0.21536351165980797,-0.6084269662921348,-0.7759103641456584,-0.8629856850715746,0.0,-0.2564671101256467,-0.14877300613496933,0.3120629370629371,-0.08385093167701864,0.03357753357753358,-0.25738396624472576,-0.13953488372093026,0.1781818181818182,-0.5080862533692723,-0.5053497942386831,0.36045197740112994,1.039
0.6496496496496497,-0.5490767735665695,0.35861778339654443,0.9243306169965076,-0.11348684210526316,-0.03292181069958848,-0.26179775280898876,0.09523809523809525,-0.4314928425357873,0.0,0.6437546193643755,-0.200920245398773,0.5786713286713288,-0.3581780538302277,0.5482295482295483,-0.629395218002813,-0.5308392315470172,0.567878787878788,0.27897574123989216,0.016460905349794237,0.503954802259887,1.141
0.6506506506506506,-0.6550048590864919,0.6064053940160135,0.7112922002328289,0.7384868421052632,-0.5171467764060357,-0.35337078651685394,-0.6946778711484594,-0.6387184730743013,0.0,0.29490022172949004,-0.44018404907975456,0.4667832167832168,-0.2619047619047619,0.40720390720390726,-0.49156118143459915,-0.9282103134479273,0.28060606060606064,-0.11455525606469004,-0.05102880658436214,0.7898305084745763,1.306
0.6516516516516516,-0.7512147716229349,0.23261694058154234,0.7310826542491269,0.17105263157894737,0.22222222222222224,-0.7460674157303371,-0.6274509803921569,-0.8391274710293115,0.0,0.4678492239467849,-0.6088957055214724,0.5358391608391608,-0.057971014492753624,0.23992673992673996,-0.38607594936708867,-0.5561172901921133,0.23393939393939395,-0.4649595687331536,-0.4148148148148148,0.6689265536723163,1.138
0.6526526526526526,-0.5034013605442177,0.18373367045933417,0.4621653084982538,0.5822368421052632,0.19341563786008228,-0.5921348314606741,-0.20588235294117646,-0.6700749829584185,0.0,0.36954915003695493,-0.31901840490797545,0.45629370629370636,-0.002070393374741201,0.21001221001221002,-0.3368495077355837,-0.2487360970677452,0.34363636363636363,-0.37331536388140163,-0.3967078189300411,0.6892655367231638,0.838
0.6536536536536537,-0.5276967930029155,-0.10535187526337968,0.33061699650756693,0.45065789473684215,-0.037037037037037035,-0.6353932584269663,-0.32492997198879553,-0.865712338104976,0.0,0.3222468588322247,-0.45092024539877296,0.5078671328671329,-0.10041407867494824,0.21001221001221002,-0.2686357243319269,-0.3114256825075834,0.17030303030303032,-0.3881401617250674,-0.4617283950617284,0.26666666666666666,0.825
0.6546546546546547,-0.5792031098153547,0.2435735356089338,0.4027939464493597,0.30098684210526316,0.13168724279835392,-0.39269662921348314,-0.2507002801120448,-0.6891615541922289,0.0,0.2719881744271988,-0.3159509202453987,0.3758741258741259,-0.2339544513457557,0.3888888888888889,-0.46694796061884675,-0.45500505561172905,0.3775757575757576,0.07277628032345014,-0.07242798353909465,0.6983050847457627,0.859
0.6556556556556556,-0.47133138969873667,-0.43742098609355246,0.2828870779976717,0.3026315789473684,0.803840877914952,-0.5943820224719102,-0.35294117647058826,-0.7716428084526243,0.0,-0.23798965262379898,-0.010736196319018405,0.022727272727272728,-0.37991718426501037,0.2435897435897436,-0.46905766526019693,0.33367037411526795,0.4254545454545455,0.025606469002695417,-0.3176954732510288,-0.011299435028248588,0.456
0.6566566566566566,-0.19436345966958216,0.05646860514117151,0.3830034924330617,0.3305921052631579,0.2702331961591221,-0.7449438202247192,-0.2801120448179272,-0.6898432174505794,0.0,0.2779009608277901,-0.1441717791411043,0.5332167832167832,-0.4886128364389234,0.13125763125763126,-0.3530239099859353,-0.1243680485338726,0.24666666666666667,-0.2978436657681941,-0.4954732510288065,0.3310734463276836,0.921
0.6576576576576577,-0.33527696793002915,0.027391487568478718,0.2549476135040745,0.46052631578947373,0.6159122085048011,-0.6387640449438202,-0.08263305322128851,-0.6973415132924334,0.0,0.0672579453067258,0.10736196319018405,-0.09353146853146854,-0.5434782608695653,0.0873015873015873,-0.3368495077355837,0.2608695652173913,0.25393939393939396,-0.23450134770889486,-0.3596707818930041,0.3672316384180791,0.115
0.6586586586586587,-0.5617103984450923,0.2271386430678466,0.4935972060535506,-0.19407894736842105,0.7956104252400549,-0.6831460674157304,-0.3137254901960784,-0.6966598500340832,0.0,-0.028085735402808572,0.12423312883435583,-0.14772727272727276,-0.2701863354037267,0.4670329670329671,-0.4451476793248945,0.01820020222446916,0.5448484848484849,-0.3113207547169812,-0.04526748971193415,0.28135593220338984,0.269
0.6596596596596597,-0.5403304178814384,0.067425200168563,0.5250291036088475,0.4029605263157895,0.20164609053497942,-0.4853932584269663,-0.27450980392156865,-0.6775732788002726,0.0,0.41315594974131564,-0.21012269938650308,0.5034965034965035,-0.4109730848861284,0.2557997557997558,-0.4620253164556962,-0.1243680485338726,0.33272727272727276,0.02021563342318059,-0.2378600823045267,0.45988700564971746,0.575
0.6606606606606606,-0.6005830903790088,0.3430257058575642,0.4935972060535506,-0.07072368421052631,0.14128943758573387,-0.49550561797752807,-0.4551820728291317,-0.591002044989775,0.0,0.20546932742054697,-0.6242331288343558,0.46066433566433573,-0.2505175983436853,0.37851037851037855,-0.45358649789029537,-0.5035389282103134,0.3612121212121212,-0.23315363881401616,-0.09794238683127571,0.6519774011299434,1.256
0.6616616616616616,-0.42274052478134116,-0.18204804045512007,0.3084982537834692,0.25,0.3703703703703704,-0.7292134831460674,-0.5140056022408964,-0.8773006134969324,0.0,0.17738359201773835,-0.4892638036809816,0.28321678321678323,-0.07349896480331262,0.005494505494505494,-0.30731364275668077,-0.24772497472194135,0.06363636363636364,-0.2803234501347709,-0.5547325102880658,0.5581920903954802,1.027
0.6626626626626627,-0.326530612244898,-0.11420143278550358,0.17229336437718276,0.37006578947368424,-0.019204389574759947,-0.6196629213483146,-0.2759103641456583,-0.7682344921608725,0.0,0.19290465631929046,-0.6196319018404908,0.42569930069930073,-0.011387163561076604,-0.07997557997557998,-0.16244725738396626,-0.031344792719919114,-0.04424242424242424,-0.5646900269541779,-0.6534979423868312,0.35706214689265536,0.736
0.6636636636636637,-0.055393586005830914,-0.1664559629161399,0.4318975552968568,0.5,0.5802469135802469,-0.3235955056179775,-0.04901960784313726,-0.5957736877982276,0.0,0.376940133037694,-0.4831288343558282,0.25,-0.33747412008281574,0.195970695970696,-0.3558368495077356,-0.06268958543983823,0.3563636363636364,0.025606469002695417,-0.4880658436213991,0.18870056497175142,0.602
0.6646646646646647,-0.6433430515063169,0.0337126000842815,0.47264260768335276,0.2055921052631579,0.7956104252400549,-0.5410112359550562,-0.1512605042016807,-0.5432856169052488,0.0,-0.10051736881005174,0.5306748466257668,-0.3041958041958042,-0.33747412008281574,0.5525030525030525,-0.658931082981716,0.22143579373104147,0.6781818181818182,0.25336927223719674,0.12839506172839504,0.15254237288135594,0.045
0.6656656656656657,-0.4159378036929058,0.014749262536873156,0.04190919674039581,0.7335526315789473,0.3292181069958848,-0.4089887640449438,0.03221288515406163,-0.547375596455351,0.0,0.10051736881005174,0.2898773006134969,-0.08304195804195805,-0.5600414078674949,0.20085470085470086,-0.5872011251758087,0.11122345803842265,0.36303030303030304,0.15229110512129382,-0.24032921810699587,0.2711864406779661,0.07
0.6666666666666666,-0.5587949465500486,0.2680151706700379,0.4563445867287544,0.07072368421052631,0.14540466392318244,-0.4044943820224719,-0.1750700280112045,-0.6850715746421266,0.0,0.3325942350332594,0.03834355828220859,0.4082167832167833,-0.3002070393374741,0.42124542124542125,-0.5450070323488045,-0.39534883720930236,0.43212121212121213,0.1091644204851752,0.05761316872427984,0.6090395480225989,0.642
0.6676676676676677,-0.6112730806608359,0.14749262536873153,0.4807916181606519,0.17434210526315788,0.18381344307270234,-0.5106741573033708,-0.5812324929971989,-0.7614178595773687,0.0,0.2557280118255728,-0.23926380368098157,0.4816433566433567,-0.3281573498964803,0.18376068376068377,-0.4120956399437412,-0.3154701718907988,0.1503030303030303,-0.21024258760107817,-0.3160493827160494,0.35706214689265536,0.944
0.6686686686686687,-0.5937803692905734,0.5162241887905604,0.7043073341094296,0.03947368421052632,0.308641975308642,-0.21460674157303372,-0.0784313725490196,-0.4560327198364008,0.0,0.43237250554323725,-0.18098159509202452,0.4676573426573427,-0.3250517598343685,0.6514041514041514,-0.5928270042194093,-0.6430738119312437,0.6478787878787878,0.04716981132075472,0.30864197530864196,0.21468926553672316,1.091
0.6696696696696697,-0.46161321671525757,0.15254951538137376,0.4935972060535506,0.24835526315789475,0.6145404663923183,-0.6679775280898876,-0.5840336134453782,-0.6298568507157464,0.0,-0.011825572801182557,-0.2331288343558282,0.18881118881118883,-0.2287784679089027,0.3070818070818071,-0.33122362869198313,-0.2558139534883721,0.3303030303030303,-0.28975741239892183,-0.31440329218106994,0.511864406779661,0.841
0.6706706706706707,-0.5034013605442177,0.11335861778339654,0.37485448195576254,-0.13651315789473686,0.9465020576131686,-0.5825842696629213,-0.4607843137254902,-0.5487389229720518,0.0,-0.13895048041389504,0.17331288343558282,-0.15821678321678323,-0.5838509316770186,0.43772893772893773,-0.6068917018284107,0.0455005055611729,0.49818181818181817,0.0660377358490566,0.06502057613168724,0.2983050847457627,0.24
0.6716716716716716,-0.5782312925170068,-0.06068268015170669,0.10244470314318975,0.43585526315789475,0.1550068587105624,-0.6415730337078651,-0.44677871148459386,-0.738241308793456,0.0,0.023651145602365115,-0.3496932515337423,0.3146853146853147,-0.2587991718426501,0.2619047619047619,-0.4444444444444445,-0.3700707785642063,0.2890909090909091,-0.18059299191374664,-0.3094650205761317,0.296045197740113,0.857
0.6726726726726727,-0.5617103984450923,-0.2503160556257901,0.18742724097788127,0.625,0.49657064471879286,-0.6696629213483146,-0.6512605042016807,-0.7920927062031355,0.0,-0.22172949002217293,-0.06288343558282208,-0.014860139860139862,-0.43478260869565216,0.15750915750915753,-0.3579465541490858,0.34479271991911026,0.2781818181818182,-0.38140161725067384,-0.42551440329218104,0.1694915254237288,0.023
0.6736736736736737,-0.3712342079689019,0.3017277707543194,0.2561117578579744,0.2598684210526316,0.5569272976680385,-0.4831460674157303,0.0350140056022409,-0.591002044989775,0.0,0.19142645971914266,0.23159509202453987,0.19055944055944057,-0.47412008281573503,0.4023199023199024,-0.47327707454289736,-0.016177957532861477,0.46303030303030307,-0.2978436657681941,-0.1522633744855967,0.5129943502824859,0.318
0.6746746746746747,-0.2682215743440234,-0.303834808259587,-0.12223515715948777,0.5509868421052632,0.3045267489711934,-0.5039325842696629,-0.3025210084033614,-0.6353101567825494,0.0,-0.03399852180339985,-0.04447852760736196,0.08566433566433568,-0.15527950310559005,0.11294261294261294,-0.189873417721519,0.05055611729019212,0.25272727272727274,-0.3854447439353099,-0.4946502057613168,0.023728813559322035,0.392
0.6756756756756757,-0.4538386783284743,-0.15844922039612303,0.37601862630966243,0.07730263157894737,0.41975308641975306,-0.5803370786516854,-0.32492997198879553,-0.7798227675528288,0.0,0.2586844050258684,-0.3343558282208589,0.18444055944055945,-0.3985507246376812,0.11660561660561661,-0.4078762306610408,0.04044489383215369,0.1812121212121212,-0.18463611859838278,-0.41646090534979424,0.18757062146892656,0.646
0.6766766766766766,-0.3391642371234208,-0.19932574799831435,0.008149010477299186,0.6480263157894738,-0.14266117969821673,-0.5882022471910112,-0.4747899159663866,-0.8459441036128152,0.0,0.2675535846267554,-0.6763803680981595,0.465909090909091,-0.026915113871635612,-0.020146520146520148,-0.26652601969057665,-0.448938321536906,0.011515151515151515,-0.28706199460916443,-0.6567901234567901,0.6689265536723163,0.995
0.6776776776776777,-0.4742468415937804,-0.02612726506531816,0.12572759022118743,0.19243421052631582,0.6337448559670782,-0.748876404494382,-0.2647058823529412,-0.7511929107021131,0.0,-0.20768662232076868,0.14263803680981593,0.007867132867132868,-0.44824016563147,0.333943833943834,-0.28410689170182846,0.19514661274014156,0.43393939393939396,-0.28167115902964956,-0.24773662551440326,0.2271186440677966,0.393
0.6786786786786787,-0.16715257531584063,0.16308470290771174,0.4633294528521537,0.4523026315789474,0.26337448559670784,-0.5556179775280898,-0.08823529411764706,-0.6823449216087252,0.0,0.5535846267553585,-0.15950920245398773,0.5078671328671329,-0.10248447204968945,0.11294261294261294,-0.4191279887482419,-0.3063700707785642,0.29515151515151516,-0.013477088948787063,-0.2625514403292181,0.5785310734463277,1.047
0.6796796796796797,-0.6423712342079689,0.3109987357774968,0.25261932479627475,0.5674342105263157,0.32373113854595337,-0.4601123595505618,-0.5588235294117647,-0.5289706884798909,0.0,-0.13008130081300812,0.32975460122699385,0.16171328671328672,-0.37577639751552794,0.3803418803418804,-0.5035161744022504,-0.2204246713852376,0.6060606060606061,-0.04582210242587601,0.04773662551440329,0.41694915254237286,0.466
0.6806806806806807,-0.13313896987366378,-0.29793510324483774,0.47613504074505236,0.5016447368421053,0.3676268861454047,-0.8837078651685393,-0.1792717086834734,-0.958418541240627,0.0,0.25942350332594233,-0.5444785276073619,0.31730769230769235,-0.2277432712215321,-0.04273504273504274,-0.2630098452883263,0.10212335692618808,-0.024242424242424246,-0.3881401617250674,-0.8172839506172839,0.5005649717514125,0.58
0.6816816816816816,-0.6987366375121478,0.5440370838600926,0.5715948777648429,0.023026315789473686,0.3333333333333333,-0.44831460674157303,-0.4663865546218488,-0.5453306066803,0.0,0.2690317812269032,0.23466257668711654,0.3120629370629371,-0.40476190476190477,0.5274725274725275,-0.5703234880450071,-0.3346814964610718,0.6206060606060606,-0.23315363881401616,0.07160493827160493,0.48587570621468923,0.588
0.6826826826826827,-0.402332361516035,-0.1828908554572271,0.6041909196740396,0.3651315789473684,0.11111111111111112,-0.4601123595505618,-0.22549019607843138,-0.8043626448534423,0.0,0.60679970436068,-0.6273006134969324,0.7097902097902099,-0.36438923395445133,0.20268620268620272,-0.3663853727144867,-0.2416582406471183,0.25272727272727274,0.07951482479784366,-0.3654320987654321,0.21129943502824858,1.121
0.6836836836836837,-0.4110787172011662,0.35861778339654443,0.5110593713620489,0.19243421052631582,-0.06310013717421124,-0.6174157303370786,-0.5420168067226891,-0.661895023858214,0.0,0.36215816703621584,-0.26226993865030673,0.6818181818181819,-0.391304347826087,0.09035409035409035,-0.43319268635724334,-0.40950455005055614,0.10484848484848484,-0.21293800539083557,-0.2748971193415638,0.5299435028248587,1.197
0.6846846846846847,-0.2818270165208941,0.040876527602191313,0.37252619324796277,0.6134868421052632,0.34567901234567905,-0.5320224719101123,0.06722689075630253,-0.623721881390593,0.0,0.40133037694013307,0.009202453987730062,0.35489510489510495,-0.1977225672877847,0.22893772893772896,-0.3213783403656822,0.03842264914054601,0.33272727272727276,-0.568733153638814,-0.2205761316872428,0.17740112994350282,0.596
0.6856856856856857,-0.3712342079689019,0.1466498103666245,0.47147846332945287,0.19901315789473684,0.5500685871056242,-0.6994382022471911,-0.32212885154061627,-0.5732788002726652,0.0,0.10125646711012566,-0.08742331288343558,0.0847902097902098,-0.009316770186335404,0.09951159951159952,-0.31645569620253167,0.06976744186046513,0.16424242424242427,-0.8207547169811321,-0.39259259259259255,0.34915254237288135,0.618
0.6866866866866866,-0.3887269193391643,-0.22587442056468604,0.18277066356228172,0.4342105263157895,0.16049382716049385,-0.6674157303370786,-0.3669467787114846,-0.8800272665303339,0.0,0.3089430894308943,-0.5276073619631901,0.576923076923077,-0.061076604554865424,-0.07448107448107448,-0.22433192686357245,-0.16380182002022245,0.04424242424242424,-0.4622641509433963,-0.6329218106995884,0.19887005649717512,1.153
0.6876876876876877,-0.6258503401360545,0.5162241887905604,0.8719441210710128,-0.10690789473684212,0.49794238683127573,-0.23202247191011235,-0.32773109243697485,-0.5269256987048397,0.0,0.07095343680709534,-0.17024539877300612,0.13461538461538464,-0.5341614906832298,0.7374847374847375,-0.7939521800281294,-0.6774519716885744,0.750909090909091,0.7601078167115902,0.3300411522633745,0.56045197740113,0.789
0.6886886886886887,-0.2983479105928086,-0.29161399072903493,0.25960419091967407,0.22532894736842107,-0.09327846364883403,-0.7247191011235955,-0.5210084033613446,-0.8568507157464211,0.0,0.4929785661492979,-0.8634969325153373,0.6590909090909092,-0.08281573498964803,-0.0982905982905983,-0.3080168776371308,-0.24974721941354905,-0.09212121212121212,-0.3436657681940701,-0.7242798353909464,0.4723163841807909,1.496
0.6896896896896897,-0.4431486880466473,-0.2747576906868942,0.3923166472642608,0.23026315789473686,0.6652949245541838,-0.7617977528089888,-0.3081232492997199,-0.765507839127471,0.0,0.06651884700665188,-0.20552147239263804,0.07604895104895106,-0.2474120082815735,-0.018925518925518928,-0.20182841068917018,0.4256825075834176,-0.04363636363636363,-0.6024258760107817,-0.6444444444444444,0.1096045197740113,0.507
0.6906906906906907,-0.44995140913508264,-0.2907711757269279,0.16530849825378346,0.3815789473684211,0.49382716049382713,-0.752808988764045,-0.2829131652661065,-0.9004771642808452,0.0,0.14412416851441243,-0.26226993865030673,0.1791958041958042,-0.34161490683229817,0.0811965811965812,-0.3284106891701829,0.10212335692618808,0.19090909090909092,-0.27897574123989216,-0.502880658436214,0.13333333333333333,0.565
0.6916916916916916,-0.2759961127308066,-0.0632111251580278,0.1792782305005821,0.40789473684210525,-0.1358024691358025,-0.9612359550561798,-0.41876750700280113,-0.8745739604635309,0.0,0.344419807834442,-0.4279141104294479,0.6547202797202798,0.2639751552795031,-0.15689865689865692,0.07313642756680731,-0.20525783619818,-0.16484848484848488,-1.0,-0.8617283950617283,0.5186440677966102,1.189
0.6926926926926927,-1.0,0.30973451327433627,0.2828870779976717,0.10855263157894737,0.5775034293552812,-0.5241573033707866,-0.9341736694677872,-0.6993865030674846,0.0,-0.31929046563192903,0.13190184049079753,-0.027972027972027975,-0.20082815734989648,0.49145299145299154,-0.5843881856540084,-0.2851365015166835,0.5915151515151515,-0.060646900269541774,0.11604938271604937,0.5819209039548022,0.483
0.6936936936936937,-0.45189504373177847,-0.01264222503160556,0.2351571594877765,0.37335526315789475,0.46090534979423875,-0.7134831460674157,-0.18207282913165268,-0.7123381049761417,0.0,0.164079822616408,-0.15337423312883436,0.1966783216783217,-0.25983436853002073,0.1916971916971917,-0.3677918424753868,-0.06066734074823053,0.2872727272727273,-0.4501347708894879,-0.24855967078189298,0.43615819209039547,0.317
0.6946946946946947,-0.6890184645286687,0.34471133586177827,0.5471478463329452,-0.10032894736842106,0.37860082304526754,-0.30842696629213484,-0.39775910364145656,-0.661895023858214,0.0,0.34589800443458985,-0.052147239263803685,0.45279720279720287,-0.4979296066252588,0.4230769230769231,-0.6420534458509143,-0.4418604651162791,0.48000000000000004,0.12533692722371967,0.027160493827160494,0.4949152542372881,1.135
0.6956956956956957,-0.20699708454810498,-0.21238938053097342,0.5483119906868451,0.44078947368421056,0.29492455418381347,-0.5876404494382023,-0.08683473389355742,-0.7293796864349011,0.0,0.5772357723577236,-0.4279141104294479,0.4326923076923077,-0.4606625258799172,0.10439560439560441,-0.3706047819971871,0.1365015166835187,0.25636363636363635,-0.1738544474393531,-0.5259259259259259,0.30282485875706217,0.696
0.6966966966966966,-0.793974732750243,0.37126000842815,0.32945285215366704,-0.04276315789473684,0.6392318244170097,-0.4196629213483146,-0.29971988795518206,-0.7246080436264485,0.0,-0.16777531411677754,0.3312883435582822,-0.04632867132867133,-0.42546583850931674,0.5012210012210012,-0.5436005625879043,-0.10717896865520728,0.5581818181818182,-0.013477088948787063,0.1251028806584362,0.4779661016949152,0.3
0.6976976976976977,-0.19825072886297376,-0.1828908554572271,0.2770663562281723,0.4276315789473685,0.16872427983539096,-0.43764044943820224,-0.06442577030812326,-0.5875937286980232,0.0,0.30376940133037694,-0.4417177914110429,0.3461538461538462,-0.3509316770186336,0.09584859584859586,-0.3607594936708861,-0.09807886754297271,0.07272727272727272,-0.10646900269541779,-0.5835390946502057,0.27570621468926554,0.803
0.6986986986986987,-0.15937803692905736,-0.2005899705014749,0.06286379511059371,0.8519736842105263,-0.34567901234567905,-0.6269662921348315,-0.3585434173669468,-0.8507157464212678,0.0,0.3843311160384331,-0.6165644171779141,0.8041958041958043,-0.09213250517598344,-0.14652014652014653,-0.06821378340365683,-0.4368048533872599,-0.04787878787878788,-0.4110512129380054,-0.7999999999999999,0.40338983050847455,1.515
0.6996996996996997,-0.5918367346938775,0.3308048883270122,0.6135040745052387,0.25164473684210525,0.2318244170096022,-0.6314606741573034,-0.3613445378151261,-0.7096114519427402,0.0,0.7036215816703622,-0.4110429447852761,0.645979020979021,-0.2670807453416149,0.29914529914529914,-0.30239099859353025,-0.5025278058645096,0.4393939393939394,-0.3948787061994609,-0.24691358024691357,0.5141242937853108,1.243
0.7007007007007007,-0.3896987366375122,0.4037083860092709,0.49825378346915017,0.6134868421052632,-0.13717421124828533,-0.4567415730337078,-0.211484593837535,-0.5385139740967961,0.0,0.5528455284552846,-0.593558282208589,0.5935314685314687,-0.5144927536231885,0.3913308913308914,-0.46343178621659636,-0.673407482305359,0.39333333333333337,-0.026954177897574125,-0.18436213991769546,0.8757062146892656,1.083
0.7017017017017017,-0.6763848396501457,-0.008849557522123894,0.13154831199068684,0.40131578947368424,0.729766803840878,-0.6146067415730337,-0.39775910364145656,-0.6053169734151329,0.0,-0.22912047302291205,0.4233128834355828,-0.021853146853146856,-0.15734989648033126,0.26495726495726496,-0.37130801687763715,0.2901921132457027,0.5151515151515151,-0.3140161725067386,-0.11687242798353907,0.13333333333333333,0.074
0.7027027027027027,-0.06608357628765793,-0.16013485040033712,0.41559953434225844,0.2582236842105263,0.149519890260631,-0.6129213483146068,-0.06862745098039216,-0.7096114519427402,0.0,0.4301552106430155,-0.5736196319018405,0.24737762237762237,0.028985507246376812,0.052503052503052504,-0.21659634317862167,-0.11931243680485339,0.1181818181818182,-0.35983827493261455,-0.4814814814814814,0.2847457627118644,0.764
0.7037037037037037,-0.2886297376093295,0.0855457227138643,0.43655413271245636,0.59375,0.11111111111111112,-0.5634831460674157,-0.17366946778711484,-0.6169052488070893,0.0,0.31263858093126384,-0.558282208588957,0.4536713286713287,-0.25983436853002073,0.16910866910866915,-0.33122362869198313,-0.448938321536906,0.24787878787878787,-0.26819407008086255,-0.43703703703703706,0.4644067796610169,1.087
0.7047047047047047,-0.3080660835762877,0.06700379266750947,0.5180442374854483,0.555921052631579,0.07407407407407407,-0.6640449438202247,0.016806722689075633,-0.7832310838445807,0.0,0.574279379157428,-0.871165644171779,0.631993006993007,-0.19254658385093168,0.06410256410256411,-0.29324894514767935,-0.30434782608695654,0.11272727272727273,-0.559299191374663,-0.4995884773662551,0.6587570621468926,1.282
0.7057057057057057,-0.5733722060252673,0.3539823008849557,0.5750873108265425,0.21875000000000003,0.07270233196159122,-0.28314606741573034,-0.3823529411764706,-0.5896387184730743,0.0,0.1943828529194383,-0.3420245398773006,0.39860139860139865,-0.2867494824016564,0.41819291819291826,-0.519690576652602,-0.4974721941354904,0.48121212121212126,-0.009433962264150943,-0.09218106995884773,0.6689265536723163,1.03
0.7067067067067067,-0.7580174927113703,0.2115465655288664,0.6041909196740396,0.24835526315789475,0.4787379972565158,-0.6275280898876404,-0.47338935574229696,-0.7368779822767552,0.0,0.352549889135255,-0.2116564417177914,0.493006993006993,-0.3509316770186336,0.3907203907203908,-0.5344585091420535,-0.21739130434782608,0.5484848484848486,-0.15768194070080863,-0.08148148148148147,0.5807909604519774,0.918
0.7077077077077077,-0.6171039844509233,0.4761904761904761,0.44935972060535506,-0.049342105263157895,0.3141289437585734,-0.17640449438202246,-0.40756302521008403,-0.471029311520109,0.0,0.03917220990391722,0.06901840490797545,0.05681818181818182,-0.2867494824016564,0.5256410256410257,-0.630098452883263,-0.5025278058645096,0.6460606060606061,0.20485175202156333,0.151440329218107,0.5446327683615819,0.555
0.7087087087087087,-0.6112730806608359,0.24441635061104083,0.3189755529685681,-0.09375,0.6694101508916324,-0.4370786516853933,-0.3151260504201681,-0.5180640763462849,0.0,0.16260162601626016,-0.11503067484662576,0.16433566433566435,-0.3167701863354037,0.4670329670329671,-0.509142053445851,-0.22649140546006066,0.39151515151515154,-0.02021563342318059,-0.0551440329218107,0.511864406779661,0.807
0.7097097097097097,-0.3624878522837707,-0.225031605562579,0.2991850989522701,0.13980263157894737,0.5816186556927297,-0.599438202247191,-0.5910364145658263,-0.7314246762099522,0.0,-0.1359940872135994,-0.26380368098159507,0.015734265734265736,-0.2070393374741201,0.10195360195360197,-0.39099859353023914,0.13549039433771487,0.13515151515151516,-0.11455525606469004,-0.5012345679012346,0.38870056497175137,0.536
0.7107107107107107,-0.6666666666666667,0.22671723556679307,0.3084982537834692,0.5855263157894737,-0.03155006858710562,-0.5179775280898876,-0.5560224089635855,-0.6557600545330606,0.0,-0.0679970436067997,-0.34355828220858897,0.2867132867132868,-0.47412008281573503,0.2771672771672772,-0.5084388185654009,-0.34277047522750254,0.3787878787878788,-0.16711590296495957,-0.1588477366255144,0.6045197740112994,0.937
0.7117117117117117,-0.37609329446064144,-0.24441635061104083,0.0034924330616996507,0.6891447368421052,0.2729766803840878,-0.700561797752809,-0.2464985994397759,-0.7368779822767552,0.0,0.16999260901699928,-0.27300613496932513,0.39160839160839167,-0.08281573498964803,0.05128205128205129,-0.4113924050632911,-0.09302325581395349,0.22666666666666668,-0.11051212938005392,-0.5267489711934156,0.29152542372881357,0.812
0.7127127127127127,-0.4091350826044704,-0.15718499789296247,0.20954598370197905,0.27302631578947373,0.4156378600823045,-0.6342696629213483,-0.5280112044817927,-0.8009543285616905,0.0,-0.019216555801921654,-0.28527607361963186,0.2998251748251749,-0.3281573498964803,-0.006715506715506716,-0.3009845288326301,-0.028311425682507583,0.17454545454545453,-0.09973045822102425,-0.47736625514403286,0.34011299435028247,0.735
0.7137137137137137,-0.7269193391642372,0.372102823430257,0.6495925494761351,0.26151315789473684,0.16872427983539096,-0.3398876404494382,-0.7170868347338936,-0.5719154737559645,0.0,0.056171470805617144,-0.0352760736196319,0.388986013986014,-0.34472049689441,0.5085470085470085,-0.5977496483825598,-0.627906976744186,0.593939393939394,0.04177897574123989,-0.0345679012345679,0.4915254237288135,1.231
0.7147147147147147,-0.34402332361516036,0.1238938053097345,0.31315483119906873,0.518092105263158,0.1824417009602195,-0.2915730337078652,-0.41596638655462187,-0.5289706884798909,0.0,0.04878048780487805,-0.41411042944785276,0.1791958041958042,-0.5631469979296067,0.2417582417582418,-0.5203938115330521,-0.3185035389282103,0.4460606060606061,0.09568733153638813,-0.2584362139917695,0.34915254237288135,0.965
0.7157157157157157,-0.6608357628765793,0.10198061525495153,0.42607683352735737,0.21875000000000003,0.3113854595336077,-0.4584269662921348,-0.700280112044818,-0.7716428084526243,0.0,0.04138950480413895,0.25920245398773006,0.2412587412587413,-0.30952380952380953,0.18742368742368742,-0.4683544303797469,-0.12133468149646107,0.2733333333333334,-0.0862533692722372,-0.29547325102880656,0.2745762711864407,0.657
0.7167167167167167,-0.5714285714285714,0.4382638010956595,0.7683352735739232,0.06414473684210527,0.24142661179698216,-0.3646067415730337,-0.1596638655462185,-0.476482617586912,0.0,0.23725055432372508,-0.13957055214723926,0.3094405594405594,-0.3954451345755694,0.6727716727716728,-0.5921237693389593,-0.4994944388270981,0.7369696969696969,-0.05525606469002696,0.18847736625514402,0.1288135593220339,0.893
0.7177177177177178,-0.3867832847424685,0.08975979772439949,0.47729918509895225,0.19407894736842105,0.33058984910836764,-0.4960674157303371,-0.05182072829131652,-0.7109747784594409,0.0,0.2734663710273466,-0.11963190184049079,0.2036713286713287,-0.3944099378881988,0.28510378510378515,-0.4015471167369901,-0.10616784630940343,0.44242424242424244,-0.09029649595687332,-0.09382716049382715,0.2768361581920904,0.502
0.7187187187187187,-0.1379980563654033,-0.5195954487989887,0.28637951105937137,0.15460526315789475,0.45130315500685875,-0.8241573033707865,-0.046218487394957986,-0.9038854805725971,0.0,0.515890613451589,-0.29141104294478526,0.5681818181818182,-0.21325051759834368,-0.2490842490842491,-0.0639943741209564,0.5652173913043479,-0.0393939393939394,-0.6212938005390836,-0.8279835390946502,0.05423728813559322,0.526
0.7197197197197197,-0.2254616132167153,0.02612726506531816,0.38882421420256114,0.41940789473684215,0.33607681755829905,-0.4393258426966292,-0.3123249299719888,-0.5391956373551465,0.0,0.15373244641537323,0.11349693251533742,0.3006993006993007,-0.4565217391304348,0.026251526251526252,-0.4458509142053446,0.08796764408493427,0.18484848484848485,0.09838274932614555,-0.3325102880658436,0.31864406779661014,0.473
0.7207207207207207,-0.6015549076773568,0.09565950273914875,0.39580908032596046,0.1694078947368421,0.102880658436214,-0.800561797752809,-0.38655462184873957,-0.8616223585548739,0.0,0.4604582409460458,-0.32361963190184045,0.6031468531468531,-0.07556935817805382,0.1385836385836386,-0.19971870604781997,-0.13043478260869565,0.11575757575757577,-0.6765498652291105,-0.33662551440329214,0.44180790960451977,1.165
0.7217217217217218,-0.3459669582118562,0.10998735777496839,0.12456344586728754,0.2286184210526316,0.4718792866941015,-0.6269662921348315,-0.42436974789915966,-0.6462167689161553,0.0,-0.14708056171470807,-0.18711656441717792,-0.013111888111888112,-0.13457556935817805,0.10683760683760683,-0.32278481012658233,0.014155712841253791,0.21454545454545454,-0.477088948787062,-0.3242798353909465,0.6259887005649718,0.399
0.7227227227227228,-0.43634596695821193,0.17446270543615675,0.5238649592549476,0.026315789473684213,0.6200274348422496,-0.3213483146067415,-0.23109243697478993,-0.5139740967961827,0.0,0.15594974131559497,-0.0352760736196319,0.14423076923076925,-0.4130434782608696,0.35592185592185593,-0.4774964838255978,-0.08493427704752275,0.547878787878788,-0.1738544474393531,-0.06666666666666667,0.15254237288135594,0.561
0.7237237237237237,-0.5053449951409136,0.4584913611462284,0.5413271245634459,0.18585526315789475,0.4897119341563786,-0.32078651685393256,-0.15266106442577032,-0.3987730061349693,0.0,0.1352549889135255,-0.11963190184049079,-0.026223776223776224,-0.40476190476190477,0.5299145299145299,-0.679324894514768,-0.5985844287158746,0.6436363636363637,0.2668463611859838,0.10781893004115226,0.6180790960451977,0.699
0.7247247247247247,-0.522837706511176,-0.18752633796881582,0.35273573923166474,0.6134868421052632,0.34156378600823045,-0.6584269662921348,-0.4061624649859944,-0.7620995228357191,0.0,0.2099039172209904,-0.3558282208588957,0.2823426573426574,-0.28881987577639756,0.058608058608058615,-0.35724331926863573,0.08291203235591507,0.2278787878787879,-0.41509433962264153,-0.5506172839506173,0.30282485875706217,0.622
0.7257257257257257,-0.3090379008746356,0.24315212810788028,0.4959254947613504,0.14473684210526316,0.4787379972565158,-0.3556179775280899,0.1162464985994398,-0.5889570552147239,0.0,0.3022912047302291,-0.12576687116564417,0.20716783216783216,-0.3954451345755694,0.3998778998778999,-0.47327707454289736,-0.3063700707785642,0.42,-0.2412398921832884,-0.04773662551440329,0.27231638418079096,0.984
0.7267267267267268,-0.33333333333333337,-0.5158027812895069,0.13736903376018625,0.7384868421052632,0.037037037037037035,-0.7241573033707864,-0.6162464985994398,-0.9645535105657804,0.0,0.028085735402808572,-0.5230061349693251,0.39160839160839167,0.012422360248447206,-0.1800976800976801,-0.1279887482419128,0.11627906976744187,-0.06303030303030303,-0.5,-0.8460905349794239,0.2983050847457627,0.605
0.7277277277277278,-0.576287657920311,0.07585335018963336,0.42607683352735737,0.16447368421052633,0.3223593964334705,-0.4780898876404494,-0.26330532212885155,-0.7000681663258349,0.0,0.18403547671840356,0.10276073619631902,0.3942307692307693,-0.39026915113871635,0.3083028083028083,-0.5646976090014065,-0.3528816986855409,0.3515151515151515,0.06199460916442048,-0.22962962962962963,0.4011299435028248,0.899
0.7287287287287287,-0.5082604470359573,0.3126843657817109,0.45867287543655416,0.4588815789473685,0.17695473251028807,-0.597752808988764,-0.6064425770308124,-0.6141785957736878,0.0,0.3178122690317812,-0.4662576687116564,0.5568181818181819,-0.6552795031055901,0.2313797313797314,-0.38607594936708867,-0.23154701718907988,0.39818181818181825,-0.4501347708894879,-0.3448559670781893,0.4440677966101695,0.986
0.7297297297297297,-0.40524781341107874,0.03286978508217446,0.32945285215366704,0.24177631578947367,0.6488340192043895,-0.6073033707865169,-0.05322128851540616,-0.5582822085889569,0.0,-0.1958610495195861,0.7684049079754601,-0.3251748251748252,-0.5269151138716356,0.4047619047619048,-0.45428973277074547,0.45096056622851366,0.5472727272727274,-0.23045822102425878,-0.0625514403292181,-0.13333333333333333,-0.175
0.7307307307307307,-0.4470359572400389,0.14496418036241043,0.6961583236321304,0.34539473684210525,0.2647462277091907,-0.35280898876404493,-0.0014005602240896359,-0.4935241990456714,0.0,0.47597930524759796,-0.13650306748466257,0.4230769230769231,-0.39337474120082816,0.5140415140415141,-0.4620253164556962,-0.19211324570273003,0.7248484848484849,-0.01078167115902965,0.0024691358024691358,0.18192090395480226,0.928
0.7317317317317318,-0.4188532555879495,0.11420143278550358,0.6169965075669384,0.10526315789473685,0.5569272976680385,-0.347191011235955,-0.4831932773109244,-0.5071574642126789,0.0,0.22764227642276422,0.299079754601227,0.11363636363636365,-0.4306418219461698,0.4578754578754579,-0.5478199718706048,0.00910010111223458,0.6418181818181818,0.25336927223719674,0.018930041152263374,0.15480225988700566,0.452
0.7327327327327328,-0.4033041788143829,-0.23303834808259588,0.3352735739231665,0.08881578947368421,0.6282578875171468,-0.5106741573033708,-0.061624649859943974,-0.683708248125426,0.0,0.1574279379157428,-0.17638036809815952,0.12762237762237763,-0.386128364389234,0.2710622710622711,-0.5225035161744023,0.16885743174924167,0.35515151515151516,-0.060646900269541774,-0.20411522633744855,-0.020338983050847456,0.489
0.7337337337337337,-0.5082604470359573,0.3131057732827644,0.14668218859138535,0.5953947368421053,0.06584362139917696,-0.5061797752808989,-0.6288515406162466,-0.6462167689161553,0.0,0.014781966001478197,-0.3834355828220859,0.3251748251748252,-0.32401656314699795,0.29242979242979245,-0.46413502109704646,-0.40849342770475233,0.3351515151515152,-0.27628032345013476,-0.21316872427983538,0.6723163841807909,0.612
0.7347347347347347,-0.44800777453838686,0.26169405815423513,0.4738067520372526,0.32565789473684215,-0.054869684499314134,-0.501685393258427,-0.1358543417366947,-0.4744376278118609,0.0,0.6023651145602364,-0.15030674846625766,0.6520979020979022,-0.15942028985507248,0.402930402930403,-0.40576652601969054,-0.6006066734074823,0.4133333333333334,-0.25067385444743934,-0.2617283950617284,0.44180790960451977,1.221
0.7357357357357357,-0.28960155490767736,0.08133164770332911,0.10011641443538999,0.4276315789473685,0.4046639231824417,-0.4960674157303371,-0.19887955182072828,-0.5582822085889569,0.0,0.05469327420546932,0.3374233128834356,0.11276223776223777,-0.40165631469979296,0.25824175824175827,-0.39592123769338955,0.012133468149646108,0.4478787878787879,-0.0013477088948787063,-0.1728395061728395,0.28926553672316385,0.248
0.7367367367367368,-0.34402332361516036,0.046776232616940576,0.3387660069848661,0.19243421052631582,0.6241426611796983,-0.6196629213483146,-0.21288515406162464,-0.7014314928425357,0.0,-0.0376940133037694,-0.28374233128834353,-0.008741258741258742,-0.5031055900621118,0.3284493284493285,-0.4817158931082982,-0.05864509605662285,0.4393939393939394,-0.14690026954177898,-0.23292181069958845,0.5062146892655367,0.584
0.7377377377377378,-0.5753158406219631,0.28697850821744625,0.239813736903376,0.3980263157894737,-0.1385459533607682,-0.23595505617977527,-0.3781512605042017,-0.5378323108384458,0.0,0.2535107169253511,-0.15797546012269936,0.42482517482517484,-0.1915113871635611,0.4114774114774115,-0.5597749648382561,-0.6380182002022244,0.4757575757575758,0.261455525606469,0.037037037037037035,0.46892655367231634,0.806
0.7387387387387387,-0.512147716229349,-0.05857564264643911,0.3224679860302678,0.5608552631578948,0.27983539094650206,-0.48258426966292134,-0.5798319327731093,-0.6816632583503749,0.0,-0.07243163340724317,-0.24386503067484663,0.13286713286713286,-0.35610766045548653,0.3601953601953602,-0.5175808720112518,-0.25884732052578363,0.3696969696969697,0.14420485175202155,-0.26666666666666666,0.3016949152542373,0.552
0.7397397397397397,-0.44606413994169103,-0.18836915297092288,0.0710128055878929,0.6858552631578947,0.3196159122085048,-0.551123595505618,-0.4327731092436975,-0.8432174505794138,0.0,-0.011086474501108647,-0.46319018404907975,0.27622377622377625,-0.4710144927536232,0.005494505494505494,-0.39592123769338955,-0.016177957532861477,0.16242424242424244,0.013477088948787063,-0.5127572016460905,0.3536723163841808,0.587
0.7407407407407407,-0.4888241010689991,-0.04972608512431521,0.30034924330616997,0.5411184210526316,0.1083676268861454,-0.5797752808988764,-0.4173669467787115,-0.7416496250852079,0.0,0.34959349593495936,-0.08895705521472393,0.4965034965034965,-0.2287784679089027,0.20329670329670332,-0.2869198312236287,-0.1870576339737108,0.35515151515151516,-0.42587601078167114,-0.3119341563786008,0.27005649717514124,1.081
0.7417417417417418,-0.04956268221574344,-0.3459755583649388,0.370197904540163,0.2648026315789474,0.7736625514403291,-0.8573033707865169,0.11764705882352942,-0.7286980231765507,0.0,0.47671840354767187,-0.33588957055214724,0.3557692307692308,-0.2287784679089027,0.017094017094017096,-0.09212376933895922,0.5460060667340748,0.28484848484848485,-0.6725067385444744,-0.6452674897119342,0.14689265536723164,0.534
0.7427427427427428,-0.4101068999028183,-0.08975979772439949,0.3271245634458673,0.42927631578947373,0.24554183813443073,-0.848314606741573,-0.5056022408963585,-0.9100204498977504,0.0,0.04065040650406504,-0.3328220858895705,0.19755244755244758,-0.18944099378881987,-0.0518925518925519,-0.24753867791842477,0.15470171890798787,0.023636363636363636,-0.3935309973045822,-0.6888888888888888,0.511864406779661,0.451
0.7437437437437437,-0.5937803692905734,0.04551201011378002,0.44586728754365546,0.15789473684210528,0.3484224965706447,-0.5342696629213483,-0.6820728291316527,-0.6653033401499658,0.0,0.003695491500369549,-0.37423312883435583,0.38199300699300703,-0.27122153209109734,0.2557997557997558,-0.5787623066104078,-0.17290192113245703,0.24000000000000002,-0.08221024258760108,-0.20658436213991768,0.5209039548022599,0.841
0.7447447447447447,-0.5908649173955297,0.24568057311420138,0.47147846332945287,0.10197368421052631,0.6351165980795611,-0.4842696629213483,-0.33753501400560226,-0.5126107702794819,0.0,0.03991130820399113,0.2331288343558282,0.19842657342657344,-0.3695652173913043,0.4255189255189255,-0.5562587904360057,-0.15470171890798787,0.5024242424242424,0.09703504043126684,-0.04773662551440329,0.2598870056497175,0.589
0.7457457457457457,-0.3391642371234208,-0.19932574799831435,0.21420256111757857,0.4210526315789474,-0.053497942386831275,-0.40112359550561794,0.0014005602240896359,-0.6598500340831629,0.0,0.5195861049519586,-0.7453987730061349,0.6756993006993007,-0.4182194616977226,0.10256410256410257,-0.37904360056258796,-0.2861476238624873,0.14363636363636365,-0.1765498652291105,-0.4979423868312757,0.21581920903954802,1.248
0.7467467467467468,-0.402332361516035,0.7606405394016013,0.7986030267753202,-0.03947368421052632,-0.2908093278463649,-0.30280898876404494,-0.016806722689075633,-0.5337423312883436,0.0,0.8322246858832224,0.09202453987730061,0.6660839160839161,-0.2204968944099379,0.6526251526251526,-0.4240506329113924,-0.8372093023255813,0.5696969696969697,0.1280323450134771,0.09547325102880658,0.9322033898305084,1.148
0.7477477477477478,-0.31389698736637517,-0.5111672987779182,0.0710128055878929,0.53125,0.6598079561042524,-0.647191011235955,-0.09943977591036414,-0.7034764826175869,0.0,0.0672579453067258,0.32361963190184045,-0.1118881118881119,-0.47412008281573503,-0.006715506715506716,-0.36849507735583686,0.8321536905965622,0.30242424242424243,-0.11859838274932614,-0.4987654320987654,-0.2022598870056497,-0.272
0.7487487487487487,-0.4995140913508261,-0.0033712600084281497,0.5715948777648429,0.08881578947368421,0.6570644718792867,-0.40561797752808987,-0.1750700280112045,-0.6012269938650306,0.0,0.056910569105691054,-0.18251533742331286,0.07604895104895106,-0.44306418219461696,0.4474969474969475,-0.5569620253164558,-0.1890798786653185,0.6096969696969697,0.18059299191374664,-0.08148148148148147,0.36271186440677966,0.686
0.7497497497497497,-0.46841593780369295,0.16308470290771174,0.320139697322468,-0.06743421052631579,0.35116598079561046,-0.12752808988764044,0.06722689075630253,-0.40558963871847303,0.0,0.08943089430894309,0.3450920245398773,0.1424825174825175,-0.5258799171842651,0.5384615384615385,-0.6687763713080169,-0.13245702730030334,0.5751515151515152,0.5256064690026955,0.07818930041152262,0.15028248587570622,0.454
0.7507507507507507,-0.533527696793003,0.4205646860514117,0.9324796274738069,0.31085526315789475,0.09876543209876543,-0.35280898876404493,-0.23389355742296922,-0.46625766871165647,0.0,0.49076127124907615,-0.25920245398773006,0.40209790209790214,-0.35714285714285715,0.5152625152625153,-0.5485232067510549,-0.5409504550050557,0.49696969696969695,0.16037735849056603,-0.06090534979423868,0.45310734463276836,1.033
0.7517517517517518,-0.33041788143828965,0.12684365781710913,0.08731082654249127,0.375,0.12757201646090535,-0.7039325842696629,-0.1862745098039216,-0.6993865030674846,0.0,0.344419807834442,-0.6303680981595091,0.5463286713286714,-0.17494824016563149,0.03296703296703297,-0.3157524613220816,-0.5783619817997977,0.12787878787878787,-0.6873315363881402,-0.5950617283950617,0.5322033898305084,1.272
0.7527527527527528,-0.35082604470359574,-0.1104087652760219,0.1059371362048894,0.4095394736842105,0.1467764060356653,-0.6780898876404494,-0.5574229691876751,-0.6959781867757326,0.0,0.20399113082039913,-0.4539877300613497,0.4641608391608392,-0.19047619047619047,0.035409035409035415,-0.17862165963431786,-0.1051567239635996,0.09272727272727273,-0.6455525606469003,-0.6592592592592592,0.3581920903954802,1.149
0.7537537537537538,-0.4557823129251701,-0.11293721028234302,0.30966239813736907,0.15789473684210528,0.5528120713305898,-0.6146067415730337,-0.22128851540616248,-0.6639400136332652,0.0,0.11382113821138211,-0.4355828220858895,0.04982517482517483,-0.6708074534161491,0.21733821733821734,-0.5203938115330521,0.2204246713852376,0.4587878787878788,-0.013477088948787063,-0.22304526748971193,0.4214689265536723,0.542
0.7547547547547547,-0.695821185617104,0.46017699115044247,0.5576251455180442,0.3470394736842105,-0.299039780521262,-0.42191011235955056,-0.3235294117647059,-0.6843899113837764,0.0,0.5454545454545454,0.04447852760736196,0.7797202797202798,-0.08178053830227744,0.41880341880341887,-0.5344585091420535,-0.6825075834175935,0.31878787878787884,-0.02425876010781671,-0.17613168724279835,0.8282485875706215,1.148
0.7557557557557557,-0.5063168124392615,0.5103244837758112,0.5611175785797439,-0.13651315789473686,0.4993141289437586,-0.31067415730337083,-0.3025210084033614,-0.4321745057941377,0.0,0.06577974870657798,0.10429447852760737,0.1223776223776224,-0.634575569358178,0.5170940170940171,-0.7102672292545711,-0.4448938321536906,0.556969696969697,0.20485175202156333,0.21728395061728395,0.4677966101694915,1.009
0.7567567567567568,-0.8367346938775511,0.5849136114622839,0.5250291036088475,0.07236842105263158,0.43621399176954734,-0.398876404494382,-0.5840336134453782,-0.5494205862304021,0.0,0.08573540280857354,0.05981595092024539,0.14510489510489513,-0.5186335403726708,0.554945054945055,-0.6125175808720112,-0.5096056622851365,0.6321212121212121,-0.11455525606469004,0.242798353909465,0.5864406779661017,0.784
0.7577577577577578,-0.315840621963071,0.13358617783396542,0.4423748544819558,0.47697368421052627,-0.06310013717421124,-0.2612359550561798,-0.23529411764705885,-0.5364689843217451,0.0,0.3436807095343681,-0.4355828220858895,0.5856643356643357,-0.12318840579710144,0.25213675213675213,-0.42545710267229253,-0.506572295247725,0.31939393939393945,0.12264150943396226,-0.1596707818930041,0.5175141242937853,1.112
0.7587587587587588,-0.5451895043731779,0.09397387273493467,0.23748544819557624,0.2779605263157895,0.51440329218107,-0.5797752808988764,-0.3319327731092437,-0.6094069529652352,0.0,-0.06134515890613452,-0.13190184049079753,0.2097902097902098,-0.6314699792960663,0.27411477411477414,-0.4978902953586498,-0.015166835187057633,0.38787878787878793,0.06334231805929919,-0.17201646090534978,0.46892655367231634,0.478
0.7597597597597597,-0.6511175898931002,0.35524652338811624,0.5133876600698487,0.055921052631578955,0.29492455418381347,-0.45,-0.3445378151260504,-0.48398091342876615,0.0,0.23059866962305986,-0.10276073619631902,0.27272727272727276,-0.31573498964803315,0.5476190476190477,-0.5414908579465542,-0.4125379170879676,0.5018181818181818,-0.05525606469002696,-0.033744855967078186,0.4327683615819209,0.75
0.7607607607607607,-0.4101068999028183,0.09481668773704172,0.590221187427241,0.008223684210526315,0.5679012345679012,-0.6825842696629214,-0.05042016806722689,-0.6203135650988412,0.0,0.4641537324464154,0.04141104294478527,0.16520979020979024,-0.3426501035196688,0.31135531135531136,-0.32208157524613223,0.13751263902932256,0.4551515151515152,-0.37331536388140163,-0.29547325102880656,0.11977401129943502,0.615
0.7617617617617618,-0.36637512147716234,0.27939317319848295,0.2828870779976717,0.24671052631578946,0.34705075445816186,-0.4685393258426966,-0.1330532212885154,-0.5766871165644172,0.0,-0.1263858093126386,-0.05828220858895705,0.16520979020979024,-0.37267080745341613,0.4261294261294261,-0.6329113924050633,-0.38422649140546006,0.5090909090909091,0.09029649595687332,-0.009876543209876543,0.4440677966101695,0.627
0.7627627627627628,-0.5461613216715259,0.18794774546986934,0.5285215366705471,0.3470394736842105,0.24417009602194786,-0.5730337078651685,-0.09943977591036414,-0.7900477164280845,0.0,0.2512934220251294,0.09049079754601226,0.33041958041958047,-0.489648033126294,0.34554334554334554,-0.5379746835443038,-0.16784630940343784,0.3896969696969697,-0.215633423180593,-0.13662551440329218,0.43954802259887005,0.449
0.7637637637637638,-0.16715257531584063,-0.2701222081753055,0.380675203725262,0.7845394736842105,0.46639231824417016,-0.597191011235955,-0.20168067226890757,-0.8418541240627131,0.0,0.41167775314116783,-0.5122699386503068,0.506993006993007,-0.20082815734989648,-0.06410256410256411,-0.3143459915611815,0.09807886754297271,0.07454545454545455,-0.2560646900269542,-0.7588477366255144,0.423728813559322,0.666
0.7647647647647647,-0.49757045675413025,0.005056890012642225,0.5192083818393481,0.24671052631578946,0.46639231824417016,-0.33202247191011236,-0.21988795518207285,-0.6114519427402862,0.0,0.14042867701404288,-0.03374233128834356,0.2666083916083916,-0.5631469979296067,0.43772893772893773,-0.5175808720112518,-0.044489383215369056,0.5987878787878789,0.3665768194070081,-0.0411522633744856,0.15254237288135594,0.715
0.7657657657657657,-0.631681243926142,0.2005899705014749,0.3934807916181607,0.20888157894736842,0.6378600823045268,-0.39999999999999997,-0.21288515406162464,-0.5937286980231765,0.0,0.005912786400591279,-0.03987730061349693,0.06643356643356643,-0.5859213250517598,0.5140415140415141,-0.6575246132208158,-0.1577350859453994,0.5933333333333334,0.28167115902964956,0.13580246913580246,0.41129943502824856,0.585
0.7667667667667668,-0.4101068999028183,0.03919089759797724,0.3608847497089639,0.09868421052631579,-0.019204389574759947,-0.4404494382022472,-0.2142857142857143,-0.7000681663258349,0.0,0.36215816703621584,-0.7868098159509203,0.48776223776223787,-0.4710144927536232,0.20329670329670332,-0.3628691983122363,-0.3741152679474216,0.2272727272727273,-0.3167115902964959,-0.43292181069958846,0.41468926553672314,1.232
0.7677677677677678,-0.2186588921282799,-0.37505267593763164,0.09778812572759023,0.5230263157894737,0.3676268861454047,-0.6573033707865168,-0.011204481792717087,-0.7102931152010906,0.0,0.3880266075388027,-0.018404907975460124,0.25961538461538464,-0.032091097308488616,-0.0879120879120879,-0.18565400843881857,0.1314459049544995,0.07515151515151515,-0.40566037735849053,-0.6880658436213991,-0.07457627118644068,0.667
0.7687687687687688,-0.5276967930029155,-0.07964601769911504,0.15250291036088476,0.013157894736842106,0.19341563786008228,-0.5887640449438203,-0.2296918767507003,-0.7021131561008861,0.0,0.09386548410938655,0.05368098159509203,0.2543706293706294,-0.07867494824016563,0.1452991452991453,-0.20675105485232068,-0.005055611729019211,0.2781818181818182,-0.3247978436657682,-0.38436213991769547,0.21242937853107344,0.546
0.7697697697697697,-0.3401360544217687,0.0450906026127265,0.3911525029103609,0.41776315789473684,0.13717421124828533,-0.45449438202247194,0.14285714285714285,-0.6121336059986366,0.0,0.8728750923872876,-0.5858895705521472,0.6346153846153847,-0.2225672877846791,0.3266178266178267,-0.4078762306610408,-0.474216380182002,0.39818181818181825,-0.45956873315363883,-0.42633744855967076,0.327683615819209,1.349
0.7707707707707707,-0.26336248785228383,0.00632111251580278,0.38649592549476136,0.07730263157894737,0.42935528120713307,-0.552247191011236,-0.0070028011204481795,-0.6639400136332652,0.0,0.2579453067257945,0.348159509202454,0.13636363636363638,-0.35196687370600416,0.16483516483516486,-0.3902953586497891,0.2972699696663296,0.2206060606060606,-0.14150943396226415,-0.3720164609053498,0.23389830508474574,0.126
0.7717717717717718,-0.2701652089407192,0.13611462284028655,0.5739231664726426,0.5098684210526316,0.1550068587105624,-0.501123595505618,-0.37394957983193283,-0.5528289025221541,0.0,0.29711751662971175,-0.49693251533742333,0.3575174825174825,-0.09213250517598344,0.23076923076923078,-0.31012658227848106,-0.33367037411526795,0.2927272727272727,-0.12264150943396226,-0.36707818930041153,0.4497175141242938,0.943
0.7727727727727728,-0.4256559766763849,0.0383480825958702,0.4342258440046566,0.15953947368421054,0.3155006858710563,-0.451685393258427,-0.3543417366946779,-0.569188820722563,0.0,0.15447154471544716,-0.12883435582822086,0.2027972027972028,-0.40165631469979296,0.3650793650793651,-0.5351617440225035,-0.18604651162790697,0.3781818181818182,0.14016172506738545,-0.06008230452674897,0.3073446327683616,0.654
0.7737737737737738,-0.7142857142857143,0.32574799831436996,0.3189755529685681,0.3881578947368421,0.1467764060356653,-0.6308988764044944,-0.44677871148459386,-0.6448534423994546,0.0,0.07021433850702144,-0.3282208588957055,0.416958041958042,-0.14389233954451347,0.27350427350427353,-0.43248945147679324,-0.5267947421638018,0.3472727272727273,-0.238544474393531,-0.3111111111111111,0.6689265536723163,0.993
0.7747747747747747,-0.5704567541302236,0.32532659081331644,0.6973224679860303,-0.2631578947368421,0.2647462277091907,-0.3921348314606741,-0.24789915966386555,-0.4907975460122699,0.0,0.20473022912047303,0.06595092024539877,0.3933566433566434,-0.6004140786749482,0.5537240537240538,-0.7320675105485231,-0.40546006066734075,0.603030303030303,0.47843665768194066,0.14403292181069957,0.2994350282485876,0.952
0.7757757757757757,-0.2837706511175899,-0.043826380109565945,0.30034924330616997,0.65625,0.2112482853223594,-0.6455056179775281,-0.4341736694677871,-0.7811860940695295,0.0,0.12121212121212122,-0.2883435582822086,0.2631118881118881,-0.13043478260869565,0.028693528693528696,-0.39943741209563993,-0.19615773508594542,0.12787878787878787,-0.09973045822102425,-0.4008230452674897,0.6644067796610169,0.447
0.7767767767767768,-0.5937803692905734,0.06868942267172355,0.679860302677532,-0.3092105263157895,0.6831275720164609,-0.09157303370786517,-0.28991596638655465,-0.5044308111792773,0.0,0.08351810790835182,-0.006134969325153374,0.1826923076923077,-0.6045548654244306,0.5299145299145299,-0.8354430379746836,-0.2032355915065723,0.6896969696969697,0.7237196765498652,0.21810699588477367,0.22372881355932203,0.856
0.7777777777777778,-0.2293488824101069,-0.10071639275179096,0.18859138533178116,-0.03125,0.3168724279835391,-0.4786516853932584,0.22829131652661067,-0.6284935241990457,0.0,0.532150776053215,-0.06441717791411043,0.5708041958041958,-0.30952380952380953,0.12454212454212454,-0.3980309423347398,-0.1870576339737108,0.17212121212121212,0.02830188679245283,-0.41646090534979424,0.43163841807909603,0.816
0.7787787787787788,-0.47133138969873667,0.047619047619047616,0.5273573923166472,0.2680921052631579,0.3772290809327847,-0.49550561797752807,-0.2913165266106443,-0.6448534423994546,0.0,0.18107908351810792,-0.2883435582822086,0.3557692307692308,-0.1956521739130435,0.3083028083028083,-0.4078762306610408,-0.2204246713852376,0.3896969696969697,-0.13881401617250674,-0.2633744855967078,0.46892655367231634,0.764
0.7797797797797797,-0.44800777453838686,0.1866835229667088,0.5320139697322468,0.06578947368421052,0.3703703703703704,-0.4151685393258427,-0.17787114845938376,-0.5330606680299932,0.0,0.2719881744271988,0.17484662576687116,0.3706293706293706,-0.33436853002070394,0.4145299145299146,-0.5478199718706048,-0.27502527805864513,0.5248484848484849,0.2560646900269542,-0.05102880658436214,0.4440677966101695,0.76
0.7807807807807807,-0.4003887269193392,-0.030341340075853346,0.32596041909196743,0.6825657894736842,0.18381344307270234,-0.5269662921348314,-0.3991596638655462,-0.6148602590320381,0.0,0.11382113821138211,-0.401840490797546,0.3723776223776224,-0.005175983436853002,0.11355311355311357,-0.3066104078762307,-0.1698685540950455,0.2066666666666667,-0.39218328840970346,-0.4032921810699588,0.42033898305084744,0.667
0.7817817817817818,-0.5510204081632653,0.3758954909397387,0.3853317811408615,0.11513157894736843,0.39917695473251025,-0.4157303370786517,-0.06722689075630253,-0.61826857532379,0.0,0.18403547671840356,0.04447852760736196,0.07954545454545454,-0.4451345755693582,0.5103785103785103,-0.5991561181434599,-0.4024266936299292,0.5272727272727273,0.29514824797843664,0.14814814814814814,0.5242937853107345,0.62
0.7827827827827828,-0.3770651117589894,-0.20185419300463545,0.0849825378346915,0.368421052631579,0.32510288065843623,-0.5691011235955056,-0.26330532212885155,-0.6428084526244034,0.0,0.16703621581670364,-0.14570552147239263,0.3286713286713287,-0.15631469979296067,0.014041514041514042,-0.3466947960618847,0.05864509605662285,0.06909090909090909,-0.41509433962264153,-0.6181069958847736,0.25084745762711863,0.286
0.7837837837837838,-0.6219630709426629,0.16940581542351454,0.21653084982537835,0.6957236842105263,0.35116598079561046,-0.6971910112359551,-0.49719887955182074,-0.7539195637355147,0.0,-0.016260162601626015,0.04447852760736196,0.13111888111888112,-0.1915113871635611,0.3076923076923077,-0.39521800281293956,-0.12133468149646107,0.43454545454545457,-0.5296495956873316,-0.1810699588477366,0.5276836158192091,0.667
0.7847847847847848,-0.512147716229349,0.03497682258744206,0.3469150174621653,0.5049342105263158,0.4636488340192044,-0.5157303370786517,-0.16526610644257703,-0.7116564417177914,0.0,0.30081300813008127,0.2116564417177914,0.25961538461538464,-0.38198757763975155,0.2557997557997558,-0.4381153305203938,-0.03437815975733064,0.4157575757575758,-0.2398921832884097,-0.18189300411522633,0.24293785310734461,0.657
0.7857857857857858,-0.6239067055393587,0.029498525073746312,0.1583236321303842,0.5773026315789473,0.0205761316872428,-0.5426966292134832,-1.0,-0.6939331970006817,0.0,-0.11899482631189949,-0.35736196319018404,0.2805944055944056,-0.08385093167701864,0.20695970695970697,-0.3670886075949367,-0.28210313447927204,0.33818181818181825,-0.30727762803234504,-0.29135802469135796,0.3254237288135593,1.145
0.7867867867867868,-0.358600583090379,0.021070375052675935,0.3224679860302678,-0.008223684210526315,0.40877914951989025,-0.6196629213483146,-0.427170868347339,-0.6230402181322426,0.0,-0.0029563932002956393,-0.47852760736196315,0.2333916083916084,-0.38095238095238093,0.22222222222222224,-0.39170182841068923,-0.3569261880687563,0.36424242424242426,-0.2830188679245283,-0.28888888888888886,0.41694915254237286,1.041
0.7877877877877878,-0.5976676384839651,0.16350611040876525,0.24330616996507567,0.07894736842105264,0.10425240054869685,-0.48651685393258426,-0.6596638655462185,-0.5255623721881391,0.0,-0.07095343680709534,-0.651840490797546,0.5122377622377623,-0.1956521739130435,0.23321123321123322,-0.38607594936708867,-0.5298281092012134,0.2509090909090909,-0.2991913746630728,-0.24526748971193413,0.40564971751412426,1.376
0.7887887887887888,-0.35665694849368323,0.32869785082174463,0.6332945285215368,0.09375,-0.010973936899862827,-0.18202247191011237,-0.11344537815126052,-0.5173824130879345,0.0,0.4700665188470067,-0.26380368098159507,0.4344405594405595,-0.4886128364389234,0.3772893772893773,-0.6490857946554149,-0.5975733063700708,0.4406060606060606,0.38140161725067384,-0.1037037037037037,0.6485875706214689,1.011
0.7897897897897898,-0.7162293488824102,0.04593341761483354,0.6216530849825379,0.2105263157894737,-0.015089163237311385,-0.5657303370786516,-0.2717086834733894,-0.6918882072256304,0.0,0.37250554323725055,-0.4279141104294479,0.4711538461538462,-0.2339544513457557,0.3772893772893773,-0.4381153305203938,-0.3083923154701719,0.3503030303030303,-0.398921832884097,-0.23045267489711935,0.16271186440677965,1.07
0.7907907907907908,-0.26919339164237127,-0.0029498525073746312,0.14318975552968569,0.669407894736842,-0.015089163237311385,-0.45898876404494376,-0.24089635854341737,-0.6646216768916154,0.0,0.14042867701404288,-0.07822085889570551,0.26223776223776224,-0.3778467908902692,0.13614163614163616,-0.4936708860759494,-0.2345803842264914,0.18484848484848485,0.13477088948787064,-0.44279835390946504,0.2903954802259887,0.636
0.7917917917917918,-0.5393586005830905,0.16097766540244415,0.35273573923166474,0.2565789473684211,0.36899862825788754,-0.34662921348314607,-0.41596638655462187,-0.5841854124062713,0.0,-0.05469327420546932,0.5138036809815951,0.05594405594405595,-0.5683229813664596,0.4444444444444445,-0.6638537271448663,0.03842264914054601,0.5072727272727273,0.20619946091644203,0.13333333333333333,0.2632768361581921,0.149
0.7927927927927928,-0.7113702623906706,0.017699115044247787,0.15948777648428406,0.125,0.5953360768175583,-0.5702247191011235,-0.49019607843137253,-0.7314246762099522,0.0,-0.1736881005173688,0.19478527607361962,0.05332167832167833,-0.35507246376811596,0.36446886446886445,-0.5597749648382561,-0.08190091001011122,0.4636363636363637,-0.16172506738544473,-0.14814814814814814,0.10847457627118644,0.545
0.7937937937937938,-0.09329446064139943,-0.4517488411293721,0.16414435389988358,0.28125000000000006,0.49382716049382713,-0.6780898876404494,0.0742296918767507,-0.7177914110429447,0.0,0.23651145602365115,-0.15797546012269936,0.10052447552447553,-0.2536231884057971,-0.08608058608058608,-0.22714486638537273,0.4974721941354904,-0.049696969696969705,-0.40161725067385445,-0.6477366255144033,-0.09378531073446328,0.296
0.7947947947947948,-0.5840621963070943,0.4310998735777496,0.6984866123399301,0.07401315789473684,-0.009602194787379973,-0.2803370786516854,-0.09803921568627452,-0.4648943421949557,0.0,0.5698447893569845,-0.08282208588957055,0.5865384615384617,-0.34161490683229817,0.6373626373626374,-0.6033755274261604,-0.6440849342770475,0.6181818181818183,0.22776280323450138,0.2567901234567901,0.39435028248587567,1.327
0.7957957957957958,-0.39455782312925175,0.0383480825958702,0.13736903376018625,0.22532894736842107,0.056241426611796985,-0.45224719101123595,0.1358543417366947,-0.6666666666666666,0.0,0.49741315594974134,-0.5444785276073619,0.5690559440559442,-0.032091097308488616,0.14774114774114774,-0.3832630098452884,-0.4287158746208291,0.15939393939393942,-0.41778975741239893,-0.29135802469135796,0.4248587570621469,1.348
0.7967967967967968,-0.7045675413022352,0.5208596713021492,0.4563445867287544,0.01973684210526316,0.6694101508916324,-0.5882022471910112,-0.2324929971988796,-0.6148602590320381,0.0,0.04951958610495196,0.39723926380368096,-0.1284965034965035,-0.33229813664596275,0.601953601953602,-0.5210970464135021,-0.04954499494438827,0.6648484848484849,-0.4946091644204852,0.097119341563786,0.5615819209039548,0.319
0.7977977977977978,-0.5451895043731779,0.17783396544458488,0.45867287543655416,0.5148026315789473,0.07407407407407407,-0.6769662921348315,-0.1834733893557423,-0.7811860940695295,0.0,0.43902439024390244,-0.3067484662576687,0.5874125874125875,0.005175983436853002,0.19841269841269843,-0.38537271448663857,-0.4216380182002022,0.15454545454545457,-0.4743935309973046,-0.4691358024691357,0.5231638418079096,0.994
0.7987987987987988,-0.5257531584062197,0.14622840286557098,0.5308498253783469,0.287828947368421,0.24828532235939643,-0.36797752808988765,-0.3949579831932773,-0.6503067484662576,0.0,0.2261640798226164,-0.4294478527607362,0.45629370629370636,-0.7287784679089027,0.2515262515262515,-0.5007032348804501,-0.2062689585439838,0.2896969696969697,-0.016172506738544475,-0.21893004115226336,0.2519774011299435,0.77
0.7997997997997998,-0.49757045675413025,-0.061525495153813725,0.26426076833527357,0.46052631578947373,0.39643347050754457,-0.7044943820224719,-0.5294117647058824,-0.8050443081117927,0.0,0.08130081300813008,-0.4110429447852761,0.3933566433566434,-0.4409937888198758,0.20818070818070822,-0.3762306610407877,-0.003033367037411527,0.2642424242424243,-0.47304582210242585,-0.34320987654320984,0.2745762711864407,0.821
0.8008008008008008,-0.7006802721088435,0.39401601348504,0.6519208381839349,0.19078947368421054,0.6351165980795611,-0.5337078651685393,-0.3431372549019608,-0.5903203817314246,0.0,0.17664449371766444,0.03374233128834356,0.3085664335664336,-0.13561076604554867,0.44261294261294265,-0.4444444444444445,-0.5318503538928211,0.5436363636363637,-0.0660377358490566,0.015637860082304524,0.6451977401129942,0.842
0.8018018018018018,-0.3712342079689019,-0.16308470290771174,0.1280558789289872,0.31414473684210525,0.4334705075445816,-0.5730337078651685,-0.2072829131652661,-0.7307430129516019,0.0,0.36659275683665926,-0.9003067484662576,0.4160839160839161,0.07867494824016563,-0.015262515262515264,-0.18143459915611815,-0.15369059656218403,0.007272727272727274,-0.5269541778975741,-0.4880658436213991,0.29717514124293787,1.06
0.8028028028028028,-0.4888241010689991,-0.20606826801517064,0.5250291036088475,0.38980263157894735,0.053497942386831275,-0.5528089887640449,-0.011204481792717087,-0.8370824812542603,0.0,0.6134515890613451,-0.6472392638036809,0.5314685314685315,-0.23706004140786752,0.026862026862026864,-0.25738396624472576,0.06976744186046513,-0.06727272727272728,-0.47843665768194066,-0.6823045267489711,0.15254237288135594,1.048
0.8038038038038038,-0.39455782312925175,0.35946059839865147,0.5087310826542492,0.45394736842105265,0.31275720164609055,-0.5679775280898876,-0.17366946778711484,-0.6244035446489434,0.0,0.022912047302291204,0.02760736196319018,0.2893356643356644,-0.33540372670807456,0.31013431013431014,-0.4184247538677918,-0.39332659251769464,0.4296969696969697,-0.3140161725067386,-0.09958847736625513,0.42824858757062145,0.931
0.8048048048048048,-0.10592808551992226,-0.44247787610619466,0.23050058207217697,0.5460526315789475,0.3950617283950617,-0.7117977528089887,0.03781512605042017,-0.8759372869802317,0.0,0.5521064301552107,-0.3420245398773006,0.6127622377622378,-0.3892339544513458,-0.09035409035409035,-0.17158931082981715,0.34277047522750254,0.08121212121212122,-0.2601078167115903,-0.6641975308641975,0.14463276836158193,0.542
0.8058058058058059,-0.2944606413994169,-0.010535187526337968,0.44586728754365546,0.31414473684210525,0.36625514403292186,-0.40730337078651685,-0.33473389355742295,-0.5276073619631901,0.0,0.28011825572801186,-0.6503067484662576,0.4160839160839161,-0.2453416149068323,0.08974358974358974,-0.33122362869198313,-0.34782608695652173,0.1806060606060606,-0.10646900269541779,-0.4106995884773662,0.3536723163841808,1.202
0.8068068068068068,-0.1467444120505345,-0.2246101980615255,0.23864959254947612,0.43585526315789475,0.30315500685871055,-0.5168539325842697,0.07282913165266107,-0.7034764826175869,0.0,0.3311160384331116,-0.3113496932515338,0.28321678321678323,0.016563146997929608,0.054334554334554336,-0.28973277074542897,0.0020222446916076846,0.11151515151515153,-0.29110512129380056,-0.5917695473251028,0.4542372881355932,0.544
0.8078078078078078,-0.44995140913508264,-0.032448377581120944,0.26542491268917345,0.0625,0.2551440329218107,-0.4280898876404494,-0.08403361344537816,-0.6319018404907976,0.0,0.39911308203991136,-0.2898773006134969,0.5236013986013986,-0.494824016563147,0.3614163614163614,-0.5907172995780591,-0.32457027300303337,0.41090909090909095,0.11185983827493262,-0.1868312757201646,0.46553672316384176,0.867
0.8088088088088088,-0.9037900874635569,0.5781710914454278,0.6565774155995343,-0.23355263157894735,0.2400548696844993,-0.3764044943820225,-0.4747899159663866,-0.6121336059986366,0.0,0.10051736881005174,0.2714723926380368,0.1695804195804196,-0.7805383022774327,0.7899877899877901,-0.779887482419128,-0.45500505561172905,0.6466666666666667,0.23450134770889486,0.33744855967078186,0.5005649717514125,0.711
0.8098098098098098,-0.946550048590865,0.5233881163084703,0.3480791618160652,0.0805921052631579,0.1851851851851852,-0.3853932584269663,-0.6330532212885155,-0.5446489434219496,0.0,-0.2254249815225425,0.19631901840490798,0.03671328671328672,-0.4109730848861284,0.4761904761904762,-0.6751054852320675,-0.6632962588473206,0.5496969696969698,-0.025606469002695417,0.12181069958847736,0.5514124293785311,0.704
0.8108108108108109,-0.20602526724975706,-0.2094395280235988,0.3329452852153667,0.6858552631578947,-0.03155006858710562,-0.5286516853932584,0.014005602240896359,-0.794819359236537,0.0,0.5070214338507022,-0.2116564417177914,0.5122377622377623,-0.13561076604554867,0.07631257631257632,-0.22925457102672295,-0.16582406471183014,0.13151515151515153,-0.3113207547169812,-0.6123456790123456,0.06214689265536723,1.056
0.8118118118118118,-0.5199222546161323,0.09102402022756004,0.40395809080325956,0.18585526315789475,0.2702331961591221,-0.5252808988764045,-0.2535014005602241,-0.6707566462167689,0.0,0.2106430155210643,-0.17177914110429449,0.3103146853146853,-0.453416149068323,0.2808302808302809,-0.5780590717299579,-0.16885743174924167,0.3242424242424243,-0.09433962264150944,-0.2008230452674897,0.3423728813559322,0.714
0.8128128128128128,-0.326530612244898,-0.06194690265486725,0.24330616996507567,0.29276315789473684,0.050754458161865565,-0.4651685393258427,-0.16106442577030813,-0.7150647580095432,0.0,0.3481152993348115,-0.44478527607361956,0.31293706293706297,-0.07971014492753624,0.16971916971916975,-0.36427566807313644,-0.36501516683518703,0.23393939393939395,-0.060646900269541774,-0.3893004115226337,0.6259887005649718,1.009
0.8138138138138138,-0.7920310981535471,0.5769068689422672,0.7648428405122235,0.30756578947368424,0.04938271604938271,-0.4297752808988764,-0.45098039215686275,-0.6141785957736878,0.0,0.20694752402069477,-0.4248466257668712,0.2840909090909091,-0.489648033126294,0.575091575091575,-0.7229254571026723,-0.7745197168857432,0.5721212121212121,-0.04582210242587601,0.16296296296296295,0.5084745762711864,1.232
0.8148148148148148,-0.42274052478134116,-0.4938895912347239,0.13736903376018625,0.3667763157894737,0.5253772290809328,-0.6028089887640449,-0.6666666666666666,-0.8214042263122018,0.0,-0.1869918699186992,-0.046012269938650305,-0.06643356643356643,-0.23602484472049692,-0.0811965811965812,-0.2890295358649789,0.5288169868554096,0.19090909090909092,-0.238544474393531,-0.5893004115226337,0.1231638418079096,0.159
0.8158158158158159,-0.2108843537414966,-0.3261694058154235,0.2479627473806752,0.4457236842105264,0.3278463648834019,-0.602247191011236,-0.365546218487395,-0.7341513292433537,0.0,0.20620842572062087,-0.12730061349693253,0.25611888111888115,-0.21325051759834368,0.028083028083028084,-0.19620253164556964,0.3235591506572295,0.1812121212121212,-0.4299191374663073,-0.5522633744855967,0.023728813559322035,0.356
0.8168168168168168,0.11078717201166183,-0.47113358617783396,0.1583236321303842,0.6151315789473685,0.2757201646090535,-0.7140449438202247,0.41596638655462187,-0.825494205862304,0.0,0.6031042128603104,0.052147239263803685,0.4187062937062937,-0.051759834368530024,-0.2490842490842491,-0.003516174402250352,0.41860465116279066,-0.09393939393939395,-0.5983827493261455,-0.8962962962962963,0.005649717514124294,0.45
0.8178178178178178,-0.3459669582118562,-0.18162663295406656,0.20256111757857972,0.4819078947368421,0.49382716049382713,-0.499438202247191,-0.16806722689075632,-0.6768916155419222,0.0,-0.04286770140428677,0.22239263803680978,-0.032342657342657344,-0.5031055900621118,0.31318681318681324,-0.4247538677918425,0.34479271991911026,0.46666666666666673,0.15633423180592992,-0.20823045267489712,0.14350282485875707,0.058
0.8188188188188188,-0.8396501457725948,0.531394858828487,0.5983701979045402,0.15953947368421054,0.1851851851851852,-0.16235955056179774,-0.7969187675070027,-0.47716428084526236,0.0,-0.10864745011086474,-0.34662576687116564,0.1118881118881119,-0.2929606625258799,0.5683760683760685,-0.6884669479606189,-0.7623862487360971,0.52,0.26549865229110514,0.21646090534979423,0.7593220338983051,1.148
0.8198198198198198,-0.25947521865889217,-0.4694479561736199,-0.119906868451688,0.34210526315789475,0.5582990397805212,-0.7426966292134831,-0.4397759103641457,-0.7627811860940695,0.0,-0.12047302291204731,0.18865030674846625,0.14772727272727276,-0.12215320910973085,-0.15995115995115997,-0.24120956399437415,0.552072800808898,0.028484848484848488,-0.4797843665768194,-0.7234567901234568,-0.01694915254237288,-0.028
0.8208208208208209,-0.3799805636540331,-0.1369574378423936,0.23282887077997674,0.3717105263157895,0.6460905349794238,-0.503370786516854,-0.40476190476190477,-0.6169052488070893,0.0,-0.1492978566149298,0.28680981595092025,0.07080419580419581,-0.2919254658385093,0.1452991452991453,-0.2180028129395218,0.3528816986855409,0.3145454545454546,-0.40970350404312667,-0.3786008230452675,0.0903954802259887,0.078
0.8218218218218218,-0.14480077745383868,-0.27307206068268014,0.5133876600698487,0.48026315789473684,0.401920438957476,-0.7348314606741573,-0.02380952380952381,-0.7750511247443762,0.0,0.3865484109386549,-0.2116564417177914,0.26136363636363635,-0.2049689440993789,0.09096459096459096,-0.36849507735583686,0.05864509605662285,0.2363636363636364,-0.07681940700808626,-0.5127572016460905,0.15028248587570622,0.578
0.8228228228228228,-0.47521865889212833,-0.10029498525073745,-0.08149010477299186,-0.055921052631578955,0.038408779149519894,-0.7820224719101123,-0.7941176470588235,-0.8636673483299249,0.0,-0.23577235772357724,-0.6134969325153374,0.36013986013986016,-0.07763975155279502,-0.020146520146520148,-0.2039381153305204,-0.2841253791708797,-0.08545454545454545,-0.6846361185983828,-0.631275720164609,0.5672316384180791,1.013
0.8238238238238238,-0.6822157434402333,0.26717235566793085,0.359720605355064,0.24013157894736842,0.04526748971193416,-0.6415730337078651,-0.2927170868347339,-0.7409679618268574,0.0,0.18181818181818182,-0.24079754601226994,0.20804195804195805,-0.40476190476190477,0.23015873015873017,-0.34810126582278483,-0.16885743174924167,0.18484848484848485,-0.4487870619946092,-0.2987654320987654,0.5853107344632769,0.484
0.8248248248248248,-0.4859086491739553,-0.053940160134850396,0.3795110593713621,0.649671052631579,0.16323731138545952,-0.5539325842696629,-0.4285714285714286,-0.7314246762099522,0.0,0.17960088691796008,-0.4355828220858895,0.3715034965034965,-0.4089026915113872,0.06776556776556777,-0.31645569620253167,-0.13549039433771487,0.16606060606060608,-0.2695417789757413,-0.4534979423868313,0.31186440677966104,0.646
0.8258258258258259,-0.6005830903790088,0.017699115044247787,0.23282887077997674,-0.03618421052631579,0.7709190672153636,-0.2797752808988764,-0.4593837535014006,-0.6721199727334696,0.0,0.11160384331116038,0.25306748466257667,0.07255244755244757,-0.36542443064182195,0.2490842490842491,-0.4964838255977497,-0.0859453993933266,0.3963636363636364,0.284366576819407,-0.058436213991769535,0.15254237288135594,0.638
0.8268268268268268,-0.5432458697764821,-0.1104087652760219,0.3550640279394645,0.052631578947368425,0.6364883401920439,-0.5168539325842697,-0.48179271708683474,-0.7573278800272665,0.0,-0.1662971175166297,0.018404907975460124,-0.11625874125874128,-0.6832298136645963,0.31501831501831506,-0.4971870604781997,0.31648129423660265,0.34787878787878784,-0.06334231805929919,-0.26008230452674896,0.08135593220338982,-0.104
0.8278278278278278,-0.27696793002915454,-0.2987779182469448,0.2735739231664726,0.4588815789473685,0.3525377229080933,-0.5213483146067416,-0.1162464985994398,-0.7409679618268574,0.0,0.4567627494456763,-0.3650306748466257,0.5472027972027973,-0.28260869565217395,0.07264957264957266,-0.44655414908579466,-0.17593528816986853,0.2587878787878788,0.2587601078167116,-0.41316872427983536,0.29152542372881357,0.862
0.8288288288288288,-0.14188532555879496,-0.0766961651917404,0.3387660069848661,0.06743421052631579,0.37311385459533614,-0.5123595505617977,0.0028011204481792717,-0.6734832992501704,0.0,0.3895048041389505,-0.4417177914110429,0.41083916083916083,-0.42857142857142855,0.2368742368742369,-0.41068917018284107,-0.07583417593528817,0.376969696969697,-0.068733153638814,-0.3053497942386831,0.24971751412429377,0.744
0.8298298298298298,-0.60932944606414,0.4205646860514117,0.6623981373690337,0.24835526315789475,-0.053497942386831275,-0.2044943820224719,-0.42997198879551823,-0.5405589638718473,0.0,0.19216555801921656,-0.21779141104294475,0.29020979020979026,-0.38509316770186336,0.6172161172161172,-0.6940928270042195,-0.7290192113245703,0.6272727272727272,0.38140161725067384,0.1596707818930041,0.5446327683615819,1.099
0.8308308308308309,-0.7133138969873665,0.21070375052675935,0.5308498253783469,0.4917763157894737,0.27434842249657065,-0.397191011235955,-0.45658263305322133,-0.5814587593728697,0.0,0.15964523281596452,-0.10429447852760737,0.3391608391608392,-0.5010351966873706,0.47069597069597074,-0.4908579465541491,-0.3852376137512639,0.4878787878787879,0.05390835579514825,-0.0625514403292181,0.384180790960452,0.707
0.8318318318318318,-0.2847424684159378,0.2890855457227139,0.5948777648428405,0.5049342105263158,0.06721536351165981,-0.45898876404494376,-0.08683473389355742,-0.5569188820722563,0.0,0.48484848484848486,-0.04294478527607362,0.5026223776223776,-0.2536231884057971,0.15140415140415142,-0.38818565400843885,-0.41456016177957533,0.27636363636363637,-0.18463611859838278,-0.37037037037037035,0.3988700564971751,0.76
0.8328328328328328,-0.35374149659863946,0.20859671302149177,0.239813736903376,0.10032894736842106,0.5624142661179699,-0.7820224719101123,0.057422969187675074,-0.67280163599182,0.0,0.43902439024390244,-0.14570552147239263,0.24213286713286716,-0.35507246376811596,0.26373626373626374,-0.23628691983122366,-0.13346814964610718,0.3345454545454546,-0.9568733153638813,-0.2781893004115226,0.2192090395480226,0.716
0.8338338338338338,-0.29543245869776485,0.3430257058575642,0.20838183934807916,0.05921052631578947,0.2606310013717421,-0.41685393258426967,0.06722689075630253,-0.4860259032038173,0.0,0.23798965262379898,-0.0015337423312883436,0.21765734265734268,-0.2453416149068323,0.29365079365079366,-0.49859353023909986,-0.44590495449949447,0.40787878787878795,-0.029649595687331536,0.04938271604938271,0.4757062146892655,0.741
0.8348348348348348,-0.5510204081632653,0.2713864306784661,0.3341094295692666,0.287828947368421,0.2661179698216735,-0.5601123595505618,-0.41876750700280113,-0.5848670756646216,0.0,-0.03399852180339985,0.1411042944785276,0.1555944055944056,-0.6418219461697723,0.29914529914529914,-0.5464135021097046,-0.1243680485338726,0.46181818181818185,-0.1091644204851752,-0.09135802469135802,0.43389830508474575,0.305
0.8358358358358359,-0.5063168124392615,0.02570585756426464,0.5797438882421421,-0.08388157894736842,0.36625514403292186,-0.45393258426966293,-0.1092436974789916,-0.5671438309475119,0.0,0.2261640798226164,0.07208588957055215,0.32255244755244755,-0.4968944099378882,0.38400488400488403,-0.6469760900140648,-0.18604651162790697,0.47212121212121216,0.3221024258760108,-0.1316872427983539,0.18870056497175142,0.777
0.8368368368368369,-0.5034013605442177,-0.12473662031184153,-0.048894062863795114,0.2105263157894737,0.5857338820301783,-0.7724719101123595,-0.022408963585434174,-0.7668711656441717,0.0,-0.14486326681448633,0.1625766871165644,-0.07954545454545454,-0.2432712215320911,0.2075702075702076,-0.3178621659634318,0.2295247724974722,0.34060606060606063,-0.34905660377358494,-0.3530864197530864,0.29152542372881357,0.34
0.8378378378378378,-0.5383867832847425,-0.027391487568478718,0.49243306169965073,0.08388157894736842,0.38683127572016457,-0.46629213483146065,-0.3179271708683474,-0.5903203817314246,0.0,0.12416851441241686,-0.2331288343558282,0.26136363636363635,-0.4358178053830228,0.36996336996337,-0.46905766526019693,-0.06572295247724975,0.49333333333333335,-0.01752021563342318,-0.09465020576131687,-0.011299435028248588,0.78
0.8388388388388388,-0.6083576287657921,0.5014749262536873,0.6379511059371362,-0.09046052631578948,0.34156378600823045,-0.3539325842696629,-0.2605042016806723,-0.5828220858895705,0.0,0.026607538802660754,0.19325153374233128,0.25611888111888115,-0.3074534161490683,0.5866910866910867,-0.5365682137834037,-0.468149646107179,0.5412121212121213,-0.05121293800539083,0.09300411522633745,0.5943502824858757,0.749
0.8398398398398398,-0.4101068999028183,-0.05436156763590391,0.3061699650756694,0.3092105263157895,0.11659807956104254,-0.38707865168539324,-0.29831932773109243,-0.6550783912747102,0.0,0.14412416851441243,-0.19478527607361962,0.22639860139860143,-0.386128364389234,0.31074481074481075,-0.6469760900140648,-0.14155712841253792,0.3145454545454546,0.3167115902964959,-0.1382716049382716,0.2768361581920904,0.689
0.8408408408408409,-0.34985422740524785,0.17235566793088913,0.7287543655413271,0.5822368421052632,-0.27983539094650206,-0.2792134831460674,-0.28711484593837533,-0.5930470347648261,0.0,0.7006651884700665,-0.8312883435582822,0.7517482517482518,-0.26293995859213254,0.23870573870573872,-0.42545710267229253,-0.7684529828109201,0.2787878787878788,0.04716981132075472,-0.30781893004115224,0.3163841807909605,1.291
0.8418418418418419,-0.6190476190476191,0.0471976401179941,0.23632130384167638,0.48355263157894735,0.21810699588477367,-0.7601123595505618,-0.4635854341736695,-0.7989093387866393,0.0,0.2113821138211382,-0.44631901840490795,0.4344405594405595,-0.3115942028985507,0.18253968253968256,-0.33473980309423346,-0.12841253791708798,0.26303030303030306,-0.47574123989218325,-0.3333333333333333,0.25536723163841807,0.843
0.8428428428428428,-0.7385811467444121,0.4981036662452591,0.6018626309662398,0.1513157894736842,0.01783264746227709,-0.40168539325842695,-0.4439775910364146,-0.4444444444444444,0.0,0.393939393939394,-0.05521472392638036,0.44318181818181823,-0.32091097308488614,0.5299145299145299,-0.5478199718706048,-0.6370070778564206,0.5466666666666667,-0.22641509433962265,0.0625514403292181,0.592090395480226,0.941
0.8438438438438438,-0.5860058309037901,0.3459755583649388,0.479627473806752,-0.1611842105263158,0.6831275720164609,-0.3157303370786517,-0.35294117647058826,-0.4792092706203135,0.0,-0.23503325942350334,0.2116564417177914,-0.13986013986013987,-0.6873706004140787,0.5995115995115995,-0.7362869198312236,-0.1749241658240647,0.7254545454545456,0.3557951482479785,0.14814814814814814,0.3581920903954802,0.438
0.8448448448448449,-0.6413994169096211,-0.22545301306363252,0.2619324796274738,-0.044407894736842105,0.6008230452674898,-0.5752808988764045,-0.7128851540616247,-0.758009543285617,0.0,-0.1958610495195861,-0.1687116564417178,-0.1547202797202797,-0.5248447204968945,0.3388278388278389,-0.4092827004219409,0.19514661274014156,0.4351515151515152,-0.15633423180592992,-0.2839506172839506,0.023728813559322035,0.368
0.8458458458458459,-0.4101068999028183,0.058997050147492625,0.46798603026775326,0.2532894736842105,0.021947873799725653,-0.26235955056179777,-0.11904761904761905,-0.6366734832992502,0.0,0.47745750184774577,-0.4217791411042945,0.41083916083916083,-0.48757763975155277,0.2826617826617827,-0.5175808720112518,-0.3660262891809909,0.28484848484848485,0.3221024258760108,-0.2691358024691358,0.5966101694915255,0.788
0.8468468468468469,-0.3100097181729835,0.02359882005899705,0.30034924330616997,0.4786184210526316,0.36351165980795613,-0.49775280898876406,0.056022408963585436,-0.6503067484662576,0.0,0.2638580931263858,0.026073619631901843,0.131993006993007,-0.2122153209109731,0.13003663003663005,-0.2890295358649789,0.0262891809908999,0.27090909090909093,-0.3167115902964959,-0.4049382716049382,0.1807909604519774,0.593
0.8478478478478478,-0.5364431486880468,-0.010956595027391486,0.4575087310826543,-0.2631578947368421,0.5843621399176955,-0.42865168539325843,-0.14285714285714285,-0.5773687798227675,0.0,0.3222468588322247,-0.05368098159509203,0.1424825174825175,-0.4109730848861284,0.452991452991453,-0.5414908579465542,0.07077856420626896,0.7272727272727273,0.20619946091644203,0.2016460905349794,0.0,0.584
0.8488488488488488,-0.2944606413994169,-0.32321955330804886,0.2584400465657742,0.787828947368421,0.51440329218107,-0.9730337078651685,-0.1512605042016807,-0.8943421949556919,0.0,0.13821138211382114,-0.49846625766871167,0.14510489510489513,-0.030020703933747415,-0.12332112332112334,-0.01828410689170183,0.391304347826087,-0.01818181818181818,-0.8760107816711591,-0.7423868312757201,0.45649717514124294,0.277
0.8498498498498499,-0.3401360544217687,-0.030762747576906863,0.16065192083818394,0.3799342105263158,0.6803840877914952,-0.6370786516853932,-0.38655462184873957,-0.7539195637355147,0.0,0.030303030303030304,-0.08742331288343558,-0.006993006993006994,-0.2867494824016564,0.1807081807081807,-0.36849507735583686,0.004044489383215369,0.25636363636363635,-0.15363881401617252,-0.3909465020576131,0.4644067796610169,0.484
0.8508508508508509,-0.3887269193391643,0.00632111251580278,0.18626309662398138,0.5115131578947368,0.2962962962962963,-0.6584269662921348,-0.061624649859943974,-0.7266530334014997,0.0,0.3680709534368071,-0.25306748466257667,0.4895104895104896,-0.13871635610766048,0.24114774114774118,-0.3213783403656822,-0.1820020222446916,0.30424242424242426,-0.2398921832884097,-0.3061728395061728,0.5977401129943503,1.074
0.8518518518518519,-0.4373177842565598,-0.04972608512431521,0.25960419091967407,0.5460526315789475,0.6488340192043895,-0.7196629213483146,-0.26890756302521013,-0.7225630538513974,0.0,-0.03473762010347376,0.2331288343558282,-0.040209790209790215,-0.21118012422360247,0.09035409035409035,-0.38115330520393814,0.24266936299292213,0.27575757575757576,-0.3706199460916442,-0.32510288065843623,0.11299435028248588,0.112
0.8528528528528528,-0.6064139941690962,0.4635482511588706,0.7357392316647264,-0.6101973684210527,0.5061728395061729,-0.30168539325842697,-0.09243697478991597,-0.4560327198364008,0.0,0.3946784922394679,0.23926380368098157,0.2744755244755245,-0.5289855072463768,0.7277167277167277,-0.7032348804500703,-0.4246713852376137,0.6157575757575758,0.2776280323450135,0.13662551440329218,0.4813559322033898,0.937
0.8538538538538538,-0.8999028182701653,0.6877370417193425,0.5797438882421421,-0.09703947368421052,0.20713305898491083,-0.4264044943820225,-0.6708683473389356,-0.6107702794819359,0.0,-0.18107908351810792,-0.24233128834355827,0.11101398601398603,-0.36542443064182195,0.7356532356532357,-0.8565400843881856,-0.7765419615773509,0.6787878787878789,0.3477088948787062,0.38271604938271603,0.9163841807909605,0.911
0.8548548548548549,-0.20602526724975706,-0.21028234302570584,0.13038416763678698,0.5427631578947368,0.21947873799725653,-0.6286516853932584,-0.33753501400560226,-0.7675528289025221,0.0,0.13303769401330376,-0.4156441717791411,0.36713286713286714,-0.38509316770186336,-0.05067155067155068,-0.33755274261603374,-0.019211324570273004,0.04848484848484849,-0.14285714285714285,-0.5761316872427983,0.2790960451977401,0.786
0.8558558558558559,-0.14285714285714285,-0.15044247787610618,0.23282887077997674,0.6957236842105263,0.36213991769547327,-0.4786516853932584,0.2619047619047619,-0.5678254942058623,0.0,0.24981522542498155,0.02760736196319018,0.16433566433566435,-0.55175983436853,0.0927960927960928,-0.5239099859353024,0.28816986855409504,0.2957575757575758,-0.19137466307277626,-0.43950617283950616,0.03954802259887006,0.273
0.8568568568568569,-0.3624878522837707,-0.4433206911083017,0.20139697322467984,0.10032894736842106,0.6694101508916324,-0.3376404494382022,-0.015406162464985993,-0.7014314928425357,0.0,-0.03917220990391722,0.07515337423312883,-0.12412587412587413,-0.5817805383022775,0.2869352869352869,-0.69971870604782,0.30030333670374115,0.43696969696969695,0.6900269541778976,-0.06090534979423868,-0.04858757062146892,0.238
0.8578578578578578,-0.4645286686103013,0.01601348504003371,0.4412107101280559,0.1513157894736842,0.43895747599451307,-0.47134831460674154,-0.16946778711484595,-0.7246080436264485,0.0,0.3540280857354028,-0.09662576687116564,0.17132867132867136,-0.3995859213250518,0.3058608058608059,-0.43248945147679324,0.003033367037411527,0.4484848484848485,0.025606469002695417,-0.23950617283950615,0.38305084745762713,0.645
0.8588588588588588,-0.43343051506316815,-0.4319426885798566,0.10942956926658906,0.3404605263157895,0.41838134430727025,-0.7780898876404494,-0.5644257703081234,-0.8820722563053851,0.0,0.1293422025129342,-0.3312883435582822,0.21503496503496505,0.022774327122153208,-0.13736263736263737,-0.053445850914205346,0.25783619817997977,-0.029090909090909094,-0.7776280323450134,-0.8748971193415637,0.30282485875706217,0.616
0.8598598598598599,-0.5539358600583091,0.032448377581120944,0.27823050058207216,0.7648026315789475,0.019204389574759947,-0.4617977528089887,-0.22268907563025211,-0.6789366053169734,0.0,0.29563932002956395,-0.0705521472392638,0.36276223776223776,-0.6687370600414079,0.2802197802197802,-0.43741209563994377,-0.03943377148634985,0.3272727272727273,-0.17789757412398924,-0.27325102880658436,0.17966101694915254,0.677
0.8608608608608609,-0.27988338192419826,0.06068268015170669,0.4749708963911525,0.24177631578947367,0.23319615912208508,-0.3449438202247191,-0.32773109243697485,-0.44717109747784595,0.0,0.3488543976348854,0.023006134969325152,0.25524475524475526,-0.2981366459627329,0.2796092796092796,-0.4050632911392405,-0.27502527805864513,0.41212121212121217,-0.0660377358490566,-0.3333333333333333,0.06440677966101695,0.766
0.8618618618618619,-0.28960155490767736,-0.29161399072903493,0.0710128055878929,0.36019736842105265,0.42935528120713307,-0.6219101123595505,-0.5182072829131653,-0.7300613496932514,0.0,-0.03399852180339985,-0.07208588957055215,0.1730769230769231,-0.27743271221532095,0.07387057387057387,-0.20956399437412096,0.37714863498483314,0.19333333333333336,-0.559299191374663,-0.5604938271604938,-0.12090395480225988,0.344
0.8628628628628628,-0.5733722060252673,0.13906447534766117,0.3364377182770663,0.19243421052631582,0.29766803840877915,-0.6297752808988764,-0.41596638655462187,-0.6605316973415133,0.0,0.030303030303030304,0.04447852760736196,0.2342657342657343,-0.33436853002070394,0.33272283272283276,-0.3558368495077356,-0.17593528816986853,0.44727272727272727,-0.3908355795148248,-0.19094650205761315,0.4045197740112994,0.737
0.8638638638638638,-0.24975704567541304,-0.2996207332490518,0.3795110593713621,0.3470394736842105,0.7325102880658437,-0.400561797752809,0.10224089635854341,-0.6448534423994546,0.0,0.3843311160384331,0.007668711656441718,0.13723776223776224,-0.598343685300207,0.2704517704517705,-0.5260196905766527,0.32153690596562184,0.43393939393939396,0.261455525606469,-0.3300411522633745,0.01694915254237288,0.097
0.8648648648648649,-0.13022351797862003,0.090181205225453,0.7124563445867288,0.2565789473684211,0.3676268861454047,-0.49382022471910114,-0.13865546218487396,-0.48329925017041575,0.0,0.48041389504804144,0.01380368098159509,0.3452797202797203,-0.33022774327122156,0.19230769230769232,-0.4345991561181435,-0.032355915065722954,0.29393939393939394,-0.08490566037735849,-0.4008230452674897,0.41694915254237286,0.477
0.8658658658658659,-0.24684159378036932,-0.1799410029498525,0.3457508731082654,0.2055921052631579,0.08779149519890261,-0.5376404494382022,-0.2829131652661065,-0.7062031356509884,0.0,0.3311160384331116,-0.35736196319018404,0.5402097902097902,-0.26604554865424435,0.07142857142857144,-0.3431786216596343,-0.11627906976744187,0.03878787878787879,-0.18598382749326148,-0.6329218106995884,0.28361581920903955,0.804
0.8668668668668669,-0.370262390670554,-0.10493046776232616,0.5436554132712457,0.462171052631579,0.448559670781893,-0.5567415730337079,-0.31092436974789917,-0.6666666666666666,0.0,0.2734663710273466,-0.22546012269938648,0.2674825174825175,-0.3830227743271222,0.1752136752136752,-0.4317862165963432,-0.055611729019211326,0.3890909090909091,0.008086253369272238,-0.2905349794238683,0.17853107344632768,0.77
0.8678678678678678,-0.6015549076773568,0.3244837758112094,0.4528521536670547,0.3717105263157895,0.06310013717421124,-0.3185393258426966,-0.0742296918767507,-0.6612133605998636,0.0,0.3207686622320769,-0.1058282208588957,0.39772727272727276,-0.1946169772256729,0.33211233211233215,-0.5506329113924051,-0.6309403437815976,0.37272727272727274,-0.08894878706199462,-0.0823045267489712,0.5751412429378531,0.977
0.8688688688688688,-0.4859086491739553,-0.12094395280235987,0.6926658905704307,0.15789473684210528,-0.012345679012345678,-0.42752808988764046,-0.48039215686274517,-0.7355146557600545,0.0,0.5824094604582409,-0.6978527607361963,0.7115384615384616,-0.11801242236024846,0.2875457875457875,-0.3185654008438819,-0.4368048533872599,0.39757575757575764,-0.013477088948787063,-0.4609053497942387,0.319774011299435,1.547
0.8698698698698699,-0.3731778425655977,0.3185840707964602,0.6169965075669384,0.12664473684210525,0.6035665294924555,-0.3876404494382022,0.08543417366946779,-0.5535105657805044,0.0,0.20399113082039913,0.25,0.1258741258741259,-0.34161490683229817,0.4358974358974359,-0.6673699015471167,-0.22851365015166836,0.5321212121212121,0.17924528301886794,-0.024691358024691357,0.37740112994350283,0.364
0.8708708708708709,-0.4761904761904762,0.19469026548672566,0.1420256111757858,0.3223684210526316,0.5925925925925926,-0.44382022471910115,-0.5294117647058824,-0.569188820722563,0.0,-0.3207686622320769,-0.11349693251533742,-0.04370629370629371,-0.4906832298136646,0.30402930402930406,-0.6265822784810127,-0.25682507583417596,0.4151515151515152,0.09433962264150944,-0.16954732510288065,0.45649717514124294,0.531
0.8718718718718719,-0.2973760932944607,0.05267593763168984,0.20256111757857972,0.37828947368421056,0.38408779149519895,-0.6730337078651685,-0.2829131652661065,-0.758009543285617,0.0,0.05395417590539542,-0.26993865030674846,0.21416083916083917,-0.15631469979296067,0.14896214896214896,-0.21940928270042195,-0.08291203235591507,0.2884848484848485,-0.2803234501347709,-0.4016460905349794,0.5209039548022599,0.493
0.8728728728728729,-0.4528668610301264,0.05731142014327855,0.2479627473806752,0.43585526315789475,0.04663923182441702,-0.45280898876404496,-0.3599439775910364,-0.6537150647580094,0.0,0.13821138211382114,-0.5122699386503068,0.4973776223776224,-0.6014492753623188,0.3528693528693529,-0.4957805907172996,-0.3660262891809909,0.5048484848484849,-0.018867924528301886,-0.1744855967078189,0.3480225988700565,1.262
0.8738738738738738,-0.3634596695821186,-0.013906447534766117,0.3993015133876601,0.7253289473684211,-0.06035665294924554,-0.38258426966292136,-0.2535014005602241,-0.6339468302658486,0.0,0.4183296378418329,-0.7024539877300614,0.6363636363636364,-0.4917184265010352,0.17155067155067158,-0.47398030942334746,-0.4408493427704752,0.30363636363636365,0.20485175202156333,-0.45185185185185184,0.39548022598870053,1.085
0.8748748748748749,-0.6355685131195336,0.34471133586177827,0.5471478463329452,-0.4671052631578947,0.729766803840878,-0.24213483146067416,-0.1092436974789916,-0.3844580777096114,0.0,-0.03917220990391722,0.19785276073619631,-0.09965034965034966,-0.7598343685300207,0.8540903540903542,-0.9057665260196907,-0.243680485338726,0.9593939393939395,0.5444743935309974,0.6460905349794238,0.096045197740113,0.487
0.8758758758758759,-0.5034013605442177,0.12220817530552042,0.5739231664726426,0.2450657894736842,0.0411522633744856,-0.34662921348314607,-0.4607843137254902,-0.6973415132924334,0.0,0.2520325203252033,-0.13957055214723926,0.277972027972028,-0.3530020703933748,0.28998778998779,-0.5028129395218003,-0.339737108190091,0.28424242424242424,0.04851752021563342,-0.1810699588477366,0.33785310734463275,0.646
0.8768768768768769,-0.5607385811467445,0.027391487568478718,0.3830034924330617,0.34210526315789475,0.149519890260631,-0.29269662921348316,-0.40896358543417366,-0.7109747784594409,0.0,0.30303030303030304,-0.558282208588957,0.5227272727272727,-0.13975155279503107,0.30952380952380953,-0.5351617440225035,-0.5166835187057635,0.35333333333333333,0.25202156334231807,-0.04526748971193415,0.6067796610169491,1.074
0.8778778778778779,-0.4344023323615161,-0.1866835229667088,0.11525029103608848,0.06414473684210527,0.6474622770919067,-0.8921348314606742,-0.2549019607843137,-0.7218813905930469,0.0,-0.05099778270509978,0.09969325153374232,-0.045454545454545456,-0.2929606625258799,0.1336996336996337,-0.340365682137834,0.4307381193124368,0.2963636363636364,-0.4946091644204852,-0.38353909465020575,0.23954802259887004,0.146
0.8788788788788788,-0.5519922254616132,0.24315212810788028,0.2933643771827707,0.5476973684210527,-0.01646090534979424,-0.6831460674157304,-0.3991596638655462,-0.67280163599182,0.0,0.3488543976348854,-0.5950920245398773,0.6520979020979022,-0.27432712215320915,0.21245421245421245,-0.34739803094233473,-0.5116279069767442,0.1890909090909091,-0.35983827493261455,-0.3193415637860082,0.6655367231638417,1.127
0.8798798798798799,-0.4956268221574345,0.12347239780868098,0.43888242142025613,0.26973684210526316,0.1879286694101509,-0.48595505617977525,-0.49159663865546216,-0.7505112474437627,0.0,0.007390983000739098,-0.25460122699386506,0.3968531468531469,-0.4616977225672878,0.22405372405372406,-0.5112517580872011,-0.2871587462082912,0.29515151515151516,0.2722371967654987,-0.19670781893004113,0.5819209039548022,0.766
0.8808808808808809,-0.7784256559766765,0.5082174462705435,0.6181606519208382,-0.11513157894736843,0.299039780521262,-0.5269662921348314,-0.5644257703081234,-0.6762099522835718,0.0,0.11086474501108647,-0.07515337423312883,0.2036713286713287,-0.479296066252588,0.4993894993894994,-0.5928270042194093,-0.5399393326592518,0.5575757575757576,-0.21159029649595687,0.006584362139917695,0.5299435028248587,1.061
0.8818818818818819,-0.6345966958211857,0.48546144121365353,0.5355064027939465,0.0805921052631579,0.2935528120713306,-0.503370786516854,-0.5574229691876751,-0.5460122699386503,0.0,0.057649667405764965,-0.06748466257668712,0.15646853146853149,-0.5683229813664596,0.4194139194139195,-0.6075949367088608,-0.3356926188068757,0.5557575757575758,0.1307277628032345,0.10534979423868313,0.5954802259887005,0.636
0.8828828828828829,-0.41399416909620995,0.01306363253265908,0.44935972060535506,0.5608552631578948,-0.04938271604938271,-0.4949438202247191,-0.06582633053221289,-0.7293796864349011,0.0,0.4227642276422764,-0.49846625766871167,0.5201048951048951,-0.19358178053830227,0.2619047619047619,-0.30520393811533053,-0.4206268958543984,0.44242424242424244,-0.11185983827493262,-0.2938271604938271,0.4542372881355932,1.263
0.8838838838838838,-0.5189504373177843,0.4070796460176991,0.6076833527357393,-0.0,0.6474622770919067,-0.28258426966292133,-0.33613445378151263,-0.4089979550102249,0.0,0.05321507760532151,0.3220858895705521,0.06993006993006994,-0.4358178053830228,0.46153846153846156,-0.7165963431786216,-0.2032355915065723,0.49636363636363634,0.2641509433962264,0.11358024691358025,0.47118644067796606,0.496
0.8848848848848849,-0.4159378036929058,0.21028234302570584,0.6437718277066357,-0.09210526315789475,0.4444444444444445,-0.23033707865168537,-0.07703081232492998,-0.41308793456032716,0.0,0.3835920177383592,-0.3220858895705521,0.21241258741258742,-0.09316770186335403,0.518925518925519,-0.6511954992967652,-0.41860465116279066,0.6551515151515152,0.34905660377358494,0.15555555555555556,0.29491525423728815,0.931
0.8858858858858859,-0.4839650145772595,0.19047619047619047,0.28754365541327126,0.7203947368421053,0.16186556927297668,-0.4101123595505618,-0.21988795518207285,-0.5071574642126789,0.0,0.14634146341463417,-0.28527607361963186,0.24213286713286716,-0.34057971014492755,0.3186813186813187,-0.4015471167369901,-0.19615773508594542,0.36,-0.32345013477088946,-0.03868312757201646,0.3480225988700565,0.755
0.8868868868868869,-0.54421768707483,0.5950273914875683,0.5564610011641443,0.09703947368421052,0.3593964334705076,-0.28820224719101123,-0.061624649859943974,-0.3435582822085889,0.0,0.4183296378418329,0.024539877300613498,0.38374125874125875,-0.5093167701863354,0.5683760683760685,-0.5857946554149086,-0.5439838220424672,0.7781818181818182,0.049865229110512124,0.20823045267489712,0.6225988700564972,0.685
0.8878878878878879,-0.1807580174927114,-0.47829751369574375,0.12689173457508732,0.5049342105263158,0.5061728395061729,-0.6550561797752809,-0.16246498599439776,-0.7389229720518065,0.0,-0.026607538802660754,-0.6088957055214724,0.20716783216783216,-0.10041407867494824,-0.05677655677655678,-0.16947960618846694,0.17290192113245703,0.1878787878787879,-0.5444743935309974,-0.6246913580246913,0.011299435028248588,0.592
0.8888888888888888,-0.6112730806608359,0.5233881163084703,0.6379511059371362,0.15625,0.4156378600823045,-0.30898876404494385,0.04341736694677871,-0.45262440354464895,0.0,0.30376940133037694,-0.06441717791411043,0.3103146853146853,-0.2701863354037267,0.6092796092796093,-0.4971870604781997,-0.4115267947421638,0.5775757575757576,-0.11185983827493262,0.14403292181069957,0.5028248587570622,0.839
0.8898898898898899,-0.4450923226433431,0.2928782132321955,0.420256111757858,0.24013157894736842,-0.08779149519890261,-0.36741573033707864,-0.014005602240896359,-0.6209952283571916,0.0,0.45528455284552843,-0.15950920245398773,0.6608391608391609,-0.16873706004140787,0.4645909645909646,-0.4964838255977497,-0.6936299292214358,0.3842424242424243,0.274932614555256,-0.0962962962962963,0.7728813559322034,1.234
0.8908908908908909,-0.7337220602526726,0.16814159292035397,0.59953434225844,0.5986842105263158,-0.18655692729766807,-0.35730337078651686,-0.36274509803921573,-0.7205180640763462,0.0,0.24611973392461198,-0.30368098159509205,0.36363636363636365,-0.09937888198757765,0.536019536019536,-0.5471167369901547,-0.5571284125379171,0.5709090909090909,0.11051212938005392,-0.0049382716049382715,0.5333333333333333,0.995
0.8918918918918919,-0.7337220602526726,0.46776232616940583,0.5366705471478463,0.029605263157894735,0.22085048010973937,-0.3803370786516854,-0.5938375350140056,-0.6407634628493524,0.0,0.31189948263118994,-0.2607361963190184,0.34003496503496505,-0.5310559006211181,0.44261294261294265,-0.5843881856540084,-0.38321536905965625,0.4993939393939394,0.029649595687331536,-0.0205761316872428,0.6271186440677966,0.873
0.8928928928928929,-0.564625850340136,0.13864306784660765,0.5040745052386496,0.12171052631578948,0.4005486968449931,-0.5578651685393259,-0.5770308123249299,-0.5460122699386503,0.0,-0.0524759793052476,0.19171779141104295,0.15034965034965034,-0.27122153209109734,0.3125763125763126,-0.3565400843881857,-0.07482305358948432,0.5812121212121212,-0.1994609164420485,-0.06502057613168724,0.376271186440678,0.383
0.8938938938938938,-0.47230320699708456,0.026548672566371678,0.4342258440046566,0.34868421052631576,0.01646090534979424,-0.3657303370786517,-0.36414565826330536,-0.6578050443081117,0.0,0.3488543976348854,-0.4417177914110429,0.7386363636363636,-0.17287784679089027,0.36630036630036633,-0.3368495077355837,-0.583417593528817,0.48181818181818187,-0.06199460916442048,-0.16707818930041152,0.34011299435028247,1.153
0.8948948948948949,-0.46161321671525757,0.31226295828065737,0.49126891734575084,0.4276315789473685,-0.3854595336076818,-0.551123595505618,-0.5042016806722689,-0.6203135650988412,0.0,0.180339985218034,0.019938650306748466,0.6503496503496504,-0.19358178053830227,0.3534798534798535,-0.3867791842475387,-0.552072800808898,0.3575757575757576,-0.17924528301886794,-0.23950617283950615,0.6666666666666666,1.155
0.8958958958958959,-0.6433430515063169,0.12305099030762745,0.8160651920838183,0.29769736842105265,0.09465020576131689,-0.1696629213483146,-0.4495798319327731,-0.5998636673483299,0.0,0.2668144863266814,-0.4585889570552147,0.42132867132867136,-0.33022774327122156,0.5695970695970697,-0.6329113924050633,-0.6845298281092013,0.68,0.42048517520215634,0.02633744855967078,0.17966101694915254,1.314
0.8968968968968969,-0.37609329446064144,-0.23767383059418454,0.29452852153667053,0.5197368421052632,0.2962962962962963,-0.5499999999999999,-0.3711484593837535,-0.7457396046353102,0.0,0.28750923872875095,-0.5490797546012269,0.3653846153846154,-0.09006211180124224,0.09035409035409035,-0.32700421940928276,-0.07381193124368048,0.2581818181818182,-0.5094339622641509,-0.508641975308642,0.2485875706214689,0.676
0.8978978978978979,-0.7308066083576288,0.48082595870206485,0.30384167636786963,0.07236842105263158,0.40329218106995884,-0.35280898876404493,-0.3921568627450981,-0.5828220858895705,0.0,-0.09534368070953438,0.2791411042944785,0.08304195804195805,-0.5331262939958592,0.6068376068376069,-0.6104078762306611,-0.2972699696663296,0.7806060606060606,0.10512129380053908,0.2551440329218107,0.5220338983050847,0.457
0.8988988988988988,-0.6666666666666667,0.3771597134428993,0.620488940628638,0.06085526315789474,0.19753086419753085,-0.5129213483146068,-0.2857142857142857,-0.7007498295841854,0.0,0.4634146341463415,-0.3174846625766871,0.4886363636363637,-0.48240165631469983,0.43284493284493286,-0.5267229254571026,-0.4974721941354904,0.46060606060606063,0.004043126684636119,-0.007407407407407406,0.4892655367231638,1.301
0.8998998998998999,-0.5704567541302236,-0.2777075431942688,0.42607683352735737,0.625,0.28257887517146774,-0.7646067415730337,-0.7605042016806723,-0.9032038173142467,0.0,0.19290465631929046,-0.5076687116564417,0.4755244755244756,-0.3136645962732919,0.021978021978021976,-0.189873417721519,0.08088978766430738,0.04666666666666667,-0.38409703504043125,-0.7777777777777777,0.3638418079096045,0.796
0.9009009009009009,-0.42468415937803694,0.0316055625790139,0.4167636786961583,0.14638157894736842,0.7777777777777777,-0.42303370786516853,-0.1596638655462185,-0.5882753919563735,0.0,-0.03917220990391722,0.4478527607361963,0.0270979020979021,-0.5020703933747412,0.4151404151404152,-0.509142053445851,0.20525783619818,0.547878787878788,0.215633423180593,-0.08806584362139917,-0.04293785310734463,0.081
0.9019019019019019,-0.24684159378036932,0.09608091024020227,0.4435389988358557,0.5,0.16598079561042525,-0.3101123595505618,0.35714285714285715,-0.47171097477845936,0.0,0.6422764227642277,-0.03067484662576687,0.5043706293706294,-0.33850931677018636,0.3125763125763126,-0.5492264416315049,-0.33265925176946415,0.40181818181818185,0.11185983827493262,-0.1950617283950617,0.26440677966101694,0.832
0.9029029029029029,-0.4703595724003887,0.03581963758954909,0.2549476135040745,0.3815789473684211,0.21810699588477367,-0.4185393258426966,-0.3067226890756303,-0.694614860259032,0.0,0.22764227642276422,-0.2898773006134969,0.3321678321678322,-0.2453416149068323,0.21550671550671552,-0.4310829817158931,-0.35187057633973706,0.33818181818181825,0.18463611859838278,-0.21316872427983538,0.5344632768361581,0.58
0.9039039039039038,-0.3187560738581147,-0.021913190054782972,0.26076833527357396,0.3519736842105263,0.25102880658436216,-0.5898876404494382,-0.34873949579831937,-0.7675528289025221,0.0,0.1943828529194383,-0.06134969325153374,0.3295454545454546,-0.3530020703933748,0.04700854700854701,-0.2911392405063291,-0.04954499494438827,0.15515151515151515,-0.29245283018867924,-0.45020576131687245,0.3785310734463277,0.88
0.9049049049049049,-0.6676384839650147,0.10408765276021913,0.1781140861466822,-0.09703947368421052,0.7544581618655694,-0.65,-0.6358543417366948,-0.6775732788002726,0.0,-0.6326681448632668,0.2883435582822086,-0.27360139860139865,-0.5289855072463768,0.4297924297924298,-0.5288326300984529,0.08897876643073811,0.5260606060606061,-0.1293800539083558,-0.0419753086419753,0.3807909604519774,0.403
0.9059059059059059,-0.5908649173955297,-0.1955330804888327,0.08963911525029104,0.42269736842105265,0.5445816186556928,-0.6612359550561798,-0.7380952380952381,-0.6809815950920245,0.0,-0.1197339246119734,-0.17484662576687116,0.0777972027972028,-0.37370600414078675,0.14224664224664227,-0.5028129395218003,0.03943377148634985,0.2745454545454546,-0.37196765498652296,-0.3168724279835391,0.05084745762711864,0.637
0.9069069069069069,-0.5578231292517006,0.19258322798145805,0.45983701979045405,0.48848684210526316,0.3593964334705076,-0.2808988764044944,-0.49859943977591037,-0.5671438309475119,0.0,-0.1345158906134516,-0.656441717791411,0.13286713286713286,-0.5062111801242236,0.37484737484737485,-0.5991561181434599,-0.4691607684529828,0.42303030303030303,0.2196765498652291,0.010699588477366254,0.5333333333333333,0.936
0.9079079079079079,-0.14188532555879496,-0.36409608091024015,0.24447031431897553,0.7713815789473684,0.3388203017832648,-0.8157303370786516,-0.16106442577030813,-0.7893660531697341,0.0,0.40798226164079826,-0.2193251533742331,0.33828671328671334,0.10351966873706005,-0.16605616605616608,-0.0639943741209564,0.3579373104145602,-0.017575757575757578,-0.7843665768194069,-0.7917695473251029,0.2542372881355932,0.395
0.908908908908909,-0.36637512147716234,-0.3126843657817109,0.23748544819557624,0.13322368421052633,0.7366255144032923,-0.7511235955056179,-0.5084033613445378,-0.7675528289025221,0.0,-0.1293422025129342,0.06441717791411043,-0.12062937062937065,-0.055900621118012424,0.1746031746031746,-0.2686357243319269,0.6177957532861477,0.25212121212121213,-0.33423180592991913,-0.3300411522633745,-0.0022598870056497176,-0.377
0.9099099099099099,-0.5549076773566569,0.22671723556679307,0.5797438882421421,0.00493421052631579,0.12071330589849108,-0.15617977528089888,-0.2030812324929972,-0.5555555555555555,0.0,0.33924611973392466,-0.05674846625766871,0.47465034965034975,-0.4420289855072464,0.5482295482295483,-0.6244725738396625,-0.5096056622851365,0.49454545454545457,0.1994609164420485,-0.03539094650205761,0.3559322033898305,0.954
0.9109109109109109,-0.4577259475218659,-0.14201432785503582,0.13387660069848661,0.14967105263157895,0.458161865569273,-0.28651685393258425,-0.04341736694677871,-0.3919563735514655,0.0,0.08573540280857354,-0.24539877300613497,-0.08653846153846155,-0.2691511387163561,0.4004884004884005,-0.609704641350211,-0.0525783619817998,0.5690909090909091,0.44070080862533695,0.050205761316872426,0.21807909604519773,0.459
0.9119119119119119,-0.7667638483965016,0.3198482932996207,0.4842840512223516,0.38486842105263164,0.5212620027434842,-0.6646067415730337,-0.4551820728291317,-0.5780504430811179,0.0,-0.21729490022172948,0.19325153374233128,0.008741258741258742,-0.6666666666666667,0.5238095238095238,-0.48101265822784817,-0.10010111223458039,0.5703030303030303,-0.4164420485175202,-0.0419753086419753,0.2350282485875706,0.371
0.9129129129129129,-0.7998056365403304,0.3417614833544037,0.47147846332945287,0.08223684210526316,0.23868312757201646,-0.6578651685393259,-0.6582633053221288,-0.6932515337423312,0.0,0.04065040650406504,-0.24079754601226994,0.3269230769230769,-0.412008281573499,0.4682539682539683,-0.6434599156118144,-0.37209302325581395,0.5618181818181819,-0.3827493261455525,0.05267489711934156,0.4779661016949152,0.889
0.913913913913914,-0.5539358600583091,0.2903497682258744,0.5261932479627474,0.3059210526315789,0.48696844993141286,-0.40674157303370784,-0.10084033613445378,-0.5848670756646216,0.0,0.18255728011825573,0.43404907975460116,0.10314685314685315,-0.5020703933747412,0.5641025641025642,-0.6905766526019691,-0.33367037411526795,0.5612121212121213,0.3652291105121294,0.06666666666666667,0.4384180790960452,0.546
0.914914914914915,-0.32750242954324593,0.18921196797302992,0.41327124563445866,0.4901315789473684,0.12345679012345678,-0.7151685393258427,-0.2296918767507003,-0.7859577368779822,0.0,0.44198078344419806,-0.2760736196319018,0.6494755244755245,-0.12525879917184266,0.21184371184371184,-0.32911392405063294,-0.5166835187057635,0.236969696969697,-0.6725067385444744,-0.35061728395061725,0.5276836158192091,1.246
0.9159159159159159,-0.28668610301263364,-0.00969237252423093,0.3050058207217695,0.5773026315789473,-0.11659807956104254,-0.42134831460674155,-0.46778711484593843,-0.656441717791411,0.0,0.24168514412416853,-0.06901840490797545,0.47989510489510495,-0.17805383022774326,0.20573870573870576,-0.3537271448663854,-0.2416582406471183,0.1884848484848485,-0.20754716981132076,-0.32510288065843623,0.376271186440678,0.688
0.9169169169169169,-0.44897959183673475,0.38390223345975555,0.37252619324796277,0.12828947368421054,0.2139917695473251,-0.39101123595505616,-0.13445378151260506,-0.4737559645535105,0.0,0.17664449371766444,-0.17484662576687116,0.2272727272727273,-0.5641821946169773,0.3070818070818071,-0.5337552742616034,-0.34479271991911026,0.32787878787878794,-0.05929919137466307,-0.07736625514403292,0.5299435028248587,0.787
0.9179179179179179,-0.6336248785228378,0.4572271386430678,0.3783469150174622,0.287828947368421,0.29492455418381347,-0.3101123595505618,-0.2857142857142857,-0.4253578732106339,0.0,0.05469327420546932,-0.03987730061349693,0.09615384615384616,-0.5310559006211181,0.41819291819291826,-0.6694796061884669,-0.4792719919110212,0.41818181818181815,0.15633423180592992,0.07242798353909465,0.5615819209039548,0.751
0.918918918918919,-0.40816326530612246,-0.0008428150021070374,0.36670547147846333,0.39473684210526316,-0.308641975308642,-0.33707865168539325,-0.32773109243697485,-0.6898432174505794,0.0,0.23651145602365115,-0.3052147239263804,0.5410839160839161,-0.02484472049689441,0.1214896214896215,-0.4113924050632911,-0.2790697674418605,0.1975757575757576,-0.11455525606469004,-0.43621399176954734,0.4067796610169491,1.019
0.91991991991992,-0.46355685131195334,0.10493046776232616,0.7951105937136206,0.20230263157894737,-0.2112482853223594,-0.23033707865168537,-0.19747899159663865,-0.5466939331970007,0.0,0.6060606060606061,-0.32975460122699385,0.548951048951049,-0.23706004140786752,0.3888888888888889,-0.4507735583684951,-0.5965621840242669,0.43212121212121213,0.2574123989218329,-0.18024691358024691,0.23841807909604518,1.456
0.9209209209209209,0.060252672497570464,-0.6738305941845764,-0.1210710128055879,0.46546052631578944,0.4375857338820302,-0.7320224719101123,0.1330532212885154,-0.8820722563053851,0.0,0.34220251293422027,-0.4815950920245399,0.3006993006993007,-0.1915113871635611,-0.31074481074481075,-0.053445850914205346,0.48230535894843274,0.03393939393939394,-0.6118598382749326,-0.8641975308641975,0.010169491525423728,0.35
0.9219219219219219,-0.38581146744412054,0.07711757269279393,0.4528521536670547,0.1513157894736842,0.6049382716049383,-0.6910112359550562,-0.39075630252100846,-0.6898432174505794,0.0,0.09090909090909091,0.02760736196319018,-0.017482517482517484,-0.2039337474120083,0.21184371184371184,-0.42967651195499296,0.12032355915065722,0.3654545454545455,-0.15768194070080863,-0.3094650205761317,0.3129943502824859,0.381
0.9229229229229229,-0.5092322643343052,0.004214075010535188,0.3818393480791618,0.32894736842105265,0.3703703703703704,-0.6028089887640449,-0.44537815126050423,-0.7286980231765507,0.0,0.3259423503325942,-0.3251533742331288,0.47727272727272735,-0.3053830227743271,0.16666666666666669,-0.3108298171589311,-0.30131445904954496,0.21333333333333332,-0.1738544474393531,-0.45267489711934156,0.4180790960451977,0.656
0.923923923923924,-0.35957240038872695,-0.3657817109144542,0.2561117578579744,0.29605263157894735,0.1358024691358025,-0.47696629213483144,-0.37394957983193283,-0.7750511247443762,0.0,0.37176644493717664,-0.5782208588957055,0.6293706293706294,-0.09213250517598344,0.04273504273504274,-0.2728551336146273,-0.11931243680485339,0.07030303030303031,-0.16981132075471697,-0.5308641975308642,0.12090395480225988,1.171
0.924924924924925,-0.4441205053449952,0.021913190054782972,0.1909196740395809,0.462171052631579,0.7037037037037037,-0.5612359550561797,-0.07142857142857142,-0.5194274028629856,0.0,-0.03991130820399113,0.17331288343558282,-0.13374125874125875,-0.34161490683229817,0.1953601953601954,-0.33544303797468356,0.2871587462082912,0.4309090909090909,-0.16846361185983827,-0.2823045267489712,0.3446327683615819,-0.018
0.9259259259259259,-0.5286686103012634,0.04972608512431521,0.3841676367869616,0.0016447368421052633,0.6762688614540466,-0.3808988764044944,-0.0070028011204481795,-0.5712338104976141,0.0,0.06356245380635624,0.3159509202453987,0.06555944055944056,-0.4616977225672878,0.4682539682539683,-0.6969057665260198,-0.13447927199191104,0.6260606060606061,0.41778975741239893,0.07242798353909465,0.12090395480225988,0.451
0.9269269269269269,-0.3799805636540331,0.04846186262115466,-0.0011641443538998836,0.3618421052631579,0.3223593964334705,-0.7275280898876404,-0.5938375350140056,-0.7791411042944785,0.0,-0.2269031781226903,0.23466257668711654,0.11975524475524478,-0.32712215320910976,0.10500610500610501,-0.3924050632911393,0.17593528816986853,0.1806060606060606,-0.3948787061994609,-0.36954732510288063,0.5615819209039548,0.279
0.9279279279279279,-0.6783284742468416,0.3358617783396544,0.5692665890570431,0.3223684210526316,0.1906721536351166,-0.20674157303370785,-0.08123249299719888,-0.5998636673483299,0.0,0.4567627494456763,0.052147239263803685,0.4501748251748252,-0.4679089026915114,0.40598290598290604,-0.5527426160337553,-0.5328614762386249,0.4496969696969697,0.28706199460916443,-0.07901234567901234,0.4135593220338983,0.874
0.928928928928929,-0.6899902818270165,-0.10113780025284448,0.1059371362048894,0.2779605263157895,0.812071330589849,-0.3932584269662921,-0.7072829131652661,-0.591002044989775,0.0,-0.18994826311899482,0.22392638036809814,-0.12937062937062938,-0.39648033126293997,0.3394383394383395,-0.6891701828410689,0.2295247724974722,0.4460606060606061,0.28975741239892183,-0.050205761316872426,0.2271186440677966,-0.009
0.92992992992993,-0.4586977648202138,0.048883270122208174,0.35273573923166474,0.4720394736842105,0.43621399176954734,-0.6707865168539325,-0.2324929971988796,-0.6830265848670757,0.0,0.41537324464153735,-0.22239263803680978,0.465909090909091,-0.10455486542443065,0.037851037851037855,-0.31293952180028134,0.005055611729019211,0.26,-0.3975741239892183,-0.4930041152263374,0.5028248587570622,0.508
0.9309309309309309,-0.456754130223518,0.4230931310577328,0.21885913853317812,0.09046052631578948,0.6268861454046639,-0.44157303370786516,-0.057422969187675074,-0.4880708929788684,0.0,0.13229859571322986,0.22392638036809814,0.12062937062937065,-0.33333333333333337,0.36996336996337,-0.4718706047819972,-0.31445904954499493,0.49393939393939396,0.05929919137466307,-0.004115226337448559,0.6124293785310735,0.636
0.9319319319319319,-0.5947521865889214,-0.02528445006321112,0.3946449359720606,0.40625,0.578875171467764,-0.5174157303370787,-0.37955182072829136,-0.6578050443081117,0.0,-0.1130820399113082,-0.0015337423312883436,-0.18444055944055945,-0.3426501035196688,0.2313797313797314,-0.5344585091420535,0.14964610717896865,0.41636363636363644,-0.04177897574123989,-0.19753086419753085,0.24180790960451976,-0.01
0.9329329329329329,-0.6452866861030128,0.06447534766118836,0.8323632130384168,-0.19407894736842105,0.6268861454046639,-0.39550561797752803,-0.37955182072829136,-0.5753237900477164,0.0,0.08499630450849964,0.08282208588957055,0.1354895104895105,-0.34575569358178054,0.5470085470085471,-0.5935302390998594,-0.14459049544994942,0.6278787878787879,0.30727762803234504,0.07325102880658435,-0.005649717514124294,0.84
0.933933933933934,-0.42371234207968905,-0.2090181205225453,0.5785797438882422,0.2845394736842105,0.0013717421124828533,-0.4174157303370786,-0.14145658263305325,-0.7880027266530333,0.0,0.6186252771618626,-0.602760736196319,0.6564685314685316,-0.17494824016563149,0.22466422466422467,-0.5485232067510549,-0.3549039433771486,0.08303030303030304,0.11455525606469004,-0.345679012345679,0.2734463276836158,1.197
0.934934934934935,-0.2293488824101069,-0.506953223767383,-0.09545983701979045,0.07401315789473684,0.7503429355281208,-0.48988764044943817,-0.07983193277310925,-0.6612133605998636,0.0,-0.10938654841093864,0.46319018404907975,-0.016608391608391608,-0.3995859213250518,0.05738705738705739,-0.43037974683544306,0.6380182002022244,0.20060606060606062,0.04582210242587601,-0.47736625514403286,-0.296045197740113,-0.014
0.9359359359359359,-0.25947521865889217,-0.15634218289085544,0.2712456344586729,0.19078947368421054,0.8902606310013718,-0.3707865168539326,-0.20588235294117646,-0.6305385139740968,0.0,-0.21803399852180338,0.19938650306748465,-0.22552447552447555,-0.5745341614906833,0.18192918192918192,-0.5829817158931083,0.3892821031344793,0.44303030303030305,0.20080862533692723,-0.21316872427983538,0.003389830508474576,-0.175
0.9369369369369369,-0.39164237123420803,-0.2482090181205225,0.3143189755529686,0.3503289473684211,0.3772290809327847,-0.6185393258426967,-0.2324929971988796,-0.7505112474437627,0.0,0.23872875092387288,-0.11042944785276072,0.26573426573426573,-0.458592132505176,0.11050061050061051,-0.3804500703234881,0.3195146612740142,0.22121212121212122,-0.16846361185983827,-0.4074074074074074,0.0022598870056497176,0.615
0.9379379379379379,-0.5451895043731779,0.13232195533080487,0.4540162980209546,0.014802631578947368,0.6735253772290809,-0.48764044943820223,-0.32633053221288516,-0.5480572597137015,0.0,0.07390983000739099,0.25153374233128833,-0.019230769230769232,-0.6211180124223602,0.4627594627594628,-0.5541490857946555,0.027300303336703743,0.5945454545454546,0.05256064690026954,0.04938271604938271,0.1401129943502825,0.282
0.938938938938939,-0.2293488824101069,-0.5107458912768646,-0.03143189755529686,0.24671052631578946,0.35390946502057613,-0.5780898876404493,-0.15826330532212887,-0.9809134287661895,0.0,-0.10716925351071692,-0.2331288343558282,0.1284965034965035,-0.5041407867494824,-0.07753357753357754,-0.3839662447257384,0.29120323559150657,0.0987878787878788,-0.02425876010781671,-0.6345679012345679,0.11638418079096044,0.41
0.93993993993994,-0.3634596695821186,0.31142014327855033,0.3178114086146682,0.23848684210526314,0.578875171467764,-0.3348314606741573,0.20168067226890757,-0.5167007498295841,0.0,0.36954915003695493,0.10122699386503067,-0.09615384615384616,-0.7163561076604554,0.5427350427350428,-0.6378340365682138,-0.2558139534883721,0.8636363636363638,0.3477088948787062,0.22880658436213994,0.18192090395480226,0.624
0.9409409409409409,-0.31486880466472306,-0.3796881584492204,0.05937136204889406,0.5657894736842105,0.3388203017832648,-0.6084269662921348,-0.1946778711484594,-0.7634628493524199,0.0,0.05099778270509978,-0.18404907975460122,0.2036713286713287,-0.053830227743271224,0.05372405372405373,-0.27988748241912803,0.10414560161779575,0.23272727272727275,-0.3638814016172507,-0.5325102880658436,0.12994350282485875,0.785
0.9419419419419419,-0.522837706511176,0.12094395280235987,0.4318975552968568,0.03125,0.8367626886145405,-0.6578651685393259,-0.22549019607843138,-0.661895023858214,0.0,0.12416851441241686,-0.07515337423312883,0.08566433566433568,-0.5838509316770186,0.4017094017094017,-0.4008438818565401,0.09807886754297271,0.5012121212121212,-0.24932614555256064,-0.2222222222222222,0.280225988700565,0.554
0.9429429429429429,-0.6695821185617103,0.5077960387694901,0.6193247962747381,0.2532894736842105,-0.21262002743484226,-0.25842696629213485,-0.44117647058823534,-0.33537832310838445,0.0,0.40576496674057655,-0.19171779141104295,0.5655594405594406,-0.14078674948240166,0.557997557997558,-0.5358649789029536,-0.8493427704752274,0.5218181818181818,-0.08894878706199462,0.05761316872427984,0.4429378531073446,1.419
0.943943943943944,-0.6122448979591837,0.15676359039190896,0.4307334109429569,0.12006578947368421,0.4526748971193416,-0.3820224719101124,-0.33473389355742295,-0.5882753919563735,0.0,0.07390983000739099,-0.09049079754601226,0.2307692307692308,-0.37888198757763975,0.34737484737484736,-0.5872011251758087,-0.34074823053589487,0.6072727272727273,0.16172506738544473,-0.0905349794238683,0.22937853107344633,0.902
0.944944944944945,-0.5364431486880468,0.29456384323640955,0.6053550640279395,0.4457236842105264,0.006858710562414267,-0.25842696629213485,-0.25210084033613445,-0.5589638718473073,0.0,0.31263858093126384,0.07668711656441718,0.18793706293706294,-0.32919254658385094,0.48046398046398053,-0.5210970464135021,-0.4529828109201213,0.44303030303030305,0.09838274932614555,-0.006584362139917695,0.3073446327683616,0.688
0.9459459459459459,-0.27308066083576293,-0.07501053518752633,0.169965075669383,0.3026315789473684,0.5102880658436214,-0.6561797752808989,-0.24789915966386555,-0.7041581458759372,0.0,0.0672579453067258,-0.01687116564417178,0.21503496503496505,-0.35921325051759834,0.007326007326007327,-0.2039381153305204,0.22345803842264914,0.18666666666666668,-0.3854447439353099,-0.5432098765432098,0.40903954802259884,0.325
0.9469469469469469,-0.4742468415937804,0.007163927517909819,0.6495925494761351,-0.08223684210526316,0.5651577503429355,-0.547191011235955,-0.3879551820728292,-0.7661895023858214,0.0,0.08647450110864746,0.26226993865030673,0.1424825174825175,-0.2815734989648033,0.3162393162393163,-0.35724331926863573,0.20930232558139533,0.3993939393939394,-0.20889487870619947,-0.23292181069958845,0.023728813559322035,0.409
0.9479479479479479,-0.4275996112730807,0.2094395280235988,0.7438882421420256,0.2565789473684211,0.42386831275720166,-0.17640449438202246,-0.04901960784313726,-0.3776414451261077,0.0,0.3821138211382114,-0.11196319018404907,0.37849650349650354,-0.41614906832298143,0.4566544566544567,-0.6919831223628692,-0.3276036400404449,0.6703030303030304,0.26280323450134774,0.05102880658436214,0.1638418079096045,0.771
0.948948948948949,-0.5034013605442177,-0.059418457648546134,0.06286379511059371,0.3930921052631579,0.27846364883401925,-0.7640449438202248,-0.5434173669467788,-0.7641445126107702,0.0,0.22172949002217293,-0.34355828220858897,0.3881118881118881,0.19668737060041408,-0.06288156288156288,-0.18565400843881857,-0.12942366026289182,0.11696969696969697,-0.7048517520215634,-0.5382716049382716,0.36271186440677966,1.003
0.94994994994995,-0.7259475218658893,0.37126000842815,0.529685681024447,-0.044407894736842105,0.364883401920439,-0.38876404494382016,-0.4607843137254902,-0.607361963190184,0.0,0.17516629711751663,0.17638036809815952,0.2526223776223776,-0.3530020703933748,0.4621489621489622,-0.42334739803094235,-0.37917087967644086,0.4381818181818182,-0.22506738544474394,-0.15061728395061727,0.43389830508474575,0.87
0.950950950950951,-0.35179786200194363,-0.23978086809945212,0.08614668218859138,0.6315789473684211,0.4732510288065843,-0.796629213483146,-0.09803921568627452,-0.8663940013633264,0.0,0.35033259423503327,-0.5107361963190185,0.4055944055944056,-0.07660455486542443,-0.0873015873015873,-0.052742616033755275,0.19615773508594542,0.04363636363636363,-0.8382749326145552,-0.6567901234567901,0.3638418079096045,0.757
0.9519519519519519,-0.6287657920310982,0.38643067846607665,0.4167636786961583,0.15625,0.04389574759945131,-0.4247191011235955,-0.32492997198879553,-0.4669393319700068,0.0,0.31263858093126384,0.05368098159509203,0.39160839160839167,-0.510351966873706,0.5500610500610501,-0.5443037974683544,-0.3640040444893832,0.49151515151515157,-0.07816711590296496,-0.019753086419753086,0.5457627118644067,0.863
0.9529529529529529,-0.522837706511176,0.4150863885377159,0.4109429569266589,-0.26973684210526316,0.37311385459533614,-0.3,-0.27450980392156865,-0.4321745057941377,0.0,-0.0968218773096822,0.1687116564417178,0.12762237762237763,-0.629399585921325,0.5616605616605618,-0.6251758087201126,-0.3296258847320526,0.5884848484848485,0.28975741239892183,0.09794238683127571,0.2621468926553672,0.583
0.953953953953954,-0.3896987366375122,-0.23978086809945212,0.2048894062863795,0.680921052631579,-0.15363511659807957,-0.5921348314606741,-0.3949579831932773,-0.8350374914792092,0.0,0.31116038433111604,-0.26993865030674846,0.42045454545454547,-0.2236024844720497,-0.17216117216117216,-0.2559774964838256,0.02527805864509606,-0.011515151515151515,-0.5336927223719676,-0.7925925925925925,0.296045197740113,0.873
0.954954954954955,-0.28765792031098153,-0.11125158027812894,0.15599534342258442,0.6973684210526315,-0.2962962962962963,-0.6348314606741572,-0.32212885154061627,-0.8425357873210634,0.0,0.4028085735402809,-1.0,0.6512237762237763,-0.3074534161490683,-0.014041514041514042,-0.33122362869198313,-0.5672396359959556,-0.06181818181818182,-0.4029649595687331,-0.6411522633744856,0.5186440677966102,1.404
0.955955955955956,-0.34207968901846453,-0.06911083017277707,0.370197904540163,0.29605263157894735,0.08093278463648834,-0.42134831460674155,-0.3291316526610644,-0.7450579413769597,0.0,0.29711751662971175,-0.7116564417177914,0.5332167832167832,-0.4026915113871636,0.2380952380952381,-0.5267229254571026,-0.27805864509605666,0.24181818181818185,0.02830188679245283,-0.2609053497942387,0.3107344632768362,1.18
0.9569569569569569,-0.6763848396501457,0.21491782553729455,0.3341094295692666,-0.29605263157894735,0.5404663923182442,-0.23202247191011235,-0.5546218487394958,-0.47852760736196315,0.0,-0.2394678492239468,0.0843558282208589,0.02534965034965035,-0.6739130434782609,0.49023199023199027,-0.7573839662447257,-0.26188068756319516,0.5945454545454546,0.31805929919137466,0.19917695473251026,0.2463276836158192,0.33
0.9579579579579579,-0.5490767735665695,-0.03919089759797724,0.18277066356228172,0.27631578947368424,0.42935528120713307,-0.7797752808988764,-0.5182072829131653,-0.8323108384458078,0.0,0.1345158906134516,-0.30368098159509205,0.38111888111888115,-0.4906832298136646,0.231990231990232,-0.46905766526019693,-0.1931243680485339,0.3012121212121212,-0.25202156334231807,-0.3547325102880658,0.3480225988700565,1.022
0.958958958958959,-0.25655976676384845,0.0033712600084281497,0.32363213038416766,0.30756578947368424,0.6255144032921811,-0.5668539325842696,0.04341736694677871,-0.6530334014996592,0.0,0.23577235772357724,0.3113496932515338,-0.004370629370629371,-0.09420289855072464,0.2722832722832723,-0.43741209563994377,0.22649140546006066,0.44666666666666666,-0.23315363881401616,-0.1325102880658436,0.2745762711864407,0.092
0.95995995995996,-0.5160349854227406,0.04635482511588706,0.44470314318975557,0.1842105263157895,0.17695473251028807,-0.5129213483146068,0.061624649859943974,-0.7116564417177914,0.0,0.5136733185513673,-0.3941717791411043,0.5122377622377623,-0.417184265010352,0.3180708180708181,-0.5597749648382561,-0.2527805864509606,0.3151515151515152,0.09973045822102425,-0.10864197530864197,0.4983050847457627,1.052
0.960960960960961,-0.2643343051506317,-0.3109987357774968,0.13271245634458673,0.5197368421052632,0.22496570644718794,-0.6230337078651685,-0.28151260504201686,-0.7184730743012951,0.0,0.24242424242424243,-0.20705521472392638,0.5174825174825175,-0.33540372670807456,-0.007326007326007327,-0.3185654008438819,0.033367037411526794,0.14666666666666667,-0.4110512129380054,-0.702880658436214,0.12655367231638417,0.903
0.9619619619619619,-0.28668610301263364,0.17235566793088913,0.3562281722933644,0.18585526315789475,0.3429355281207133,-0.35337078651685394,-0.2142857142857143,-0.7137014314928425,0.0,0.07095343680709534,0.22546012269938648,-0.003496503496503497,-0.4006211180124224,0.3772893772893773,-0.5808720112517581,-0.2012133468149646,0.3412121212121212,0.3274932614555256,-0.007407407407407406,0.327683615819209,0.528
0.9629629629629629,-0.5451895043731779,-0.050147492625368724,0.2759022118742724,-0.06907894736842106,0.22222222222222224,-0.4943820224719101,-0.33613445378151263,-0.7334696659850034,0.0,0.12269031781226904,-0.032208588957055216,0.29632867132867136,-0.2225672877846791,0.2014652014652015,-0.4317862165963432,0.05358948432760364,0.25272727272727274,-0.238544474393531,-0.2757201646090535,0.23954802259887004,0.651
0.963963963963964,-0.5753158406219631,0.1196797302991993,0.119906868451688,-0.10197368421052631,0.42386831275720166,-0.5848314606741573,-0.5910364145658263,-0.6475800954328561,0.0,0.13821138211382114,-0.460122699386503,0.4536713286713287,-0.37370600414078675,0.20940170940170943,-0.4388185654008439,-0.44590495449949447,0.2751515151515152,-0.06199460916442048,-0.2024691358024691,0.6,1.181
0.964964964964965,-0.28960155490767736,-0.3742098609355246,0.08381839348079162,0.3092105263157895,0.5555555555555556,-0.6629213483146067,-0.02661064425770308,-0.7307430129516019,0.0,0.28307464892830747,-0.12576687116564417,0.21765734265734268,-0.14078674948240166,-0.06532356532356533,-0.3319268635724332,0.4843276036400404,0.07454545454545455,-0.42048517520215634,-0.5662551440329218,0.08813559322033898,0.013
0.965965965965966,-0.28085519922254615,-0.13864306784660765,0.3934807916181607,0.29605263157894735,0.08093278463648834,-0.649438202247191,-0.242296918767507,-0.8289025221540558,0.0,0.4737620103473762,-0.34662576687116564,0.47639860139860146,-0.2256728778467909,0.17765567765567766,-0.32208157524613223,-0.2082912032355915,0.24848484848484848,-0.09029649595687332,-0.4469135802469136,0.4576271186440678,0.876
0.9669669669669669,-0.6083576287657921,-0.06110408765276021,0.17345750873108265,-0.06085526315789474,0.3854595336076818,-0.5230337078651686,-0.5812324929971989,-0.7866394001363326,0.0,0.018477457501847747,-0.35429447852760737,0.35227272727272735,-0.3581780538302277,0.1336996336996337,-0.44936708860759494,-0.3437815975733064,0.2375757575757576,-0.02830188679245283,-0.3127572016460905,0.4723163841807909,1.066
0.9679679679679679,-0.34207968901846453,0.06826801517067003,0.3364377182770663,0.3305921052631579,-0.02606310013717421,-0.33314606741573033,-0.06302521008403361,-0.6107702794819359,0.0,0.524759793052476,-0.4831288343558282,0.6293706293706294,-0.4710144927536232,0.24664224664224668,-0.4908579465541491,-0.5288169868554096,0.21393939393939393,0.238544474393531,-0.28477366255144027,0.31186440677966104,1.286
0.968968968968969,-0.4217687074829932,-0.23093131057732827,0.2572759022118743,0.20230263157894737,0.7174211248285323,-0.4550561797752809,-0.2072829131652661,-0.6053169734151329,0.0,-0.0753880266075388,0.35736196319018404,-0.09440559440559441,-0.7236024844720497,0.29242979242979245,-0.43741209563994377,0.47724974721941354,0.5096969696969698,-0.04043126684636118,-0.22139917695473252,-0.11299435028248588,-0.04
0.96996996996997,-0.6034985422740525,0.688158449220396,0.6123399301513388,-0.16776315789473684,0.5816186556927297,-0.29831460674157306,-0.1358543417366947,-0.49011588275391954,0.0,0.06947524020694752,0.6702453987730062,-0.04982517482517483,-0.6469979296066253,0.8534798534798534,-0.760196905766526,-0.4570273003033367,0.7624242424242424,0.3706199460916442,0.5489711934156378,0.2350282485875706,0.48
0.970970970970971,-0.5889212827988338,0.058154235145385584,0.39580908032596046,0.08717105263157894,0.25788751714677643,-0.6415730337078651,-0.3697478991596639,-0.6516700749829584,0.0,0.25498891352549885,-0.2822085889570552,0.4344405594405595,-0.06832298136645963,0.3058608058608059,-0.3066104078762307,-0.27098078867542974,0.30484848484848487,-0.4272237196765499,-0.3448559670781893,0.4022598870056497,0.929
0.9719719719719719,-0.4664723032069971,0.07416772018541928,0.3771827706635623,0.6332236842105263,-0.24142661179698216,-0.3938202247191011,-0.12745098039215685,-0.7614178595773687,0.0,0.5048041389504805,-0.37423312883435583,0.4895104895104896,-0.35921325051759834,0.21367521367521367,-0.5689170182841069,-0.5631951466127402,0.18484848484848485,0.09299191374663074,-0.28559670781893,0.4644067796610169,1.103
0.972972972972973,-0.055393586005830914,-0.3358617783396544,0.22467986030267753,-0.0016447368421052633,0.8765432098765432,-0.4601123595505618,0.0070028011204481795,-0.6066802999318337,0.0,-0.06208425720620843,0.3312883435582822,-0.25611888111888115,-0.546583850931677,0.16971916971916975,-0.42264416315049225,0.7603640040444893,0.2606060606060606,0.05390835579514825,-0.23209876543209873,-0.2937853107344633,-0.144
0.973973973973974,-0.315840621963071,-0.07290349768225873,0.5366705471478463,0.1792763157894737,0.2263374485596708,-0.39662921348314606,0.0742296918767507,-0.5562372188139059,0.0,0.5203252032520325,-0.3282208588957055,0.45716783216783224,-0.10662525879917184,0.34126984126984133,-0.43670886075949367,-0.43882709807886755,0.35515151515151516,-0.004043126684636119,-0.22386831275720165,0.24180790960451976,1.186
0.974974974974975,-0.5315840621963072,0.13780025284450062,0.3329452852153667,0.044407894736842105,0.4471879286694102,-0.42865168539325843,-0.33053221288515405,-0.5330606680299932,0.0,0.24020694752402072,-0.5966257668711656,0.4510489510489511,-0.33022774327122156,0.27594627594627597,-0.5506329113924051,-0.5025278058645096,0.41818181818181815,0.09299191374663074,-0.03539094650205761,0.5401129943502825,0.936
0.975975975975976,-0.5830903790087464,-0.07290349768225873,-0.08032596041909197,0.2286184210526316,0.6982167352537724,-0.48595505617977525,-0.41316526610644255,-0.6809815950920245,0.0,-0.3348115299334812,-0.023006134969325152,0.011363636363636364,-0.5186335403726708,0.3125763125763126,-0.5872011251758087,0.003033367037411527,0.49393939393939396,0.20889487870619947,-0.1251028806584362,0.3672316384180791,0.445
0.9769769769769769,-0.11564625850340136,-0.2954066582385166,0.23864959254947612,0.944078947368421,-0.10699588477366255,-0.5820224719101124,-0.24509803921568626,-0.7102931152010906,0.0,0.24464153732446417,-0.6073619631901841,0.42482517482517484,-0.15631469979296067,-0.12698412698412698,-0.35935302390998597,-0.08493427704752275,-0.062424242424242424,-0.03773584905660377,-0.6279835390946502,0.288135593220339,0.852
0.977977977977978,-0.6997084548104957,0.4572271386430678,0.6717112922002328,-0.16611842105263158,0.45130315500685875,-0.2657303370786517,-0.4103641456582633,-0.4280845262440354,0.0,0.2697708795269771,0.09202453987730061,0.1118881118881119,-0.5548654244306419,0.4908424908424909,-0.6947960618846695,-0.3700707785642063,0.6103030303030302,0.05390835579514825,0.1102880658436214,0.1480225988700565,0.574
0.978978978978979,-0.7599611273080662,0.48546144121365353,0.6332945285215368,-0.09046052631578948,0.6556927297668038,-0.5191011235955056,-0.23109243697478993,-0.6584867075664621,0.0,0.12047302291204731,0.06288343558282208,0.14772727272727276,-0.6045548654244306,0.5695970695970697,-0.609704641350211,-0.35085945399393326,0.686060606060606,0.11590296495956873,0.27983539094650206,0.5096045197740113,0.782
0.97997997997998,-0.718172983479106,0.4205646860514117,0.5343422584400466,0.18914473684210528,0.03155006858710562,-0.34662921348314607,-0.3235294117647059,-0.6278118609406953,0.0,0.4235033259423503,-0.10276073619631902,0.29458041958041964,-0.505175983436853,0.521978021978022,-0.649789029535865,-0.5672396359959556,0.5442424242424243,0.21159029649595687,0.12181069958847736,0.5740112994350283,0.648
0.980980980980981,-0.3654033041788144,0.0012642225031605561,0.020954598370197905,0.3569078947368421,0.32647462277091904,-0.5747191011235955,0.02661064425770308,-0.7007498295841854,0.0,0.31855136733185513,0.026073619631901843,0.1861888111888112,-0.33229813664596275,0.16605616605616608,-0.44303797468354433,-0.09302325581395349,0.3666666666666667,-0.26549865229110514,-0.2650205761316872,0.39209039548022595,0.666
0.9819819819819819,-0.20408163265306123,-0.3299620733249052,0.048894062863795114,0.45065789473684215,0.15775034293552814,-0.7151685393258427,0.10644257703081232,-0.8009543285616905,0.0,0.4575018477457502,-0.20858895705521474,0.5340909090909092,-0.12836438923395446,-0.06410256410256411,-0.24542897327707455,0.07077856420626896,0.04424242424242424,-0.42318059299191374,-0.7415637860082305,0.4022598870056497,0.692
0.982982982982983,-0.40524781341107874,0.0766961651917404,0.21536670547147846,0.4095394736842105,0.49108367626886146,-0.4477528089887641,-0.13025210084033614,-0.4826175869120654,0.0,0.23651145602365115,0.26380368098159507,0.23164335664335667,-0.15631469979296067,0.22710622710622713,-0.4219409282700422,0.032355915065722954,0.5333333333333333,-0.35714285714285715,-0.14074074074074075,0.26101694915254237,0.421
0.983983983983984,-0.402332361516035,0.1597134428992836,0.27823050058207216,0.6661184210526316,-0.07270233196159122,-0.47359550561797753,-0.21988795518207285,-0.5753237900477164,0.0,0.46932742054693277,-0.2116564417177914,0.770979020979021,-0.2608695652173913,0.22161172161172163,-0.4085794655414908,-0.4287158746208291,0.37272727272727274,-0.2587601078167116,-0.2617283950617284,0.33559322033898303,1.148
0.984984984984985,-0.3867832847424685,-0.2545301306363253,0.21536670547147846,0.7483552631578948,0.056241426611796985,-0.8382022471910112,-0.4005602240896358,-0.947511929107021,0.0,0.29416112342941614,-0.4708588957055215,0.5305944055944056,-0.07763975155279502,-0.08302808302808304,-0.03656821378340366,0.10414560161779575,0.0296969696969697,-0.9002695417789758,-0.7876543209876542,0.3163841807909605,0.873
0.985985985985986,-0.4509232264334306,0.36746734091866834,0.5157159487776485,0.4457236842105264,-0.027434842249657067,-0.4595505617977528,0.061624649859943974,-0.5391956373551465,0.0,0.42645971914264597,0.13496932515337423,0.42395104895104896,-0.2204968944099379,0.3272283272283273,-0.3846694796061885,-0.3943377148634985,0.5296969696969698,-0.16037735849056603,-0.07160493827160493,0.5966101694915255,0.85
0.986986986986987,-0.717201166180758,0.540244416350611,0.6367869615832363,0.18914473684210528,0.37311385459533614,-0.2915730337078652,-0.23529411764705885,-0.41308793456032716,0.0,0.13968957871396895,-0.032208588957055216,0.23601398601398604,-0.3975155279503106,0.6507936507936509,-0.7180028129395217,-0.5369059656218402,0.56,0.029649595687331536,0.19917695473251026,0.34576271186440677,0.867
0.987987987987988,-0.73955296404276,0.4428992836072481,0.5552968568102444,0.0016447368421052633,0.5541838134430728,-0.505056179775281,-0.4481792717086835,-0.6932515337423312,0.0,0.13968957871396895,0.11963190184049079,0.1118881118881119,-0.6273291925465838,0.4987789987789988,-0.6969057665260198,-0.2841253791708797,0.6127272727272727,0.10107816711590296,0.1588477366255144,0.5988700564971752,0.736
0.988988988988989,-0.34985422740524785,-0.3156342182890855,0.20838183934807916,0.3355263157894737,0.4403292181069959,-0.5359550561797752,-0.48739495798319327,-0.6516700749829584,0.0,-0.04065040650406504,0.02760736196319018,0.034090909090909095,-0.37681159420289856,0.16971916971916975,-0.4015471167369901,0.1911021233569262,0.36363636363636365,0.16037735849056603,-0.31440329218106994,-0.0011299435028248588,0.389
0.98998998998999,-0.586977648202138,0.41382216603455535,0.4738067520372526,0.26973684210526316,0.037037037037037035,-0.30730337078651687,-0.4607843137254902,-0.5916837082481254,0.0,0.2719881744271988,-0.20705521472392638,0.38199300699300703,-0.634575569358178,0.32051282051282054,-0.6104078762306611,-0.6916076845298281,0.35393939393939394,-0.006738544474393531,-0.2362139917695473,0.7299435028248588,1.0
0.990990990990991,-0.3469387755102041,-0.14201432785503582,0.24563445867287542,0.3832236842105263,0.4650205761316873,-0.37696629213483146,-0.14985994397759103,-0.6053169734151329,0.0,0.2697708795269771,-0.6549079754601227,0.23863636363636367,-0.3944099378881988,0.22954822954822957,-0.549929676511955,-0.18806875631951467,0.2672727272727273,-0.04582210242587601,-0.3893004115226337,0.2734463276836158,0.978
0.991991991991992,-0.5898931000971818,0.25832279814580694,0.15017462165308498,-0.06743421052631579,0.5445816186556928,-0.35842696629213483,-0.33473389355742295,-0.5944103612815269,0.0,-0.3229859571322986,0.15950920245398773,-0.23688811188811193,-0.5320910973084887,0.48840048840048844,-0.6694796061884669,-0.0910010111223458,0.4575757575757576,0.1765498652291105,0.194238683127572,0.24745762711864405,0.396
0.992992992992993,-0.4256559766763849,0.24525916561314787,0.7019790454016298,0.5032894736842105,-0.028806584362139922,-0.5612359550561797,-0.4831932773109244,-0.7423312883435582,0.0,0.5558019216555802,-0.4524539877300613,0.6232517482517482,-0.16045548654244307,0.1623931623931624,-0.23488045007032352,-0.34277047522750254,0.2509090909090909,-0.4946091644204852,-0.48395061728395056,0.38983050847457623,1.046
0.993993993993994,-0.4033041788143829,-0.3084702907711757,0.40395809080325956,0.3667763157894737,0.2674897119341564,-0.546067415730337,0.04201680672268908,-0.7573278800272665,0.0,0.5284552845528455,-0.43404907975460116,0.3968531468531469,-0.2525879917184265,0.18681318681318682,-0.27637130801687765,0.021233569261880688,0.2109090909090909,-0.2991913746630728,-0.5292181069958848,0.22598870056497175,0.731
0.994994994994995,-0.5539358600583091,0.0404551201011378,0.409778812572759,0.4243421052631579,0.5555555555555556,-0.5387640449438202,-0.28991596638655465,-0.6659850034083162,0.0,0.22099039172209903,-0.2607361963190184,0.1730769230769231,-0.3633540372670807,0.2417582417582418,-0.6230661040787624,-0.2800808897876643,0.3175757575757576,0.09838274932614555,-0.2716049382716049,0.48813559322033895,0.814
0.995995995995996,-0.5053449951409136,0.5339233038348081,0.6903376018626309,0.2894736842105263,0.2085048010973937,-0.35168539325842696,-0.32633053221288516,-0.40763462849352416,0.0,0.30968218773096823,-0.22699386503067484,0.4195804195804196,-0.3664596273291925,0.4841269841269842,-0.6223628691983123,-0.704752275025278,0.5078787878787879,0.11590296495956873,0.04444444444444444,0.63954802259887,1.152
0.996996996996997,-0.5694849368318756,0.18836915297092288,0.45052386495925495,0.4210526315789474,0.08093278463648834,-0.6286516853932584,-0.31652661064425774,-0.7252897068847989,0.0,0.28603104212860314,-0.03374233128834356,0.42569930069930073,-0.5020703933747412,0.24053724053724057,-0.5611814345991561,-0.3225480283114257,0.33696969696969703,-0.21159029649595687,-0.22469135802469137,0.4384180790960452,0.91
0.997997997997998,-0.05053449951409135,-0.6346396965865991,0.09778812572759023,0.40131578947368424,0.5816186556927297,-0.8196629213483146,-0.02661064425770308,-0.7825494205862303,0.0,0.1714708056171471,-0.21779141104294475,0.13374125874125875,0.033126293995859216,-0.13125763125763126,-0.1279887482419128,0.6825075834175935,0.060000000000000005,-0.559299191374663,-0.679835390946502,-0.06214689265536723,0.156
0.998998998998999,-0.326530612244898,-0.07796038769490096,0.1920838183934808,0.3338815789473685,0.4499314128943759,-0.5814606741573033,0.0350140056022409,-0.6148602590320381,0.0,0.07390983000739099,0.01380368098159509,0.15384615384615385,-0.6697722567287785,0.2619047619047619,-0.6167369901547117,0.1122345803842265,0.41696969696969693,-0.026954177897574125,-0.17530864197530863,0.1807909604519774,0.498
1.0,-0.6365403304178815,0.5600505689001264,0.6670547147846333,-0.3207236842105263,0.3758573388203018,-0.349438202247191,-0.16106442577030813,-0.4846625766871165,0.0,0.4183296378418329,-0.015337423312883436,0.2333916083916084,-0.5258799171842651,0.5732600732600732,-0.5386779184247539,-0.4762386248736097,0.5806060606060606,-0.0660377358490566,0.09958847736625513,0.5943502824858757,0.77
