0,1,2,3,4,5,6,7,8,9,10,11,12,13,14,15,16,17,18,19,20,x20
-2.1676223443288483,0.8268463975158186,-0.4714847396350724,-1.0968910745669609,0.030205630164485606,0.2518495360406809,3.7927055494218616,1.406479535308135,-1.8277070233717294,1.133724198848258,1.019533795841618,1.2872641203043282,0.10260983664643136,0.6315089462254767,-0.15595586583977397,-0.9738007606769928,-1.8430378317676015,-1.3781790922702202,1.6547644241303188,1.1093414897251916,-0.045195070305121245,-0.14
-2.149892741672655,-1.7063043385159165,-0.4988597269089653,1.8181701099390286,-2.2243301951923033,-0.25693718228945556,3.7927055494218616,-0.03337931154986286,-1.621904958143797,1.8400427660007355,0.08935577503177536,1.0620087140484693,1.060476502398036,-0.4135663326221664,-2.1056573981158806,-3.0609994229315824,-0.7821236708113046,1.295893796200591,1.5721089350276445,0.6406978376366622,0.26817692269841775,-0.503
-2.1346806654853125,0.11675426228499375,0.4136441117135276,0.32287339613782984,0.38379846819815777,0.1906856073182134,3.7927055494218616,0.18068295295476156,-0.9147652278753537,-0.3342986922523267,0.6174049521999632,0.4860896435476529,-0.9906906368428451,0.7988175143441159,-0.7501193826558926,-1.0453446488146827,0.277803318592366,0.5598370345442911,1.364383729963305,-0.4793787593203824,-0.5669785788876304,0.105
-2.12090290989642,-0.3431094644581328,-1.403496311476885,0.7852258519883811,-2.5693354192066935,0.11427354255551407,3.7927055494218616,-0.4547405049575257,-3.510931120601615,2.0849060167562135,2.1184297237111744,3.0683735954067677,-1.0458996939241265,1.2976677345883076,0.7784246227378522,-1.8495327516495859,-0.6439715717080366,-0.15513934879727073,3.129106304346207,1.031760281291234,-0.5945885736903727,-0.208
-2.1081020762559275,-0.536654743279968,-0.16989545759918276,0.6951894589004328,-0.784937156040836,-1.9527913292190322,3.7927055494218616,-0.14885055444686915,-1.0890012432404843,-0.2907532595799858,0.8910058525542253,1.3862175514876212,-0.06434727436350496,0.3813061790260997,-0.2354614030884987,-1.8954228844027248,-1.2955905497988036,-0.5729538999741112,1.0224171439973393,0.18122058633532417,0.6068603755946916,0.02
-2.0960295081518927,0.8647713455312748,-1.0393666304315203,-0.3042945414008895,-0.5593846724600116,-0.7384537350845843,3.7927055494218616,-1.7478030215674096,-2.7205045394727,1.5265593070683006,0.9746785600845974,2.3716445011525518,-0.7142779308624186,1.5400930491383285,1.758180999699774,-0.6838765616534529,0.12690072139840888,-0.6624493204481925,2.359317359714147,-0.9231258652695511,-0.8299037587410072,-0.187
-2.084530736762049,1.211597325556994,-0.6465599804263309,-1.1142939235789602,-0.4610385335232536,-0.7384537350845843,3.7927055494218616,-0.099344935951792,-2.789161105568891,2.379378122690303,1.4603617194338803,1.6243299074278372,0.5887245503825707,0.6259390623119405,1.2009639566064092,-0.5164220500643242,-0.5946341938590951,-0.7192845098756935,2.5130433666855096,0.7361651068581181,-1.4023710870824933,-0.646
-2.073501376838326,1.2727365947909273,-0.7175988758670913,-1.1287793853165267,-0.34654976126796944,-1.0265606501277806,3.7927055494218616,0.01606371930191215,-1.8918576998300416,1.00849008393014,2.182892153234263,2.1830938243480644,-0.9670220613381636,1.800505531775972,1.7945995170119005,0.20668468038551804,-0.71098418814409,-1.7342122661822141,1.6012960955906268,0.2098114674600372,-1.3461945535230575,-0.318
-2.06286664706095,-1.2062066341354538,-1.3926455975076133,0.9955907643506069,-2.39786359921268,-1.2334400298479067,3.7927055494218616,-1.7142047914526108,-3.1861884483743617,2.3568359134008254,1.1405784616427668,2.35736567759732,0.24587786307899825,0.22607176113870472,-0.22663184574429288,-2.3709893372705166,-1.4903873686599087,-0.5729538999741112,3.0125880446393145,-1.8247490707452012,-0.9028082314393632,-0.472
-2.0525706193346416,-1.5620869061620817,-2.424063638261004,2.131863909646028,-2.695132578497962,-0.63216003355145,3.7927055494218616,-1.9833135529337678,-2.2249106320091503,0.7562771994674534,0.16392364476774757,2.0637809157660745,-1.2113778427882735,0.026974141719071924,-1.3526019371040172,-2.7686958315178156,-2.593246778525546,-1.0744333159010877,2.1619748178931752,-1.3253569819293085,0.029902886463579838,-0.199
-2.042570059075063,0.6371202016545164,-1.1101221138956736,0.6631197987072799,-0.9973046889545737,0.04299808226775192,3.7927055494218616,0.47627260475964656,-1.6822320489683253,2.0213010958652022,1.583713992444699,1.7695132877295647,0.1901448713310791,-1.336183327314557,-0.12943419091412997,-1.3677538666509406,-0.6081061149493594,-0.9134543959599151,1.9992868242974393,-0.1527467851638325,-0.07252909292097556,-0.656
-2.0328306553191,-0.5337212845410348,-1.1971365296082346,0.28820101152371735,-1.3601741896796924,-0.4294673206964085,3.7927055494218616,-1.2450696370950087,-1.8243021237882653,1.8605556358837914,1.826918793592119,1.7094962939196294,-0.41349124491538336,1.022547302214303,0.02990605492493586,-1.3876725775175254,1.3880817135873773,0.896695847309919,1.430731813520756,-0.7210882767629775,-0.5773305309010445,-0.3
-2.0233245911616993,0.49690989850323014,-1.2949378423393345,0.05647758159607356,0.24999430968621242,-1.3795950052373138,3.7927055494218616,-0.6205298351967237,-1.0369089112225776,0.5522964941904093,0.4189331513345676,1.1998846371044285,1.2367699423322454,0.45349491264935093,-0.6141104807417593,-1.1234306936014045,1.443140547780898,0.9897999436872628,1.4482031569971268,-0.008265217057400149,-0.8646061477810106,0.047
-2.014028911439718,0.7042731179303545,-0.3454683406220673,-0.8509713604067386,-0.7943575156734324,-1.4299603820271662,3.7927055494218616,0.08194648498227196,-2.452099488727891,1.8707770088577966,0.5184847129552872,1.5956374293046722,1.2848857701310745,0.559135592608349,-0.15153627726344127,-1.4915217587038196,-1.7814619468903707,-0.8407671302649977,1.9449188241840494,0.11821127928415934,-0.24368261041950626,-0.188
-2.0049243877827094,-0.7743595547481481,0.8614680273371987,0.5544257428266355,-0.6931807058903653,-1.273772911131484,3.7927055494218616,-0.3223347346452389,-1.7347692472573408,1.0744211946447637,1.724128856043345,-0.17182169635774466,1.8876042051197364,0.7653227314105034,-1.7083786731663604,-1.4097920796897199,-1.7402587400109286,-0.9940387819229044,1.0419882427157858,-0.6855835146052993,-0.46701982179635076,-0.19
-1.995994706444346,-0.03546995068994758,0.4246820971334417,-0.5378127032457484,-0.5101864587626236,-1.6262269609236932,3.7927055494218616,-0.6869347306215563,-1.3495138974824354,2.688708069046418,1.1975547062857101,0.28898858102184627,-0.31836122781353715,-0.21564056749609814,-0.5613942315746617,-1.614889264845052,-2.066536585329866,-1.4497070947761674,1.223066232649617,-0.8992828915870975,-0.1340812499477398,-0.701
-1.9872258726985996,0.1577223344839304,-1.001246368205194,-0.2185971479946904,-1.2745951669621522,-0.6726624969935356,3.7927055494218616,0.5745998994412821,-2.4206405116356438,1.9063679384351868,1.559136542156885,1.6569339796106872,0.33350339909279403,2.044983090293196,0.9264477860385303,-0.19031147971609944,-0.18952032063458268,-0.8650131419067268,1.8516224008286681,0.49405372985754287,-0.47390716850402076,-0.213
-1.9786057647286013,-0.4662597688738623,-0.3180537763084798,0.7755621662923112,-1.5221383452390234,-1.7066746778145454,3.7927055494218616,-2.0254278935175125,-1.7278017206037002,1.460282018868817,0.47873973576857815,1.3734038529819839,-1.2349992040645332,0.40351022003204046,-0.12943419091412997,-2.0131893326846555,-0.648448637251066,-0.14690012260808458,1.143136665835041,-1.192692081137301,0.10149178266456514,-0.364
-1.9701237932794458,-1.520892386675407,-1.164515009279002,1.5776735306238197,-2.852623339094292,1.7194992592721754,3.7927055494218616,0.04901097882147642,-2.6736592888577237,2.297560295356311,1.7846962171066973,2.3823296677816423,-1.6123059740257828,-0.5178228833554381,-1.5870749766398,-3.288052559658305,-3.0723453405334524,-1.7106026486511512,2.1147163739429202,0.533611403551026,0.8461648062492984,-0.458
-1.9617706377639896,-0.45159627217239867,-0.5535881639189042,0.9339059939004979,0.05337933354762217,-0.14009670232640245,3.7927055494218616,0.09017853059278673,-1.5207167391886067,-0.38538885292851655,0.9554121494396846,0.8148116325908162,-1.069553145617873,1.6192293380904719,-0.07636092764391866,-1.2146875228350313,0.277803318592366,-0.2292120900802516,1.0614615048813854,-1.44038605759074,-0.4085149997575186,0.041
-1.9535380386916263,1.949834581678459,-1.2732123614508517,-1.2527123578494817,0.7927704238182244,-0.20107008547847435,3.7927055494218616,0.6564633616342742,-2.0105920069612178,2.32959757185895,0.6108299507136962,1.9725614498987973,0.46105651160600813,-0.5890763507899348,0.07423171586159433,-0.7154615719284694,-1.8716803929205688,-1.6238790379946193,2.401239833341354,-0.06018449905581253,-1.4304870998662316,-0.602
-1.945418632295214,1.182476283812715,-1.153638806109647,-0.5317879013945844,-0.829699245390565,0.1652096544295998,3.7927055494218616,0.09017853059278673,-1.06101423388129,1.2447403841536546,0.14362022536049718,1.968727384670422,-1.557357271991062,-0.4574808423039553,0.9174670872548051,-0.9760387142411849,-3.1552089674641226,-3.2153506797461584,1.364383729963305,-0.3272161586029887,0.23419946145922993,-0.311
-1.9374058172536814,-0.7273908917791261,-1.164515009279002,0.885319922148907,-1.5913327306846903,-0.195990068062805,3.7927055494218616,-0.04986625021459666,-1.6822320489683253,1.624374130361087,-0.7457215775545827,0.9257745800104196,-0.9038837978818306,-1.6829350475340823,-1.478610097542928,-2.3407466421150245,-2.314391093627637,-0.4014829491858792,1.5929853197246095,0.49405372985754287,0.37676959460344656,-0.504
-1.9294936461598045,0.8326814535994153,0.6788289937564714,-0.886359213209847,0.3745795557939554,-1.1325597360879096,3.7927055494218616,-0.10759399756822274,-2.1601046654308886,1.624374130361087,1.844970101992763,0.08202592008714828,1.4935632381435606,0.5424448153624938,0.1363351965903038,-0.18572595205251408,0.607417256315912,0.2173737668121148,1.1145103625460657,0.18694123669797358,-0.10671604999947834,-0.12
-1.9216767363016651,0.09626775502294009,0.5627408784791209,-1.420843898081474,0.8294157686877962,-1.3292128335487547,3.7927055494218616,0.5172544591663798,-1.546227403088328,0.42161265712039553,0.8586961546258833,-1.2918499653643056,0.26977027821409516,-0.011676533393579127,0.20737898110900116,-0.8392587743575937,-0.03669280375247446,0.3089705861446379,1.364383729963305,1.241865961683134,-0.16488381313076791,-0.141
-1.9139501956876706,-1.397337222622453,-1.706864364470914,1.7210518099883771,-1.5245231687510978,-0.7333939757363558,3.7927055494218616,-0.9280826444512411,-1.3229170682677707,1.1631495768268831,-0.4489672797876645,1.2698872326936204,0.03898301250400288,-1.064301199762815,-1.8813494499709382,-3.1141448735244626,-1.7196108116531585,0.8122299707553945,1.7351699013789932,-0.3564098681273514,0.3971080139595648,-0.185
-1.9063095612260008,1.182476283812715,-0.9413128551739438,-0.8421112693920003,-0.06954724342244047,0.19578143246433974,3.7927055494218616,0.2710998989862698,-2.1694378989035084,1.3080219871453227,1.8028092297085279,2.0297516570840024,-0.38178889108490566,-0.011676533393579127,0.5681780302066841,-0.6545207020826422,-0.5225789067233252,0.20074232302347567,2.389359421542279,0.19266064856260154,-0.7432580380463826,-0.209
-1.8987507466863778,-0.5513224710826452,-0.21930385816009743,1.099837528446015,-1.3696902021614852,-0.3178558970633048,3.7927055494218616,-0.4795887859330689,-1.3570865064414122,1.00849008393014,0.4122739820879518,1.1246412771225056,-1.0774366173497951,0.27593176938503616,-0.2884158014246391,-2.124105766291493,-0.8925671977374287,-0.22098893549146936,0.5938511931525001,0.2155259396093209,0.7754820368900838,-0.265
-1.8912699986030157,-0.5425217476326853,0.04996224354842315,0.6119034199572091,-1.562691933912076,0.7474169817328522,3.7927055494218616,0.31216984928157704,-2.000837641795164,1.3422337739940555,1.5098420483086903,0.6403237878122402,-0.40556637546914315,0.45349491264935093,-0.6799525730198124,-1.6258851019325087,-2.2309089761645713,-1.9771060851945668,1.2416213986985092,0.7417707595857171,-0.3500769292720938,-0.119
-1.8838638586755385,-0.10868601765558562,-0.38931707560284845,0.6055096331118208,-0.29989377560906505,-2.5139549165906505,3.7927055494218616,-1.4458413187212968,-2.8190577438399664,1.2157360486588935,1.37956072167023,2.003137379435908,2.07290063461941,1.6588364303637233,-1.6780701671140172,-1.1724263922738225,-0.3637664022600738,0.3339878106756803,2.8264860183099243,-0.6914978439064451,-2.3660794123652935,0.036
-1.8765291315262154,2.558364095054184,-1.874435316550252,-1.7528740483725989,1.6267603337738543,-1.8875320562979154,3.7927055494218616,-0.9031053023663309,-1.6787065097180593,1.8090979764897084,1.711980228620762,1.2306081443605592,-0.31836122781353715,-0.27067134179884617,2.417191658022249,0.08608466735567258,-0.1479779859681562,-0.0065617223924590035,1.6095841842835634,-0.738857533759823,0.2443948298237357,-0.276
-1.869262856902714,0.5787098129129814,-0.13694425112746642,-0.5287746776607548,0.0858071866287398,-2.0782160182674474,3.7927055494218616,-0.8032671898711563,-1.4358896913409227,0.6486941494082874,0.7743591794537595,0.19873988194029527,-0.5164707718510111,-0.09994539185708107,0.25181862647167264,-0.3275573010109141,0.18334135259917575,0.05137304026532967,0.6798463666166011,-0.10642354056604687,0.1661833828032293,-0.274
-1.8620622855940179,0.2191619619202244,-1.598617608916297,-0.08619891235590899,-0.2882363364698194,-0.5156487452117456,3.7927055494218616,-0.4795887859330689,-1.885153463381358,1.7831495911303572,0.9039098540572346,1.4540833516677023,-1.4630993553145937,0.25376749195573567,0.57711113091729,-1.5069643777194828,-0.7599305514767413,-0.937649573518812,1.3554378104796498,0.3636740931678469,1.268606530304403,-0.139
-1.8549248584662879,-0.020829153656409156,-0.36191372215707607,-0.42903253738976344,-2.0151394893420846,-0.47509965118473224,3.7927055494218616,0.6810090425048304,-2.1538685511155804,2.428471487899288,3.0146779154336083,2.526350041737598,-0.809116535471625,0.2703900575809996,0.6039176185366001,-1.965251248564071,-0.6394931450665493,-0.07266709260558056,2.2789050092657757,0.5505473209210218,1.1013042841749914,-0.344
-1.8478481881348472,-0.7244555863991189,-2.0687195458186793,1.438359968574746,-2.3255139607113073,0.24675136978696638,3.7927055494218616,-1.1281549968545375,-3.5043570991976494,3.376891386845382,2.7133616529299727,2.1013451079861,-2.011853284220064,0.5647000791572492,0.11414899344124305,-1.8167221034965308,-1.329677919483239,-1.330405518104028,2.769858673734404,0.043549655070039224,-0.3500769292720938,-0.534
-1.8408300428751472,-0.3489725683427668,1.0388182211707468,-0.6279198521881825,-0.034729994799820696,-0.03332352750489929,3.7927055494218616,-0.7284639573385495,-1.1877634292205352,0.5652293849710095,1.6143702839866891,-0.6013364585212796,0.46105651160600813,0.12092469814984863,0.15408928492146512,-1.2813161503326633,-0.5361154964605558,-0.08917574551226749,0.0850935553538812,-2.0649045431612274,0.42760232924750446,-0.138
-1.8338683324447493,-0.536654743279968,-1.0393666304315203,1.5743481084973376,-0.5125280819848355,-1.1073288466297888,3.7927055494218616,-0.9613967897494662,-2.2095919877976065,1.3818755146754915,2.141912314945793,-0.03624862492077706,1.2608259472363366,0.010407090531499073,-1.6867309214086625,-1.6060903565345197,-0.18490964222205852,0.009982268469261582,1.4438440314997159,-0.4617768333943709,-0.11013593810508945,-0.263
-1.8269610955439468,1.0222305257288813,0.6345922857327798,-1.2326162969576067,-0.8084913016680887,0.7883838139661283,3.7927055494218616,0.11487028492822943,-2.4435525081360363,2.4461536685437415,0.25834242547826247,1.1157306286425388,-0.191414611242504,-0.7641969723099667,0.6530909298055876,-1.3522541968131128,-1.5825450116179722,-0.9698833449225058,1.7032758688460836,1.2253326230255053,-0.41883450647881737,-0.602
-1.8201064886876006,0.9289361702110583,-2.80516666063056,0.3860622415554755,-0.540636497139607,-1.9126349102114735,3.7927055494218616,-2.7440206614018505,-2.809134274704109,2.8295130958059835,1.0706257434249271,2.676911589787747,-0.9038837978818306,0.436829399079548,1.3273700310030765,-1.332316575927557,-1.595062998982197,-0.4178481393874971,2.4991141822901746,-1.9415396454170106,-0.7501839486834013,-0.463
-1.8133027762973384,0.631279850783462,-1.501102037645694,-0.16021290101155272,-1.5961073741333711,0.7422971782181573,3.7927055494218616,1.0077053087407872,-2.4406980611111653,2.23264623669366,0.6830000564415112,2.10508742890733,-0.6905571974274812,-0.6328926594710023,1.1108286054050227,-1.453992171764569,-2.1829916254090187,-2.571928740191083,2.359317359714147,1.516098547944099,-0.27454897178337245,-0.392
-1.806548321853198,1.4909307071475146,-1.1917003462659528,-1.3726308497777795,0.24306570303491357,0.27224434191555696,3.7927055494218616,-0.8032671898711563,-1.5425917549624533,1.0445432325205342,0.3522156858395263,1.6447307059586274,-1.1168463695637119,-1.5043143591439794,-0.04095650239058391,-1.3611119388560335,-0.80428212680532,-0.7355064316452858,1.0419882427157858,-0.19334934202844964,0.6878571999951101,-0.18
-1.7998415799684044,1.1679140571505728,1.0221815139216603,-1.9599612088840042,-0.3909123646952922,1.5336280954263761,3.7927055494218616,0.33680327433625445,-2.2462400822555035,0.5263568890179248,1.1595963498554422,1.1157306286425388,-2.050948366295863,1.6418587640695714,2.022721452399872,-0.32070954563272025,-0.7332531998470748,-1.4814461167112063,1.3955097646296668,0.47142373608454136,0.04354601839335646,-0.025
-1.7931810892713405,0.9697578014733828,-1.3383749626820578,-0.5618899255098115,-0.2882363364698194,-0.37367332971671763,3.7927055494218616,-0.7450812846919087,-3.293818248981806,2.23264623669366,2.741138313805739,1.7495818541169896,-0.4214156345190024,0.8602680711676233,0.5637119282598444,-0.6387028954649353,-1.058751382031568,-0.7598253595667208,3.172436208303387,-0.2049620841732229,-2.608275557970065,-0.319
-1.7865654659956727,0.4238497285095736,0.7728832743310077,-0.0707423258956698,0.5610122625514693,-0.7131531000750334,3.7927055494218616,-0.6454256504587496,-2.197287014234056,0.6805198941454832,1.8148698882380472,1.2785818725290545,1.437352907766845,0.6872327234417476,1.097319320099075,-0.7672865543173794,0.869307978759556,1.0661245497903133,2.31022905701026,0.26119750587552887,-1.1117382445879391,-0.219
-1.7799933981937297,1.8714828142585829,-1.636516314164549,-1.3669462872470186,0.6184494535563193,-0.09943173107794037,3.7927055494218616,0.024301638651025907,-1.8918576998300416,1.2965701771645153,1.583713992444699,1.8367348805928978,-1.0932020405400082,0.03249731921930388,2.3068336940797725,-0.036311760930781874,-0.11096439483861377,-1.2506269004271717,1.3103550767467733,-0.21077045470061223,1.0644396381967907,-0.126
-1.7734636405000528,-0.03546995068994758,-0.9903521239088634,0.10947360677121276,-0.9973046889545737,-0.5004442612439113,3.7927055494218616,0.9424513753661602,-3.546488402043174,2.3067423162307676,2.824008656887016,2.4319251040000536,1.1566109147047912,2.4911900274605285,-0.04095650239058391,-0.520959199206068,1.5990167899005947,1.312960889705551,3.172436208303387,1.2253326230255053,-3.145001458201246,-0.319
-1.7669750093820162,-0.6188032830174979,0.17657242502755846,0.23787240867572493,-1.7897573148194175,1.034504166881322,3.7927055494218616,0.5745998994412821,-0.7349683451874636,0.049462757239342015,-0.6038125343347378,1.7695132877295647,-1.4080806984723397,-1.379603510173091,-1.008289491801319,-2.86063783599351,-2.046362937048651,-1.32243641730007,0.9581326432387403,-1.066591794956684,2.1979556094143753,-0.04
-1.7605263788228338,-0.3431094644581328,-3.462729081117317,0.9793425582700032,-3.5950092088905086,0.36916676680550653,3.7927055494218616,-2.160312177421269,-3.746190286207136,3.596338014621437,3.871387480769074,3.907367320380268,-2.9074518511923917,-0.31466736786711036,1.7627321059114616,-2.0610718706137363,-0.5901408477373616,-0.7436146027516541,3.3627364766584176,-0.8754594923073407,-1.1152285138120792,-0.851
-1.7541166763894178,0.6371202016545164,-0.25771724809785607,-0.12324275928464787,0.07885985809655693,-0.38889218917547796,3.7927055494218616,1.803743642982829,-0.9843112955542699,0.33534392770300747,0.27850410139703313,-0.04660691490812375,1.3731376846021166,0.33691898178856067,-1.652082224584272,-0.5549675000734636,0.9818786974164915,1.1340803096898269,0.27982553412818184,1.6631723321933929,-1.0176022867115386,-0.169
-1.7477448796436463,-0.40467804835951243,1.4887810830956512,0.2504429683891209,0.2846258549510228,-0.16550577731971966,3.7927055494218616,-0.03337931154986286,-1.1445370938161863,0.6231231880396033,1.429342297913145,0.04619423528091098,0.7884334168978058,0.9609460762085589,0.02990605492493586,-1.0855245451139768,-0.12948141030680402,-0.4342060656057777,1.580476554589705,0.043549655070039224,-0.27454897178337245,0.144
-1.7414100128607888,0.7859964718363864,-0.03803225304207383,-0.43509431535575027,-0.7119887867078742,0.28754269930379034,3.7927055494218616,0.45987498192471027,-1.639734963624352,-0.23304563512414145,-0.6250297480229948,0.43726200536174026,0.32553517011045746,-0.039271806739983865,-0.8946293328123012,-1.5378309314296976,-1.8512274105260718,-1.0503349632437764,0.9331303806356491,1.3847755392773144,-1.1501461012875667,-0.291
-1.7351111440233105,1.4880230511990402,0.19309695193362017,-1.622897630139395,0.28924195508906275,-0.6979705093752514,3.7927055494218616,-0.11584380807892972,-1.6004133750181213,0.27500648653117254,1.064249245723896,1.6772112278337399,-1.3844934479910334,0.4423841306038643,0.43878181037069447,-0.823527873502093,-0.5766527031300961,-0.8245937426965374,1.824892033700544,0.13541062483110575,-0.965387979428366,-0.222
-1.728847382062102,0.24548859698892597,-0.7940461256702065,-0.621928244819637,-1.4530159203059647,0.8293656650228535,3.7927055494218616,0.3942564641894788,-2.3508537240958427,2.325037919835774,2.3970649892265237,2.116299124121436,-0.6826493045788062,0.34246586316711647,0.7739443065038425,-1.6742300215251709,-2.1349166504399064,-2.732130831586162,2.4765816310232154,0.22695119120002522,-0.42571533468018147,-0.44
-1.7226178743204983,0.9785042159098778,-1.3926455975076133,-1.3327843036249425,0.0927537023280837,-0.7384537350845843,3.7927055494218616,0.2793153164891592,-0.76039184525449,0.9051546233486218,-0.5967455599372231,1.2306081443605592,0.756461481741305,-1.4880579448655094,0.38976548238394465,-1.3832471126685566,-0.8131357798914264,-0.4669000907303086,1.517162672476364,-0.3680965054344897,0.48515939883289944,-0.22
-1.716421804219307,-1.4120439178062387,-1.104681185910607,1.1128996125457007,-2.1256770648383005,-0.17566800599875368,3.7927055494218616,-1.2534264201581302,-2.29148877577366,1.4435789241643509,1.1405784616427668,2.2745435831244425,-1.2349992040645332,0.5313198621126397,-0.33692291272200864,-2.672279951836592,-1.3254219068714024,0.10939382806670847,2.2049573944251186,-0.30971566383760896,-0.11355604359760092,-0.307
-1.710258389103559,0.5494989283314077,-3.0889067889286017,-0.7740107343668461,-3.3120258838421917,1.0807139397272936,3.7927055494218616,-0.512730821314293,-3.596471400163088,3.032102828826818,2.75776757946402,4.018526154035052,-1.8318394170652124,1.1403116754179612,1.3816222606581012,-1.034175484853327,-3.375411754498702,-3.506278115174992,3.4102786510348735,0.5731124133220882,-2.064732432029405,-0.518
-1.704126878253851,0.21038579634742396,-1.001246368205194,-0.11398869041903112,-0.7755185349572132,-0.34830468734777004,3.7927055494218616,-0.03337931154986286,-2.763957472970646,1.6725632710617322,1.850981322045648,1.777465276666275,0.03103174132728092,1.840233924890615,-0.009962965981406717,-0.8908951755853783,-1.9084207499464478,-1.7342122661822141,2.3833900431923736,-0.2514662765017701,-2.333669024347812,-0.264
-1.6980265510470354,0.28936007534102465,-2.0633272333062473,0.07828212080100459,-3.3485761183697864,-0.5105807737266481,3.7927055494218616,-1.2701422701948462,-3.9394548467358512,3.9052484282231115,3.1432268223440034,3.633049457430768,-1.3766299903105748,0.1873156108528427,-0.40301622708493584,-1.8429727616455858,-2.3024938534576336,-3.245309500722977,3.368136387589076,0.4601017215844682,-1.7268587514228395,-0.741
-1.6919567152526698,1.1679140571505728,-0.5700010657447461,-1.0387227086302626,0.23613632636519427,-0.23662464621906812,3.7927055494218616,-0.23142022196126794,-2.7307976448236397,1.2908352883096121,0.6042521350613129,1.3734038529819839,-0.8170165398991321,2.4280436278570496,1.2686498732333444,0.10923697263745495,0.48733250558815816,0.05137304026532967,2.362343561163958,0.20409576251745679,-2.7863942591573823,-0.205
-1.685916705453072,-0.7802311356463589,-0.8649800556746547,0.17826834115636472,-2.4292343533352345,-0.7435133108745322,3.7927055494218616,-0.3471457134012836,-3.361585030503429,2.8295130958059835,3.08453132986979,2.512461041151094,0.7484695959253209,1.1908480340778769,0.1052765019992383,-1.6368778364347183,0.12690072139840888,-0.6299313481807145,2.8656917582851937,-0.5675615642004408,-1.1152285138120792,-0.533
-1.6799058815761123,0.13431281692456,0.6401210247604562,-0.25537483992923465,-0.383905160301734,0.5939232623958935,3.7927055494218616,0.6073535278265969,-1.790095760212703,1.5320438174491917,1.2291077335852918,0.851993808143892,-0.9433489681735524,-0.09443164984849675,-0.30605855087111844,-1.6258851019325087,-1.2955905497988036,-1.5764730550036272,1.7312026206543154,0.9984481820717006,0.08445519905651973,-0.29
-1.6739236275309795,0.13431281692456,0.4467610690559515,-0.05217767418504051,-1.276970765056456,-0.4801689542122444,3.7927055494218616,0.75460934889516,-2.33611580032814,1.8503108921552793,1.3608449337983168,1.9031319408277116,0.015130589944234553,0.3979585551642642,1.399716847738378,-1.4606177339748272,-0.31809445220184374,-0.5729538999741112,2.1452127135265613,-0.04286640110972423,-0.05202728534808088,-0.382
-1.6679693499381572,1.249447824976368,-1.9554275614454824,-0.46537081047890827,-0.7472731642073569,1.1320816682922092,3.7927055494218616,1.973552977522563,-2.8485762601199203,1.7255468150051902,2.2237257931876897,2.557475432300654,-1.6436935637216876,0.7932338926731225,0.9848527591608689,-0.46874322021990805,-0.33180978638638076,-1.1546367635412098,1.9042840125663365,2.0198285529110445,-0.30886627912529757,-0.235
-1.6620424769457098,-1.0651327615972006,0.352953150257045,0.34812606072314345,-0.9642145802489117,-0.08926347038124084,3.7927055494218616,0.16423413793643687,-1.7278017206037002,1.0325497220044806,1.2919981669798297,-0.10378742108860108,-0.8486115968850921,0.4923965376496218,-1.1697427314026814,-1.901974377639444,-1.1884808679551149,-0.5240444200446046,0.5117377405826922,1.0262109034642162,0.12533424216555789,-0.178
-1.656142457124766,1.2872906006614009,-1.1590770557352919,-1.7363652271517596,0.1390431802742903,-0.1045155581790828,3.7927055494218616,1.0158590883731695,-1.3608683997842452,1.3592589361810095,-1.1052194440914533,0.21384806000203616,-1.2979668813736893,-1.7477981110097764,0.278496250856058,-1.8670208457447321,-2.214953914373255,-1.6633289951317913,0.9780232799216555,0.5674728647531793,1.2017372399499557,-0.471
-1.6502687584377564,1.182476283812715,-0.4167133832557339,-1.6423525579141953,0.6528889356501382,0.7730194978038947,-0.26366402215232193,0.9750836159008713,-0.38101527739659896,1.515572486328446,1.2919981669798297,0.13804073094982344,-0.15965904811316012,-0.21564056749609814,1.8811825025896145,1.3842002814476169,0.8595479194437557,-0.023098662175576063,-0.24943690122979018,1.5488418511884245,0.16278042418393202,-0.08
-1.6444208672735912,-0.8536351571673484,0.6511792318249405,0.9436351383318785,-0.8674235911893905,0.7832621408664825,-0.26366402215232193,-0.04986625021459666,-0.76039184525449,0.44137248691111564,1.4913086839396306,-0.25623476679691753,-0.49271349813583726,-0.22114543968670694,-0.5921499900538628,-0.0938678314091893,-0.07851056554482881,-1.0744333159010877,-0.9226593071310129,-0.08907407632330691,-0.33977119704190445,-0.163
-1.6385982875445042,-0.6510820525768798,-1.044811168266572,0.682356126571395,-0.5125280819848355,-0.00280042934157189,-0.26366402215232193,0.9995508722754985,-0.6062107693119281,-0.14012958724168714,-0.6533573581806077,0.7115606479069364,1.044460110968497,0.7262664846323045,-0.009962965981406717,-0.40506024959224984,-0.7821236708113046,0.23401215270917025,1.3103550767467733,0.7753813805627872,-1.104758515701529,-0.076
-1.632800539839767,-0.3079333823644308,0.0664687557470169,0.2535868177309159,0.06959548552896191,-1.0972352718939844,-0.26366402215232193,-0.8781350669827817,-0.43026161222680415,-0.6379529222873969,0.1232918432756139,0.12788280123645634,0.18218484528849632,1.0057412225501632,0.5637119282598444,0.22295906893798242,-0.5991261876280107,-0.3605382515004146,0.5720960603432244,-0.9231258652695511,-0.47735119300185386,0.197
-1.6270271606319289,0.16357437532563712,-1.1264431061925748,0.5512369300571388,0.22458564921589766,-0.34323037603910145,-0.26366402215232193,-0.9613967897494662,-0.536418715455685,1.1631495768268831,0.9103575928331212,0.5684093538659724,1.076494614332235,-1.1949143275032414,-0.12501294403278207,-0.13753565310324684,0.5304774304345509,1.253254405798716,1.0953049783529973,-1.036645667750622,0.5663210137801767,-0.187
-1.621277701531615,-0.7097794778706712,-0.08200390480617713,0.6438999125802204,-0.004572221562191852,0.4202101190785685,-0.26366402215232193,-1.4458413187212968,0.6675833124275875,-0.4810923711309794,-0.36506216199009195,-0.10378742108860108,-0.05640158454141277,-1.352468482138753,-0.6141104807417593,-0.6500021027113545,0.38227555221123916,0.5598370345442911,-0.8101478947571714,-2.021677274643259,0.7114608793628177,0.023
-1.6155517285872731,-0.48385693483113856,-0.70120972016131,0.3134115367743842,0.1783613330518404,-1.1224679021085555,-0.26366402215232193,-2.2193803741931855,-0.21263025247104134,0.46763251389316707,0.18420208629186685,0.17855417893276612,0.22995186647389496,0.12092469814984863,-0.7062729352208977,0.0005835613489813585,1.2932938019199636,0.4258500128585891,0.7589864377966759,-2.493808855963373,-1.0629027171641443,-0.014
-1.6098488216265736,-2.148128283159206,-0.995799398748114,1.3228248519103512,-1.1535632834008114,0.8139957038086032,-0.26366402215232193,-0.4961582302380921,1.0593155647095485,-0.8283491791431025,-0.7101427130875386,-0.9582653682605358,-1.5337998983345824,-0.22114543968670694,-1.626085746065952,-1.0364095998007345,0.40610101509571966,0.7953567875316964,-1.606154322738747,0.24407985800905505,0.6439974130927575,-0.016
-1.6041685736364435,-0.05303997493590536,-0.20832612955119095,0.13133703705097804,0.40223237582505716,0.19578143246433974,-0.26366402215232193,0.03253882119221469,0.3528620801980226,1.1865814933287357,-0.8528636936454125,-0.7616116421654662,-0.6351916616675177,-0.9607532341948892,0.5458505063239072,-0.25901131017742285,-0.3956586525409439,-0.9537702440280562,-0.24943690122979018,0.24407985800905505,1.3520976879200508,-0.221
-1.5985105901789871,1.045547266096615,-0.21381513101344296,-1.3042448578413106,1.663029212327451,-1.4098162394997327,-0.26366402215232193,-0.6288276395891864,0.08866386711431655,0.22772997485225221,0.3789361999162719,-0.20338894394911802,0.6126750155194696,0.8323290041962884,0.6486191228715453,1.2019099829993891,0.9035044346130178,0.9813276687546605,0.04890342168111319,-0.6324111101447079,-0.7051832316103209,0.014
-1.5928744888407576,-0.25810810651567456,0.43572108341743704,0.38289827963072076,-0.4306383653911815,1.5233120187516462,-0.26366402215232193,0.42707133915508844,-0.2950755513229152,0.056397114618365746,-0.8958905834662888,-0.48136761539820855,-0.310430623638072,0.08222459002772287,-1.4134589371393171,-0.6838765616534529,-0.509030258051406,-0.7922244987879966,-0.07349117747652936,0.37503632602524234,-0.7328710327272056,0.045
-1.5872598987130633,-0.3020711270057271,-0.70120972016131,0.398722829839386,-0.3862407868930047,0.9318867364938611,-0.26366402215232193,1.5039058640035774,-0.7179587015591936,1.688520163009778,-1.0400135341690708,-0.04660691490812375,0.1264775107405798,-1.94749590541159,-0.7895590140891151,-0.9849890979640212,-0.7332531998470748,-0.22098893549146936,0.4951405939426814,-0.3680965054344897,0.8966032325314456,-0.46
-1.5816664599011863,0.9901655062416489,-1.5932024161269218,-0.08310861174073787,0.989526771260191,-2.3588211522783964,-0.26366402215232193,-1.563157393194753,-0.47913616716966334,2.1331684647867646,0.8522257009802919,0.4568289454062884,1.3570880841175221,-1.086084266264509,-0.872751870891018,0.27649974533044014,0.5977831974433672,2.009541662650011,0.6046902099251855,-1.8984652588316646,-0.701723365789522,-0.435
-1.5760938230605472,-1.347339060054882,1.1997462267982466,1.8416628315200068,-0.8862959091312134,-0.47509965118473224,-0.26366402215232193,1.056618154885612,0.6365913519595827,-0.22586051725583753,-0.35111621608478544,-0.6068228296583349,0.19810535539961996,-0.12750801168174322,-0.5174349520223913,-0.7267346889241307,-0.3455133443018612,-0.483236171891791,-1.4904039838743948,0.8033598539559829,0.778849720094344,-0.092
-1.5705416489580208,-1.0798251795968166,0.4964533312007356,0.34181002940314076,-1.4530159203059647,1.39960269021059,-0.26366402215232193,0.7627837729998116,-0.5670489583156213,1.4100119442203929,1.064249245723896,-0.11944370082409882,-0.9117778319055128,-0.0061562454795647936,0.1363351965903038,-0.2704462498901236,-0.8573203625201585,-1.4099889684357392,-0.2112798962411011,0.2840039610043109,0.7552720595926288,-0.107
-1.5650096080567377,2.089060796075563,1.4442751884168656,-1.7087966250777669,2.0948847904553625,0.31814522880917806,-0.26366402215232193,1.2845691842461395,-0.25397822741184684,-2.2739170312923576,0.13684687087990202,-1.4267780473624436,1.068485343421844,0.7039587335793933,1.8128170797296914,2.8691797558389203,0.49691191518159983,0.3840687218561553,-0.2239712500011681,-0.4500486613200972,-1.0768503618042289,0.27
-1.5594973801228431,0.6575602168269409,-1.202572418959812,-0.8184588027507987,0.0719117147354648,0.3130442676017434,-0.26366402215232193,0.7055485891833646,0.33794314292734,-0.9992001373313387,-0.7457215775545827,1.2916005954999168,-0.09612536126542628,-1.336183327314557,0.28294353336606987,-0.44374015996313304,-0.8440796591134598,0.7700595415558387,0.4281673192021078,1.1093414897251916,0.997358466929473,0.147
-1.5540046538528005,-0.16141391949681158,-0.33450335297145134,0.14384125711405063,1.3042076004978838,-0.7940990024429155,-0.26366402215232193,-1.5212420936601487,0.47323991275418775,-1.7474413619143776,-0.5614514374498799,-1.7252482522521602,0.7964274974097669,-0.5890763507899348,-0.15595586583977397,0.06757635797227587,0.506496100886662,1.185115820937432,-0.27501332986070104,-1.8738755268722267,-0.08961986512770284,-0.006
-1.5485311265199249,-0.7097794778706712,-0.30708599783612067,1.2078055702427843,-0.2905676160394125,0.33344941084408514,-0.26366402215232193,0.36963791064696216,-0.6923531783223376,0.5328510214580047,0.3321459897023318,-0.09857452415886188,0.6765624398471067,0.5313198621126397,-0.9471092087734934,-0.3435295261073674,-0.11096439483861377,-0.10567730594470016,0.3374062565795379,-0.8397612133433746,-0.7467208691960474,-0.021
-1.5430765036389453,1.3280358337120752,-1.2297474662108787,-1.0968910745669609,0.9415292700264233,-2.353814476006652,-0.26366402215232193,-2.2025002670501874,0.49854869956870534,-1.3583501670762796,-1.2143782227459832,0.21384806000203616,-0.5085521639990201,-0.32016509256176945,0.8277283445439778,0.5764328626720763,1.099986484743304,0.10939382806670847,0.3943285394826471,-1.8124785310427114,0.11511729386800429,0.226
-1.5376404986474712,-0.0998990329330843,1.1220328435030267,-0.3561238088834017,0.018615328763838677,-0.21630894479633223,-0.26366402215232193,0.33680327433625445,-0.13384321132433535,-0.27628855635997096,0.25834242547826247,-0.02590208826523869,-0.7142779308624186,-1.162280170605617,-0.376586182065101,-0.3092932552463467,0.4634049074247335,0.5514500855701481,-1.1240414519370219,0.6744292452432149,0.8158820897102566,-0.295
-1.5322228326033258,-0.2200124178942609,0.3970890135175818,1.0574335777177755,0.14135671859093182,1.1731938465563556,-0.26366402215232193,1.4876743902546354,-0.14781201626602672,-0.7212365249168984,1.478938598352427,0.24398438515017093,-0.0007687049394772033,-0.3311593595063226,-0.30605855087111844,0.014431387498967548,-0.3592051063097658,1.0831036560253597,0.1090855626854259,0.8759757226855694,0.7384253215093078,-0.012
-1.5268232338967827,0.3478431002587125,-0.33450335297145134,-0.30734755271126063,0.629931170466151,-0.04349625791473065,-0.26366402215232193,0.024301638651025907,0.4580927663380776,0.629525130669668,1.1215347898734922,-0.5848946711798307,0.0946548670208843,-0.19912355002609924,0.08753492415983766,0.4612110424162386,-0.545133179919037,-0.6136612861900445,-0.16707740964687376,-0.41489516567589874,-1.4797351312893747,-0.372
-1.5214414379768098,-1.3326350777408507,1.7115190056918226,1.392084457918449,-0.8438426885457212,-0.3533788041784777,-0.26366402215232193,0.5254487435023526,-0.6837937033753341,-0.09760327428711689,-0.15702331540879946,-0.38425419332210353,1.4694705865566753,0.39240732694671915,-1.3352054479044229,-0.9290115177376053,-0.5946341938590951,-0.6299313481807145,0.6046902099251855,1.2749052931149092,-1.3742736148180625,-0.09
-1.5160771870904945,1.3454953993057426,-0.8104200306417002,-1.9247973988140774,0.5908855755039027,1.2451790551254474,-0.26366402215232193,0.5827893399083961,-0.6062107693119281,0.8187361112653507,-0.15702331540879946,-0.04660691490812375,-1.4159420732535115,-0.4300371854078705,1.074810199518833,0.6708782502051153,-1.1927825624460286,-1.7263444129376848,0.03678603248741077,1.505176394317242,-0.26425816812079245,-0.265
-1.5107302300348677,-1.8476327790488727,0.14903673014913466,1.9358281481383268,-1.4863762924515296,-0.3787464764019226,-0.26366402215232193,-1.0280627068408885,0.30819063698503885,-0.8052911656189136,-0.37203923503800984,0.15325545624263312,-0.5323065358635898,-0.09443164984849675,-1.1217789079900804,-1.1011378246191705,-0.9846602612218812,-0.4014829491858792,0.4505958950577794,0.15832557118603746,0.532517165408151,0.025
-1.5054003219204144,0.11968077211065321,-0.20832612955119095,0.2661670461360087,0.0023850194509187845,-0.07400956066849161,-0.26366402215232193,-0.6537258586819944,-0.29962646604321813,1.5265593070683006,-0.012867523067739224,0.8843687343747431,0.3494412162689056,-1.118748173132321,-0.04095650239058391,-0.05934770499127024,-0.4637812693522483,-0.8084128623779931,0.7275015329537352,-0.5557872453862603,0.16278042418393202,-0.234
-1.5000872239455978,-0.2200124178942609,-1.3926455975076133,0.6119034199572091,0.45980497824132455,0.2977426798100734,-0.26366402215232193,0.8036457777101749,0.407808584328281,-1.0542122341135725,-0.3860015786741368,-0.5903723788226005,1.3972152421653898,-0.1550605097406839,-0.6009349760718685,-0.015563891690235344,-0.7599305514767413,0.43421140841673994,0.006374144636601591,-0.5322539080533594,-0.2471113109252483,0.041
-1.4947907031817669,-0.21415200693851458,-0.40575570762416147,0.3765717794328457,-0.8273423784291909,1.6936634325300899,-0.26366402215232193,1.0240122117692303,-0.5583127437214456,0.9600800412891121,-0.012867523067739224,0.9120000375769765,-1.6123059740257828,-0.14955081800512504,0.5949809238633302,-0.39367477730896383,-0.7554877772252483,-1.7027287404405553,0.6745195644098952,2.025202120553925,0.6507471430978959,-0.109
-1.489510532367873,0.8793560198615757,-0.7831286838101571,-0.9363472741924252,1.4201945905080393,-0.28232341617351203,-0.26366402215232193,-1.3035830879255936,-0.4614065701103358,1.002460038084569,-0.924629074887307,-0.22449223110179334,0.6765624398471067,-1.037064319411043,-0.6667888680099884,-0.49372669384935813,-0.6529243408935068,-0.3932976328450546,0.36594948352997864,-1.8308860040826525,0.8226128619903412,-0.102
-1.4842464897144398,-1.7151358073122775,-0.06002022348933256,1.660941682311992,-1.3554167214405,0.3640636344590602,-0.26366402215232193,0.24644935292243914,-0.3585074741924711,1.3137389110119388,0.14362022536049718,-0.25093704741933426,1.292906558453171,-0.7587302581052421,-1.6607458194872646,-1.5862855171847055,-0.5496400064152219,0.467674083251826,0.46177108417695756,-0.28640007885928764,0.46485157861830134,-0.178
-1.4789983587162832,0.44138625414413585,-0.8813421365316555,-0.7591659702014291,0.06959548552896191,-0.17566800599875368,-0.26366402215232193,-1.0113915379237295,0.13689727204334146,0.07716272796799102,-0.37203923503800984,1.2262283387981676,-0.9670220613381636,0.06564509157079049,1.6172666922150278,-0.17196518244467002,-0.38655316363516184,0.05137304026532967,0.2274370176268024,-0.9231258652695511,1.5254253954005934,0.017
-1.473765927973506,-1.397337222622453,-1.4089212436403227,1.2438984866658584,-1.9791287733437744,0.8191187881677264,-0.26366402215232193,-0.6039366241446826,-0.4835608991733699,1.4935276056793818,-0.738600392274818,1.2086782224960007,-0.6351916616675177,-1.979837602175069,-0.658011757355102,-1.982689739027356,-1.7732311378250523,-1.0985144709186907,1.1621000180735959,-0.4500486613200972,0.41743932825062774,-0.425
-1.468548991020316,1.1708265930472705,-1.690634245933242,-0.4593198383745033,0.3215452487317405,0.5939232623958935,-0.26366402215232193,0.5909780910256646,-0.580130369416718,-0.9835401378918631,0.22468397468207477,1.2698872326936204,-1.085319582436517,-0.5397539081297275,0.234039314706325,-0.02939744268297576,-0.7510436214582944,-0.6299313481807145,-0.024207256819134774,1.015108984575031,0.8158820897102566,0.05
-1.4633473461612534,0.8910230169211658,0.43020146526188724,-0.9539493247790094,1.1219361053296357,-1.902594239665142,-0.26366402215232193,-2.0759884183243456,-0.601871663880792,1.1631495768268831,-0.4770229577068197,-0.5575494734437944,-0.270770469315482,0.7430021148587849,0.8950207831248197,1.2115928417481787,-0.7998532137200021,-0.8165042385379454,-0.09208517989141855,-1.6167574868663546,-0.2471113109252483,-0.01
-1.458160796314436,0.19868376148056052,0.8614680273371987,0.10011096637070128,0.6069658383847931,0.5888103498869212,-0.26366402215232193,0.31216984928157704,-0.044723735987379734,-0.9757197561798021,-0.07449978972356643,-0.5193876339930553,-0.35800709893718735,-0.35314317188149313,0.8546369751156941,0.6614177312969545,1.0802565649501379,1.0237055317189725,-0.6041563454891952,-0.5793409732885165,0.4546950384327751,0.012
-1.452989148861454,-0.6276062430679901,-1.0774720530311064,0.8432927489215283,-1.6582080798652554,-0.39396475556076105,-0.26366402215232193,-1.0697542558428783,-0.41686769599748763,-0.3415783448981651,1.0706257434249271,1.2349848592017123,0.3016332047974768,-0.4410158113921595,-1.1479447301201882,-0.8055407986973246,-1.0544045735142378,-0.4669000907303086,0.5172571672579642,-0.3447284574763451,-1.3111214227417016,-0.166
-1.4478322155035706,-0.5073214622232733,-1.1373222777270062,1.1292369272862097,-1.2532189357861476,-0.17566800599875368,-0.26366402215232193,-0.08284905633732656,-0.1571090157451261,-0.6530381157135886,-0.23994274337919727,2.219855376546115,-0.5243888959081497,-0.8024535819905372,0.6709811770741873,-1.290190844057778,-1.9978300063666952,-0.08092230509734637,1.824892033700544,-0.23401724271623742,0.9066860280143509,0.045
-1.4426898121239051,1.4996534220572209,-1.1699526670412987,-1.3099578966760974,1.1834988700698186,-1.021511145242442,-0.26366402215232193,-0.9280826444512411,0.6675833124275875,-1.0463341064674807,-1.851781248879581,0.3535696079076052,-0.04050880517413944,0.06011942462547447,1.0928168609438016,0.8942589256837787,-0.8837639191332273,-0.11392542387514609,-0.6994835775307715,-1.4040158849254754,0.26817692269841775,0.083
-1.4375617586552938,0.10212121015981541,-0.6629579979205493,0.22217011035656767,0.2292061778813047,-0.6878478592837619,-0.26366402215232193,-1.1782428648693808,-0.3087190294338372,-0.6757136214269548,-0.6179546288937413,0.7914741785698561,-0.270770469315482,1.056172454308809,-0.38539727386209194,0.34415750078271573,-0.6529243408935068,-0.7355064316452858,0.46177108417695756,-1.4221957734625763,-0.7432580380463826,0.203
-1.4324478789535429,0.1138277188943483,-0.33998598663407964,0.5034604818881285,-0.03008930429817068,0.5888103498869212,-0.26366402215232193,0.45167512188077297,0.4480105455399002,-1.4974305961527743,-1.2362821992198207,0.24398438515017093,-0.761706116203493,-0.06134064512123598,-0.5921499900538628,-0.17884635304653665,-1.5908916294517303,-1.2506269004271717,0.444998531070689,0.5674728647531793,0.6271197823414885,0.196
-1.4273480006758055,-0.8154629316160317,-0.6684234151785573,0.9501234379489066,-0.801423922676541,1.5800637065068333,-0.26366402215232193,0.9342916626357991,-0.44362787539140724,1.2157360486588935,0.8780904899110442,0.2839999938828983,0.45308106394909337,-1.4230016870262434,-1.2525185844970042,-0.7627832059145148,-0.1987378174172964,-0.15513934879727073,0.743272442401384,0.3636740931678469,0.09467777598652105,-0.274
-1.4222619551638314,0.3419954345009202,-0.42766992671235815,-0.03359480220803724,0.11821733765779874,-0.23662464621906812,-0.26366402215232193,0.08194648498227196,-0.47913616716966334,1.2099171606124774,0.49199927712538116,-0.06735873878057098,0.35741080392864827,0.06564509157079049,-0.34133102361628476,0.46355740599530215,0.12220538843941005,-0.49140147572805115,1.0371046490922218,0.24978696308901094,-0.8507221437983741,-0.359
-1.4171895773318453,1.8250392440257803,-0.6629579979205493,-1.7087966250777669,1.7898550649397869,-1.7770326217101036,-0.26366402215232193,-1.5967029283890706,0.33794314292734,0.13226321609766759,-0.703035061323041,0.3979847449605216,-0.7063715108855256,-0.2816727239026144,2.18293564048092,1.5287417128729028,0.25887168618223033,-0.49140147572805115,-0.17967224781969832,-1.8063449260180913,1.4921277549323666,0.203
-1.4121307055588352,-0.299140045007956,-0.4879105904939299,0.12508787871706042,-0.4096030196323263,-0.06383927318430616,-0.26366402215232193,-1.773009312921494,-0.3087190294338372,0.3752901489691109,0.17068590134809666,0.5249362590587446,-0.1675986452136463,-0.144040722641382,-0.032102605105210645,-0.11456058345370883,-0.20334463439463543,0.15919413740456748,1.185668652583656,-1.6106597650933145,-0.7190251575481327,-0.235
-1.4070851815850383,1.4385864078358712,0.5351167513136537,-2.2851200386415633,0.5219274390491613,0.983183292412965,-0.26366402215232193,0.15600864423429606,1.0701478761026546,0.1596638915978366,0.29864071255891034,0.6784012236278296,-0.23109845295675083,0.37575625860632705,1.2370540635523266,0.8918715718170707,-1.8716803929205688,-1.7499419077776315,0.1685955943762857,0.37503632602524234,-0.47046337815873485,-0.041
-1.4020528504124186,0.8851896010501853,-1.9770156770182343,-0.886359213209847,0.04874532616546831,-0.5004442612439113,-0.26366402215232193,-1.6974100404766737,-0.25397822741184684,1.2157360486588935,0.15715861286735766,1.4877163306760388,-0.29456798771086024,-0.5835976040279774,0.7829052451568076,0.3044756092030292,-1.123779933942973,-0.34414770656112337,1.1192965460238615,-2.3067079596338416,-0.26082834887385187,-0.293
-1.3970335602089587,0.8968562671826794,0.5295926646311626,-0.7294335761984787,1.2131233042910998,-1.485343031991013,-0.26366402215232193,-1.6470433002307037,-0.4525233622227421,-1.269352916392032,-1.3829225133249305,-8.719394158327691e-05,1.060476502398036,0.23714877374928942,-0.01881966160090209,0.053702979855322734,1.2932938019199636,2.6197466071180666,-0.2176221200367824,-1.2951559815008347,0.01966831723715884,0.102
-1.392027162216575,0.3098307391543147,0.8005594736940336,-0.5799246908808291,-0.006891488361790424,0.2926425818770194,-0.26366402215232193,1.5850259838587455,-0.32233471779462686,0.6423106100659758,-0.13635528147916604,0.796147731947105,-0.08023725286205091,-0.7477957138669296,0.4254101946128374,-0.18801880298007045,-0.16183697771970618,0.1259869478370045,0.4281673192021078,1.1148751838193438,0.5663210137801767,-0.01
-1.3870335106624976,-0.5601234544128513,-0.38383696761161434,0.5098246238983875,-0.42128822551191475,1.482058477004953,-0.26366402215232193,1.3333504210382048,0.3727982943391919,0.10476285459773951,-0.13635528147916604,-0.18759216253794614,-0.47687290076524297,-0.5342717267450219,-1.0999671898481993,-0.2864480112257039,-1.0326489316048117,-0.7192845098756935,-0.2942684830875761,0.08952056563896306,-0.1272386423883636,-0.004
-1.3820524626739545,2.529419627874076,-1.6744017045179507,-2.000406566502877,1.95943740268472,-0.1705869915947782,-0.26366402215232193,0.08194648498227196,-0.5100449298697313,1.3137389110119388,-0.774233365338037,0.010218174239763329,0.06283960461364618,-0.9334821016804351,0.5012177995819413,1.0764204407564208,0.4490627208550836,0.026533302198893015,1.0566023490847767,-0.3856362443259311,-1.0942909429451937,-0.185
-1.3770838781960024,0.7159497808227828,1.349746960898632,-0.8716245050557271,1.6471633983836582,-0.16042436301520044,-0.26366402215232193,0.672827831313023,2.678291159313225,-2.0033177851841546,-1.889441294801465,-2.6109760719173973,1.1405842288829275,0.6092321203056079,-0.2795927948786915,0.6259725811493748,0.9769717366148075,0.9136089644987371,-1.5519257534958897,0.47142373608454136,-0.8403118102124603,0.159
-1.3721276199123733,0.3975424927843406,0.6180075288067723,-0.47746624821325123,0.24999430968621242,0.20597371874145967,-0.26366402215232193,-0.3885127914259184,-0.1431588559357343,-0.3561565871424424,0.8327973230137786,0.4812203406697405,-1.3687660127984387,3.0046712269286533,2.717173607353597,1.9766000966430226,1.263443758097658,0.14258705362720642,0.28561333619044776,-0.804107281374158,-0.5186978129482865,0.417
-1.3671835531691894,-0.8947488408201882,-1.6419293259487193,1.3030704358105578,-0.7072860943663551,0.23145815265264325,-0.26366402215232193,0.7137270779075902,0.20007023589366127,0.08407211692771387,-0.19152501772464486,1.1068076848135242,0.5887245503825707,-1.1078616272922195,-1.3743420572913831,-1.6016901549097264,0.583340976091193,0.24233394647442336,0.03678603248741077,0.5956591440008666,1.3153745653989242,0.106
-1.3622515459014317,0.710111527886666,0.09398486972386216,-0.7710429276680394,0.24999430968621242,-0.09434770186594658,-0.26366402215232193,0.2875300195703036,-0.3899968433770727,1.2273557997255264,-0.4629896670735652,0.20377890399831494,-0.43726297299153305,-0.9880153092127801,0.9848527591608689,0.09534332771362933,-0.3455133443018612,-0.9053855624667698,-0.4836394771921491,0.6912797378781599,0.15597388827562741,-0.199
-1.3573314685620306,-0.9064965795229719,0.2978060757551449,0.9306638277995027,-0.9949404522180484,0.4253156613508153,-0.26366402215232193,-0.7284639573385495,-0.2722746250913855,1.1219118629476632,0.7808636315873346,1.1468640725037345,-0.9591315318039545,-1.151399295255072,-0.7194295987656362,-0.8010425417528718,0.16450801648306948,0.6437996503216213,0.4561867449209304,0.6631899577681546,0.8461648062492984,-0.103
-1.3524231940534688,1.6943639759304756,0.667768362280119,-1.1750289533814158,1.110530347353862,-0.6473498516744122,-0.26366402215232193,-1.2952217453872255,-0.5714124828839613,1.1455124238071008,0.7417944924581646,-0.07775226463509816,-1.227125930006536,-0.17709524657931705,0.6844020373727386,1.6248689598134842,0.1974793104403352,-0.26208678729276325,-0.44397570165952244,-1.5923733992464875,-0.2539693824033819,-0.226
-1.347526597661788,-0.12333162827666264,3.0885494878530992,-0.10781675533848177,0.2546129538821722,0.5070344190735195,-0.26366402215232193,2.191495970499635,-0.860996625586301,0.7311226325026549,0.8327973230137786,-2.117514779905262,1.1245592540353124,1.8118537512559179,-0.3281058788232082,1.642173452209276,0.8254240486191179,1.5268431780711886,0.7380218010797618,2.1646059076653397,-2.932391661694284,-0.094
-1.342641556992893,0.17527804938337796,0.9113235622336932,-0.30734755271126063,0.07422785318264968,-1.4601715931932755,-0.26366402215232193,-0.9280826444512411,-0.002116436010857659,-0.2979950658773753,0.3053473436630449,-0.87918258605035,1.0284454419630702,-0.011676533393579127,0.5949809238633302,0.7300882959200353,1.4231038000179863,1.1680974555770522,0.04284810687028614,-1.4950190858601788,-0.3706945592227026,-0.203
-1.3377679519110603,-1.0563176236913692,-1.208008014617084,1.299779509318255,-0.7472731642073569,-0.6878478592837619,-0.26366402215232193,-1.773009312921494,-0.4123969094934302,0.5974540346181965,-0.0402320573218962,0.47147275707553493,0.3494412162689056,-1.1785988352247299,-1.4438695850209606,-1.1055975088263166,-0.2079501628324825,-0.10567730594470016,0.07305715513710263,-1.996999896250893,1.141496174924987,-0.111
-1.3329056644795523,-1.1268452784830325,1.3163993571731838,1.1684903792931944,-0.032409602431323604,-0.04858231717935913,-0.26366402215232193,-1.6974100404766737,0.4580927663380776,-1.269352916392032,-0.4840436904681682,-0.5302765521482163,-0.35007887900456774,0.28147391006496314,-1.195892132500216,-0.2818769294008425,0.3014953340658489,0.30063495942237733,-0.8101478947571714,-1.7634408304024227,-0.38100646570606744,0.003
-1.3280545789032525,-1.353220826475189,-0.5809415505265391,1.8550959978543466,-0.23231658645514955,-0.7789252129999125,-0.26366402215232193,-0.041622409480172935,0.22940630856644229,1.7044240416983398,0.7156918677175229,-1.2918499653643056,2.549192771839823,0.0048855661609324185,-2.2261833375781697,-0.13064499134630334,0.9328604591570301,0.5262994240740562,0.8212751873444525,-1.331400685939083,-1.409398347006039,-0.221
-1.323214581473237,-0.0325417264639382,0.9113235622336932,-0.16636739481470125,0.404536248219322,-0.6169685376843212,-0.26366402215232193,-0.2066413714458112,-0.7646184900618078,-0.4294268481411702,1.089738087025482,-0.9017204215153835,0.7484695959253209,-0.5507171229612925,-0.43383905189815875,0.8275037185252652,0.9524540455545694,0.9136089644987371,-0.8451086265817501,0.35230707830915875,-0.05886036002802845,0.063
-1.3183855605132022,-0.7508743361508502,1.0221815139216603,0.8626805599936817,0.15523609083489534,0.18049459212445534,-0.26366402215232193,1.8361086348144497,-0.3855075994883594,-0.8514646893494033,-1.0472479032999473,-0.683934943392525,1.5337260060671503,1.3708593022035227,-1.6564141405418302,-0.001723766992430008,0.32996594893092807,0.49278900991037916,0.37732078184422235,0.6294449855624311,-1.5466644955834552,0.084
-1.31356740632767,0.7655685536819541,-0.7339853573960566,-0.18789187470748325,0.655184297991881,-0.34830468734777004,-0.26366402215232193,-0.6786313050207351,0.02642900100896904,-0.1971829606292944,1.7180560058487464,-0.015567308975093388,-1.0143546857243988,0.38685653502020756,0.300735559441284,0.9635982078804324,0.8156847706586922,0.05965646553192675,-0.550310044517469,-0.6914978439064451,-0.42915609639556945,0.096
-1.3087600111519047,-0.6745596724621928,0.16555736856500125,0.3134115367743842,-0.47039621563254086,-0.1705869915947782,-0.26366402215232193,0.8118161598763463,-0.35399667106517163,0.7499977257234839,-0.25380107284860937,-0.18759216253794614,0.8523983163907072,-0.1385302233397493,-0.605327074089729,-0.6612974423632256,0.08468748592933008,0.854442110150823,0.5392701901402581,-0.26892723092470894,-0.8160298975372512,-0.337
-1.3039632691034648,-0.45159627217239867,1.0665506825456224,0.16887325952369708,1.0100878911402587,-0.16550577731971966,-0.26366402215232193,0.188906275708066,2.4465670131762676,-0.7212365249168984,-1.0617246934935463,-2.317924347715649,1.172639309608079,0.5257580538390801,-1.456899088865876,-0.02939744268297576,-0.06458271767732615,0.6774319759059438,-2.6294854724771506,0.31817723382127694,-0.6256682009838507,0.136
-1.2991770761353305,1.464760280322858,2.4769290373019905,-1.7556231766097055,2.5091065168449234,0.1499266146244519,-0.26366402215232193,-0.21490022902478034,0.7038860676744981,-1.3258970981767908,-0.5967455599372231,-1.7071418234748166,0.8603958954671466,0.670510818538681,1.4857383681393035,1.6768298762399028,0.5881538668642171,0.7195102433466306,-1.3462195203149512,0.043549655070039224,-0.23339784797426028,0.117
-1.2944013299905397,0.1723521818835077,-0.20283685400155013,-0.29513234516896825,-0.0834801461248973,1.0499052062349354,-0.26366402215232193,0.6810090425048304,-0.18492548464320954,0.6678079814828882,0.3120511875036026,0.2640159405503378,-0.7538026505375232,0.6983829400780656,0.42986710556511804,0.5599410360174201,-0.18952032063458268,-0.6949376957996987,0.0850935553538812,1.6849022161425775,0.5088430203256639,0.051
-1.289635930158276,0.014305441242037215,0.19309695193362017,0.07828212080100459,-0.3325485326866225,0.8652371925286896,-0.26366402215232193,1.5444736684959006,-0.044723735987379734,0.9112817435154263,0.8845495910658165,0.4176472601594277,0.756461481741305,-0.6602655571691728,-0.09405645686210765,0.053702979855322734,1.1493901412677234,-0.5648069064796393,0.5720960603432244,1.2859103301903785,-0.3603847152081652,-0.131
-1.2848807778313522,-0.7714238056798184,0.7341466324233132,-0.24618745894760202,-0.16947680009621308,0.08881334000039326,-0.26366402215232193,0.15600864423429606,0.2785518590368531,-0.5107548612461751,-0.40696558004073063,0.010218174239763329,0.4770087534295529,0.3091910587895999,0.4120412257902383,0.03059556479827044,-0.18029767805574623,0.3173079375776428,-0.1922946270180824,0.08377863897386123,0.002606461545040181,0.131
-1.2801357758650311,-0.1936415481631411,-0.27417599178133006,0.20961701008973496,-0.6367998736020969,0.7371776074383959,-0.26366402215232193,-0.2892641969749671,0.16598800862809152,-0.23304563512414145,-0.9822352694772467,1.3862175514876212,-1.108965434442822,-0.11097165689191618,0.5905130263055786,-0.8459983705376811,0.1550987630045587,0.30063495942237733,0.4729202449363819,-0.8219286924607894,0.9503594182812166,0.109
-1.2754008287371366,0.44138625414413585,-0.8540704783532683,-0.39565431063496503,-0.2486204072264376,0.07353971911752824,-0.26366402215232193,-0.6454256504587496,-0.16175285600218892,-0.11883819538915645,0.5647261769992982,1.1424256675203905,-1.0458996939241265,0.12645495978796809,0.34968758660513355,0.18345207908355085,-0.29978905510456794,-0.6868183807086842,-0.5906521719330577,0.31817723382127694,0.34624858540494485,0.044
-1.270675842509402,1.3338558664515825,-0.28514710369735247,-1.561532667349542,0.14135671859093182,0.9575319891014323,-0.26366402215232193,0.6810090425048304,0.42788418908377407,1.00849008393014,-2.1778024558156486,0.5442876370534182,-0.4214156345190024,-1.2547107619085653,0.98934764035261,-0.3252748838883,-0.4002094192603152,-0.8973148438308984,-0.6448396479201415,0.4883979825939071,1.6385159306893236,-0.237
-1.2659607247900142,1.083431031038803,0.6898905925238745,-1.916667842446968,1.55871603103366,-1.2384822382603913,-0.26366402215232193,0.2957440089301863,0.04552183753610213,-0.1971829606292944,0.3120511875036026,-0.37888658521028007,1.622120704498216,-0.3366559023472128,-0.049809282218726554,0.9444495324956792,0.7524925056683884,0.2923010583875509,-0.2176221200367824,-0.49111981079520745,-0.43947977400094074,0.02
-1.2612553846972978,-1.6297737539690516,1.205298885422322,1.4152120050959787,-0.2719202842368381,-0.6574754668481992,-0.26366402215232193,0.9424513753661602,1.3006233274564674,-0.8052911656189136,-0.1432418759005785,-1.9199519337103208,1.74273960458894,0.04354491682377297,-0.912126702929991,-0.1765528042781058,1.0015179321495942,1.227690240723589,-2.0370740994144563,-0.019793772639855968,0.4614662603228879,0.028
-1.2565597328245106,0.4530765425584553,1.3163993571731838,-0.6817435603388527,0.6804283385392296,0.12955217231467317,-0.26366402215232193,1.219491835529049,0.4429741965841049,-0.9522970692727942,0.3120511875036026,0.07180303836100836,0.9884163176920305,1.359593487800271,1.214495328244677,1.1849753676618158,1.1147957653419005,0.6017972007689132,0.6209006273503599,0.6744292452432149,-1.3356696259701626,0.048
-1.2518736812056963,0.44138625414413585,0.6124797638127781,-1.1171922477291971,0.5311258913010458,1.6781650660963348,-0.26366402215232193,1.4470847882486773,1.1408736483406752,-0.16860600977106813,0.19770716318044237,-0.07255403429890393,-0.45310838846904883,0.5146357721292455,-0.04538303191992603,0.6283340364071557,0.506496100886662,0.07622857882646163,-0.9510774293437187,0.6912797378781599,-0.7155643062914221,-0.019
-1.2471971432825644,0.38292609936149313,-0.7230613338666926,-0.5498557161714169,-0.514869819347717,-0.9356424804498419,-0.26366402215232193,0.32038170166752544,1.3395936425210737,-0.3124975938508895,0.7026236102959355,0.9760464472642416,0.3972655222932148,-1.1296332984485584,0.9354297308619193,-0.380006764053152,-1.0848019162425178,-0.10567730594470016,0.14487201082598425,-1.2348418820157563,0.9805771034214816,0.01
-1.2425300338723524,-0.42227149278512766,-1.5607055009047583,0.6182990461163784,-1.1559340970626344,0.7935057217328463,-0.26366402215232193,1.0810657508204293,-0.3899968433770727,-1.5552433627360551,-0.4910671474945216,1.8953625623233208,-1.2507442113422778,-0.42454728994171165,1.4359218574736794,-0.4027834845818175,0.0566014149636199,0.3506745709290837,0.7642118051837186,0.6294449855624311,0.42760232924750446,0.006
-1.237872269136642,0.44723147136961294,-1.3872198151492965,0.30080243379467336,0.15060998678773097,-1.0417081079823274,-0.26366402215232193,-2.2362632585498554,0.05508703249374674,-0.43678864890542035,1.0706257434249271,1.6038510053516113,-0.04050880517413944,0.4423841306038643,0.7336352125843867,0.5693636338311833,0.4634049074247335,0.829109827602347,0.9130171206047006,-1.4161346545704552,-0.20940786036814088,0.026
-1.2332237665510883,-0.7626167241916145,0.31986186077769674,1.0118499151172424,-0.7213955108297264,1.2348924029162354,-0.26366402215232193,0.9179702498206752,1.2231614620234965,0.36864791628476135,-1.478809922873481,-0.8398516893475442,-0.5639722485171084,-2.1306137996286276,-0.6448441280331842,-1.2546792271306657,-0.9802890773031846,-0.784127513720529,-1.2491223097589224,1.8257828791789354,1.85420570178319,-0.112
-1.2285844448760317,1.0688612265941608,-0.624691846913594,-1.1287793853165267,0.4183577806017436,0.12955217231467317,-0.26366402215232193,-0.9114302943546859,-0.6923531783223376,0.5198566003514942,-0.060784425334273744,-0.48136761539820855,-0.47687290076524297,-0.3366559023472128,0.6709811770741873,0.7206051494417215,-1.1367464291562879,-1.1305958675231238,0.23328452135708672,-0.002502873519667933,0.22740153234612076,-0.011
-1.2239542241279624,-0.2375943946455802,-0.38383696761161434,0.6887718823843478,-1.0398781005302242,1.7143315734338247,-0.26366402215232193,1.0729172044610624,0.3280129973294058,-0.8052911656189136,0.13007074333100982,0.630774303069368,-1.4080806984723397,-0.06685683232748034,0.26960255364583047,0.3394860168456681,-0.1479779859681562,-0.9215213431048335,-0.1482367307958989,1.0262109034642162,0.18659681220750005,0.014
-1.2193330255518045,0.7013538541515822,1.1775378573793651,-0.5618899255098115,1.2996557924799803,-0.1705869915947782,-0.26366402215232193,0.7464342489355463,-0.07298820534019253,0.09787217900869792,-1.4344983632908819,-0.32537044160947676,1.927867818743139,0.8658572886026148,-0.7325839214954679,0.7823113589331968,0.7088592216670717,0.4258500128585891,0.6477899374873565,1.373806434143613,-1.8900889780313186,0.026
-1.214720771593993,0.3215274869926909,0.3805361758046871,-0.4320636958058166,-0.26492924124353595,2.388228986989281,-0.26366402215232193,2.1108260981599045,-0.29052154717304296,0.30858927115784046,0.07576195980028076,0.19873988194029527,-1.7064431707470973,-0.1385302233397493,0.02990605492493586,-0.2384176417413718,-0.4047588665033416,-0.646194029324876,-1.1094663620612937,1.5106379546451925,0.8831569751230549,-0.13
-1.2101173858763141,1.618826354863538,-1.208008014617084,-1.221118931556137,1.3633583423025972,1.0550393781726455,-0.26366402215232193,0.8608243737795208,-0.5626823787849583,1.575706486251164,1.064249245723896,0.3634605020778,-0.6668320482201334,-1.5422341492432463,1.264135214181688,0.4166698629760717,-0.7332531998470748,0.6101943117397478,0.6424248642269476,0.13541062483110575,0.25119072670850057,-0.548
-1.2055227931704853,0.32445158569500754,1.4053440671383957,-0.63091481885787,0.24075599645778725,-0.5004442612439113,-0.26366402215232193,-0.48787311516044174,-0.281404268346945,-0.774636532671469,-0.10883641870984169,-0.4976445330256026,-0.6193685364926433,1.0505670563704779,0.814278188631636,0.4705977582954023,-0.17568442882970495,-0.09742741280898624,-0.638041287518208,0.4883979825939071,0.012844211710249846,0.048
-1.2009369193734447,-0.357767450240975,0.8725453863346457,0.44309445283211873,-0.34654976126796944,1.595547046447303,-0.26366402215232193,1.95739198842104,0.4681876878752448,0.07716272796799102,-0.8099339169945674,-0.6068228296583349,0.07874631204229067,-0.31466736786711036,0.047632933435738614,-0.3845634298202252,-0.41385379959208307,-0.937649573518812,0.8057878938504909,2.7638319009968075,0.05718577522130659,0.024
-1.1963596914833308,0.058217048734968725,1.5499995213743207,-0.6189316047369946,0.9712455798031845,0.30794352248877527,-0.26366402215232193,-0.3885127914259184,0.9677630372272588,-1.6383849394946126,-0.5332650699521467,-1.233652910498421,0.46105651160600813,0.10433642803451998,1.2009639566064092,0.942057057634786,1.2336337229439662,1.253254405798716,-2.379361998196643,-1.6228563407129843,0.8966032325314456,0.189
-1.1917910375761256,-0.12626084562050632,0.2647300414185778,0.4304074111594153,-0.5242379125415113,-0.3838194295053171,-0.26366402215232193,-0.6122328303380696,0.5290241713411148,-0.7136334506014789,0.18420208629186685,0.20377890399831494,-0.08818154096839116,0.13198564111400096,-0.6536228094782464,0.32547641697111146,0.2730685769950434,-0.6380636119313731,0.5227701220307991,0.5166650785970335,-1.5501900825307173,0.015
-1.1872308867829384,0.8268463975158186,-0.6137560233645502,-0.4986123410484829,0.6620699346328427,0.08881334000039326,-0.26366402215232193,0.007825062400410915,-0.5320307352244008,1.515572486328446,0.8522257009802919,0.13296324369843307,0.07874631204229067,-1.925928349149561,-0.43383905189815875,0.1648799171756192,-0.8573203625201585,-0.38511050380972206,-0.7823092040309928,-0.8635551498918802,1.154887914334878,-0.275
-1.1826791692679128,-1.4414591433293285,1.349746960898632,1.6742881646626762,-1.0067626426048857,0.3895814794730302,-0.26366402215232193,-0.6371262443858093,0.5290241713411148,0.629525130669668,0.13007074333100982,-0.9356130599774634,0.7085167672285047,-0.7641969723099667,-0.40742029312419853,-1.1479368689696117,-0.6125940469198762,0.3173079375776428,0.3202013357256453,-0.014028849583657726,0.3971080139595648,-0.157
-1.1781358162067292,-2.0155282844582603,0.6124797638127781,2.5037710422333492,-1.189135492284742,1.013972883978173,-0.26366402215232193,1.3577324762322265,-0.3899968433770727,0.46107676185065316,-0.06764072932349056,-0.9980169533847697,1.4132690490968738,-0.42454728994171165,-2.2175802062182477,-1.3987339563864483,-1.7237428816236702,-0.8245937426965374,0.3259428995923188,0.8815539414758317,-1.3356696259701626,-0.209
-1.1736007597656903,0.5670259113649048,1.2441738208193676,-0.7175246730109798,1.2017305818761,0.28754269930379034,-0.26366402215232193,0.7137270779075902,0.15142850220237006,0.09097526686342389,0.8974592737577264,-1.4977687917377431,1.935921759651428,-0.1385302233397493,0.22959520685849172,1.035547832918382,0.1974793104403352,0.18411782927855633,-0.3329664785315726,-0.30971566383760896,0.10149178266456514,-0.143
-1.1690739330813658,-1.2297246796285566,0.2592182632590804,0.42723682856747736,-0.3302153655141743,-0.05366817270310464,-0.26366402215232193,-1.0947785023481729,1.755554937346565,0.41501369575543234,-0.8170821311843236,-0.5085102930446698,0.7884334168978058,-2.18440242591495,-1.4178040425225462,-1.4517833937370042,-0.8440796591134598,-0.4260280110460923,-0.7200930928081052,-2.077264951025383,1.6185723258763995,-0.191
-1.1645552702407778,-0.32845223337300916,0.2151332714410161,0.33549590705587173,0.2823176783455466,0.3436532827290313,-0.26366402215232193,1.1462307168799006,-0.035277296949717096,-0.06233714045489278,-0.6533573581806077,-0.7894899098419476,1.72665172914378,0.3202809326200001,-1.195892132500216,-0.5186907045548657,0.037902376409701746,0.6942582403421175,0.2274370176268024,0.014776438526617974,-1.1571328803426855,-0.003
-1.1600447062621126,0.44138625414413585,-1.1318828407565296,-0.02119612462990203,-0.02544899041777206,-1.4198886448651122,-0.26366402215232193,-1.3956077226873294,0.2785518590368531,-0.08347801664272188,-2.891519949904214,1.79333418575794,-1.4395230664359442,-1.406729942134982,0.42986710556511804,-1.5576606218611635,-0.8352455300032958,-0.8165042385379454,-0.011954326649120977,0.1697755643783026,2.3429038212819813,0.021
-1.1555421770759382,-0.4281362118590688,-0.7776695121449709,0.2504429683891209,0.201477829601074,-1.9276947404566585,-0.26366402215232193,-2.1181415387418934,3.037799506081732,-1.4727509806697965,-2.0635235542464816,0.4909559530721181,0.32553517011045746,-0.08340294527992709,-0.7501193826558926,-0.8706988774165799,0.32521780632350494,1.1595907197161268,-0.638041287518208,-0.19334934202844964,1.281972211994126,0.375
-1.1510476195069137,-1.959555026773283,0.5903711451918052,1.6576060750828308,-1.0375120625860605,0.8344894579571978,-0.26366402215232193,-0.13234567885662535,1.2728851411365742,-1.8320802950259285,-0.8170821311843236,-0.7060707295310182,-1.0301281990783002,0.7151116929095993,-1.0301275798190803,-0.9402142312487899,-1.0195783001600425,-1.2905405236204448,-2.127615193331613,-0.6442183852220723,1.268606530304403,0.217
-1.1465609712559746,-0.7567454747919142,1.5778347786562443,0.9176995783608585,0.30770299076951074,-1.4148525257636242,-0.26366402215232193,-0.7700132970545673,-0.8109118285803842,-0.5330682872958549,-0.047080088784026114,-1.8040009826033336,0.9804117887535447,3.207809129845442,-0.4558473154531744,1.3256955714422505,0.583340976091193,0.5262994240740562,0.8928045482255177,0.009017952739236607,-2.797325786174005,0.175
-1.142082170882975,-1.0034317480450259,-0.4879105904939299,0.7916705569901299,-1.5865584228653844,-0.5713839461570567,-0.26366402215232193,-1.1531954688579993,0.407808584328281,0.5716866068872555,-0.6604460415574307,1.003311747302708,-0.35007887900456774,-1.1840376848145067,-0.7501193826558926,-1.7071583349620356,-0.5991261876280107,0.24233394647442336,-0.2239712500011681,1.120407840716862,0.8562557607381193,-0.299
-1.137611157789779,1.0805171579148436,1.8341707411342911,-0.6369030766245485,0.9803867229486237,-0.13501428549033948,-0.26366402215232193,-0.11584380807892972,-0.6580423124297632,0.08407211692771387,0.5976715058388169,0.1886529523415201,-0.15965904811316012,1.252669077085039,1.590030722700767,1.5238248563464638,2.8346828415790157,1.0067494417972762,-0.4308107038905853,0.6463225638468068,-0.656767418779993,0.114
-1.133147872203783,-0.941742372750071,0.19860564468203357,0.8174673277872687,0.20378900089965124,0.19578143246433974,-0.26366402215232193,0.6155402148152541,2.6530177270309268,-1.5386929863880043,-1.7317116385547262,-1.1353695236771366,1.3089494047415162,0.010407090531499073,-1.5957457041348795,-0.8706988774165799,0.8595479194437557,0.43421140841673994,-2.1441786090769326,0.7417707595857171,0.34964060385949686,0.159
-1.1286922551618532,-1.129784254438187,0.07197145306957965,0.963105318789456,-0.714340300458966,0.35385802343686,-0.26366402215232193,-0.11584380807892972,0.6057143668066105,-0.16860600977106813,-0.33718120730532,0.14311526247108441,0.1344343229221934,0.2149964516125857,-0.7413521710885055,-0.5730906691790143,0.36799476657332103,0.30063495942237733,-0.16079030972901168,0.8759757226855694,-0.21283433500305693,0.004
-1.1242442484946709,-0.15262522521613173,-0.10398328300510706,0.34496780654851467,-0.789647118917968,0.9934455143916227,-0.26366402215232193,1.795650889005268,-0.3944830096259428,1.5320438174491917,-0.12259034602173163,0.06668717372054211,-0.2787034503208687,-0.2651700555056928,-0.7106587500215434,-0.08696703488579778,-1.063096748436167,-1.162646550465005,-0.4176737901593483,1.3024103440850605,0.2817622404333997,-0.19
-1.1198037948114707,-0.4926559134426549,0.0004569742218051463,0.6310958101077039,-0.686129528982279,0.134645467976816,-0.26366402215232193,-0.9197560752808348,-0.5232455956287587,-0.10467530881948085,1.952721266502273,0.7021016184782909,-1.7926679045603051,1.0842067035110377,1.2099845489194119,0.6354197311026699,0.25887168618223033,-0.1386591159704452,-0.14197024480601936,-0.7744296810218965,-0.9097574001994636,0.002
-1.1153708374851554,-0.04132649621499709,-0.18636738510454276,0.17826834115636472,-0.15784779175418437,2.040393976072901,-0.26366402215232193,0.9832400264547182,-0.5888360429511764,1.233156665464111,1.5406729065091145,1.3519854402818579,-1.431663257594896,-0.4410158113921595,1.0028341675224983,0.07451556874545734,-0.3409468013482667,-0.9134543959599151,0.7694308629217478,1.701189771324918,0.5629414922046406,-0.121
-1.1109453206377853,1.7785859200852432,-0.8158773957721746,-1.2842290215981231,1.6539633789386474,-0.31278041572586884,-0.26366402215232193,-0.2975306801677974,-0.8568394896597599,0.5328510214580047,1.4603617194338803,0.0973381160755601,0.0707927272450519,-0.37512070458626734,0.6083864159577158,1.277066362080755,1.4080877478089602,0.7447773519718517,0.42254386355707707,-0.10063907229082042,-0.10329637913351294,-0.072
-1.1065271891264183,3.0008352721345855,-1.0284766459058077,-3.102183654367494,1.7989072866229119,1.013972883978173,-0.26366402215232193,-0.8032671898711563,-0.36751983627367374,-0.23304563512414145,-0.681728357479066,1.3132364577689264,-1.5416528837753463,-0.9825636172993346,2.550829814212525,1.3135277366322153,0.42518308093859425,-0.38511050380972206,0.7010899491555447,0.06654526438445535,1.0309078842180748,-0.023
-1.1021163885293044,-3.0213968696114923,-0.4550563192581824,2.175982084786857,-2.5524147340796,2.0455775824057194,-0.26366402215232193,0.5172544591663798,-0.2859644530341472,0.09787217900869792,0.4853709079109994,0.5055369159603225,-0.08818154096839116,-1.612612846668257,-2.2390863499238347,-2.6915794488851903,-1.6283876171466736,-0.7760286613768621,-0.024207256819134774,0.6125571899874676,1.8575188357280854,-0.091
-1.0977128651324102,-0.2815541938060131,-0.5098077163342885,0.32287339613782984,-0.6367998736020969,-0.007888124474028119,-0.26366402215232193,0.09017853059278673,-0.3449658178274267,1.273594669859528,1.2982713789981335,0.5972563126094611,-0.01666614107228591,0.38685653502020756,-0.3281058788232082,0.13936326565495893,-0.5721539554661668,-2.3878020238492508,0.9431498393986553,0.5449031694234697,-1.0001909519119838,-0.194
-1.0933165659162727,-0.3606991377490506,0.5019759350579241,0.9144596206353031,-0.9594890470194508,2.1026134212137126,-0.26366402215232193,2.5618381344369245,-0.4658435708651484,0.737420443541067,-0.35111621608478544,0.04106363326216088,-1.061669167578307,-1.8288103648182896,-0.5657887035019105,-0.9782765246778431,-1.0804637743486891,-1.8519867255387712,0.04284810687028614,2.121775463159663,1.5952974747376834,-0.267
-1.0889274385431698,-0.7538098916184298,0.45228143616269123,0.4557890226442412,-1.3720694290765378,0.7013471107333331,-0.26366402215232193,0.7791305961631861,-0.08238476055641798,-0.1900292941463178,0.9039098540572346,0.31885768265026393,-1.4552411156569396,-0.7313911039581524,0.10971260572855153,-0.6025193163199762,-0.7998532137200021,-0.30313975585919006,-0.10451535779553238,0.5449031694234697,0.4106630113064296,-0.2
-1.0845454313445975,0.21331121925418767,0.016956347068392677,-0.43812439575517786,-0.3675587941895938,0.33344941084408514,-0.26366402215232193,-0.7284639573385495,-0.3359226315345856,0.58458261017556,0.8910058525542253,0.6259950449887939,-0.7458986916902605,-0.556198156966751,-0.14269627181031116,0.14632005584780047,1.0408509747439516,0.5850080537518723,1.2323557605787931,-1.4950190858601788,-0.7571108534316323,-0.087
-1.0801704933090446,-0.536654743279968,1.1719863320648272,0.7594650273798492,-0.5265802223614643,0.8293656650228535,-0.26366402215232193,0.4680741426601826,-0.25397822741184684,0.6614428338266197,0.5317105980167371,-0.1403597627977132,-1.1719986627912204,1.5683441488549041,-0.38539727386209194,0.29048408789407815,1.1049217847505113,0.7869227007865633,-0.7338686149358623,0.2098114674600372,-0.20255557617002753,0.144
-1.075802574070059,0.3478431002587125,-0.14792907362678598,-0.2706766790271615,-0.006891488361790424,-0.08417903646171639,-0.26366402215232193,1.170656890445243,-0.6062107693119281,1.7360729139221223,0.09614852920881346,-0.7671815490499826,1.292906558453171,-1.145958327177935,-0.5877571018139824,-0.2475720973563363,-2.014025961319327,-2.225757988470162,-0.38495419100578315,0.30109604441614035,0.4343766817163788,-0.389
-1.0714416238945927,1.1795639291321955,-1.0774720530311064,0.006730341427809837,1.8735542334741422,-1.4249245969158038,-0.26366402215232193,-0.9197560752808348,0.5137721207623936,-2.6597459524664466,-3.0733658615750765,-1.5572379454930456,2.1777276305427753,-1.0425124121028466,-0.9296199925136159,-0.14442472561873743,1.0703983801999473,1.4326112857019813,-0.7200930928081052,-0.2980552383241243,0.002606461545040181,0.069
-1.0670875936716224,-0.17313261854813347,0.35846925074071817,-0.05836791851584458,-0.17645539487251227,-1.5205760936150745,-0.26366402215232193,0.3450129960056786,0.11756625843187309,0.1733268718703723,0.6764532295086702,-1.1238607952815802,0.7804397748252158,-0.18260292480370302,-0.39420728853589954,-0.12834775041495952,0.31572516745321566,0.3423303303938617,-0.4373896905326072,1.0428558790509925,0.43098960355400395,-0.117
-1.0627404349010332,-0.4076102147382698,2.0797779338391638,-0.5197317187767733,0.18067337511939804,-0.5156487452117456,-0.26366402215232193,-1.136501050423275,-0.4924011664359301,0.7562771994674534,-0.23994274337919727,-0.5193876339930553,-0.7142779308624186,1.0169447954544661,0.034337351932491066,0.07220231136756851,-0.47736996505984736,-0.03136448534061544,-1.0370319810918152,-1.3979582356475109,0.21720311077164117,-0.018
-1.05840009968276,-0.10575699090093489,-0.29611710633959565,-0.7115668148272299,-0.10206273060227641,-0.04349625791473065,-0.26366402215232193,-0.41334234223920174,0.08866386711431655,0.36199949693567074,-0.34414734428872906,-0.17182169635774466,-1.6044577487642504,-1.2166633935882456,0.300735559441284,-0.23383938318693792,0.11281844878854433,-0.7355064316452858,-1.1021898593606703,-0.6206088852813618,1.1950465456807804,-0.148
-1.0540665407061813,0.2191619619202244,-1.0393666304315203,0.493917768982982,-0.24396166257464577,0.22636084021712127,-0.26366402215232193,-1.2032971671617703,1.70911606159319,0.4545148408521957,-1.3461624662166871,0.851993808143892,-1.5023826895813903,-1.477218639025629,-0.890254351852197,-0.8055407986973246,-0.8749550157662217,0.05965646553192675,-0.2049445751294427,0.2098114674600372,0.7990519510498414,-0.149
-1.0497397112397537,-0.23173361191074004,-0.4550563192581824,0.18453417270105835,-1.8160962990880283,0.10408883533991917,-0.26366402215232193,-1.0113915379237295,-0.267705165405347,0.58458261017556,0.663351115781493,1.441419385723059,-1.8944856635430654,-0.022715875015759234,0.6844020373727386,-0.7470167408672732,-1.5323560315832456,-1.7106026486511512,0.13297003249477876,-0.04863780005434334,-0.14776908733437252,-0.278
-1.045419565120884,-0.1760623717446968,-0.26320377245697185,-0.23393030867904777,1.2677860757239314,-1.0719982791835594,-0.26366402215232193,0.8853194577374346,1.1846695611736797,-2.54181109073782,0.4455418516460116,-2.030730027485289,0.732487143615745,1.9823433049902437,-0.2178011930049327,1.0980889832728182,1.6697535956982124,2.672395655786468,-0.7200930928081052,0.47708298699498286,-2.125515126683596,0.234
-1.0411060567460304,0.7801601239171085,0.2812669100458032,-0.9157845943349971,0.5173277439307475,0.8088728552035385,-0.26366402215232193,1.4470847882486773,-0.11517461080083073,-0.4662991381556005,-0.7528454680091207,0.1836050458511118,-0.7063715108855256,-1.4175781143908663,0.22070785428436462,-0.3663327892994655,-0.6529243408935068,-1.1546367635412098,0.3202013357256453,2.298095224817752,1.488797090925694,0.005
-1.0367991410610295,0.49398793267682123,0.027957254601693203,-0.1971088990279743,-0.171802899030285,1.9419524196138425,-0.26366402215232193,2.038173275203727,-0.5931843012723432,0.24802858996025712,0.4189331513345676,1.3218690837417841,-0.8407135773940204,-1.4934770886669213,0.7649845919559899,-0.19260398236782855,-0.5270924442116947,0.6101943117397478,0.9928765552487486,1.6087815579899176,0.009431840712637016,-0.173
-1.032498773551635,0.9843349462878942,1.4943453053180227,-1.249843391871598,1.7898550649397869,-0.20614990396820834,-0.26366402215232193,0.5991661534473712,0.41784004488117993,0.23450239121162733,1.0323239119814593,-2.4255456168427045,1.710565498314854,2.0335889029669825,0.4075854903705453,2.471249494668117,0.5304774304345509,-0.20453725744137602,-1.7552236538837587,-0.43246608999276576,-1.8900889780313186,-0.044
-1.0282049102342747,0.9376843572140181,0.9224051554011917,-0.63091481885787,0.9255233447576076,-1.4752749540798935,-0.26366402215232193,1.1869377797166056,-0.8025220797635199,-0.26906565703399077,0.06215707245398979,-0.9980169533847697,1.5658637179904826,0.5647000791572492,-0.3192877612691156,1.088455930609687,1.443140547780898,0.7110912293888711,0.6957885904043224,2.27144014632295,-1.0803379417154721,0.052
-1.0239175076470066,-0.24052483237357464,1.1386819552359764,-0.5167163042386897,0.013978561214682344,0.017552405157128824,-0.26366402215232193,-0.4713052417156073,0.4934805854410563,-1.8490863876805264,-0.7243661392756506,-0.18759216253794614,0.23791463658060275,0.9553488297158835,0.0077537899809742876,0.4870326257762099,0.5592942899635887,0.9051515766297124,0.1030976512436621,-0.08907407632330691,-0.6913452429349232,0.232
-1.019636522840679,-0.0325417264639382,0.1325184321674656,-0.0707423258956698,0.15754901059255283,-1.465206212838225,-0.26366402215232193,-0.008654467044776074,1.9849722001707462,-1.1891238946578206,-1.8217005938659516,-0.3681600890385455,0.24587786307899825,-0.6383679939997705,-0.34573886397525744,-0.735750448995861,-0.9540320662733643,-0.23743345362345905,-0.8661718282499125,0.014776438526617974,0.9839337319846697,-0.06
-1.015361913370283,-0.7009741480453281,1.4275891005045918,0.009835792829419984,-0.9571264334679708,1.1526357487769818,-0.26366402215232193,2.2237476673870886,1.190158657986573,-0.3052431769009396,-0.5403075822091985,-1.1641911323008356,0.4371315164564627,-0.0447896304038113,-0.7807964621285902,-0.3115768502687189,0.31098067239715127,0.4509393292241053,-0.6857797055365584,3.461415618534479,0.026491575076319728,0.02
-1.011093637286495,1.0280599703097184,-1.7555402499433757,-1.4575840930032187,-0.789647118917968,2.1856271397704274,-0.26366402215232193,1.398356600600836,-0.2310381008219263,0.1733268718703723,1.466556911581626,1.3862175514876212,-3.3716075643058785,-0.5507171229612925,2.620078840601872,0.7443198843641946,-0.4864224356368904,-1.655443015055271,-1.0659176302222526,1.554295700781753,1.1247525980862045,-0.232
-1.006831653127402,0.4589214674834335,-0.4769603090875211,-1.0620192752004345,0.452898915161911,-1.0972352718939844,-0.26366402215232193,-1.7310024533750037,0.16598800862809152,0.5328510214580047,1.1151811725912817,-0.5903723788226005,-0.1675986452136463,-1.309034486006979,-0.33251453116637186,0.4893813095334642,0.06595844204550914,-0.9618277412851627,-0.6109190974568264,-2.083446778402015,0.3971080139595648,-0.153
-1.002575919910408,-1.2120859933155725,1.2441738208193676,0.6438999125802204,-1.1014297162661308,0.9472731635814395,-0.26366402215232193,0.45987498192471027,-0.5320307352244008,0.07024709875130375,1.2480050687704556,-1.2104535364217268,0.2538415456978916,0.8658572886026148,-0.5042419948413759,-0.13294205536455894,0.5496839176886493,-0.5240444200446046,-1.1532800661704707,0.9261408145060204,-0.4153944396602433,-0.054
-0.9983263971243143,0.4822996999750182,1.321956734066368,-0.33784860855051724,1.5428314184805407,-1.2435242755103564,-0.26366402215232193,-0.886457687983612,1.1136066250451733,-2.1160266439156628,-0.9678175793279731,-1.616988669103135,0.3016332047974768,0.7653227314105034,0.5637119282598444,1.0667966921074297,1.5990167899005947,1.1595907197161268,-2.1773992717683055,-0.5263737666746676,0.4986940595657059,0.241
-0.9940830447215666,0.6225190366413192,1.9345978702454363,-0.7591659702014291,1.233626156388883,0.9011203800439971,-0.26366402215232193,0.4680741426601826,-0.6752220704798126,-2.5779795476229985,-0.7243661392756506,-0.9809634167483998,0.86839391074976,2.802204687958681,0.7649845919559899,1.9288061912817822,0.5400782963267465,-0.11392542387514609,-0.25582061429830494,1.1369995985944097,-1.045474163764876,0.375
-0.9898458231106729,-2.348584649619417,0.38605353689317295,1.952675966870459,-1.5149843882939922,0.134645467976816,-0.26366402215232193,-1.4458413187212968,0.7979565803648038,-0.4589120205368783,-0.15702331540879946,-0.5739479226074862,0.24587786307899825,-1.1024178210688205,-2.672324239673091,-1.5554578272531046,-0.05064345772255678,1.176605822935918,-0.3589044726735623,-1.1987099360519584,0.3394639507190046,-0.086
-0.9856146931487775,-0.9564292563195375,-2.0687195458186793,1.6809638358552212,-0.874499922085323,-0.6878478592837619,-0.26366402215232193,-2.4137001611367292,-0.41686769599748763,0.8000625133745604,0.15715861286735766,0.616427500271939,-0.6114562420251699,-0.2651700555056928,-0.8815036230226269,-0.4846440527304782,0.4490627208550836,1.1510856162094922,0.37732078184422235,-1.2830837712626957,-0.511804353861331,-0.107
-0.9813896161343943,0.41800392939570824,0.4191629792209428,-0.6638225282237727,0.6827228030793436,0.2518495360406809,-0.26366402215232193,0.697369420800325,1.4236398580849863,-1.4974305961527743,-1.1633625183872627,-0.6563300260528045,-0.6114562420251699,0.8267425919766308,0.5012177995819413,0.6637825249635471,0.9230705328152302,0.8037925444893287,-2.3878756920999002,0.42610748315236896,1.2786310460213952,0.245
-0.9771705538002928,-1.4944126805479148,-0.38931707560284845,2.12847290331479,-1.6916700468996362,-0.3990371288092966,-0.26366402215232193,0.04901097882147642,-0.627860560630724,0.11164729486538091,1.2164951397232837,0.7115606479069364,-0.2549030841568761,0.8770371308012052,-0.8639990945485893,-0.29330336154302195,-0.8749550157662217,-0.6868183807086842,1.9668098993575558,0.7921717680401692,-2.1147814211778484,-0.127
-0.9729574683065316,-0.4985220453811632,2.04067730377028,-0.38350068953228056,-0.19041527260669275,0.282443031907484,-0.26366402215232193,1.657981330758445,2.2072888381394016,0.4347920514319965,0.021276022288166514,-0.45429737691659855,1.0845043148899771,-0.5616788090704161,-0.14269627181031116,-0.24986028239119884,-0.7198959183447846,-0.4669000907303086,-1.167943645709965,0.8145435460625123,1.2919946933976334,-0.109
-0.9687503222336371,-1.679811190746003,-1.2351815978223852,1.5809993619342664,-0.7519796285307644,0.1499266146244519,-0.26366402215232193,-0.662026869931345,0.8983816266822664,-1.7896792917448383,-0.06764072932349056,-0.4111358151436008,0.11852115878313618,-1.6721199057347274,-2.3980581945487116,-1.766360228820859,0.40133350993564887,1.0152266632197178,-1.2491223097589224,-1.1866754100288905,0.3903293316005973,-0.102
-0.9645490785759264,1.1941252479554927,1.5722672938897877,-1.6256789947817436,1.4179218764427104,-0.8042139513747791,-0.26366402215232193,0.23823107070128197,-0.025818375949472443,0.9722189243518393,-0.6391881274033615,-1.2104535364217268,0.3175673945551767,-1.118748173132321,-0.33692291272200864,0.9157560176301976,0.15980277133809204,-0.07266709260558056,-0.3589044726735623,0.22695119120002522,-0.062277220092626935,-0.104
-0.960353700734963,-0.42520383749398344,-1.1699526670412987,1.0053449428465078,-1.3340125687875393,-0.6929092767157241,-0.26366402215232193,-0.35541758215927205,-0.5495643047146915,1.325154803355425,0.7352730740486494,1.0304669573270318,1.0044266722100175,-1.3850294833393404,-0.5877571018139824,-0.8257755894584595,0.506496100886662,0.49278900991037916,0.9431498393986553,-0.014028849583657726,-0.26082834887385187,-0.44
-0.9561641525131501,-0.8095906911917395,1.9401791360362206,0.7948935832944438,-0.2462909837923088,-1.2687318984076514,-0.26366402215232193,1.170656890445243,0.407808584328281,-2.6142539255193773,1.8929774306775975,-1.0894029344942435,0.8364044678444671,1.8288802026557818,-0.37218023193293337,0.7941958835264051,1.443140547780898,1.0237055317189725,-1.0298288920148888,1.3463663226806226,-0.5704289905001468,0.285
-0.9519803981074547,-0.15555475850507758,-0.09299413267327232,0.08763436872167292,0.3215452487317405,-1.3392906169026686,-0.26366402215232193,-0.6952389627700507,-0.43917552595759585,1.0205320093641723,0.7091591505904924,-1.2860174996178655,0.7964274974097669,0.08222459002772287,0.5726444310418803,0.9348811075377309,0.4921216130825788,-0.26208678729276325,-1.1532800661704707,-1.3253569819293085,0.7451645730289667,-0.135
-0.9478024021032568,-0.6804293592906214,-0.08749915332166598,0.12196403827931034,-0.28590516083487005,1.5026830958989448,-0.26366402215232193,1.8118357940464214,0.41784004488117993,-1.0778851533190754,0.5449252548881671,-0.16132267836098924,0.02308093371384214,-0.05030704447670271,-0.3148782958053018,-0.6929039087061054,0.5641012562724874,-0.4178481393874971,-0.44397570165952244,0.9984481820717006,-0.20940786036814088,0.055
-0.9436301294683264,-0.5513224710826452,-0.8758884146410426,0.24415672055978552,-1.2199819624690809,1.306920511050488,-0.26366402215232193,-0.008654467044776074,0.5086944666973661,-0.09760327428711689,-0.27460912889244743,0.9395216943706322,-1.7926679045603051,-1.1677200783596857,-0.2222166563634697,-1.0162974751866563,-0.8087096491447424,-0.5648069064796393,0.36025398586829016,-0.37394178164637487,1.6650984365147243,0.094
-0.9394635455469181,1.4560360404516726,-1.349231372414632,-1.5363331092464085,0.9735309683805115,0.7474169817328522,-0.26366402215232193,-1.4123492584358042,1.4631130556057232,0.2951747600231136,-2.446737172174162,0.2339508048032235,-1.4395230664359442,-2.6671147774308137,0.5905130263055786,-0.645482884525566,-1.2827845451794608,-2.08615180815288,-0.6516451404113313,-1.8923161729901161,2.244106153513522,-0.168
-0.9353026160539877,-0.3401779577879459,-2.2949711162134907,0.49709820633244417,-1.127490663055576,0.6297200093436357,-0.26366402215232193,-0.8448525072347977,0.38778369705458166,-0.31975831792684634,-2.5552031640304733,1.6731619073194883,-1.2979668813736893,-0.7095130649378592,-0.12059142030774711,-1.6412740630993345,-1.544920917492766,-0.9779370537217087,0.743272442401384,-0.17594024100449218,1.3687833061086607,0.123
-0.9311473070695205,0.4852218135018644,-0.4331477732651835,-0.7026257765257956,0.13672955330871167,0.05317779911484122,-0.26366402215232193,-0.6952389627700507,-0.6795094069589673,-0.8669069875517119,1.4106959004707533,1.2437290140823736,-1.4080806984723397,0.038020910812478645,2.0135796344715584,0.6756098556242613,0.4108697253654025,0.8882417774296949,0.9730598710150606,-0.12378484572283581,0.5629414922046406,-0.003
-0.9269975850329756,-0.6745596724621928,-0.3673949550633086,0.5671856258252221,-0.8792180020139891,1.5387865367753035,-0.26366402215232193,1.2439006380394828,-0.5451854996313236,-2.221050195170528,0.26506576813826677,1.1290919890052018,-0.17553777162854445,1.1459248603303116,0.35413951771987484,-0.07085890480692762,0.5785292690807015,-0.15513934879727073,0.1980996631397356,2.276772863185807,-0.8194979840605492,0.22
-0.9228534167378373,-1.3943959571948306,-0.3564322086220925,0.8756146717707273,-1.096692624263787,0.6962293942051019,-0.26366402215232193,-1.1281549968545375,0.3329764892282583,-0.3342986922523267,-0.5121538589345817,0.5780370243559333,-0.9433489681735524,0.35910910722069467,0.08753492415983766,-0.7762914475017068,-0.4637812693522483,0.14258705362720642,-0.3394405150997595,-0.5204949043329854,0.2104031429310137,-0.098
-0.9187147693262749,-0.7655523903853875,0.33089127723326006,0.14071446474779767,-1.1796474791531488,0.7269391632329837,-0.26366402215232193,-0.7118498480984959,-0.5232455956287587,1.2793475360250615,0.7156918677175229,0.49581926868696075,-1.022241694547428,-0.693100606961834,-0.42943659594170674,-0.866209199479246,0.15980277133809204,-0.7192845098756935,-0.8591435227408621,0.3295586594704219,0.7316853272576559,-0.202
-0.9145816102839078,1.4560360404516726,-2.45631515620904,-1.0299764993204026,1.4792638369316857,-0.1705869915947782,-0.26366402215232193,-0.7533911533551106,-0.627860560630724,0.58458261017556,-0.4419601762120361,0.582846353860502,0.5647780881812153,-0.5397539081297275,0.6530909298055876,0.32314218974575676,-0.6573986818320402,0.0679416453909097,1.8592105924652285,-1.2830837712626957,-0.9549521843203408,0.008
-0.9104539074346704,0.055289839022656766,-1.4739984458221105,1.6976600920456064,-0.35588604064298685,-1.2183123764642254,-0.26366402215232193,-3.288257679953,-0.5844847325231216,0.7625505633810888,1.8929774306775975,1.016903121980813,0.45308106394909337,-1.0261670573662631,-0.49544536052112814,-0.10766460266484268,0.7962201082935957,0.07622857882646163,0.15081294810051185,-3.111457897960069,-0.1854287381373167,-0.187
-0.9063316289357785,0.48814389014710036,1.1719863320648272,-0.7056066890034823,0.7194241398872578,-1.8322919203699426,-0.26366402215232193,-1.0113915379237295,-0.5539400525547423,-0.7440839858597448,0.7808636315873346,-0.5357253515167801,0.27773532757071134,3.3824478001696163,0.8501514320273721,2.3657440133684613,0.8010845358557248,0.026533302198893015,-0.2049445751294427,-0.7507099393032677,-1.9327841642727794,0.332
-0.9022147432727926,-0.006189168541701718,1.2608378874296415,0.15948258215052036,-0.31155382530640313,1.0191053372437249,-0.26366402215232193,-0.8365338518715177,-0.6408138673756922,0.2615299517356534,-0.3999748488351548,0.33375208140330603,-0.30249954350513775,1.078598884276557,0.06093105351783401,-0.236128598446886,-0.38655316363516184,-0.5485074123102224,0.6585009255482929,-0.5146173219586224,-1.1187190531871132,0.119
-0.8981032192547764,-0.11454416659879725,0.7673487503696264,0.3670855914365769,0.404536248219322,-0.14009670232640245,-0.26366402215232193,0.2710998989862698,0.38278539582882365,-1.1891238946578206,0.014452838161097357,0.14311526247108441,-0.40556637546914315,1.393397043477257,-0.12501294403278207,0.4354148700524124,0.5352772686617145,1.0915956697408289,0.3144531769301504,0.680047200062171,-0.6498547817273187,0.149
-0.8939970260095454,-2.1834957371236623,-0.8486152335168714,2.0269229269032705,-1.5793975914205616,1.5336280954263761,-0.26366402215232193,-1.136501050423275,0.5239369725527242,0.6231231880396033,-0.5544007664777556,-0.16132267836098924,-1.19562770574255,-1.8180129823605204,-2.3851799231609703,-1.99358504170901,-0.46831216555554483,-0.014831074182896097,-2.2358370432607835,-1.0186924382652072,2.4021199630634666,-0.098
-0.8898961329790113,-0.6364094589284778,-0.7230613338666926,-0.18789187470748325,-1.004398003348886,0.6604118301476368,-0.26366402215232193,-0.4381788981974993,0.07425499767029746,-0.06233714045489278,-1.4492582541575403,1.1023416037418656,-2.503428502176382,-0.9607532341948892,0.5949809238633302,-1.5752784516705962,-0.5766527031300961,-0.12217176555460875,0.23328452135708672,0.6238168572568975,2.036200012506708,-0.062
-0.8858005099146085,-0.1789921562730141,-0.7667502687199864,0.04091783683138074,-0.07419116130422532,-0.7232739058283216,-0.26366402215232193,-1.2534264201581302,-0.6321813757365132,-0.020224504306049433,1.3733250144356088,1.012375722847714,-0.2787034503208687,0.1873156108528427,1.44950419470026,0.15327856655873076,0.9818786974164915,-0.5810990562321643,0.852080559548048,-1.5680074698853748,0.4580807469676847,0.049
-0.8817101268728115,0.8385163469459914,0.4578020525440919,-0.8893043965584204,1.1014045520575513,-2.0681855954243997,-0.26366402215232193,-1.3621336649439957,1.4857411594601968,-0.9679057849397106,-0.4770229577068197,-0.6398016656257931,1.1245592540353124,-0.2761722311646379,0.2740492576635675,0.687442806001254,0.37275381939285435,0.9136089644987371,-0.7338686149358623,-1.4221957734625763,0.5426603366374108,0.098
-0.8776249542107359,0.1518701580281217,0.3088334597649579,0.15948258215052036,0.7538145073936587,-0.6979705093752514,-0.26366402215232193,0.5909780910256646,0.38278539582882365,-0.2835177568079783,-0.17081575218260825,-0.36280120193035187,0.8923905713694943,0.7485815778894028,-0.7457359065671303,0.5929353581774705,0.05192477740082347,0.6353957833291851,0.11506675303169633,0.009017952739236607,-1.181595213839225,0.069
-0.873544962581819,0.5524201861698714,-3.6865352354614207,0.45896383981859357,-0.4072663065766118,-0.48523806658779906,-0.26366402215232193,-0.7700132970545673,-0.2264407859953624,0.33534392770300747,-0.3023915632021987,1.9533641040146887,-0.8407135773940204,-1.0806390351385387,1.1288454438114242,0.09302838033996133,-1.1367464291562879,-0.28672396301572917,0.444998531070689,-2.3004875918829657,0.2443948298237357,-0.169
-0.8694701229315854,-0.5483888677001707,0.4412409514115441,0.11259547464977217,0.018615328763838677,0.4457400345948913,-0.26366402215232193,1.1462307168799006,1.9079405195899488,-0.5928499285300453,-2.78149739056777,-0.87918258605035,1.1245592540353124,-0.8570744750040118,-1.9590648318261041,-1.3943097959420239,0.33471530618325857,2.5846772565943392,-1.6764232327356272,1.2528831167751673,0.6439974130927575,-0.032
-0.8654004064934862,-0.8624447854850216,-0.4331477732651835,0.8239210007851876,-0.8061354008283315,-0.26201482288196376,-0.26366402215232193,-0.239681358896188,-0.7136987049071353,0.545820822766541,1.266876521631367,0.02051177088002148,-0.207289564633192,-0.5123391682115377,-1.4134589371393171,-0.5073458318802606,-1.6283876171466736,-2.1870450648076085,0.39998468879271615,0.5956591440008666,-1.5572421590438632,-0.191
-0.8613357847848195,-0.3196582579845998,-0.28514710369735247,0.11884069063496218,-0.6579350014794046,-0.22138816744735806,-0.26366402215232193,0.7219048876098132,0.9838515318519252,-0.2907532595799858,-1.701799754645649,1.1601608148633902,0.3494412162689056,0.07117117456744372,0.07423171586159433,-0.9626088433418347,-0.11559556254823078,0.9643880715299822,0.7537547572264556,-0.7151676882939071,0.876432760223263,0.034
-0.8572762296027244,0.43554089110854644,-0.6192240813209274,-0.16636739481470125,-0.23930332641356597,-0.8396105518273334,-0.26366402215232193,-0.6288276395891864,-0.5188484351265001,0.056397114618365746,-0.25380107284860937,0.6020536203777928,-0.5164707718510111,0.5925292348684077,1.426868621937865,0.5835040510909226,-0.4637812693522483,-0.6543225992135888,-0.1482367307958989,-0.14695174665929855,-0.08620127825781454,0.058
-0.8532217130202453,0.3127549790153114,0.7396797195723218,-0.1448176605090502,0.45059673439607734,0.05826796807227965,-0.26366402215232193,0.07371370773508858,-0.4835608991733699,0.30188511520776046,-0.738600392274818,-0.41652085244235193,-0.4214156345190024,-0.6821570934710444,-0.07636092764391866,0.007506647405514446,0.23051096264482118,0.15919413740456748,0.637053400109966,0.2840039610043109,-0.048611070444036814,0.004
-0.8491722073824743,1.0018261136339779,-1.18082709642075,-0.7472798593760683,0.5633106717875754,-0.19090985156427842,-0.26366402215232193,-2.160312177421269,0.33794314292734,-0.22586051725583753,-1.5974412039056072,1.111270693326738,-0.31836122781353715,-1.877382479642347,0.31853222605254405,-0.5277637250356666,0.3442176622173004,0.9813276687546605,0.577544489763801,-1.665579956893578,1.5720147217794234,-0.056
-0.845127685302759,0.616678302354709,0.19860564468203357,-0.26761735870016234,-0.21834584875137672,1.7608500779033607,-0.26366402215232193,0.9098085485206996,-0.4213354082447269,-0.4662991381556005,0.14362022536049718,0.8612589854119516,-1.5966089931127336,-0.8789125375666851,0.2873911053365024,0.25320837978815947,-1.66578005705158,-2.6330568589172274,0.006374144636601591,1.712043460238441,0.4614662603228879,-0.09
-0.8410881196589788,0.981419602382568,-0.021538468826483158,-0.44721139920126923,1.0032347969018638,-1.535673502257466,-0.26366402215232193,-1.4207211508419282,0.49854869956870534,1.1396213245215778,1.850981322045648,-0.421908792948492,1.2608259472363366,0.4868378370638885,0.30963331210566636,1.3451788407156955,0.2021944274817754,-0.4587293156328001,-0.3264994108093715,-1.6777968532136696,-1.4304870998662316,-0.359
-0.8370534835898922,1.557795230362667,-1.0393666304315203,-1.3669462872470186,0.9140884577121153,-0.4294673206964085,-0.26366402215232193,-0.8531719571308489,-0.7857062979773181,0.3553448896618995,1.0451026119948106,-0.020733228697105973,-0.270770469315482,0.4868378370638885,1.526527304962371,1.9665280615109941,0.7330882672457638,0.5430648335402681,0.28561333619044776,-1.08457388263413,-0.7848284440776259,-0.066
-0.833023750491545,-0.0735398027905261,1.2330655684801461,-0.34394246580181354,-0.020809052519699132,0.8601119764993882,-0.26366402215232193,1.4876743902546354,-0.36751983627367374,-1.1333469064289308,1.266876521631367,0.23896907808869589,-0.7538026505375232,1.3426985756691905,-0.17363146219389752,0.44948237157068544,-1.0021307221966915,-0.1304163299359199,-0.8311026605067504,1.0594913969188173,-0.4601334103428587,0.142
-0.8289988940137447,1.083431031038803,0.04996224354842315,-0.886359213209847,0.7698577185164281,-0.22646719179771646,-0.26366402215232193,1.7875575316064016,0.6159939271980407,-0.4662991381556005,-0.8457019839653598,0.8935913435910173,1.6783979774941993,-0.1385302233397493,-0.16479421534590255,0.4166698629760717,-0.09706324586152265,0.37571760774165774,-0.2686088251311448,1.3683203964647517,0.6372469279413331,0.147
-0.8249788880566002,0.4589214674834335,-0.005042285619837159,-0.3774206716856959,0.3561377943471036,-0.3533788041784777,-0.26366402215232193,0.697369420800325,0.031197517335241672,0.10476285459773951,-0.5967455599372231,0.4909559530721181,-0.5639722485171084,-0.18260292480370302,0.012183680742198373,-0.031702397178951985,-0.4864224356368904,-0.6786972123493015,0.9631145562205399,0.5279637866517114,-1.0838257895653483,-0.041
-0.8209637067671172,0.2396384755558689,1.0332724209695077,-0.7264572028525225,0.6597747974318573,-0.4193246933908798,-0.26366402215232193,1.4876743902546354,-0.17103122032325932,-1.4072237454178411,-0.6321075810312481,-0.31470213318414175,1.0845043148899771,0.5313198621126397,0.04320079105191893,0.03290547192693261,0.06595844204550914,-0.4342060656057777,-1.278864358051924,0.3579911841606578,-0.14776908733437252,0.037
-0.8169533245358586,-0.5513224710826452,-0.7449081891629595,0.4907377988570763,-0.023128974510795344,1.3326570869866352,-0.26366402215232193,0.7464342489355463,0.6934978567322044,0.10476285459773951,-1.7616657593592433,-0.6949970772137225,-0.270770469315482,-0.556198156966751,-0.9077527432328174,-0.8392587743575937,-0.545133179919037,-0.8003196154006196,-0.38495419100578315,-0.5675615642004408,0.9604335877338341,-0.005
-0.8129477159936614,-0.2200124178942609,1.0332724209695077,0.22844957462175647,0.6046688869797098,0.9318867364938611,-0.26366402215232193,2.1834315987361723,1.7439254376930347,-0.7136334506014789,-1.0689671135709777,-0.8679308559139036,-0.18347642706817752,0.29255947944362876,-0.3148782958053018,-0.22468080039490476,-0.4637812693522483,0.05137304026532967,-1.1240414519370219,1.3134053369649688,0.20360235777072014,0.022
-0.8089468560084115,-0.11454416659879725,0.750746613399503,-0.02429655014709053,0.6781337994625695,-0.1045155581790828,-0.26366402215232193,0.697369420800325,0.3628238572255918,-1.2371839390347175,0.5118675613279156,-1.003707177620926,0.6366294766634341,0.9329645960313279,-0.5218320730905268,0.3044756092030292,1.0162593049860107,1.4154990534204777,-0.7476728456141568,0.47142373608454136,-0.5566287762857162,0.006
-0.8049507196818746,1.1067404298201977,-0.2467433711446117,-1.2727773332703742,-0.23930332641356597,1.6729994669887478,-0.26366402215232193,2.2318091464097853,-0.2218403733658779,0.1733268718703723,-0.01970451679013339,0.582846353860502,-0.29456798771086024,0.10986543260546575,1.4178167094467666,1.4306346355275537,-0.9101568527510283,-1.875486619901892,-0.45056874074646086,2.8688130294802656,0.3224988711364054,-0.084
-0.8009592823465811,2.934364064043441,-0.1314514330324126,-2.50946305212796,2.63484533016042,0.21107018022786952,-0.26366402215232193,-0.0663561631216217,2.1166114335852413,-1.0857889756239831,-0.5262252783068343,-0.062166378580871755,-0.45310838846904883,-0.4684555942079926,3.0840001759863642,1.9841576577675488,0.18805277237472684,-1.10653769508008,-1.35374073437674,-0.45591210220501266,0.6473723724323246,-0.01
-0.7969725195627686,1.0921723864567376,0.8891631930243016,-0.5859318567397117,1.5428314184805407,-1.3292128335487547,-0.26366402215232193,-0.0251369556690548,0.8242717258950074,-2.194705585882518,0.9489843187245371,-0.16132267836098924,1.3410401694191212,1.1346989805197079,0.8456661976843692,1.9438857624352337,2.206908063567404,1.3214968625284342,-0.24306011174926168,0.15259870676797344,-0.8784942311061943,0.258
-0.7929904071153713,2.1557442712279298,0.6898905925238745,-1.8350609714661543,2.1738085613426326,-0.63216003355145,-0.26366402215232193,-0.5873466042885382,1.5824955513676708,-1.1651808458490147,-0.9318204304307569,-0.739360761317032,0.3494412162689056,0.30364676850467637,1.250593181993869,1.716515694093789,-0.226359377198567,-1.0744333159010877,-1.6373089257703703,-1.720591394823247,0.20700285258131376,0.175
-0.7890129210110665,-0.9270561567626234,-0.4988597269089653,1.0704731437674042,-0.35355181081778114,0.18049459212445534,-0.26366402215232193,-0.1736135153948232,-0.2034077336849623,-1.5386929863880043,-1.478809922873481,0.16844356590752335,-0.3897151982532819,-1.037064319411043,-0.42503387194819175,-1.4385280197585384,-1.4567166682788095,0.4844156628762706,-0.3980210163054127,0.40342105718611976,1.5021187639776905,0.112
-0.785040037475368,-0.5689246971470077,-0.7121361207370658,0.4304074111594153,-0.4493439417988187,0.007375576780073049,-0.26366402215232193,-0.7783255706549003,-0.4347201050911262,0.15282306395177148,-1.0689671135709777,0.39306165620622524,0.0946548670208843,-1.5151502749318464,-1.7213644933993166,-1.2524586116047898,0.04724939135452545,1.6900617367868613,0.46734891634297127,-0.7329332003749159,0.8932419394685258,-0.157
-0.7810717329497703,-1.0533792966248496,0.5958979332842252,1.1750386314614774,-0.7472731642073569,-0.04858231717935913,-0.26366402215232193,0.5909780910256646,0.709084973798226,-0.9289320455317648,-0.35111621608478544,-1.397318575956015,0.02308093371384214,0.1983866746225485,-1.0170254839525206,-0.05934770499127024,-0.4818968668441364,-0.36873081204259567,-1.0949207135516235,0.887131077732898,0.27157355500213004,0.042
-0.7771079840889413,0.6838374503260813,0.18758851760692016,-0.49559310392625894,0.5173277439307475,-0.028236856030090705,-0.26366402215232193,0.08194648498227196,-0.5975295080582707,-0.09760327428711689,-0.5614514374498799,-0.015567308975093388,-0.15965904811316012,-0.5616788090704161,0.9309386026132543,0.4283839339476529,0.2825392815011943,0.1259869478370045,-0.129457862340947,-0.7210882767629775,0.09808488369537438,-0.061
-0.7731487677579626,0.461843875025768,0.8725453863346457,-0.699644298096291,1.1766609098987075,-0.37367332971671763,-0.26366402215232193,0.8934831530898907,-0.8025220797635199,0.5133501541827055,-0.4840436904681682,-1.9322159775691392,0.7244965776246675,2.732945591558266,0.003324180062996034,1.8460902083877797,-0.49999113644965143,-0.9457108543677137,-0.8101478947571714,0.887131077732898,-1.6313621574402746,0.082
-0.7691940610296141,-1.0445644723339216,1.0166364073963088,1.1553990211811282,-0.7990683455517098,0.5325832179046259,-0.26366402215232193,1.1380873661368314,-0.601871663880792,-1.2532555268930778,0.6042521350613129,0.582846353860502,-0.5718874633470277,1.0842067035110377,-0.23987577130945456,-0.42326845467300206,-0.1987378174172964,0.6690213677158616,0.5666411942378475,0.6575686226989449,-0.305433532811387,0.142
-0.7652438411817081,-1.4738187049383291,0.2537067411207337,0.9209399781187794,-0.7072860943663551,0.6501803079125558,-0.26366402215232193,0.49266743573418126,0.8824478528504248,-0.5554387989480607,-1.6048781882144882,-0.7449191686284959,0.33350339909279403,-0.17709524657931705,-0.6185017896150489,-1.0140620866276737,0.5448805128590338,0.7279309357059035,-0.38495419100578315,0.009017952739236607,1.0711438780963032,0.06
-0.7612980856944631,-0.8536351571673484,-2.7569221341341015,1.5311549247533978,-1.4696939783355136,0.6092633610230134,-0.26366402215232193,-0.9780585739260785,-0.20802054309257736,-0.5107548612461751,-2.377277836928081,0.9440979678399338,-2.1915759256568137,-0.9771115640917569,-0.13827585467158574,-1.3389636362746515,-0.12022545481699302,1.8624873196133944,0.04284810687028614,-0.06595980224619002,0.6811116072646424,-0.175
-0.7573567722479257,0.2367133629241113,-0.3947969017632189,-0.27373547507554613,0.43678196846539086,1.1269437740258048,-0.26366402215232193,1.032164679524508,0.16113169710665892,0.1869649603900852,-0.20534492869039242,-0.0052442910912901515,-0.9196713662750731,-0.17709524657931705,0.1052765019992383,0.1997128632582786,-0.39110656708598857,0.04309137060832438,-0.510222923992917,0.6968943232743051,0.7182031070611703,0.1
-0.7534198787194323,0.3683088085413675,-1.6311030306496865,0.6023134299226105,0.009341423029816167,0.2926425818770194,-0.26366402215232193,0.45987498192471027,0.7769622480598322,0.32866455614430135,-1.2655248991634678,0.616427500271939,0.29366679113174154,-3.773722055973884,-0.6009349760718685,-1.1746518900145146,-0.5496400064152219,0.25898273070217565,-0.8101478947571714,0.4827410687351519,1.7315101241395419,-0.392
-0.7494873831811134,-0.24345530098161286,2.1468308724762744,0.2787549936529525,-0.24396166257464577,-0.2467813093032803,-0.26366402215232193,1.6417733301009627,-0.7688421063549248,0.6550715568985783,1.2038710555879917,-0.7839085105501058,1.3570880841175221,-0.5616788090704161,-1.0432274075049235,0.09071362123842958,-0.9584117907115572,-0.7436146027516541,1.3419748517441874,2.1539035123953547,-1.2200632249309633,-0.273
-0.7455592638974393,-1.8270190880631498,-0.3290204398716637,1.9122577495209427,-0.784937156040836,0.6194912297209134,-0.26366402215232193,0.37784480103444573,-0.3630151957412621,-0.774636532671469,0.9554121494396846,-0.89044577575755,0.8523983163907072,-0.5945547173143115,-1.195892132500216,-0.8055407986973246,1.050695581068192,1.6470539188846616,0.7327648324414169,-0.18754497245774823,-0.7917603423268398,-0.097
-0.7416354993228053,-0.26983090472832044,-0.6684234151785573,0.32287339613782984,-0.5429796133526847,0.9113748716867378,-0.26366402215232193,0.75460934889516,-0.5583127437214456,-0.7060367473386705,-0.34414734428872906,0.39306165620622524,-0.35800709893718735,-0.19361707622075694,-0.12501294403278207,-1.0431110980331566,-1.2485727093680414,-0.7192845098756935,1.4438440314997159,0.11821127928415934,0.040135552174655156,0.04
-0.7377160680991575,0.8297639458821126,1.5722672938897877,-0.9040215028188187,0.48512108179926317,-0.5865804977495312,-0.26366402215232193,1.1299433679833883,-0.24481146405490725,0.1869649603900852,0.6764532295086702,0.2839999938828983,0.3016332047974768,0.30364676850467637,0.7649845919559899,0.526989167153832,1.026092568175235,0.15088972376868556,0.4505958950577794,1.1259394614551663,-0.8715496787264849,-0.013
-0.7338009490536553,1.316395233864506,-0.3180537763084798,-2.005789012829649,1.0922776971642727,-0.297552797903862,-0.26366402215232193,-0.7201565000924801,-0.5408036367348542,0.8867367872397999,0.6108299507136962,0.6212127771990045,-0.5481403622399412,-0.9498458698533869,1.41329124888479,0.1811298838938795,-0.7332531998470748,-1.1305958675231238,0.7642118051837186,-0.9529570273455246,1.2986755014861735,-0.23
-0.7298901211963738,2.1064582763649606,-0.5207545567643608,-1.916667842446968,1.5564469779193943,0.6194912297209134,-0.26366402215232193,0.9261312876563291,0.3032429460224916,0.862094513502404,-0.184619181882103,0.3634605020778,-0.5798021922255593,-0.6000327038771338,1.0793113889353683,0.7040184190389143,0.5400782963267465,-0.24565302505315575,-0.5235570096816753,1.186719197898186,0.6878571999951101,-0.069
-0.7259835637180421,0.5202842907404202,0.8725453863346457,-0.7324093807069685,0.8820614868945237,0.6604118301476368,-0.26366402215232193,1.195077258149753,0.1031009491276079,-0.4294268481411702,1.7786526757853849,-0.9017204215153835,0.4451060654783729,1.7097983650853883,0.06979787904574355,1.7388762702296514,1.543586342941729,0.07622857882646163,-0.5035664769293938,1.20879013315853,-1.3707627279442616,0.093
-0.7220812559878163,-1.3032289775251937,1.288615823280355,1.3425944267377519,-1.0517097783190272,1.2914816720804203,-0.26366402215232193,0.9261312876563291,-0.6105468249238873,1.3705791690819786,-1.6495556792641937,-0.27214542841792516,-0.39764102648150373,0.2703900575809996,-1.3308557145916051,-1.192450952962386,-1.7196108116531585,-1.330405518104028,0.6209006273503599,0.4487750148722715,-0.01787478351051433,-0.269
-0.718183177551093,-0.46332701066530263,1.867638924204867,0.2410143225140079,-0.2672594858075599,0.4661679437077371,-0.26366402215232193,1.0077053087407872,-0.01160658115055281,-0.6605902543687084,0.6239771389236035,-0.8848127486777474,0.4451060654783729,1.664496721329528,-0.4822484122985664,0.8132232886282905,0.7185473357610843,0.8037925444893287,0.21572205351339785,1.20879013315853,-1.702078553609792,0.213
-0.7142893081273515,0.026015926881580012,-0.5098077163342885,0.05647758159607356,0.5977775750703337,-0.7789252129999125,-0.26366402215232193,-0.3306042904553342,0.1757100625242481,-0.04125264733337227,0.27850410139703313,-0.41652085244235193,0.5009404785143441,-0.16056979815730696,-0.0675114937788931,0.5528763624698525,1.4782469713429125,1.4582916730755933,-0.8381020290134573,0.22695119120002522,-0.26425816812079245,-0.182
-0.7103996276080348,2.7753489893459906,-0.930411854343663,-2.1315970850537345,2.2526694063169415,0.43552740675862023,-0.26366402215232193,0.43527330117151736,-0.30417429189358763,0.33534392770300747,0.5976715058388169,0.4470514532316815,-0.5402236914100761,-0.8406920739407111,2.127955289882923,1.9262941242819245,1.3132160069751695,-0.3523438826429574,0.09710301520710883,-0.5852325843912181,0.1525703107198814,-0.061
-0.7065141160544632,1.0979997363598955,1.42202751145976,-1.9518557074489389,1.4111033677680824,-0.04858231717935913,-0.26366402215232193,0.49266743573418126,0.4580927663380776,-1.3421107069627973,-0.3999748488351548,-0.293400467309939,0.8843912489471578,-0.7423278833031457,-0.06308635906736129,0.2718398879369672,0.17863116649553087,0.6522052040002058,-0.7545857353181474,1.031760281291234,1.1783168001748352,0.163
-0.7026327536957784,1.2145091782470152,1.155333119492099,-1.5503396814938735,1.2814460416823563,-1.0568539832270323,-0.26366402215232193,-1.286861161159674,-0.4480771539579361,0.40179723828097486,0.46546898504510886,0.13804073094982344,0.812416972754834,0.6259390623119405,1.658143517425215,1.2649265050799963,1.0556195832971527,1.176605822935918,0.5227701220307991,-0.703330262435163,-0.2848417976195765,-0.062
-0.6987555209269236,0.36538524299045383,0.46884403238164096,-0.35916781567076606,0.39992842222456493,-1.4249245969158038,-0.26366402215232193,-0.19012593013461795,0.5036199931434479,0.007725421110131845,-1.097963615606891,-1.527468147255349,0.8763923619918865,-1.04796014623725,-0.054235253420590136,0.014431387498967548,-0.18029767805574623,0.15088972376868556,-1.1240414519370219,-0.3038847933212462,1.3187138721136697,-0.021
-0.6948823983066519,0.28936007534102465,0.2537067411207337,0.07516569660987915,0.3123174110321285,0.49170782125548473,-0.26366402215232193,0.36963791064696216,-0.3177992418241007,-1.2532555268930778,0.5647261769992982,0.4323627994188694,-0.11995401243917411,0.5980964132535117,-0.4558473154531744,0.29281550878137014,-0.6886808449622613,-0.5322005827649968,-0.2686088251311448,0.8201337473136532,-0.8854398065247161,0.034
-0.6910133665555684,-0.04425481746961176,-0.7339853573960566,0.08763436872167292,-0.37456373355963757,1.8229072159014355,-0.26366402215232193,0.9995508722754985,-0.11984642622734819,-0.8052911656189136,-0.5544007664777556,-0.02590208826523869,-0.7933150406585993,0.29255947944362876,0.07866583556119255,0.7894413736829463,0.05192477740082347,-0.7922244987879966,-0.3980210163054127,0.3636740931678469,-0.21283433500305693,0.172
-0.6871484065542005,1.2610925741174097,-0.04352964699844254,-0.7294335761984787,0.664364996889546,-0.9406950000990881,-0.26366402215232193,-1.5547728539880927,-0.83183332353668,1.3365467643324627,2.281805440070029,0.520090918612163,-0.1517189806163755,0.26484877430573756,1.9541924640224344,1.861101317509658,-0.5901408477373616,-0.8003196154006196,1.0419882427157858,0.437443605543642,-0.9410414334175672,-0.309
-0.6832874993410996,0.6049963752428485,1.0831929219240193,-0.6518639324142704,1.0717383861094871,-0.124848848703462,-0.26366402215232193,-0.9114302943546859,0.10791958180342341,0.056397114618365746,0.9939193353457548,-1.7071418234748166,-1.1877518693983926,1.4328577823349669,1.8082621689477139,1.4232958657729287,0.9230705328152302,-0.09742741280898624,-2.012544488695531,-1.0546097372128125,-0.40163648373027816,-0.108
-0.6794306261109714,-1.0739481342597523,-0.1973473045923408,0.7884479798261838,-0.8202724197764134,1.1423582073595147,-0.26366402215232193,-0.008654467044776074,0.3777902617689777,1.5811376641879735,-0.9534106475260594,-0.32003483150658474,-1.8944856635430654,-1.8234118366211631,-1.4916338085902532,-1.6368778364347183,-0.4183992839510308,-0.06441010907688258,-0.5570160033628215,-0.10063907229082042,1.5453961487314734,-0.226
-0.6755777682128355,-0.8095906911917395,1.6948017269792226,0.37973479218610723,0.39301607358557095,0.0328191923827972,-0.26366402215232193,-0.2892641969749671,-0.5714124828839613,-1.2371839390347175,0.8522257009802919,-1.233652910498421,1.060476502398036,2.4223066111942884,-0.5438136989625353,1.2382431107301206,0.415639640154982,0.37571760774165774,-0.17967224781969832,-0.6442183852220723,-1.434002911614465,0.223
-0.6717289071482123,0.1313864752838347,0.4191629792209428,0.10011096637070128,0.247684859582868,-0.6929092767157241,-0.26366402215232193,-0.4961582302380921,0.07425499767029746,1.1278210454393076,0.6305465102875959,-0.5575494734437944,0.3972655222932148,-1.4555359481568892,-0.763268255746773,-0.23383938318693792,-0.7643719433800128,-0.7760286613768621,0.09110165107675611,-0.8100465158856813,0.36320668799593114,-0.343
-0.6678840245693382,0.21623660778683204,1.639091361086839,-0.7175246730109798,0.280009417296287,0.8498622574257546,-0.26366402215232193,0.7055485891833646,-0.4924011664359301,-0.5330682872958549,-0.0402320573218962,-0.2139347445932928,-0.1993523238611066,0.9105879457906606,0.3942200446198172,0.8108440415231546,-1.17125948139738,-0.8973148438308984,0.38866584089685735,0.8480683513520548,-0.7328710327272056,0.04
-0.6640431022774078,0.5962345296643967,1.5110392823963954,-0.8095795697803015,1.9345845405632476,-0.25185934448132696,-0.26366402215232193,-0.38023782734043743,0.5698363811879371,-0.8746377275479565,-0.40696558004073063,-1.1930838237545138,0.9884163176920305,0.7932338926731225,0.5279938544903021,1.2867832469975398,2.33129777980524,1.4925546277640904,-1.7790128514349712,-0.08907407632330691,1.6385159306893236,0.285
-0.6602061222208432,0.10797453151375251,-0.12595834400432787,-0.582928550574919,0.6804283385392296,-0.48523806658779906,-0.26366402215232193,-0.9780585739260785,-0.6580423124297632,0.2412685958317769,0.8457524107529597,-0.6949970772137225,0.15034932685433705,0.04354491682377297,-0.3633675225753504,0.5175820833987089,1.934323843444031,1.0406682064501056,-1.2417053709066388,0.13541062483110575,0.0742307385467089,0.02
-0.6563730664935883,1.1096539057681556,-0.049026773536443434,-1.9139567464401785,0.2846258549510228,1.482058477004953,-0.26366402215232193,0.7709575218795187,-0.6752220704798126,0.8311546904442041,0.6108299507136962,0.520090918612163,-0.7538026505375232,-0.32016509256176945,2.3160220058191885,0.9205358241686532,0.4108697253654025,0.3840687218561553,0.6101000932395098,1.258390176103495,0.4885433550557028,-0.225
-0.6525439173334301,-0.3137957594096764,-0.930411854343663,0.647102083375265,-1.0895877173366384,-0.07909439994500475,-0.26366402215232193,-0.9364100011736455,-0.456966500751568,-0.1900292941463178,0.9039098540572346,1.2306081443605592,-0.44518592125602363,-0.3476478082405612,0.5949809238633302,-0.020175804516583493,1.0753269075618468,1.0152266632197178,1.046865721554392,-1.0186924382652072,0.2477928797157072,-0.009
-0.6487186571203434,-0.014973062023367702,-0.8049623637294641,0.25987596616611436,-0.42128822551191475,-1.1476961849564016,-0.26366402215232193,-1.261783964739323,-0.18029716675151564,0.8805853456084742,0.31875224350667325,0.9211861126145124,-0.6431024917500591,0.16517856123347546,0.8053129555912574,0.05139140252264043,-0.21255440203203227,-0.5892423741195348,-0.7962141327960518,-0.9052418020045789,1.1682768852076162,-0.023
-0.644897268374863,0.8268463975158186,-0.2686900204288545,-0.6189316047369946,0.3722746230160109,-0.1705869915947782,-0.26366402215232193,-0.6869347306215563,-0.32233471779462686,0.41501369575543234,0.1503908062105514,0.582846353860502,-0.43726297299153305,0.8044016000942278,0.2384837104499046,0.7466926194282678,0.15980277133809204,-0.8003196154006196,0.006374144636601591,-0.7151676882939071,-0.041779284787449106,0.021
-0.6410797337564771,-1.6621501441903617,-1.5281986733824315,1.8887066989875212,-1.543604830044205,-0.9962609732341616,-0.26366402215232193,-1.7814128581355082,-0.5539400525547423,-0.4959109423332922,0.5515283712761446,1.0440032364444896,-0.6668320482201334,0.4423841306038643,-0.3633675225753504,-0.886408133312138,0.9328604591570301,0.2506574728007266,0.07907872454004754,-1.4707262453537924,0.8360722114817303,0.265
-0.637266036062047,0.011377737905793396,-0.40575570762416147,-0.06455613640955143,0.9186626213005497,-0.7586909382332179,-0.26366402215232193,-0.7201565000924801,0.3329764892282583,0.09787217900869792,0.25834242547826247,-1.8040009826033336,-0.1993523238611066,-0.4355266924622086,-0.18688526726309568,0.9061993267403374,1.448152471772837,0.829109827602347,-2.1110830181994014,0.35230707830915875,0.34285636773306005,-0.051
-0.6334561582242478,0.2688876945668487,0.5185452314821817,-0.29513234516896825,0.505827134661112,0.22636084021712127,-0.26366402215232193,0.23823107070128197,0.5698363811879371,-0.6228931662148455,0.19770716318044237,-0.4111358151436008,0.6286442127079773,1.0337537585065901,0.6352055113165078,1.1849753676618158,0.9818786974164915,-0.1304163299359199,0.16267473637393007,0.04930046652815986,-1.4973377081473291,0.006
-0.6296500833100346,-0.4779910954993952,0.11049768510949222,0.15009631517311986,-0.41661381461082103,1.276045154432875,-0.26366402215232193,0.672827831313023,-0.4258000467996155,-0.9600982230210604,0.028096442835636556,0.37333947774847226,0.1901448713310791,0.1707121897441108,-0.2133854555396105,-0.32299229879565844,0.6701535819606702,-0.9779370537217087,-0.07968234767640431,-0.03709630045252282,0.0742307385467089,0.118
-0.6258477945191294,-0.28448509262357563,0.9722839044535138,0.1563533361438096,0.6161528825932755,-1.3292128335487547,-0.26366402215232193,-0.662026869931345,0.22450909007617148,-0.3634551791336896,0.021276022288166514,-1.1930838237545138,0.8444011737673967,0.681658299524195,-1.060690321281471,0.29048408789407815,1.3780852914843797,1.741723288977412,-0.8661718282499125,-0.25728527146995056,-0.7086433435096838,-0.032
-0.6220492751825312,1.4996534220572209,0.6788289937564714,-1.111394984303278,1.5859400757425939,-0.9305897823286593,-0.26366402215232193,1.1869377797166056,-0.3132606792239499,0.9235177539586013,-1.6793935774499114,-2.167350771472014,1.9923106900172787,0.4757217629486831,0.8053129555912574,1.4404237931853088,-0.7776878166538821,-0.03136448534061544,-0.9724674949237101,-0.06018449905581253,-0.048611070444036814,0.085
-0.618254508761047,2.184731331898432,-0.09299413267327232,-2.635634435484064,2.049756830680866,1.1629142945162043,-0.26366402215232193,0.8199858705742555,2.384728311215124,-0.3707600866319133,-1.2655248991634678,0.20881496352769977,-1.9101417876698834,-0.033753573166745085,2.2838693872249447,1.0908638046994525,-0.06458271767732615,0.4091323562202084,-1.3990250942429117,-0.28640007885928764,1.482135270908901,0.088
-0.614463478843844,0.40046566347906076,-1.5119415248067312,0.009835792829419984,-0.6321044407847458,-0.297552797903862,-0.26366402215232193,-0.18186934483433922,0.8348202691335425,-0.5703842033576763,-0.16391815940891025,1.2655352674199674,-1.0301281990783002,-1.9421044989292042,0.28294353336606987,-0.8976246441824126,0.40610101509571966,0.17580819115815308,-0.7407671399744485,0.5618321673311323,2.158375022984276,-0.035
-0.610676169147025,0.9260200240608224,0.19860564468203357,-0.7740107343668461,0.7240104764840823,-1.0619022571920302,-0.26366402215232193,-0.11584380807892972,0.07905482033101625,0.04252215467780104,-0.5191882077939487,0.1886529523415201,0.007180710299371432,0.3258265168678085,0.5101419631088429,0.7656827986849032,-0.39110656708598857,-0.3932976328450546,0.06702884364717507,-0.9290896609091206,-0.8403118102124603,-0.007
-0.6068925635122208,0.800586638799933,-0.2686900204288545,-0.4320636958058166,0.6781337994625695,0.7525370181956316,-0.26366402215232193,1.430844569000902,0.23430667753693332,0.2412685958317769,-0.8743650061964044,0.07691595398780433,-0.05640158454141277,-1.3036036781767275,-0.2619435130439225,-0.020175804516583493,-0.3409468013482667,0.0017093921672749095,0.38866584089685735,0.23837152860409225,-0.8160298975372512,-0.246
-0.6031126459052059,1.4444031232132706,2.1803683168116668,-1.9572599872314775,1.8147465283459652,0.3946857044019523,-0.26366402215232193,0.3942564641894788,0.595447568768687,-1.489197575003961,-0.06764072932349056,-2.2990153509523,-0.6351916616675177,1.4497772337697152,1.2460798189986724,2.2888630745802625,1.2535026291689553,0.0928077023709738,-1.0010897249534387,-0.09485591807414646,-1.5572421590438632,0.247
-0.599336400414533,0.07285260043512135,-0.8486152335168714,-0.2185971479946904,-0.16947680009621308,0.9472731635814395,-0.26366402215232193,0.2793153164891592,-0.38101527739659896,-0.7136334506014789,0.6371130656944152,1.3776781996118095,-0.5164707718510111,0.4868378370638885,1.5854925767749748,-0.10996344080308333,0.4299566057568192,0.5766160195719684,1.01750905572112,0.5674728647531793,0.600105720962325,0.221
-0.5955638112501858,1.4182265504930058,-0.3673949550633086,-1.2555806894325516,1.2085664085166814,-1.671483895862481,-0.26366402215232193,-0.18186934483433922,-0.6494341780761133,1.0863300819230468,0.6108299507136962,0.6020536203777928,0.7404781497997666,-0.2651700555056928,0.8501514320273721,0.846557537617904,-0.5901408477373616,-0.5892423741195348,0.6691863925154996,1.1038067573951076,0.5595617791026278,0.048
-0.5917948627422531,-2.218866296811882,-1.0175854474717256,2.318960360903115,-1.5937200104832745,1.2966276934652547,-0.26366402215232193,1.4633225033532566,-0.06828525387806506,0.5003187842374341,-0.6888278830073831,0.38813558456274416,-0.809116535471625,0.021451377987084543,-2.1444172067696043,-1.7597866004757763,-0.6618716592621535,0.6774319759059438,-0.6109190974568264,0.730558341693064,1.2385238014121265,0.044
-0.5880295393396207,0.8647713455312748,0.5019759350579241,-1.249843391871598,1.0374941708138217,-1.0265606501277806,-0.26366402215232193,-1.2450696370950087,-0.6148798312890701,-1.9088134842537965,-0.13635528147916604,0.15325545624263312,-0.6272803431441636,2.0392857103281985,1.250593181993869,1.0932719380222098,0.1974793104403352,-0.6543225992135888,-0.2049445751294427,-0.4031876994520114,-0.18200403316411076,0.267
-0.5842678256086818,-1.4296927600514766,-1.208008014617084,1.3656780437636178,-0.7449200972974259,-0.1045155581790828,-0.26366402215232193,0.024301638651025907,-0.054157697462634775,0.8000625133745604,-1.3608584957191943,-0.6784081970500085,0.7085167672285047,-1.1677200783596857,-1.2786398050402983,-1.4164253942263447,1.03593037165923,0.7700595415558387,-1.0804044788069744,-1.5619188300782327,0.7519030826884939,-0.344
-0.5805097062320647,1.464760280322858,0.9833706363800876,-0.7472798593760683,1.884859142192424,-0.5764496512554143,-0.26366402215232193,0.5664097689688681,0.7455669779175078,-0.3780713108320666,-1.9573950415932873,-1.4444876287652861,0.8763923619918865,-0.5945547173143115,-0.40301622708493584,0.8966465214000212,0.5017034113083506,0.3924215519496962,-0.8101478947571714,1.0539472733833557,-0.3603847152081652,-0.219
-0.5767551660073809,-0.05889690777783032,1.5722672938897877,0.1532245804086732,-0.15319688039146526,-0.11468260669498043,-0.26366402215232193,-0.5790527888976826,0.16598800862809152,0.8373548381359419,-1.1052194440914533,-0.9186538625609325,0.6206593922414274,0.9273697235734394,-0.9733354113954006,0.0560147433717248,0.0005645075788379189,-0.6299313481807145,0.006374144636601591,0.18694123669797358,0.006019257371230156,-0.009
-0.5730041898459882,0.2601132937026164,-0.3673949550633086,-0.45023932014775947,0.717130861087123,-1.0568539832270323,-0.26366402215232193,-0.9364100011736455,-0.5714124828839613,0.5652293849710095,-0.5121538589345817,-0.8006613239345054,0.9804117887535447,0.436829399079548,-0.5438136989625353,0.7300882959200353,1.0162593049860107,1.381293880884166,1.0856658463044802,-0.7447831136944193,-0.7328710327272056,0.104
-0.5692567627717723,1.007656160448494,-0.930411854343663,-0.1448176605090502,0.8660428405550791,-0.7738669183780554,-0.26366402215232193,-1.4542162028337118,-0.7857062979773181,0.32866455614430135,0.08935577503177536,-0.46511677586534766,-0.6431024917500591,1.275164397914944,1.0343137399548923,1.6991427639625984,1.3082337946744589,0.8037925444893287,0.6101000932395098,-1.0486205109651412,-1.4304870998662316,0.019
-0.5655128699199453,-0.6716248712676486,0.23166321674944504,0.2756072838745299,-0.28590516083487005,0.022641128109845723,-0.26366402215232193,-0.2809984799270064,1.6283552205747516,-0.8360479591445555,-1.0689671135709777,-0.35209215205170635,0.6845503593839704,0.44793930167236035,-0.605327074089729,-0.43691772777371224,-0.2539344233283548,-0.3605382515004146,-1.1532800661704707,-1.3555871566399704,0.15597388827562741,0.213
-0.5617724965358597,0.008450001844576147,-2.2626761548884993,0.3670855914365769,-0.34654976126796944,-1.2334400298479067,-0.26366402215232193,-2.2700373419759003,-0.25397822741184684,1.499047734239723,0.021276022288166514,1.5169807874666468,-0.761706116203493,-2.6028947007675964,0.278496250856058,-0.6883905416929423,-0.6708135203730904,-1.058369656240304,0.6745195644098952,-2.003167606880028,1.3454222682423613,-0.343
-0.5580356279738424,-0.7185850592639733,0.27575436500944206,1.0737341202259083,0.17604920352848832,0.5888103498869212,-0.26366402215232193,0.353222008820755,0.5800712918651215,0.04252215467780104,0.06215707245398979,-0.55208910522041,0.5408356358691111,-0.28717282031190056,-1.673739435234139,-0.37317052318184674,-0.4047588665033416,-0.5729538999741112,-0.873207376657018,0.15259870676797344,0.6068603755946916,0.027
-0.5543022496960385,-1.594457311034469,-0.6082876733046679,1.7779423573292126,-1.615209295316138,0.7730194978038947,-0.26366402215232193,-1.0697542558428783,0.6779395356877645,-0.6984464139595578,-1.054484956572381,0.9486711912947461,-1.0537846835681877,0.899402456078311,-1.3395549367078508,-1.0788310473866662,-0.7732505768045133,0.3089705861446379,-0.11074071010573629,-0.7803627219198253,-0.19912976630118184,0.088
-0.5505723472712772,-0.3841537188103442,0.03895922065971551,-0.02429655014709053,-0.6649821007521115,0.767898527409666,-0.26366402215232193,0.12309941130898178,-0.281404268346945,-0.2835177568079783,1.5283492796532427,0.616427500271939,-0.5164707718510111,-0.011676533393579127,0.26071001256420506,0.01674000231488201,0.18805277237472684,-1.0342598571136676,0.3829965895217998,1.186719197898186,-0.22311509088936116,-0.044
-0.5468459063739516,1.4444031232132706,-0.08200390480617713,-1.4604056120208637,0.6804283385392296,0.5172532672516706,-0.26366402215232193,0.2710998989862698,-0.3177992418241007,1.1513974980534378,0.7613417880958555,-0.051790466142736906,-0.34215018162801664,-0.12199629870369778,1.3499693903509362,0.9444495324956792,-0.4501806040153,-1.0824622800815376,-0.129457862340947,0.859234559873563,0.8797949582761267,-0.091
-0.5431229127829094,-0.14969572342651818,0.43020146526188724,0.4399219861332537,-0.7096373846434865,1.80738947175535,-0.26366402215232193,1.3577324762322265,0.41784004488117993,0.09097526686342389,0.17068590134809666,0.9349423715006331,-1.2349992040645332,-1.6613034361997572,0.6217946103956453,-0.6725889251269509,-0.6663432723781403,-0.29493275925317136,-0.45716881126827946,1.21981947787367,2.065937125258973,-0.068
-0.5394033523803657,-2.124551714331,-0.24125601901282862,1.8685355195635267,-0.7708098782753727,0.4610606342672034,-0.26366402215232193,-0.7035440020820668,0.3478859378751796,-1.0778851533190754,-0.8313866593792936,-0.3735218836238772,1.2367699423322454,-0.6712120775940283,-1.5046553523689858,-1.7992121230434546,-0.2079501628324825,1.6298618823869044,0.43378424665892135,-0.7151676882939071,1.4554814181358733,0.107
-0.5356872111508252,-0.45159627217239867,0.04996224354842315,-0.1909647336873812,-1.1227514379096812,1.214322157577363,-0.26366402215232193,0.6810090425048304,-0.43026161222680415,0.545820822766541,-0.5121538589345817,0.6973675750637535,-0.3262913557350145,-0.5342717267450219,0.9803581916244657,-0.19260398236782855,-0.6439715717080366,-0.22098893549146936,1.0760023830326952,0.5110139849021842,1.2752897104767604,-0.084
-0.5319744751800214,-0.46039428187250736,2.61700833708708,0.12508787871706042,0.9003642928732065,-1.3745575456992292,-0.26366402215232193,-0.39678853138941256,-0.6408138673756922,-0.728845971453296,0.03491409924895415,-3.3825054092648186,1.7749202823627144,2.0506810434649534,-0.872751870891018,1.415959743234981,1.6748142941594264,1.074613282419491,-2.5424791216060756,-0.43246608999276576,-2.1720646221869124,-0.017
-0.5282651306538695,0.07870658881057042,-1.2840756805295115,0.5321137958697288,-0.26492924124353595,-0.976057651059131,-0.26366402215232193,-0.41334234223920174,-0.32686710769605404,0.6038805329799357,-0.4700049497339806,0.5635910140124456,0.07874631204229067,0.45349491264935093,0.4744524232834282,-0.04552831072171739,0.2730685769950434,0.2173737668121148,-0.2942684830875761,-0.9589269107741923,0.7653778799048392,0.073
-0.5245591638574341,-1.5120656012597644,0.8060954282800274,1.3887821923658334,-1.4434875202733872,0.767898527409666,-0.26366402215232193,0.9261312876563291,-0.24481146405490725,1.1924244301272293,1.0961031496075775,-0.30404547380197294,0.5807419512019655,-0.7915249747607904,-1.0999671898481993,-0.7852939401878897,-0.5180640293540671,-0.3605382515004146,0.5447572925104261,0.7921717680401692,-0.12381766587191471,-0.241
-0.5208565611739083,-0.09111233515842336,-0.33450335297145134,0.03158797459646352,0.14135671859093182,-1.35440602581132,-0.26366402215232193,-1.3788691898532082,-0.35399667106517163,-0.3415783448981651,-0.5544007664777556,-0.17182169635774466,0.7644538069969063,0.8714469750097449,0.4655329986319226,0.38389795597909415,1.7508533531385102,1.6642522960972608,0.1389243734577441,-0.1411580350822273,0.1661833828032293,0.154
-0.5171573090836104,-0.7714238056798184,1.7003739399253033,0.5480485808791021,0.12284592589391082,0.921630323232727,-0.26366402215232193,1.7713690045113606,1.8256091447270208,0.2951747600231136,-0.996663714000524,-1.7554817196547592,-0.9906906368428451,0.3535609255287279,-1.2786398050402983,-0.4619261515015852,0.09405949241568477,-0.09742741280898624,-1.6451165709955036,1.2032739315847745,-0.1717312407818936,-0.194
-0.5134613941629903,-1.129784254438187,-0.7831286838101571,1.6976600920456064,-0.813203426408572,-1.3695199181005924,-0.26366402215232193,-0.6454256504587496,0.012142215586093304,-0.5405187800926594,-0.11571200607499786,0.3684014799968883,0.7884334168978058,-0.8789125375666851,-1.1174170642401533,-1.1167442890956283,-0.8573203625201585,0.8713386195549476,-0.4045649326593727,-0.7151676882939071,0.4106630113064296,-0.082
-0.5097688030836514,1.0805171579148436,-0.5535881639189042,-1.0939884526449368,0.2523036744306446,-0.48523806658779906,-0.26366402215232193,0.09017853059278673,0.031197517335241672,0.10476285459773951,0.2516162995588071,1.075480629278014,-1.3766299903105748,0.46460745578894275,1.990731317961587,1.2794951659272993,-0.18490964222205852,-0.483236171891791,0.27403111257521295,-0.3155478488824397,-0.2711184794190479,0.036
-0.506079522611384,-0.10575699090093489,-1.6852236683368653,0.2756072838745299,-1.0067626426048857,0.512143731401655,-0.26366402215232193,-0.8198989275656383,-0.6666382750316477,0.2615299517356534,1.1975547062857101,1.2174594581431115,-2.0978442273888342,-1.2112266538840963,-0.33251453116637186,-0.5118842611997152,0.1739222146900964,-0.6949376957996987,0.1685955943762857,-0.7447831136944193,0.9066860280143509,-0.122
-0.5023935396052124,0.6429603987200339,-0.8158773957721746,-0.33480088445711537,0.6460023975199298,-0.13501428549033948,-0.26366402215232193,0.16423413793643687,-0.3359226315345856,0.6103008904806903,1.0451026119948106,0.14311526247108441,-0.191414611242504,-0.7204528318814651,-0.1338551610832764,0.5105290152402089,0.8205538311851254,0.3423303303938617,0.6046902099251855,0.11821127928415934,0.22400226233882473,-0.052
-0.4987108410164546,0.3946192860562504,0.11600248015785368,-1.0299764993204026,0.03947621267506389,0.027730057129035805,-0.26366402215232193,0.4106653084114982,0.7822060178864352,-1.6969709092457137,-2.2466521132477744,0.37333947774847226,0.015130589944234553,-0.06685683232748034,0.034337351932491066,0.11386969943834035,0.5160850580967852,0.26730971919418284,-0.10451535779553238,1.641427375851282,0.1831950878711831,0.127
-0.495031413887793,-0.9799296539089646,-1.349231372414632,1.1717642910901576,-0.6227149585653686,1.3017739730349485,-0.26366402215232193,0.22179235171851797,1.6111332026458027,-1.5056701014458647,0.06215707245398979,0.5006795898354532,-1.6201536685252251,-0.9989176101586854,-0.6492335997438096,-1.4517833937370042,0.2872764651116699,0.467674083251826,-1.3162093357314495,-0.19334934202844964,1.4688096604470666,0.013
-0.4913552453523592,0.6721590681053461,1.1386819552359764,-0.24618745894760202,0.8683314301585412,-0.7738669183780554,-0.26366402215232193,0.5090594802032904,0.6108525514436969,0.49379385791233277,-0.07449978972356643,-1.3327565567366817,2.2503397254714073,0.7597418857668619,0.22070785428436462,1.4649174590931355,0.45384225066086625,1.227690240723589,0.030717195036326476,1.291411339403036,-2.3300697152078014,-0.136
-0.4876823226328289,-0.1467662531573111,1.6836579416422477,-0.7145460275341522,0.5127277355563752,-0.43453834611689374,-0.26366402215232193,-1.487723196903044,-1.0529910778109888,0.13226321609766759,1.8569895995370698,-1.2918499653643056,1.8312522393883566,1.6928062165109325,-0.30605855087111844,0.9396648286579231,-0.2768779871914257,-1.0824622800815376,0.5282766084216047,-0.8457078518230458,-1.6631691914739488,-0.011
-0.48401263304053016,-1.3296943557369594,-0.4769603090875211,1.0574335777177755,-1.9023630800512994,0.7781407022176831,-0.26366402215232193,-0.0168953410845888,0.21961502152529755,1.3365467643324627,-0.26767036934804206,0.4763480449940085,-0.373862105276405,-0.9662063727907988,-0.5482092290927204,-1.1189732290957872,-1.4777708860419017,-1.4735143231835544,-0.09208517989141855,-0.11799642568055024,0.684484497352085,-0.241
-0.4803461639745617,-0.020829153656409156,1.6558022212470844,-0.6069394755879415,-0.0858026322001011,-1.0871409991599992,-0.26366402215232193,-0.9863906414945237,-0.5975295080582707,-0.92115651294383,-0.4910671474945216,-0.24564224609832733,0.32553517011045746,1.4892740326178109,0.9623830547144283,0.8513233679259125,-0.5946341938590951,-0.12217176555460875,-0.1232119588894578,0.14114123504391168,-0.9793060261642667,0.176
-0.47668290292092397,1.5112831198803762,0.49093097512722744,-0.9099042272626843,1.914245513390849,-1.4299603820271662,-0.26366402215232193,-2.591437983529961,-0.636499144460328,-0.5479756169163281,-0.6179546288937413,-0.24564224609832733,1.3410401694191212,0.7374231119034655,-0.054235253420590136,0.8608578899711524,-0.1710698952370546,0.15919413740456748,0.7380218010797618,-1.4221957734625763,-1.702078553609792,-0.011
-0.4730228374516604,0.055289839022656766,-1.1971365296082346,0.044028788979395016,-0.8556318162979101,1.0601737965831284,-0.26366402215232193,0.5745998994412821,-0.5583127437214456,0.9174027866121268,1.0003272274239297,1.5294756623683174,-1.0932020405400082,0.9273697235734394,0.33633354240047963,0.08377047232678086,0.6025996361239339,0.10109989045524805,1.337475430001907,1.1535820589367898,-1.0001909519119838,-0.192
-0.46936595522401015,-0.40467804835951243,-1.2569152079089003,0.4716678012200893,-1.032780284942563,-1.3292128335487547,-0.26366402215232193,-0.8614922008557317,-0.4525233622227421,1.098214815239948,-0.22609538523872705,0.7257265398113002,0.6845503593839704,-1.8072142948234597,-0.12943419091412997,-1.0765996019950643,-1.041355504541371,0.2256920924922113,-0.005838049851868962,-0.37394178164637487,1.4588137257528753,-0.298
-0.46571224397957167,-0.2932779724740649,-2.1334076441628347,1.1390444864886118,-1.6677670008389631,1.8125617976335766,-0.26366402215232193,0.4024612383257299,-0.25397822741184684,1.4769315668220901,0.47210576128461273,2.138654167500932,-2.175959555657036,-1.0207178875179925,1.074810199518833,-0.796543688231555,-1.5407339342882431,-1.0262194464524657,0.9531445551385304,0.7417707595857171,1.251895605926281,-0.201
-0.4620616915434771,-0.3137957594096764,-1.164515009279002,0.3670855914365769,-0.4633777863217981,-0.6422867651527062,-0.26366402215232193,-1.4793453309747553,-0.040002076438923624,-0.3561565871424424,-0.5685048269549821,0.582846353860502,0.34147208123467027,-0.18811020124866382,0.16296804074604374,-0.17196518244467002,0.8351679520817132,1.466855009296665,0.89786701425413,-0.4676428539404996,-0.7467208691960474,-0.114
-0.45841428582357646,-0.2375943946455802,-0.652026280280615,0.14696854066540968,-0.6837793621492543,0.5172532672516706,-0.26366402215232193,-0.5624675428835559,-0.040002076438923624,1.2505232398277306,-0.41395904129222705,-0.09857452415886188,-1.3766299903105748,-0.7805948864400098,-0.5789705342723677,-0.024786987869377403,-0.7154407402829267,-1.560655100266555,-1.0731573829701004,-0.1527467851638325,-0.46357649924745226,-0.369
-0.45477001480963286,-0.985805018689046,-0.908606158652931,0.7433791636329322,-1.2176085931375642,1.1218061296110027,-0.26366402215232193,0.2135719135387012,-0.4480771539579361,0.8805853456084742,0.34552857764921374,0.7210075969193245,-0.01666614107228591,0.8714469750097449,-0.15153627726344127,-0.4482876333988284,-0.7332531998470748,-1.0262194464524657,0.9180547372863139,0.6069256485677725,-0.10329637913351294,-0.143
-0.45112886657252765,-0.21708219689500038,-1.153638806109647,0.10635223261062196,-0.5078449495647109,-0.5055126124517593,-0.26366402215232193,-0.2231598456006278,0.5647237064376006,-0.3634551791336896,-1.119739141197989,0.3634605020778,-0.5402236914100761,-1.8018144611338034,-0.11174754180007607,-0.35265283190235336,0.5160850580967852,0.955920750999528,0.5829864860230026,-0.0775143238657592,0.5088430203256639,-0.035
-0.44749082926347666,1.071775275165952,0.4633229180127733,-0.8686758075598701,1.3747286690412133,-2.678943438786784,-0.26366402215232193,-0.4547405049575257,0.3180954967824614,-0.9367139816805338,-0.5755609344743663,-1.1353695236771366,2.1535307791703815,0.20392284243423572,-0.16479421534590255,1.1294252006883054,1.3181993258394868,-0.12217176555460875,-0.5771764157563982,0.07803544753647156,-0.4153944396602433,-0.018
-0.44385589111325324,0.48814389014710036,1.7115190056918226,-0.9392824326540195,1.0215083579575763,0.10918108446724722,-0.26366402215232193,0.8526580111114188,-0.3720213963520138,1.2099171606124774,0.13007074333100982,-1.8893406930527834,0.4371315164564627,1.3708593022035227,0.8008307998615893,1.5459603966551188,-1.5491065907539612,-0.6786972123493015,-0.6176889641755019,0.1124756542516788,-0.9827861916097174,-0.239
-0.44022404043142527,-1.2944076337411479,0.9224051554011917,0.9079810319973618,-0.41661381461082103,0.8447377539382837,-0.26366402215232193,0.36963791064696216,-0.8025220797635199,-0.26184905762747307,0.4455418516460116,-0.3735218836238772,-0.5481403622399412,0.9721419978413661,-0.24428986606782951,-0.39367477730896383,0.36323692360741067,0.6690213677158616,-0.3135861679836771,0.42043765128228705,0.06400439074955873,0.097
-0.43659526560559836,0.21331121925418767,-1.2895069059493072,-0.20632126160630657,-0.16947680009621308,-0.48523806658779906,-0.26366402215232193,-0.5624675428835559,-0.5012291751542859,0.25478237484526806,0.1165101712750489,0.616427500271939,0.0707927272450519,-0.5616788090704161,-0.34133102361628476,0.04445778641271272,0.5977831974433672,0.44257451419061533,0.04890342168111319,-1.34349159185782,0.38015982569521434,-0.068
-0.4329695551006698,0.7772418898517472,1.349746960898632,-0.5197317187767733,1.5541778657753142,-1.8222462044086463,-0.26366402215232193,-1.705807051803439,0.6572398768652049,-1.7053663678883293,-0.27460912889244743,-1.7131744945108616,1.6783979774941993,1.7097983650853883,-0.14711641263059244,1.8161058644026042,1.8169481192182797,1.244731393319747,-0.6994835775307715,-1.1746456223465154,-2.200740418253062,0.109
-0.4293468974580914,0.5670259113649048,-0.8431596849395455,-0.5046491793862558,0.300780732180516,1.7401725979669063,-0.26366402215232193,0.8771550964774034,-0.6105468249238873,-0.4294268481411702,0.22468397468207477,1.0844465666254524,-0.6905571974274812,0.15964535475661376,0.22070785428436462,0.687442806001254,-0.1710698952370546,-0.3195483458550765,1.0027479814543006,-0.08907407632330691,-0.5462811183457829,0.162
-0.4257272812951431,0.011377737905793396,-0.4167133832557339,0.11571783601477845,0.27077552736534344,-0.6017753603350865,-0.26366402215232193,-0.2809984799270064,-0.38101527739659896,-1.6133742348207911,0.8716285497079117,-0.44348957760576685,1.9037084315354866,0.37575625860632705,-0.5657887035019105,0.20436054697389744,2.639577179339604,2.4446409561215976,0.20985458612045782,-0.703330262435163,-1.8616519101767597,-0.056
-0.42211069530421247,-1.6091720815202233,-1.082914479694502,1.4152120050959787,-1.9935310227279979,0.27224434191555696,-0.26366402215232193,0.795474723452405,-0.6623418149123689,1.1041481275175378,0.7287488300516037,1.0530121051376973,-1.5102377810858798,-1.1405170051785953,0.4967561628348124,-1.5025528379642092,-1.2785130451810218,-1.4417674071738524,1.0371046490922218,1.1591074844006664,2.1220740765526775,0.014
-0.4184971282520854,-0.1760623717446968,-1.3438033106418374,0.5927275836495302,-0.3372151845635761,2.144112544669067,-0.26366402215232193,1.3333504210382048,-0.7307204845723463,-0.5928499285300453,0.9103575928331212,0.5249362590587446,-0.3262913557350145,1.4384970844246225,-0.2045531577717798,0.6992813978153551,0.5400782963267465,0.6774319759059438,0.9879316184905996,2.207380876495266,-1.5713499302294625,0.221
-0.4148865689792456,0.569946943393403,-2.2626761548884993,0.16887325952369708,-0.6180209108831662,2.0300275013148195,-0.26366402215232193,1.9493106039749988,-0.07768804071587776,1.4935276056793818,0.2516162995588071,1.1512993991523846,-3.108858028743059,-1.0043682196910266,1.1784181046603057,-0.5594992409043188,-1.519779312446799,-1.4099889684357392,-0.24306011174926168,2.0520566737667583,2.1517761873247223,-0.255
-0.4112790063991808,-1.347339060054882,-0.30160169109832263,1.3788779037930108,-1.5937200104832745,-0.3838194295053171,-0.26366402215232193,-0.9280826444512411,-0.5012291751542859,0.27500648653117254,0.813343432407288,0.9942355395410936,-0.9591315318039545,0.23161005438706778,-0.37218023193293337,-0.7515221993962704,-1.0934738559868347,-0.8973148438308984,0.4951405939426814,-1.0426324875418422,0.02308005204754665,0.043
-0.4076744294977,1.5083757583851023,0.23717371281710223,-1.2153664680850889,1.5473701748423123,-0.03332352750489929,-0.26366402215232193,0.689189572120514,1.217652870317389,-1.0463341064674807,-0.3580878221621966,-0.37888658521028007,0.5647780881812153,0.5146357721292455,0.9444129230381135,1.3037985417207258,-0.2768779871914257,-0.7355064316452858,0.14487201082598425,1.0650344727790058,-0.560078471956447,0.194
-0.4040728273322556,-1.5709149127524262,0.6235355375773713,1.8215250178938698,-1.5269080777648176,0.9780525463126387,-0.26366402215232193,0.738258472489821,-0.4480771539579361,-1.2131249155013386,0.49862484282473357,0.4617132067279587,1.2768654053327673,0.7820680399557058,-2.221881884270519,-1.0073550694008353,-0.09706324586152265,-0.2292120900802516,0.3316778720401817,0.31817723382127694,-0.7744324745490069,0.248
-0.40047418903127907,0.8881063296685939,1.0720978657771418,-1.292811079693931,0.9712455798031845,-0.6929092767157241,-0.26366402215232193,0.024301638651025907,-0.07298820534019253,-0.25463875693726984,-0.8313866593792936,-2.024551993756266,1.1886694117043604,0.8155711654486218,-0.4690490650470593,1.0115394988886497,1.443140547780898,2.009541662650011,-0.3135861679836771,0.295399895556858,-0.7224862556320831,-0.111
-0.3968785037935179,0.2484136057392458,0.546165663977709,-0.29818693735999025,-0.12065150396957668,-0.5055126124517593,-0.26366402215232193,-1.6890137580593507,-0.7476937339557206,0.7750789669251248,1.2794431024527702,0.5587696718401898,-1.329438340212828,1.2358028289343983,0.8097954184613427,0.7799351532789544,0.2636027601781944,-0.47506904318765464,1.3012677026862207,-0.7447831136944193,-1.521993785931948,-0.065
-0.39328576088738604,-0.9505544229025662,0.33640636576591565,1.2340498554536858,-0.3722286462583679,0.9370153043356512,-0.26366402215232193,0.795474723452405,-0.6105468249238873,0.30188511520776046,-0.41395904129222705,-0.817439977160871,0.9163911489824729,0.13751674246154721,-1.5306919490496425,-0.14672073047219464,-1.523972869672119,-1.497303771776651,0.22158286284725773,0.8815539414758317,-0.22654245402374948,0.022
-0.3896959496503204,-1.3708667192274462,1.355305673698164,1.257035943479113,-0.7166919257963957,-0.8042139513747791,-0.26366402215232193,0.6646459379036906,0.06466475108116092,-0.5479756169163281,1.7605044503357565,-0.6398016656257931,1.598008078935701,1.5400930491383285,-1.3178050465529578,-0.3252748838883,1.4231038000179863,1.5954968571643509,0.1980996631397356,1.4340876917829997,-0.8299037587410072,0.105
-0.3861090594881436,-1.794628406181624,-0.06551654646930485,1.5178786827755943,-1.0114922223184988,0.3640636344590602,-0.26366402215232193,-0.6537258586819944,-0.536418715455685,0.5328510214580047,0.7026236102959355,-0.38425419332210353,0.1264775107405798,-0.4410158113921595,-2.1788549755101103,-1.2568997082730389,-1.110800333015987,-0.7273964002978226,-0.17337138784822873,-0.9410209090136354,0.7620094580924273,-0.025
-0.3825250798744362,-1.4561676705154072,-0.652026280280615,2.0708850044011187,-0.7920022631081922,1.3841497738465298,-0.26366402215232193,2.08661376575353,2.665647699419377,0.2615299517356534,-3.1926921194131848,-1.3210547970745141,-0.2390338034272924,-1.0969736589855414,-1.9504334842723081,-2.089340199030292,-0.5991261876280107,-0.08917574551226749,-2.8863465249845386,0.10673877184602298,2.444858318858812,-0.06
-0.3789440003499178,0.04065329487829313,0.19309695193362017,-0.11398869041903112,0.7973520977832905,-0.7940990024429155,-0.26366402215232193,-1.1531954688579993,0.8930671494613166,-1.415391986652672,-0.2954418462750363,-0.41652085244235193,0.5248762321560356,1.3032948247428022,-0.5657887035019105,0.6992813978153551,2.1655763977858324,1.3214968625284342,-0.018077394473670225,-0.25728527146995056,-1.2340598863611327,0.223
-0.3753658105218297,0.14601784615333988,-0.22479231076255518,-0.45023932014775947,0.19685522663022098,-0.26201482288196376,-0.26366402215232193,0.3942564641894788,-0.580130369416718,0.2682713218809087,-0.3093440181384829,0.22390536167742625,0.5887245503825707,0.6092321203056079,0.14965033513260015,-0.0662549651674067,0.444284390877481,0.1259869478370045,0.8212751873444525,-0.6796704397968892,-0.10329637913351294,-0.064
-0.37179050006333225,-0.2463858004494741,0.3805361758046871,0.49709820633244417,-0.05097538672239118,-2.0531388075873145,-0.26366402215232193,-1.789817126433091,0.5036199931434479,-0.10467530881948085,-0.4910671474945216,-0.7783299836896059,0.6526013340198926,-0.6274169469022359,-0.7501193826558926,0.025976305347235006,0.07532046742224419,0.6101943117397478,-0.16707740964687376,-2.015506296718506,0.17979315815234787,-0.006
-0.3682180587129033,-0.14969572342651818,-0.6301593198818711,0.12508787871706042,-0.03008930429817068,-1.7820569896928355,-0.26366402215232193,-0.46302248166940446,-0.5670489583156213,0.04252215467780104,0.5052476044215712,0.6498612268405545,0.7484695959253209,-0.7860601158681214,0.2918389669103842,-0.4391920349012294,0.9279649233160115,1.6470539188846616,1.0808371578488023,0.9038560025048231,0.2443948298237357,-0.043
-0.36464847627374947,0.1518701580281217,0.22615297769757098,-0.08001780253912975,-0.2905676160394125,1.6729994669887478,-0.26366402215232193,0.5991661534473712,1.2121475290408708,-1.0070397573571541,-0.42795415182309104,0.402904850279709,-1.4002188024294313,-0.23765765961500154,0.5994491212227608,0.04445778641271272,0.5496839176886493,-1.2745809007144955,0.1030976512436621,1.7228934122204276,0.03672487487308605,0.049
-0.361081742613218,1.2843798899102203,-0.26320377245697185,-1.3013873752230407,1.7581652347118226,-0.6524127521937606,-0.26366402215232193,-0.5541761105428797,-0.5975295080582707,-0.0062370315907251395,0.8457524107529597,-0.41652085244235193,0.5807419512019655,0.4423841306038643,0.4075854903705453,1.5336597972816666,1.03593037165923,1.1510856162094922,-0.1545100846077454,-0.025559987770759976,0.05036631813886968,0.073
-0.35751784766221945,-0.86831800664205,0.9722839044535138,-0.045985405383162856,0.35844330236021676,-0.6169685376843212,-0.26366402215232193,-0.7949525177771087,2.716302502427794,-0.2979950658773753,-1.4271224053885432,-1.6950848990421443,0.35741080392864827,-0.028234929365143702,0.07423171586159433,-0.2040638881063038,-0.41385379959208307,-0.10567730594470016,-1.6921222601530606,-0.32138134746668284,1.2351804238156194,0.192
-0.3539567814146594,1.0572045951196585,-0.4824355927900302,-0.845065214927553,1.6902211949738355,-0.753631912315189,-0.26366402215232193,0.2135719135387012,-0.5931843012723432,-0.7593475031567481,-0.5191882077939487,-0.43269338169389077,2.3552806633018375,0.39240732694671915,0.44323960451909267,0.9827627388002769,1.4631948052658224,1.5869095738291774,1.1997377077823603,-1.6228563407129843,-0.9445187314894247,0.026
-0.3503985339268686,-0.04132649621499709,1.349746960898632,-0.6279198521881825,0.05337933354762217,0.5683609629624635,-0.26366402215232193,0.353222008820755,0.4429741965841049,-0.9056246538350526,-0.5614514374498799,0.3039365110231171,-0.5481403622399412,1.4610594466235387,0.18072898128682235,0.5952937317327388,-0.07386921871721303,-0.26208678729276325,0.2039804571639645,-0.12378484572283581,-1.0768503618042289,0.199
-0.34684309531705043,0.8910230169211658,-0.06551654646930485,-0.3195543202428908,0.852309817897874,-0.8042139513747791,-0.26366402215232193,0.17245890727017854,-0.2034077336849623,-0.5330682872958549,0.663351115781493,0.7398652350169865,0.22198955303040713,0.39240732694671915,0.06093105351783401,0.36285155347403447,0.7573464776867838,0.5430648335402681,0.4056342923409055,0.3920707325070341,-0.798693243896712,-0.007
-0.34329045576472494,-1.2826461921995065,1.9736710868554317,0.985840525939718,-0.01616948996713666,0.4661679437077371,-0.26366402215232193,1.3414784057785596,2.634098049113936,-0.9835401378918631,1.0067322686183444,-1.6229792123739775,1.5578286661062966,0.8602680711676233,-1.630419086166313,0.8251230569689726,0.7622016135875054,0.9982738683274802,-2.2778138772788283,0.3636740931678469,-0.5842330287153522,0.132
-0.33974060551018676,1.5636084976302476,-0.1973473045923408,-1.0561987755129092,2.167046147276036,-1.1325597360879096,-0.26366402215232193,0.7137270779075902,0.5341145527667851,-2.587038209355133,-0.7457215775545827,0.3039365110231171,1.3972152421653898,0.7820680399557058,1.106325192159235,1.2406675000212022,0.014556786145492981,0.6017972007689132,1.046865721554392,-0.4090407835920194,-1.7410257897292836,0.204
-0.336193534853965,-0.827207740761616,0.09398486972386216,0.4494407975483031,-0.3862407868930047,-0.31278041572586884,-0.26366402215232193,-0.6454256504587496,1.1572727771712934,-0.4294268481411702,-1.1415387798577767,-0.09336455954990334,-0.5323065358635898,-0.19912355002609924,-0.38099186266646495,-0.6996728112761107,-0.8264058140871574,-0.3113449517536975,-1.278864358051924,0.13541062483110575,1.9038864793137782,0.151
-0.3326492341562894,-0.03839820728104348,0.7673487503696264,0.6246965100214609,0.1945437948213273,-0.07400956066849161,-0.26366402215232193,-0.2644693410650202,-0.7941202377782555,0.11164729486538091,0.9232445433327896,-0.2668389577809051,0.22198955303040713,0.31473578004440905,-0.5833639499268582,0.43307101654178604,1.0556195832971527,0.6942582403421175,-0.5168864337529543,-0.8695067072941053,-0.5566287762857162,-0.13
-0.32910769383656735,-0.29034698197741526,1.9345978702454363,0.4399219861332537,-0.8980945143814765,0.4202101190785685,-0.26366402215232193,0.9913957783796954,-0.8025220797635199,1.038549501860724,0.33883867874471657,-0.24035036331966028,0.6126750155194696,-0.39159974434899775,-0.18246760742682755,-0.40506024959224984,0.25414183594489964,-0.5485074123102224,-0.09208517989141855,0.6012929669835484,0.4546950384327751,-0.245
-0.3255689043728599,-1.2297246796285566,-1.208008014617084,1.7411175680440116,-1.096692624263787,0.11427354255551407,-0.26366402215232193,-1.3956077226873294,-0.36751983627367374,-0.26906565703399077,-0.8313866593792936,0.7680609720493393,-0.4689518785274699,-0.9771115640917569,-0.49544536052112814,-1.1434824419941862,-1.384879607625546,-0.34414770656112337,0.030717195036326476,-0.12957458622970952,1.3854647460889093,0.01
-0.322032856301369,-0.22294266991585998,0.6567086995062305,0.2504429683891209,-0.05793911913848917,-0.5612519715554126,-0.26366402215232193,-0.8198989275656383,1.3787237789130362,-1.7727645587000753,-1.2655248991634678,-0.0881575277602391,-0.2549030841568761,0.4868378370638885,-0.6228928356791039,-0.3594935597584332,0.3394658774789726,0.9220680100277873,-0.6789385006016533,-0.10642354056604687,-0.298568718344736,0.215
-0.31849954021592747,0.16942628035754193,0.8116316207057173,0.10011096637070128,0.6964880278849895,-1.535673502257466,-0.26366402215232193,-0.4547405049575257,-0.006863070474084082,0.5328510214580047,0.3789361999162719,-0.1508353658586151,1.4855319364003245,-1.2873091713753089,-0.6141104807417593,-0.7041846486704193,0.33471530618325857,2.4971092627936398,0.4840434054765352,0.5505473209210218,0.5629414922046406,-0.313
-0.31496894676749976,0.061144225354260194,1.6056754453068065,-0.7383592819201107,0.5770995076356994,1.5284699226672298,-0.26366402215232193,1.4146018412448464,2.5712513988657486,-0.4589120205368783,0.8392762845591991,-1.6050160180437525,0.2060662972208915,1.1403116754179612,0.4699925631659035,1.33543493295022,-1.0761241856880603,-0.9215213431048335,-1.3990250942429117,0.36935580667539747,-0.9340876153417376,0.092
-0.3114410666636796,-1.0034317480450259,1.8620603695947726,0.5608047583408082,-0.6203678768487692,0.3640636344590602,-0.26366402215232193,1.0484676504897306,1.228673304671144,-1.1492510048385367,-0.09509350390762189,-0.89044577575755,-0.024614161401920482,0.7151116929095993,-0.7281994071477107,-0.2681596031756929,-0.32266753752882443,-0.06441010907688258,-1.890942494916144,0.7921717680401692,-0.3981975717569066,0.183
-0.3079158906682027,0.30690646406975336,-0.049026773536443434,-0.17867019562887196,0.48512108179926317,-0.9053236101931491,-0.26366402215232193,-0.9280826444512411,0.8559559243592254,-0.09760327428711689,0.6567958301888763,-0.293400467309939,0.812416972754834,-0.38610712191775914,0.09640514593930856,0.04445778641271272,1.538553713529392,0.702673894748384,-0.8661718282499125,-0.8516557213078274,0.05718577522130659,-0.079
-0.30439340960045835,-0.09404120249755789,0.16005022938553698,-0.10473002180015435,-0.7708098782753727,0.2008774695462335,-0.26366402215232193,-0.8032671898711563,0.12722548706027612,-0.728845971453296,-0.5755609344743663,0.7727496699983887,-0.5718874633470277,0.35910910722069467,1.2821957978313872,-0.05243882120909925,-0.6394931450665493,-1.2186610977879826,0.800612904672885,-0.3680965054344897,-0.8923864065914442,-0.029
-0.3008736143350106,-0.42520383749398344,1.9401791360362206,-0.1755952694155744,1.517864017059296,-1.9929377647316997,-0.26366402215232193,-2.101278184595574,2.4032447232160568,-1.8831769492835135,0.31875224350667325,-2.5788399712500265,1.4935632381435606,0.559135592608349,-1.095604095858344,0.6992813978153551,1.6596354212458848,1.3044265339834091,-1.9962302319829448,-3.2068458071678556,-1.4129124121456293,0.111
-0.29735649580112133,-0.40467804835951243,0.23166321674944504,0.5767603960118318,-0.8579899598650667,-0.8497222360467503,-0.26366402215232193,-1.9412169497384526,0.7351275319764006,-1.4727509806697965,-0.767101362408801,0.21384806000203616,-0.4689518785274699,0.41461486115787516,1.2957446473174095,-0.236128598446886,-1.0152185541329246,-1.3383726672516312,-1.7157279991627332,-0.6324111101447079,1.0577346957147966,0.128
-0.2938420449822822,2.4483582274259272,0.69542175420181,-2.054123704713816,1.9616964304380877,-0.16042436301520044,-0.26366402215232193,-0.48787311516044174,-0.2768409925523315,-1.489197575003961,-0.5826197594897331,-0.293400467309939,-0.1675986452136463,1.5457422192525052,2.242556860211128,2.6031693525314505,-0.013416442625184388,-0.3523438826429574,-0.5436111691976452,-0.15854315222051146,-0.7328710327272056,0.256
-0.29033025291575043,-0.04132649621499709,0.8891631930243016,0.7240910434428326,0.6184494535563193,0.18049459212445534,-0.26366402215232193,0.8444909800752348,0.42286053125895157,-0.020224504306049433,0.014452838161097357,-0.9243040671311521,0.8523983163907072,0.5480079610867534,-0.38539727386209194,0.08377047232678086,-1.810231320183769,-1.3463378634342733,1.1145103625460657,0.043549655070039224,-1.6631691914739488,-0.012
-0.28682111069208555,0.17820388283252903,1.6335215038718902,-0.5257609057828425,0.013978561214682344,1.5284699226672298,-0.26366402215232193,1.4957904385208178,-0.6795094069589673,1.3592589361810095,0.5052476044215712,-0.986645072515219,-0.6826493045788062,-0.3256624230096038,0.5547806204245164,0.27649974533044014,-0.9364989745614253,-1.4655805541224245,-0.07349117747652936,2.276772863185807,0.4140512681542846,-0.331
-0.28331460945470155,1.3600438202721363,-0.7503691574575853,-1.0095475503284206,0.247684859582868,0.21616685418360912,-0.26366402215232193,0.17245890727017854,-0.43917552595759585,0.629525130669668,0.7613417880958555,1.2437290140823736,-0.7696090883687015,-0.3970919763449716,1.7945995170119005,0.5929353581774705,-0.05064345772255678,-1.4338257494036917,0.06702884364717507,-0.3505685089814466,0.7956853725288319,-0.02
-0.2798107403994114,-0.7273908917791261,-0.38931707560284845,0.7337330672330029,-1.1298604203774785,-1.1577862842023383,-0.26366402215232193,0.42707133915508844,-0.18492548464320954,0.5522964941904093,0.6174049521999632,1.1998846371044285,0.10260983664643136,-1.1350753290159432,-0.19130265208591746,-0.7041846486704193,-0.45924904319085524,0.40077609705853373,1.0517370891599715,1.0095564413706153,0.9402836374339246,-0.141
-0.2763094947739869,-1.4502841866502152,-1.072029325705637,1.2734673099830993,-1.1867633469536365,-0.028236856030090705,-0.26366402215232193,-1.8570772347617146,2.329359930450755,0.7688178187661556,-1.3535091490926234,0.08713293614478985,-0.5243888959081497,-1.979837602175069,-1.2350995087507701,-1.4959345729702496,0.10812684337118017,0.702673894748384,-1.1167502251034944,-1.1806599235053614,1.422149261516893,-0.26
-0.27281086387771714,-1.1003956569132514,0.2592182632590804,0.9988417196285001,-0.5336078413563844,-0.29247653352005926,-0.26366402215232193,0.9098085485206996,-0.5539400525547423,-1.722176822024018,1.1088246930276406,-0.9243040671311521,1.076494614332235,0.3535609255287279,-1.7646352651692174,-0.22468080039490476,-0.870548456969224,-1.10653769508008,-1.0298288920148888,2.1753048357291194,-1.0315361060438601,0.026
-0.26931483906097575,-0.7009741480453281,-0.4331477732651835,0.1657425440678573,-0.801423922676541,0.10408883533991917,-0.26366402215232193,1.5039058640035774,-0.20802054309257736,0.2951747600231136,-0.5896813014831852,-0.04660691490812375,1.2848857701310745,-0.7751292862133307,-1.322155514020344,-0.7447637850059072,0.5689094086058629,0.20905717665878926,-0.129457862340947,0.8982821071295068,0.8629821538666971,-0.01
-0.26582141172478957,-0.6100005792400758,1.0499105141264415,0.2002072916547596,-0.540636497139607,0.05826796807227965,-0.26366402215232193,-0.21490022902478034,1.5140999771088637,-0.92115651294383,-0.5051222322502238,-0.9639355933265626,0.309600072694792,-0.10545872743376966,-0.34133102361628476,-0.29330336154302195,1.3381436574239545,1.0406682064501056,-0.6448396479201415,1.1811989069757227,0.35981546516530644,0.151
-0.2623305733204144,-0.08232592491547765,-0.21381513101344296,0.5321137958697288,-0.17645539487251227,-0.8446664843294812,-0.26366402215232193,0.550027435380305,-0.6451255450563187,0.616715108405378,0.24488739095003123,-0.46511677586534766,0.8284081988694573,-1.2547107619085653,-1.1697427314026814,-0.3549332411648361,0.12690072139840888,0.20905717665878926,0.13297003249477876,0.06079826968167053,0.07763910156519865,-0.128
-0.2588423153489141,-0.10575699090093489,0.7120166863072976,-0.11398869041903112,0.6735444974966253,0.8959934936219439,-0.26366402215232193,0.42707133915508844,-0.8067184655274259,0.3420171063038596,0.6239771389236035,-0.5139475161355057,-1.4002188024294313,1.5062090125007304,0.9489049872945787,0.7063872698886318,-1.2485727093680414,-1.7813768915062411,-0.300700758781458,-0.12378484572283581,-0.22654245402374948,-0.078
-0.255356629360746,1.5229121471591098,1.4275891005045918,-1.2641818736445616,1.2381816411267779,0.5070344190735195,-0.26366402215232193,0.2300120705361219,-0.17103122032325932,-0.1828819143155166,-0.7885054801184151,-0.6068228296583349,-0.0007687049394772033,0.6092321203056079,0.9578900529677808,1.2819242478566508,-0.7865581384376633,-0.9537702440280562,0.09110165107675611,-0.1411580350822273,-1.003672692064505,-0.012
-0.2518735069553475,-0.9711168055894873,-0.5043338651205171,0.8239210007851876,-1.1440809861194319,2.481857507951662,-0.26366402215232193,1.0484676504897306,-0.6192097889800564,-0.027227626230937246,0.5845018090649642,0.1481868377421928,-0.809116535471625,0.9329645960313279,-0.40301622708493584,-0.3092932552463467,-1.2785130451810218,-1.5527431365090831,0.16267473637393007,1.1591074844006664,-0.2539693824033819,0.09
-0.248392939780731,0.6750787219903777,-0.6902821342855363,-0.5076667800168978,0.16217458592747616,0.26204651044407395,-0.26366402215232193,1.30083213897516,-0.021084233339069874,0.2951747600231136,-0.40696558004073063,0.7680609720493393,0.03103174132728092,0.021451377987084543,0.4566147557203258,0.04676880592260706,-0.2768779871914257,-1.3622623916598406,-0.04879472127256046,0.36935580667539747,0.46823670197370215,-0.049
-0.24491491953308028,0.5845515368170291,0.22615297769757098,-0.19403707521376762,0.0649627545397982,1.2348924029162354,-0.26366402215232193,1.2439006380394828,-0.5888360429511764,0.3951797396429989,0.4853709079109994,0.3486196927404367,-0.42933954397839036,-0.0061562454795647936,-0.04538303191992603,0.43072737122347465,-0.2677044561667958,-0.9537702440280562,-0.1922946270180824,2.0090787543753867,0.03672487487308605,-0.097
-0.2414394379563532,-0.8800647738649687,1.0055468891476158,1.4979766796452703,0.013978561214682344,-0.16550577731971966,-0.26366402215232193,-1.4207211508419282,0.6624099964477353,-0.7440839858597448,0.09614852920881346,-1.640967708370062,1.052468091500325,0.5313198621126397,-1.6174183526576635,0.09071362123842958,-0.42294344586009314,-0.5158864268587654,-1.3162093357314495,-2.0710842057340355,0.18999833129344332,0.186
-0.23796648684188768,0.4735331383938146,0.8836236885913947,-0.6009400740122715,1.2017305818761,0.9934455143916227,-0.26366402215232193,0.8363232800531187,1.4857411594601968,-0.47369258795800795,0.5383193302713749,-0.421908792948492,-0.34215018162801664,-0.25416629093693943,-0.17804967244712552,0.32080816388315053,1.0950523122600029,1.364200953875594,-1.7078517885342452,-1.192692081137301,0.42760232924750446,-0.09
-0.23449605802801188,-2.3102544986871063,0.4081254948006295,1.6542708734894538,-2.378564280372472,-0.40918129648754914,-0.26366402215232193,-1.5380059933119956,-0.5451854996313236,0.7185086640368342,0.4388938742345489,0.2489967254577397,-0.9117778319055128,0.2426879195687688,-0.5569994952778936,-1.0654402757204318,-1.0544045735142378,-0.6543225992135888,0.5502379405832053,-0.7151676882939071,0.26817692269841775,-0.162
-0.2310281433996582,-0.4926559134426549,0.3970890135175818,0.45261467515206066,-0.2486204072264376,0.3895814794730302,-0.26366402215232193,1.625562876570756,0.06466475108116092,-0.20434291497353532,1.2480050687704556,0.42746060620450993,0.4371315164564627,0.4757217629486831,0.18961116823856997,0.7206051494417215,-0.44564439250920035,0.32564701274601654,0.5502379405832053,0.295399895556858,-0.3294675141626888,0.203
-0.22756273488798295,0.18112968220630218,-2.03636187169552,0.10635223261062196,-0.39792054452594006,-1.2435242755103564,-0.26366402215232193,-1.6386514036539002,-0.5626823787849583,-0.13302618007116943,0.8910058525542253,1.8170504678798791,-0.9512405006388867,0.4201678381371466,0.6262646097775205,0.41198568566350463,1.4080877478089602,0.753203074052892,1.296715139029761,-2.0401967327502795,-1.342685958997225,0.02
-0.22409982446998772,-0.10868601765558562,-0.886795552981079,0.09075277569824801,-0.7920022631081922,-1.0871409991599992,-0.26366402215232193,-0.008654467044776074,-0.29052154717304296,0.6103008904806903,0.8392762845591991,-0.03624862492077706,1.172639309608079,-1.0425124121028466,-0.2619435130439225,-0.6748467597913712,-0.8264058140871574,-0.3195483458550765,0.62629128519829,0.5166650785970335,-0.11355604359760092,-0.258
-0.22063940416814862,-1.2797058944328374,0.7175488121164265,1.0183566350466942,-1.8592170376842714,1.3429535356745692,-0.26366402215232193,-0.35541758215927205,-0.8734499448769378,1.3649220392348782,2.0713217703248827,0.010218174239763329,-0.8565091193324338,0.3202809326200001,-1.3178050465529578,-0.996173864465926,-0.6215658435170631,-0.7192845098756935,0.6585009255482929,0.20409576251745679,-1.167615095884724,-0.322
-0.21718146605004368,-0.8448257733255744,0.49093097512722744,1.1390444864886118,-0.9807571521487984,1.5026830958989448,-0.26366402215232193,1.430844569000902,-0.2722746250913855,0.40179723828097486,-0.3580878221621966,-0.21921202735873266,-0.14377844301221648,0.9161813988719242,-0.2795927948786915,-0.18801880298007045,-0.49094667067702935,-1.5052296306142832,-0.38495419100578315,0.6631899577681546,0.22740153234612076,0.065
-0.2137260022279899,0.9143550213764161,-2.558388696544737,-1.267047663476857,0.3053956550628666,-1.4249245969158038,-0.26366402215232193,-1.8654879849534753,0.6779395356877645,1.3818755146754915,-1.2143782227459832,1.0214274611885994,-0.191414611242504,-1.6342564422995436,0.5860454283969199,-0.6138309724699934,-0.3592051063097658,0.3924215519496962,0.3943285394826471,-0.3622525339368683,1.4554814181358733,-0.275
-0.21027300485868025,0.7830783179233964,1.3330721567724129,-1.079466164257445,1.855463526367853,-0.5055126124517593,-0.26366402215232193,0.24644935292243914,-0.267705165405347,0.5974540346181965,-0.01970451679013339,-1.326904261107224,2.008425452937355,0.25376749195573567,-0.22663184574429288,0.6354197311026699,0.6025996361239339,1.244731393319747,-0.300700758781458,0.5674728647531793,-0.5359356003382768,-0.086
-0.20682246614282693,0.631279850783462,-0.010541279551425569,-0.4593198383745033,0.52422716927682,0.8549869982056671,-0.26366402215232193,0.09840984529972617,-0.5188484351265001,-0.08347801664272188,0.3989472546651158,-0.4003744520597718,0.29366679113174154,0.7709040387230526,0.016613852481848438,0.7894413736829463,0.21162835446634423,-1.2905405236204448,0.20985458612045782,-0.3272161586029887,-0.36725771560516307,0.124
-0.2033743783248064,1.5345405063658037,0.8282416233210945,-1.8350609714661543,1.1971730416845607,-0.3280062737427372,-0.26366402215232193,-0.18186934483433922,-0.8234737872885136,1.3422337739940555,1.8088410277656917,0.0564465994513311,0.3733513360589021,1.2639157373860734,2.041009368370382,2.1486346500170197,-0.7510436214582944,-1.2586135075911777,1.1049198076183973,-0.12378484572283581,-0.8403118102124603,-0.072
-0.19992873369230973,-0.9329305629268952,0.016956347068392677,1.028119988757951,-0.667331361449625,-0.5409857607864109,-0.26366402215232193,0.2710998989862698,0.5647237064376006,1.174877571646347,0.8392762845591991,-0.6673633477685457,1.2768654053327673,-0.8843711372738068,-1.3656467406641604,-0.4164416086187861,-0.2309584524378002,-0.6786972123493015,-0.3394405150997595,-0.5087410204834496,-0.05886036002802845,-0.208
-0.19648552457599608,-0.15262522521613173,-0.3454683406220673,0.12821221171770286,0.12284592589391082,-0.09943173107794037,-0.26366402215232193,-1.2032971671617703,-0.5714124828839613,-0.47369258795800795,0.42558952349601004,0.5587696718401898,-0.0007687049394772033,0.03249731921930388,-0.5438136989625353,0.41432767082011734,0.9671612360585042,1.295893796200591,0.006374144636601591,-1.4464517923384674,-1.1291922944507657,0.128
-0.19304474334914765,0.9376843572140181,0.3695022090312272,-0.38046094765127614,1.1379014012973871,0.11427354255551407,-0.26366402215232193,0.43527330117151736,-0.4702775035822961,0.22772997485225221,-0.5614514374498799,-0.89044577575755,0.3175673945551767,0.4868378370638885,0.35859174059947774,0.9755741748681271,1.913870567389535,1.3983932496095208,-0.4111158561185244,0.07803544753647156,-0.36382110098785203,-0.004
-0.1896063824273337,-0.08232592491547765,-0.6629579979205493,0.6151010032206363,0.3307717527016487,1.6368476204955122,-0.26366402215232193,1.308962662074255,3.6174982780818254,-0.7364617913784902,-1.6495556792641937,-0.7171558967271559,-1.1404861235237507,-0.693100606961834,-0.37218023193293337,-0.47555883209016536,-0.6797499177662427,-0.4342060656057777,-3.0857519079536977,1.1093414897251916,1.0309078842180748,-0.023
-0.18617043426807153,-1.2062066341354538,0.7230811785215584,0.8077901762061087,-1.2413464928051534,0.23145815265264325,-0.26366402215232193,0.2875300195703036,-0.5100449298697313,0.014697268019247216,-2.2389917087146345,-0.16132267836098924,0.40523782012053344,-0.7532631720458688,-0.9296199925136159,-1.3411790591296926,-0.7020669649153973,0.30063495942237733,0.12700898443636224,-0.4852486422667762,0.6304956867417442,-0.028
-0.18273689137049562,0.9260200240608224,-0.559059420806811,-1.044550489227635,1.1310595259097527,-0.02314998015518571,-0.26366402215232193,-0.39678853138941256,0.47323991275418775,0.13226321609766759,-0.2468705369666262,0.22892956582316543,-0.2787034503208687,-0.055824049276666385,-0.1957197620251559,0.5316939945347395,1.0310109026340915,-0.2538708032999085,-0.08588034731785976,-1.7634408304024227,0.20700285258131376,0.104
-0.17930574627502804,1.2028614925152903,-0.29611710633959565,-1.2412326917246084,1.1014045520575513,0.33344941084408514,-0.26366402215232193,0.19712887624660916,-0.5188484351265001,0.2412685958317769,-0.060784425334273744,-0.87918258605035,0.4132105687145864,-0.9934666400825285,1.4449764175230935,0.9229260934164386,0.7040169183268217,0.5095408136795339,0.555712137880508,1.076117485697586,-0.19912976630118184,-0.194
-0.17587699156305198,1.7088873535127158,0.12701285389311537,-1.131674628015148,0.3123174110321285,-0.22138816744735806,-0.26366402215232193,1.2357650112372474,-0.5539400525547423,0.31528722912738794,1.051487679375644,0.9303599998430678,-0.45310838846904883,-0.8734535717434971,2.063877306009511,0.9181457989738626,-1.1064708914188566,-1.1305958675231238,1.2921566528626687,1.5652005215819422,-0.2882731896701742,-0.182
-0.1724506198565905,0.3390715483343028,-1.327517407073707,0.009835792829419984,1.288275171131421,-2.3287788646551535,-0.26366402215232193,-2.312270492928446,-0.20802054309257736,-0.4662991381556005,-1.7991677611146426,-0.28808233510174314,1.2047012191095665,-0.09443164984849675,-0.9296199925136159,-0.12145496503652567,0.8010845358557248,2.270141493898312,0.0549519804163361,-2.525083897688769,0.48515939883289944,0.093
-0.1690266238179883,1.9063091692275544,0.3419217075764691,-1.2297429018249255,1.242736870292768,0.5734729706298015,-0.26366402215232193,1.7146900769428424,-0.6795094069589673,1.6832070912952322,0.14362022536049718,-0.2668389577809051,0.8923905713694943,-0.7805948864400098,0.7739443065038425,1.4673684658021984,0.2446858092017624,-0.14690012260808458,0.0002714394119797357,1.46144898847856,-0.8125620632059563,-0.315
-0.16560499614959287,0.5991551829139293,-1.0665862974078428,0.047140239766688866,0.7194241398872578,-1.3896694205828048,-0.26366402215232193,-1.261783964739323,-0.035277296949717096,0.545820822766541,-1.8442571352813308,0.6546254277757534,0.0707927272450519,0.509075297948577,0.9039983725374476,0.36518922557964617,-0.3135200605741324,0.7869227007865633,0.9978153417204153,-2.5063157521727253,-0.3294675141626888,-0.019
-0.16218572959344496,1.9121130391875218,-0.5754714532833168,-1.6839266886609605,1.290551421410277,-1.0114116063280767,-0.26366402215232193,-0.19012593013461795,-0.6321813757365132,-0.5405187800926594,0.7417944924581646,0.9486711912947461,0.7404781497997666,0.04354491682377297,1.264135214181688,1.272209587605012,2.0471169176631565,1.372746611750201,1.8401992694419016,0.651946158462638,-1.5642954408766327,0.195
-0.15876881693096803,-0.020829153656409156,2.4041361027346566,-0.3500341999785439,0.8065145816633715,-1.253607836990084,-0.26366402215232193,-0.008654467044776074,0.5749522428204705,-1.8235870418966666,-0.2954418462750363,-1.8954573546184232,-0.7063715108855256,1.2133214642867518,0.18072898128682235,0.6118084890746487,1.3231837507915798,0.9897999436872628,-1.8588087891553136,0.09526122901790698,0.4580807469676847,0.307
-0.1553542509826615,-1.1679932819331162,0.49093097512722744,0.8691467264122734,0.27308412683801403,-0.31278041572586884,-0.26366402215232193,-0.7201565000924801,0.3727982943391919,0.5198566003514942,-1.1124779527851303,-1.9260825597671596,1.8151553495937756,-0.07237261121199907,-1.924533906800428,-0.5617648739575151,-0.01807423886956472,-0.28672396301572917,-0.7684330807703125,-1.929227186933731,-0.6498547817273187,-0.158
-0.15194202460779815,1.3716817643153603,0.9279463035463675,-1.6700859997134212,1.1493032157314726,-0.6574754668481992,-0.26366402215232193,0.5991661534473712,-0.9435069430837814,1.0265438916169842,1.7483909725038644,-0.5139475161355057,1.5658637179904826,-0.10545872743376966,0.693350791733254,1.861101317509658,1.1296151802056766,0.4091323562202084,0.9531445551385304,0.31248471217727525,-1.5501900825307173,-0.276
-0.14853213070412416,-0.6921690702356528,-1.6419293259487193,1.0900455036404841,-0.9973046889545737,0.09390496327852972,-0.26366402215232193,-0.33887461643726774,0.5800712918651215,-0.31975831792684634,1.1722606092481491,1.5543806461304068,-2.526780569639663,-1.1296332984485584,0.3318827768962431,-0.566295665787029,-0.6708135203730904,-0.7030551564645158,-0.7407671399744485,0.44310989868691303,1.2050823294755892,-0.091
-0.14512456220756142,-1.1738719784666931,-0.16440426979499434,0.6727359100269724,-0.6062878211147781,-0.9962609732341616,-0.26366402215232193,-0.8032671898711563,-0.32686710769605404,-1.0070397573571541,-1.2508982082347349,0.23896907808869589,0.007180710299371432,0.026974141719071924,-1.4742683784384636,-1.1479368689696117,-0.36832638463097034,0.44257451419061533,0.9180547372863139,-0.6796704397968892,0.19339964526099618,0.349
-0.14171931209191485,-3.174987782480942,0.04446060010589237,2.7138443944436115,-2.3182824334927394,2.5703526454553396,-0.26366402215232193,1.5444736684959006,0.38278539582882365,-0.16147748263624237,-0.2607343504879926,0.37333947774847226,-1.6515391314407009,-0.7368596800888855,-1.448212994760521,-2.2022234588099767,-0.49546957120237345,-1.306492365947171,-0.3264994108093715,1.8311888990825838,1.402142018990708,-0.008
-0.13831637336857844,-0.3460410013161787,0.23166321674944504,0.5544257428266355,0.04179362857798199,0.921630323232727,-0.26366402215232193,1.1136534271190697,-0.11049968425568395,-0.027227626230937246,-0.6462713866245975,0.06668717372054211,-0.5402236914100761,-0.3641327220199119,-0.5833639499268582,0.04445778641271272,0.1974793104403352,0.9136089644987371,-1.361269422488678,0.22123918038405582,0.623743688590055,0.049
-0.13491573908625037,-1.3826311412730674,-0.4824355927900302,0.801340982581964,-0.8037796077999759,0.6552959544457214,-0.26366402215232193,0.5090594802032904,-0.3359226315345856,-0.6454923387442661,-0.49809332826277153,-0.09336455954990334,-0.2787034503208687,-0.144040722641382,-1.2916970946092896,-1.3301006250053014,-0.9101568527510283,-0.5810990562321643,-0.2049445751294427,0.14114123504391168,0.14576253573711676,-0.097
-0.13151740233064507,-0.8653813825127243,-0.4879105904939299,0.35128479171337923,-0.6508889286345068,0.7781407022176831,-0.26366402215232193,-0.9947234918048166,-0.43917552595759585,1.1865814933287357,0.9682592707445425,0.23896907808869589,-0.9828016141893511,-0.8734535717434971,-1.517674731612979,-0.7312428722981603,-0.15259893102989133,-0.7760286613768621,-0.25582061429830494,-1.0546097372128125,1.5653610512823704,-0.114
-0.12812135622421258,1.3309458723107699,0.7230811785215584,-1.1923314852307347,1.440646275188518,0.41510479683926566,-0.26366402215232193,0.0572459553913065,-0.33139641208908177,0.2682713218809087,-0.012867523067739224,-0.2668389577809051,-0.29456798771086024,-0.8679942395470654,0.9219572809736778,1.0716080515621873,1.1592843591391837,1.1085846140376383,0.6155035645393847,1.0428558790509925,-0.2059816074747723,-0.07
-0.12472759392585657,-0.299140045007956,-0.9576620438929503,0.3544439993057968,-0.8603482092275194,0.6143771816083762,-0.26366402215232193,0.1395554808410155,-0.2950755513229152,0.6741670011585515,-0.13635528147916604,-0.07255403429890393,1.0204387539704594,-1.8018144611338034,-0.12943419091412997,-1.0006467733132147,-1.7278737079738244,-1.4338257494036917,-0.08588034731785976,0.5900241783833765,0.8024183458321572,-0.282
-0.12133610863066005,-0.0325417264639382,0.20411459565034598,0.5576150189877419,-0.13692179162877566,2.144112544669067,-0.26366402215232193,0.5582189478344911,1.1354137592436735,0.13912272744062015,-0.35111621608478544,-0.38425419332210353,-1.628000831889918,-0.5835976040279774,0.4744524232834282,-0.2978727479976016,-0.3409468013482667,-0.483236171891791,-1.2714176951566873,0.6406978376366622,0.22400226233882473,-0.037
-0.11794689356960919,-0.3196582579845998,1.4498376574969192,0.4907377988570763,-0.25094993297102874,0.7013471107333331,-0.26366402215232193,1.7551780576227036,-0.575772953060693,1.0744211946447637,0.7287488300516037,-1.2685371110541328,0.8364044678444671,-0.0889175010942046,-0.9296199925136159,-0.010951248453719017,-0.1710698952370546,-1.1546367635412098,-0.9439619808560159,1.8528038302361858,-0.5807816600429778,-0.27
-0.11455994200932297,0.06699847922062835,1.3886626101001909,0.34812606072314345,-0.020809052519699132,-0.5865804977495312,-0.26366402215232193,0.2875300195703036,0.3727982943391919,-0.1971829606292944,0.31875224350667325,-0.09857452415886188,1.3490639159302023,0.5424448153624938,-0.605327074089729,0.38623746864813524,1.6798760661886598,0.7279309357059035,-0.8521224566711367,1.6033372656451885,-0.305433532811387,0.142
-0.11117524725178264,-0.05889690777783032,0.8725453863346457,-0.2400599270710693,1.365632531293664,-2.3788463736597962,-0.26366402215232193,-1.6050911537707224,1.0972853032890162,-1.5801176196723883,0.3989472546651158,-2.0060346079225857,1.0925144448561144,0.966543798775666,-0.9033785283894804,1.2746378360591357,2.1346210322107386,2.2440192160920134,-0.9653301829223238,-1.537575662302146,-1.7835573453495914,0.138
-0.10779280263406868,0.546577632963247,0.20962380463706226,-0.07383465936887851,0.5219274390491613,-1.3644821223284727,-0.26366402215232193,-0.7866386444672739,-0.5539400525547423,-0.11175361544805647,1.0259302806119481,-0.09336455954990334,0.7644538069969063,-0.2651700555056928,-0.14711641263059244,0.7182349335766555,1.4180973524483151,1.4582916730755933,0.5282766084216047,-0.28057447638172833,-0.3603847152081652,-0.095
-0.10441260152809284,-0.6041322526584985,-0.02703666374008393,0.09387167778726907,-0.6814293082219494,0.30284299328615627,-0.26366402215232193,-0.04986625021459666,-0.5670489583156213,-0.6003512065836977,0.5184847129552872,0.27900843573256806,0.7085167672285047,-0.5726389686853046,0.30963331210566636,-0.20177225427197884,-0.790991218692566,-0.07266709260558056,0.852080559548048,-0.19915504627502215,0.2104031429310137,-0.069
-0.10103463734034149,-0.3665626029630129,-0.9849045433676397,0.10635223261062196,-0.36522402921505964,-0.9154306158627847,-0.26366402215232193,0.689189572120514,2.329359930450755,-1.1492510048385367,-0.34414734428872906,0.5442876370534182,0.4291574171462982,-0.7149831354017044,0.18516993158929387,-0.7244803695264843,-0.17568442882970495,0.9051515766297124,-0.09829684888732095,0.4317761341353659,1.5587067327247333,0.157
-0.09765890351161502,-1.2326645493173825,-0.9794566568039842,0.8917923085180518,-1.6319278533454777,0.9575319891014323,-0.26366402215232193,-0.2975306801677974,-0.10582164603924238,1.6351241440062658,-1.8141870147097696,0.8705120064172194,-1.3137036447856751,-1.893567344965747,-0.658011757355102,-2.2282307185602175,-0.8925671977374287,-1.0262194464524657,0.2971690958750099,-0.41489516567589874,1.8674573083472787,-0.257
-0.09428539351677068,-0.3255208779327525,-0.7667502687199864,0.7305186065387407,-0.6908302009551753,-1.021511145242442,-0.26366402215232193,-0.4961582302380921,-0.47913616716966334,-0.5778664280951308,0.3789361999162719,1.1866711146962488,0.8843912489471578,0.7597418857668619,0.34523594711023325,0.10692089301701073,-0.648448637251066,1.176605822935918,1.413167425754394,0.22695119120002522,-0.9688670992742575,0.057
-0.09091410086447117,-2.33973891395044,1.5277352220979004,1.4615282950753725,-1.3054850998318244,-1.9778840181883892,-0.26366402215232193,-0.31406594819834927,-0.6105468249238873,0.616715108405378,1.235409720043774,-0.55208910522041,1.6060452064118411,1.8686279044645264,-1.282992480628588,-0.7852939401878897,0.31572516745321566,1.3300344516145117,0.15674718878263091,-0.5381353275403016,-0.014460709804817161,0.095
-0.08754501909693427,0.10504788757153827,-0.9195096213981367,-0.06455613640955143,0.602371859327636,-0.20614990396820834,-0.26366402215232193,-1.6218698102357834,0.2785518590368531,0.5652293849710095,0.4056120163377651,-0.4057536815250137,-0.1675986452136463,-0.028234929365143702,1.1964541432697817,0.31147407124820753,-1.4903873686599087,-1.10653769508008,0.11506675303169633,-0.3622525339368683,0.21380322895083687,-0.086
-0.08417814178968036,-1.6650935933726656,-0.5426447825803795,1.9830268018877482,-1.6128212628540886,0.017552405157128824,-0.26366402215232193,-0.35541758215927205,-0.5232455956287587,0.8867367872397999,-0.11571200607499786,0.25400609848098626,-0.7379942399807329,0.015929027699136566,-1.2350995087507701,-1.2391320926978497,-0.03669280375247446,0.467674083251826,0.9230861504893523,-0.7625673240490531,0.14576253573711676,-0.049
-0.08081346255129099,-0.0998990329330843,-1.2732123614508517,0.2504429683891209,-0.05561777998356468,-0.29247653352005926,-0.26366402215232193,0.01606371930191215,0.5239369725527242,0.14597600964578322,-0.4419601762120361,0.3387109289478859,-0.06434727436350496,-1.9528869905065072,-0.5613942315746617,-0.6906473017856388,-0.33180978638638076,-0.4669000907303086,0.1389243734577441,-0.9231258652695511,1.295335181999021,-0.209
-0.07745097502316145,0.6137578778474474,1.2997285661241613,-0.675772134529307,1.7694842937560593,-0.4598905967450353,-0.26366402215232193,0.9098085485206996,0.437941021212155,0.8249484485905599,-0.6108822241590153,-1.1699639856569977,1.1806541473749534,0.7262664846323045,0.16296804074604374,1.0163391430960622,0.9524540455545694,1.5268431780711886,-0.17337138784822873,0.35230707830915875,-0.10329637913351294,0.078
-0.07409067287926109,0.3039821537879883,0.546165663977709,-1.0881813718980644,0.6460023975199298,-1.1830085059597062,-0.26366402215232193,-0.24794325719643776,-0.3449658178274267,-1.0305971124382225,0.0825602517093965,-0.4057536815250137,0.5967075943335866,0.9777406738305442,0.5056797329567138,1.0163391430960622,0.4204107588754676,0.4258500128585891,0.5502379405832053,-0.7981692838596509,-1.5431392091443912,0.141
-0.07073254982589407,0.2688876945668487,0.04446060010589237,-0.25537483992923465,0.655184297991881,0.767898527409666,-0.26366402215232193,-0.09109662246315604,0.29829841363311393,-0.09760327428711689,0.4189331513345676,-0.0881575277602391,0.28570083196642787,0.4701643886830541,0.1363351965903038,1.0740141173301674,1.8679123568569114,1.4240543664152232,0.27982553412818184,-1.096567932442571,-0.5980409022610209,0.169
-0.06737659960146179,-0.20243155794999002,-0.9358625089182843,0.30080243379467336,0.02093357374362577,-0.8952158875774231,-0.26366402215232193,-0.5624675428835559,-0.05887000049015863,-0.774636532671469,-0.36506216199009195,-0.1560775586764761,0.8843912489471578,0.09880784182211214,0.3942200446198172,0.26951025677156143,0.26833505731985396,1.3044265339834091,-0.05495860861695095,-0.6442183852220723,0.22060278852412443,-0.032
-0.06402281597622775,0.2191619619202244,0.13802427110515636,-0.08001780253912975,0.30770299076951074,1.0447712805320646,-0.26366402215232193,0.2628837663598224,-0.5888360429511764,0.25478237484526806,1.1469206234076068,0.5297786016870377,-0.2866359565509859,-0.6055103107540483,1.0883147194780802,0.20668468038551804,0.8205538311851254,0.2923010583875509,0.09110165107675611,1.7228934122204276,1.1381478067723338,0.008
-0.06067119275208721,-1.0651327615972006,-0.38931707560284845,1.8315921328562523,-1.0635439290264275,0.9472731635814395,-0.26366402215232193,2.6903735096890333,-0.4079230481682648,-0.859182641871531,-1.7616657593592433,0.21384806000203616,0.26180568416642824,-0.8952872393668669,-1.0563249699863704,-1.6610509660995185,-1.6947921929627832,-0.7760286613768621,-0.005838049851868962,1.8582052800377908,0.8461648062492984,-0.049
-0.05732172376233511,1.8598728289574464,1.2608378874296415,-2.179441955839694,0.9963810906572982,-0.038409994744800086,-0.26366402215232193,-0.0168953410845888,1.7207060038131938,0.14597600964578322,-1.4862044804141994,-0.2668389577809051,-1.431663257594896,-0.6876290378798474,2.2012740554969206,0.5905772035001156,-1.2013815824842629,-1.114559003403258,-0.7753675434435,0.71934146932814,0.5663210137801767,-0.053
-0.053974402871438926,-0.357767450240975,1.5333009708067191,-0.05836791851584458,0.03715870495853849,0.6450648903416787,-0.26366402215232193,1.6498776367770958,0.035969161833606024,-0.1259290498584928,0.3053473436630449,-0.3360503952377542,-0.11201159728733835,2.130512915147338,0.22070785428436462,0.6945452827205721,-0.4365679894224457,-1.146625053235142,0.8057878938504909,0.7361651068581181,-1.2235619742006365,0.224
-0.050629223974811885,-0.8595082155745023,-0.37835657803078665,0.83683371282075,-0.7802276278002661,0.9883142816952201,-0.26366402215232193,0.353222008820755,0.2637750817101702,-0.27628855635997096,-2.2543151269612256,-0.36280120193035187,-0.5877164348429862,-1.2981725232829397,-1.304752174168385,-1.2857537641279828,-2.5308514232213337,-1.7735211865771763,0.06702884364717507,0.1124756542516788,0.724944589400203,-0.044
-0.047286180998590575,-0.10868601765558562,-0.7230613338666926,-0.0769264849992238,-0.5453228452406367,-0.3533788041784777,-0.26366402215232193,-1.3788691898532082,1.016115698663857,-1.6300415363536231,-0.8099339169945674,1.3819494326755573,-1.2664871618486457,0.5313198621126397,1.2821957978313872,-0.22468080039490476,0.05192477740082347,0.3590205313111681,0.5282766084216047,-0.0775143238657592,0.6743652643117933,0.273
-0.04394526789941269,0.7013538541515822,0.5019759350579241,-0.5859318567397117,0.5633106717875754,0.8447377539382837,-0.26366402215232193,2.1431010311448757,0.3727982943391919,0.2412685958317769,0.9875085930116906,-0.6178042322136538,-0.35007887900456774,0.038020910812478645,-0.11174754180007607,1.131837512788874,0.5400782963267465,-0.36873081204259567,0.17450976629185988,-0.04863780005434334,-1.1082482452919034,-0.108
-0.040606478664196935,-0.8066546120722555,0.11049768510949222,0.5767603960118318,-0.62506215592496,-1.4098162394997327,-0.26366402215232193,-1.169892964627596,-0.7307204845723463,0.6231231880396033,1.210184533616083,-0.07255403429890393,0.6605879269110777,0.4423841306038643,-1.1261405020179998,-0.09156774474872711,-1.0804637743486891,-0.8407671302649977,1.1288507427914707,-0.7922325242036302,-1.9256649815376052,-0.08
-0.03726980730992604,-0.7890387136560968,0.22064299586135994,0.5257431340236144,-0.009210848523266311,0.4202101190785685,-0.26366402215232193,-0.3719636383128663,0.5494047981782688,0.1937746733475146,-0.34414734428872906,-0.45429737691659855,-1.8161724335755864,-0.7969894633807884,-0.3898024157769501,-0.2681596031756929,0.520881324579744,-0.34414770656112337,-1.5596499741384529,0.026289563057963,0.10489847303038582,-0.118
-0.03393524788343149,-1.147418650872237,0.5406410844902033,1.5510816233301306,-0.8155596501230924,-0.44975027120508376,-0.26366402215232193,-0.04986625021459666,0.5086944666973661,0.30188511520776046,-0.12947143800474173,-0.8960816668499203,0.932393706894764,-0.18811020124866382,-1.5784032947586764,-0.4073368500726239,0.8010845358557248,1.1000893226998951,-0.9510774293437187,-1.5436597441028799,0.47162163050872613,-0.037
-0.030602794461179358,0.8297639458821126,0.6788289937564714,-0.7145460275341522,0.6437067342694767,-0.124848848703462,-0.26366402215232193,-0.18186934483433922,-0.5975295080582707,-0.7976179327333719,0.31875224350667325,-0.44348957760576685,-0.08818154096839116,1.0169447954544661,0.35413951771987484,1.0163391430960622,0.019223393346675794,-0.7760286613768621,-0.09829684888732095,1.31890133141851,-1.0001909519119838,0.028
-0.027272441149059808,1.7437394462431413,-0.2467433711446117,-1.8323308659334259,1.1880571860886375,1.6833309268824,-0.26366402215232193,1.6903899901698791,0.02642900100896904,-0.23304563512414145,-0.9894481476902395,-8.719394158327691e-05,-0.30249954350513775,0.27593176938503616,0.4075854903705453,0.9588095567304813,-0.967166975155135,-1.162646550465005,-0.300700758781458,1.3628333674373523,0.5528017778558015,0.1
-0.02394418208217772,-0.19950152351486958,-0.03803225304207383,0.0720497687003201,0.32615866718082,-0.8446664843294812,-0.26366402215232193,-1.0363994606536566,-0.9639466253018014,-0.2907532595799858,0.8003600064914751,-1.1066190508681626,0.6845503593839704,0.25376749195573567,-0.8464904655886197,0.9516284344345572,1.7864204961158152,1.0406682064501056,-0.3589044726735623,-1.3919017443842954,-0.5842330287153522,-0.135
-0.020618011424642736,-0.22294266991585998,-0.5918808730988921,0.801340982581964,-0.9264217838870148,0.4712754749122979,-0.26366402215232193,-0.3223347346452389,-0.38101527739659896,0.8000625133745604,0.20445553469006064,0.27900843573256806,-0.35800709893718735,-1.064301199762815,-0.6141104807417593,-0.5889401625791456,-0.5946341938590951,-0.7030551564645158,0.9281113637577222,0.08377863897386123,-0.045195070305121245,-0.197
-0.017293923369367505,0.4706108776292977,-1.0284766459058077,-0.3165034205582347,-0.26259909965271605,-0.9305897823286593,-0.26366402215232193,-0.46302248166940446,-0.5232455956287587,0.6932073052241347,0.5581286788438449,1.1645869026328357,-0.8565091193324338,0.6370792824009326,1.3906688955984914,0.623611347098228,-0.08778944845088472,0.6017972007689132,0.5392701901402581,0.020533641457908775,-0.6809693280897808,-0.109
-0.013971912137859978,0.005522233081115168,0.7728832743310077,0.3039539900153409,0.07654390094491899,-1.3392906169026686,-0.26366402215232193,0.3450129960056786,-0.7434549693009559,0.40179723828097486,0.26506576813826677,-0.8735552883155514,1.1485973580404827,0.9833398271688046,-0.39861189226367805,0.526989167153832,0.6701535819606702,0.7279309357059035,0.7850502135880284,-0.07173640999105842,-1.5079028128962173,-0.182
-0.010651971980023888,1.0688612265941608,1.0499105141264415,-0.6369030766245485,1.5519086945692493,-0.3533788041784777,-0.26366402215232193,-0.3057979303076671,-0.002116436010857659,0.5781376815282816,0.5317105980167371,-0.4057536815250137,0.46105651160600813,1.151538535704899,0.43878181037069447,1.6372277070265124,1.7813362803197035,0.3590205313111681,-0.16707740964687376,0.014776438526617974,-0.14776908733437252,-0.022
-0.007334097173959224,0.7451386809629881,0.14353037050074702,-1.0299764993204026,0.863754180311826,0.6297200093436357,-0.26366402215232193,0.3285928431210949,-0.12918072593600735,-0.6078588380980108,0.6960852474375503,-1.175739681902818,-0.310430623638072,-0.16056979815730696,1.0343137399548923,1.4379760602629854,1.740700908796769,1.074613282419491,-0.6652775355286117,0.7081201330232878,-0.36382110098785203,-0.157
-0.004018282025761299,-1.1239063283130852,-0.799504395313222,1.6676141130926612,-1.032780284942563,0.7883838139661283,-0.26366402215232193,0.9995508722754985,0.8930671494613166,0.2615299517356534,-0.36506216199009195,-0.7671815490499826,-0.41349124491538336,-0.033753573166745085,-0.41182409050589164,-0.8437519861392354,-0.5991261876280107,0.1259869478370045,-0.6994835775307715,0.22695119120002522,0.6946020433918816,-0.006
-0.0007045208693276911,0.19575816707891458,-0.6684234151785573,-0.4925733218911383,0.9986657274768502,-1.2586493614531298,-0.26366402215232193,-0.9114302943546859,-0.3449658178274267,-0.6304198651690773,0.7483130846738453,-0.7950741811187513,1.5819350682266842,-0.18260292480370302,0.5949809238633302,0.5952937317327388,-0.36832638463097034,0.10109989045524805,-0.28142477210871647,-1.4950190858601788,0.11511729386800429,0.066
0.0026071919338387455,-0.395881728022734,0.6345922857327798,0.01294174549424069,0.3169314968506086,1.3635495618086617,-0.26366402215232193,0.47627260475964656,-0.7136987049071353,0.13912272744062015,0.5647261769992982,-1.216249121082716,0.5567968248564742,1.6475174522616196,-0.2707686990922115,0.937272845360372,0.32047087896325865,-0.5158864268587654,0.09710301520710883,-0.12957458622970952,-1.3637418162001698,0.124
0.005916861994821248,0.8968562671826794,-0.930411854343663,-0.3500341999785439,-0.3862407868930047,-0.028236856030090705,-0.26366402215232193,0.06548019811673811,-0.04944227614519338,-0.1259290498584928,0.19770716318044237,1.6447307059586274,-1.0064671729434895,-1.601789043943089,-0.22663184574429288,-0.15590298954986315,-1.0674406718002347,-0.5810990562321643,1.3509560384096988,-0.9828185869645699,0.026491575076319728,-0.143
0.009224494897482477,1.6072027668737565,0.8393161444844451,-2.011169060115814,1.6380959487124893,-0.43960917957776535,-0.26366402215232193,-1.328671659030884,0.4681876878752448,0.58458261017556,0.06215707245398979,-0.3360503952377542,0.3653808439473792,0.5702650134002657,0.5949809238633302,1.661969336832799,1.3231837507915798,0.8206690654269834,-0.2112798962411011,-0.24564860604768168,-1.1885869186085123,-0.122
0.012530096198649416,-0.21415200693851458,-1.5173608516887733,0.4304074111594153,-0.23697431128299382,-2.5589674004557437,-0.26366402215232193,-1.5883154390399123,-0.5626823787849583,0.1733268718703723,0.5713208651500333,1.4202503063853604,0.9483980007941137,-1.1078616272922195,-0.9077527432328174,-0.9133216392041973,-0.7865581384376633,0.5346812793945313,1.3464683866890539,-1.507172386918946,-0.9514741067337897,-0.043
0.015833671428306696,-0.9094335814510587,1.2941720828167478,0.5544257428266355,-0.4891169669676142,2.0766843724678923,-0.26366402215232193,1.6660844125673426,-0.8234737872885136,-0.7976179327333719,2.7077971455500913,-0.47053082403038754,-0.04050880517413944,1.0449621413806458,0.24737336619079192,0.5787897075299618,0.32047087896325865,-1.4417674071738524,0.42254386355707707,1.1369995985944097,-1.0106369621555258,0.015
0.019135226089777562,-0.812526797711629,0.2978060757551449,0.5927275836495302,-0.2486204072264376,0.00228747102087315,-0.26366402215232193,-0.6537258586819944,-0.4034461114578824,0.862094513502404,0.4122739820879518,-0.3681600890385455,0.6925387206285936,0.6259390623119405,-0.9951836089996439,-0.08926747927851586,0.7282401227653235,0.955920750999528,-0.05495860861695095,-0.3564098681273514,-0.9793060261642667,-0.287
0.022434765659910434,0.5787098129129814,-0.9249608917403727,-0.25843625470987386,0.06727916548862015,0.3793736861067526,-0.26366402215232193,-0.9031053023663309,-0.3132606792239499,-0.4884984888608268,-1.0255528503050944,0.5442876370534182,-0.761706116203493,-0.06134064512123598,0.8725822381515106,0.2299367363323057,0.8595479194437557,0.3590205313111681,0.22158286284725773,-0.8338158067207094,0.5697003439449124,0.06
0.025732295589261857,0.9464321662570149,-0.3290204398716637,-0.7502522440669294,-0.5101864587626236,2.2635083461163497,-0.26366402215232193,1.625562876570756,3.1096673182961587,-1.9259371972045438,-0.12947143800474173,1.1468640725037345,-1.855335830766176,-0.2321539854429148,1.146867387115743,0.4893813095334642,-1.2955905497988036,-1.0664024408730566,-1.3237006880121862,1.9175612456376303,1.4388174057461571,0.288
0.029027821302276584,0.336147626678293,0.12150753648787482,-0.7115668148272299,0.27077552736534344,-1.9628288720992226,-0.26366402215232193,-1.7226032588381495,0.1562785284791191,-0.21150915838754053,0.6239771389236035,0.5442876370534182,-1.0774366173497951,-0.028234929365143702,0.9578900529677808,0.48233589319235187,0.5544885102463526,-0.6624493204481925,0.6585009255482929,-0.7625673240490531,-1.2025736289371551,-0.152
0.03232134819746657,0.49398793267682123,-0.6082876733046679,-0.27373547507554613,-0.49145756813288977,0.05317779911484122,-0.26366402215232193,1.4714404232119769,-0.2950755513229152,0.5328510214580047,-0.45597711024988447,0.953241364120625,-0.7379942399807329,-1.8234118366211631,0.052065357883791505,-0.16278783856381077,-0.21255440203203227,-0.2292120900802516,0.6155035645393847,0.8982821071295068,0.13214450253484508,-0.149
0.035612881647589675,-0.009117100476558232,0.32537644217243905,-0.43812439575517786,0.0023850194509187845,1.0396376008265398,-0.26366402215232193,1.5201348487734743,0.9196717404815635,0.30188511520776046,-0.05393087830470892,0.3387109289478859,-0.23109845295675083,1.6248858966157178,0.7560261002454419,0.5764328626720763,0.9328604591570301,0.9728570444088146,-1.5751211195063253,1.4450351438824633,0.6912297153047432,0.168
0.03890242699982499,0.4822996999750182,0.3915711495277756,-1.1663692663444205,0.36996960824539593,0.5479151873666883,-0.26366402215232193,0.5745998994412821,-0.756162171353713,0.3486840932041695,1.4231297261400375,-0.4057536815250137,0.4690324081868179,1.2020837592080624,1.219006429915337,1.3988523754156306,2.508521596449397,1.9662436443684692,0.9680902976303875,0.8145435460625123,-1.476215503184725,-0.049
0.042189989575948425,0.3127549790153114,0.2922927656152172,-0.13557435085690703,-0.2462909837923088,-0.49537571995972807,-0.26366402215232193,-1.2450696370950087,0.22450909007617148,0.30188511520776046,-0.5826197594897331,0.953241364120625,-1.4709570711879507,0.7485815778894028,1.7263328960876592,0.28349102113403246,0.7427880554428467,-0.38511050380972206,0.0549519804163361,-0.26892723092470894,0.8327076482275693,0.043
0.0454755746725044,0.061144225354260194,-0.9631111577640267,0.608706296522178,0.1043294275897413,-0.9305897823286593,-0.26366402215232193,-0.1983832720773562,0.22450909007617148,0.056397114618365746,-0.5121538589345817,0.1886529523415201,0.03898301250400288,-1.509732486263314,0.5458505063239072,-0.5277637250356666,-0.6976062954624273,0.0679416453909097,0.41127735364135515,-1.1987099360519584,0.1661833828032293,-0.22
0.04875918756097805,-0.00033340246178340395,0.8947029327712781,-0.47444320281036445,-0.5055035542749561,1.2451790551254474,-0.26366402215232193,0.9424513753661602,1.2397067448382133,-1.3177999852144933,-0.8313866593792936,0.42255542626832215,-1.4080806984723397,0.25376749195573567,0.9668763692879743,-0.15819811478174833,0.4108697253654025,-1.1786603491070775,-0.300700758781458,2.035946596500461,1.1582354163650483,0.248
0.0520408334879658,-0.4281362118590688,-0.4331477732651835,0.27246005588293126,-0.9287830628717897,-0.7232739058283216,-0.26366402215232193,-0.4547405049575257,-0.29962646604321813,-0.2907532595799858,0.1232918432756139,1.097872450750022,-0.9354569347380934,-0.8625345407198609,0.5101419631088429,-0.6748467597913712,-1.3679193829279115,-0.9618277412851627,0.04284810687028614,-1.3253569819293085,0.8327076482275693,-0.132
0.05532051767534248,0.6633998735808608,-1.6581667334578152,-0.4077993640412559,0.28924195508906275,1.3120673077733804,-0.26366402215232193,0.5664097689688681,-0.6105468249238873,-0.24743475375963378,0.3321459897023318,0.5152425809073339,-0.6668320482201334,0.9553488297158835,1.0343137399548923,0.7253462657206342,-0.5586496250582992,-0.4423823019614892,0.4056342923409055,1.1591074844006664,-0.7571108534316323,0.086
0.058598245320428524,-0.11747328874443227,0.4467610690559515,-0.45023932014775947,-0.3628893714760658,0.0684489279035053,-0.26366402215232193,0.5254487435023526,0.21472410237284112,-0.3415783448981651,0.35890000273887973,0.3387109289478859,-1.4395230664359442,1.325808223429304,0.9399211709487437,0.5670076589193599,0.8790726445295911,0.5430648335402681,-0.5436111691976452,0.25549284524509186,0.08104725502269759,0.171
0.061874021596157694,-0.3606991377490506,-0.3180537763084798,0.8950291669962007,-0.21601774686032688,1.198897142280506,-0.26366402215232193,-0.5210182990022061,0.0838577766304428,-0.218681692079205,1.2480050687704556,0.19873988194029527,-1.447382352576923,0.42572125320906923,0.1984945011383316,0.26718082377796887,-0.4320277993434138,-0.7192845098756935,-0.5235570096816753,-1.4525186792185742,-0.13065983703083864,-0.04
0.0651478516512383,1.264003647465422,-0.9249608917403727,-0.5317879013945844,0.854598832026437,-2.0782160182674474,-0.26366402215232193,-1.019726732371868,-0.6623418149123689,-0.10467530881948085,1.076999383298699,0.5780370243559333,1.6381978586207353,-0.13301931979007336,0.4521560770459411,1.2091717211328101,1.975280847804531,1.9662436443684692,0.8418371379796566,-0.738857533759823,-1.0315361060438601,0.006
0.06841974061031704,0.026015926881580012,-0.5481166177585697,-0.11707389145954936,-0.06722542782477703,-1.4954104474501035,-0.26366402215232193,-1.4961018067479879,-0.6148798312890701,-0.7976179327333719,1.1024653518205898,0.31885768265026393,0.22995186647389496,0.7653227314105034,0.7157279862894987,0.6519607924546962,0.7524925056683884,0.753203074052892,-0.1482367307958989,-2.1019987467238783,-0.8819668908351301,0.016
0.07168969357413964,0.17527804938337796,1.4999097460374708,-0.5378127032457484,0.6918999168865938,-0.2467813093032803,-0.26366402215232193,1.0484676504897306,0.02642900100896904,-0.7899510837223008,-0.8743650061964044,-0.7227027972760441,0.7724465714416126,0.5035152677221311,-1.456899088865876,0.15327856655873076,0.0612793033944029,0.2506574728007266,0.7169559273014685,0.5843880688923,-1.5819339331911526,0.108
0.07495771561971241,-0.9799296539089646,1.85090388889871,0.801340982581964,0.9803867229486237,-0.525784119384168,-0.26366402215232193,-0.7700132970545673,0.24902669273552894,-2.9455009092346436,2.442831804644712,-2.785698540752026,0.812416972754834,3.184559981156356,0.15852852007951962,1.9363444423096474,1.026092568175235,1.0831036560253597,-1.9474734828235252,-1.2227931782416146,-1.8616519101767597,0.373
0.07822381180045818,-0.35483579282441896,-0.8595254191667174,0.5927275836495302,-0.7096373846434865,-0.63216003355145,-0.26366402215232193,0.08194648498227196,0.6520729531526737,-0.5554387989480607,0.9232445433327896,0.6926305132910193,0.6446151838524271,-0.813380710227184,0.28294353336606987,-0.0662549651674067,0.32996594893092807,0.5682256795240392,0.06702884364717507,-0.1411580350822273,-0.08620127825781454,-0.118
0.0814879871463755,-1.1033344002935335,0.6898905925238745,0.985840525939718,-0.16017339553975435,-1.5658638803289735,-0.26366402215232193,-0.38023782734043743,-0.670931693362449,-0.6153728242496822,-0.4700049497339806,-0.8566905888740769,2.379507295384013,0.06011942462547447,-1.2089634850839286,-0.7402574196784785,0.0005645075788379189,1.0406682064501056,0.9230861504893523,-1.3737392260901837,-1.1082482452919034,-0.078
0.08475024666419241,-0.824271497477695,0.9889143512011321,0.9144596206353031,0.54262220247007,-0.28740007299416326,-0.26366402215232193,0.8281549104261383,-0.32233471779462686,1.2793475360250615,0.2381557002215965,-1.8649019911815226,2.476449252867297,0.2426879195687688,-1.3439041811061534,-0.006337873868164467,0.43473133274332465,0.25898273070217565,-1.361269422488678,-0.13536564881153063,0.8528922913196446,-0.161
0.08801059533752308,0.3624616417074193,-0.7066730687456352,0.4208970782300244,-0.5664171574296644,0.9421441132887202,-0.26366402215232193,-0.239681358896188,-0.5100449298697313,1.4547202721305732,-0.6888278830073831,0.6355505508682152,-1.1798755216331962,-2.189779565052311,0.6441476175815528,-0.5322992780623943,-1.1884808679551149,-1.544829183651475,-0.3264994108093715,0.3466217742659345,2.306693186968072,-0.305
0.09126903812701843,0.1138277188943483,0.16555736856500125,-0.23086471769769173,-0.26259909965271605,-1.2435242755103564,-0.26366402215232193,-1.0947785023481729,-0.5495643047146915,-0.22586051725583753,1.2857220745799136,0.2339508048032235,0.007180710299371432,0.6092321203056079,-0.4690490650470593,0.8179824888344948,0.7137026943273762,0.7616304708841815,0.5447572925104261,0.06654526438445535,-1.0176022867115386,0.098
0.09452557997051869,0.046508011559906075,0.6622384097169873,-0.20632126160630657,0.3515265309921483,-1.0013113610610112,-0.26366402215232193,-0.16535844103589692,-0.2631326129356488,-1.563528288279656,0.0417289909731208,-0.27214542841792516,0.26180568416642824,2.60618416049126,0.9758639375773898,1.6644452797455316,1.2385992793386775,0.3673682105712237,0.20985458612045782,-1.6900182499450078,-0.8958600913721414,0.274
0.0977802257832047,0.13431281692456,-0.652026280280615,0.6599153414388452,0.13210203314592878,-1.5708950358130997,-0.26366402215232193,-1.789817126433091,-0.15246206935114373,-0.42207137361760516,-0.42795415182309104,0.35851654453396253,0.4132105687145864,-1.7045613547373493,-0.9864450894540984,-0.713206492111282,0.7864947324382984,2.23531485355883,0.4895952444595937,-1.024675642301473,0.1831950878711831,-0.035
0.10103298045774659,0.028943466250902616,0.5130218853833034,-0.5979395400438832,0.43908462990466524,-1.1275139059851331,-0.26366402215232193,0.45167512188077297,0.7351275319764006,-0.5256241373441525,-0.2884948678912015,-1.233652910498421,1.076494614332235,0.6036640416055944,-0.41622761935433417,0.45886488884333226,0.10812684337118017,0.43421140841673994,-1.6295088817648469,-0.28057447638172833,-0.2059816074747723,0.135
0.10428384886444925,-1.5591442850024864,1.1664350338754517,1.392084457918449,-0.14622125255451474,0.496816464196586,-0.26366402215232193,-1.563157393194753,2.0028283298462886,-2.487756858897039,-1.2874849557002275,-1.5870781361468886,1.228752123560927,1.6022628470784692,-0.5877571018139824,-0.44146617893277934,0.4729723565117425,0.9389910705147764,-2.012544488695531,-0.43832565426228765,-0.014460709804817161,0.354
0.10753283585140315,-0.6745596724621928,0.16555736856500125,0.02226260867058087,0.5679072586761372,1.3326570869866352,-0.26366402215232193,1.7713690045113606,3.713207405763559,-0.6681487558824175,-3.0733658615750765,-1.4563081339629016,0.5807419512019655,-0.36962690910336643,-1.430837903827909,-1.176877250958169,-0.3455133443018612,0.6942582403421175,-1.1313400460113676,0.4544389554041751,1.0107803598005927,0.242
0.11077994624462621,-0.85069866870193,1.0499105141264415,1.2471822138527875,0.3053956550628666,-0.9154306158627847,-0.26366402215232193,0.0572459553913065,-0.6580423124297632,-0.9056246538350526,-0.4910671474945216,-2.2990153509523,2.702866019674727,0.7820680399557058,-2.672324239673091,-0.13064499134630334,0.3014953340658489,0.3673682105712237,0.20985458612045782,-0.11799642568055024,-2.2581613816899946,-0.095
0.11402518484820955,-0.3020711270057271,0.02245666841335619,0.4716678012200893,0.201477829601074,0.4661679437077371,-0.26366402215232193,-1.0113915379237295,-0.7983226707074654,0.6995418259031022,0.8780904899110442,0.16338382084703018,-1.1326067144448206,0.34246586316711647,0.4075854903705453,0.03290547192693261,0.042575257474083104,-0.212763990923534,0.6851668026648391,-0.12378484572283581,-0.26082834887385187,-0.162
0.11726855644445876,-0.827207740761616,-0.021538468826483158,1.332707746637557,-0.33488180566956993,2.4974695096096435,-0.26366402215232193,1.4552039585466128,1.8431970126333905,-0.240237046890235,-0.738600392274818,-1.6050160180437525,0.309600072694792,-0.4465045424847499,-0.42063087979373387,-0.6612974423632256,-1.523972869672119,-0.5077266043302395,-1.1606081636979717,0.295399895556858,1.3454222682423613,0.088
0.12051006579403771,-1.9683923752473604,-0.4002764458510317,2.4488982147714524,-1.4649283837039502,-0.8042139513747791,-0.26366402215232193,-1.1865935324749337,0.15142850220237006,-1.9688609570492954,0.6108299507136962,-0.7839085105501058,0.34147208123467027,0.45905096389972194,-0.7501193826558926,-0.5436353745817013,-0.80428212680532,-0.12217176555460875,0.13297003249477876,-0.45591210220501266,-0.6775111796121656,0.097
0.12374971763610731,-2.3751229913296763,0.19860564468203357,2.404384604383951,-1.291226283496646,-0.5764496512554143,-0.26366402215232193,0.5827893399083961,-0.20802054309257736,-0.8746377275479565,-0.5826197594897331,-1.0779397670690996,2.86477801990781,0.8267425919766308,-3.1969662323108694,-1.5730766625320403,0.5544885102463526,0.8628895333467613,-0.371915352402372,0.5618321673311323,0.11852315117987652,0.238
0.12698751668846536,0.3770792905294135,1.3386302022874634,-0.4865321242480045,1.167542720579673,-1.213269482229771,-0.26366402215232193,-0.0168953410845888,0.23921019752830802,-0.31975831792684634,0.5317105980167371,-0.6784081970500085,1.5337260060671503,0.4757217629486831,-0.8289777288422424,0.7609338682020623,0.9769717366148075,0.7784902851591506,1.0856658463044802,-0.13536564881153063,-1.4375190153659543,0.02
0.130223467647685,0.958095321949363,1.1886415887653152,-1.482953727790689,0.6482979854657457,0.8242421084994865,-0.26366402215232193,0.14778242544315157,0.0838577766304428,0.46763251389316707,-1.612317820214396,-0.3093723471223843,-1.2428719646256756,-1.189476182161135,0.6665081620176091,-0.13064499134630334,-2.1349166504399064,-0.8730913890947554,0.2971690958750099,1.258390176103495,1.3454222682423613,0.028
0.13345757518925033,-0.6041322526584985,-0.624691846913594,0.5416732740978195,-0.36989366650289024,-0.038409994744800086,-0.26366402215232193,-0.7201565000924801,0.4934805854410563,0.4872627689876344,-0.2954418462750363,-0.2139347445932928,-0.6905571974274812,-0.4684555942079926,0.21626460927553767,-0.5957304450078171,-0.8264058140871574,-0.26208678729276325,-0.07349117747652936,-0.6560307033075303,1.0409692605496184,-0.022
0.1366898439676933,0.5728679376811536,0.07197145306957965,-0.31040003652137116,0.12053167638659423,1.5800637065068333,-0.26366402215232193,0.2710998989862698,-0.17103122032325932,0.712192504013717,0.5845018090649642,0.025654153601626616,-0.9038837978818306,-0.4904004633911394,0.26071001256420506,0.44948237157068544,-0.32266753752882443,-0.4342060656057777,0.5884220526445579,0.5843880688923,0.20360235777072014,-0.364
0.13992027861672862,1.0805171579148436,-0.09299413267327232,-0.7205027509370866,0.861465449383101,0.18049459212445534,-0.26366402215232193,1.6984906284952972,-0.3359226315345856,-0.4515312339143874,-0.27460912889244743,0.02051177088002148,0.45308106394909337,-1.0915291407987529,-0.37218023193293337,0.12545483306547947,-0.4274862845732489,-0.1304163299359199,0.0549519804163361,1.258390176103495,-0.8541927630537522,-0.272
0.14314888374938556,2.4165057871028095,0.22615297769757098,-1.7032747603783247,1.8305830469391937,0.10918108446724722,-0.26366402215232193,-0.6537258586819944,-0.6494341780761133,1.2040922624130694,0.0417289909731208,0.2339508048032235,-0.00871765549069054,-1.064301199762815,1.1739098978234912,0.8322657510456208,-0.02273077376719489,-0.3523438826429574,1.2692752594484573,0.25549284524509186,0.6541217252018856,-0.202
0.1463756639581425,-0.48678989843796394,-0.5809415505265391,0.6599153414388452,-0.8061354008283315,1.5542634698303388,-0.26366402215232193,0.33680327433625445,0.2049517100984123,1.5100701731641297,-0.8743650061964044,0.1481868377421928,-1.949272547980498,-2.2166605755565465,-0.5218320730905268,-1.425267997716787,-1.287054628049714,-1.7499419077776315,-0.371915352402372,-0.7981692838596509,2.3593574228035807,-0.401
0.14960062381505657,-0.6510820525768798,-0.12046498426566742,0.8142411626871028,0.027887754430077818,-0.15534274852259927,-0.26366402215232193,0.4106653084114982,-0.17103122032325932,-0.8052911656189136,1.9049498014625346,-0.7671815490499826,0.9483980007941137,0.9833398271688046,0.25181862647167264,0.737203057949759,1.3082337946744589,1.372746611750201,-0.018077394473670225,0.23266197347007264,-0.9897473084835641,0.042
0.15282376787189458,1.0251452695968717,-0.5973500979128237,-0.8154996366901232,0.685017193133576,-0.3178558970633048,-0.26366402215232193,-0.0168953410845888,0.6417486912275637,0.5263568890179248,0.0825602517093965,-0.1508353658586151,-0.22316262947274973,-0.3970919763449716,0.8636089881738386,0.9205358241686532,0.8400416370478186,-0.0065617223924590035,0.02464159102115678,1.2473750456329256,0.1831950878711831,-0.157
0.15604510066026162,1.188300856888248,0.8614680273371987,-1.140356649791212,1.678892206046304,-2.3387935555498864,-0.26366402215232193,-2.5152280859962968,-0.4658435708651484,-2.0033177851841546,0.07576195980028076,-0.3360503952377542,0.86839391074976,3.2543329878493323,0.5101419631088429,2.304217415946229,1.278363785417288,0.9220680100277873,1.143136665835041,-2.0340224932988376,-2.7536176916796626,0.468
0.15926462669173078,1.0368038131193538,0.8005594736940336,-1.9058197168194955,0.30770299076951074,-0.18582943582573763,-0.26366402215232193,-0.7450812846919087,0.5596142180393912,-0.020224504306049433,-1.3021383345331936,1.0889249315553093,-0.47687290076524297,1.4103057130690215,0.48783377862529675,0.6377820728705569,-0.14335576067886086,0.05965646553192675,0.7327648324414169,0.23266197347007264,-1.0559304967895762,0.121
0.16248235045796697,1.3687723441945172,0.2867797103133012,-1.6451290428074918,1.0215083579575763,-0.7890412549000031,-0.26366402215232193,-1.7814128581355082,-0.7094356728025147,-0.766988828304289,0.9039098540572346,0.4421582234829223,-1.3687660127984387,0.5313198621126397,2.1554389355864885,1.3671193450526145,-0.7732505768045133,-1.2905405236204448,0.7537547572264556,-2.015506296718506,-0.656767418779993,-0.08
0.1656982764308558,-0.5542561033406873,-1.327517407073707,0.6503047118525046,-1.182019340316206,0.9524024554426043,-0.26366402215232193,1.5688069121422705,-0.36751983627367374,-0.6605902543687084,0.34552857764921374,1.2086782224960007,-1.2743578649405591,-1.1024178210688205,0.14077329110598008,-0.7041846486704193,-0.40930699352821764,-0.32774993708016376,-0.11697290930733711,0.8201337473136532,0.17979315815234787,-0.161
0.16891240906262692,1.234890859666634,1.288615823280355,-1.3128134520354158,1.3406130424907843,-0.885107446990536,-0.26366402215232193,-0.6205298351967237,-0.3720213963520138,1.4100119442203929,0.3655815277700233,-0.7504804515063093,0.8763923619918865,1.0393577089041552,1.703594553453237,2.168972495614982,-0.509030258051406,-1.0101329161045334,0.27982553412818184,-0.5557872453862603,-1.3321618869745295,-0.123
0.1721247527859791,0.08456044415927186,-0.46600888468091817,0.2913506462651489,0.7767322903204642,-0.6372234924910003,-0.26366402215232193,-0.5458854708378097,0.3180954967824614,-0.3488643094626382,0.38560934587446827,-1.785785252177713,1.3570880841175221,-1.2710115347205362,-0.9339926781715587,0.30680822945676983,0.042575257474083104,0.6606124434396513,-0.3394405150997595,-1.0905703089357779,-0.031533214525772846,-0.143
0.1753353120142014,0.908522269704754,-1.072029325705637,-0.6369030766245485,0.4621068397216014,0.28754269930379034,-0.26366402215232193,0.22179235171851797,1.3787237789130362,-0.3561565871424424,-0.49809332826277153,0.2839999938828983,-0.03256171619689043,-1.607201112561532,0.30963331210566636,-0.010951248453719017,1.050695581068192,1.1085846140376383,-0.018077394473670225,-0.47351016289732956,0.8428007903870678,-0.231
0.17854409114129635,1.2698256577566613,-0.12046498426566742,-1.3128134520354158,0.6253387110735382,1.1629142945162043,-0.26366402215232193,0.4106653084114982,-0.8025220797635199,1.3479148049382546,1.577573995908908,0.16844356590752335,1.068485343421844,1.0113427690433225,1.0478097143182403,1.94891501048068,2.0368420852780065,1.5439970352728685,0.9581326432387403,-0.4266078198344383,-1.6419617269921432,-0.279
0.18175109454210014,0.461843875025768,0.4964533312007356,-0.29513234516896825,0.40223237582505716,-0.5865804977495312,-0.26366402215232193,-0.4795887859330689,2.152792429066982,0.15282306395177148,-0.184619181882103,-0.13512635354321365,-0.08023725286205091,-0.5233062146383473,0.693350791733254,0.4846841537140357,0.6798229606042561,1.253254405798716,-0.8591435227408621,0.12394564841387523,1.0677918459203004,0.078
0.18495632657240357,-0.10282799598625662,-0.4714847396350724,0.14071446474779767,-0.3022255763120632,0.30284299328615627,-0.26366402215232193,0.9424513753661602,-0.44362787539140724,0.9296266468754709,-0.3790190407759045,0.7257265398113002,0.33350339909279403,-1.3036036781767275,-1.1523048280904693,-0.5164220500643242,-0.03669280375247446,-1.1305958675231238,0.03678603248741077,1.4340876917829997,0.8663450777864654,-0.075
0.1881597915690684,0.2367133629241113,1.9680885771134085,-0.45023932014775947,0.5679072586761372,-0.49030698845562304,-0.26366402215232193,0.37784480103444573,2.7480714494379526,-3.497358017595321,-1.889441294801465,-2.6948517479382508,-0.2549030841568761,-0.5890763507899348,-0.17804967244712552,-0.2864480112257039,0.7573464776867838,1.142582145914563,-2.6469827705557325,0.8703964202389642,1.412146387143049,0.252
0.1913614938501496,-0.416406892410773,-0.16440426979499434,0.0036253915295517886,-0.5945576414417889,0.18558999393057987,-0.26366402215232193,0.36963791064696216,0.407808584328281,0.8928821465288508,-0.802788403416622,0.5055369159603225,0.86839391074976,-1.0806390351385387,-0.5833639499268582,-1.167974986128438,-0.49999113644965143,0.5179192685211929,0.4056342923409055,0.4090944396181632,0.6102374178043173,-0.282
0.19456143771500728,-0.8741913361434105,0.3143475332435848,0.38289827963072076,-1.577010815905789,1.198897142280506,-0.26366402215232193,-0.6039366241446826,-0.4034461114578824,0.5133501541827055,0.14362022536049718,0.14311526247108441,-1.3609015158108566,-0.1660786835637956,0.34078459909026904,-0.7987931896044188,-0.15259893102989133,-0.7517209124487649,-1.3462195203149512,1.0705765020204112,1.7447848613635069,-0.185
0.1977596274444261,0.8122580471788041,-1.3655138434213139,-0.018095195435926713,-0.09973956997220583,0.8806142692538567,-0.26366402215232193,0.23823107070128197,-0.5144482133963207,0.1664984938238644,0.9810950010490503,1.2174594581431115,-0.5639722485171084,-0.08340294527992709,1.5355951916118649,0.9540218948851948,-0.24015272397172574,-1.2586135075911777,0.9581326432387403,-0.3797883616003589,-0.6187599287658689,-0.173
0.20095606730072987,0.8268463975158186,0.7728832743310077,-1.226868875606676,0.5219274390491613,-0.28740007299416326,-0.26366402215232193,1.0810657508204293,1.1682217528123309,-0.7364617913784902,0.0825602517093965,-0.6508176891688711,0.38929367549719285,0.9105879457906606,0.18072898128682235,1.3086625767507114,0.7040169183268217,-0.07266709260558056,-1.6139315836819996,0.7081201330232878,-1.283083321288944,-0.01
0.20415076152789421,-0.5923959423652064,1.0665506825456224,0.21275455606580312,0.025569786499714017,-0.6524127521937606,-0.26366402215232193,0.4844703688943191,-0.33139641208908177,0.21416650192881162,-0.7172530725752271,-0.9243040671311521,0.015130589944234553,0.4923965376496218,-1.0213931014454798,-0.13753565310324684,1.448152471772837,0.7279309357059035,0.030717195036326476,0.3466217742659345,-0.739795455044636,-0.044
0.20734371435166213,0.028943466250902616,-0.5645303881672579,0.38922667774938235,0.23613632636519427,0.7935057217328463,-0.26366402215232193,-0.03337931154986286,-0.38101527739659896,0.02862220908848494,-0.22609538523872705,0.07180303836100836,-1.1326067144448206,0.38685653502020756,0.025475039437736643,-0.1696711091635904,0.1550987630045587,0.2756384372934884,0.21572205351339785,0.9650979433263663,-0.7086433435096838,-0.038
0.21053492997965398,0.5670259113649048,1.522169691031949,-0.8480185787125138,1.1036861001182579,-0.09943173107794037,-0.26366402215232193,0.13132780970453786,2.152792429066982,-1.522168568931263,-3.1847191141451145,-1.8587993037420627,0.14239159505199261,0.1983866746225485,-0.35014643392487055,-0.10536558650243125,-0.3637664022600738,-0.03136448534061544,-2.507900137809874,0.3579911841606578,1.7481031514940266,0.373
0.21372441260148026,1.996252572254341,1.1886415887653152,-1.8949615869153567,1.694752389999347,-0.29247653352005926,-0.26366402215232193,-0.5956412157498184,-0.17103122032325932,0.616715108405378,0.9554121494396846,-0.2668389577809051,0.015130589944234553,0.670510818538681,1.5718801620331062,2.2046124684378503,0.2399596339257052,-0.9859888664625384,0.24495958969153445,0.6688101648803368,-0.5738796411124018,-0.042
0.2169121663888519,0.8180935088745265,-1.2406154375058542,-0.9363472741924252,-0.060260553418321004,-0.49537571995972807,-0.26366402215232193,-0.3057979303076671,-0.5888360429511764,0.8187361112653507,1.6143702839866891,0.6831473369932302,-0.9828016141893511,-0.8024535819905372,1.931367172454847,0.6850757653082195,-0.12948141030680402,-1.4814461167112063,-1.0370319810918152,0.043549655070039224,1.0040697682234128,-0.124
0.22009819549569032,1.060118818484894,-0.33998598663407964,-0.9392824326540195,0.9118012713996339,0.5530262934047486,-0.26366402215232193,1.6984906284952972,0.09347309232822094,0.5522964941904093,0.08935577503177536,-0.04142630099978744,0.28570083196642787,0.20945943465065517,0.21626460927553767,1.3573651449061637,0.12690072139840888,0.6690213677158616,0.5117377405826922,1.554295700781753,-0.038363713747316626,0.109
0.2232825040582345,0.21038579634742396,1.3108422034521074,-0.1448176605090502,0.49202380930698064,0.26204651044407395,-0.26366402215232193,1.528248409135715,0.7142870810583315,0.02862220908848494,0.29193129476463386,-0.9186538625609325,-0.48479344073630365,0.5035152677221311,0.1984945011383316,0.7087563477986333,0.22106720117495987,-0.212763990923534,-0.638041287518208,0.953972681193462,-0.5428323748059968,0.018
0.22646509619515176,0.8151757982635034,-0.6137560233645502,-0.9334115232148946,0.2684668431242641,0.022641128109845723,-0.26366402215232193,0.4844703688943191,1.2895182822166513,-0.09053751063403938,-2.3618710371332092,0.29397419661493784,-0.18347642706817752,-1.8719868767765884,0.3630442553891133,-0.40506024959224984,1.006430586156573,0.5514500855701481,0.006374144636601591,0.6238168572568975,1.2351804238156194,-0.007
0.2296459760076421,0.2805864075849609,-0.8049623637294641,-0.42600084039162966,0.24306570303491357,-0.04349625791473065,-0.26366402215232193,-0.3057979303076671,0.14173787452799472,-0.23304563512414145,-0.9822352694772467,-0.32003483150658474,-0.6114562420251699,-0.5781184767520324,0.025475039437736643,-0.0846664114576824,1.1741340965252631,1.3044265339834091,0.04284810687028614,0.26690094637566,1.231836875446142,0.063
0.23282514757954648,0.8676883626936437,0.02245666841335619,-0.31345199256065726,0.6276349786301638,2.0766843724678923,-0.26366402215232193,1.3577324762322265,-0.4702775035822961,-0.5629083273684885,-0.2954418462750363,0.015366444256535371,0.4371315164564627,-0.13301931979007336,-0.0011051491467896407,0.40730233575562114,-1.3254219068714024,-1.7342122661822141,0.8212751873444525,0.4827410687351519,-0.7224862556320831,0.003
0.2360026149774494,0.19575816707891458,2.4153328495928443,0.1532245804086732,0.6069658383847931,-1.2687318984076514,-0.26366402215232193,0.5172544591663798,-0.8151021695037903,-0.1971829606292944,-0.6250297480229948,-1.43858161103751,1.365112673751326,-0.017196409798693673,-0.5877571018139824,0.09071362123842958,-0.45924904319085524,-0.6543225992135888,0.1863180658727685,0.4487750148722715,-0.8958600913721414,-0.075
0.23917838225078766,-0.6481474772052307,0.3639856037295846,0.06893433730692718,-0.4025932077297331,0.3436532827290313,-0.26366402215232193,0.09840984529972617,2.440368053506019,-2.300439316196806,-0.5332650699521467,-1.2104535364217268,0.03898301250400288,0.2149964516125857,0.25626417521544,0.021357784838517854,-0.35464249751250976,0.3089705861446379,-1.3462195203149512,-0.44418651168889495,0.8024183458321572,0.214
0.2423524534319503,-0.3137957594096764,-1.3438033106418374,0.3576036832871924,-1.1156433250539637,0.5683609629624635,-0.26366402215232193,0.17245890727017854,0.5494047981782688,-0.4959109423332922,-0.20534492869039242,1.097872450750022,-1.4238029264141365,-2.2166605755565465,-0.5569994952778936,-1.3522541968131128,0.5544885102463526,0.40077609705853373,-0.9582001622140315,0.752978732437421,2.0626336033750516,-0.098
0.24552483253638283,1.5490750196352219,0.31986186077769674,-1.3327843036249425,1.884859142192424,0.26204651044407395,-0.26366402215232193,1.0729172044610624,1.345173872955067,-0.11883819538915645,0.9039098540572346,-0.9356130599774634,-0.47687290076524297,0.893810418613814,0.5949809238633302,1.8260950527004218,1.3630989126383366,0.5430648335402681,-1.4521979081853884,0.618187592474143,-0.23339784797426028,0.066
0.2486955235626899,-0.31672699351571554,-0.42766992671235815,-0.02119612462990203,-1.004398003348886,1.2503227645068002,-0.26366402215232193,0.5909780910256646,-0.5495643047146915,1.575706486251164,0.8716285497079117,1.0889249315553093,-0.2390338034272924,-1.4392703536721452,1.6218072045771839,-0.9290115177376053,-1.607569368913807,-1.4099889684357392,0.7063849558682539,0.32386854913097574,2.0064506805694204,-0.285
0.251864530492735,0.6663196438685247,-0.4550563192581824,-1.2354890605932702,-0.16017339553975435,1.2400356013470668,-0.26366402215232193,0.9016461831471969,-0.580130369416718,0.9479168922657074,0.10972572789018956,0.19369789787955619,0.10260983664643136,-0.16056979815730696,0.823244651512777,0.49877816461253816,-1.058751382031568,-1.0422983631225191,0.12104122578205263,1.1038067573951076,0.06741338327663562,-0.2
0.2550318572917438,-0.16434354715759145,-0.16989545759918276,-0.20325099248366904,-0.4937982823997655,-0.15534274852259927,-0.26366402215232193,-1.5883154390399123,0.07905482033101625,1.1807325409531304,-0.2468705369666262,0.7680609720493393,-0.761706116203493,-0.35314317188149313,0.17628831719111063,-0.4482876333988284,-0.15259893102989133,-0.7598253595667208,0.4505958950577794,-0.8100465158856813,0.724944589400203,-0.071
0.25819750790840107,-2.2601358525821507,1.3719831442973134,1.0444009635620977,-1.3768281510143114,-0.8345544384100931,-0.26366402215232193,-0.7201565000924801,-0.8151021695037903,-0.020224504306049433,0.0417289909731208,-0.28808233510174314,0.06283960461364618,2.7502527099742657,-0.9689650119328351,-0.489185695359148,0.7864947324382984,1.741723288977412,0.555712137880508,1.2308447513774952,-1.2585647536600042,0.208
0.2613614862749502,0.8414337325045866,-0.4714847396350724,0.11571783601477845,0.8362847308036375,1.1218061296110027,-0.26366402215232193,1.0810657508204293,-0.002116436010857659,-0.7822906174228128,0.4388938742345489,-0.7338052300212629,1.0124324973057077,0.681658299524195,-0.8158404761422213,1.1125463642424789,0.9524540455545694,0.5262994240740562,-0.011954326649120977,1.0095564413706153,-1.3848080024612628,0.157
0.2645237963072925,1.2960224623655585,0.7452130466221053,-1.4632264644553115,1.2814460416823563,-1.0619022571920302,-0.26366402215232193,-0.7118498480984959,-0.4747083688282502,0.28845820435051506,-1.0111029089303365,0.015366444256535371,1.1165474088195566,-0.8352305380846567,0.19405269137481337,0.31847433924255514,1.298272691669738,1.4754199476978649,0.9381432046676735,0.3863937876059313,-0.09645768853245944,-0.182
0.2676844419050829,-0.3460410013161787,0.0004569742218051463,0.32287339613782984,-0.14157132578288997,0.11427354255551407,-0.26366402215232193,0.7464342489355463,-0.32686710769605404,-0.8283491791431025,-0.8743650061964044,-0.44348957760576685,-0.3897151982532819,0.5257580538390801,0.3140826238468971,0.13240819253746364,-0.3728850526889677,-0.7273964002978226,-0.3135861679836771,-0.638314116857563,-0.23682587909886565,0.017
0.2708434269518289,-1.8005174149852832,-0.8158773957721746,2.264413079273911,-2.356857821341106,-0.44975027120508376,-0.26366402215232193,-1.3119451881367432,-0.3720213963520138,1.233156665464111,0.21120112748819259,1.1157306286425388,-1.148365023239937,-1.379603510173091,-0.5042419948413759,-1.8779470633511215,-1.1324257218602047,-0.784127513720529,-0.1232119588894578,-0.9171632896823424,1.295335181999021,-0.237
0.2740007553149841,0.017233111830547522,0.5019759350579241,0.42723682856747736,0.011660038490496093,-1.4098162394997327,-0.26366402215232193,-1.8738994525002073,-0.7264695908143733,0.5198566003514942,1.076999383298699,0.5635910140124456,-0.45310838846904883,0.4923965376496218,-0.2751808832043069,0.4283839339476529,0.39180211730683123,-0.03136448534061544,1.1192965460238615,-0.5616737680495419,-0.3535126295123437,0.044
0.2771564308460449,0.17527804938337796,1.522169691031949,-0.10473002180015435,0.49662523288641275,0.5376936498154973,-0.26366402215232193,1.170656890445243,1.0268962665117,-0.6153728242496822,-0.6533573581806077,-1.43858161103751,0.29366679113174154,1.1178638314398268,-1.0694202702324487,0.3909171098335238,0.02389125662773321,0.6437996503216213,-0.9867640066249256,1.9121697779309783,-0.7051832316103209,0.059
0.28031045738064375,-0.2200124178942609,-0.4988597269089653,0.05647758159607356,-0.5031622727774507,0.027730057129035805,-0.26366402215232193,0.42707133915508844,-0.6062107693119281,0.9235177539586013,0.31875224350667325,0.17855417893276612,0.15830751805393378,0.4923965376496218,0.32743230243305554,-0.19260398236782855,-0.2768779871914257,-0.09742741280898624,0.6798463666166011,0.1697755643783026,0.4817752483858097,-0.107
0.2834628387386448,0.6809179131329687,-0.7831286838101571,-0.04288851241873642,0.27770107173851233,-0.8345544384100931,-0.26366402215232193,-0.5293065659191213,-0.43026161222680415,0.36199949693567074,0.23142122794270242,1.3819494326755573,-0.15965904811316012,0.20945943465065517,0.9354297308619193,0.5081784192354998,-0.6305322116907736,-0.4178481393874971,1.5679165816290046,-1.1385847518702492,-0.29513664987478183,0.104
0.28661357872423404,2.3354090261517864,0.23166321674944504,-2.376882647173561,1.9436227004568376,0.3436532827290313,-0.26366402215232193,-1.9159675307253092,-0.30417429189358763,-0.1259290498584928,-0.8528636936454125,0.005066961337835009,-1.0380141989822713,-0.11097165689191618,2.3527900923888265,2.0928112034430897,-0.21715735129353167,-1.0664024408730566,-1.0659176302222526,-1.48287037007553,0.724944589400203,0.025
0.2897626811260141,0.8618542872928429,-1.490261437514241,-1.218243014543622,0.48512108179926317,0.2773435795055042,-0.26366402215232193,-1.2283583581036586,-0.21263025247104134,0.06332522804532968,0.9039098540572346,0.9578084857024637,-2.2384115845522694,0.287016479968429,1.7809399814906894,0.5458136339257093,-0.15259893102989133,-1.1866643582910783,-0.4308107038905853,-2.003167606880028,0.05377615194360171,-0.006
0.29291014971709417,-0.11747328874443227,0.11600248015785368,-0.17251982703758617,-0.6321044407847458,0.19578143246433974,-0.26366402215232193,0.37784480103444573,-0.267705165405347,-0.444156777100102,0.190956013525733,1.1290919890052018,-0.35800709893718735,0.7262664846323045,0.7157279862894987,-0.14901655918260626,0.1503959921127889,-0.1304163299359199,0.7063849558682539,1.0650344727790058,0.6338714019040064,0.209
0.29605598825518203,0.35661433205348764,1.149782503608624,-0.21246024334176009,0.7629824932282981,-0.7333939757363558,-0.26366402215232193,0.44347456185468614,0.1031009491276079,0.2073754428728511,0.4521870296410331,-1.7192099709012252,0.8603958954671466,0.4701643886830541,-0.09847964441703472,1.1125463642424789,0.5017034113083506,0.6269936039493941,-2.1110830181994014,0.2098114674600372,-0.972346480206097,-0.068
0.2992002004826725,0.8706053387439526,0.4578020525440919,-0.7591659702014291,0.5334253092744861,0.921630323232727,-0.26366402215232193,-0.8198989275656383,0.0838577766304428,-0.3488643094626382,-1.0907104678217334,0.6212127771990045,-1.2743578649405591,-0.6109875382203201,1.7718353531574238,0.46355740599530215,0.06595844204550914,-0.4178481393874971,0.1863180658727685,-0.3564098681273514,0.18999833129344332,0.057
0.30234279012674,-0.7831669674440276,0.4412409514115441,0.6406981996615102,-0.28124312098135335,-0.44975027120508376,-0.26366402215232193,-1.8318492940065312,-0.756162171353713,1.09227546715593,-0.3580878221621966,-0.28808233510174314,-0.42933954397839036,-0.2266499122344893,-0.12501294403278207,-0.236128598446886,-0.5766527031300961,-0.8165042385379454,0.5117377405826922,-1.6594731981200121,0.5257540885819569,-0.105
0.30548376089942386,1.7524515892060686,-0.5809415505265391,-1.1258835255490862,2.7200843224189164,-1.3846322968276263,-0.26366402215232193,-0.42989926648398163,0.5494047981782688,-2.344774879144129,-1.6495556792641937,-1.0664879984282918,1.172639309608079,-0.3586381430435464,-0.14711641263059244,1.5656574484671058,1.193949425481102,2.087575834441867,-1.4141798017275202,-0.08907407632330691,0.10149178266456514,0.242
0.3086231164977184,-0.009117100476558232,-0.4441026147962923,0.15009631517311986,-1.1085360838297533,-1.8373145407476443,-0.26366402215232193,-1.211650132938193,0.4681876878752448,0.8682642100548887,0.21120112748819259,0.9120000375769765,0.1344343229221934,-0.09994539185708107,-0.30605855087111844,-0.3640532124344136,-1.6117355845643375,-1.0904893321696374,0.27982553412818184,-0.7922325242036302,0.09808488369537438,-0.117
0.31176086060365943,-0.42227149278512766,0.060966321579349274,0.9306638277995027,0.4436897120668827,-0.195990068062805,-0.26366402215232193,1.195077258149753,0.11274135138992733,0.32866455614430135,-0.17771609318762133,-0.7671815490499826,2.2099956884662677,-0.17709524657931705,-2.2777832795469535,-0.13753565310324684,1.2883160206422688,0.9813276687546605,0.07305715513710263,0.4827410687351519,-0.6878863595661406,-0.142
0.31489699688441236,-0.23173361191074004,1.0499105141264415,0.398722829839386,0.7125440822353891,-0.525784119384168,-0.26366402215232193,-0.33887461643726774,-0.08238476055641798,0.22772997485225221,0.8651637710738836,-1.2104535364217268,0.03103174132728092,1.0842067035110377,-0.30164827114720705,0.8203624423133238,-0.3774424056995404,0.17580819115815308,-1.0298288920148888,-0.5616737680495419,-0.6291226997871365,0.028
0.318031528992358,0.22793781767299348,-0.9413128551739438,0.11571783601477845,0.0649627545397982,1.9005302559429538,-0.26366402215232193,0.2793153164891592,-0.7222156633358296,1.9517080510421967,0.1232918432756139,0.17855417893276612,-1.5809098921254625,-0.13301931979007336,0.7918674091851466,0.5387528460522318,-0.7243497215081405,-1.5369132430603165,0.09710301520710883,-0.06595980224619002,-0.15803726455618092,-0.177
0.32116446056517595,0.461843875025768,-0.6356264999645931,-0.3042945414008895,0.6689548967748624,-0.5511192434750243,-0.26366402215232193,-0.272733528223347,-0.3944830096259428,-0.5554387989480607,0.03491409924895415,0.3684014799968883,0.07874631204229067,-0.10545872743376966,1.0613085326548286,0.32080816388315053,0.4490627208550836,0.3673682105712237,0.9079732969009262,-0.14695174665929855,-0.23339784797426028,-0.007
0.3242957952259316,-1.3238129862924162,-0.14792907362678598,1.5178786827755943,-0.8037796077999759,-1.842337002857354,-0.26366402215232193,-1.2785013358821118,-0.16639359067671153,-0.09760327428711689,-0.2884948678912015,-0.31470213318414175,0.18218484528849632,-0.6055103107540483,-2.1358055027946934,-1.3190188864686987,-0.39110656708598857,1.176605822935918,-0.2049445751294427,-1.3797922388638393,0.5223722610157946,0.017
0.3274255365831613,0.2688876945668487,0.9722839044535138,-0.6189316047369946,0.9278101135736109,-1.314094890114692,-0.26366402215232193,-1.3370360284434384,0.2785518590368531,0.3951797396429989,0.10972572789018956,-0.7950741811187513,-0.3659348411274184,0.3202809326200001,-0.42063087979373387,0.9181457989738626,1.0015179321495942,0.18411782927855633,-1.1606081636979717,-0.7566380097123503,-0.17857954871465673,-0.034
0.33055368823095244,1.234890859666634,-0.8431596849395455,-0.8657265255791912,0.6345233271851193,-1.2788137535076802,-0.26366402215232193,-0.9447381447570723,-0.20802054309257736,0.13912272744062015,-1.1633625183872627,0.5346179459364447,0.015130589944234553,-1.5422341492432463,0.48783377862529675,0.36051408515230415,-0.31809445220184374,-0.8245937426965374,-0.005838049851868962,-0.14695174665929855,0.7754820368900838,-0.242
0.3336802537490291,0.5611837342068037,-0.37835657803078665,-0.4925733218911383,-1.2294763757013596,1.9989339955879306,-0.26366402215232193,1.0892136456790604,-0.4079230481682648,1.0205320093641723,-0.3999748488351548,1.2611802061297028,-0.45310838846904883,-1.477218639025629,0.3719501612798213,-0.5889401625791456,-0.13410747216299007,-1.3622623916598406,1.5256789259110597,1.9175612456376303,-0.14092473119938861,-0.201
0.336805236702834,-0.3460410013161787,-0.4550563192581824,0.48755829615846297,-0.04865433245345799,0.5070344190735195,-0.26366402215232193,0.8118161598763463,2.0985658792736963,-1.0620967837078081,-1.2582102187013267,-0.7227027972760441,0.7244965776246675,-0.12750801168174322,-1.3612987167304504,-0.6838765616534529,0.18334135259917575,0.7195102433466306,-1.0298288920148888,0.6968943232743051,0.4106630113064296,0.051
0.3399286406436095,-0.5777261988105764,1.5333009708067191,0.028479019380336968,0.5748015608628319,0.8754883386831389,-0.26366402215232193,2.022021741785512,2.6530177270309268,-1.1811364385660628,-1.889441294801465,-3.0747113946075992,1.3731376846021166,-0.5068550689251974,-1.1610242772448118,-0.2040638881063038,0.04724939135452545,1.381293880884166,-1.2194990749578283,1.3518563315052963,-0.08278290774803451,-0.098
0.3430504691084792,-0.827207740761616,1.5499995213743207,0.28820101152371735,-0.4259630754836576,-0.8193850113629646,-0.26366402215232193,0.4024612383257299,0.5851935288516605,-1.3664795941960295,-1.851781248879581,-0.5302765521482163,1.1165474088195566,0.038020910812478645,-1.8208522137300815,-0.6816193415377392,-0.71098418814409,0.9389910705147764,-0.24943690122979018,-0.08907407632330691,-0.5807816600429778,0.082
0.3461707256205281,1.569421600008255,0.33089127723326006,-1.4095167319111532,1.3042076004978838,0.40489481169693675,-0.26366402215232193,1.3333504210382048,-0.43026161222680415,0.1664984938238644,0.663351115781493,-1.118110700294226,-0.22316262947274973,0.5758303957146897,0.8905324540488981,1.6273400688055386,-0.01807423886956472,-1.394087954721408,0.3144531769301504,1.3408753186673643,-0.6291226997871365,0.122
0.3492894136888825,-0.6951040681427676,-0.18636738510454276,0.40822324277708044,-0.4142767735423215,-1.0467569087451214,-0.26366402215232193,0.19712887624660916,0.21472410237284112,-1.269352916392032,-2.00281573511475,0.5491179827970007,0.2538415456978916,-0.1385302233397493,-1.1523048280904693,-0.861718934131128,0.38703823102115775,1.0321860464203114,0.2971690958750099,-0.6560307033075303,-0.7605746790734343,0.089
0.35240653680879114,0.8910230169211658,1.5778347786562443,-0.8568751761600821,1.6063525671577807,-0.47003015736082976,-0.26366402215232193,0.32038170166752544,0.43291101889008266,0.20057816709386858,-0.4840436904681682,-1.4267780473624436,0.26977027821409516,-0.144040722641382,0.42095357776437775,0.8275037185252652,0.07532046742224419,-0.7598253595667208,-0.45056874074646086,-0.7744296810218965,0.4343766817163788,-0.017
0.3555220984616996,0.10504788757153827,-1.4739984458221105,-0.06146228089038575,-0.42128822551191475,0.512143731401655,-0.26366402215232193,-0.2231598456006278,-0.4258000467996155,-0.1900292941463178,0.1232918432756139,1.4329611209195425,-0.9354569347380934,1.1908480340778769,0.1718479391622442,0.40496097070850634,0.9966064157610968,1.3556569080917682,1.6831608061165984,1.2804083150887056,-1.3041102029694092,0.253
0.3586361021153337,0.03772588709490289,0.8005594736940336,0.06581940266455864,0.49202380930698064,-0.26709226641291217,-0.26366402215232193,-0.11584380807892972,3.3410814735053975,-1.2291578178896934,-1.4123784670184716,-0.7449191686284959,0.03898301250400288,0.13198564111400096,-0.058660945659010234,-0.05934770499127024,1.1049217847505113,1.4069453475431162,-3.0037002236411485,1.0816574248631676,1.85420570178319,0.332
0.36174855122377253,0.44430888099727983,0.8614680273371987,-0.23393030867904777,0.247684859582868,-0.08926347038124084,-0.26366402215232193,1.479557718665248,0.407808584328281,0.5522964941904093,-0.22609538523872705,0.3535696079076052,0.18218484528849632,-1.7802118554015771,0.07866583556119255,-0.5254957093553617,-0.09706324586152265,0.9982738683274802,-0.3459215239934016,1.015108984575031,1.5087786183874285,-0.241
0.36485944922752855,-0.8448257733255744,0.12701285389311537,0.4462673900394313,0.0023850194509187845,0.19578143246433974,-0.26366402215232193,-0.3057979303076671,-0.2402234392944407,0.07024709875130375,0.5317105980167371,-0.7783299836896059,1.0044266722100175,0.5424448153624938,-0.43383905189815875,0.6495971158443953,0.5160850580967852,-0.3769215631770388,-0.2176221200367824,-0.08907407632330691,-0.3294675141626888,-0.208
0.3679687995536233,-1.0827637412909321,-2.003995050435561,1.6109502324158091,-1.7036246342579862,1.317214363465642,-0.26366402215232193,-0.03337931154986286,-0.6148798312890701,-0.08347801664272188,-0.824233045480803,0.5297786016870377,-0.6589226853400589,-0.3256624230096038,-1.613084299151699,-0.7807929935829463,-0.02273077376719489,-0.10567730594470016,-0.05495860861695095,0.22123918038405582,-0.33633640859105146,-0.252
0.371076605615661,0.1138277188943483,-0.4824355927900302,-0.014993762807743777,-0.04169173812002251,0.6604118301476368,-0.26366402215232193,-0.3223347346452389,0.13205980973540868,-0.1971829606292944,0.3789361999162719,0.5972563126094611,-0.5243888959081497,0.12645495978796809,0.5413858965459951,0.09302838033996133,-0.3956586525409439,-0.6136612861900445,0.3259428995923188,-0.5146173219586224,0.613614270094899,-0.033
0.3741828708139081,0.011377737905793396,0.7950237571180993,0.4557890226442412,1.7808019490145708,-0.7991565678905516,-0.26366402215232193,-0.239681358896188,0.2441168690810613,-1.173155422675434,0.028096442835636556,-2.381134208135937,1.7507841584979926,1.562692878060634,-0.15595586583977397,1.1366629266234576,2.1088533701946437,1.1085846140376383,-0.1482367307958989,-0.9887945375134513,-1.4445520999144288,0.168
0.3772875985353643,1.8395539013200453,0.4578020525440919,-2.0487626606570406,1.6607628403900645,0.3895814794730302,-0.26366402215232193,-0.10759399756822274,0.9036993238743954,-0.859182641871531,-1.1633625183872627,-0.5193876339930553,-1.4159420732535115,0.6426500712229722,2.1783519474428914,1.6743523048595483,-0.07851056554482881,-0.8245937426965374,-1.7949106255795721,-0.1122093244960427,1.1582354163650483,0.252
0.38039079215383687,0.6984345512159982,1.266393025853061,-1.4575840930032187,0.8179660703187166,1.1166687348034685,-0.26366402215232193,0.9750836159008713,0.5290241713411148,0.049462757239342015,-0.767101362408801,-0.38425419332210353,0.9644040287292625,0.13751674246154721,0.8995094225666926,0.29281550878137014,-0.6708135203730904,-0.3359497243442618,0.1090855626854259,0.07229098983749835,0.9201272305352682,0.024
0.38349245503001966,-0.3489725683427668,0.9224051554011917,0.26302126481916627,1.0078035943242212,-1.1678756912322728,-0.26366402215232193,1.3821088426745816,-0.6321813757365132,0.11164729486538091,-0.9102544420267841,-2.6689943674973335,3.018736215190218,0.46460745578894275,-2.303571167012445,0.40496097070850634,1.9036502476274826,1.44972993985504,-1.3237006880121862,0.2098114674600372,-0.3157324507089141,0.191
0.3865925905115569,1.3571342243026152,0.5019759350579241,-1.813202020753471,0.7263035343797837,-0.19090985156427842,-0.26366402215232193,-0.4713052417156073,-0.32686710769605404,0.6678079814828882,0.13684687087990202,0.5924559985549024,0.19810535539961996,-0.0061562454795647936,1.5038634448098613,0.6165289705070125,-0.44110685406113276,-0.8892422412559962,0.27403111257521295,0.44310989868691303,0.13895393336662595,-0.148
0.3896912019331258,-1.517950100824345,0.6180075288067723,1.1031024014861988,-1.3387684158800561,0.8908668464992502,-0.26366402215232193,0.7709575218795187,-0.2034077336849623,-0.13302618007116943,-1.4344983632908819,0.40782197161733436,0.28570083196642787,-1.04796014623725,-1.003921116921612,-2.089340199030292,-1.802017587133569,0.41749032847352957,0.09110165107675611,0.8815539414758317,1.3520976879200508,0.009
0.3927882926165009,0.3449192851513379,-0.40575570762416147,-0.401727909421075,-0.22765926825146912,1.621357921373238,-0.26366402215232193,1.3658585630570632,2.2498617320978775,-0.2835177568079783,-1.7916620875914222,0.4909559530721181,-1.0301281990783002,-0.8679942395470654,0.5681780302066841,-0.48691495460842715,-1.2998563923637008,-2.3107483244833222,-1.7236118453234628,1.291411339403036,2.29352133673877,0.113
0.3958838658706302,-0.5161211413538065,-2.1064586686730045,1.4052976960892885,0.009341423029816167,-1.0518055337856813,-0.26366402215232193,-0.5956412157498184,2.5963496560787007,-1.7053663678883293,0.05535047813176121,0.5394542912458086,0.33350339909279403,-2.340213235262093,-1.5784032947586764,-1.354468829475813,0.9132851899129009,2.096254036082375,-0.6448396479201415,-0.8516557213078274,1.5087786183874285,0.065
0.39897792499170387,-1.9919596186549056,0.9501132360234525,1.4284369162676676,-1.7371082794669057,2.1337363092509425,-0.26366402215232193,0.9016461831471969,-0.9024022487065311,0.8125176771596375,0.08935577503177536,-1.04933172568709,-1.0380141989822713,0.9833398271688046,-0.9427372861892076,-0.22926043635137242,-1.3254219068714024,-0.7273964002978226,-0.9226593071310129,1.6087815579899176,-0.1717312407818936,-0.166
0.40207047326322576,0.42092684708049033,-0.27966168628182164,-0.5528650945885852,0.8133856900193339,-0.6169685376843212,-0.26366402215232193,-1.0280627068408885,1.7207060038131938,-0.8360479591445555,-1.664469340420011,-0.21921202735873266,0.07874631204229067,-0.7751292862133307,-0.5701829111802734,-0.3845634298202252,0.1739222146900964,0.20905717665878926,0.09110165107675611,-0.9768438481939588,0.31231742325857353,0.046
0.4051615139560836,1.2902012662911344,-0.26320377245697185,-0.7710429276680394,1.206287864071796,1.2709001631878383,-0.26366402215232193,1.633668410206863,1.075568886370923,0.13226321609766759,-1.2948103113233627,-0.3093723471223843,0.4690324081868179,-1.0588545398208837,0.6709811770741873,0.8108440415231546,-0.795422910734333,-0.5729538999741112,-0.510222923992917,0.7361651068581181,1.475472794312929,0.095
0.4082510503286183,0.2250125668885319,0.19860564468203357,-0.43812439575517786,0.7423528834030003,0.7935057217328463,-0.26366402215232193,1.9977900190577476,0.8506671881539641,0.1937746733475146,-0.9606127683850303,-0.24564224609832733,-0.048455428050241646,-0.9662063727907988,-0.054235253420590136,-0.18801880298007045,0.40133350993564887,0.7363533055521126,-0.5974007048041737,0.22695119120002522,1.144844369661892,0.038
0.4113390856266922,3.0730695680143283,0.48540886702276687,-3.3387152687910766,2.117440921925873,-0.01806289971472543,-0.26366402215232193,1.0892136456790604,-0.4747083688282502,0.6423106100659758,-0.19152501772464486,-0.35209215205170635,0.2140276965220035,0.14858020655811988,1.3499693903509362,2.163886127428535,1.0408509747439516,-0.4587293156328001,-0.2112798962411011,1.0650344727790058,-0.9758261224329661,0.023
0.414425623083758,1.374591140580411,1.7561077805299656,-1.561532667349542,1.2381816411267779,-0.124848848703462,-0.26366402215232193,2.328502010106697,0.16598800862809152,-1.0305971124382225,-1.4344983632908819,-0.7839085105501058,-0.07229249723200762,0.8435032285839272,0.25626417521544,1.4649174590931355,0.6266995409859911,0.8459963508631454,-1.731503330446364,1.9067774068261298,-0.16488381313076791,0.067
0.4175106659209277,0.8910230169211658,-0.26320377245697185,-0.8686758075598701,-0.18110828860644373,-0.26201482288196376,-0.26366402215232193,-1.0030571241748385,0.035969161833606024,0.24802858996025712,-0.10196358447199447,1.2306081443605592,-1.7064431707470973,-0.4739423904051178,1.790045992502886,0.10228930071039397,-0.2906285331699062,0.44257451419061533,0.7063849558682539,0.3863937876059313,0.8898804656153378,0.005
0.42059421734704067,-0.5923959423652064,-2.0633272333062473,0.7884479798261838,-2.118463332786428,2.6224391904053967,-0.26366402215232193,0.6400961579391765,-0.3177992418241007,0.2615299517356534,-0.05393087830470892,1.9916914643974717,-2.814357559426668,-1.5801374200172142,1.2596208794089747,-1.354468829475813,-0.8793601701102262,-1.1946664390242454,-0.07349117747652936,0.32386854913097574,2.029590107718499,-0.095
0.42367628055872697,-0.712714643738506,-1.9338353261864094,1.1586712170141782,-1.448251545486329,0.19578143246433974,-0.26366402215232193,-1.169892964627596,-0.5888360429511764,0.30858927115784046,1.1849133964424328,1.003311747302708,-0.9117778319055128,-1.3578961768014672,0.1984945011383316,-0.5912037469929388,0.29201486881469624,0.3506745709290837,0.3202013357256453,-1.4221957734625763,0.3157114395221034,-0.286
0.4267568587404781,-2.0214206725343766,0.37501906645353367,2.318960360903115,-1.2555937027299204,0.7422971782181573,-0.26366402215232193,-0.8365338518715177,0.9196717404815635,-0.2979950658773753,-1.2874849557002275,-0.9980169533847697,0.15034932685433705,-2.0283285479493682,-1.4221489053632643,-1.952167516342126,-1.5113882372909113,-0.212763990923534,-0.17337138784822873,-0.42075084474303004,1.3387461775435927,-0.03
0.42983595506471195,0.10212121015981541,0.6788289937564714,-0.6069394755879415,0.6804283385392296,0.07863071809110427,-0.26366402215232193,0.188906275708066,-0.3449658178274267,0.545820822766541,0.8910058525542253,-0.9582653682605358,0.5248762321560356,-0.0447896304038113,-0.35455373359095793,0.5882192675360971,2.3833006388270075,1.1510856162094922,0.0549519804163361,0.06079826968167053,-0.6153061549905446,-0.125
0.4329135726918373,0.8210111789769318,1.0000024777469128,-1.2584483862042959,0.664364996889546,0.5325832179046259,-0.26366402215232193,0.37784480103444573,-0.3720213963520138,0.18014902697851473,0.3789361999162719,-0.6178042322136538,-0.14377844301221648,-0.06685683232748034,0.9848527591608689,0.4612110424162386,0.8351679520817132,-0.8730913890947554,-0.5839107434068778,0.09526122901790698,0.576458430504021,-0.152
0.4359897147703188,0.28936007534102465,-0.7940461256702065,0.2976513576180165,-0.1485463633890888,-0.3787464764019226,-0.26366402215232193,0.25466691790669277,-0.575772953060693,0.5522964941904093,1.0833701647106084,0.6020536203777928,-0.41349124491538336,0.8714469750097449,0.24737336619079192,0.5976523243307315,-1.0326489316048117,-2.279870941155212,0.12700898443636224,-0.5204949043329854,0.36320668799593114,0.143
0.4390643844367458,-0.25224689188391763,0.43020146526188724,0.14384125711405063,-0.4516826375449665,0.43552740675862023,-0.26366402215232193,0.43527330117151736,0.47323991275418775,0.8187361112653507,-1.2435888682465097,-0.24035036331966028,-0.6510128330787351,-1.8126138018301172,-0.3236969555662538,-1.2080179785230272,-1.5491065907539612,-1.2426383545797615,-1.6451165709955036,0.8201337473136532,2.392253836408037,-0.186
0.4421375848158902,0.847268381215229,-1.966222133276642,-0.05217767418504051,0.5403230958655448,-0.47509965118473224,-0.26366402215232193,1.227628743923617,-0.33139641208908177,-0.5629083273684885,0.3120511875036026,1.2742361012853418,0.6925387206285936,0.05459417340387224,-0.49544536052112814,0.7063872698886318,-0.5676538593782051,-1.898968090229147,1.6710245991859798,0.30109604441614035,-1.339177649895395,0.151
0.4452093190207749,0.40046566347906076,-0.6082876733046679,-0.7977325061734996,-0.8367704872197778,0.5070344190735195,-0.26366402215232193,-0.239681358896188,1.0268962665117,0.32197899037109373,-1.5010015606234723,0.42255542626832215,-0.8328150611835139,-2.1306137996286276,0.08310023828156118,-1.2102412956523767,-0.5811501015865334,-0.5240444200446046,-0.45056874074646086,0.5053617297317913,2.3001075522328143,-0.216
0.4482795901527362,0.30105780833534435,-0.17538637290256368,0.2913506462651489,0.6482979854657457,-0.04349625791473065,-0.26366402215232193,-0.008654467044776074,1.9671459308288917,-1.3583501670762796,0.13007074333100982,-0.293400467309939,0.3733513360589021,0.20392284243423572,0.8680954584668416,0.6354197311026699,0.21162835446634423,0.20905717665878926,-1.0082635452379856,-0.11799642568055024,0.32928550237320575,0.027
0.45134840130148646,-0.5454552932109484,1.0554570065610143,0.17200446434153868,-0.6508889286345068,1.440822081360399,-0.26366402215232193,0.5172544591663798,1.0053480563647668,-0.7899510837223008,-0.3023915632021987,-0.18233241590884924,-2.261821827030233,0.4868378370638885,-0.8070810201734359,-0.7019288063492093,-0.3637664022600738,-0.7517209124487649,-1.4674577580855983,1.1259394614551663,0.3021341711277414,0.104
0.4544157555451753,0.6721590681053461,0.5958979332842252,-0.8951930022021998,0.8133856900193339,-0.7485727032401494,-0.26366402215232193,-0.16535844103589692,0.06466475108116092,-0.24743475375963378,-0.184619181882103,-0.421908792948492,-0.3342210071056061,0.1983866746225485,1.106325192159235,0.5222851971968797,2.243127354205822,0.9220680100277873,-0.26221125443783855,0.0032581825676245356,0.21720311077164117,0.062
0.4574816559504539,0.026015926881580012,-0.17538637290256368,-0.38957856992612594,1.04206093895369,-1.2485661417146805,-0.26366402215232193,-1.2701422701948462,1.1408736483406752,-0.20434291497353532,-0.060784425334273744,-0.8342444582166288,0.7165064520782499,-0.556198156966751,-1.4351820396569883,-0.16508243733157624,1.0310109026340915,1.4925546277640904,0.07305715513710263,-0.5616737680495419,-0.31916587629711113,-0.122
0.46054610557253517,-0.3020711270057271,0.060966321579349274,0.985840525939718,-0.28357408903763304,1.3841497738465298,-0.26366402215232193,0.9832400264547182,-0.3899968433770727,1.2215489279103138,2.5167906905082664,0.09223700164599556,0.5967075943335866,0.8155711654486218,0.09640514593930856,0.6141686196060144,0.5160850580967852,-0.7355064316452858,0.24495958969153445,-0.6619387512328992,-0.9897473084835641,-0.203
0.46360910745525535,-1.1973877859816227,-2.3380174201323727,1.1750386314614774,-1.8568207746664225,0.022641128109845723,-0.26366402215232193,-1.1615438324049552,-0.496816702829372,0.5198566003514942,-1.127003008840465,1.2042829731907592,-1.7613209816898072,-2.238159773110891,0.9803581916244657,-1.9434427058268635,-1.7320032921760184,-1.5369132430603165,0.2507871613072564,-1.3253569819293085,2.923224628287791,-0.262
0.4666706646311355,0.5407349297576168,1.594538530642011,0.21275455606580312,1.044344222071518,0.2008774695462335,-0.26366402215232193,0.9179702498206752,-0.5100449298697313,0.30188511520776046,0.3254505110978713,-1.227848808540782,0.2538415456978916,0.7541615013927381,0.5012177995819413,1.3719981700789208,0.7282401227653235,-0.039628542646714955,0.17450976629185988,1.4887859019980503,-0.9584305221596936,0.052
0.4697307801214393,-0.4750582198108946,0.49093097512722744,0.33549590705587173,-0.1950693643079188,0.5479151873666883,-0.26366402215232193,0.23823107070128197,-0.30417429189358763,0.8373548381359419,0.10972572789018956,0.39306165620622524,-0.40556637546914315,-0.18811020124866382,-0.19130265208591746,-0.4619261515015852,-0.013416442625184388,-0.16337679348496661,0.7850502135880284,0.7585810549103194,0.5426603366374108,-0.03
0.47278945693623675,0.8560200477314641,0.060966321579349274,-1.160593030041453,0.9803867229486237,0.583697663890735,-0.26366402215232193,2.126964731190394,-0.15246206935114373,-1.9345088638504244,-1.74668342118873,0.11262374777513928,0.6526013340198926,1.1739981508157824,0.6128555136391273,0.7277171664909846,0.47775787672411413,0.5262994240740562,0.4561867449209304,0.8703964202389642,-0.5152509653014262,0.192
0.47584669807446023,0.061144225354260194,-1.1264431061925748,0.2002072916547596,-0.7543330257491279,0.1906856073182134,-0.26366402215232193,-0.0168953410845888,-0.4702775035822961,0.5716866068872555,-1.0472479032999473,1.1468640725037345,-0.29456798771086024,-1.1296332984485584,0.6039176185366001,-0.5277637250356666,-0.40930699352821764,-0.3769215631770388,1.5214236692008423,-0.10063907229082042,0.505460226958603,-0.125
0.4789025065239661,1.0251452695968717,2.051847887464746,-0.7769779673415114,1.5564469779193943,-0.7890412549000031,-0.26366402215232193,0.33680327433625445,0.12239430347385107,0.02862220908848494,-0.28155062858532237,-1.0836699261476395,1.622120704498216,1.0954237991461406,0.047632933435738614,1.4061823510703868,1.5184340569062325,0.8122299707553945,-1.361269422488678,-0.22820355186052782,0.012844211710249846,0.045
0.48195688526159153,-1.7651847407226318,0.6124797638127781,1.5245159805843378,-2.0535695379811263,1.317214363465642,-0.26366402215232193,1.1055074832425387,-0.8109118285803842,0.5003187842374341,1.5036671629536387,-0.18759216253794614,0.02308093371384214,0.13198564111400096,-1.2089634850839286,-0.6861336283436852,-1.2955905497988036,-1.3463378634342733,-0.129457862340947,0.06079826968167053,-0.7952266675998793,-0.208
0.4850098372532135,-0.4779910954993952,0.8337787654069504,0.4780225946668499,-0.19972385677069138,-0.7283340326957118,-0.26366402215232193,-0.4381788981974993,1.6686550128387483,-1.5469649291434275,-1.018326536559466,-0.13512635354321365,0.33350339909279403,1.687143243654758,-0.1957197620251559,0.08608466735567258,0.140994165179879,0.1259869478370045,0.0549519804163361,-0.5146173219586224,-0.014460709804817161,0.435
0.48806136545380724,-0.3431094644581328,1.133132023058618,0.20961701008973496,-0.3722286462583679,-0.10959918333097848,-0.26366402215232193,0.43527330117151736,0.45305006861334124,0.07024709875130375,0.0417289909731208,0.5249362590587446,-1.5416528837753463,0.44793930167236035,0.31853222605254405,-0.09156774474872711,0.09405949241568477,-0.07266709260558056,-0.9939232132336935,0.5505473209210218,0.6169909325802684,-0.021
0.4911114728075034,0.8326814535994153,-0.07101260116107713,-0.42903253738976344,1.190336246985145,-0.6979705093752514,-0.26366402215232193,0.15600864423429606,-0.025818375949472443,-1.1333469064289308,-0.13635528147916604,-0.5630127327240105,1.710565498314854,0.8770371308012052,0.4744524232834282,1.095680330804397,0.947553933535582,1.5011243677933035,0.4840434054765352,0.6912797378781599,-0.8646061477810106,0.093
0.4941601622476439,-0.8007825360981609,-1.5498709958856292,1.2209243040874729,-0.7213955108297264,-0.08926347038124084,-0.26366402215232193,-0.099344935951792,0.407808584328281,-0.7517125560637737,0.4322430979901956,0.17855417893276612,0.06283960461364618,-0.4574808423039553,-0.7501193826558926,-0.6070444477470656,-0.15259893102989133,0.753203074052892,0.1980996631397356,-0.4793787593203824,0.06400439074955873,0.058
0.497207436696841,-1.4679349297591182,-0.7885875550771231,1.7779423573292126,-1.020952584297118,0.022641128109845723,-0.26366402215232193,0.36143031347157833,0.14173787452799472,0.12539747437893903,0.38560934587446827,-0.25093704741933426,0.4929627888544884,-0.144040722641382,-2.062569359522527,-1.0765996019950643,0.26833505731985396,0.10939382806670847,-1.5057391417967025,0.026289563057963,0.7384253215093078,-0.05
0.5002532990670313,-2.504890296046234,-0.37835657803078665,2.7242111615501603,-0.9028146871213396,-1.1678756912322728,-0.26366402215232193,-1.0697542558428783,0.0838577766304428,-0.5479756169163281,-0.5544007664777556,-1.1066190508681626,1.5819350682266842,1.224561152971911,-2.2777832795469535,-0.989463432541781,0.607417256315912,1.1595907197161268,0.7063849558682539,-0.8516557213078274,-1.9862207261265823,0.033
0.5032977522595331,-0.6129347853291096,-0.3947969017632189,0.09075277569824801,-0.5711060649535143,-0.6372234924910003,-0.26366402215232193,-0.6371262443858093,0.20007023589366127,0.27500648653117254,-0.39298684820349095,0.5587696718401898,0.5967075943335866,-0.5287891623413216,-0.2045531577717798,-0.39367477730896383,0.20691077569788582,0.07622857882646163,0.4729202449363819,-0.002502873519667933,-0.14434679983190182,-0.15
0.5063407991651012,0.29813342773810164,-1.3057988491765318,0.41455921574333715,-0.05097538672239118,0.7167016474190109,-0.26366402215232193,-0.6454256504587496,0.3180954967824614,-0.04827454895636209,0.07576195980028076,0.24398438515017093,-0.5639722485171084,-0.0061562454795647936,0.5146044901881905,0.09765846348365116,-0.6931442552062552,-0.8730913890947554,-0.7269772670349771,-0.13536564881153063,-0.6498547817273187,0.004
0.5093824426639822,0.9114386663704667,-0.14243679806665985,-0.6727855768167096,0.8110953923353001,-0.753631912315189,-0.26366402215232193,-0.6454256504587496,-0.2402234392944407,0.4347920514319965,-0.7885054801184151,0.4176472601594277,0.3175673945551767,-0.8734535717434971,-0.42063087979373387,-0.19948044688764086,0.9916960375017922,0.43421140841673994,-0.8661718282499125,0.0320442048483485,1.3654465170847614,-0.101
0.5124226856259699,-0.9182447483962675,-0.16440426979499434,0.7981170585535281,-0.8910150376624839,-1.112375372551671,-0.26366402215232193,-0.3306042904553342,-0.21263025247104134,-0.7364617913784902,1.2919981669798297,0.38320653057547144,-0.048455428050241646,-0.0447896304038113,-0.4822484122985664,-0.8077897036535101,-1.806125061028739,-0.8730913890947554,-0.03648737904585686,-0.8814135040864206,-0.23339784797426028,-0.12
0.5154615309104588,0.08456044415927186,-0.6684234151785573,-0.8184588027507987,0.19223227603886983,-0.8497222360467503,-0.26366402215232193,-0.886457687983612,0.2588557985101501,-0.1259290498584928,0.6239771389236035,-0.015567308975093388,0.17422527754544304,-0.0006355457353293443,1.0703093271127704,0.38857718655092793,0.4921216130825788,-0.3605382515004146,0.3202013357256453,-0.3447284574763451,0.22060278852412443,-0.059
0.5184989813664995,0.9347683368251284,1.5388669370167023,-1.1229870491026481,1.440646275188518,1.3275092528089512,-0.26366402215232193,1.2113542854830295,2.709958842085943,-0.6304198651690773,0.9746785600845974,-1.640967708370062,0.11056526732619168,0.7876507346778844,1.0118267569634791,1.5484214427530434,0.883956703520156,-0.08092230509734637,-1.6373089257703703,0.8648160330107566,0.3224988711364054,0.07
0.5215350398328504,0.2484136057392458,0.47436539546389095,-0.6279198521881825,0.44599213290680223,-0.3635264550054625,-0.26366402215232193,-0.8365338518715177,0.3429129589639414,-0.04827454895636209,0.24488739095003123,-0.46511677586534766,0.5488160073329451,-0.6274169469022359,-0.10290255433689495,0.20668468038551804,1.578845108946089,1.8193219741464148,0.3259428995923188,0.1124756542516788,0.2647800882678866,0.033
0.5245697091380319,1.0426328251523442,-0.652026280280615,-0.9598119215525349,0.4436897120668827,0.07353971911752824,-0.26366402215232193,0.25466691790669277,-0.05887000049015863,0.10476285459773951,-0.10883641870984169,0.6784012236278296,-1.085319582436517,-0.144040722641382,0.693350791733254,0.7894413736829463,1.5284917121038488,1.767575357716571,0.5227701220307991,0.6575686226989449,-0.36382110098785203,-0.183
0.5276029921003802,0.4530765425584553,-0.6137560233645502,-0.6458812697002586,0.06727916548862015,0.8191187881677264,-0.26366402215232193,-1.1531954688579993,-0.2585569671238906,0.8062931449652062,-0.01970451679013339,0.7115606479069364,-0.9906906368428451,-0.05030704447670271,1.31381433808858,0.014431387498967548,0.5112899833410653,0.28396888401815146,0.7798500635889624,-0.30971566383760896,0.5088430203256639,-0.067
0.5306348915280995,1.4182265504930058,-1.8528275005265173,-1.1055952619228562,-0.018489224364947387,1.4872142291522983,-0.26366402215232193,0.5582189478344911,0.8877558916909489,0.5003187842374341,-1.097963615606891,0.4665944774688552,-2.160340949360521,-2.6457128439477113,1.3183325759206155,-0.5572334496395066,-2.0866819897887137,-2.264420191475769,-0.061129311438026225,0.17549869604099283,2.441571608336946,-0.148
0.533665410219313,2.4165057871028095,0.1049931515495737,-2.0192346444347873,2.3224658651408605,-0.7182135949996674,-0.26366402215232193,0.07371370773508858,0.42286053125895157,0.21416650192881162,-0.5262252783068343,-0.7338052300212629,1.8956561150134839,0.6537930083485483,0.6441476175815528,2.590203289894819,0.6508289136963654,1.074613282419491,-0.7823092040309928,0.026289563057963,-1.6702408215216757,0.059
0.5366945509621168,0.19868376148056052,0.43020146526188724,-0.4320636958058166,0.42066108622441745,1.1423582073595147,-0.26366402215232193,1.5850259838587455,0.36780949300345545,1.3705791690819786,0.1232918432756139,-0.39499812722146993,-0.5718874633470277,-1.341612057625089,0.4476976933615434,0.14400093478512146,-1.4482855806384267,-1.4258821228017189,-0.23669024237341452,2.1539035123953547,0.6271197823414885,-0.25
0.5397223165346301,-1.862357526694026,-0.31257002631798114,0.6151010032206363,-1.8352579298226648,0.282443031907484,-0.26366402215232193,-0.95306707451182,0.18057580598435768,0.629525130669668,-0.4419601762120361,0.43726200536174026,-0.11995401243917411,-0.7587302581052421,0.19405269137481337,-1.5510518601413577,-2.05443579560545,-1.0664024408730566,0.3316778720401817,-0.18754497245774823,0.8730703808602609,-0.197
0.5427487097050455,0.5115191720851111,-0.7612901975089182,-0.5979395400438832,0.31923841450172713,-0.48523806658779906,-0.26366402215232193,0.30395728526798715,0.9356731555565704,0.0007473216488436188,-1.4862044804141994,-0.2987215137039904,1.1806541473749534,-1.5584804265320302,-1.9806391719909813,-0.509615126642654,-1.2656900238597912,-0.47506904318765464,0.23328452135708672,1.4340876917829997,-0.021289070692939862,-0.013
0.5457737332316838,-1.8653025443466864,0.46884403238164096,1.767894419654081,-1.1511925654023634,1.1886150657790306,-0.26366402215232193,1.3252218025462612,0.5086944666973661,0.15282306395177148,0.21120112748819259,-0.9356130599774634,0.8603958954671466,-0.2046296229703578,-1.924533906800428,-1.1212020305744586,0.15980277133809204,0.5346812793945313,-0.45716881126827946,0.9984481820717006,0.5561818743583284,-0.082
0.5487973898630392,-0.7479388084054437,0.49093097512722744,0.7112413557266413,-0.07186915455479967,-0.8952158875774231,-0.26366402215232193,-0.272733528223347,0.11274135138992733,-0.5330682872958549,-0.7885054801184151,0.005066961337835009,1.7990600948805557,-0.09994539185708107,-0.30605855087111844,-0.36177346928686455,0.4108697253654025,0.25898273070217565,0.7850502135880284,-0.3155478488824397,-0.3157324507089141,-0.006
0.5518196823378333,-0.4985220453811632,-0.5098077163342885,0.8206939405480215,-0.44700535713057665,0.5632491810027328,-0.26366402215232193,0.7300820189257116,-0.6105468249238873,0.629525130669668,1.4727492047785198,1.012375722847714,0.6845503593839704,0.30364676850467637,0.25181862647167264,0.17184303286488445,-0.4183992839510308,-0.4342060656057777,1.09048845195426,-0.5087410204834496,-1.0559304967895762,-0.216
0.5548406133850633,0.607916914260497,0.38605353689317295,-0.049081792720282985,-0.11135634097326656,-0.3178558970633048,-0.26366402215232193,0.2628837663598224,-0.5583127437214456,1.8090979764897084,-0.3999748488351548,0.402904850279709,-0.12789595863561945,-0.3421520518271441,0.5547806204245164,-0.15590298954986315,-1.6782213867081115,-1.3781790922702202,0.5829864860230026,1.291411339403036,-0.6740532757286789,-0.352
0.5578601857240535,-1.1239063283130852,0.7396797195723218,0.22530959983054752,-1.096692624263787,0.6297200093436357,-0.26366402215232193,0.8363232800531187,-0.14781201626602672,0.4807255161907236,-0.8099339169945674,0.19873988194029527,-1.3137036447856751,0.4423841306038643,-0.40742029312419853,-0.6093067788895163,0.2730685769950434,0.6690213677158616,-0.49027475700184964,0.5166650785970335,0.532517165408151,-0.096
0.5608784020644996,-0.020829153656409156,-0.7885875550771231,0.9760942323428358,-0.10438598793300077,-0.5004442612439113,-0.26366402215232193,0.09017853059278673,0.3777902617689777,-0.6530381157135886,0.17068590134809666,0.5972563126094611,0.1662661683758363,-0.5178228833554381,-0.07636092764391866,-0.31614353469432305,0.5448805128590338,0.2506574728007266,0.12104122578205263,-0.22820355186052782,0.5122256202971456,0.054
0.5638952651065247,1.2378023444311967,-0.7776695121449709,-0.06146228089038575,1.844155045751145,-1.0013113610610112,-0.26366402215232193,0.672827831313023,0.6572398768652049,-0.1828819143155166,0.18420208629186685,-0.5085102930446698,2.403737475755425,-0.42454728994171165,-0.24870368749213106,0.7158649456572849,-0.38655316363516184,-0.5240444200446046,0.34884327597542214,0.9984481820717006,-0.7813628707149068,-0.083
0.5669107775407218,-0.8653813825127243,0.778418037158044,0.5034604818881285,0.9483879139453711,-1.0013113610610112,-0.26366402215232193,-1.3788691898532082,-0.35399667106517163,-0.7060367473386705,-1.8141870147097696,-1.9690750895607445,2.2342009168170476,0.8155711654486218,-1.19153451933449,0.1625592631761678,0.7767739991839901,0.854442110150823,-0.37843127510579916,-0.2398322611158596,-1.8225850643641275,-0.116
0.5699249420482048,1.473484137346691,-0.38931707560284845,-1.0358079102762185,0.707957008050253,-0.3838194295053171,-0.26366402215232193,-0.7617018243822108,-0.7519294677804131,1.080378658199627,1.9049498014625346,0.9074024311557485,0.8204123670902033,-0.3586381430435464,1.1018220971140968,1.4649174590931355,1.4281113438005433,0.23401215270917025,0.743272442401384,-0.24564860604768168,-0.42227480476340173,-0.084
0.5729377613006562,0.5027537191336133,-0.7776695121449709,-0.2829087148802817,-0.5453228452406367,-0.19090985156427842,-0.26366402215232193,-0.2231598456006278,-0.43917552595759585,0.36199949693567074,-0.10196358447199447,0.7304424608482682,-1.5337998983345824,-0.5178228833554381,0.6128555136391273,0.12082021042150569,-0.4864224356368904,0.11768951419646607,0.8315686900149697,0.9762189417139793,-1.7729201579677023,-0.42
0.5759492379603748,1.6740295831445318,1.0942888965925381,-1.9950217158130308,1.8599865329688954,-0.6979705093752514,-0.26366402215232193,-0.5210182990022061,-0.2950755513229152,-0.5033297327335416,0.7222217610728069,0.16338382084703018,-0.4214156345190024,0.34246586316711647,2.4079869421278772,1.6545434546419253,0.5496839176886493,1.1510856162094922,0.15674718878263091,0.0320442048483485,-0.0008065469071008981,0.149
0.5789593746803209,-1.4914706115138547,-1.8150037298740431,1.7444632689439143,-1.543604830044205,0.13973897346635708,-0.26366402215232193,-0.42989926648398163,0.4027976090834961,0.23450239121162733,-1.1633625183872627,0.5006795898354532,-0.4610303743274023,-0.11648418054441362,-1.5133351788670155,-1.2235783507736506,-0.3455133443018612,0.7363533055521126,0.0850935553538812,-0.7862970032689425,-0.1272386423883636,-0.129
0.5819681741041667,-1.5032390324402656,-0.20832612955119095,2.0776542360478594,-0.4259630754836576,1.5852245538243481,-0.26366402215232193,2.0543224544287466,-0.040002076438923624,0.44137248691111564,0.07576195980028076,-1.0722124576865568,0.34147208123467027,0.15411256997687495,-1.0475935132080136,-0.6793619679119555,-1.1626399994625014,-0.5648069064796393,0.1980996631397356,1.499713866044923,0.4885433550557028,-0.138
0.5849756388663406,-1.4855865459147355,0.7175488121164265,1.1259686021623747,-0.9335059302586737,-0.17566800599875368,-0.26366402215232193,-0.9863906414945237,0.22450909007617148,-0.5853550027597949,-0.40696558004073063,0.08713293614478985,0.8204123670902033,2.119101412798486,-1.478610097542928,-0.8032917447571297,1.4832665429048348,1.6986680471301185,0.3259428995923188,-0.9290896609091206,-0.42915609639556945,0.255
0.5879817715920737,1.6595038222491565,0.2592182632590804,-1.0241426718453535,0.9712455798031845,0.31814522880917806,-0.26366402215232193,2.13503317256432,-0.6623418149123689,0.40840855656381636,1.3358501263728921,0.4909559530721181,0.1264775107405798,-0.7915249747607904,1.512927985841255,1.3768781480106187,-1.041355504541371,-1.6790949284786958,0.8264250722870892,2.0198285529110445,-0.8541927630537522,-0.396
0.5909865748974471,1.2872906006614009,0.43020146526188724,-1.502648144034511,1.6879555116904152,-0.7991565678905516,-0.26366402215232193,-0.23142022196126794,0.012142215586093304,1.3705791690819786,-0.6108822241590153,-0.49221599702959884,1.8634509173406604,-0.5178228833554381,0.12302262136894795,0.6259725811493748,1.2485337329345618,1.1680974555770522,-0.07349117747652936,-0.5734506329194311,-0.5531793189105969,-0.324
0.5939900513894362,0.7013538541515822,0.08848112187331868,-0.7977325061734996,0.5770995076356994,0.24165341725780734,-0.26366402215232193,-1.211650132938193,-0.3087190294338372,1.3875147331837645,0.8392762845591991,0.4568289454062884,0.02308093371384214,-0.7204528318814651,0.18961116823856997,0.5363996806082885,-0.9584117907115572,-0.7030551564645158,0.13297003249477876,-1.4282580474196518,0.12873947610975767,-0.312
0.5969922036659576,-1.5297193883572084,-0.27966168628182164,0.5959224049945014,-1.205743153843057,1.2863359086199684,-0.26366402215232193,0.4106653084114982,-0.580130369416718,-0.8206567876622466,-0.4629896670735652,-0.11422200991860888,-1.2979668813736893,-0.5781184767520324,0.18072898128682235,-1.0431110980331566,-1.1496997929429107,0.11768951419646607,-0.44397570165952244,1.296911343708051,0.05036631813886968,-0.136
0.599993034315913,0.1723521818835077,0.05546415077642014,-0.16636739481470125,0.8339951480651222,-0.49030698845562304,-0.26366402215232193,-0.7533911533551106,-0.16175285600218892,0.7938257810809268,0.7548288500888597,-0.45429737691659855,0.7644538069969063,0.36465772306029803,-0.35455373359095793,0.6661475425557187,-0.49546957120237345,-0.40966645173346167,0.060993786572685234,-1.024675642301473,-0.08620127825781454,0.03
0.6029925459192338,-0.357767450240975,-0.20832612955119095,-0.29818693735999025,-1.0753805429049408,0.7935057217328463,-0.26366402215232193,0.49266743573418126,0.08866386711431655,0.8249484485905599,0.5184847129552872,0.8566279160095998,-0.1675986452136463,-0.4904004633911394,0.09196989333329082,-0.4073368500726239,-0.13873225584858595,0.5430648335402681,-0.27501332986070104,0.32386854913097574,0.35981546516530644,-0.288
0.6059907410469274,-1.8005174149852832,-0.16989545759918276,2.2269683922254884,0.1852971971638626,-1.0719982791835594,-0.26366402215232193,-1.1448478746444675,-0.1571090157451261,-1.0857889756239831,0.813343432407288,-1.0207949803427718,0.015130589944234553,1.4554180820110094,-0.6185017896150489,-0.05243882120909925,2.222424444515911,3.0866660186569344,-0.9724674949237101,-1.1566098388739041,0.13554932157559796,0.158
0.6089876222611205,-1.0122454691874594,0.16005022938553698,0.7305186065387407,-1.995931662101953,0.3640636344590602,-0.26366402215232193,-0.3057979303076671,-0.7307204845723463,0.8311546904442041,1.329594210419965,0.6403237878122402,-1.7691585202728786,-0.7969894633807884,-0.42503387194819175,-0.9290115177376053,-0.06458271767732615,-0.2538708032999085,-0.3329664785315726,0.23837152860409225,1.4321506444872139,-0.174
0.6119831921151028,1.0397183408132102,0.4467610690559515,-0.8716245050557271,2.049756830680866,-1.500443907034056,-0.26366402215232193,-1.4458413187212968,1.5311545921178331,-1.2371839390347175,-0.37203923503800984,-1.0779397670690996,1.525692618670524,1.772144569109136,0.48337303086417727,1.2358189951981036,1.1098582117828002,1.381293880884166,-0.8802501714206474,-1.6045631760964383,-0.8194979840605492,0.204
0.6149774531533706,1.377500473032059,-0.826791219574159,-1.2527123578494817,0.05106237557371601,0.8601119764993882,-0.26366402215232193,-1.2534264201581302,-0.24939639324147642,0.5587660144987601,1.583713992444699,1.1734298347619236,-2.7444805252024174,-0.5616788090704161,1.739980019639318,0.4471372657484267,-0.7332531998470748,-1.6001850345654032,0.9331303806356491,0.6631899577681546,1.5354115045569448,-0.039
0.6179704079116721,-0.0032612691959208063,0.060966321579349274,-0.011891826987660949,-0.7308040155367811,0.017552405157128824,-0.26366402215232193,-0.24794325719643776,-0.5100449298697313,1.5919822651336752,0.8910058525542253,-0.015567308975093388,-0.2390338034272924,-0.9662063727907988,-0.4690490650470593,0.023666952784968488,0.5592942899635887,0.3423303303938617,0.2039804571639645,-0.008265217057400149,-0.05202728534808088,-0.298
0.620962058917048,-2.1540226424233873,1.7226649237184648,2.4523249632296955,-1.491143446774557,1.2606109511025991,-0.26366402215232193,1.170656890445243,-0.7899147803950781,0.11164729486538091,-0.6888278830073831,-0.8286400955128523,0.8284081988694573,0.44793930167236035,-2.0884249138779953,-1.3301006250053014,-1.6242265303945966,-1.2026665900344984,-0.9582001622140315,1.2638962246097818,0.576458430504021,0.078
0.6239524086878749,-1.1562361960542276,-0.837703832902778,1.484716931642289,-1.025683365278278,0.6604118301476368,-0.26366402215232193,-0.6205298351967237,0.4884156502282558,-0.0062370315907251395,-0.22609538523872705,-0.27745481517274984,-0.43726297299153305,-0.07237261121199907,-1.003921116921612,-0.7064403383235531,-0.4637812693522483,0.11768951419646607,-0.6994835775307715,-0.8219286924607894,-0.19570417771571091,-0.045
0.6269414597339102,0.6575602168269409,0.03895922065971551,-0.7443069039047808,0.5587137760483742,0.5581376245501872,-0.26366402215232193,-0.2562059176546459,2.527458969549283,0.15282306395177148,-0.681728357479066,-0.32003483150658474,-0.373862105276405,-1.145958327177935,0.6709811770741873,0.037525841591373045,-0.00875738569545201,-0.26208678729276325,-0.9510774293437187,-0.22239118956221102,1.0376156449061678,-0.089
0.629929214556331,-0.40467804835951243,-0.8813421365316555,0.28190318499953715,0.24999430968621242,0.27224434191555696,-0.26366402215232193,0.795474723452405,-0.536418715455685,0.2073754428728511,1.1151811725912817,-0.07775226463509816,1.0925144448561144,-0.4629684116026121,-0.8202198177611035,-0.5164220500643242,0.48733250558815816,0.28396888401815146,0.23328452135708672,-1.0067296516328705,0.1661833828032293,0.045
0.6329156756477793,-0.05889690777783032,-1.1427614174075118,0.3291836953950114,-0.13459717156665055,-1.9879200045607954,-0.26366402215232193,-0.9364100011736455,0.20007023589366127,0.7311226325026549,-0.10196358447199447,0.21384806000203616,0.6206593922414274,-1.4121541995025093,-0.33692291272200864,-0.627399809861653,-0.5631524156485251,0.3423303303938617,-0.6721044450876016,-0.7625673240490531,1.2218052047687777,-0.306
0.6359008454924017,-0.6158690199273211,-0.9140580436061218,1.332707746637557,-1.020952584297118,-0.7991565678905516,-0.26366402215232193,1.0647680060125855,1.2728851411365742,1.7831495911303572,-0.184619181882103,0.08713293614478985,0.4929627888544884,-1.628846044079571,-0.658011757355102,-0.7807929935829463,-0.6976062954624273,-0.6949376957996987,-0.37843127510579916,-0.0775143238657592,0.7215739413456963,-0.276
0.6388847265658908,-0.833080309229691,0.9002429076659075,1.0313753123186706,-0.21136184601552455,-1.2586493614531298,-0.26366402215232193,0.007825062400410915,0.6831224440219759,-0.07642479109502305,0.7417944924581646,-1.227848808540782,1.3410401694191212,0.7262664846323045,-0.9602234521737455,0.23458949374114857,0.042575257474083104,0.018256905487872337,-2.2778138772788283,-0.7447831136944193,-0.38100646570606744,-0.06
0.6418673213355295,-1.9801758188177183,-0.08200390480617713,1.5743481084973376,-0.7613938764638958,-0.8446664843294812,-0.26366402215232193,-0.6786313050207351,-0.6580423124297632,-0.3780713108320666,0.5317105980167371,-0.8566905888740769,-0.12789595863561945,0.904994964998475,-1.2481641855848267,-1.029706831219718,0.7767739991839901,1.2873626771967,-0.030343917178847036,-0.9887945375134513,-0.9932282603330089,-0.078
0.6448486322602278,0.25426351917973816,0.546165663977709,-0.2859654111438891,0.06959548552896191,1.3326570869866352,-0.26366402215232193,0.6155402148152541,-0.4213354082447269,-0.3634551791336896,-0.11571200607499786,0.8843687343747431,0.7804397748252158,1.0898150083207527,0.31853222605254405,-0.03400716988949918,-1.1626399994625014,-1.3781790922702202,1.2692752594484573,1.1701552495020038,-0.6463988279822425,-0.037
0.6478286617905663,-0.4369335127054402,-0.3509504146975092,0.5639949606863838,-0.13924650967200794,-0.3077047388546807,-0.26366402215232193,0.2053507552855505,0.6883085508612663,0.6103008904806903,-0.6959301177925796,-0.31470213318414175,0.1662661683758363,-0.7259221546445863,-0.9471092087734934,-0.7560270542139257,0.31098067239715127,1.6040857304919582,0.13297003249477876,0.44310989868691303,0.6406222649666504,-0.158
0.6508074123688354,0.41800392939570824,-0.946762892922657,-0.2614971462755949,0.5219274390491613,-0.925536905608555,-0.26366402215232193,-1.1531954688579993,-0.6923531783223376,-0.4294268481411702,0.9554121494396846,1.0259487398459424,0.08670035872692776,0.581396226478415,0.5101419631088429,0.9635982078804324,0.9426549647848183,0.5766160195719684,1.6012960955906268,-1.6350574418217356,-0.8541927630537522,0.316
0.6537848864290763,0.6721590681053461,0.9556555532949678,-0.20325099248366904,0.5587137760483742,-0.3229311830184995,-0.26366402215232193,0.697369420800325,-0.21263025247104134,-0.2907532595799858,0.18420208629186685,-1.4149857821162235,1.060476502398036,0.20392284243423572,-0.4558473154531744,0.541106226646693,1.3231837507915798,0.854442110150823,0.5611798879245491,1.3353833185012969,-1.2060709955323683,-0.202
0.6567610863971218,0.6371202016545164,1.7449593122176186,-1.246973791914773,1.3337882403532815,0.26714531895564403,-0.26366402215232193,0.38605098532029003,0.8453816672292329,1.1159966500270349,-0.22609538523872705,-2.024551993756266,-0.5877164348429862,0.5702650134002657,1.106325192159235,1.054772786890076,-0.7599305514767413,-1.8363099131993166,-0.9582001622140315,-0.18174193858897328,0.4546950384327751,-0.184
0.6597360146906323,-1.1532969886630235,-1.598617608916297,1.3261187292901844,-1.2199819624690809,0.7269391632329837,-0.26366402215232193,-0.3057979303076671,-0.5931843012723432,0.9479168922657074,-0.13635528147916604,0.758674495318446,-0.6193685364926433,-1.7532012229554215,-1.1261405020179998,-1.0855245451139768,-0.8837639191332273,-1.5527431365090831,0.28561333619044776,-0.45591210220501266,1.1147043660006595,-0.154
0.6627096737191402,-0.2346639878178771,-0.5317002461864089,-0.5769202779598653,-0.1624990981786129,-0.26709226641291217,-0.26366402215232193,-0.19012593013461795,1.831468462269449,0.1869649603900852,-2.2236787289499897,-1.175739681902818,0.19810535539961996,-1.5855508288506583,-1.0825133112049274,-1.0051191128982424,-2.02211705673016,-1.560655100266555,-0.3589044726735623,0.2840039610043109,1.0342618528286638,-0.13
0.6656820658840861,0.23378821571612188,0.3033196405369874,-0.5679037228541891,0.0047039135879433785,0.9729220431624623,-0.26366402215232193,0.44347456185468614,1.4123912327611423,-0.4959109423332922,0.787365253878223,-0.015567308975093388,-0.7300892957275449,-0.6712120775940283,0.16740784706044212,0.36051408515230415,-0.24015272397172574,-0.28672396301572917,-0.6789385006016533,1.076117485697586,1.024199417000986,0.06
0.6686531935788584,1.3658628801754134,-0.25771724809785607,-1.3697888945190535,1.356535403835566,-1.4601715931932755,-0.26366402215232193,-0.4547405049575257,-0.496816702829372,-0.2835177568079783,0.16392364476774757,0.4763480449940085,1.9681415768287736,0.7485815778894028,0.09196989333329082,1.4208501978406118,1.0310109026340915,1.244731393319747,0.9879316184905996,0.42043765128228705,-2.125515126683596,0.051
0.6716230591888315,-0.9652417061174239,0.47436539546389095,1.1553990211811282,-0.784937156040836,1.368699221720471,-0.26366402215232193,1.260169972383096,-0.4525233622227421,-0.7060367473386705,0.04854111745268954,-0.04660691490812375,-1.345170964831728,0.4201678381371466,0.34078459909026904,-0.7627832059145148,-0.7865581384376633,-0.4669000907303086,0.27403111257521295,1.1148751838193438,-0.37413163200329785,0.004
0.6745916650914059,0.8793560198615757,0.4026071286719738,-2.171480486400792,1.2541238270468684,-0.8244416683085795,-0.26366402215232193,-1.8823116368343036,0.016901350682227295,-1.9430870720663687,2.24118110572868,0.3782744947892697,-0.8801987011625113,1.4046689780789148,2.435605598731195,1.9162492805825686,1.3531135017658122,1.4069453475431162,-0.030343917178847036,-1.0127104411043484,-0.7051832316103209,0.276
0.6775590136560454,1.3367658161780627,1.6335215038718902,-2.1395839594743484,0.7744408389149006,0.5888103498869212,-0.26366402215232193,2.2801659167795973,0.050302869834554675,0.629525130669668,-0.9102544420267841,-0.17182169635774466,0.8044220161117825,0.06011942462547447,1.4585607442809005,1.0764204407564208,-0.12022545481699302,-0.7760286613768621,-0.7200930928081052,1.6849022161425775,0.7114608793628177,-0.108
0.6805251072443137,2.1383503680856477,-1.8095992816741977,-1.9003919052674958,0.8889255653078371,1.5852245538243481,-0.26366402215232193,0.9342916626357991,0.6262862541731297,-0.3342986922523267,-0.5896813014831852,1.4329611209195425,-0.3342210071056061,-0.7587302581052421,2.274686248742798,0.9875563614746478,0.31572516745321566,-0.17161245561666147,0.6155035645393847,-0.43246608999276576,0.22740153234612076,-0.029
0.6834899482099155,0.3039821537879883,-0.03253459188389232,-0.12324275928464787,0.6276349786301638,-0.6119043322509792,-0.26366402215232193,-0.10759399756822274,-0.4480771539579361,0.2412685958317769,0.9810950010490503,-0.5030759651860649,0.732487143615745,0.2703900575809996,-0.1603751784903698,0.687442806001254,0.48733250558815816,-1.0181771323722666,0.0549519804163361,0.0032581825676245356,-1.1990765381787902,-0.119
0.6864535388987308,1.377500473032059,1.2497282847611895,-1.7638665626410348,1.8599865329688954,-0.8143281729795774,-0.26366402215232193,-0.099344935951792,1.1572727771712934,-1.3746154875248906,-1.3461624662166871,-2.0430944503439563,2.0970854664451806,-1.2927410210933283,-0.5877571018139824,0.5505219037246498,-0.3363789484673239,-0.34414770656112337,-0.1545100846077454,-0.804107281374158,-0.0008065469071008981,0.024
0.6894158816488544,1.4560360404516726,-0.9413128551739438,-1.4434665154799629,0.9872418616729581,-0.9305897823286593,-0.26366402215232193,-1.286861161159674,1.2231614620234965,0.2682713218809087,-1.8066760703067668,0.4127361084264145,-1.3373049115500906,-0.8024535819905372,1.7308815937141637,0.23226301703299004,-0.4183992839510308,-0.6136612861900445,-2.379361998196643,-0.9171632896823424,2.54011131261317,-0.037
0.692376978790631,1.3193054507319273,0.2978060757551449,-1.1779142694885756,2.0881169335273158,-0.7890412549000031,-0.26366402215232193,-0.9031053023663309,2.927539931808784,-1.3340006717171518,-1.0400135341690708,-0.9299571330824411,-0.00871765549069054,1.7381294116424302,1.6308892459767839,1.7637532580077155,1.1840395227655485,0.6690213677158616,-2.8953249772541234,-2.021677274643259,0.5933503052845274,0.264
0.6953368326466948,0.5144409154867339,0.4578020525440919,-0.546845787530516,0.856887775286231,-0.7991565678905516,-0.26366402215232193,-0.7783255706549003,-0.6795094069589673,1.4769315668220901,0.21794394100797398,-0.2987215137039904,0.14239159505199261,-0.8352305380846567,0.5101419631088429,-0.2887332975520518,0.4204107588754676,1.3898427604470727,-0.011954326649120977,-1.2408680018709815,1.3454222682423613,-0.311
0.6982954455320028,0.5378135219799131,0.7618144654457838,-0.2431239539555195,0.43217640457744916,0.512143731401655,-0.26366402215232193,0.2957440089301863,-0.13384321132433535,0.8125176771596375,1.416914260103522,-0.39499812722146993,-0.05640158454141277,0.25376749195573567,0.953397363882843,1.037950060429683,0.9132851899129009,-0.27030097595926067,0.22158286284725773,0.953972681193462,-0.24368261041950626,-0.026
0.7012528197538737,-1.8034619537787309,-0.10398328300510706,1.6576060750828308,-2.0199421979166425,1.0191053372437249,-0.26366402215232193,1.5850259838587455,0.23921019752830802,1.09227546715593,0.7808636315873346,-0.3360503952377542,0.309600072694792,-0.06685683232748034,-0.9296199925136159,-1.1033677362285728,-0.3043673613047031,-0.3359497243442618,-0.10451535779553238,0.10673877184602298,0.37676959460344656,-0.259
0.7042089576120243,0.569946943393403,-1.9608249759865108,0.1563533361438096,-0.13692179162877566,0.14483268895743195,-0.26366402215232193,0.6810090425048304,-0.13850258780640312,0.8125176771596375,-2.524160992778279,0.5635910140124456,0.28570083196642787,-3.763138175812342,-0.9252470522730579,-1.731288303201254,-1.063096748436167,-0.6217972392188488,0.4561867449209304,0.30109604441614035,1.5786677448882849,-0.43
0.7071638613986007,-1.7445755461884582,0.778418037158044,1.0216106499485205,-1.2745951669621522,-0.5815151684061501,-0.26366402215232193,0.15600864423429606,-0.39896609879835726,0.25478237484526806,1.1215347898734922,-0.08295342928883266,-0.6193685364926433,0.015929027699136566,0.012183680742198373,-0.7740404494550568,0.6556583182521338,1.372746611750201,0.2971690958750099,-0.15854315222051146,0.36998853799501247,-0.033
0.7101175333982226,2.326718554162918,0.85039161293913,-2.3114040072044744,2.293202248495205,-0.6676003391111357,-0.26366402215232193,0.32038170166752544,0.012142215586093304,-1.0227382437629802,0.06215707245398979,-0.7560446095014998,0.015130589944234553,0.22053389366132728,1.8173723375807884,2.0346182639547825,0.8059501224602761,1.3044265339834091,-0.6994835775307715,-0.43246608999276576,-0.9793060261642667,-0.034
0.7130699758880105,1.293111886844266,-1.1373222777270062,-0.7472798593760683,0.2661580740495595,0.2977426798100734,-0.26366402215232193,0.19712887624660916,-0.5539400525547423,0.6103008904806903,0.42558952349601004,1.4835231616982647,-1.0458996939241265,-0.545235706775319,1.2370540635523266,0.9181457989738626,-0.5901408477373616,0.25898273070217565,1.1288507427914707,1.020660471582194,0.41743932825062774,0.001
0.7160211911376246,-0.5073214622232733,1.3719831442973134,0.3607638434445887,0.11127378542120879,0.3895814794730302,-0.26366402215232193,0.8853194577374346,0.30819063698503885,-0.5778664280951308,0.15715861286735766,-0.683934943392525,-0.41349124491538336,-0.18260292480370302,0.16740784706044212,-0.04092039846952259,0.12690072139840888,-1.162646550465005,-0.9368538132952955,0.49405372985754287,0.22400226233882473,-0.031
0.7189711814093007,-1.5856287333882244,0.9279463035463675,1.9021620702462934,-1.5913327306846903,0.2008774695462335,-0.26366402215232193,-0.041622409480172935,-0.7983226707074654,0.31528722912738794,0.5647261769992982,0.025654153601626616,0.1264775107405798,0.3202809326200001,0.06536432497674538,-0.43691772777371224,0.23523468486778348,-0.4423823019614892,0.16267473637393007,0.4090944396181632,0.0742307385467089,-0.126
0.7219199489578842,0.26303812880577504,-0.15891280971510913,-0.36829664206164375,0.3053956550628666,0.6501803079125558,-0.26366402215232193,0.5582189478344911,-0.836008562540126,-0.2907532595799858,0.5976715058388169,-0.19812042704839106,-0.6035434600535498,0.24822749218943163,0.15408928492146512,0.5646519010877873,0.8156847706586922,0.6858442670881971,-0.2239712500011681,-0.10642354056604687,-0.09645768853245944,0.119
0.7248674960308633,0.2250125668885319,0.016956347068392677,-0.3774206716856959,0.3653593324816151,0.2926425818770194,-0.26366402215232193,-0.2562059176546459,-0.48798256540639084,-0.6605902543687084,-0.5826197594897331,0.9211861126145124,-1.478814262914557,-0.40258381819597167,0.5101419631088429,-0.4073368500726239,-0.8352455300032958,-0.5485074123102224,0.8928045482255177,0.2840039610043109,0.1695861353768414,0.097
0.7278138248684044,-0.09404120249755789,-1.2840756805295115,0.5193743329679078,-0.4586993923576239,0.12445908630607674,-0.26366402215232193,-1.1114652043208315,0.06466475108116092,-0.218681692079205,-0.19843360017425943,0.5297786016870377,-0.31836122781353715,1.534444402919269,-0.42943659594170674,0.5835040510909226,-1.7237428816236702,-1.3702217210751424,-0.6789385006016533,-1.9230726036489834,-1.0524447863266735,0.207
0.7307589377033888,0.19868376148056052,0.07197145306957965,0.044028788979395016,0.21534355824698828,-0.012975614542999917,-0.26366402215232193,-0.48787311516044174,0.04552183753610213,-0.8360479591445555,-0.8671952052635656,0.3436667995736434,0.14239159505199261,0.09327967363715538,0.26960255364583047,-0.23383938318693792,1.1592843591391837,0.49278900991037916,-0.6789385006016533,-1.036645667750622,1.1515402392712617,0.154
0.7337028367614423,0.8501856442962238,-1.6256894751493638,-0.9451509706087297,0.36074872801264907,-0.2721695130361302,-0.26366402215232193,-0.9947234918048166,-0.21723686237665102,-0.23304563512414145,-0.3302178056662644,0.5055369159603225,-1.2664871618486457,-0.5013705852145732,0.6039176185366001,0.11386969943834035,1.006430586156573,0.8037925444893287,0.800612904672885,-1.331400685939083,0.2851580655101106,-0.006
0.736645524260971,2.0658621730625417,-0.46053274447283943,-1.292811079693931,1.6290275727357566,0.11427354255551407,-0.26366402215232193,-0.5790527888976826,-0.6623418149123689,0.7562771994674534,1.8809932696032177,0.616427500271939,-0.8249160485774168,0.3202809326200001,1.6354307753983712,2.2735197518965857,2.5137517675228525,0.43421140841673994,0.8264250722870892,-1.5923733992464875,-1.6808505950760204,-0.18
0.7395870024131964,-0.8301440113508738,1.4053440671383957,0.3576036832871924,-0.3442159577203698,-0.43960917957776535,-0.26366402215232193,0.040775267668500606,-0.01160658115055281,0.1733268718703723,-1.612317820214396,-0.89044577575755,0.5408356358691111,-0.05030704447670271,-1.1086926271400128,-0.6680727941651405,0.8400416370478186,0.9305287123287838,-0.42423873825805586,-0.008265217057400149,0.7620094580924273,0.122
0.7425272734221875,1.1358731889788263,0.3805361758046871,-0.9363472741924252,0.8454423498395908,-0.3280062737427372,-0.26366402215232193,-0.2809984799270064,0.4631386392476022,-0.7899510837223008,0.05535047813176121,0.12279940408294689,-0.6826493045788062,0.8267425919766308,1.721784541756171,1.5508827983260556,0.607417256315912,-0.6380636119313731,-0.6312500557384181,-1.192692081137301,-0.06569429549974512,0.042
0.7454663394848923,-1.0151834289462434,0.04996224354842315,0.8659134207447431,-0.7990683455517098,0.6246055055645671,-0.26366402215232193,0.03253882119221469,-0.41686769599748763,0.30188511520776046,-0.8528636936454125,0.025654153601626616,-0.7696090883687015,0.1430482641647161,-1.1653836286444617,-0.8100384597056586,-0.9452683574284491,0.15919413740456748,-0.024207256819134774,-0.3155478488824397,0.4343766817163788,0.007
0.7484042027911736,0.6984345512159982,0.27575436500944206,-0.9246007187296654,1.4111033677680824,-1.4299603820271662,-0.26366402215232193,-1.6218698102357834,2.050590760863539,-2.1160266439156628,-2.1320202561849113,-1.1411281562352313,0.1901448713310791,0.7374231119034655,0.8815567263439407,1.0043419217675682,0.6411736329311953,2.2440192160920134,-2.3963973019990736,-0.6619387512328992,0.505460226958603,0.315
0.7513408655238408,1.04846166360581,0.11600248015785368,-1.0852769138386749,0.3745795557939554,1.0242380353258467,-0.26366402215232193,0.4844703688943191,-0.3087190294338372,-0.6757136214269548,-1.0834600012266262,0.7304424608482682,0.046934746963809094,1.2807894794298338,2.1325349926070243,1.1656376177055947,0.16450801648306948,-0.9618277412851627,0.04890342168111319,1.1977567091902561,-0.4980202667222934,0.15
0.7542763298586815,-1.1503578069310487,1.1830896096643584,1.1031024014861988,-1.3958666042435237,1.9523104647760958,-0.26366402215232193,1.7551780576227036,-0.5232455956287587,-0.08347801664272188,-0.8457019839653598,-0.10378742108860108,-0.7458986916902605,-0.1660786835637956,-1.0650554213269314,-0.7582792554357992,0.25414183594489964,0.19242920689875526,-0.14197024480601936,1.750001988070875,0.09127045940154374,-0.001
0.7572105979644955,0.26303812880577504,2.8133218280670778,-0.7383592819201107,1.3815501242079529,1.5181543839338987,-0.26366402215232193,1.1380873661368314,-0.456966500751568,0.2951747600231136,0.27178632696821503,-2.2990153509523,0.3175673945551767,0.6537930083485483,-0.14711641263059244,0.574076235544922,-0.949650921548514,-1.2346478713350437,-1.2268937569516722,0.8703964202389642,-0.5014659350578853,-0.063
0.7601436720031258,-0.3724261883130574,-0.21930385816009743,-0.26455751436094704,-0.18576158094577205,0.00228747102087315,-0.26366402215232193,0.4024612383257299,1.0864206186298693,-0.16147748263624237,0.06215707245398979,-0.44348957760576685,-0.8328150611835139,0.1817807142158606,0.07866583556119255,0.06295115224042928,0.4490627208550836,0.18411782927855633,-1.0804044788069744,1.5652005215819422,-0.18200403316411076,0.029
0.7630755541294904,-1.6503765821562317,0.04446060010589237,1.5145606516351235,-0.7943575156734324,0.017552405157128824,-0.26366402215232193,-0.16535844103589692,0.05987432606042566,-1.739013332654755,-0.1432418759005785,-0.421908792948492,0.5328557107237705,1.0113427690433225,-0.6404543942276716,0.058326693193489425,1.448152471772837,1.142582145914563,-0.1545100846077454,-1.6411596876837087,-1.1920831832457246,-0.081
0.7660062464916152,-0.06768254839672232,-0.12595834400432787,-0.8006951374639752,0.16448724164499612,-0.13501428549033948,-0.26366402215232193,-0.12409436825190198,-0.6062107693119281,-1.2051181319898245,0.06215707245398979,0.33375208140330603,0.26180568416642824,1.11225309213213,0.8636089881738386,0.3558397592849578,1.4281113438005433,0.5430648335402681,0.6209006273503599,-0.21077045470061223,-0.5393838688616382,0.198
0.7689357512306658,0.29813342773810164,-0.9249608917403727,0.21275455606580312,-0.15319688039146526,-0.14009670232640245,-0.26366402215232193,-0.95306707451182,-0.4034461114578824,-0.690862449294675,0.6305465102875959,1.5956374293046722,-0.35800709893718735,0.5257580538390801,0.9713699968537896,0.36051408515230415,0.13629511040343548,0.5850080537518723,0.9230861504893523,-0.6678480572187527,-0.16488381313076791,0.166
0.7718640704809777,-1.4708768052293055,-0.15891280971510913,1.1586712170141782,-1.2176085931375642,1.2194643371622824,-0.26366402215232193,0.49266743573418126,0.16598800862809152,0.6423106100659758,-0.802788403416622,-0.1090032498410547,-0.5877164348429862,-0.3970919763449716,-0.9995524893580408,-1.3522541968131128,-0.509030258051406,-0.6543225992135888,0.1090855626854259,1.3243963258453415,0.5156080269908848,-0.196
0.7747912063700879,-1.2062066341354538,0.08848112187331868,0.8626805599936817,-0.8603482092275194,-0.23154601800312574,-0.26366402215232193,0.25466691790669277,-0.7983226707074654,0.30858927115784046,0.8910058525542253,-8.719394158327691e-05,0.7005275233277464,0.2149964516125857,-0.40742029312419853,-0.16278783856381077,0.5304774304345509,0.40077609705853373,0.7116736140732066,0.20409576251745679,-0.07252909292097556,-0.028
0.7777171610187663,-0.18192197211226446,2.174778236393863,-0.2614971462755949,-0.05097538672239118,1.817734379091847,-0.26366402215232193,2.384868117983655,-0.17566574549655872,-0.9600982230210604,-1.2728422491386868,-0.5903723788226005,1.0925144448561144,0.5424448153624938,-0.2928268965510701,-0.2750190321983489,0.11751129735717632,-0.5973838525003041,0.06702884364717507,2.0305748014901033,-0.45324793279103354,0.244
0.7806419365410474,-0.7009741480453281,1.811862819769176,0.5512369300571388,-0.17878179195846777,0.32324640629550877,-0.26366402215232193,0.22179235171851797,-0.756162171353713,0.40840855656381636,1.2794431024527702,-0.9412718473792329,-0.6035434600535498,1.6418587640695714,-0.058660945659010234,0.33014547607394656,-0.7554877772252483,-1.314465366146296,-0.3459215239934016,-0.8457078518230458,-0.6844277213461436,0.048
0.7835655350442582,-0.35190416551860204,-1.0665862974078428,1.1325056831607194,-0.2928989996407591,-0.49030698845562304,-0.26366402215232193,-0.40506504805269666,-0.44362787539140724,-0.3927127141150526,-0.5967455599372231,0.8101502055490062,0.9644040287292625,-0.4080752701918791,0.08753492415983766,-0.11226210102884997,-0.5586496250582992,-0.40966645173346167,0.5884220526445579,-0.6619387512328992,-0.4842399451349318,-0.178
0.7864879586290523,-1.1768113650835434,-0.22479231076255518,1.425130064031464,-0.8509158469094869,0.7115832371299639,-0.26366402215232193,1.2032160932140852,-0.040002076438923624,0.32197899037109373,-1.192498302353968,-0.3735218836238772,-0.0007687049394772033,-0.011676533393579127,-1.8251749584174801,-0.915563485516575,0.6943358217963017,1.372746611750201,0.14487201082598425,-0.738857533759823,-0.4980202667222934,-0.079
0.7894092093894384,1.071775275165952,-0.23028048859182046,-1.5110785124993313,0.2523036744306446,-1.2233550990670905,-0.26366402215232193,-0.8781350669827817,-0.7136987049071353,-1.2613009958715218,1.4913086839396306,1.1201874901212554,-0.49271349813583726,0.8435032285839272,1.4902691370990404,1.3719981700789208,1.0950523122600029,1.3385736561272559,0.9431498393986553,-1.3737392260901837,-1.4445520999144288,0.044
0.7923292894128094,-0.16727320623368863,0.7950237571180993,-0.018095195435926713,0.397624387357874,-0.6777244695588331,-0.26366402215232193,-0.662026869931345,0.8137360333341116,-0.027227626230937246,1.454163629006782,-1.5811044690310163,1.3891889690379888,0.35910910722069467,-0.7983205331296449,0.6472336621327551,-0.44110685406113276,-0.34414770656112337,-0.4373896905326072,-0.9708703220232214,-1.132683916664321,-0.185
0.7952482007799739,0.35953800471939956,-0.7503691574575853,0.5384863168952859,0.6964880278849895,-0.5105807737266481,-0.26366402215232193,-0.4216204147740357,-0.35399667106517163,-0.3342986922523267,-0.1432418759005785,0.6259950449887939,1.044460110968497,0.9329645960313279,-0.6448441280331842,0.6543246921341958,0.47775787672411413,1.142582145914563,1.0663145601027015,-0.4031876994520114,-1.1431604118257612,0.132
0.7981659455651865,-0.3460410013161787,-1.8906384376272414,0.4557890226442412,-0.7425671406857143,-0.5612519715554126,-0.26366402215232193,-1.2450696370950087,-0.5626823787849583,0.7185086640368342,-0.42795415182309104,0.7633692469594433,-0.2390338034272924,-0.4849148247126724,-0.2354614030884987,-0.6409630468375663,0.10343648174356854,-0.2292120900802516,0.5337766299510884,0.08377863897386123,0.06400439074955873,-0.022
0.8010825258361757,-0.6100005792400758,-0.06551654646930485,0.3071060260632019,-0.8532737786160108,0.7218202893829322,-0.26366402215232193,-0.1736135153948232,-0.5451854996313236,0.3486840932041695,0.4521870296410331,0.39306165620622524,-0.8012160356174199,-0.2926725206911819,-0.19130265208591746,-0.47555883209016536,-0.36832638463097034,-0.7922244987879966,0.5829864860230026,0.40342105718611976,0.029902886463579838,-0.181
0.8039979436541755,-0.9153076659029743,-0.8704343875939793,0.8594481443408064,-0.4540214444795897,-0.530851522356774,-0.26366402215232193,-0.6703286850844368,0.5290241713411148,-1.3746154875248906,-2.231333913801907,0.21384806000203616,0.956400798128988,-0.09994539185708107,-0.1338551610832764,-0.7942940375539838,-0.42294344586009314,0.9220680100277873,0.3943285394826471,-0.7092483498904539,0.49192711717302057,0.117
0.8069122010739512,0.21623660778683204,1.3330721567724129,-0.2614971462755949,0.8751967755861154,-0.6676003391111357,-0.26366402215232193,0.6646459379036906,-0.9476008840164837,0.1733268718703723,1.0578698908296427,-1.5751336160069396,0.8284081988694573,1.7551345427191445,0.38531121307805183,1.54103923162443,0.8108168675726078,-0.06441010907688258,-0.5235570096816753,0.06654526438445535,-2.03616353442249,-0.181
0.8098253001438328,0.7684869476425603,0.8227047183959856,-1.1374632606437571,0.6941940095025789,-0.23154601800312574,-0.26366402215232193,-0.12409436825190198,-0.7688421063549248,0.36199949693567074,1.0961031496075775,-0.6949970772137225,0.19810535539961996,0.30364676850467637,0.9264477860385303,1.194650675296259,1.1345572349003865,0.4844156628762706,-0.26221125443783855,2.0949780926014228,-0.4050756263421309,-0.057
0.8127372429057401,-0.3988138049829038,-0.010541279551425569,-0.10164277793044783,0.03947621267506389,-0.22646719179771646,-0.26366402215232193,-0.6952389627700507,2.646707797450381,-1.8917159244710973,-0.7599720631299085,-1.0779397670690996,-0.09612536126542628,0.7262664846323045,-0.049809282218726554,0.14632005584780047,0.07532046742224419,0.3590205313111681,-0.8591435227408621,-1.1265739801724444,-0.5980409022610209,0.081
0.8156480313952148,0.017233111830547522,0.1545433498455441,0.21903110642247797,1.2108448885770928,-2.2285990588523052,-0.26366402215232193,-0.6869347306215563,0.5341145527667851,-1.4563303094996949,-1.709273764299341,-0.6398016656257931,1.108535992059163,0.12645495978796809,-0.15595586583977397,0.01674000231488201,0.07532046742224419,1.0831036560253597,-0.25582061429830494,-1.066591794956684,0.01625637050487883,0.259
0.8185576676414469,0.3332236695596547,-1.5173608516887733,0.22844957462175647,-0.8084913016680887,2.544317841072155,-0.26366402215232193,1.3577324762322265,-0.24939639324147642,1.1455124238071008,-1.9422758145451515,1.9225069307568905,-1.6829160722510559,-1.5314016124427978,0.44323960451909267,-1.4562008211062305,-1.3424375824411447,-1.8206249415592193,0.577544489763801,1.8905948650254862,1.777960684241392,-0.257
0.8214661536673026,0.8414337325045866,-1.1971365296082346,-0.29513234516896825,0.27077552736534344,0.6092633610230134,-0.26366402215232193,-1.328671659030884,-0.2585569671238906,0.3819261962493176,-0.6959301177925796,1.2262283387981676,-0.5323065358635898,-1.037064319411043,1.1558802765394034,-0.024786987869377403,-0.01807423886956472,0.4509393292241053,1.3012677026862207,0.10673877184602298,0.5392794719398618,-0.047
0.8243734914893546,-0.431068615861746,0.14353037050074702,-0.2400599270710693,-0.29989377560906505,0.27224434191555696,-0.26366402215232193,0.16423413793643687,-0.3449658178274267,-1.3016251365126847,-1.3461624662166871,0.3436667995736434,-0.43726297299153305,0.3091910587895999,0.8277283445439778,-0.13983218704407646,-0.4728417310440174,0.24233394647442336,-0.3394405150997595,0.5449031694234697,0.5832157528047137,0.172
0.8272796831179108,0.8764391673640748,-0.06002022348933256,-1.0299764993204026,-0.14157132578288997,-0.7435133108745322,-0.26366402215232193,0.6482801018610619,0.2884188224201052,-0.8052911656189136,-0.2607343504879926,1.2611802061297028,-0.8407135773940204,-0.4135663326221664,1.255106868738532,0.44479236902171326,0.415639640154982,-0.023098662175576063,0.34884327597542214,1.2749052931149092,0.36998853799501247,0.114
0.8301847305570376,1.3105746660548752,1.4887810830956512,-1.7775922583938135,0.8660428405550791,1.137219812655022,-0.26366402215232193,1.227628743923617,1.267347272542937,-0.5778664280951308,-0.9894481476902395,-0.6508176891688711,0.1662661683758363,0.22053389366132728,1.5310610807717935,1.2333951531747425,0.13159729559815025,-0.24565302505315575,-0.10451535779553238,0.6688101648803368,0.23419946145922993,0.024
0.8330886358045934,-0.012045064977949271,1.6892297275060881,-0.25231290219881347,0.4828200144992162,0.282443031907484,-0.26366402215232193,-0.18186934483433922,0.31314148705900013,0.3752901489691109,-0.9534106475260594,-1.1066190508681626,-0.6905571974274812,0.7374231119034655,-0.08963299153981959,0.6708782502051153,0.2021944274817754,-0.3113449517536975,-1.82679823913536,0.618187592474143,-0.11013593810508945,0.023
0.8359914008522518,0.3039821537879883,-0.42766992671235815,-0.12015858116527948,1.0511936681143403,1.6678341298001758,-0.26366402215232193,0.7709575218795187,1.553939985539796,-0.7593475031567481,-1.148810682255271,-1.1699639856569977,-0.2628370138294147,-0.12750801168174322,1.5673433641644827,0.2299367363323057,-0.5361154964605558,-1.5131535085181091,-1.482747710569425,-0.4266078198344383,1.3420843068155754,0.093
0.8388930276855323,-0.0998990329330843,0.5185452314821817,-0.16636739481470125,0.11358839224735265,-1.0770460274549638,-0.26366402215232193,0.188906275708066,-0.7136987049071353,0.6486941494082874,-0.37203923503800984,-1.4740600600086085,0.9724076923517486,-0.7641969723099667,0.3140826238468971,-0.04783199515429912,0.10343648174356854,0.10939382806670847,-0.24306011174926168,1.0594913969188173,-0.43603831588896586,-0.351
0.8417935182838253,-0.4779910954993952,-0.08200390480617713,0.44309445283211873,-0.4937982823997655,0.3946857044019523,-0.26366402215232193,0.7873029964785909,-0.13384321132433535,0.07024709875130375,0.03491409924895415,0.42746060620450993,-0.5243888959081497,1.348329705755154,-0.13827585467158574,-0.2727327261967088,0.18334135259917575,0.13428612798217746,1.0322149371320932,-0.26892723092470894,-0.9167075992788397,0.042
0.8446928746204205,0.09041416629298692,-0.4441026147962923,0.4018891610043674,0.09738426220191514,-0.7232739058283216,-0.26366402215232193,-0.11584380807892972,-0.15246206935114373,-0.11175361544805647,-0.13635528147916604,0.2839999938828983,-0.10406871346718807,0.5702650134002657,0.047632933435738614,0.15559845306330336,-0.971542433370567,0.23401215270917025,0.06702884364717507,-0.26892723092470894,-0.42915609639556945,-0.055
0.8475910986625321,0.07577961123944525,-0.40575570762416147,-0.23699537855782413,-0.3418822604879473,1.3275092528089512,-0.26366402215232193,1.3496057573244926,-0.021084233339069874,0.6038805329799357,0.014452838161097357,1.012375722847714,0.06283960461364618,-0.4739423904051178,-0.22663184574429288,-0.3070094915497066,-2.3064606588708396,-2.07837633573655,0.7275015329537352,0.16405118990755982,0.5933503052845274,0.057
0.8504881923713292,0.8968562671826794,-0.4988597269089653,-0.7532240576520294,1.0374941708138217,-0.15534274852259927,-0.26366402215232193,-0.33887461643726774,0.9250023227613864,-0.8514646893494033,-0.4700049497339806,-0.5302765521482163,0.07874631204229067,-0.41905700577589355,0.10084068211541236,0.6472336621327551,0.3062373943996004,-0.16337679348496661,-0.5436111691976452,-0.49699226396596213,-0.5669785788876304,-0.111
0.8533841577019584,0.6254393463583207,-0.3673949550633086,-0.23393030867904777,0.1390431802742903,0.7422971782181573,-0.26366402215232193,0.36963791064696216,-0.2950755513229152,-0.5853550027597949,-0.9894481476902395,0.5780370243559333,-1.729965451805466,0.3480131776291123,1.6808647686928713,0.2276106515052998,-1.3806416166640845,-2.0705987856123347,-0.3654064194176616,-0.19915504627502215,0.08786293380381052,0.011
0.8562789966035735,0.38877276461030325,-1.0992399588054222,0.3544439993057968,0.6253387110735382,0.18558999393057987,-0.26366402215232193,-0.36369022352474545,0.8032131872689645,0.5328510214580047,0.5581286788438449,-0.6013364585212796,-1.061669167578307,-1.6504856372211114,-0.20013659721056276,-0.010951248453719017,0.3014953340658489,-0.36873081204259567,-0.7200930928081052,-0.47351016289732956,0.4783909035954935,-0.2
0.8591727110193597,0.44723147136961294,0.6511792318249405,-0.33784860855051724,1.7219347696412157,-2.4138848124013927,-0.26366402215232193,-1.789817126433091,3.816502606236996,-2.318153772798595,-2.400407548613632,-1.2220475452623623,1.702523000177,0.2981029088392895,-0.7588855571294354,0.33014547607394656,1.2286692807968103,2.270141493898312,-2.0534660302369154,-1.7083587712214734,0.35303242322140715,0.229
0.862065302886561,-0.46039428187250736,0.43572108341743704,0.27246005588293126,0.4713134894521587,-0.11468260669498043,-0.26366402215232193,0.9587688165025413,1.4857411594601968,-1.0227382437629802,-0.9750250798576634,-1.326904261107224,1.108535992059163,-0.35314317188149313,-0.912126702929991,-0.37317052318184674,0.3442176622173004,0.3590205313111681,-0.7063462515203432,0.5449031694234697,-0.12039690733328408,0.019
0.8649567741365053,1.2407137832981059,-0.903153966826617,-1.0299764993204026,1.3269628770303237,-0.08926347038124084,-0.26366402215232193,1.803743642982829,-0.7009004999279883,0.9600800412891121,0.787365253878223,0.805485746031033,1.0204387539704594,-0.0061562454795647936,0.3229821188665666,0.8322657510456208,0.6701535819606702,-0.6624493204481925,1.1049198076183973,0.12967876310812682,-0.9897473084835641,-0.122
0.8678471266946312,-0.48678989843796394,-0.2906322437945405,0.8045653551945107,-0.5804852865107196,0.8806142692538567,-0.26366402215232193,0.9913957783796954,-0.6408138673756922,0.8497368562759645,0.49862484282473357,0.3039365110231171,-0.048455428050241646,-0.25416629093693943,-0.3192877612691156,-0.015563891690235344,-0.861731129481547,-0.1304163299359199,0.9780232799216555,1.2032739315847745,-0.7813628707149068,-0.242
0.8707363624805149,0.061144225354260194,-0.005042285619837159,-0.13249222160451218,0.5770995076356994,0.20597371874145967,-0.26366402215232193,-0.3057979303076671,0.8348202691335425,-0.5033297327335416,0.47873973576857815,-0.21921202735873266,-0.21522633326758894,0.6537930083485483,0.18072898128682235,0.7466926194282678,0.7719153748754418,0.43421140841673994,-1.2342958544527072,0.4317761341353659,0.44115025009280406,0.141
0.8736244834078919,-0.86831800664205,-0.4879105904939299,0.6951894589004328,-1.1606760110843417,0.328347800245463,-0.26366402215232193,0.09840984529972617,-0.5408036367348542,1.7935465285905943,0.6895440626185205,0.323825457715652,-0.40556637546914315,-1.189476182161135,0.3986748999319297,-0.915563485516575,-0.545133179919037,-0.3113449517536975,0.23912537754345364,-0.8100465158856813,-0.007633202254808022,-0.473
0.8765114913846872,0.3273756490413486,-0.799504395313222,-0.45023932014775947,0.48742206999598786,-0.04858231717935913,-0.26366402215232193,-0.2066413714458112,0.4027976090834961,-0.0062370315907251395,0.4122739820879518,0.21887819289441482,-0.1675986452136463,-0.7040426202221118,0.20737898110900116,-0.06855702495884389,-0.41385379959208307,-0.30313975585919006,0.09710301520710883,-1.3858464118759906,0.4783909035954935,-0.162
0.8793973883130368,0.043580669707655735,1.3052852730525581,0.12821221171770286,0.8431530517756771,-2.333786284554225,-0.26366402215232193,0.024301638651025907,-0.7264695908143733,0.5974540346181965,-0.738600392274818,-0.5794198522879941,2.53302480962422,-0.5781184767520324,-0.890254351852197,-0.4664710259771649,2.5661088134006107,1.2873626771967,1.2646811632707273,-0.8933252045681309,-1.00715469540825,-0.12
0.8822821760893156,0.7305447244713674,0.4578020525440919,-0.41690252073987605,0.9163755743309419,-1.0619022571920302,-0.26366402215232193,0.11487028492822943,0.38278539582882365,-0.5853550027597949,-0.6321075810312481,-0.49221599702959884,0.8044220161117825,-0.49588571679743043,-0.16921297653693473,0.7348312414701217,-0.5045113656544863,0.11768951419646607,-0.9155729616149054,0.7585810549103194,-0.20940786036814088,0.057
0.8851658566041606,-1.4355759029128314,-0.5481166177585697,1.7076826935829137,-1.883183955237676,-2.243629857327106,-0.26366402215232193,-2.13500769580395,-0.5539400525547423,0.8125176771596375,-0.17081575218260825,1.1157306286425388,0.7884334168978058,-0.1550605097406839,-0.7720328763232621,-1.6874046537794836,-0.21255440203203227,-0.17984633413636475,0.38866584089685735,-1.7144745225388172,0.7047179054254253,-0.125
0.8880484317424966,0.04943532041192686,1.0499105141264415,-0.3012410028604943,0.9872418616729581,-1.8322919203699426,-0.26366402215232193,-0.23142022196126794,0.5341145527667851,-1.3990619760105893,-1.2582102187013267,-0.6894645702647977,1.6944809138483115,-0.813380710227184,-0.6843399522362688,0.06295115224042928,0.8351679520817132,0.9136089644987371,-0.5436111691976452,-0.9410209090136354,0.0742307385467089,-0.058
0.8909299033835625,-0.1760623717446968,-0.5043338651205171,0.04091783683138074,-0.2299878765717237,-0.8699434376648841,-0.26366402215232193,-1.8570772347617146,0.7822060178864352,-0.7517125560637737,-0.23301769262389427,0.402904850279709,0.45308106394909337,1.1066428406094861,-0.22663184574429288,0.5481676609300923,0.520881324579744,1.0152266632197178,0.4729202449363819,-0.8814135040864206,-1.0280522543985748,0.266
0.8938102734009311,-0.395881728022734,-0.8758884146410426,0.6246965100214609,-0.3418822604879473,0.7167016474190109,-0.26366402215232193,-0.4547405049575257,-0.6666382750316477,-0.9445023225433251,0.29193129476463386,-0.22449223110179334,-0.6510128330787351,-0.6602655571691728,0.4610737295328838,-0.013257661431874922,-0.13873225584858595,0.3423303303938617,0.5227701220307991,-0.738857533759823,1.0376156449061678,0.14
0.8966895436625401,0.6633998735808608,2.3929401458807926,-1.386830830304838,0.7721493149962468,-0.5815151684061501,-0.26366402215232193,-1.1782428648693808,-0.7094356728025147,0.2951747600231136,1.1659299132549263,-0.5302765521482163,-0.207289564633192,1.2639157373860734,0.98934764035261,1.9866775166368007,0.583340976091193,-0.5322005827649968,-1.4674577580855983,-0.06595980224619002,-1.339177649895395,-0.071
0.8995677160307105,-0.05596842525180167,1.8397482471098037,-0.39565431063496503,1.6086203296864632,-0.297552797903862,-0.26366402215232193,-0.19012593013461795,-0.18955069972688796,0.12539747437893903,0.8910058525542253,-2.1860850988346456,0.14239159505199261,2.3764319943289713,0.8456661976843692,1.245517100884356,0.9769717366148075,0.8628895333467613,-0.09829684888732095,-0.9828185869645699,-1.476215503184725,0.101
0.9024447923621763,-2.024366899759274,1.2719483888008185,0.7562469518670578,-1.9383372439116493,0.8549869982056671,-0.26366402215232193,0.45987498192471027,-0.1431588559357343,0.6423106100659758,0.6699035824216248,-0.772754329707191,-0.34215018162801664,0.7709040387230526,-0.6975005241758491,-0.45510762340677996,-1.439849100981889,-1.7735211865771763,0.26823006802387045,0.8201337473136532,0.11511729386800429,-0.047
0.9053207745081031,-0.8418893664459601,0.8171680508009909,1.1979710001886739,-0.2672594858075599,0.9524024554426043,-0.26366402215232193,1.056618154885612,1.2728851411365742,-1.7305918197256622,-0.4770229577068197,-0.27745481517274984,-0.4214156345190024,0.6872327234417476,0.012183680742198373,-0.3138602767177669,0.31098067239715127,0.04309137060832438,-0.9582001622140315,1.1922384649652416,0.1695861353768414,0.304
0.9081956643141154,0.18990687562822703,-1.5119415248067312,0.11259547464977217,-0.9996690264426918,1.2348924029162354,-0.26366402215232193,0.2875300195703036,-0.11049968425568395,1.3479148049382546,-0.824233045480803,1.0304669573270318,-0.7379942399807329,-1.8180129823605204,-0.658011757355102,-0.627399809861653,-1.1540146583144189,-1.4179365287018173,0.4951405939426814,0.7361651068581181,1.9303687236730653,-0.234
0.9110694636203206,0.11675426228499375,-0.3509504146975092,0.21275455606580312,0.06727916548862015,2.0041156287841417,-0.26366402215232193,1.3170925497446273,-0.5232455956287587,0.46107676185065316,-0.5332650699521467,0.21887819289441482,0.6286442127079773,1.1964656493775283,-0.3236969555662538,0.5858615501210706,-0.8087096491447424,-0.4342060656057777,-0.024207256819134774,1.4723866733714244,-0.7086433435096838,-0.016
0.9139421742613308,-0.143836814429614,0.1325184321674656,-0.27373547507554613,-0.3418822604879473,0.6757608343359207,-0.26366402215232193,0.0572459553913065,-0.6408138673756922,0.07716272796799102,0.7548288500888597,0.7398652350169865,-0.6510128330787351,1.247046495858035,-0.22663184574429288,0.5622963601744156,0.9279649233160115,0.15088972376868556,0.13297003249477876,-0.03132749652448624,-0.4429214645794617,0.105
0.9168137980662873,0.14601784615333988,1.4832170795133945,-0.21246024334176009,0.52422716927682,0.20597371874145967,-0.26366402215232193,-0.00041433279936961526,0.18544469450915166,-0.16147748263624237,0.3120511875036026,-1.611000937526795,0.3972655222932148,0.8770371308012052,0.19405269137481337,1.037950060429683,-0.10169823581648382,0.018256905487872337,0.1685955943762857,-0.3680965054344897,-1.3918323692622723,-0.038
0.9196843368588846,0.9464321662570149,-1.2895069059493072,-0.9187238929799837,0.32385199960376443,0.4661679437077371,-0.26366402215232193,0.7791305961631861,-0.14781201626602672,-0.04827454895636209,0.7678518980869564,1.0844465666254524,-0.6589226853400589,0.08775192314905758,0.5815781299849254,0.7965734890090103,-0.004097068740891586,-1.0664024408730566,-0.7753675434435,-0.06595980224619002,0.613614270094899,0.005
0.9225537924573927,-1.0181214150361952,-0.4988597269089653,1.345890827222538,-1.2793464551617653,0.48149120338977613,-0.26366402215232193,1.0810657508204293,0.6934978567322044,0.7058702250678367,-1.127003008840465,-0.19285483308130272,1.2367699423322454,-2.066025889827473,-2.723650085808991,-1.6895999966352617,-0.05529114460014002,1.2617790412701593,-1.015444677540907,1.9121697779309783,1.2886540355906628,-0.235
0.92542216667468,-1.7857950651009407,-1.403496311476885,1.9021620702462934,-1.2437207956072243,0.6348347412627732,-0.26366402215232193,-0.008654467044776074,-0.2264407859953624,1.3422337739940555,0.6436768045460196,0.7068326429533202,-0.5481403622399412,-1.925928349149561,-1.2394546478177824,-2.084992471837766,-0.817560518197236,-0.06441010907688258,0.5117377405826922,-0.6560307033075303,2.4547175972216864,-0.147
0.9282894613182386,0.4559990233181571,-0.4495796092838453,-0.7651055944128867,-0.6062878211147781,1.1834744068842296,-0.26366402215232193,-0.0251369556690548,-0.5100449298697313,0.5781376815282816,0.17068590134809666,1.1557316468209688,-1.4866709301314256,1.0505670563704779,1.0883147194780802,0.35116624682845154,-0.2447479188563333,-0.4995649535801656,1.01750905572112,1.2253326230255053,0.11511729386800429,0.039
0.9311556781902032,0.29520901202250555,1.355305673698164,-0.33480088445711537,0.9963810906572982,-0.9912104084455287,-0.26366402215232193,-0.8781350669827817,-0.24481146405490725,-1.0463341064674807,1.2228028732623095,-1.5215226391211332,0.7484695959253209,1.3201791171024466,0.5815781299849254,1.4355286232056144,1.7457765972496322,0.30063495942237733,-0.5302346552509855,-0.804107281374158,-0.7224862556320831,0.092
0.9340208190873781,1.3949555500239728,0.6235355375773713,-1.4293323430806402,2.0271849512387443,-0.7232739058283216,-0.26366402215232193,0.15600864423429606,-0.48798256540639084,0.02166286360291775,2.0417827684356578,-0.9017204215153835,1.060476502398036,0.9609460762085589,1.3318892486117562,2.368311386230812,0.6025996361239339,0.618593113109945,0.42254386355707707,-0.9828185869645699,-2.434598668446809,0.044
0.9368848858012567,1.3571342243026152,-0.25771724809785607,-1.3641030284050315,2.419201224562454,-1.6865666273677504,-0.26366402215232193,-1.1865935324749337,-0.4123969094934302,-0.5181863290552234,0.15715861286735766,-1.1526539559493085,1.1646248986393852,1.0001401555450096,1.4223425004034105,2.296538870943624,2.3937134236530255,0.7953567875316964,0.03678603248741077,-2.3253754159097286,-1.7941974121578759,0.03
0.9397478801180464,0.7247068652384618,2.689897401516364,-1.2555806894325516,1.8260586046406226,-0.37367332971671763,-0.26366402215232193,-0.272733528223347,0.21472410237284112,-0.6832848521739995,0.5976715058388169,-2.1112977869278664,1.100525003991975,0.9721419978413661,0.35413951771987484,1.6298114976865121,0.947553933535582,1.1595907197161268,-1.8427881333810843,-0.7625673240490531,-0.7848284440776259,-0.0
0.942609803818688,0.3741558323380868,0.32537644217243905,-0.10781675533848177,0.7973520977832905,-0.47509965118473224,-0.26366402215232193,0.13132780970453786,-0.18029716675151564,-0.31975831792684634,-0.2607343504879926,-0.45429737691659855,-0.35007887900456774,0.6315089462254767,0.4254101946128374,0.6141686196060144,0.6943358217963017,-0.8811677559439277,-0.061129311438026225,0.8257228535597358,0.2783662137416722,0.142
0.9454706586788822,-0.7009741480453281,-0.8977014684146696,1.507925825640674,-0.24163244347961838,-0.46496047259588497,-0.26366402215232193,-1.061414391401709,0.6108525514436969,-2.2827512076914305,-0.3790190407759045,0.5103912465037429,0.08670035872692776,0.899402456078311,-0.41182409050589164,-0.13064499134630334,0.1974793104403352,1.142582145914563,0.8212751873444525,-0.8338158067207094,-0.6083993312075758,0.293
0.9483304464691068,-1.1973877859816227,-1.9122389565211797,1.0541747720090926,-1.3316347808388243,0.6962293942051019,-0.26366402215232193,-1.2200038634686592,1.190158657986573,-0.0062370315907251395,-0.21225900273291043,0.5297786016870377,0.007180710299371432,-1.037064319411043,-0.899004058287004,-1.0587429979367142,-1.063096748436167,-2.140522159061082,-0.3980210163054127,-1.2710162500911943,2.145176758366178,0.103
0.9511891689546431,0.7188688483261048,-0.10398328300510706,-0.20018020487103266,0.37918917561583537,-2.5489656434083874,-0.26366402215232193,-0.9697272897828484,0.709084973798226,-1.1254045078516615,-0.16391815940891025,0.015366444256535371,1.1646248986393852,-0.3366559023472128,0.1984945011383316,0.44479236902171326,0.607417256315912,0.4509393292241053,-0.018077394473670225,-1.16262057924802,0.9302062424391903,0.093
0.9540468278955947,0.30690646406975336,0.005956499759458066,-0.1755952694155744,0.07885985809655693,0.49170782125548473,-0.26366402215232193,1.2113542854830295,-0.5012291751542859,1.8605556358837914,0.8845495910658165,-0.11422200991860888,1.3410401694191212,-0.13301931979007336,-0.38099186266646495,0.5363996806082885,0.3394658774789726,-0.47506904318765464,1.007674477999428,0.12967876310812682,-0.6705956162549646,-0.237
0.9569034250469115,0.958095321949363,-0.903153966826617,0.03158797459646352,1.8011702025348333,-0.4598905967450353,-0.26366402215232193,-0.03337931154986286,-0.040002076438923624,-1.0778851533190754,-0.12259034602173163,-0.7560446095014998,0.34147208123467027,0.015929027699136566,-0.33692291272200864,0.6330576112153256,-0.6125940469198762,-0.6299313481807145,0.5829864860230026,0.04930046652815986,-0.15803726455618092,0.249
0.9597589621584098,0.1138277188943483,-0.27417599178133006,-0.7710429276680394,-0.3185511133027726,-0.6574754668481992,-0.26366402215232193,-2.0507049830469626,1.6686550128387483,-0.4294268481411702,-0.6250297480229948,-0.27214542841792516,-1.8709973943384395,-1.898961652993244,0.9983383443670012,-0.0938678314091893,-0.3272393158317741,-1.314465366146296,-1.7790128514349712,-1.4464517923384674,2.5466761153292845,-0.082
0.9626134409747946,-1.0857023289830166,-1.501102037645694,1.7377722691594277,-1.9071586345856002,0.7269391632329837,-0.26366402215232193,1.1787976573402312,0.18057580598435768,1.3987752685341623,-0.5262252783068343,0.6212127771990045,0.1344343229221934,-1.037064319411043,-1.3656467406641604,-1.2502378616294505,-0.7154407402829267,-1.2586135075911777,0.5502379405832053,1.0650344727790058,0.2817622404333997,-0.197
0.96546686323568,0.4822996999750182,2.269837028324995,-0.7740107343668461,1.3406130424907843,-0.6726624969935356,-0.26366402215232193,-1.6050911537707224,1.6744252858061917,-2.3625552434993446,-0.43495580004852985,-1.7736554344871305,1.4212965824448358,1.5005634990154468,0.11414899344124305,1.3281299865470024,1.8577110387047953,2.1396682020976665,-1.2342958544527072,-0.6796704397968892,-0.46701982179635076,0.243
0.9683192306756127,-1.1150896326553217,0.5406410844902033,0.4843792610910851,-0.7802276278002661,0.7935057217328463,-0.26366402215232193,0.3942564641894788,0.7403456528024766,0.40179723828097486,-1.1560852619276927,-0.17707559368497944,-0.30249954350513775,1.5005634990154468,-0.12059142030774711,-0.26358579811110916,0.6556583182521338,0.5179192685211929,0.1090855626854259,0.19266064856260154,-0.8646061477810106,-0.078
0.9711705450240916,1.1766515290818589,0.9334876858457885,-0.8036571920508646,2.2481647492716363,-1.701647906843468,-0.26366402215232193,-1.5883154390399123,2.5337049431730496,-0.31975831792684634,-1.74668342118873,-2.3242328833338077,1.2207347299439864,0.19285093087533156,0.05649806453235599,1.033145859532574,1.7052010144381038,0.702673894748384,-3.186937868814635,-0.9171632896823424,1.0174902424605186,0.108
0.9740208080055874,0.6225190366413192,0.5793183032142033,-0.43509431535575027,1.0899958175766273,-0.6422867651527062,-0.26366402215232193,-0.41334234223920174,-0.11517461080083073,1.2447403841536546,0.46546898504510886,-1.2685371110541328,1.324993942346011,0.581396226478415,-0.3281058788232082,1.1053165010691481,1.7610100654862149,0.8797893678805049,-1.2639784684391182,-0.738857533759823,-0.6325774406274665,-0.247
0.9768700213395677,1.1329601136024376,0.20411459565034598,-1.2699128168253697,1.4383741090948157,-1.8875320562979154,-0.26366402215232193,-1.9327997637065786,-0.6062107693119281,-1.2613009958715218,1.235409720043774,0.8008182546321776,0.732487143615745,2.1647614197385283,1.322851140165769,2.214806637749499,2.8241019538802594,3.068971072028933,0.7850502135880284,-0.9768438481939588,-2.550292945648615,0.134
0.9797181867405133,0.08748732188978811,-0.28514710369735247,0.3765717794328457,-0.19739656039893544,0.21107018022786952,-0.26366402215232193,0.2300120705361219,0.5800712918651215,-0.26906565703399077,0.6436768045460196,0.2590125036889938,-0.1517189806163755,0.08222459002772287,0.6217946103956453,0.2601937124631207,0.11281844878854433,0.19242920689875526,0.4561867449209304,1.1369995985944097,-0.14092473119938861,-0.054
0.9825653059179429,-0.8066546120722555,-0.9358625089182843,0.27246005588293126,-0.8202724197764134,0.23145815265264325,-0.26366402215232193,0.5008638059479972,-0.4658435708651484,1.4156213381515539,-0.37203923503800984,-0.09857452415886188,-0.5164707718510111,-1.5259848378008478,-0.7018868599781349,-0.8841643929817394,-0.1479779859681562,0.04309137060832438,-0.6721044450876016,0.26690094637566,2.0064506805694204,-0.344
0.9854113805764303,-3.042069584471114,0.48540886702276687,2.148824731035729,-1.9239455030450145,0.2569479161994507,-0.26366402215232193,0.45987498192471027,-0.6666382750316477,-0.09760327428711689,-0.16391815940891025,-0.17182169635774466,0.5408356358691111,-0.06685683232748034,-1.4959745638556496,-2.0240765864392634,0.18805277237472684,1.7589564263421218,-0.2049445751294427,1.7662559877168953,0.6608703241741417,0.059
0.9882564124156272,0.631279850783462,-0.2906322437945405,-0.7205027509370866,0.2615402811379147,0.5223630268205571,-0.26366402215232193,0.5745998994412821,0.23430667753693332,-0.4662991381556005,-1.0400135341690708,0.3634605020778,-1.5102377810858798,-0.11097165689191618,0.9758639375773898,0.15791853124872468,-0.8529081945643682,-0.49140147572805115,-0.5906521719330577,-0.11799642568055024,1.261922670741374,0.076
0.991100403130283,-2.643549298766387,1.3108422034521074,1.5377955140725008,-1.8089119892817338,2.435033898464478,-0.26366402215232193,1.5769167567176965,1.6859757065929004,-2.212262082825432,-2.7971839716984066,-0.5139475161355057,-2.168150531838329,0.7039587335793933,-1.972010126096853,-2.082818438515763,-1.2357196932546852,-0.6868183807086842,-1.6999832100078265,2.7217513657548182,0.9066860280143509,0.261
0.9939433544102643,0.09919449930236551,0.43020146526188724,-0.014993762807743777,0.623042367743959,0.11427354255551407,-0.26366402215232193,-0.041622409480172935,1.2728851411365742,-0.0553027129231407,-0.6038125343347378,-1.2104535364217268,-0.00871765549069054,-0.39159974434899775,1.1288454438114242,0.5458136339257093,0.7282401227653235,-0.5729538999741112,-2.2946596884505737,0.31817723382127694,0.6946020433918816,-0.086
0.9967852679405766,-0.3929496809064801,1.5667000256378967,0.5384863168952859,-0.01384984924699296,0.7167016474190109,-0.26366402215232193,0.7219048876098132,3.7406768991840194,-2.9921891901895243,-1.2508982082347349,-1.533416473097757,-0.191414611242504,0.1707121897441108,-1.5653939807177333,0.13472635966912866,0.16450801648306948,0.3339878106756803,-1.8989951901315172,0.5900241783833765,-0.8403118102124603,0.162
0.999626145401383,0.336147626678293,0.750746613399503,-0.5949384510282633,0.664364996889546,-1.5859875200816427,-0.26366402215232193,-0.3471457134012836,0.15142850220237006,-1.2532555268930778,-0.012867523067739224,0.02051177088002148,0.5967075943335866,1.1571527019906431,0.18516993158929387,0.6000111361364904,1.065470983366614,0.9389910705147764,0.1030976512436621,-1.3616366842331717,-0.660224102452878,0.306
1.0024659884680236,-0.7567454747919142,1.4887810830956512,0.6567113410779553,-0.2882363364698194,0.7474169817328522,-0.26366402215232193,1.30083213897516,-0.8900121859372432,0.8125176771596375,1.559136542156885,-0.5630127327240105,0.2140276965220035,0.6148006497351145,-0.2045531577717798,0.5528763624698525,-0.49094667067702935,-1.2586135075911777,0.9331303806356491,0.5843880688923,-0.7294091930333628,0.008
1.0053047988110384,0.6400403194287146,-2.585236055867116,-0.5227465860564412,-0.14389624004811177,0.07353971911752824,-0.26366402215232193,-1.19494496679007,-0.2859644530341472,0.5198566003514942,-0.31629921055009974,2.0901028217075153,-1.3844934479910334,-2.886213008675335,1.6263480557671137,-1.3566833306617072,-0.1479779859681562,0.43421140841673994,0.42254386355707707,-1.2288169405491496,3.23295307781233,-0.401
1.008142578096185,0.2601132937026164,-0.33998598663407964,-0.7947692985122747,-1.2199819624690809,1.4356687304270395,-0.26366402215232193,0.2053507552855505,-0.05887000049015863,0.5522964941904093,1.0323239119814593,1.3691263934708815,-2.0274929713526006,-1.4284249176345472,0.6262646097775205,-0.8347649714045686,-0.7154407402829267,-0.6786972123493015,0.8826609490462736,0.859234559873563,1.5287542613700165,-0.243
1.010979327984456,-0.7508743361508502,-1.164515009279002,0.7916705569901299,-1.479226209422723,0.20597371874145967,-0.26366402215232193,-0.5541761105428797,0.06945830810237259,0.7437121408481353,-0.2884948678912015,1.6243299074278372,-1.1247267963445127,-1.6937488633017148,-0.15153627726344127,-1.1657490775871509,-1.9124970925657556,-0.7030551564645158,1.046865721554392,0.44310989868691303,1.0711438780963032,-0.217
1.0138150501321035,0.6517204053808308,0.0004569742218051463,-0.7977325061734996,0.6505934981586096,0.5479151873666883,-0.26366402215232193,-0.2644693410650202,0.6520729531526737,-0.4589120205368783,-0.5051222322502238,0.27401390710481444,-0.09612536126542628,-0.11648418054441362,0.8411812719254864,0.2951471292160975,1.7153384933160707,1.176605822935918,0.41127735364135515,0.13541062483110575,-0.7952266675998793,-0.147
1.0166497461906534,-0.33138361909808595,1.9736710868554317,-0.2890215817921301,0.37918917561583537,-1.2788137535076802,-0.26366402215232193,0.3942564641894788,0.7299126149142243,-0.21150915838754053,0.13007074333100982,-1.233652910498421,1.0845043148899771,1.5005634990154468,1.074810199518833,0.8179824888344948,1.3132160069751695,0.6858442670881971,-0.789258065994646,-0.3564098681273514,0.4546950384327751,0.17
1.0194834178069294,-0.07939718549836196,-0.28514710369735247,0.11259547464977217,0.1852971971638626,-0.5207165270500038,-0.26366402215232193,-0.1736135153948232,1.9671459308288917,-0.10467530881948085,-1.724229706715606,-0.5739479226074862,0.4929627888544884,0.4979556810791889,-0.7062729352208977,-0.17884635304653665,0.6025996361239339,0.3506745709290837,-1.9636947564240974,-0.3856362443259311,0.7956853725288319,0.173
1.0223160666230693,-1.547374039204404,-0.6137560233645502,1.2406151844281934,-1.3245019601650818,-1.0972352718939844,-0.26366402215232193,-0.9280826444512411,-0.14781201626602672,0.9964239350449815,-0.2884948678912015,0.5635910140124456,0.03103174132728092,-0.12199629870369778,-0.8464904655886197,-1.1122859932514844,-1.045706633845082,-0.49140147572805115,0.7380218010797618,-0.16434084945763366,0.3971080139595648,-0.106
1.0251476942765445,-0.0706111595434417,0.35846925074071817,-0.13557435085690703,-0.3325485326866225,-1.304015414221564,-0.26366402215232193,-0.41334234223920174,0.4681876878752448,-0.06937783277219985,-0.703035061323041,0.08202592008714828,-0.11201159728733835,-1.3633235267073391,0.25181862647167264,-0.3777281828231017,0.5592942899635887,0.4258500128585891,-0.5974007048041737,-0.42075084474303004,1.6650984365147243,-0.093
1.0279783024001794,-0.48678989843796394,-0.3947969017632189,0.2913506462651489,-1.4291975471470346,3.4168205708522867,-0.26366402215232193,3.2271011261529527,1.7207060038131938,0.545820822766541,-1.9422758145451515,0.5587696718401898,-1.8944856635430654,-0.8297686340454062,0.6307349100332246,-1.614889264845052,-2.790471689884015,-3.02747133410866,-0.9867640066249256,2.025202120553925,2.2902280110364326,-0.069
1.0308078926221713,-0.10868601765558562,0.47988700707300785,0.19080195716826057,0.1598618422666864,0.496816464196586,-0.26366402215232193,-1.487723196903044,-0.2356323184025646,-0.14012958724168714,0.6830000564415112,-0.2987215137039904,-0.6035434600535498,0.07669767394355259,-0.3236969555662538,0.5222851971968797,2.011173270161368,0.9305287123287838,-0.9867640066249256,-1.9723399640293802,0.43776356385567694,-0.038
1.0336364665661062,-0.017901091590334997,-1.3926455975076133,0.5225585007961476,-0.5617287174368485,0.06335834427850734,-0.26366402215232193,-0.9114302943546859,0.24902669273552894,-0.26184905762747307,-0.7243661392756506,1.2742361012853418,-1.4709570711879507,-2.0121677721252382,0.20293659766954117,-1.3301006250053014,0.16921449780997286,1.4154990534204777,-0.14197024480601936,-0.9410209090136354,2.313278241490159,-0.044
1.0364640258509819,-1.353220826475189,-1.2243130423783963,0.7465954332430045,-1.364932016757285,0.0684489279035053,-0.26366402215232193,-0.3719636383128663,0.8348202691335425,0.8000625133745604,0.10972572789018956,0.3782744947892697,-1.0143546857243988,-2.1682691310059714,-0.15595586583977397,-1.6720338197773834,-1.333932535080303,-1.162646550465005,0.256608095896835,0.12967876310812682,1.3287307817555654,-0.288
1.0392905720912222,-0.017901091590334997,-0.7175988758670913,0.9047424014434393,0.30770299076951074,-1.4702406664303744,-0.26366402215232193,-1.6470433002307037,1.1682217528123309,-0.6078588380980108,-1.57514614179483,0.3634605020778,0.26180568416642824,-0.7040426202221118,0.25626417521544,-0.0938678314091893,0.506496100886662,0.829109827602347,0.6531486234185755,-1.0306600524004301,0.1695861353768414,0.109
1.042116106896699,-1.1679932819331162,-1.0502554035686589,1.2471822138527875,-1.462545716826105,-0.04349625791473065,-0.26366402215232193,-1.086436311985258,0.035969161833606024,1.5045619229347391,0.04854111745268954,0.28898858102184627,0.06283960461364618,-0.08340294527992709,-0.5833639499268582,-0.7334967364401924,-0.9408843748032082,-0.6705741918776662,0.12104122578205263,-1.9908332760063445,1.087901409189378,-0.139
1.0449406318727488,0.31860335296096126,-0.3564322086220925,0.0036253915295517886,0.7010758421500657,-1.3191343738655534,-0.26366402215232193,-0.9447381447570723,-0.536418715455685,0.28845820435051506,-0.17081575218260825,-0.2139347445932928,0.7165064520782499,0.2981029088392895,0.12302262136894795,0.6472336621327551,1.8883276752850942,1.5783238812921248,-0.28142477210871647,-0.8338158067207094,0.6574961188565814,0.085
1.0477641486201912,0.014305441242037215,0.49093097512722744,0.13133703705097804,0.5495190562765274,1.0755785330373426,-0.26366402215232193,0.45167512188077297,-0.3132606792239499,0.11164729486538091,-0.2954418462750363,-0.45429737691659855,0.9724076923517486,1.3652261407171593,-0.9077527432328174,0.6543246921341958,0.042575257474083104,0.15919413740456748,0.3943285394826471,0.730558341693064,-1.0001909519119838,0.164
1.0505866587353472,-0.3460410013161787,0.35846925074071817,1.0183566350466942,0.07422785318264968,1.0499052062349354,-0.26366402215232193,0.550027435380305,0.16598800862809152,-0.06937783277219985,-1.8819040234107274,0.10243627891779439,1.5819350682266842,-0.033753573166745085,-1.0868771566458215,-0.5164220500643242,0.5496839176886493,0.476044020340149,0.8877358610035662,1.4231363197299634,-0.42227480476340173,0.146
1.0534081638100585,-0.8007825360981609,-0.19185748155099194,0.6246965100214609,0.36766451142099676,0.027730057129035805,-0.26366402215232193,1.2927009798864146,1.0593155647095485,1.080378658199627,-1.8066760703067668,-2.5083829008415433,1.2528068544032933,-2.1628907395681227,-1.3743420572913831,-1.2124644770673354,1.144444715926098,0.4258500128585891,-2.9584015094612073,-1.1566098388739041,1.9138184727042669,-0.339
1.0562286654317035,-0.7714238056798184,2.521741169777941,0.0036253915295517886,-0.0834801461248973,-0.7485727032401494,-0.26366402215232193,-0.2231598456006278,0.6779395356877645,-0.47369258795800795,-0.5262252783068343,-2.1798375466841686,1.72665172914378,0.27593176938503616,-0.42943659594170674,0.5222851971968797,1.649521546368347,1.7848179419159627,-2.551143802415459,0.04930046652815986,-0.031533214525772846,-0.113
1.0590481651832166,1.4473114166518117,1.555566139239502,-1.8732151299351931,1.8803373430039882,-0.63216003355145,-0.26366402215232193,0.42707133915508844,0.7142870810583315,-0.0062370315907251395,0.663351115781493,-1.233652910498421,0.1662661683758363,0.08775192314905758,1.1153323370221722,1.614987716037073,1.9650352985390689,0.6522052040002058,-0.1482367307958989,-0.6442183852220723,0.36659771223118415,0.208
1.0618666646431063,-0.5073214622232733,-0.5317002461864089,0.49709820633244417,-0.32088375292464705,0.36916676680550653,-0.26366402215232193,1.2357650112372474,0.20983633207764732,0.6486941494082874,-0.28155062858532237,-0.486790357664763,0.03103174132728092,-0.41905700577589355,-0.3192877612691156,-0.4346432574553529,-0.795422910734333,-1.2586135075911777,0.04890342168111319,0.08952056563896306,0.43098960355400395,-0.212
1.0646841653854713,0.8268463975158186,3.229143012869358,-1.7967805088632098,1.6244930367627086,-0.49537571995972807,-0.26366402215232193,-0.35541758215927205,2.4838312430221996,-1.0542122341135725,-0.19152501772464486,-3.73735382838364,1.2367699423322454,0.09880784182211214,-0.42943659594170674,1.4355286232056144,0.8644273730316152,0.4509393292241053,-1.8668306611806655,-0.08907407632330691,-0.6533109785990643,0.112
1.0675006689800206,0.3946192860562504,-0.30160169109832263,-0.41083428658662047,0.1991665715340154,-0.6169685376843212,-0.26366402215232193,-1.9833135529337678,-0.5844847325231216,-0.5405187800926594,0.6042521350613129,0.8241253868617049,-0.5164707718510111,2.1761822704762137,1.3318892486117562,1.2527935616571306,1.8781179035141766,1.5869095738291774,1.3777586011664893,-1.7818216204456236,-1.588991451021463,0.182
1.070316176992089,-0.4398660055092984,-0.5645303881672579,0.23159003450777169,-0.5617287174368485,0.282443031907484,-0.26366402215232193,-0.272733528223347,2.998772297575829,-2.769603284697515,-1.4936016931548024,0.8427164794279667,-1.839672096891837,-0.3421520518271441,-0.01881966160090209,-1.0274722923886361,-0.38655316363516184,1.5697397803598578,-0.9653301829223238,-0.26892723092470894,1.1716236960562385,0.254
1.073130690982656,1.5287264101176445,-1.0230311985851976,-1.1432494203047814,0.9826718375599712,0.5530262934047486,-0.26366402215232193,0.4680741426601826,1.2618126589814471,-1.3827578481875575,-0.7314819126787417,1.0709930581292504,-0.9275644006621923,0.22607176113870472,0.693350791733254,0.48233589319235187,1.1989060542936314,0.6017972007689132,-0.3071399859198793,0.6463225638468068,0.23419946145922993,0.157
1.075944212508361,-1.2326645493173825,-1.213443316875875,0.9274221030166553,-1.3007317955110833,1.8436011120930273,-0.26366402215232193,-0.6205298351967237,0.031197517335241672,1.7518179849516406,-1.2655248991634678,1.0259487398459424,-1.447382352576923,-2.5975410910940995,-1.3265057366650574,-2.0262536934388082,-2.0786272073070404,-0.8488510112980981,-0.10451535779553238,-0.5557872453862603,2.125374905998135,-0.431
1.0787567431215237,1.0134860355906208,0.3805361758046871,-0.8066186696008854,1.857725057186406,-1.3896694205828048,-0.26366402215232193,0.2875300195703036,-0.33139641208908177,-0.7060367473386705,0.39227969765063475,-1.5572379454930456,1.9761975434521686,0.709534984392279,0.3051842906850305,1.9917182404784748,2.083111649267174,1.210655590260824,-0.45056874074646086,-0.49111981079520745,-1.1396679751267322,-0.149
1.08156828437016,-0.48678989843796394,-0.18636738510454276,0.8271485083147738,-0.5453228452406367,-1.263690715220234,-0.26366402215232193,-0.9780585739260785,-0.2768409925523315,0.5263568890179248,0.4189331513345676,0.43726200536174026,0.9644040287292625,0.06564509157079049,-0.6316741398566549,-0.4664710259771649,-1.0370029368211686,0.17580819115815308,1.0808371578488023,-1.7083587712214734,-0.6360324236857968,-0.144
1.0843788377979973,-0.4662597688738623,-0.10398328300510706,0.07516569660987915,-0.9028146871213396,2.4714506524347852,-0.26366402215232193,2.5698757664800667,-0.07768804071587776,0.36864791628476135,-0.07449978972356643,-0.41652085244235193,-0.21522633326758894,-1.222099782476405,-1.7083786731663604,-0.6612974423632256,-0.7865581384376633,-0.4014829491858792,0.1090855626854259,0.887131077732898,0.17639102291868602,-0.18
1.0871884049444935,-0.7596810856550525,0.4467610690559515,0.9825913228608433,-0.11367998595150187,-0.08417903646171639,-0.26366402215232193,0.3285928431210949,0.5494047981782688,-2.318153772798595,-0.4910671474945216,-1.2046607916996108,0.1662661683758363,0.9721419978413661,-0.890254351852197,0.38857718655092793,-0.1710698952370546,0.9897999436872628,0.2039804571639645,0.24407985800905505,-1.9719635778449418,0.257
1.0899969873448556,0.1518701580281217,-0.38383696761161434,-0.05217767418504051,0.4114473787631845,-1.253607836990084,-0.26366402215232193,-1.3621336649439957,-0.3087190294338372,-0.5033297327335416,0.942553642133097,-0.4003744520597718,-0.41349124491538336,0.05459417340387224,0.7202043365057783,0.7965734890090103,1.4180973524483151,0.3089705861446379,-0.024207256819134774,-0.8219286924607894,-0.5359356003382768,-0.063
1.0928045865300513,-1.4591094489058787,-0.38931707560284845,1.1227007079576967,-1.2104890478070804,-0.06383927318430616,-0.26366402215232193,-0.41334234223920174,-0.3899968433770727,0.30858927115784046,0.0825602517093965,0.8612589854119516,0.5567968248564742,-1.7586040061368367,-1.3308557145916051,-1.7992121230434546,0.009891435679518338,-0.3113449517536975,0.6851668026648391,0.7025077879247577,0.06400439074955873,-0.218
1.0956112040268318,0.043580669707655735,1.2830597876652325,0.0005209433750557628,0.4828200144992162,1.0396376008265398,-0.26366402215232193,0.8608243737795208,0.20007023589366127,0.2817354469372295,0.27850410139703313,-1.6830392007590727,-0.18347642706817752,-0.033753573166745085,-0.6624004434928843,0.3161407156834156,-0.10633195236828767,0.15919413740456748,-1.0949207135516235,-0.06018449905581253,0.2885536890993656,-0.007
1.0984168413577433,0.35661433205348764,-0.005042285619837159,-0.6966622540334857,-0.7920022631081922,0.7474169817328522,-0.26366402215232193,0.11487028492822943,-0.01160658115055281,0.10476285459773951,-0.07449978972356643,1.0259487398459424,-1.5259463858283735,-0.2266499122344893,1.074810199518833,0.5552310373263972,-1.2742401262008394,-1.4576448108724693,-0.8031774078965376,0.887131077732898,1.5453961487314734,0.092
1.1012215000411487,-0.4662597688738623,0.0994888796852108,0.7594650273798492,-0.5992493632233671,-0.28232341617351203,-0.26366402215232193,0.6400961579391765,0.6469092247826657,-1.8746445091058948,-0.3860015786741368,0.5635910140124456,-0.9433489681735524,0.6036640416055944,0.1052765019992383,-0.2040638881063038,1.1098582117828002,0.6017972007689132,-0.07349117747652936,0.5618321673311323,0.22060278852412443,0.226
1.1040251815912387,-0.9153076659029743,0.8670065888448454,0.9047424014434393,-1.0138571626148378,0.18558999393057987,-0.26366402215232193,-0.5375956229140675,0.04074393505147718,1.6136004868954308,1.1405784616427668,-0.1508353658586151,0.05488694442685314,-1.460957131330952,-0.7764147985143878,-0.5391014131292629,0.03323074881243475,0.0928077023709738,0.27403111257521295,0.9094288198185081,0.778849720094344,-0.396
1.1068278875180524,-1.2326645493173825,0.9833706363800876,1.7712433315295082,-0.5101864587626236,1.507839922521619,-0.26366402215232193,0.2793153164891592,-0.6752220704798126,1.133724198848258,1.4974893746055282,-0.8398516893475442,-0.10406871346718807,1.151538535704899,-1.439525933353882,0.526989167153832,0.5256787822165622,0.0679416453909097,0.5006794574447057,-0.8576048209471705,-1.7162367821098101,-0.094
1.109629619327492,0.9231038360649692,0.7230811785215584,-0.1971088990279743,1.2199581657347385,0.017552405157128824,-0.26366402215232193,0.8036457777101749,1.4067718227502566,-1.1811364385660628,1.0387146893194883,-1.1353695236771366,0.3813222799973527,0.6872327234417476,0.5949809238633302,1.2091717211328101,0.22106720117495987,-0.05615135554972664,0.11506675303169633,1.7445821328120423,-0.49112963591985853,0.102
1.112430378521339,-0.047183171022720426,0.5903711451918052,0.02226260867058087,0.5035267772493576,-0.35845272668114414,-0.26366402215232193,-1.1198097145995538,0.6108525514436969,-1.4727509806697965,-0.767101362408801,-1.4859087847968444,0.1662661683758363,0.3480131776291123,-0.18246760742682755,0.04676880592260706,-0.6708135203730904,-0.09742741280898624,-1.3763492346285808,-0.8576048209471705,0.9335655536241102,0.446
1.1152301665972704,-1.3032289775251937,0.352953150257045,1.2373323073030111,-0.28124312098135335,-0.9507995044888152,-0.26366402215232193,0.45987498192471027,0.04074393505147718,-1.014885792451741,1.064249245723896,0.24398438515017093,0.6685749622715296,2.119101412798486,-0.41182409050589164,0.15559845306330336,0.5881538668642171,1.142582145914563,-0.3524095086916935,-0.2049620841732229,-0.7121037016743729,0.271
1.1180289850488747,0.5407349297576168,0.7175488121164265,-0.38350068953228056,1.112811630917318,-1.2989754218496956,-0.26366402215232193,0.5664097689688681,-0.07298820534019253,-1.3746154875248906,1.5652852700823954,-0.89044577575755,1.6381978586207353,0.7597418857668619,0.35413951771987484,1.064391397974752,1.368093271052772,1.210655590260824,0.62629128519829,0.03779756834736368,-1.1746046068764044,0.085
1.1208268353656698,1.2872906006614009,0.1545433498455441,-1.160593030041453,1.9323248654114231,-1.8373145407476443,-0.26366402215232193,-1.5212420936601487,-0.11049968425568395,-0.240237046890235,-0.0402320573218962,-1.0664879984282918,0.45308106394909337,-1.569309595341079,0.2740492576635675,0.3464935466366691,0.5544885102463526,0.49278900991037916,0.2913945222699716,-0.3564098681273514,0.07082216582974143,-0.162
1.123623719033116,1.9904508340246616,0.6345922857327798,-1.8868113965291047,1.2973797941464247,1.198897142280506,-0.26366402215232193,0.7709575218795187,0.9999690810024519,-0.0553027129231407,0.2381557002215965,-0.46511677586534766,0.1662661683758363,-0.9280267855011897,1.8173723375807884,1.389083151339585,0.0566014149636199,-0.2785133682254157,-0.5906521719330577,1.2253326230255053,0.6338714019040064,-0.115
1.126419637532633,0.014305441242037215,-0.4221917966277835,-0.008789388217712952,-0.29756207932803247,0.2926425818770194,-0.26366402215232193,0.5418352309472521,-0.3855075994883594,0.7750789669251248,0.3989472546651158,0.4812203406697405,-0.24696868059168756,0.1707121897441108,0.24737336619079192,-0.017869939346089117,0.09874736454502399,-0.8650131419067268,0.439394649443142,1.3847755392773144,0.5426603366374108,-0.011
1.1292145923416161,1.2145091782470152,-1.0937984322729624,-1.1577039795987438,0.8843495832936566,1.1063946930351756,-0.26366402215232193,-0.15710412097894594,0.031197517335241672,-0.01322763983406569,-0.6959301177925796,-0.49221599702959884,-0.7379942399807329,-1.509732486263314,0.7112519400501814,0.06295115224042928,0.5448805128590338,1.1595907197161268,-1.1606081636979717,-0.3622525339368683,1.4688096604470666,-0.102
1.1320085849334525,-1.1562361960542276,1.210851770246562,0.6887718823843478,0.38149386278155084,-0.3787464764019226,-0.26366402215232193,0.1395554808410155,0.8400993610631162,-1.621704635165472,-1.0472479032999473,-2.3242328833338077,2.379507295384013,1.399032755043748,-1.6650772615189426,0.09765846348365116,2.0985535660569057,1.3214968625284342,-1.1313400460113676,0.42043765128228705,-0.36382110098785203,0.14
1.1348016167775359,-1.8594125317347256,-1.2732123614508517,2.016787187426638,-1.5793975914205616,0.15502075064211704,-0.26366402215232193,0.9913957783796954,-0.2402234392944407,0.3420171063038596,0.9103575928331212,0.5732246908356843,1.46144053890775,-0.7149831354017044,-2.6680456854888535,-1.6412740630993345,-0.3455133443018612,0.15919413740456748,0.9079732969009262,1.646865031029912,-1.0106369621555258,-0.211
1.1375936893392806,-0.35190416551860204,1.3664237655451892,0.9144596206353031,-0.36055482086958135,-0.21630894479633223,-0.26366402215232193,-0.35541758215927205,-0.456966500751568,0.8311546904442041,0.04854111745268954,-0.19812042704839106,1.068485343421844,-0.7095130649378592,-0.6404543942276716,-0.6612974423632256,-0.8573203625201585,-0.7192845098756935,0.9978153417204153,0.9928924638230792,-0.0008065469071008981,-0.115
1.14038480408014,-1.3943959571948306,-0.4221917966277835,1.6209411997944356,-1.2983552803292575,1.4872142291522983,-0.26366402215232193,0.03253882119221469,-0.4924011664359301,0.02166286360291775,0.6895440626185205,0.0973381160755601,-0.43726297299153305,-0.12199629870369778,-1.2742868835796082,-0.8549824333491669,-1.4987916981904827,-2.1947917223407765,-0.11074071010573629,0.14687059520455395,0.06741338327663562,-0.056
1.1431749624576195,-1.5032390324402656,0.5848446017749286,0.9598591888210176,-0.4306383653911815,-1.0921882228375077,-0.26366402215232193,-0.5707597687158856,-0.8900121859372432,0.09097526686342389,0.3655815277700233,-0.8848127486777474,1.2447881860241936,0.6649377606919751,-1.3352054479044229,-0.622877487258942,0.08000335285674978,1.0406682064501056,0.9381432046676735,-1.1746456223465154,-0.913232370847401,-0.038
1.1459641659252946,-2.2306571706152516,-0.7339853573960566,1.2471822138527875,-1.5125999073702248,0.7013471107333331,-0.26366402215232193,-0.3306042904553342,-0.32233471779462686,0.8559187293471932,-1.4050104875008114,0.2489967254577397,-0.11995401243917411,-0.5890763507899348,-1.0301275798190803,-2.0414902400099324,-0.3592051063097658,0.8375522563808845,-0.129457862340947,-0.15854315222051146,1.3954716091694384,-0.254
1.1487524159328226,0.4530765425584553,-0.38931707560284845,-0.8214173901014055,0.3169314968506086,-0.11976582843219026,-0.26366402215232193,0.4680741426601826,0.7351275319764006,-0.25463875693726984,-1.309469024848999,-0.421908792948492,-0.1517189806163755,-0.665739005585414,0.6978256236289829,-0.04092039846952259,1.7001338811737925,1.5182686437618,-1.2194990749578283,-0.6737586203709727,1.6119231730506096,0.081
1.1515397139259593,1.4385864078358712,0.6401210247604562,-1.499836673215839,1.7604291589986845,-3.103203722762842,-0.26366402215232193,-1.4039781155097442,0.15142850220237006,-0.3780713108320666,-1.6197600994388515,0.0973381160755601,0.8284081988694573,0.6593651574245281,1.0118267569634791,0.9755741748681271,1.3581056560522733,0.28396888401815146,-0.8101478947571714,-2.493808855963373,0.05718577522130659,0.347
1.154326061346576,0.008450001844576147,0.6124797638127781,-0.027396471744640005,0.46440862152515866,-0.23154601800312574,-0.26366402215232193,-1.6218698102357834,1.860814633834624,-0.6228931662148455,-1.612317820214396,-0.3360503952377542,-1.0380141989822713,-0.7805948864400098,-0.5218320730905268,-0.5277637250356666,-0.9408843748032082,-0.5322005827649968,-2.1441786090769326,-1.8247490707452012,1.3520976879200508,0.147
1.1571114596326708,0.2367133629241113,1.099837227976947,-0.9480843493902661,0.2984731448771696,0.762777790819935,-0.26366402215232193,-0.48787311516044174,-0.5844847325231216,-0.22586051725583753,0.3655815277700233,-0.9809634167483998,-0.6431024917500591,1.8118537512559179,0.9803581916244657,1.1704704518384579,0.04724939135452545,0.0928077023709738,0.12700898443636224,0.47708298699498286,-1.5501900825307173,0.036
1.1598959102183868,0.22208728162919447,1.0942888965925381,-0.7026257765257956,0.5610122625514693,-0.5713839461570567,-0.26366402215232193,-0.5458854708378097,0.16113169710665892,-0.6078588380980108,-0.20534492869039242,0.005066961337835009,-0.6272803431441636,0.6370792824009326,0.3674970622340839,0.46355740599530215,0.6025996361239339,-1.3781790922702202,-0.49027475700184964,-0.6147096689382805,0.01966831723715884,0.058
1.1626794145340247,-2.018474467430594,0.3088334597649579,1.8786193262032758,-0.9831207826621631,1.209180232070319,-0.26366402215232193,0.10664042983477413,-0.040002076438923624,-0.7440839858597448,-0.4700049497339806,0.7914741785698561,-0.9670220613381636,1.6475174522616196,0.17628831719111063,-1.4849015797019833,-1.632547425552752,0.5430648335402681,1.1288507427914707,0.8257228535597358,1.1247525980862045,0.249
1.165461974006059,-2.24539624455715,1.7616823327306854,1.6576060750828308,-0.7402142944702248,0.48149120338977613,-0.26366402215232193,1.4633225033532566,-0.36751983627367374,-0.8206567876622466,1.4913086839396306,-1.8649019911815226,2.07290063461941,1.806179367075155,-2.685158608122417,-0.2841625552093691,0.9279649233160115,1.6126761930072686,0.4281673192021078,-0.22820355186052782,-2.1899843032929924,0.015
1.1682435900571522,0.017233111830547522,2.169188358357803,-0.657844352754444,0.8271259719559315,-0.22646719179771646,-0.26366402215232193,1.4714404232119769,-0.06357918577837214,-0.6078588380980108,0.9554121494396846,-1.7433799221353201,1.1886694117043604,0.6537930083485483,0.32743230243305554,1.2989356294372936,0.9573553003252515,1.0067494417972762,-0.2686088251311448,-0.014028849583657726,-1.8403378459350928,-0.03
1.1710242641061674,1.4618522429576648,0.5240688246261158,-1.2555806894325516,1.1652630106536987,-0.05366817270310464,-0.26366402215232193,-0.0663561631216217,-0.5495643047146915,1.8039200196975023,0.0417289909731208,-0.6949970772137225,1.5497940300087485,-0.144040722641382,0.34523594711023325,1.086048315526851,-0.1710698952370546,-0.646194029324876,0.07305715513710263,-0.6914978439064451,-1.2935954931408755,-0.559
1.1738039975681884,1.5665150694116947,-0.06551654646930485,-1.5950458413005464,1.5496394642689941,-0.5511192434750243,-0.26366402215232193,-0.5624675428835559,-0.12918072593600735,-0.6984464139595578,-0.7528454680091207,0.3287902574795269,-0.35007887900456774,0.08775192314905758,1.3183325759206155,0.8251230569689726,1.9036502476274826,2.514610795157542,0.0549519804163361,-0.019793772639855968,0.23080059867623554,0.046
1.1765827918545273,-1.347339060054882,0.9113235622336932,0.9209399781187794,-0.6274094688197468,-0.297552797903862,-0.26366402215232193,0.03253882119221469,1.1737011090995777,-0.13302618007116943,-1.5306275683543007,-1.2860174996178655,-0.1675986452136463,-0.09994539185708107,-0.899004058287004,-0.9446943058551596,-0.5631524156485251,-0.9779370537217087,-1.3162093357314495,0.40342105718611976,-0.11697636662445433,-0.022
1.1793606483727443,0.9872502475871718,-0.903153966826617,-0.3713385186132024,1.415649101320523,0.30284299328615627,-0.26366402215232193,-0.2644693410650202,1.0107302620793894,-2.5508432785718673,-1.2289782016381945,0.4909559530721181,-0.21522633326758894,1.151538535704899,0.823244651512777,0.9635982078804324,0.8546696185232547,1.142582145914563,0.1389243734577441,-0.9290896609091206,-0.6948043716379122,0.263
1.1821375685266582,-0.24052483237357464,1.5444331205863442,-0.46537081047890827,0.13672955330871167,-0.47003015736082976,-0.26366402215232193,-0.9280826444512411,-0.29052154717304296,-1.0778851533190754,0.1774453820443185,-0.2668389577809051,-0.5560565480451151,1.6135733106733399,0.7157279862894987,1.110136148872795,0.7767739991839901,0.753203074052892,-0.6176889641755019,-0.2398322611158596,-1.5466644955834552,0.146
1.1849135537163633,0.5056755738792359,-0.4002764458510317,0.3860622415554755,-0.3372151845635761,-0.2467813093032803,-0.26366402215232193,-0.1736135153948232,-0.6192097889800564,1.3649220392348782,0.24488739095003123,1.2086782224960007,-0.12789595863561945,-1.509732486263314,-0.8070810201734359,-0.2978727479976016,0.4108697253654025,0.7363533055521126,0.7746436145452343,-0.7566380097123503,0.26817692269841775,-0.264
1.1876886053382432,2.801375728937032,-1.6581667334578152,-2.5146357245635547,1.9323248654114231,1.3429535356745692,-0.26366402215232193,0.9669265461174095,0.5749522428204705,-2.309293250449365,-0.9390144780507751,1.1734298347619236,-2.214996280319127,1.3764929727403896,2.2150316979272873,2.4351675200195766,0.7233931454221892,-0.10567730594470016,-0.1482367307958989,1.20879013315853,-0.5014659350578853,0.376
1.190462724784983,-0.18485181924165373,0.7009531571751417,-0.03979111407178297,-0.0881252143895273,0.3385512382767202,-0.26366402215232193,-0.42989926648398163,0.8612478763667967,-0.4959109423332922,-0.36506216199009195,-0.10378742108860108,-0.24696868059168756,1.4272189946448242,-0.53062551896867,0.1997128632582786,1.2038638007578844,0.5179192685211929,-0.129457862340947,-0.25728527146995056,-0.9271348333163911,0.015
1.1932359134455859,-0.6510820525768798,1.1442321154713164,0.8239210007851876,-0.1299482250403047,-0.23154601800312574,-0.26366402215232193,-0.21490022902478034,-0.8900121859372432,0.3951797396429989,1.8329388370540116,0.13804073094982344,1.6060452064118411,1.3652261407171593,-0.6272836190532395,0.5693636338311833,0.09405949241568477,-0.6055234902368891,1.255475124878855,-0.5970196151391478,-1.737483556480344,0.021
1.1960081727053842,0.4121579853707724,0.8282416233210945,-0.7918055148126846,0.1251600862517097,1.0396376008265398,-0.26366402215232193,1.4714404232119769,0.41784004488117993,-0.04125264733337227,-0.36506216199009195,-0.1508353658586151,-0.1675986452136463,-1.4230016870262434,0.0077537899809742876,-0.735750448995861,-0.2814628033063744,-0.4178481393874971,-0.07968234767640431,3.13512028506857,0.373379165411215,-0.093
1.1987795039460567,-0.395881728022734,-0.09848884264115755,-0.18481849853243904,-0.37456373355963757,0.37427011729212156,-0.26366402215232193,0.17245890727017854,0.5647237064376006,-0.6153728242496822,0.916802489465211,0.985147104539605,-0.373862105276405,0.8658572886026148,-0.34573886397525744,0.07220231136756851,1.2733893324283885,0.04309137060832438,-0.3264994108093715,0.8480683513520548,-0.09987692536013108,0.283
1.2015499085456414,1.0776032408673084,0.07747441333753217,-0.9773854114775835,1.1059675819944357,-1.5155432945149603,-0.26366402215232193,-0.8781350669827817,0.3727982943391919,-3.0672371924221022,-1.0255528503050944,-0.5030759651860649,0.4211837678111433,1.348329705755154,0.3318827768962431,1.127013151488774,0.9279649233160115,0.5766160195719684,-0.45056874074646086,-0.6678480572187527,-1.283083321288944,0.384
1.2043193878785456,2.0629621852414064,-0.9358625089182843,-1.426503522292655,1.8034330627007906,-1.1325597360879096,-0.26366402215232193,0.13132780970453786,-0.044723735987379734,-0.5256241373441525,0.4388938742345489,0.10243627891779439,0.6286442127079773,0.559135592608349,1.5628069028357756,1.7438489704047082,1.9650352985390689,1.44972993985504,0.39998468879271615,-0.18754497245774823,-1.1082482452919034,0.05
1.2070879433155668,1.1650014760591685,-0.3564322086220925,-0.7294335761984787,1.4815349153144333,-0.05366817270310464,-0.26366402215232193,-0.6039366241446826,0.4934805854410563,-1.6133742348207911,-1.0617246934935463,-0.16132267836098924,-0.1993523238611066,-0.6328926594710023,-0.0011051491467896407,0.4659039797330163,1.2286692807968103,0.15919413740456748,-0.7684330807703125,-0.26892723092470894,0.8158820897102566,0.179
1.2098555762238985,1.2174209850335835,0.5737922496905079,-1.7611194329418753,0.4667103237097029,-0.23662464621906812,-0.26366402215232193,0.2135719135387012,-0.5144482133963207,0.5068375492362347,2.0831165901554436,0.8889815603288792,-0.40556637546914315,1.528796280087247,2.270095232371827,1.9162492805825686,2.2483056507323367,0.18411782927855633,1.143136665835041,0.7417707595857171,-1.7941974121578759,-0.081
1.2126222879671498,-0.16727320623368863,-0.7612901975089182,1.2636072183237943,0.34230301323546825,-1.5457376185552134,-0.26366402215232193,-0.4961582302380921,-0.29962646604321813,0.5652293849710095,-0.37203923503800984,-0.24035036331966028,0.38929367549719285,-0.3806141087605545,-0.8421126667927076,-0.036311760930781874,0.6170560389903734,1.7072759378722282,-0.7823092040309928,-0.9171632896823424,0.7080894857290608,-0.048
1.2153880799053551,-0.7039092300075114,1.0388182211707468,0.45261467515206066,-0.23930332641356597,0.9524024554426043,-0.26366402215232193,0.6810090425048304,1.4236398580849863,-0.4589120205368783,-1.192498302353968,-1.9015768098519732,0.6126750155194696,0.8490910415687494,-0.18688526726309568,0.13240819253746364,0.028560375334190948,-0.1304163299359199,-0.7338686149358623,1.8636058182913342,-0.08278290774803451,0.049
1.218152953394991,-2.342687471459569,-0.33998598663407964,2.05058663819968,-2.3206928727336473,2.1077999619556604,-0.26366402215232193,1.5606964496015256,0.09828545281757055,-1.3746154875248906,0.13684687087990202,1.23935848266233,-1.518092346623417,0.7820680399557058,-1.456899088865876,-1.5884865546563744,-1.7072071252496823,-0.3195483458550765,0.6691863925154996,0.2897025348789645,-0.6083993312075758,0.071
1.2209169097889856,-1.4708768052293055,0.04996224354842315,1.060692817919631,-1.8520284831129505,1.1115315893593283,-0.26366402215232193,1.5769167567176965,1.6744252858061917,-0.26906565703399077,-1.3902825101779803,0.673652094223545,-1.6436935637216876,-0.055824049276666385,-0.46024816578294986,-1.965251248564071,-1.1194548552249213,-0.05615135554972664,-0.5974007048041737,1.5379312691008704,1.0677918459203004,0.139
1.2236799504367348,0.07870658881057042,0.6511792318249405,-0.31345199256065726,-0.004572221562191852,-0.19090985156427842,-0.26366402215232193,-0.662026869931345,-0.3765198765387659,-0.9913669312258861,0.10972572789018956,0.4763480449940085,-0.373862105276405,1.0505670563704779,-0.2751808832043069,0.7823113589331968,-0.2447479188563333,0.2506574728007266,0.8673988293470652,-0.3856362443259311,-1.0524447863266735,0.26
1.2264420766841153,0.15479626319558012,0.6843596723168405,0.28505185769585806,0.717130861087123,-1.3392906169026686,-0.26366402215232193,-0.8698132377068142,-0.17566574549655872,0.4545148408521957,-0.4770229577068197,-0.7783299836896059,1.2047012191095665,0.436829399079548,-1.7905864624051653,0.4964286325248043,0.29675449200194615,0.7953567875316964,-0.3071399859198793,-0.7625673240490531,-2.1720646221869124,-0.145
1.229203289873496,-0.7538098916184298,-0.16989545759918276,0.5576150189877419,-0.2067063484767296,-1.3443292552413573,-0.26366402215232193,-2.1434418240783177,0.32305266669333943,0.0007473216488436188,-1.4123784670184716,1.097872450750022,1.3169714622448152,0.38685653502020756,-0.9339926781715587,-1.0632079901035438,-0.20334463439463543,1.5783238812921248,1.0224171439973393,-2.6127919226227676,-0.5462811183457829,0.139
1.2319635913437528,1.5229121471591098,-1.0284766459058077,-1.3356347006749982,0.8317054940420073,0.9780525463126387,-0.26366402215232193,-0.7783255706549003,-0.5012291751542859,-0.1971829606292944,0.7287488300516037,1.1822604380192414,-1.2113778427882735,-1.1241909132346997,1.4585607442809005,0.7775591802809486,1.0162593049860107,0.20905717665878926,0.13297003249477876,0.4487750148722715,0.20360235777072014,-0.072
1.2347229824302803,0.3215274869926909,0.4191629792209428,-0.1448176605090502,0.655184297991881,0.7576572878200202,-0.26366402215232193,-0.14059774066411,-0.05887000049015863,-1.173155422675434,-1.054484956572381,0.0973381160755601,-1.7534829051690877,0.1430482641647161,0.18516993158929387,-0.001723766992430008,0.9377571398193991,0.7110912293888711,-0.6244659491133966,-0.21658015683655688,1.0309078842180748,0.097
1.2374814644650072,0.44138625414413585,-0.4879105904939299,-0.03049588917942309,-0.3232164978569972,-1.3241736883054325,-0.26366402215232193,-0.39678853138941256,-0.5320307352244008,0.8062931449652062,-0.5826197594897331,0.9896928501347079,0.7804397748252158,-1.037064319411043,0.14965033513260015,-0.2040638881063038,-0.6886808449622613,-0.9053855624667698,1.4087617637966001,-1.1145679782216433,-1.0838257895653483,-0.3
1.2402390387764066,-0.5747923361820062,0.2812669100458032,0.8142411626871028,-0.7025838495769999,0.18558999393057987,-0.26366402215232193,-0.09109662246315604,0.7717216861933528,-0.5629083273684885,-0.5191882077939487,0.6593866155579473,-1.2507442113422778,-0.2981718253387215,0.4075854903705453,-0.10996344080308333,0.8156847706586922,-0.5892423741195348,-0.6312500557384181,-0.13536564881153063,1.425483221434761,0.267
1.2429957066895088,-0.0032612691959208063,1.4665263820406238,-0.25843625470987386,0.328465251525836,0.07353971911752824,-0.26366402215232193,0.4024612383257299,-0.836008562540126,-0.027227626230937246,1.0833701647106084,-0.3360503952377542,-0.11201159728733835,0.6426500712229722,0.7649845919559899,0.9803663016892409,1.006430586156573,0.5514500855701481,-1.0731573829701004,-0.5440180242082847,0.01625637050487883,-0.004
1.2457514695259173,-0.7156498375417814,-0.06002022348933256,1.1161662129804935,0.15060998678773097,-0.9002698385675463,-0.26366402215232193,-0.9447381447570723,-0.29962646604321813,1.098214815239948,-1.4936016931548024,-1.0207949803427718,1.4534109097421712,-0.2981718253387215,-1.1305018464323597,-0.93125234954134,-0.24015272397172574,0.16750029353416687,-0.638041287518208,-0.964898009275244,0.4343766817163788,-0.117
1.2485063286038176,-0.18778169764041663,-1.5498709958856292,1.1031024014861988,-0.4610385335232536,0.4610606342672034,-0.26366402215232193,-0.23142022196126794,-0.48798256540639084,0.11852550104708504,0.1774453820443185,1.066502419508512,-0.6747409214046305,-1.877382479642347,-0.8421126667927076,-1.0364095998007345,-0.9584117907115572,-0.212763990923534,1.1903643409858045,0.043549655070039224,-0.5876846370955666,-0.255
1.2512602852379922,-1.4355759029128314,-1.804194569657895,1.8550959978543466,-1.3673110647004871,-0.5460525965274676,-0.26366402215232193,-0.2562059176546459,0.3727982943391919,-0.6379529222873969,0.2381557002215965,1.5502376689903419,0.2538415456978916,0.015929027699136566,-1.0475935132080136,-1.0676724211215727,0.5977831974433672,1.9922177927394158,0.3829965895217998,0.06654526438445535,0.3157114395221034,-0.002
1.2540133407398335,-1.7121919611144285,1.149782503608624,0.885319922148907,-1.002033464601165,-0.29247653352005926,-0.26366402215232193,0.6564633616342742,0.16113169710665892,-1.2131249155013386,-0.0402320573218962,-1.0607663897229251,1.437352907766845,0.5758303957146897,-1.2307441227531963,0.2299367363323057,-0.06458271767732615,1.312960889705551,-0.05495860861695095,-0.6265093659849873,-1.241059883776764,0.034
1.2567654964173536,-0.35483579282441896,-0.43862533604154313,0.608706296522178,-1.227102632147026,0.7371776074383959,-0.26366402215232193,1.406479535308135,0.5392081173608927,0.1869649603900852,0.1774453820443185,1.4244903659470842,-0.6431024917500591,0.37020677340337865,0.06093105351783401,-0.5821484666525437,-0.6842160655446096,-0.5158864268587654,-0.09208517989141855,1.4887859019980503,1.3153745653989242,0.267
1.2595167535752005,-0.26103875998027654,0.37501906645353367,-0.23086471769769173,-0.4633777863217981,-0.5409857607864109,-0.26366402215232193,0.7873029964785909,-0.2310381008219263,1.3137389110119388,0.5052476044215712,0.13296324369843307,-0.1993523238611066,-0.8188437203771521,0.20293659766954117,-0.38228517968635495,-1.4609301943275776,-1.32243641730007,0.3316778720401817,0.4601017215844682,1.285313208486672,-0.079
1.2622671135146681,-1.2385443645473841,1.4776532947144885,1.4449774148945782,-0.13924650967200794,-0.10959918333097848,-0.26366402215232193,-0.6122328303380696,0.2588557985101501,-0.6984464139595578,-0.9030711657089824,-2.0060346079225857,0.7804397748252158,-0.5123391682115377,-1.613084299151699,-0.27730516799782545,0.2825392815011943,0.49278900991037916,-1.1021898593606703,0.06079826968167053,-0.09303866850381519,-0.12
1.2650165775337083,-1.464993078540191,0.45228143616269123,1.4814030278004995,-1.106167197468,0.9370153043356512,-0.26366402215232193,0.9016461831471969,1.1737011090995777,0.5910213941112505,-2.3003479774203552,0.33375208140330603,-0.024614161401920482,-0.30367073455235566,-1.1871766581715,-1.7400591902991942,-1.269965786381111,-0.04789083306113964,-0.37843127510579916,1.1646318809148968,1.3287307817555654,-0.019
1.267765146926946,-0.7978465392754226,-0.9903521239088634,0.05336463631158422,-0.8792180020139891,0.1499266146244519,-0.26366402215232193,-0.7035440020820668,-0.3449658178274267,0.9357294666840906,0.31875224350667325,0.8194700265605572,-2.168150531838329,-1.1296332984485584,0.8770693273898307,-0.8841643929817394,-1.810231320183769,-0.5810990562321643,-0.2049445751294427,-0.6796704397968892,1.887330079050244,-0.106
1.2705128229856881,-0.26983090472832044,0.352953150257045,-0.0025830027949990046,-0.5336078413563844,0.583697663890735,-0.26366402215232193,0.32038170166752544,0.035969161833606024,0.035575305703919466,0.5515283712761446,0.6403237878122402,-0.00871765549069054,-0.055824049276666385,1.1243407560542358,0.11386969943834035,-0.1572185951765536,-0.3195483458550765,0.21572205351339785,0.08952056563896306,1.0577346957147966,0.002
1.273259606997937,-0.16727320623368863,-0.16440426979499434,0.7530293275481107,-0.09973956997220583,-1.0719982791835594,-0.26366402215232193,-1.328671659030884,-0.636499144460328,0.58458261017556,0.787365253878223,-0.7950741811187513,2.024541830532267,-0.12750801168174322,-0.9951836089996439,0.0560147433717248,1.6748142941594264,2.7602637582326723,1.296715139029761,-1.3858464118759906,-1.6313621574402746,-0.213
1.276005500248404,-0.009117100476558232,-0.33450335297145134,-0.018095195435926713,0.2661580740495595,0.048087837236477,-0.26366402215232193,-1.0113915379237295,-0.76039184525449,0.04252215467780104,1.8869868235675415,0.02051177088002148,-0.30249954350513775,0.015929027699136566,0.3140826238468971,0.574076235544922,-0.12022545481699302,-0.212763990923534,1.2184125010947935,-0.8933252045681309,-1.409398347006039,-0.071
1.2787505040185203,1.0368038131193538,-0.8704343875939793,-1.4180130955731634,0.6873115087525207,-1.1376053925372611,-0.26366402215232193,-0.886457687983612,0.6469092247826657,-0.11175361544805647,-1.0907104678217334,1.177846677824319,0.5168972004253365,-0.8024535819905372,0.8411812719254864,-0.19031147971609944,0.3775140814704379,-0.09742741280898624,0.9431498393986553,0.13541062483110575,0.16278042418393202,0.127
1.2814946195864463,0.03479844638053361,-0.7175988758670913,-0.26455751436094704,-0.7802276278002661,1.466592826940141,-0.26366402215232193,-0.1983832720773562,0.6262862541731297,0.1937746733475146,0.46546898504510886,1.4371918149404015,-1.2349992040645332,0.9161813988719242,1.043310740424604,0.23226301703299004,-0.5946341938590951,-1.2186610977879826,-0.5369193739325185,0.30109604441614035,0.3564240436152129,0.013
1.2842378482270904,2.0397609973870283,-0.15342107758425758,-1.8350609714661543,1.6380959487124893,0.47638322807487404,-0.26366402215232193,-0.8448525072347977,2.1045777362110623,-1.1651808458490147,-0.824233045480803,0.3138869328214309,-0.34215018162801664,-0.7423278833031457,1.0343137399548923,0.6472336621327551,-0.3728850526889677,0.13428612798217746,-1.9393744500885775,-1.5680074698853748,0.9872901825164765,0.039
1.2869801912121135,-0.40467804835951243,0.5406410844902033,0.34496780654851467,0.25923125717004747,1.5129970184687567,-0.26366402215232193,1.1543734207929317,-0.5714124828839613,0.3819261962493176,-0.8600281009124215,-1.1008774972815907,0.9724076923517486,0.1430482641647161,-0.9033785283894804,-0.14442472561873743,-0.09706324586152265,-0.5729538999741112,-0.4045649326593727,0.19266064856260154,0.006019257371230156,-0.237
1.2897216498099455,0.2396384755558689,-0.5207545567643608,0.4113909929656669,0.36766451142099676,0.1601150971854123,-0.26366402215232193,0.22179235171851797,-0.575772953060693,-0.400042895584886,1.5468303596895643,0.7727496699983887,0.24587786307899825,0.3091910587895999,0.43878181037069447,0.6212503340858382,-0.3043673613047031,-0.17161245561666147,0.7327648324414169,0.08377863897386123,0.2104031429310137,0.116
1.2924622252857951,-0.6158690199273211,-1.0937984322729624,0.5512369300571388,-0.6203678768487692,-0.5713839461570567,-0.26366402215232193,0.01606371930191215,-0.4079230481682648,0.8373548381359419,0.7613417880958555,0.323825457715652,0.32553517011045746,-1.677527642494766,-0.34573886397525744,-0.9334930367187246,0.4729723565117425,0.0017093921672749095,-0.7545857353181474,-0.12957458622970952,0.9872901825164765,-0.168
1.2952019189016621,-1.7740175987609106,-1.8528275005265173,1.9560467108139814,-1.2864740768698613,-0.25693718228945556,-0.26366402215232193,-0.6537258586819944,-0.3765198765387659,0.7750789669251248,0.4056120163377651,0.668899949358725,0.4929627888544884,-1.6937488633017148,-1.9072629019842957,-1.7816944776437025,-1.674075538856513,-1.402039443333103,0.3374062565795379,-1.6472630628189724,1.2585804859580436,-0.16
1.2979407319163498,1.9701436035535682,-1.2949378423393345,-1.889528756002501,0.6322272866337448,0.134645467976816,-0.26366402215232193,0.36143031347157833,0.16113169710665892,0.22772997485225221,0.3053473436630449,0.8287777128971069,-1.2743578649405591,-0.7477957138669296,2.0730269886833943,1.0163391430960622,-0.45924904319085524,-1.7892305667127497,0.0850935553538812,0.08377863897386123,0.7215739413456963,-0.072
1.3006786655854754,-0.2463858004494741,-0.9249608917403727,-0.1448176605090502,-0.6274094688197468,0.0684489279035053,-0.26366402215232193,0.49266743573418126,0.3280129973294058,0.15282306395177148,-0.8170821311843236,0.4909559530721181,-1.2900977250534977,-1.471798476541811,0.02990605492493586,-0.6477425710132223,-1.932861148843889,-0.1880784279866015,0.23912537754345364,0.32386854913097574,0.8394365921663681,-0.23
1.3034157211614812,-0.4955889648042377,0.8780844196392085,0.02226260867058087,-0.5992493632233671,0.5990364016198253,-0.26366402215232193,1.219491835529049,-0.6666382750316477,-0.7517125560637737,0.6239771389236035,0.9395216943706322,-0.01666614107228591,0.8490910415687494,-0.6316741398566549,-0.04552831072171739,-0.2768779871914257,0.32564701274601654,0.2913945222699716,1.5978920215951031,-0.9688670992742575,-0.003
1.3061518998936485,-1.0475027209316483,-0.1973473045923408,0.8432927489215283,-0.33488180566956993,-1.6262269609236932,-0.26366402215232193,-1.0030571241748385,-0.3585074741924711,-0.218681692079205,0.21120112748819259,-0.32003483150658474,1.7507841584979926,0.3813061790260997,-1.0301275798190803,-0.1971884658466794,0.9622576973316816,1.0831036560253597,0.16267473637393007,-1.2770494241631183,-0.6809693280897808,-0.108
1.3088872030281073,-0.5102546594809584,-0.70120972016131,0.4716678012200893,-0.4610385335232536,0.41510479683926566,-0.26366402215232193,0.7709575218795187,1.2784262652730627,-0.0062370315907251395,-0.42795415182309104,0.5972563126094611,-0.4214156345190024,-1.569309595341079,-0.04095650239058391,-1.0028830142268068,-0.8484946264754776,-0.646194029324876,-1.1021898593606703,-0.10642354056604687,2.0196741178469404,-0.042
1.3116216318078462,-0.8183990928890759,-0.12595834400432787,1.1815885972619597,-0.002253048045848458,-1.7921052476205646,-0.26366402215232193,-0.5375956229140675,-0.601871663880792,-0.9835401378918631,0.1774453820443185,-0.8118442224006567,0.8523983163907072,-0.14955081800512504,-1.4178040425225462,-0.5436353745817013,-0.3089443633679889,0.5682256795240392,0.04890342168111319,-1.108566767881499,0.17298868203772794,0.237
1.3143551874727284,1.6624090543269756,-0.8158773957721746,-1.8077307935928049,2.0655540061716167,-1.213269482229771,-0.26366402215232193,-0.6952389627700507,-0.1431588559357343,0.11164729486538091,-0.703035061323041,-0.6178042322136538,0.6765624398471067,-0.3586381430435464,1.1333504506245162,1.0619863606085442,0.9573553003252515,1.278833177812378,0.1980996631397356,-1.216770595864769,0.1117112284962372,0.021
1.3170878712594973,1.9614399569833416,1.4776532947144885,-1.664544880789043,3.4398071191015234,-3.1131742738653476,-0.26366402215232193,-2.8458619602926194,1.2507531949114474,-1.5386929863880043,-0.12947143800474173,-2.161111549156192,1.6783979774941993,2.416570190980635,0.5190673143447676,3.639943936361498,1.8016795256084166,1.2703052988892947,-1.8108390790066375,-1.488944154447183,-1.6702408215216757,0.362
1.3198196844017922,-0.9534918262895508,-0.7831286838101571,0.682356126571395,-1.479226209422723,2.305066848770544,-0.26366402215232193,1.4876743902546354,-0.6451255450563187,1.4713876648203599,1.3170737262105088,0.42746060620450993,-1.6672286686106776,-0.2981718253387215,0.814278188631636,-0.43691772777371224,-0.3043673613047031,-0.5485074123102224,0.6957885904043224,-0.03709630045252282,0.6338714019040064,-0.192
1.3225506281301573,-0.26396944418393725,-0.38931707560284845,0.11571783601477845,-1.0162222030969028,1.6265208903910942,-0.26366402215232193,0.4024612383257299,-0.30417429189358763,1.0684576899183134,0.4455418516460116,1.3904825553615958,-0.8959892645319003,-0.07788798209092666,0.8770693273898307,-0.2475720973563363,0.26833505731985396,-0.5485074123102224,-0.19861615321684925,-0.3622525339368683,0.2477928797157072,-0.207
1.3252807036720535,-0.5131878858637932,-1.0175854474717256,0.3576036832871924,-0.6156740607767704,-1.3846322968276263,-0.26366402215232193,-1.7982221172370427,-0.4835608991733699,0.09097526686342389,1.4479626409712163,0.5394542912458086,-0.14377844301221648,-0.3256624230096038,0.32743230243305554,0.06526366170963686,-0.7643719433800128,0.19242920689875526,1.5637185276968002,-0.9828185869645699,-0.8923864065914442,-0.194
1.3280099122518687,-0.6628206367643769,0.6014249658718553,0.24729960259182282,-0.9996690264426918,1.5594229830104023,-0.26366402215232193,1.390233036573208,0.0838577766304428,-0.31975831792684634,0.10972572789018956,-0.015567308975093388,-0.39764102648150373,0.709534984392279,-0.17804967244712552,-0.3070094915497066,-0.7688119521010349,-1.8363099131993166,-0.8171255968387626,1.3628333674373523,0.7384253215093078,0.014
1.3307382550909317,-1.5356041761304458,0.0004569742218051463,1.4152120050959787,-0.39558437602484275,0.9780525463126387,-0.26366402215232193,0.5090594802032904,0.13689727204334146,0.6805198941454832,1.3483533026821684,-2.086457622318054,0.932393706894764,-0.5342717267450219,-1.6780701671140172,-0.4619261515015852,0.23523468486778348,0.2173737668121148,-1.482747710569425,0.14687059520455395,0.7350554172795483,-0.113
1.3334657334075173,0.616678302354709,0.9667408876734213,-0.8391567424455358,1.0489105866104265,-1.8724684574973125,-0.26366402215232193,-1.4374671816055278,-0.11984642622734819,0.1869649603900852,0.24488739095003123,-1.1468896338006929,0.5248762321560356,1.151538535704899,-0.2884158014246391,1.2309715844100564,0.019223393346675794,-0.039628542646714955,0.012470069316461321,-0.549901997131645,-0.49457483373338523,0.111
1.3361923484168647,0.10212121015981541,-0.29611710633959565,-0.20325099248366904,-0.28590516083487005,-1.0114116063280767,-0.26366402215232193,-0.23142022196126794,-0.4658435708651484,-0.20434291497353532,0.7222217610728069,0.6450940133277719,0.5488160073329451,1.0001401555450096,0.12745986186036876,0.6141686196060144,1.0703983801999473,-0.023098662175576063,0.5720960603432244,-0.5911254653125784,-0.9862666189793615,0.045
1.3389181013311822,-1.3296943557369594,0.7009531571751417,0.6727359100269724,-0.8650650249792516,-0.34830468734777004,-0.26366402215232193,0.07371370773508858,1.322872519144647,-1.4727509806697965,-0.824233045480803,-0.7616116421654662,-0.18347642706817752,0.31473578004440905,-1.1828185489040959,-0.8639641402704834,-0.2722918712404535,1.4069453475431162,-1.9474734828235252,0.752978732437421,0.8528922913196446,0.162
1.3416429933596603,0.2718124251731747,-0.03803225304207383,-0.5528650945885852,-0.2952304873711449,0.6348347412627732,-0.26366402215232193,0.5664097689688681,-0.6451255450563187,-0.8360479591445555,0.08935577503177536,0.5442876370534182,-0.9354569347380934,0.049069337578851555,-0.2928268965510701,-0.16049306441677877,-1.607569368913807,-1.7813768915062411,0.8622989830347076,-0.32138134746668284,-1.3356696259701626,-0.045
1.3443670257084843,-0.621737574582446,-0.05452363243916629,0.37973479218610723,-1.2603435144167097,0.5172532672516706,-0.26366402215232193,0.9669265461174095,0.13689727204334146,-0.9757197561798021,0.5779127427030802,0.0615683605797056,-0.5718874633470277,0.586962506069952,1.0343137399548923,0.15791853124872468,-0.5901408477373616,-0.5077266043302395,0.4056342923409055,1.5706514945899648,-0.8507221437983741,0.056
1.3470901995808429,-0.1321193753569843,1.2275117803872253,-0.5859318567397117,0.4068400394672458,-1.0467569087451214,-0.26366402215232193,0.13132780970453786,1.0430913627371685,-0.0553027129231407,-0.5191882077939487,-0.5248306461522,0.9804117887535447,-0.5781184767520324,-0.41622761935433417,-0.713206492111282,1.6950678192773434,1.5869095738291774,-0.979612101673045,0.07803544753647156,1.0711438780963032,-0.028
1.349812516176938,-0.7861028267859596,0.8393161444844451,0.7465954332430045,-0.47741565367213207,1.0755785330373426,-0.26366402215232193,0.007825062400410915,-0.04944227614519338,0.46107676185065316,1.2417088319887066,-8.719394158327691e-05,0.06283960461364618,0.10433642803451998,-0.6272836190532395,-0.36177346928686455,-0.8440796591134598,-1.1305958675231238,0.5282766084216047,-0.9708703220232214,-0.7605746790734343,-0.016
1.3525339766939977,0.958095321949363,-1.6635786608576437,-1.4688661677034072,-0.2765814957055219,2.294675805750027,-0.26366402215232193,-0.239681358896188,-0.2402234392944407,-0.5554387989480607,0.23142122794270242,1.1201874901212554,-2.2228019434471875,-0.545235706775319,1.3092964264908211,0.24157010125104386,-0.5361154964605558,-1.4893759333585705,-0.2942684830875761,0.5561903198049146,1.121403361415394,-0.09
1.3552545823262854,-0.22294266991585998,-0.5700010657447461,0.985840525939718,-0.4283006653912466,0.23655567827300097,-0.26366402215232193,0.15600864423429606,0.13689727204334146,0.056397114618365746,0.1165101712750489,0.2489967254577397,-0.6431024917500591,-0.955299733299785,-0.3192877612691156,-0.2887332975520518,0.3014953340658489,0.476044020340149,-0.8943575138500528,-0.4031876994520114,0.5629414922046406,-0.07
1.3579743342651114,-0.7009741480453281,2.1803683168116668,0.28820101152371735,0.9186626213005497,-1.902594239665142,-0.26366402215232193,-2.0422785807233597,1.0430913627371685,-2.300439316196806,-0.9894481476902395,-2.1985885303617496,1.3490639159302023,1.325808223429304,-0.9864450894540984,0.18345207908355085,0.5112899833410653,1.0661245497903133,-1.3387057768616095,-2.0340224932988376,-0.8160298975372512,0.191
1.3606932336988415,3.234811435986849,-0.4824355927900302,-2.3925490216946828,2.9328934100237065,-1.6262269609236932,-0.26366402215232193,0.24644935292243914,-0.18492548464320954,-0.7136334506014789,0.8586961546258833,-0.34674199023546015,1.6864392395476717,-0.16056979815730696,1.5764172966311956,2.437742900358632,2.7237805610316843,1.3983932496095208,-0.1232119588894578,-0.04863780005434334,0.36998853799501247,0.132
1.36341128181291,0.7305447244713674,0.33640636576591565,-0.15713488165712264,0.3123174110321285,-1.8473593067993959,-0.26366402215232193,-0.828215991746273,-0.7646184900618078,-0.6228931662148455,1.2291077335852918,0.010218174239763329,0.1662661683758363,0.10433642803451998,0.8411812719254864,1.3744380147935065,1.6697535956982124,0.702673894748384,0.8724924367592352,-0.5616737680495419,-1.6348950397075954,-0.127
1.3661284797898288,-0.2200124178942609,-1.082914479694502,-0.16636739481470125,-0.6884798086183984,1.5026830958989448,-0.26366402215232193,-0.6786313050207351,0.021663612307217025,-0.07642479109502305,-0.3232571399036792,1.0440032364444896,-2.207190056032708,1.8288802026557818,1.6490574008593581,0.1973893126909211,1.5990167899005947,0.19242920689875526,-0.011954326649120977,-0.727010114416544,0.11511729386800429,0.253
1.368844828809196,-1.1268452784830325,-1.2677802672157081,1.8315921328562523,-0.8202724197764134,1.0293709784598077,-0.26366402215232193,-0.1983832720773562,-0.48798256540639084,0.5522964941904093,-1.538040702397856,-0.18233241590884924,-0.6747409214046305,-1.8180129823605204,-1.1479447301201882,-1.6544597759286366,-2.1909887416697034,-1.0744333159010877,-0.24943690122979018,-0.2922269998387325,1.512108300363235,-0.231
1.3715603300477093,-2.814721640845267,-0.6082876733046679,3.029751796905079,-1.9719286708072994,1.5336280954263761,-0.26366402215232193,-0.2562059176546459,1.1682217528123309,-0.9600982230210604,-0.703035061323041,-0.0881575277602391,-0.207289564633192,0.709534984392279,-2.256287225356376,-2.054545685396528,-1.397585344240434,-0.5810990562321643,-0.23669024237341452,0.25549284524509186,0.14576253573711676,0.191
1.3742749846791757,1.9208185655029915,0.2647300414185778,-2.62537784977394,2.0655540061716167,-1.490376822472242,-0.26366402215232193,-1.6890137580593507,0.06945830810237259,0.9235177539586013,0.8327973230137786,-0.5575494734437944,-0.5164707718510111,0.1707121897441108,1.5582707778576257,2.4325924335552416,1.1197344449300977,-0.05615135554972664,0.1030976512436621,-1.3979582356475109,-0.7155643062914221,-0.111
1.376988793874518,-0.7039092300075114,0.49093097512722744,0.7048192341445565,-1.2627185590231103,1.39960269021059,-0.26366402215232193,0.30395728526798715,0.9143443802538157,-0.400042895584886,-1.7916620875914222,0.7680609720493393,-1.518092346623417,-1.2547107619085653,-0.8639990945485893,-1.6786220564792549,-2.2109624387720546,-1.797082210760807,0.4561867449209304,0.08377863897386123,0.8495286398584119,-0.1
1.3797017588017904,-0.48972289131452046,-1.701454593750761,0.08763436872167292,-0.01384984924699296,0.18558999393057987,-0.26366402215232193,0.36143031347157833,1.429269074411988,-0.5256241373441525,1.1532599196923203,0.4617132067279587,0.309600072694792,-0.2431609350533404,-0.7851778672816169,-0.06855702495884389,-0.07386921871721303,0.15088972376868556,-0.4308107038905853,-1.0785786543366744,-0.5911364853612728,-0.026
1.3824138806261852,0.2864355544274296,0.8337787654069504,-0.845065214927553,0.2268959565608592,0.23145815265264325,-0.26366402215232193,-0.7533911533551106,0.12239430347385107,0.07024709875130375,0.0825602517093965,-0.4111358151436008,-1.4238029264141365,-0.09443164984849675,0.9489049872945787,0.33014547607394656,-0.9101568527510283,-1.8284684465663312,-1.2194990749578283,-1.0725846248436903,1.1850092148202385,0.038
1.3851251605100425,0.4559990233181571,0.12150753648787482,-0.05217767418504051,0.35844330236021676,-0.6878478592837619,-0.26366402215232193,-0.7284639573385495,-0.3944830096259428,0.32866455614430135,-0.01970451679013339,0.22892956582316543,-0.39764102648150373,-1.1568399096508029,-0.5526044944908572,-0.22239072373337837,0.21634716316561595,-0.014831074182896097,0.9829805278975887,-0.5675615642004408,0.04354601839335646,-0.12
1.3878355996128628,-1.2650047819765575,-0.946762892922657,1.4913459794222614,-1.326879476462289,0.2977426798100734,-0.26366402215232193,-0.42989926648398163,0.23430667753693332,0.545820822766541,-0.13635528147916604,0.7867975950938592,0.2538415456978916,0.45349491264935093,-0.9908144757353778,-1.1390274639877698,-1.1194548552249213,-0.6705741918776662,0.3431280567209865,-0.8397612133433746,0.36320668799593114,-0.005
1.3905451990913154,0.3127549790153114,-0.05452363243916629,-0.5949384510282633,-0.4984800506966981,1.209180232070319,-0.26366402215232193,-0.12409436825190198,-0.006863070474084082,-0.8052911656189136,-0.17771609318762133,0.16844356590752335,-2.2696241143898095,-0.06134064512123598,1.590030722700767,0.14632005584780047,-0.5496400064152219,-0.8973148438308984,-0.024207256819134774,0.24407985800905505,1.1883551638269976,-0.038
1.3932539600992482,1.293111886844266,-1.8852376578398848,-1.209611488462687,-0.20903404687857433,0.4661679437077371,-0.26366402215232193,-1.5296236730544213,-0.30417429189358763,1.4491525743597917,-0.4700049497339806,1.4960932729531096,-1.9727444397603806,-2.340213235262093,0.9713699968537896,-0.3184266242991062,-0.5676538593782051,-0.6380636119313731,1.046865721554392,0.043549655070039224,0.825977973587751,-0.303
1.395961883787698,0.18405544748000408,2.432129449109798,-0.7472798593760683,0.6138562356473063,0.6041497677612402,-0.26366402215232193,0.4106653084114982,0.05987432606042566,0.08407211692771387,0.27850410139703313,-0.20866038329382586,0.1264775107405798,1.1010330764283969,0.5190673143447676,0.8370287307141353,-0.10633195236828767,0.20905717665878926,-0.7684330807703125,-0.03709630045252282,-0.38444422695499747,-0.072
1.3986689713048983,-1.7004168090566119,-0.11497135403850355,1.5710230957042373,-1.4315789899666274,-0.26201482288196376,-0.26366402215232193,-0.8198989275656383,-0.43917552595759585,-0.5703842033576763,0.24488739095003123,0.4127361084264145,1.437352907766845,0.015929027699136566,-1.8208522137300815,-0.8392587743575937,-0.9101568527510283,0.11768951419646607,1.0371046490922218,-1.1445919243986784,-1.5431392091443912,-0.238
1.4013752237962935,1.7756822604631717,-0.04352964699844254,-1.7087966250777669,1.0968412572216157,1.6781650660963348,-0.26366402215232193,0.44347456185468614,-0.4123969094934302,-0.9992001373313387,0.5647261769992982,0.9120000375769765,-0.7458986916902605,1.5739959460988349,2.5277659681092484,2.227556383654363,0.4825445932759126,-0.3523438826429574,0.4895952444595937,0.17549869604099283,-0.8507221437983741,0.31
1.4040806424045442,0.9522638284720173,0.7396797195723218,-1.661773280024985,0.7446453543894545,0.9165024773587385,-0.26366402215232193,0.6237262150640639,-0.627860560630724,-0.14012958724168714,0.7743591794537595,0.42255542626832215,-0.8959892645319003,0.4757217629486831,1.5854925767749748,1.5829087275193476,-0.39110656708598857,-1.162646550465005,-0.5369193739325185,-0.4676428539404996,-0.46701982179635076,0.112
1.406785228269541,0.05236259624057123,-1.2297474662108787,-0.05836791851584458,0.21072199486549484,-1.7971291377688436,-0.26366402215232193,-0.6205298351967237,-0.44362787539140724,0.7562771994674534,0.29193129476463386,0.21887819289441482,0.5408356358691111,-0.17709524657931705,-0.7895590140891151,0.01674000231488201,0.6943358217963017,-0.4178481393874971,-0.1922946270180824,-1.1025667523566776,-0.33977119704190445,-0.138
1.40948898252841,0.981419602382568,0.9390293021347315,-0.9920135575609564,0.9232365064695832,-0.8699434376648841,-0.26366402215232193,-0.8198989275656383,0.27362311143407086,-0.24743475375963378,-0.2468705369666262,0.3782744947892697,0.34147208123467027,0.4757217629486831,0.9084876332001871,1.1728872691452261,-0.3774424056995404,-0.03136448534061544,0.09110165107675611,-0.4793787593203824,-0.6394876491433447,-0.031
1.4121919063155237,-1.2444242808237944,0.20962380463706226,0.7176652926662618,-1.0730130235407815,1.085849594086464,-0.26366402215232193,1.6012425879571697,1.1463367806850127,-1.3097093317025341,0.4122739820879518,-0.13512635354321365,-0.7379942399807329,-0.06685683232748034,-0.6755649326552992,-0.4846440527304782,-0.7510436214582944,-0.4505567190065803,-0.9084938832006966,1.5706514945899648,0.5697003439449124,0.012
1.4148940007625141,-1.320872338877907,-0.3673949550633086,0.9339059939004979,-0.6790793673031852,-1.2485661417146805,-0.26366402215232193,-0.6371262443858093,1.7846864180922477,-1.6550912560701307,-0.17081575218260825,0.0973381160755601,0.0707927272450519,0.12092469814984863,-0.6360643982084654,-0.5912037469929388,1.050695581068192,1.253254405798716,0.018559216946304653,-0.3680965054344897,-0.15461431954685362,0.157
1.4175952669982756,-1.3061694754070776,-1.2569152079089003,1.5943067760318181,-1.1227514379096812,1.3635495618086617,-0.26366402215232193,1.8684640123454466,0.6934978567322044,0.46763251389316707,-0.17771609318762133,-0.4488920270715302,0.7165064520782499,-1.0207178875179925,-1.5089953858193585,-1.4318985905718216,-0.7465980850073851,-0.4342060656057777,-1.138646010775774,0.7585810549103194,1.0040697682234128,-0.153
1.420295706148982,-1.3561617468108778,1.7784072599009313,0.8110154454318745,-0.16715080036855995,1.4923702494962487,-0.26366402215232193,2.3526623339587185,0.866543044698297,-0.9835401378918631,-0.9030711657089824,-1.6890606464344835,0.8523983163907072,0.7709040387230526,-1.3830363996224977,-0.4573806284144047,-1.2185622009768617,-1.122578394635746,-1.0082635452379856,1.3024103440850605,-0.09303866850381519,0.188
1.422995319338089,-0.0032612691959208063,0.2812669100458032,0.037807383559858763,-0.4633777863217981,1.1783340005598542,-0.26366402215232193,0.6073535278265969,-0.6795094069589673,0.12539747437893903,0.2381557002215965,0.3039365110231171,-0.191414611242504,-0.5178228833554381,0.6620354492239129,-0.37317052318184674,-0.6976062954624273,-0.7679279429338801,0.8161190316491512,1.5324745347962472,0.8461648062492984,-0.049
1.4256941076863479,-0.7861028267859596,0.2922927656152172,0.9339059939004979,-0.5382934964819587,0.5683609629624635,-0.26366402215232193,1.3414784057785596,-0.7222156633358296,-1.4399355525420423,1.3733250144356088,-0.30404547380197294,2.322984016088224,0.7820680399557058,-1.1305018464323597,0.3768806479168719,0.7913568403091586,1.3983932496095208,1.6095841842835634,0.8089522486595898,-2.2437974070237896,0.138
1.428392072311814,0.2864355544274296,-0.10398328300510706,-0.2247319734775032,1.848678603415096,-2.208555882614757,-0.26366402215232193,-0.7118498480984959,3.997389337322952,-0.7364617913784902,-0.43495580004852985,-2.5083829008415433,1.79101308121836,-0.7313911039581524,-0.8027009055934908,0.5199335333568833,2.27939697999288,2.848280869500409,-2.3878756920999002,-1.6533675665299399,0.22740153234612076,-0.044
1.4310892143298557,-2.124551714331,0.23717371281710223,2.2610071085503516,-1.603269967635749,0.012463888103059812,-0.26366402215232193,0.44347456185468614,-0.5188484351265001,0.11164729486538091,0.190956013525733,-0.0052442910912901515,1.3490639159302023,-0.9116586530457949,-2.3250549381798695,-1.6676410474615595,-0.31809445220184374,0.24233394647442336,0.26823006802387045,0.7921717680401692,0.5122256202971456,-0.061
1.4337855348531636,-1.9242076463450346,0.9611981038994718,1.9661613005891756,-1.1986250186921579,1.0961216467755162,-0.26366402215232193,1.0158590883731695,1.3563441208393414,-0.3052431769009396,-0.8528636936454125,-1.1468896338006929,-0.44518592125602363,-0.3586381430435464,-1.7343481937310146,-0.8257755894584595,0.7719153748754418,0.7110912293888711,-2.4992753096861327,1.3463663226806226,0.5257540885819569,-0.137
1.436481034991759,0.2045348475118894,0.5848446017749286,-0.08928870413622071,0.4621068397216014,-0.6422867651527062,-0.26366402215232193,-0.07460223681081848,-0.3449658178274267,-0.8437531288267768,-0.17081575218260825,-0.2987215137039904,-0.07229249723200762,-0.3366559023472128,0.43432431076857375,0.40730233575562114,-0.3819984429271371,-0.2292120900802516,0.5282766084216047,0.3636740931678469,-0.6463988279822425,-0.138
1.4391757158530056,1.362953372215497,0.5903711451918052,-1.4688661677034072,0.03715870495853849,2.3986284555971,-0.26366402215232193,2.8428259688412494,-0.5320307352244008,0.04252215467780104,0.26506576813826677,0.10243627891779439,-1.9805673072347174,1.4723437269439392,1.3725769414634352,1.751310544827483,-0.5991261876280107,-1.10653769508008,-0.16707740964687376,2.547628323110237,-0.5083579784555066,-0.028
1.4418695785416158,0.07870658881057042,1.5778347786562443,-0.8391567424455358,0.28693394717734905,0.3997901484134426,-0.26366402215232193,0.353222008820755,-0.5100449298697313,1.098214815239948,-1.032781849672935,-0.9980169533847697,0.35741080392864827,-0.4410158113921595,-0.39420728853589954,0.2601937124631207,-1.486183207891939,-0.8326813736680523,0.26823006802387045,0.3636740931678469,-0.2711184794190479,-0.251
1.4445626241596616,-0.9270561567626234,-0.33998598663407964,0.7016088545885889,-0.6391477625630905,0.11936620977745424,-0.26366402215232193,-0.041622409480172935,-0.32233471779462686,1.2620709506482441,-0.6959301177925796,0.07180303836100836,1.4052419355944161,-0.39159974434899775,-1.1784601914250514,-0.8841643929817394,-0.09706324586152265,0.5346812793945313,0.3029370605141114,-0.1122093244960427,0.7047179054254253,-0.203
1.4472548538065815,0.569946943393403,-0.049026773536443434,-0.4593198383745033,0.19685522663022098,0.7525370181956316,-0.26366402215232193,0.9506104264534221,0.7194923899806205,1.3022990763197686,0.47873973576857815,0.3782744947892697,0.22995186647389496,-1.3633235267073391,0.034337351932491066,0.014431387498967548,-0.9013648446076732,-1.4099889684357392,0.2507871613072564,1.0594913969188173,0.25119072670850057,-0.304
1.4499462685791937,-1.2885268629018627,-0.559059420806811,1.1357748696175773,-0.7096373846434865,-0.07909439994500475,-0.26366402215232193,-0.2892641969749671,0.1562785284791191,1.2389515264864333,-1.4492582541575403,0.16844356590752335,-0.45310838846904883,0.2149964516125857,-0.9995524893580408,-1.2680001005368169,0.9573553003252515,2.0182059266175507,-0.7545857353181474,-0.8457078518230458,0.04695627366841199,-0.162
1.4526368695717002,0.09041416629298692,0.8559297019793334,-0.31040003652137116,0.8088050228990111,1.2297494595780314,-0.26366402215232193,1.2764367514915054,0.21961502152529755,-1.4481296923040996,0.08935577503177536,-0.5684788825990994,-0.48479344073630365,1.056172454308809,0.5458505063239072,0.2718398879369672,0.15980277133809204,0.3173079375776428,-1.3462195203149512,1.3683203964647517,-0.15803726455618092,0.022
1.4553266578756994,-0.39001766365304286,-0.23028048859182046,0.044028788979395016,0.16448724164499612,1.322361678389814,-0.26366402215232193,-0.0663561631216217,1.3787237789130362,-0.7899510837223008,-0.9822352694772467,-0.1665707244189868,-0.3897151982532819,-0.6164643865508355,0.14521167057377946,-0.7019288063492093,-0.49999113644965143,-0.06441010907688258,-1.9474734828235252,0.49405372985754287,2.316570551341503,0.073
1.4580156345801927,0.5290490743048548,-1.5498709958856292,-0.7591659702014291,0.032523413779656285,0.30284299328615627,-0.26366402215232193,0.04901097882147642,0.5036199931434479,-1.7305918197256622,-0.3023915632021987,0.7633692469594433,-0.8880942321831374,-0.6602655571691728,0.693350791733254,-0.13753565310324684,0.32047087896325865,-0.08092230509734637,-0.3135861679836771,0.3409352706808176,1.2552381310504763,0.106
1.460703800771594,0.4121579853707724,-0.03803225304207383,-0.7472798593760683,0.46901194633285515,0.47638322807487404,-0.26366402215232193,0.6237262150640639,1.256281299941277,-1.5801176196723883,-1.6570111876257974,-0.1455961004010115,0.19810535539961996,-1.2166633935882456,-0.1957197620251559,-0.49372669384935813,0.7040169183268217,0.6269936039493941,-0.3329664785315726,0.7137313597613599,0.7754820368900838,-0.101
1.4633911575337413,0.3449192851513379,1.4720897288423573,-0.7383592819201107,0.3515265309921483,1.698830076912907,-0.26366402215232193,1.252035624898895,-0.5188484351265001,0.6868666617362524,0.21794394100797398,-0.1665707244189868,-0.18347642706817752,1.3426985756691905,0.7425906527322648,1.054772786890076,-1.7320032921760184,-1.122578394635746,0.4951405939426814,0.06654526438445535,-0.5083579784555066,0.145
1.466077705947899,1.7611633819004702,-1.4251943441497579,-1.0241426718453535,1.4383741090948157,0.6911119085104545,-0.26366402215232193,-0.03337931154986286,-0.4747083688282502,0.13226321609766759,-0.4489672797876645,1.4835231616982647,-0.8801987011625113,-0.5781184767520324,2.0684519680178455,0.4518276866397426,0.5352772686617145,1.4154990534204777,0.3316778720401817,0.07803544753647156,1.0409692605496184,0.011
1.4687634470927733,0.09041416629298692,-0.5535881639189042,-0.9010792574575656,-0.15087157263897513,0.7935057217328463,-0.26366402215232193,0.5336423338750904,0.1757100625242481,0.30188511520776046,0.10293851368145629,0.4519416940567427,-0.6193685364926433,-0.2266499122344893,0.29628711823088166,0.0005835613489813585,-0.5406250096756446,0.3423303303938617,0.6155035645393847,0.3977464885909726,0.1117112284962372,0.04
1.4714483820445183,-1.2414843100615343,0.43572108341743704,1.0737341202259083,-1.1488219431404492,-0.47509965118473224,-0.26366402215232193,-0.7284639573385495,0.021663612307217025,0.41501369575543234,0.5845018090649642,0.27401390710481444,0.2538415456978916,0.6760843313530698,-0.6975005241758491,-0.1696711091635904,-1.8553204001865113,-1.9067911459313787,0.9531445551385304,-0.04863780005434334,-0.6671382010069338,0.031
1.4741325118767425,-1.3326350777408507,1.2275117803872253,0.62149754844855,-1.1654183068845028,0.14483268895743195,-0.26366402215232193,-0.272733528223347,-0.7392131732376344,-0.4294268481411702,0.42558952349601004,-0.20866038329382586,0.29366679113174154,0.9721419978413661,-1.1828185489040959,0.04445778641271272,0.16450801648306948,0.20905717665878926,-0.09208517989141855,0.635071978615048,-0.8750218271368863,0.072
1.4768158376605225,0.18405544748000408,1.1053857885176581,-0.43812439575517786,-0.6626329537882879,0.5376936498154973,-0.26366402215232193,1.981632583160059,0.18544469450915166,0.46107676185065316,-1.1779250597185231,-0.27745481517274984,-0.8170165398991321,-0.033753573166745085,-0.6931139276965307,-0.1237527373707868,-1.0500563238104736,-0.8003196154006196,0.030717195036326476,1.8311888990825838,-0.23339784797426028,-0.096
1.4794983604644045,-0.6041322526584985,0.4633229180127733,0.8562161739680083,0.861465449383101,-1.0719982791835594,-0.26366402215232193,-0.6454256504587496,-0.627860560630724,-0.6832848521739995,1.626612398606957,-0.6949970772137225,1.052468091500325,1.6248858966157178,-0.3589607630992466,0.882324570880873,0.8302954224285,1.185115820937432,0.256608095896835,-1.0186924382652072,-1.5642954408766327,-0.031
1.4821800813544208,-0.5278544540269918,0.8116316207057173,0.6599153414388452,0.09969940718113791,-1.0619022571920302,-0.26366402215232193,1.4552039585466128,0.946356882796482,-0.9835401378918631,0.21120112748819259,-1.2394598507160515,2.3149108429251366,1.1908480340778769,-0.6448441280331842,0.38857718655092793,1.3082337946744589,1.931633237438748,-0.9226593071310129,1.291411339403036,-0.14434679983190182,0.25
1.4848610013940933,-0.6628206367643769,-1.0175854474717256,0.5225585007961476,-0.789647118917968,-0.7839833251297492,-0.26366402215232193,-1.0030571241748385,0.38778369705458166,-0.20434291497353532,0.08935577503177536,0.3387109289478859,-0.08023725286205091,0.25930791921266594,-0.30605855087111844,-0.39139718819940217,-0.04599450484386339,-0.17984633413636475,-0.9084938832006966,-0.9112019349820598,0.5494214894789694,0.054
1.4875411216444423,-0.07646847811610993,0.4633229180127733,0.22217011035656767,-0.13924650967200794,0.7013471107333331,-0.26366402215232193,1.0729172044610624,1.3284429661249542,-0.08347801664272188,0.7026236102959355,0.14311526247108441,-1.108965434442822,1.0842067035110377,1.4902691370990404,0.7253462657206342,-0.2585257314998627,-0.8488510112980981,-2.2358370432607835,1.4942503689113502,0.6473723724323246,0.011
1.4902204431639954,0.13431281692456,0.17106476718016025,-0.7829107108008851,0.8683314301585412,-0.5409857607864109,-0.26366402215232193,0.9832400264547182,0.3478859378751796,-0.7822906174228128,-0.41395904129222705,-0.6398016656257931,1.710565498314854,0.9833398271688046,0.5547806204245164,0.9181457989738626,1.3381436574239545,2.0182059266175507,0.3202013357256453,0.24978696308901094,-0.2917048070359535,0.341
1.4928989670087993,0.5027537191336133,0.9334876858457885,0.38922667774938235,0.46440862152515866,-0.7485727032401494,-0.26366402215232193,0.38605098532029003,0.05987432606042566,1.5210688638290855,0.9618371336545373,-0.628797178756123,2.0567794230443126,2.2333218708867357,-0.7150443044973872,1.6248689598134842,-0.1710698952370546,0.20905717665878926,0.36025398586829016,-0.3447284574763451,-2.528572580102571,0.015
1.4955766942324196,-1.5297193883572084,1.5667000256378967,1.3986902421249823,-0.9500392060698715,1.1886150657790306,-0.26366402215232193,1.6093499659720956,1.6341024674254325,-2.1160266439156628,-0.2468705369666262,-1.3796768096782495,0.4211837678111433,1.8686279044645264,-0.885879115293426,0.07682901340725108,1.5083807515781662,0.9051515766297124,-3.279788301095949,1.5488418511884245,0.8024183458321572,0.336
1.4982536258859616,-0.5102546594809584,0.7618144654457838,0.1657425440678573,-0.514869819347717,-0.6524127521937606,-0.26366402215232193,1.2032160932140852,-0.6105468249238873,-0.6228931662148455,1.478938598352427,0.11771305275647913,0.6685749622715296,-0.4135663326221664,-0.02324758929133168,-0.020175804516583493,0.25414183594489964,0.0017093921672749095,0.1863180658727685,0.7025077879247577,0.006019257371230156,0.019
1.5009297630180654,0.2191619619202244,-0.9794566568039842,-0.4895529952346617,0.33769075784084474,1.147496852651431,-0.26366402215232193,-0.2231598456006278,0.27362311143407086,-0.8360479591445555,1.478938598352427,0.4127361084264145,-0.6905571974274812,-1.1296332984485584,1.2867117557691354,-0.16508243733157624,-0.17568442882970495,0.08451726482416072,0.23328452135708672,0.08952056563896306,0.576458430504021,-0.251
1.503605106674925,-0.0998990329330843,0.9667408876734213,0.14696854066540968,-0.5055035542749561,0.732058269180802,-0.26366402215232193,0.7709575218795187,-0.3720213963520138,0.8249484485905599,0.49199927712538116,0.758674495318446,-0.5560565480451151,0.28147391006496314,0.5012177995819413,-0.07316060482562488,-0.7332531998470748,-1.3781790922702202,0.6209006273503599,1.0816574248631676,-0.17515528463762828,-0.051
1.5062796579002884,-0.10282799598625662,0.12701285389311537,-0.3713385186132024,-0.25793912501010113,0.037908534039491126,-0.26366402215232193,0.2053507552855505,0.407808584328281,-0.04125264733337227,-0.3790190407759045,0.6355505508682152,-1.5416528837753463,-0.4629684116026121,0.7425906527322648,-0.3959522014051665,-0.7288021489502372,-0.36873081204259567,0.6904808760841349,-0.21077045470061223,-0.5945885736903727,-0.278
1.5089534177354713,1.3047539191846778,-0.7558298269970921,-1.07655987349772,1.7241995982249276,-0.11468260669498043,-0.26366402215232193,-1.3035830879255936,3.3210820426563443,-2.3625552434993446,-2.0863322258662005,-1.2685371110541328,-0.5164707718510111,-0.37512070458626734,1.0838128955318882,0.7443198843641946,1.918982307467188,1.888405318946069,-3.48697010833321,-0.638314116857563,0.9738633117978641,0.066
1.511626387219363,-0.46332701066530263,0.14903673014913466,0.7016088545885889,0.10664430316499283,-0.5815151684061501,-0.26366402215232193,-1.663829290149401,-0.29962646604321813,-0.7364617913784902,-0.21917582176211436,-0.44348957760576685,0.756461481741305,1.0729915501776353,-0.07193634992673865,0.29981096928222983,0.9083942385520968,0.7616304708841815,-0.27501332986070104,-1.4525186792185742,-0.37413163200329785,0.016
1.5142985673884353,0.7042731179303545,-0.6410933869001223,-0.26761735870016234,0.2684668431242641,0.4253156613508153,-0.26366402215232193,0.024301638651025907,0.8295443909182935,-0.26906565703399077,-1.1633625183872627,0.9303599998430678,-0.207289564633192,-0.1660786835637956,0.5949809238633302,-0.13523894258011912,-1.0064947642404627,-0.6380636119313731,-0.45056874074646086,1.61966729111254,0.5020772400779869,0.085
1.5169699592767492,-0.7244555863991189,1.2275117803872253,0.11884069063496218,-0.3372151845635761,0.6757608343359207,-0.26366402215232193,2.465342852221873,-0.2859644530341472,-0.9757197561798021,-0.6250297480229948,-0.46511677586534766,0.46105651160600813,-0.08340294527992709,-0.4690490650470593,-0.25214829608684025,-1.287054628049714,-1.0262194464524657,-1.4750989697856578,-0.18174193858897328,0.17979315815234787,0.05
1.5196405639159618,-1.4738187049383291,-0.02703666374008393,1.5278352469495189,-0.817915981276603,1.0550393781726455,-0.26366402215232193,-0.3057979303076671,-0.575772953060693,0.5974540346181965,0.9232445433327896,-1.1641911323008356,0.4132105687145864,1.4723437269439392,-0.5921499900538628,0.1300902158107499,1.5335221697654309,1.2191721023011832,-0.2686088251311448,-0.5616737680495419,-1.3146274573239274,-0.106
1.522310382335342,-0.4985220453811632,1.2775039761218323,0.19707169275450984,-0.34888367123224684,1.5697428111043596,-0.26366402215232193,1.5850259838587455,0.18544469450915166,1.157276548609976,0.7091591505904924,-0.739360761317032,-0.38178889108490566,0.7485815778894028,0.44323960451909267,0.45886488884333226,0.22578846787441736,-0.483236171891791,-0.371915352402372,0.887131077732898,-0.7778975476028884,-0.185
1.5249794155617657,-0.8771280414844119,0.09398486972386216,1.1717642910901576,-0.789647118917968,-0.9609032965101734,-0.26366402215232193,0.24644935292243914,0.8506671881539641,0.545820822766541,-0.9174404119195011,-0.421908792948492,-0.6193685364926433,-0.7204528318814651,-1.1130549706596748,-1.228022952600239,-0.4047588665033416,0.618593113109945,-0.5839107434068778,-0.04286640110972423,1.5587067327247333,-0.157
1.527647664619737,0.3741558323380868,-1.7879788483029024,0.6791489319078767,-0.2462909837923088,-0.297552797903862,-0.26366402215232193,0.5582189478344911,-0.24481146405490725,0.12539747437893903,-1.6495556792641937,0.11771305275647913,0.23791463658060275,-0.8789125375666851,0.052065357883791505,-0.25214829608684025,-0.7554877772252483,0.19242920689875526,0.7850502135880284,0.13541062483110575,-0.6153061549905446,-0.086
1.5303151305313862,-1.4444008000893453,-0.5754714532833168,1.9021620702462934,-1.0943242244018934,0.5479151873666883,-0.26366402215232193,0.45167512188077297,-0.1941728125579787,-0.25463875693726984,-0.8743650061964044,-0.5139475161355057,-0.8959892645319003,-0.5726389686853046,-2.19606844166543,-1.1256592182463196,-0.5406250096756446,0.23401215270917025,0.04890342168111319,0.0320442048483485,0.03672487487308605,-0.004
1.5329818143164824,1.1154807246044642,0.6567086995062305,-1.2009743083722275,0.9186626213005497,-1.1527413211661364,-0.26366402215232193,-1.5296236730544213,-0.4747083688282502,-0.04827454895636209,-0.047080088784026114,-0.3735218836238772,0.08670035872692776,-0.4300371854078705,1.4630895170535088,1.2140142333915542,0.32996594893092807,0.3423303303938617,0.42254386355707707,-2.2942682839735085,-0.48768467311064867,-0.053
1.5356477169924403,-2.2100233666536746,-0.4221917966277835,1.9055269015835703,-0.6391477625630905,-1.7720080942457301,-0.26366402215232193,-1.2283583581036586,0.031197517335241672,-0.5928499285300453,0.4122739820879518,-0.9582653682605358,1.702523000177,1.528796280087247,-2.0711887890146032,-0.4027834845818175,1.2038638007578844,1.44972993985504,-0.10451535779553238,-0.16434084945763366,-1.6631691914739488,0.188
1.538312839574327,0.11968077211065321,0.2151332714410161,-0.3986913779084322,-0.9216995357619596,2.5130835689478683,-0.26366402215232193,1.7875575316064016,-0.4079230481682648,1.038549501860724,0.46546898504510886,0.3535696079076052,-0.42933954397839036,-0.8352305380846567,-0.027675237081364934,-0.42326845467300206,-2.601028423058904,-1.9224310968933846,1.4351083633421071,0.8648160330107566,-0.4085149997575186,-0.245
1.5409771830748742,-0.2463858004494741,0.027957254601693203,0.05336463631158422,0.4667103237097029,-1.0063615720508003,-0.26366402215232193,-1.3035830879255936,-0.6923531783223376,-0.9367139816805338,0.5383193302713749,-0.06735873878057098,1.710565498314854,0.9385599424535713,-0.2045531577717798,0.41198568566350463,1.2932938019199636,1.049152010935818,0.0850935553538812,-0.2398322611158596,-1.3286544326619063,0.044
1.543640748504478,1.1620888498166213,-0.4550563192581824,-1.160593030041453,0.7263035343797837,0.3844774734375628,-0.26366402215232193,0.7055485891833646,-0.21723686237665102,-0.3707600866319133,-0.09509350390762189,0.5539453279137229,-1.1010839913217696,0.4979556810791889,1.8082621689477139,1.037950060429683,-0.9540320662733643,-0.6136612861900445,0.28561333619044776,0.22123918038405582,-0.07252909292097556,0.1
1.5463035368712144,-0.26983090472832044,-0.8049623637294641,0.16887325952369708,-0.027769100320297443,0.11936620977745424,-0.26366402215232193,0.7464342489355463,1.0053480563647668,0.5910213941112505,-0.006033290158872719,0.5587696718401898,0.32553517011045746,-0.3311593595063226,0.016613852481848438,-0.4300938268660841,-0.2447479188563333,0.3339878106756803,0.9180547372863139,-0.30971566383760896,0.600105720962325,0.061
1.5489655491808412,-0.6070664016774531,-0.5645303881672579,0.7948935832944438,-1.694060801328045,1.085849594086464,-0.26366402215232193,0.49266743573418126,1.1518031567906182,0.24802858996025712,-0.39298684820349095,0.5587696718401898,-1.5102377810858798,-0.11648418054441362,0.7649845919559899,-0.4255437423723428,-1.0761241856880603,-1.8284684465663312,-1.1021898593606703,-0.8576048209471705,1.141496174924987,0.006
1.5516267864368112,2.2455929626982307,1.4331509097758126,-2.2350321923343843,2.744746317772473,0.9113748716867378,-0.26366402215232193,1.1462307168799006,1.9671459308288917,-1.7896792917448383,-1.9347201413262527,-2.1424105478504774,0.015130589944234553,0.7262664846323045,1.1694020117660353,1.92378239942695,-0.0831506423473206,-0.6624493204481925,-1.7710754605240502,0.853651999697875,0.08104725502269759,0.248
1.5542872496402724,1.060118818484894,0.0114562907794323,-1.5727147105452097,1.192615243191027,-0.8294981439473689,-0.26366402215232193,-1.3872380805932272,0.4480105455399002,-0.5181863290552234,-1.2508982082347349,-0.8398516893475442,0.29366679113174154,-0.5068550689251974,0.6754544945487264,0.2136582484193177,2.7185103907448145,2.9452709775388586,0.1863180658727685,-2.6127919226227676,-0.3947588902571859,-0.087
