0,1,2,3,4,5,6,7,8,9,10,11,12,13,14,15,16,17,18,19,20,y
-1.7303196219213355,-0.3959791945646694,1.2463129232095542,-0.006544344509806156,1.4542760755904922,0.5208545601005627,1.7409490371862033,0.12242151898657407,-1.4327327170354702,-1.7705154879824359,-1.3512851514886295,-0.7643361799464584,-0.38635746063385495,-1.7471376512005867,0.4305625766977889,-1.5089474092649229,0.7053378676723743,-1.5781591924664238,0.2036349664634953,-0.5088737591773992,-0.5302819347980223,1.0
-1.7268555185741457,0.44497067156082215,-0.3453375306226278,1.5042477287862015,0.6275976262350927,1.1730910704703563,2.55961639204736,-0.3622909851778619,-0.9945354318597152,-1.3927860214984502,0.6819249665585055,1.1179971257597752,0.5728423883238546,0.7277502737019957,1.9724493720725027,-1.2318034425790028,-1.6801736001244136,-1.2942410144568124,0.49139045369405937,-1.209668058312519,-1.5109140704225859,1.0
-1.7233914152269558,-0.5017126572646582,-0.42970062888228416,2.615551513470284,-1.8227010869622067,2.164894011496589,3.562066214326327,-2.132545348213193,0.41344273034435053,-2.574713706948341,-0.1404971036628075,3.0320806318032223,1.9204299061846868,-0.5788675748490569,2.456616723277123,-0.7204533068627271,-0.4747139590010663,-2.3893539867795983,-1.5316178201692985,0.38611655056142885,1.3799077460539917,1.0
-1.719927311879766,0.7277462113398617,0.7513827467529041,1.5042477287862015,1.2699089394033167,1.9934297742344265,2.3981105873468596,0.4174639128257958,-1.123839548796823,-1.5186958436597788,0.08795347139866823,1.0953184112331942,0.47280314027305037,-1.5473019802457197,1.9538275508723255,-0.7048395622607034,-1.118378591732034,-1.2688911771345257,0.3634991260360309,-1.247662929952375,-0.4332402130435082,1.0
-1.7164632085325762,1.1506800621398168,2.3824026464395924,0.5963198001227353,1.4840127104593916,1.5496399836735362,2.058391480907876,0.8108537712780916,-1.321387505228516,-0.5114172663691507,0.5905447365339151,1.049960982180032,0.7788055460755102,-1.4396981574238683,1.3542049082266032,-2.2623105863125654,-1.414803093647611,-1.5021096804995637,1.6540388869488627,-2.260859507015199,-2.2157434179027407,1.0
-1.7129991051853863,-0.005011274348432121,-0.6096752385028841,1.7802578190998952,0.8714380321600669,1.8656721072547764,2.8436438416930674,-0.1515464181498463,-1.1777162641872847,-0.6982511960278962,1.0626759249942987,1.7348581608827818,0.6728816363746587,-0.31754400513884645,1.5441474844684158,-0.9858869650971299,-0.8445388137719293,-1.4108502661393314,-0.2556111646721518,-0.9183740424069571,-0.6120012794334028,1.0
-1.7095350018381965,0.4400528360864041,0.020235895169216166,0.846907908433852,1.091489130189921,0.5645611303830746,1.7242415401482205,-0.41848953638533276,-0.6209902051525137,0.31715059559572084,0.27071393144784905,1.054496725085348,1.6438508086324628,-0.15357627512459668,1.0450826763036531,0.005585817131374249,-0.8106617278387205,-1.5629492900730517,0.5640559807724843,0.19614219236214936,0.24605183923809043,1.0
-1.7060708984910065,-0.123039325734466,-2.16195624648056,1.918262864256742,1.3234348821673354,2.2926516784762394,2.4426639127814807,-0.19369533155544943,0.3559742339278582,-2.4894199564519566,-1.4655104390193674,2.06143165006555,0.11972344127021267,1.8294084597352365,2.4938603656774787,-1.6143401853285824,-0.5876375787784289,-3.991463705548119,-1.371753660596763,-1.7204879992483595,-1.3576902992312476,1.0
-1.7026067951438166,-0.4058148655135056,-0.052878789989152686,0.9740178184467372,0.490809105838156,1.4823991063158253,3.1777937824527234,-0.6011348278096129,-0.29772991280974365,-0.9013315543526197,-0.6430883687980543,1.4264276433212784,1.249578478079294,0.1384912439632857,0.8998324709422671,-1.5792092599740295,-0.24322053845747266,-2.647922327466923,0.049584049057234035,-1.5347352934535081,-1.536451365621142,1.0
-1.6991426917966268,0.27530534769339854,-0.019133550685290136,3.7958578207327904,0.2588633538607422,3.4054881987463514,2.214328119929049,-2.251967269529069,-0.33364772307005147,-2.8955806731014038,0.3316340847975758,3.9392292128664677,2.667781935740694,-0.19969219919110445,2.9333353460016722,-1.94222882197108,-1.3357565598034573,-3.514886763889129,-0.2701442700878368,-1.4882971170047958,-1.6437080054550788,1.0
-1.695678588449437,-0.0468128758809857,-0.7952740546741279,1.620462503655125,1.0022792255832238,2.3296341610229803,4.726021841305795,0.052173329977235464,-0.8436806287664222,-2.1401217401334325,-1.206599787283028,2.1249320507399774,0.4257258470726719,0.5074186364953476,2.7731876836801446,-2.882956934243007,0.118135044830088,-4.280451851022187,-1.1944497745254057,-1.6824931276085036,-1.9501555478377546,1.0
-1.6922144851022471,1.175269239511907,-1.1495990673646843,1.4025598007758933,0.5145984137332754,1.707656045464156,1.7966406939794795,-0.08832304804144174,-1.4004066878011932,-2.7168699577756468,-1.7244210907557067,1.2994268419724242,1.0730386285778755,-0.11770833418397951,1.5329743917483092,-0.7243567430132326,-1.6829966906188478,-2.6225724901446363,0.9070372685826512,-1.1927814486948052,-0.3566283274478391,1.0
-1.6887503817550573,-0.4599110557321045,-0.8008982612247717,-0.3188715519700386,0.056654236752227076,0.023272067653503613,2.1530672974564453,-0.5238618198993407,0.34879067187579665,0.10188541577151405,-0.2547223911935454,0.1201336865902056,1.2201551698290576,0.8404780880867925,0.01715814605384384,-0.3769509256182058,0.9340081977215337,-1.4514100058549901,-1.2060762588579537,0.4241114222012847,0.7261529889709495,1.0
-1.6852862784078675,-0.17221768047864677,-0.44094904198357165,3.4399500726967114,0.490809105838156,1.7446385280108971,3.083117965904154,-1.5284109227328817,-0.9155162492870379,-3.147400317424061,-1.495970515694231,2.945901516602214,3.715251709449113,-0.00498051979918284,1.7191926037500862,-2.3052483839681304,-0.9546393430548581,-2.6884820671825818,-0.5985924524823188,-1.6740498227996465,-1.4189798077077829,1.0
-1.6818221750606774,-0.612363955439065,-0.48594269438872173,0.3166779980943878,0.7465441657106899,1.5294677204662228,1.9525773330006515,0.1505207945903095,-1.371672439592947,-0.011839584890331153,-0.33848760204941997,0.6145296632696742,-0.015623776680875364,0.3741948558587697,0.6391269741397791,-1.9578425665731036,1.3631179528755122,-1.4868997781061917,-0.27886413333724785,-0.9648122188556699,-0.6017863613539801,1.0
-1.6783580717134876,0.24579833484689004,-1.5882871783148973,0.7851688092847362,0.12207483346380552,1.6605874313137587,2.520632232292067,-0.9102268594507026,-0.23307785434118958,-1.8679940599783031,-1.1685246914394487,1.6396075598711413,0.6905356213248006,-0.10746035105808889,2.2070843191947422,-0.7946185937223392,-1.163548039642979,-3.3830676098132377,-0.5113938199882085,-0.6861831601633933,-0.3055537370507267,1.0
-1.6748939683662978,0.2974356073282798,0.4532997995687852,0.6072149352666969,1.258014285455757,2.1615319676287035,1.1172024811015124,-0.6292341034133484,-1.1920833882914077,-1.8598708456453141,0.7200000624020848,0.5782437200271444,1.3201944178798617,-0.3687839207682995,1.6782245971096952,-0.6619017646051378,-0.542468130867484,-1.289171046992355,0.27339387245878355,-0.28512618174269216,-0.42302529496408564,1.0
-1.671429865019108,0.45726526024686737,0.41955456026492266,1.5877770982232402,0.8119647624222683,2.1312735728177334,2.9216121612036536,-0.2358442449610526,-1.1382066729009461,-1.8801788814777864,-0.26233741036226127,1.5443569588595003,1.767428703283457,0.6201464508801443,1.7005707825499083,-0.7399704876152563,-1.245417663981567,-1.344940689101386,0.1774753767152622,-0.13736834758769698,-1.0257054616500154,1.0
-1.6679657616719181,-1.7385482790808053,-1.9257395713535221,-0.3515569574019234,-1.5372293922207734,-0.8676695573361629,2.548478060688705,-0.9172516783516365,2.0656620023185095,-0.982563697682509,-1.3436701323199136,0.25167023084437623,0.8494214858760779,2.5006513544810716,-0.16533570170789785,0.790176483383064,1.1316245323319185,-0.42220661057014963,-2.2669929542029617,0.6774105664669908,1.0377079903933368,0.0
-1.6645016583247283,-0.019764780771686374,0.5882807567842351,0.8396444850045442,-1.3112309672171392,0.5679231742509603,-0.6649305362833183,0.42448873172672963,0.029122160559057177,0.38213631025963235,1.5271920942859663,0.29702765989753827,0.2491859975712534,0.1999791427186294,0.6875437092602411,0.009489253281880173,-0.5085910449342752,0.4498277933165133,-0.023081478021191235,0.28057524045071797,0.6035739720178791,0.0
-1.6610375549775385,-2.210660484624941,-1.9932300499612472,0.4801050252538116,0.40159920123145815,-0.9853410927121564,1.289846617160668,-0.9594005917572396,0.5571139713855818,-0.03214762072280351,-1.7853412441054335,0.029418828483881002,1.0200766737274498,1.7781685441057833,-0.8655161788345794,-0.8804941890334695,2.0067825856064796,-0.4830462201436378,-1.6740422532430117,-1.0534669193486672,-0.8060847229424307,0.0
-1.6575734516303484,0.1302292011980652,0.14396843928337885,-0.3297666871140002,-0.4607632099666202,-0.9214622592223315,-0.3196422641650074,1.1058961651173134,0.833681110389952,0.14656309460295303,-1.3055950364763342,0.29702765989753827,0.260955320871348,-0.3534119460794636,-1.2156064173979206,0.38812255988095434,-0.39284433466247826,0.2673089645960489,0.8111187728391303,0.6478589996359917,0.2818040525160693,0.0
-1.6541093482831586,-2.4885181889295622,-2.5331538788230477,0.6980077281330436,-0.31802736259590364,-0.8004286799784522,1.874609013490066,-0.5168370009984068,0.8875578257804134,-1.1409663771757932,-2.752448678532348,1.054496725085348,0.4198411854226246,1.921640307868252,-0.5936375893119851,-2.687785126717711,2.8960560913532114,-0.310667326352088,-2.005397056720631,-2.1806481113310587,-1.5926334150579662,0.0
-1.6506452449359688,1.5244355581955908,0.5657839305816601,0.7742736741407746,0.28859998872964154,1.6101567732954756,-1.5225820508997685,-0.502787363196539,-2.600061550495474,-1.1897056631737268,0.07272343306123671,0.7143160071866311,0.6434583281244222,-1.9367253390295633,1.0562557690237597,-1.4855267923618873,-0.5509374023507863,-0.7720343656177063,1.1918861347300784,-0.7283996842076776,-0.7039355421482053,0.0
-1.647181141588779,-0.34188300434607055,0.24520415719496616,1.4788257467836243,-1.1684951198464226,-0.48103451252932655,0.4377642682235457,-0.9383261350544381,1.807053768444293,-0.1986735145490766,0.8037652732579592,1.576107159196714,-0.5746666334353687,0.07187935364499666,0.3337291064568647,0.6496527819648508,-0.014550208408313165,0.6627664268237218,-0.5637129994846748,0.8040601385998438,0.8998065963211326,0.0
-1.643717038241589,-1.3475803588645678,-1.4420578079981596,-0.12639083109338378,-1.3290729481384786,-0.6693089691309163,0.6215467356413563,-0.5449362766021423,1.156941402732722,-0.1296261927186706,-1.1837547297768805,0.14734814402210297,0.2433013359212061,0.36394687273287907,-0.6197081389922339,0.251502294613247,1.145739984804089,-0.27517755410088685,-1.0927180366156102,1.0658025876744068,0.7006156937723932,0.0
-1.6402529348943993,-0.4476164670460593,0.8132490188099853,-0.25713245282092284,-1.5312820652469936,-1.0424958384662109,-0.6482230392453355,-0.6081596467105468,0.8911496068064443,1.12541042172812,0.9027605224512655,-0.18829683097129776,0.337455922321963,-1.2449864780319466,-1.122497311397032,1.4381468843670469,-0.2291050859853023,2.32571575516573,-0.16259929001176776,0.5718692563562799,1.2726511062200552,0.0
-1.6367888315472092,0.6392251728003365,-0.2497260192616839,0.6653223227011588,0.3004946426772012,1.169729026602471,-0.6816380333213011,-1.226343709992726,-0.5635217087360216,-0.6941895888614017,0.30117400812271256,0.7415304646185286,1.3496177261300983,0.48692267024356645,0.7657553583009875,0.32566758147285957,-0.5763452168006927,-1.0965122833429763,0.3344329152046608,0.3270134168994308,0.1234728222850199,0.0
-1.6333247282000194,1.3867361649118846,0.6276502026387414,0.4837367369684655,0.17560077622782422,1.3882618780150304,-0.9433888202496983,0.4736624640332667,-1.7559930093782403,-0.844469054021697,1.1159810591753099,1.0091392960321859,0.2903786291215845,-0.3687839207682995,1.0227364908634398,-1.0756659965587658,-0.6582148411392807,-0.40192674071232026,0.6338148867677725,-0.7748378606563905,-1.2402187413178882,0.0
-1.6298606248528296,-1.5024921763087373,-2.4206697478101726,0.3457316918116186,-1.3647569099811578,-0.23224326630579684,1.0615108243082365,-1.078822513073115,0.945026322196906,-0.9581940546835421,-1.53404561153781,0.5737079771218282,0.260955320871348,2.6389991266805946,0.28903673557643816,-0.48234370168186574,1.317948504964567,-0.021679180878019608,-2.092595689214741,0.8758282294751272,0.8844842192019987,0.0
-1.6263965215056397,1.4432912728676925,0.23957995064432241,0.977649530161391,-0.6034990573373368,2.3397202926266365,-0.21939728193711067,0.21374416469871424,-1.335754629332639,-0.9135163758521031,0.7276150815708007,1.6396075598711413,-0.521704678584943,-0.548123625471385,2.143770127114138,-0.236427224199993,-1.1946020350817539,-1.2435413398122392,0.07283701772233012,0.03994105339829728,0.7006156937723932,0.0
-1.62293241815845,-0.4820413153669858,0.318318842353335,0.5636343946908505,-0.0860816106184895,1.4319684482975423,-1.260831263971371,-0.49576254429560523,-0.7538861031156526,-0.6048342311985234,-0.8715389438595301,0.8503882943461178,0.6081503582241384,-1.3064743767872902,0.47897931181825076,-0.20519973499594563,0.07014250642470887,-0.6858449187219314,-0.10446686834902753,-0.04871364709469979,0.9202364324799777,0.0
-1.61946831481126,0.24579833484689004,0.44767559301814147,-0.08281029051753738,0.8417013972911677,-1.1130987596918067,0.6995150551519427,1.3096159132443952,0.3200564236675504,0.44306041775704924,-0.772543694666224,-0.6418711215029202,-0.7629758062368825,0.11799527771150445,-0.9697983775555746,-0.4120818509727591,0.2084739406519782,-0.5489557971815833,0.5582427386062103,-0.6270800265013952,-1.362797758270959,0.0
-1.6160042114640703,-0.19926577558794625,-0.007885137584002623,-1.8405587604100078,-1.6145446428799115,-1.16352941771009,0.710653386510598,-0.8610531271441656,-0.44499293487700575,0.5161693467539498,0.9408356182948449,-1.4084116725013625,1.08480795187797,2.029244130690103,-1.3534078942792354,-0.14274475658785085,1.5917882829246714,1.4688912536724392,-0.0405212045200133,0.27635358804628957,0.9968483180756468,0.0
-1.6125401081168802,-0.5361375055855847,-0.5253121402432277,-0.14454938966665312,-2.3401185336810535,-0.5314651705476097,-0.5479780570174388,0.12242151898657407,0.945026322196906,0.38619791742612686,0.5296245831841884,-0.17468960225534907,-0.20393294948238913,1.0146938012269326,-0.6532274171525538,0.5403565697506854,0.19153539768537375,1.4080516440989512,0.014704596059589906,1.555514266588105,1.5382389762850412,0.0
-1.6090760047696904,1.1924816636723705,0.6951406812464664,-0.10096884909080672,1.305592901245996,1.3815377902792594,0.44890259958220086,-0.5870851900077452,-1.9140313745235946,-0.30833690804442737,0.7504601390769483,0.19270557307526526,0.46691847862300306,-0.29192404732411986,0.8253451861415562,-1.0600522519567421,-0.2658052624129452,-1.0762324134851469,0.3315262941215238,-0.8339409943183886,-1.4547320209857617,0.0
-1.6056119014225005,-0.8164541276274152,2.3486574071357302,-0.15544452481061474,-1.3290729481384786,-0.8407732063930786,0.281827629202373,-0.42551435528626663,-0.003203868675219868,0.9629461350683411,1.1692861933563203,-0.7643361799464584,-0.6923598664363149,-1.485814081490376,-1.2267795101180272,2.1329585191571008,0.3552746463625498,2.5335844212084817,-0.29339723875293294,1.2726635554914,1.3441555327760129,0.0
-1.6021477980753107,-0.23369062390887277,1.4656569786846607,1.329925566482816,0.6811235689991114,0.5813713497225024,1.0058191675149604,1.3096159132443952,-0.16842579587263548,-0.7672985178583022,-0.24710737202482955,0.43309994705702515,-1.2631720464909029,-1.449946140549759,0.8439670073417339,-0.22081347959796932,-0.5763452168006927,-0.7872442680110784,-0.13934632134667166,0.10326583946472384,0.051968395729062096,0.0
-1.5986836947281209,1.6744295401653422,1.2800581625134166,0.7452199804235438,0.15775879530648465,1.8723961949905472,-0.960096317287681,-0.33419170957412647,-1.303428600098362,-1.8761172743112922,0.2097937780981221,1.6396075598711413,-0.056816408231206504,-1.8393694993336023,1.588839855348842,-1.0054041458496592,-1.451503270075254,-0.8886436173002253,1.075621291404598,-0.00649712305041553,0.1745474126821326,0.0
-1.595219591380931,0.45972417798407644,0.8976121170696417,-0.9943699308956572,0.532440394654615,-0.23224326630579684,0.04235350499128634,-0.1304719614470447,-0.15046689074248196,0.4917997037549829,0.7352301007395166,-0.4695128911009037,0.37276389222224615,0.14361523552623098,-0.2584448077087865,0.9658311101558306,-1.2341253020038307,-0.46783631775026574,0.9913292799936246,1.3444316463666834,0.3890606923500058,0.0
-1.5917554880337412,0.6515197614863817,-0.19910816030589007,0.43289277296331147,1.037963187425903,0.4670618582143941,-1.3387995834819575,0.9443253303958349,-0.4557682779550981,0.9954389924002969,0.9636806758009924,-0.11572494448623809,-1.1160555052397203,0.5279146027471289,-0.27706662890896416,0.3842191237304484,0.027796149008197817,0.08479013587558469,0.6861340662642388,0.3650082885392867,-0.14722250681967725,0.0
-1.5882913846865512,-0.4894180685786129,0.7345101271009727,-0.3152398402553847,-0.30018538167456404,-0.4675863370577844,-0.08016813995392078,0.6703573932594143,0.8731907016762903,1.490955066712622,0.7580751582456642,-0.356119318467998,-1.0748628736893897,0.05138338739321557,-0.10574587386732913,0.7082043242224396,-0.2488667194463408,0.42447795599422655,-0.2323581960070557,0.43255472701014164,0.4554576598662523,0.0
-1.5848272813393613,0.058920586819002974,-1.363318916289147,-0.707464705438002,-0.3299220165434633,-0.20534691536271255,-0.13029063106786912,0.24184344030244928,-0.21152716818500486,0.4186907747580824,-1.1837547297768805,-0.7915506373783557,-0.5687819717853214,1.5014729997067369,-0.22492552954846656,-0.07638634202925014,1.1767939802428635,0.013810591373181823,-0.2614244068384258,0.7111837857024182,0.6495411033752805,0.0
-1.5813631779921715,0.7203694581282346,0.5432871043790853,-0.7183598405819637,1.710011135463026,-0.521379038943953,-0.05232231155728277,0.6141588420519438,-0.6533162343867908,0.8532827415729904,0.5753146981964834,-0.4196197191424252,-0.09800903978153765,-0.15870026668754197,-0.6010863177920561,0.14220608239908158,-0.48882941147323666,-0.4779762526791804,1.177353029314393,-0.897265780384815,-1.531343906581431,0.0
-1.5778990746449817,0.5900468180561557,0.21708312444174738,-0.9798430840370417,0.5086510867594956,0.30568375255588837,-0.19712061921980034,-1.0717976941721812,-0.9442504974952841,0.053146129773580394,1.5728822092982615,-0.251797231645725,0.07853080971988152,-0.9016790433146111,0.15495962293515858,0.8214039725871114,-0.7626691894333413,1.1444133359471693,0.395471957950538,-0.2893478341471206,-0.4638849672817758,0.0
-1.5744349712977919,0.550704134260811,-0.24410181271104014,1.4316134944931243,1.4007501328264735,0.9612823067935677,0.6772383924346324,-0.8961772216488348,-0.5132367743715907,-0.8932083400196307,1.1388261166814573,1.2631408987298944,2.091085094036058,-0.9580429505070096,0.907281199422338,-1.196672517224449,0.0588501444469726,-0.9444132594092558,-0.21782509059137065,-2.0835501060292048,-1.6590303825742125,0.0
-1.570970867950602,1.2760848667374778,1.4150391197288668,-0.148181101381307,-1.5372293922207734,0.30568375255588837,-0.531270559979456,-0.8751027649460332,0.14046737236601145,-0.37738422987483317,-0.49840300459245296,-0.03861731509586219,-0.521704678584943,-1.6856497524452432,0.44546003365793085,1.5318293519791888,-0.9828702479991988,0.29772876938279297,0.7122936560124719,1.5344060045659629,1.4769494678085058,0.0
-1.5675067646034122,-0.34188300434607055,1.735618893115561,-0.35518866911657726,0.35996791241499915,0.09051294501121435,-0.7428988557939048,-0.33419170957412647,-1.5189354616602087,0.9223300634033964,0.4839344681718932,-0.737121722514561,0.967114718877024,-0.010104511362128149,-0.5973619535520206,0.22417824155970553,0.40044409427349487,0.20139938755810355,0.24432766162741343,0.3396783741127161,1.042815449433048,0.0
-1.5640426612562222,0.1794075559422459,1.3925422935262919,0.7306931335649283,-0.1158182454873888,-0.0775892483830625,1.0615108243082365,0.4877121018351344,1.0204537237435525,0.3090273812627319,1.7023375351664307,1.0408894963693993,-0.8924383625379233,-0.9477949673811189,0.8812106497420894,-0.48234370168186574,-0.5678759453173905,-0.11800856270270907,-0.07249403643452042,-0.27246122452940685,-0.7192579192673392,0.0
-1.5605785579090323,0.6466019260119636,1.0269688677344482,-0.5367742548492704,-1.2695996784006802,0.05689250633235898,-1.026926305439612,0.5017617396370021,-0.27977100767958973,0.8167282770745402,0.06510841389252084,-0.8006221231889882,-0.5923206183855106,0.30758296554048076,-0.4781822978708832,1.8245870632671328,-0.8388926327830611,0.87570506033093,1.0116756275755836,2.5391592768199303,1.5637762714835974,0.0
-1.5571144545618425,1.1162552138188901,0.38580932096106013,0.2803608809478491,2.5010056229757467,1.0117129648118506,-0.5758238854140769,1.0145735194051735,-0.7502943220896219,-0.12556458555217614,-0.11765204615665989,0.43309994705702515,-0.5864359567354633,-1.1015147142694781,0.19965199381558513,-1.3098721655891212,-1.0336858768990118,-0.6655650488641021,1.5028945906257383,-2.260859507015199,-2.1391315323070716,0.0
-1.5536503512146527,-1.8123158111970765,-1.4420578079981596,-0.9689479488930806,-1.5788606810372325,-0.780256416771139,-0.3140730984856798,0.5790347475472746,0.07581531389745735,1.9539782836929913,-0.06434691197564892,-1.4673763302704734,-0.1568556562820107,1.153041573426456,-1.7258443182827898,0.013392689432386097,2.5826930464710296,0.6323466220369777,-1.2438623329387346,0.8504983150485566,0.6546485624149918,0.0
-1.5501862478674628,0.4302171651375681,0.23957995064432241,1.8202066479610877,-1.1328111580037434,0.8436107714175739,0.003369345235993165,-1.5846094739403525,-0.7467025410635911,-1.9167333459762368,-0.879153963028246,1.2631408987298944,2.067546447435869,-0.7172153470485803,0.8067233649413785,-0.9000113697859996,-0.1500585521411485,-1.1015822508074335,-0.313743586334892,-0.8550492563405308,0.6546485624149918,0.0
-1.546722144520273,1.1457622266653986,0.6107775829868101,0.7197979984209667,-0.17529151522518738,0.1880122171798949,-0.030045648839972443,-0.5308866388002745,-0.3372395040960823,-0.015901192056825626,0.27832895061656493,0.69163729266005,-1.021900918838964,-0.48663572671604166,0.20337635805562065,-0.19739286269493378,-0.9828702479991988,-0.12814849763162375,1.078527912487735,0.1328174062957228,-0.19829709721678995,0.0
-1.5432580411730832,1.4285377664444383,0.7795037795061228,-0.33703011054330795,-0.6689196540489148,0.3090457964237739,-0.7596063528318876,0.3963894561229942,-1.0699628334063611,0.23998005943232587,-1.3284400939824819,-0.4785843769115362,0.46691847862300306,-0.9068030348775564,-0.3701757349098528,0.5754874951052387,-0.4041366966402145,-0.6300752766129006,1.3110575991386955,1.0024778016079803,0.5780366768193227,0.0
-1.5397939378258931,-0.8262897985762514,-0.2103565734071776,0.6507954758425433,-0.6332356922062358,-0.047330853572092664,1.8801781791693934,-1.085847331974049,0.276955051355181,-0.30833690804442737,0.24025385477298558,0.4603144044889225,1.6438508086324628,1.1632895565523467,-0.07967532418708032,0.2788263476667885,1.027170184037858,-0.041959050735849,-1.3514073130148039,0.2130288019798631,-0.004213653707761615,0.0
-1.5363298344787033,-0.20664252879957337,-0.5028153140406527,1.0103349355932758,-1.114969177082404,-0.5852578724337782,0.8721591912110982,-0.594110008908679,1.0060865996394293,-0.2433511933805158,0.98652573330714,0.30609914570817076,-0.24512558103272028,0.8763460290274095,0.06185051693427038,1.1844235345841618,-0.8445388137719293,-0.13828843256053847,-0.3893157344964543,-0.027605385072557602,0.542284463541344,0.0
-1.5328657311315135,-1.6156023922203533,-2.0101026696131785,0.763378538996813,0.7584388196582497,0.03335819925716022,0.944558345042357,-1.5213861038319478,0.9342509791188136,-0.1296261927186706,-0.8030037713410875,0.4829931190155037,0.56107306502376,0.5432865774359648,-0.41486810579027894,-0.7868117214213274,1.7978738890183588,-0.08758875791596499,-1.3746602816799,-0.25979626731612154,-0.8775891494983886,0.0
-1.5294016277843236,-1.1926685414203984,1.004472041531873,-1.6299194809600837,-1.2695996784006802,-1.587146945063667,0.29296596056102814,-0.2358442449610526,-0.6209902051525137,2.2951532856785266,0.17933370142325863,-2.401739368765616,0.9729993805270714,0.31270695710342605,-2.0163447290055614,0.23198511386071738,1.9757285901677049,2.650193672891,-0.1189999737647126,0.766065266959988,0.48610241410451993,0.0
-1.5259375244371338,0.46218309572128546,0.6164017895374538,-0.24260560596230737,1.216382996639298,0.3561144105741714,0.8108983687384946,-0.5168370009984068,-1.1274313298228538,-0.9094547686856086,0.08033845222995237,0.47845737611018746,0.6964202829748479,-0.8504391276851581,0.7843771795011653,-1.840739482057926,0.18024303570763756,-0.8835736498357679,0.3634991260360309,-1.948457229087495,-2.603910304920797,0.0
-1.522473421089944,-1.6156023922203533,-1.8470006796445098,-0.0464931733709987,-0.026608340880690928,-0.47767246866144103,-0.057891477236610374,-0.8610531271441656,0.39189204418816603,-0.7307440533598519,-0.7953887521723716,-0.3289048610361006,1.0494999819776862,2.5518912701105245,-0.42231683427035,0.09926828474351641,0.9340081977215337,1.8998384881513133,-1.322341102183434,-0.5637552404349688,-0.2595866056933252,0.0
-1.5190093177427542,0.5998824890049919,1.1507014118486103,0.7996956561433517,-1.0911798691872845,0.9343859558504835,1.3121232798779783,1.225318086433189,0.05067284671524187,-1.1165967341768264,1.1159810591753099,0.9592461240737072,0.06087682476973961,-1.485814081490376,1.4547627427075627,-0.9624663481940944,-0.6497455696559785,0.2875888344538783,-0.22073171167450764,-0.6017501120748248,-0.8878040675778112,0.0
-1.515545214395564,0.08105084645388436,0.5995291698855226,0.018877637492770917,1.5315913262496303,0.7595596747204355,-1.7564870094315272,-0.6151844656114807,-0.6245819861785444,-0.7023128031943907,-1.0771444614148584,-0.7280502367039285,0.260955320871348,-0.2304361485687763,-0.05732913874686705,0.3607985068274129,-0.00043475593614281116,-0.5286759273237539,-0.00854837260550618,0.18769888755329248,0.5116397093030763,0.0
-1.5120811110483743,0.4793955198817488,0.5601597240310167,0.7197979984209667,-0.3120800356221238,-0.5818958285658927,0.37093428007161455,0.5439106530426052,1.0563715340038602,-0.9257011973515865,-0.719238560485213,0.20631280179121395,-1.4985585124927951,-1.1425066467730407,-0.4781822978708832,0.056330487087951256,-0.590460669272863,0.4650376957098853,0.5669626018556213,0.0526060106115826,-0.029750948906317975,0.0
-1.5086170077011845,0.8777401933096133,0.6220259960880976,-0.03922974994169097,-0.18718616917274708,0.7797319379277486,-0.05232231155728277,-0.4325391741872005,0.1081413431317344,0.3658898815936545,0.15648864391711104,0.21084854469653017,-0.08623971648144303,-0.9221750095663924,0.3225560137367581,0.6730733988678863,-0.9969857004713691,0.9771044096200769,0.37512561036857894,-0.3188994009781197,-0.03485840794602925,0.0
-1.5051529043539946,-0.3025403205507259,-0.8796371529337843,0.9594909715881219,-0.5975517303635569,1.045333403490706,0.4266259368648905,-0.4746880875928037,-0.5778888328401447,-1.1125351270103319,-1.2446748831266075,0.6598870923228364,0.2550706592213007,0.8814700205903548,0.8625888285419117,0.33737788992437734,-0.5678759453173905,-0.310667326352088,-0.653818253061922,0.6267507376138497,0.7721201203283509,0.0
-1.5016888010068048,-0.9541535209111214,-0.15411450790074002,0.13146070064704063,-0.35965865141236264,0.009823892181961464,0.8554516941731154,0.23481862140151544,1.4622427899453383,0.605524704416828,-0.12526706532537576,-0.14293940191813548,-1.8045609182952547,0.717502290576105,0.11399161629476759,2.0002416900398994,-0.07101201829699458,0.5258773052833735,-1.2787417859363788,1.4457513040729657,1.25222127006121,0.0
-1.498224697659615,0.8236440030910144,-0.19910816030589007,-1.3175922734998515,-0.27639607377944464,0.3561144105741714,0.22613597240909702,0.5860595664482084,-0.003203868675219868,0.5121077395874553,-0.3537176403868516,-0.5103345772487498,-0.7217831746865514,0.8712220374644642,0.11399161629476759,0.13439921009806974,0.08990413988574737,0.5309472727478308,0.36059250495289386,0.25102367361971906,0.5524993816207665,0.0
-1.4947605943124251,-1.5049510940459465,-0.5365605533445152,0.5636343946908505,-0.5261838066781986,0.41326915632822553,-0.0021998204433344363,-0.6713830168189515,-1.087921738536515,0.08970059427203064,-0.3308725828807041,0.1518838869274192,0.09618479467002344,0.6970063243243239,-0.23982298650860875,-0.27546158570505225,0.6206451528393522,-0.7162647235086755,-0.956106845708171,-0.43288401589768727,0.14901011748357626,0.0
-1.491296490965235,-1.4901975876226923,-1.0821085887569595,1.6967284496628563,-1.0911798691872845,0.9310239119825978,0.749637546265891,-1.711056214157162,1.3473057971123532,-2.148244954466421,-0.07957695031308065,1.2495336700139457,1.114231260128206,0.5535345605618553,1.1270186895844352,0.5325496974496735,0.40891336575679704,-0.1737782048117399,-1.735081295988889,0.7534003097467027,1.405445041252548,0.0
-1.4878323876180453,0.40562798776547765,-0.6265478581548154,-0.46777173227084695,0.020970274909547934,-0.5449133460191518,-0.9322504888910431,0.5158113774388698,-0.258220321523405,0.918268456236902,1.3977367684177964,0.12466942949552182,-0.6805905431362202,1.6500687550321507,-0.5303233972313808,-1.0366316350537066,-0.7400844654778688,0.19125945262918884,1.0610881859889127,-1.0872401385840946,-1.291293331715001,0.0
-1.4843682842708554,2.1121168973885514,0.5320386912777978,1.170130251038046,-0.0444503218020305,1.0688677105659048,-0.4198872463929042,0.5649851097454068,-0.5311956795017445,-0.39769226570730554,-0.2318773336873978,0.7732806649557421,-0.5746666334353687,0.05138338739321557,1.6111860407890553,-0.24033066035049894,-1.6067732472691278,-0.9393432919447985,1.183166271480667,0.37345159334814354,-0.3821656226463955,0.0
-1.4809041809236656,0.0023654788631950053,0.30144622270140375,1.0938643050303147,-0.8235501553671912,-0.22551917857002576,-0.2973656014476971,-0.4114647174843989,1.0096783806654601,-0.97444048334952,-0.7268535796539288,0.9274959237364937,0.2786093058214899,-1.6087898790010635,0.47153058333817965,0.6340390373628275,-0.3166208913127585,-0.7010548211153035,-0.27886413333724785,1.1502356357629753,1.2420063519817874,0.0
-1.4774400775764758,0.7670888951352064,0.45892400611942896,-0.6711475882914634,0.3004946426772012,0.5544749987794181,0.8665900255317706,1.2463925431359906,-2.161864265319718,0.2887193454302595,1.4434268834300916,-0.26540446036167364,-0.21570227278248374,-0.24068413169466693,0.7918259079812363,-0.9741766566456117,-1.0506244198656163,-0.8734337149068533,0.8053055306728563,-1.2181113631213758,-1.1636068557222192,0.0
-1.473975974229286,-1.2762717444855056,-0.058502996539796445,1.7984163776731645,0.0031282939882083596,0.45361368274285196,0.2372743037677522,-1.8164284976711698,1.0707386581079834,0.4146291675915879,-0.21664729534996616,1.1905690122448347,1.4849649440811863,0.06163137051910604,0.009709417573772753,1.2078441514871974,-0.09359674225246707,0.07465020094666999,-1.1043445209481584,0.9475963203504105,0.39416815138971706,0.0
-1.470511870882096,-0.6861314875553362,-1.8357522665432224,0.6217417821253124,-0.6689196540489148,0.13758155916161188,0.6493925640379943,-1.4722123715254107,-0.31928059896592836,-1.2871842351695941,-1.099989518921006,0.6689585781334688,2.567742687689889,1.3580012359442681,0.19592762957554957,-0.5682192969929961,0.4456135421844399,-0.21433794452739865,-0.993892919788952,0.14970401591343654,-0.04507332602545179,0.0
-1.467047767534906,-0.6541655569716186,-0.31159229131876526,0.17504124122288703,-0.6986562889178142,-1.580422857327896,0.8108983687384946,0.4736624640332667,0.5607057524116126,1.2756898868884154,-0.9248440780405413,-0.914015695821894,0.5728423883238546,-0.20994018231699507,-1.8673701594041405,-0.010027927470649445,1.0384625460155943,0.7438859062550393,-0.06958741535138341,0.17503393034000717,0.046860936689350825,0.0
-1.4635836641877162,-0.13041607894609314,0.2564525702962537,1.0502837644544685,0.6454396071564323,0.3762866737814846,1.055941658628909,-1.0296487807665782,-0.391116219486544,-0.40581548004029444,1.3368166150680696,1.2722123845405269,-1.227864076590619,0.18973115959273879,1.0897750471840797,-1.2279000064284964,0.27905120301282993,-0.6807749512574741,-1.0084260252046369,-1.412307373725084,-1.0665651339677056,0.0
-1.4601195608405264,-0.5631856006948841,-0.9583760446427968,-0.1372859662373454,0.9130693209765259,-0.7668082412995968,1.289846617160668,-0.7837801192338931,0.8480482344940748,-0.3814458370413276,0.2554838931104173,-0.4060124904264765,0.9494607339268821,0.9941978349751517,0.26669055013622495,0.32566758147285957,0.19153539768537375,0.23181919234484763,-0.9357604981262119,-0.36533757742683226,-0.49452972152004343,0.0
-1.4566554574933366,-1.2492236493762061,0.8076248122593417,-1.7860830846902,0.5443350486021747,-1.045857882334096,-0.18598228786114512,0.6211836609528777,0.3775249200840429,2.274845249846055,1.9155580718904752,-2.1477377660679067,-0.8512457309875922,-0.7223393386115255,-1.6364595765219367,1.672353053397402,1.2163172471649406,2.188826633625382,-0.4677945037411534,1.0784675448876921,0.36352339715144943,0.0
-1.4531913541461468,1.0228163398049466,0.008987482067928652,0.977649530161391,-0.15150220733006795,0.8839552978322004,-0.7317605244352496,0.6492829365566132,0.29850573751136567,-1.2384449491716605,0.11079852890481584,0.8776027517780153,-1.3337879862914706,-1.234738494906056,0.721062987420561,0.15781982700110483,-1.3357565598034573,-0.17884817227619723,0.7994922885065822,0.14548236350900812,0.13368774036444245,0.0
-1.449727250798957,2.5571810078233876,0.5882807567842351,-0.7800989397310794,1.0439105143996827,2.208600581779101,-1.7787636721488376,2.524909583105952,-2.3019437253349184,-0.9947485191819924,1.0246008291507194,0.07024051463172706,-1.2043254299904298,-0.28167606419822927,1.5329743917483092,-0.7126464345617153,-2.5412162009268044,-1.0762324134851469,2.6917026136287747,-1.0914617909885231,-0.678398246949649,0.0
-1.4462631474517669,-1.042674559450647,-0.4634458681861467,-0.23534218253299963,-0.45481588299284037,-0.7970666361105667,0.4600409309408561,-0.7275815680264224,-0.46295184000715967,0.012530058108635677,-1.495970515694231,-0.3107618894148357,2.4206261464387073,-0.7735792542409787,-0.9027598212349348,-0.5330883716384428,1.3433563194144735,0.2875888344538783,-0.8020559283019095,0.061049315420439475,0.5524993816207665,0.0
-1.442799044104577,0.5089025327282573,0.9819752153292981,-0.9181039848879263,1.5672752880923095,-0.8306870747894217,0.09247599610523471,0.41043909392486194,-0.9191080303130686,0.39432113175911576,1.1769012125250362,-1.2043032417621322,0.03733817816955039,-0.4507677857754245,-0.2956884501091419,-0.8922044974849878,0.22258939312414855,0.22167925741593292,0.49720369586033336,-0.20069313365412342,-1.3168306269135575,0.0
-1.4393349407573872,-0.494335904053031,0.08772637377694126,0.9885446653053526,-0.8949180790525495,-0.17845056441962823,0.515732587734132,0.23481862140151544,1.9183989802512473,-0.22304315754804346,-0.04150185446950131,0.7460662075238448,-0.5687819717853214,-0.3380399713906277,0.11771598053480313,0.9736379824568424,-0.9264084381105174,0.5258773052833735,-0.3369965549999881,1.6272823574633883,0.8946991372814213,0.0
-1.4358708374101974,-0.32958841566002534,-0.8458919136299218,1.2246059267578537,0.07449621767356665,0.32921805963108713,-0.1581364594645071,-1.3527904502095354,0.4565441026567199,-0.3895690513743166,0.4382443531595979,0.47845737611018746,-1.0454395654391533,0.5740305268136366,0.4678062190981441,-0.6150605307990668,0.33268992240707723,-0.38164687085449084,-0.4503547772423315,-0.5595335880305404,-0.5966789023142689,0.0
-1.4324067340630076,0.5605398052096472,0.031484308270503684,0.14235583579100222,-0.12176557246116865,0.7427494553810078,-0.26951977305105906,-0.9594005917572396,0.23744546006884237,-0.32864494387689974,1.5348071134546821,0.44217143286765764,0.44337983202281384,0.0001434717637624698,1.0934994114241152,1.9807245092873698,-1.0506244198656163,-0.37150693592557615,-0.24107805925646672,1.7243803627652423,1.231791433902365,0.0
-1.4289426307158177,-0.7869471147809068,0.5489113109297291,-0.8055209217336565,-2.1319620895987583,-0.6693089691309163,0.025646007953303532,0.6141588420519438,0.6002153436979513,1.048239885564725,0.9560656566322765,-0.7280502367039285,-0.4334347538342334,-1.6856497524452432,-0.545220854191523,1.5903808942367776,0.36092082735141795,0.8351453206152714,-0.32537007066744006,2.703803720592639,2.4269368491948016,0.0
-1.425478527368628,0.8605277691491501,1.0888351397915295,-0.11186398423476833,-0.15744953430384778,0.29895966482011727,-0.8598513350597843,0.2769675348071186,0.011163255428903262,0.7720505982431014,1.0931360016691622,-0.4921916056274849,-0.9924776105887274,-0.5942395495378928,-0.21747680106839548,-0.5018608824343954,-0.7259690130056984,0.6779763292170937,0.8866909210006925,-1.0661318765619525,-0.9388786579749239,0.0
-1.4220144240214379,0.2556340057957262,-1.228337959073697,2.070794756272204,-1.8167537599884267,1.3411932638646331,0.05906100202926914,-3.158168907749536,-0.05708058406568161,-1.8639324528118086,-0.09480698865051239,2.460577025733378,1.973391861035112,0.49204666180651174,1.5962885838289131,-0.7477773599162681,-0.5706990358118246,-0.751754495759877,-0.39803559774586533,0.6731889140625623,1.001955777115358,0.0
-1.418550320674248,-1.042674559450647,-1.0989812084088908,1.3735061070586625,-0.15744953430384778,0.35275236670628585,0.20385930969178664,-1.2614678044973953,0.44576875957862755,0.6583255975812562,0.651464889883642,1.3946774429840652,0.543419080073618,0.09749931145972321,0.38587020581736237,-0.3027856387585937,-0.46059850652889595,-0.9038535196935974,-0.5695262416509488,-0.34000766300026186,-0.56092668903629,0.0
-1.4150862173270582,-0.06402530004144899,1.814357784824573,-1.6843951566798916,-2.1735933784152177,-1.0424958384662109,-0.7484680214732324,0.888126779188364,0.6936016503747514,1.9174238191945412,0.6362348515462103,-1.4220189012173112,-1.0277855804890113,-0.7838272373668693,-1.4502413645201595,1.9494970200833224,0.40044409427349487,1.5500107331037567,0.7006671716799239,2.264751870532082,2.1204893068121256,0.0
-1.4116221139798684,-0.7721936083576526,1.2744339559627729,0.8396444850045442,-0.3061327086483439,-0.023796546496893906,1.919162338924686,-1.5284109227328817,1.6059140309865694,-0.9013315543526197,-0.03388683530078544,1.254069412919262,0.44337983202281384,-1.6549058030675712,0.6949924377403122,1.383498778259964,-1.6858197811132818,-0.6858449187219314,-0.621845421147415,0.9096014487105546,-0.01442857178718416,0.0
-1.4081580106326785,-0.1377928321577202,1.3138034018172793,-2.643167049348512,-0.9662860027379078,-2.5117090087321885,0.4600409309408561,0.24184344030244928,0.34879067187579665,2.567280965833656,-0.23949235285611367,-2.519668684303838,0.1609160728205438,-1.0861427395806422,-2.411127338449329,1.5942843303872836,0.8888387498105886,2.538654388672939,0.7704260776752121,2.0874424695460876,1.6250657799601325,0.0
-1.4046939072854887,0.33186045564920635,0.2845736030494725,-0.25350074110626897,0.449177817021697,-0.3297425384744774,-0.7596063528318876,-0.34824134737599416,-0.6676833584909139,-0.060578870888264816,-1.1304495955958693,-0.2563329745510412,0.8376521625759833,0.31270695710342605,-0.19140625138814665,-0.6111570946485613,0.16330449274103315,-0.44755644789243637,0.386752094701127,0.06527096782486791,-0.25447914665361393,0.0
-1.4012298039382989,0.9047882884189128,0.9257331498228606,-1.244958039206774,0.22912671899184295,0.2014603926514371,-1.856731991659424,1.2112684486313212,-1.6015464252589167,1.133533636061109,0.7961502540892433,-1.0092662968335342,-1.5691744522933628,0.2563430499110277,-0.29941281434917744,-0.5877364777455257,0.1661275832354672,0.5816469473924042,1.3401238099700656,-0.3906674918534029,-0.25447914665361393,0.0
-1.3977657005911088,-0.7500633487227713,-0.6602930974586779,0.8941201607243523,-0.20502815009408665,0.8335246398139173,0.9556966764010122,-0.011050040131169279,-0.9191080303130686,-0.6616967315294461,-1.5721207073813892,0.9093529521152289,0.23741667427115878,0.7277502737019957,0.5571909608589972,-1.1303141026658488,0.5500678904785005,-1.005252868982744,-0.8224022758838686,-0.9901421332822405,-0.4689924263214871,0.0
-1.394301597243919,-0.3615543462437429,-1.6389050372706908,-0.03922974994169097,0.8179120893960482,-1.2677527776145414,0.599270072924046,-0.9313013161535042,0.894741387832475,0.00034523660915226234,-0.14811212283152336,-0.696300036366715,0.38453321552234077,0.7533702315167222,-0.23982298650860875,1.1375823007780907,0.1491890402688628,-0.18391813974065457,-0.6363785265631,0.27635358804628957,-0.0808255393034307,0.0
-1.3908374938967292,-0.5877747780669745,-0.5140637271419402,0.03703619606604026,-0.8057081744458516,-0.20534691536271255,0.8220367000971498,-0.7416312058282901,0.2589961462250271,0.7273729194116623,0.933220599126129,0.11106220077957313,0.2844939674715372,0.3536988896069885,0.05440178845419929,0.45838441059006096,0.1378966782911265,-0.2092679770629413,-0.7555499909717174,0.601420823187279,0.13879519940415372,0.0
-1.3873733905495393,-0.45007538478326836,0.0033632755172848935,-0.8672600208827722,0.2767053347820818,-0.8004286799784522,-0.07459897427459318,0.4174639128257958,0.3056892995634273,1.4137845305492271,0.034648337217657366,-0.8822654954846804,-0.04504708493111189,0.8917180037162454,-0.6457786886724827,0.8175005364366055,1.2558405140870175,-0.15856830241836783,-0.14225294242980868,0.26791028323743266,0.9917408590359355,0.0
-1.3839092872023495,-0.6713779811320818,-0.21598077995782136,-0.8817868677413877,-1.5610187001158928,-0.6592228375272596,-0.06346064291593798,-0.29204279616852347,0.8516400155201056,1.1375952432276035,-0.7116235413164971,-0.5602277492072283,-0.18627896453224724,0.8097341387091207,-1.3869271724395553,1.8089733186651091,0.6037066098727478,1.068363823980309,-0.43000842966037245,1.8468082824936671,1.6863552884366677,0.0
-1.3804451838551597,-0.1279571612088841,-1.3014526442320657,-1.648078039533353,0.4551251439954769,-0.3431907139460196,-0.14699812810585192,0.6703573932594143,-1.1525737970050691,0.6542639904147618,-0.26995242953097714,-0.9956590681175856,0.06087682476973961,0.8917180037162454,-1.0182151126760368,-1.169348464170908,1.0441087270044624,-0.14842836748945315,0.08155688097174116,-0.956368914046813,-0.504744639599466,0.0
-1.3769810805079699,-0.5459731765344208,-1.4139367752449408,0.08424844835654034,-0.6808143079964746,-0.03388267810055052,0.9779733391183226,-0.011050040131169279,-0.2725874456275282,-0.3327065510433942,-1.4045902856696404,0.569172234216512,0.7493822378252737,1.3118853118777605,0.19965199381558513,-1.1264106665153424,1.1259783513430506,-0.34108713113883204,-1.028772372786596,-0.1162600855655548,-0.029750948906317975,0.0
-1.3735169771607798,-0.9418589322250762,-1.2170895459724094,0.09151187178584808,0.9665952637405446,-0.39698341583218816,-0.06902980859526557,0.30506681041085404,-0.20793538715897408,-0.9053931615191141,-2.9428241577502443,0.1518838869274192,0.6493429897744695,1.4758530418920104,-0.4558361124306699,-1.4699130477598636,0.5641833429506707,-1.0813023809496043,-0.9619200878744449,-1.7120446944395025,-1.7969317766464163,0.0
-1.37005287381359,-0.8213719631018332,-0.317216497869409,0.8033273678580055,-0.6986562889178142,-0.8844797766755903,0.06463016770859674,-0.6573333790170838,1.6202811550906926,0.5364773825864221,0.7276150815708007,0.1201336865902056,0.30803261407172644,0.5791545183765818,-1.088978033236712,0.8096936641355936,0.5020753520731213,0.8554251904731008,-0.3922223555795913,1.4330863468596806,0.8691618420828651,0.0
-1.3665887704664001,-0.8336665517878785,-1.3858157424917221,-0.5367742548492704,-0.4369739020715008,1.001626833208194,-0.904404660494405,-0.165596055951714,-1.1489820159790383,-0.13774940705165956,0.17933370142325863,-0.22911851711914383,-0.03327776163101728,1.3938691768848854,-0.15788697322782677,-0.1661653734908864,1.1626785277706932,0.1760495502358168,-0.4445415350760575,0.601420823187279,1.083675121750738,0.0
-1.3631246671192103,-0.9123519193785679,-0.6152994450535278,-0.8890502911706955,-0.5261838066781986,-1.4291308832730472,1.4513524218611682,0.2839923537080524,0.15124271544410378,-0.32864494387689974,0.011803279711509764,-0.9366944103484751,0.8435368242260306,0.25121905834808234,-0.38507319186999456,-0.8180392106253748,2.2552145491166775,0.37884824881411056,-1.2700219226869678,-0.1669199144186959,0.13368774036444245,0.0
-1.3596605637720205,2.254734126146676,1.550020076944317,1.8783140353955496,0.5681243564972942,1.5361918082019939,0.33751928599564895,0.26291789700525087,-0.8688230959486377,-1.1450279843422877,0.34686412313500753,1.1678902977182535,0.6669969747246114,-0.8299431614333768,1.5925642195888776,-0.9000113697859996,-2.0499984548952765,-1.0559525436273174,1.479641621960642,-0.9310389996202424,-1.0869949701265507,0.0
-1.3561964604248307,-1.2270933897413248,-1.8919943320496597,0.055194754639309396,0.18749543017538395,-0.10448559932614679,-0.7763138498698704,-1.5003116471291462,-0.3731573143563901,-0.4545547660382281,-1.320825074813766,0.3559923176666493,2.038123139185633,1.2862653540630342,-0.5489452184315585,-0.8765907528829641,1.2473712426037153,-0.11293859523825173,-1.022959130620322,-0.6566315933323942,-0.20340455625650122,0.0
-1.3527323570776408,-0.09845014836237559,-1.3295736769852844,0.6144783586960046,-0.8592341172098703,1.8858443704620893,-0.45887140614819727,-0.8329538515404301,-0.8364970667143606,-1.7745770951489304,0.818995311595391,1.0635682108959805,1.1377699067283953,0.11287128614855914,1.4659358354276693,0.11878546549604603,-0.46342159702333,-0.427276578034607,-0.5433666519027157,-0.010718775454843968,0.02132364149079446,0.0
-1.3492682537304508,-0.123039325734466,0.06522954757436623,-0.07917857880288351,0.48486177886437615,-0.6558607936593741,1.5738740668063753,0.8108537712780916,0.49964547496908934,0.8167282770745402,0.8494553882702544,-0.6872285505560825,0.09618479467002344,-0.932422992692283,-0.27334226466892864,0.20856449695768184,0.0588501444469726,-0.4779762526791804,-0.22073171167450764,-0.703069769781107,-1.1278546424442404,0.0
-1.345804150383261,-0.15746417405539254,0.2789493964988287,-0.5658279485665014,-0.06229230272337007,0.10732316435064204,-0.5201322286208009,1.4501122912630724,-0.1432833286904204,-0.03214762072280351,0.37732419980987103,-1.2950180998684568,-1.869292196445775,-0.548123625471385,-0.21375243682835993,0.15001295470009343,0.36092082735141795,0.6982561990749232,0.040864185807823,-0.7495079462298199,-0.05528824410487434,0.0
-1.3423400470360711,-0.5189250814251214,-1.3351978835359282,1.4642988999250088,0.9665952637405446,0.850334859153345,-0.12472146538854159,0.7125063066650176,0.48168656983893543,-1.1815824488407378,-1.435050362344504,1.254069412919262,-0.733552497986646,1.183785522804128,0.4305625766977889,-0.6970326899596916,-1.0308627864045776,-1.0813023809496043,-0.41256870316155037,-0.30201279136040593,-0.8214071000615646,0.0
-1.3388759436888813,-0.14025174989492922,-0.058502996539796445,-0.7401501108698868,0.7108602038680107,0.48051003368593626,0.20385930969178664,0.5017617396370021,-0.7502943220896219,-0.15399583571763745,0.4230143148221662,-0.8777297525793641,-0.6688212198361256,0.24097107522219174,0.12888907325490978,-0.48234370168186574,0.2451741170796211,-0.3512270660677468,0.2617673881262355,0.39878150777471416,-0.3055537370507267,0.0
-1.3354118403416915,-1.0869350787204097,-1.8020070272393598,-1.2340629040628124,0.7049128768942309,-1.1399951106348911,0.1481676528985107,-1.1841947965871227,1.3401222350602917,-0.0483940493887814,0.7123850432333689,-1.0954454120345427,0.2668399825213953,2.249575767896751,-0.27706662890896416,0.3490881983758951,1.4506337582029682,-0.21433794452739865,-1.1770100480265835,-0.4455489731109726,0.026431100530505736,0.0
-1.3319477369945016,-1.3795462894482855,-1.4476820145488034,-0.43508632683896215,0.7049128768942309,-1.1467191983706622,1.8968856762073762,-1.8234533165721036,-0.017570992779343,-0.5032940520361617,-1.9604866849858982,-0.11572494448623809,1.3378484028300037,0.9941978349751517,-0.5191503045112742,-0.27546158570505225,0.8690771163495502,-1.020462771376116,-1.3514073130148039,-0.07826521392569885,-0.3055537370507267,0.0
-1.3284836336473116,-1.9278849448459012,-2.139459420277985,-0.8563648857388106,-0.4726578639141799,-0.7331878026207415,-0.45887140614819727,-0.6011348278096129,1.0491879719517987,0.5689702399183778,-0.9172290588718254,-0.8278365806208856,-0.056816408231206504,0.9839498518492611,-0.9362790993952548,0.6028115481587801,2.1874603772502597,0.5410872076767455,-1.688575358658697,0.7956168337909869,1.4309823364511045,0.0
-1.3250195303001218,0.18678430915387303,-0.9864970773960156,0.5672661064055043,-0.15150220733006795,1.5025713695231386,-0.5089938972621457,0.26291789700525087,0.2554043651989963,-1.815193166813875,-1.1989847681143122,0.5419577767846145,-1.0866321969894843,0.717502290576105,1.3281343585463543,0.7433352495769929,-0.6102223027339015,-0.9393432919447985,-0.7758963385536763,0.47054959864999757,1.098997498869872,0.0
-1.321555426952932,0.8310207563026415,1.201319270804404,-0.76194038115781,-0.2645014198318849,1.29076260584635,-0.6649305362833183,1.4009385589565355,-1.3752642206189776,-0.921639590185092,1.1692861933563203,0.2834204311815896,-0.5393586635350849,-0.5225036676566586,1.223852159825359,-1.5245611538669466,-0.793723184872116,-0.89878355222914,0.40709844228308606,-1.3109877160188015,-0.6937206240687828,0.0
-1.318091323605742,0.22366807521200865,-0.564681586097734,0.8360127732898903,-0.87112877115743,1.0117129648118506,-0.7985905125871806,-0.5308866388002745,0.6900098693487206,-2.0670128111365322,-0.8943840013656777,1.2041762409607835,0.10795411797011806,0.5227906111841836,0.8029990007013429,1.0048654716608898,-1.3526951027700618,-0.001399311020190219,-0.14515956351294568,0.9602612775636958,1.9059760271442525,0.0
-1.3146272202585523,0.7818424015584606,2.523007810205686,-3.5619901131559395,0.6811235689991114,-1.66783599789292,-1.528151216579096,3.283590024406808,-0.2905463507576821,1.8443148901976405,2.0221683402524975,-2.8008847444334433,-1.516212497442937,-1.7471376512005867,-1.1671896822774586,0.4349637936870254,0.7279225916278468,1.6463401149284462,1.5435872857896564,-0.20069313365412342,0.17965487172184388,0.0
-1.3111631169113624,-0.11566257252283887,-1.6164082110681157,0.9304372778708909,-0.4904998448355195,1.4790370624479399,-0.8542821693804566,-1.1139466075777844,0.11891668620982675,-1.4293404859969003,-0.8258488288472351,1.4218919004159625,0.6846509596747533,0.8097341387091207,1.4882820208678826,0.07194423168997495,0.08143486840244517,-0.41206667564123495,-0.9125075294611158,-0.5004304543685423,0.37884577427058325,0.0
-1.3076990135641726,2.3752210952699184,1.2069434773550478,-0.5440376782785782,1.2401723045344175,1.1899012898097838,-2.3412494057609248,1.0075487005042396,-1.1130642057187305,0.07751577277254722,1.930788110227907,-0.18829683097129776,-1.0925168586395317,-0.9477949673811189,1.2424739810255367,0.28663321996780033,-1.7592201339685674,-0.33094719620991736,2.4126669896476214,-0.8550492563405308,-0.8367294771806985,0.0
-1.3042349102169826,0.07859192871667531,1.6400073817546172,-2.0257760578573545,-1.4955981034043144,-0.2927600559277365,-1.1717246131021297,2.2930905593751345,-0.340831285122113,2.128627391852254,2.9968907938481277,-2.174952223499804,-2.7166834740525863,-0.6147355157896741,-1.0368369338762145,1.8792351693742158,0.08990413988574737,2.97467159061627,1.1250338498179269,2.159210560421371,1.747644796913203,0.0
-1.3007708068697927,1.2539546071025964,1.977459774793242,-1.2885385797826205,-0.15150220733006795,-0.04396880970420713,0.04792267067061394,1.8364773308144344,0.194344087756473,-0.288028872211955,0.0955684905673841,-0.7416574654198772,-2.6637215192021606,-0.7018433723597444,0.09536979509458987,0.2671160392152707,-0.3646134297181377,-0.4069967081767776,1.0494617016563648,0.6225290852094212,0.5371770045016326,0.0
-1.297306703522603,1.5465658178304722,0.7907521926074104,0.283992592662503,0.8357540703173878,0.8772312100964292,-0.9322504888910431,0.6352332987547454,-0.4126669056427287,-1.5511887009917344,-1.640655879899832,0.6508156065122039,-1.227864076590619,-1.0963907227065328,0.7955502722212718,0.41935004908500173,-1.2595331164537373,-0.7010548211153035,0.9477299637465694,0.26368863083300426,0.1081504451658861,0.0
-1.293842600175413,1.3178864682700313,1.156325618399254,0.06245817806861713,2.447479680211728,0.7830939817956343,-0.3307805955236626,-0.8680779460450995,-1.1130642057187305,-1.3724779856659781,0.7809202157518118,-0.33797634684673306,-1.4514812192924167,-1.270606435846673,0.9519735703027645,-0.34962687256466435,-0.47189086850663226,-0.9393432919447985,0.5756824651050324,-0.7072914221855354,-0.790762345823297,0.0
-1.2903784968282233,0.14252378988411027,0.9482299760254356,-1.1686920931990428,0.615702972287533,-0.2187950908342547,0.6438233983586666,0.09432224338283862,-0.100181956378051,-0.29615208654494396,0.872300445776402,-1.3131610714897217,-0.8159377610873083,-0.43539581108658854,-0.34038082098956846,-0.22862035189898117,0.8436693018996435,-0.18898810720511194,0.06993039663919311,-0.044491994690271354,-0.8980189856572337,0.0
-1.2869143934810334,-0.4549932202576864,-1.3070768507827095,-0.5222474079906549,0.7405968387369101,-0.04060676583632159,-0.18598228786114512,-1.4019641825160725,-0.4701354020592212,-0.06870208522125376,-0.551708138773464,-0.7280502367039285,2.1205084022862954,1.7423006031651662,0.1326134374949453,-0.5994467861970431,1.2022017946927703,-0.19912804213402663,-0.621845421147415,-1.5347352934535081,-0.7192579192673392,0.0
-1.2834502901338436,-0.927105425801822,-1.9088669517015908,-1.4047533546515443,1.4364340946691527,-0.36336297715333277,1.3566766053125991,-0.20774496935731718,-0.3049134748618052,-0.6170190526980068,-1.2370598639578916,-0.9775160964963212,0.09030013301997614,1.2145294721817996,-0.06850223146697368,-0.8804941890334695,1.5579111969914627,-1.1117221857363484,-1.1973563956085427,-1.2856578015922309,-1.4802693161843181,0.0
-1.2799861867866535,-0.25582088354375415,-0.8065224677754155,-0.576723083710463,1.0201212065045633,-0.9248243030902167,0.30410429191968336,-1.423038639218874,0.16560983954822692,0.05720773694007487,0.22502381643555386,0.1836340872646328,1.7321207333831732,1.0556857337304952,-0.3105859070692841,-0.134937884286839,0.10401959235791765,0.3230786067050797,0.10480984963683725,0.4030031601791426,0.19497724884097772,0.0
-1.2765220834394637,-1.5516705310529182,-0.7559046088196216,-0.6929378585793866,-1.1447058119513032,-0.6222403549805188,0.710653386510598,-0.5870851900077452,0.6684591831925359,0.6745720262472341,-0.17095718033767096,-0.6736213218401338,-0.07447039318134842,1.0044458181010423,-1.1485678610772807,0.47009471904157873,1.730119717151941,0.2673089645960489,-1.2874616491857898,0.18769888755329248,0.4248129056279847,0.0
-1.2730579800922739,-0.009929109822850205,-0.48031848783807796,1.0393886293105068,-1.6204919698536915,0.5309406917042193,-0.7484680214732324,-0.10939750474424312,1.0707386581079834,-0.8972699471861252,0.6438498707149262,0.7188517500919474,0.32568659902186836,0.7021303158872692,1.2424739810255367,0.5520668782022031,0.1463659497744287,-0.635145244077358,-1.0810915522830622,0.2890185452595749,0.945773727678534,0.0
-1.269593876745084,0.4326760828747771,-0.705286749863828,-0.39150578626311594,1.305592901245996,0.3762866737814846,0.37093428007161455,-1.0507232374693796,-1.4399162790875317,0.12625505877048088,0.5143945448467566,-0.12479643029687054,1.4261183275807132,-0.23556014013172163,0.44546003365793085,-1.637760802231618,-0.039958022858219804,0.26223899713159154,0.2327011772948654,-1.918905662256496,-2.348537352935234,0.0
-1.2661297733978942,1.669511704690924,0.9032363236202855,1.5805136747939326,0.19939008412294365,1.4891231940515965,0.2706892978437178,-1.0928721508749828,-1.0412285851981153,-1.027241376513948,1.3215865767306378,1.0363537534640832,1.1436545683784425,-0.6967193807967991,1.3914485506269585,-0.40037154252124135,-1.8410897583071553,-1.0407426412339456,0.758799593342664,-0.3611159250224038,-0.4332402130435082,0.0
-1.2626656700507044,-2.6090051580528053,-0.49719110749000894,-2.0548297515745855,-2.768326075793203,-3.4732535549474517,-0.5591163883760941,-0.8118793948376285,2.3278620172187563,3.135905969142882,0.1184135480735317,-2.6466694856526924,-0.598205280035558,1.4246131262625572,-4.124334888865678,3.284472183556347,1.2643097855703196,4.328352903626381,-0.41547532424468736,2.2478652609143683,2.523978570949316,0.0
-1.2592015667035146,-0.8090773744157881,-0.4353248354329279,0.7343248452795822,-0.4607632099666202,-0.037244721968436055,0.4266259368648905,-1.275517442299263,0.2589961462250271,-0.3692610155418442,-0.5288630812673164,0.6508156065122039,1.3143097562298145,-0.4405198026495339,-0.262169171948822,-0.5096677547354073,0.8323769399219073,-0.36136700099666147,-0.7729897174705394,-0.30201279136040593,0.006001264371660646,0.0
-1.2557374633563245,-1.4483959860901383,-0.49719110749000894,-0.3987692096924237,0.13396948741136522,-0.6356885304520609,0.4767484279788388,-0.3974150796825312,0.9522098842489676,1.0441782783982305,-0.9248440780405413,-0.7734076657570909,0.43749517037276653,0.08212733677088728,-1.0442856623562855,0.7745627387810403,1.2191403376593746,-0.06223892059367825,-0.8747214553803346,0.36922994094371514,-0.5200670167185998,0.0
-1.2522733600091347,-0.16484092726701965,0.6332744091893852,-0.9980016426103111,0.8179120893960482,-0.01034837102535176,-0.9378196545703706,0.6141588420519438,-0.24026141639325113,-0.2433511933805158,0.37732419980987103,-0.14293940191813548,0.6552276514245168,-0.1125843426210342,-1.00704201995593,0.2983435284193181,-0.30815161982945627,0.9872443445489917,0.5466162542736622,0.0863792298470101,0.542284463541344,0.0
-1.2488092566619449,-1.1508669398878446,-0.14849030135009625,-0.03922974994169097,-0.87112877115743,-0.571809696962236,-0.75403718715256,-0.6362589223142823,0.5247879421513048,0.9588845279018466,0.30878902729142843,0.04756180010514592,1.4084643426305712,-0.476387743590151,-0.6904710595529092,0.5013222082456261,1.0638703604655009,1.4232615464923233,-0.2527045435890148,1.3739832131976826,1.4003375822128368,0.0
-1.245345153314755,-0.43286296062280505,0.5770323436829475,0.01524592577811705,-0.5261838066781986,-0.26250166111676665,-0.21939728193711067,-1.1912196154880565,0.1907523067304422,0.5527238112524,0.5296245831841884,-0.27901168907762236,-0.8159377610873083,-0.8709350939369392,0.09909415933462541,0.8760520786941943,-0.43236760158455523,0.08986010334004203,0.03505094364154898,0.9391530155415536,0.5729292177796115,0.0
-1.2418810499675652,-1.5393759423668731,0.503917658524579,-0.3660838042605389,-1.715649201434169,-1.661111910157149,0.3653651143922869,-0.9032020405497687,1.713667461767493,1.3366139943858322,-0.38417771706171505,-0.36519080427863043,1.4731956207810917,0.18973115959273879,-1.7854341461233585,0.7667558664800285,0.863430935360682,0.7743057110417833,-0.8311221391332795,0.7365137001289889,0.88959167824171,0.0
-1.2384169466203754,-0.21156036427399144,0.6332744091893852,-0.7474135342991945,0.4670197979430366,-0.07086516064729143,-0.05232231155728277,-0.39039026078159733,-0.4521764969290673,0.7558041695771235,-0.22426231451868192,-0.44229843366900634,0.19622404272082763,0.2819630077257542,-0.6569517813925894,0.6340390373628275,-0.5057679544398411,0.48024759810325734,0.6192817813520876,0.0526060106115826,-0.4792073444009096,0.0
-1.2349528432731856,-0.5410553410600027,-0.4184522157809966,-1.5500218232376985,0.2350740459656228,-0.9786170049763853,0.253981800805735,0.01704923547256616,-0.04271345996155848,0.17093273760191985,0.4306293339908821,-1.5308767309449007,0.0020302082692665526,1.4246131262625572,-1.0144907484360013,-0.3183993833606174,1.6171960973745783,0.24702909473821966,-0.9619200878744449,-0.05293529949912822,-0.5864639842348464,0.0
-1.2314887399259955,0.1499005430957374,-0.036006170337221415,1.0430203410251606,0.5027037597857157,2.124549485081962,-0.4644405718275249,-0.6081596467105468,-0.5671134897620523,-1.9776574534736537,-0.8106187905098033,1.276748127445843,0.7905748693756048,0.7738661977685035,1.5106282063080958,-0.8375563913779048,-0.4860063209788026,-0.9799030316604572,-0.21491846950823362,-1.45030224536494,-0.26980152377274774,0.0
-1.2280246365788057,0.5359506278375568,0.9201089432722168,-1.0924261471913117,1.5732226150660895,-0.3667250210212183,0.253981800805735,1.1339954407210486,-0.03552989790949691,0.0653309512730638,-0.7953887521723716,-1.2451249279099783,-1.1042861819396264,0.005267463326707779,-0.24354735074864428,-0.36524061716668804,-0.3815519726847421,-0.08251879045150763,0.9797027956610765,-0.4455489731109726,-0.6630758698305151,0.0
-1.2245605332316158,0.6539786792235908,1.201319270804404,-1.2267994806335047,1.0974364571637008,-1.5770608134600108,-0.904404660494405,0.26994271590618474,0.8516400155201056,2.1448738205182316,1.2911265000557743,-1.6351988177671735,-0.7217831746865514,-0.42002383639775265,-1.9232356230046732,1.8362973717186506,-0.5594066738340884,2.0519375120850336,1.4011628527159432,1.3908698228153962,0.22051454403953408,0.0
-1.221096429884426,-0.3910613590902513,1.1225803790953914,-2.1565176795848937,0.4670197979430366,-1.1702535054458614,-2.02937612771858,-0.8470034893422979,-0.714376511829314,1.7346514967022904,-0.3537176403868516,-1.9527008211393095,1.190731861578821,0.020639438015543708,-1.897165073324425,0.24369542231223515,1.0836319939265393,0.8097954832929847,0.7994922885065822,1.614617400250103,1.1245347940684285,0.0
-1.2176323265372362,-0.43532187836001407,0.9482299760254356,-0.06465173194426804,-1.1744424468202024,0.8268005520781462,0.8554516941731154,1.2674669998387922,0.11173312415776518,-0.22710476471453792,1.245436385043479,0.5102075764474009,-0.9689389639885382,-0.015228502925073458,1.0599801332637953,0.3334744537738714,0.18871230719093976,-0.49825612253700985,-0.5666196205678118,-0.1542549572054106,0.7874424974474847,0.0
-1.2141682231900464,0.8039726611933421,1.7412430996662047,0.6507954758425433,1.0676998222948015,0.23844287519817797,-0.21939728193711067,0.17862007019404494,0.7223358985829976,0.26841130959778714,1.4281968450926599,0.8004951223876394,0.007914869919313857,-0.3636599292053542,0.5869858747792815,1.231264768390233,-1.4458570890863858,0.48024759810325734,0.7181068981787458,0.4241114222012847,0.031538559570217006,0.0
-1.2107041198428565,-0.11566257252283887,-2.4037971281582413,0.4147342143900421,0.8417013972911677,0.6385260954765565,1.947008167321324,0.03109887327443388,0.011163255428903262,-0.49517083770317283,0.7885352349205277,0.40588548962512777,0.11972344127021267,2.510899337606962,1.1158455968643284,-0.5135711908859132,0.5133677140508576,-0.89878355222914,-1.2177027431905016,-0.7579512510386767,-1.3270455449929799,0.0
-1.2072400164956665,-0.11074473704842079,-0.10912085549559027,0.4619464666805423,0.21723206504428325,-0.12465786253346002,0.2762584635230454,-1.2052692532899243,0.42780985444847364,-0.29615208654494396,-0.10242200781922815,0.32424211732943564,0.5257650951234761,-0.8760590854998846,0.1735814441353363,0.7121077603729455,-0.7739615514110776,-0.5185359923948393,-0.020174856938054226,0.09904418706029541,-0.49452972152004343,0.0
-1.2037759131484767,-0.10336798383679367,0.3745609078597726,-2.065724886718548,0.25291602688696235,-0.9887031365800423,0.025646007953303532,-1.3879145447142047,-0.6138066431004522,-0.1580574428841319,0.1488736247483952,-1.4446976157438922,0.5081111101733342,0.30758296554048076,-0.44093865547052774,-0.0998069589322857,0.8521385733829457,0.2774488995249636,-0.014361614771780202,0.2341370640020053,-0.08593299834314197,0.0
-1.2003118098012868,0.307271278277116,0.6388986157400289,0.04793133121000166,0.09233819859490622,-1.1198228474275778,-0.820867175304491,0.14349597568937564,1.2000427750450913,1.0157470282327692,0.05749339472380497,-0.2880831748882546,-0.12743234803177417,-0.4507677857754245,-0.8878623642747927,0.14220608239908158,0.4569059041621762,0.6678363942881791,0.4187249266156341,0.21725045438429155,0.39927561042942833,0.0
-1.196847706454097,-0.34925975755769767,-0.5590573795470902,1.0720740347423916,-0.3715533053599223,0.05689250633235898,0.9612658420803398,-1.0226239618656443,0.46372766470878146,-0.7551136963588188,-0.7496986371600763,1.0318180105587669,-0.12743234803177417,0.5330385943100742,0.3225560137367581,-0.5408952439394547,0.0588501444469726,-0.7720343656177063,-0.7555499909717174,0.36078663613485823,0.3430935609926043,0.0
-1.1933836031069072,-0.8385843872622966,-0.564681586097734,-0.8127843451629642,-0.3715533053599223,0.06697863793601559,-0.37533392095828344,-0.08129822914050788,1.3760400453205994,0.6705104190807396,1.687107496828999,-0.33797634684673306,-0.8453610693375448,0.9378339277827532,-0.13926515202764903,2.004145126190405,0.10684268285235173,0.814865450757442,-1.054931962534829,2.0241176834796613,1.058137826552182,0.0
-1.1899194997597173,0.2212091574747996,-0.6152994450535278,-0.01743947965376776,1.2818035933508765,0.21154652425509368,-0.6482230392453355,0.05919814887816932,-0.21152716818500486,0.292780952596754,0.49154948734060905,0.7097802642813149,-1.2572873848408554,1.0761816999822764,0.19592762957554957,-0.22081347959796932,-0.8727697187162701,-0.031819115806934306,0.6192817813520876,-0.8592709087449593,-1.6232781692962337,0.0
-1.1864553964125275,-1.8344460708319577,-1.9201153648028784,0.5454758361175812,-2.1854880323627772,-0.7600841535638257,1.161755806536133,-0.5449362766021423,0.894741387832475,-0.007777977723836681,-0.6050132729544752,0.628136891985623,0.09030013301997614,1.3272572865665964,-0.44466301971056327,-0.5604124246919843,0.8464923923940776,0.6881162641460085,-1.5694038942500796,0.11170914427358072,0.542284463541344,0.0
-1.1829912930653375,1.4236199309700202,0.914484736721573,0.32394142152369554,0.9725425907143245,0.6385260954765565,-0.24167394465442107,0.9232508736930334,-0.7107847308032833,-0.9175779830185975,0.8342253499328227,0.5238148051633497,-0.3039721975331933,-0.8760590854998846,1.1493648750246481,-0.6150605307990668,-1.2087174875539242,-0.5185359923948393,0.9215703739983363,-0.7368429890165346,-0.959308494133769,0.0
-1.1795271897181476,-2.151646458931924,-0.6321720647054592,-1.5572852466670064,-2.0486995119658404,-1.4358549710088184,0.1481676528985107,-0.8821275838469671,1.5268948484138924,2.1976747136826593,0.07272343306123671,-1.1271956123717561,-0.24512558103272028,1.7935405187946192,-2.3031207754882987,0.9072795678982417,2.0378365810452546,2.680613477677744,-0.7148572958077992,1.9059114161556652,1.2675436471803438,0.0
-1.1760630863709578,0.7916780725072968,-0.2216049865084651,0.10967043035911742,-0.6094463843111166,0.6519742709480987,-0.8152980096251634,0.09432224338283862,0.05785640876730344,-0.5114172663691507,-0.7116235413164971,0.7868878936716907,-0.06858573153130111,-0.1689482498134326,0.7657553583009875,0.8057902279850877,-0.751376827455605,-0.310667326352088,0.20944820862976932,0.9307097107326968,0.7823350384077734,0.0
-1.172598983023768,-0.6320352973367371,-0.39033118302777786,0.7670102507114669,-0.22287013101542621,0.10732316435064204,-0.7206221930765944,-0.5660107333049437,-0.2043436061329433,-0.7632369106918078,-1.0314543464025634,0.08384774334767575,1.0906926135280175,0.8302301049609019,-0.22864989378850212,-0.041255416674696836,0.9340081977215337,-0.6655650488641021,-0.5259269254038936,0.14548236350900812,0.4554576598662523,0.0
-1.1691348796765781,-0.309917073762353,0.008987482067928652,0.10967043035911742,-0.4072372672026015,0.3460282789705148,-0.11915229970921398,0.6071340231510101,-0.27977100767958973,0.7030032764126954,1.1464411358501732,-0.26994020326698986,-0.521704678584943,-0.1689482498134326,-0.33293209250949735,0.7745627387810403,-0.13594309966897813,1.610850342677245,-0.22073171167450764,0.18347723514886405,0.44524274178682977,0.0
-1.1656707763293883,0.08842759966551147,-1.0146181101492344,-0.6711475882914634,-0.38344795930748204,-0.9449965662975299,-0.5646855540554218,0.29804199150992017,0.5140125990732124,0.3455818457611821,-0.9705341930528364,-0.5874422066391255,1.0730386285778755,1.0146938012269326,-0.6308812317123406,0.45838441059006096,0.8267307589330392,-0.4931861550725525,-0.13062645809726064,1.369761560793254,1.303295860458323,0.0
-1.1622066729821983,-0.5435142587972118,0.23395574409367864,-0.7002012820086944,0.7108602038680107,-1.654387822421378,-0.3419189268823178,1.899700700922839,1.059963315029891,1.3894148875502603,0.9712956949697082,-1.0546237258866966,-0.9159770091381124,-0.22531215700583102,-1.3198886161189154,0.25930916691425887,0.4343211802067037,1.494241090994726,0.49720369586033336,0.4198897697968563,0.3073413477146257,0.0
-1.1587425696350084,-1.6352737341180255,-1.8301280599925787,0.7089028632770051,-2.601800920527367,-1.1030126280881505,0.11475265882254508,-0.6362589223142823,2.5002675064682336,0.48773809658848843,-2.2346273750596692,0.6598870923228364,0.4257258470726719,1.0915536746711123,-0.9288303709151837,0.6457493458143448,1.2558405140870175,0.9669644746911623,-1.5490575466681207,0.7154054381068468,1.7067851245955128,0.0
-1.1552784662878186,-0.25582088354375415,-0.0641272030904402,-1.2631165977800434,-0.056344975749590215,-0.0506928974399782,-1.7564870094315272,0.7827544956743562,0.6073989057500128,0.3212122027622153,-0.6278583304606227,-0.7144430079879799,-1.2572873848408554,0.010391454889653089,-0.7686827085936556,1.434243448216541,0.6178220623449181,0.992314312013449,-0.305023723085481,0.031497748589440405,1.4207674183716819,0.0
-1.1518143629406288,0.39579231681664145,0.7626311598541916,-1.1723238049136968,0.009075620961988218,-1.1030126280881505,1.0058191675149604,0.03109887327443388,0.10095778107967283,0.18311755910140326,-0.05673189280693305,-0.4060124904264765,1.08480795187797,0.6918823327613786,0.40821639125757564,-1.0171144543011774,0.7053378676723743,0.04930036362438325,0.03214432255841197,-0.7537295986342483,-0.3208761141698602,0.0
-1.148350259593439,1.0203574220677374,0.2564525702962537,0.283992592662503,-0.3715533053599223,0.5208545601005627,-0.6036697138107149,-0.6503085601161499,-0.45936005898112886,-0.2474128005470103,-0.445097870411442,0.3151706315188032,0.56107306502376,-0.5122556845307679,0.19592762957554957,0.2788263476667885,-1.7676894054518695,0.36870831388519587,0.9767961745779395,0.3439000265171446,0.23072946211895662,0.0
-1.1448861562462491,0.9441309722142575,-0.10912085549559027,-0.4532448854122315,1.6921691545416866,0.25189105066971973,-0.7484680214732324,0.9021764169902318,-0.7215600738813757,-0.8282226253557192,0.1869487205919745,-0.3606550613733142,-1.7574836250948762,0.7789901893314488,0.04322869573409265,-0.9624663481940944,-0.8897082616828744,-0.6452851790062726,1.747050761609247,-0.7368429890165346,-1.2810784136355786,0.0
-1.1414220528990593,0.8261029208282235,-0.4746942812874342,-1.4664924538006596,0.3897045472838984,0.5847333935903879,-0.7596063528318876,0.8530026846836948,-1.120247767770792,0.06126934410656934,1.0322158483194352,-1.2632678995312432,-0.4863967086846592,1.455357075640229,0.4938767687783929,0.20466106080717592,0.49642917108425316,-0.3055973588876306,0.16584889238271447,-0.26823957212497845,0.337986101952893,0.0
-1.1379579495518692,0.4302171651375681,0.9032363236202855,0.34209998009696474,1.5137493453282909,-0.7701702851674824,1.2230166290087368,0.6352332987547454,0.41703451137038133,-0.23522797904752688,-0.8639239246908144,-0.4604414052902713,-1.2337487382406662,-1.5985418958751727,-0.41486810579027894,-1.6611814191346534,0.363743917845852,-0.36136700099666147,0.6425347500171836,-2.146874892095631,-1.725427350090459,0.0
-1.1344938462046794,-0.2533619658065451,-0.4240764223316404,-0.43508632683896215,-0.13960755338250821,-1.3450797865759085,-0.10801396835055878,-1.605683930643154,0.09018243800158049,0.2196720235998535,-1.8462613974551605,-0.6872285505560825,3.3562873487962284,-0.09721236793219841,-1.2863693379585959,0.6379424735133334,0.7448611345944512,0.8959849301887595,-0.0928403840164795,-0.2555746149116931,0.8589469240034425,0.0
-1.1310297428574896,0.4892311908305849,0.34081566855591006,0.6399003406985817,-0.2704487468056648,-0.1851746521553993,-0.8821279977770947,0.5930843853491423,0.029122160559057177,-0.288028872211955,-0.6354733496293384,0.5238148051633497,-0.4393194154842807,0.03601141270437964,0.2480687289360472,-0.7946185937223392,0.4936060805898191,-0.10279866030933703,0.21816807187918033,-0.5975284596703964,0.2715891344366468,0.0
-1.1275656395102998,0.683485692070099,0.20583471134046016,0.04429961949534799,1.5256439992758506,0.9478341313220255,-0.3586264239203006,0.7125063066650176,-2.258842353022549,0.7192497050786733,0.30117400812271256,-0.34704783265736555,-0.07447039318134842,-0.39440387858302606,0.42683821245775333,-1.6182436214790887,-0.31097471032389035,-0.3005273914231733,0.7849591830908972,-1.9695654911096372,-1.740749727209593,0.0
-1.12410153616311,1.2392011006793422,0.4926692454232915,0.004350790634155447,0.7108602038680107,0.48387207755382183,0.003369345235993165,0.0100244165716323,-0.11095729945614335,-0.007777977723836681,-0.1404971036628075,0.30609914570817076,-0.13331700968182147,-0.7428353048633068,0.31138292101665144,-0.236427224199993,-1.160724949148545,0.12534987559124333,1.3546569153857508,-0.4835438447508285,-0.20340455625650122,0.0
-1.12063743281592,0.19416106236550015,-0.6715415105599655,0.5382124126882735,0.8119647624222683,0.03672024312504576,-1.0492029681569226,-1.458162733723543,-0.08581483227392787,-0.4423699445387447,-0.3689476787242833,0.7551376933344772,0.8788447941263144,0.04625939583027026,-0.13181642354757794,1.1063548115740438,-1.3526951027700618,0.018880558837639172,0.6919473084305128,0.5380960371208525,0.5882515948987452,0.0
-1.1171733294687303,-2.704902949803958,-1.953860604106741,-0.0573883085149603,-2.274697936969475,-0.6827571446024584,2.748968025144498,-1.7602299464636988,2.0620702212924784,0.15062470176944748,-1.4502804006819356,0.41042123253044405,1.8027366731837409,2.4391634557257276,-0.4558361124306699,1.8792351693742158,1.4760415726528748,-0.016609213413562262,-2.8018112335001715,1.8088134108538112,2.0183401260179004,0.0
-1.1137092261215402,-0.3443419220832796,-0.8571403267312093,0.7052711515623512,1.1747517078228389,0.6788706218911826,-0.4811480688655077,0.6141588420519438,-0.1432833286904204,-0.49517083770317283,-0.0034267586259219716,0.5918509487430931,-1.5397511440431262,0.430558763051168,0.8700375570219827,-0.4628265209293361,-0.26015908142407707,-1.208051567561038,-0.6450983898125109,0.01038948656729822,-0.06550316218429689,0.0
-1.1102451227743504,-0.044353958143776656,0.5095418650752228,-0.6638841648621556,0.7346495117631302,-0.5045688196045254,1.150617475177478,-0.08129822914050788,-1.044820366224146,0.12625505877048088,0.0498783755550891,-0.7280502367039285,1.5202729139814701,-0.3636599292053542,-0.29941281434917744,-1.0093075820001656,1.9079744183012874,-0.7061247885797608,-0.06086755210197237,-1.0576885717530957,-0.9082339037366562,0.0
-1.1067810194271606,-0.6689190633948728,-0.9640002511934405,-0.01743947965376776,-0.22881745798920608,-0.47094838092566993,0.9835425047976503,0.48068728293420054,1.2180016801752453,0.9832541709008135,-0.4374828512427261,-0.11572494448623809,-0.6040899416856053,1.3170093034407058,-0.7053685165130514,0.7940799195335699,0.12378122581895615,0.4396878583875986,-0.43000842966037245,0.5001011654809966,-0.5302819347980223,0.0
-1.1033169160799707,1.5121409695095456,0.7795037795061228,0.658058899271851,1.7754317321746047,0.6956808412306102,-0.3864722523169386,0.888126779188364,-1.3393464103586699,-1.0922270911778598,0.98652573330714,-0.03408157219054596,-0.9865929489386801,-0.7428353048633068,1.3057881731061411,-1.45429930315784,-0.8163079088275886,-0.4729062852147231,0.8547180890861854,-1.268771191974517,-2.5426207964442615,0.0
-1.099852812732781,0.33186045564920635,-0.6771657171106091,0.011614214063463184,0.09233819859490622,1.0554195350943625,-1.1160329563088538,0.16457043239217722,-0.8760066580006993,0.024714879608119092,1.253051404212195,0.20631280179121395,-0.6276285882857945,1.3477532528183775,0.26296618589618936,0.05242705093744533,-0.40978287762908266,-0.1534983349539105,0.1455025448007554,0.12015244908243759,-0.01953603082689543,0.0
-1.096388709385591,0.14744162535852837,0.20021050478981642,-0.5948816422837323,-1.7870171251195275,-0.6625848813951452,-0.45887140614819727,0.38936463722206033,0.34519889084976585,1.8036988185326959,1.4053517875865122,-0.7053715221773474,0.20210870437087494,0.025763429578489018,-1.0368369338762145,1.2000372791861855,0.11248886384121987,1.6767599197151903,0.9477299637465694,1.7665968868095268,1.231791433902365,0.0
-1.0929246060384012,-1.3721695362366584,-1.0202423166998782,-0.021071191368421626,0.8119647624222683,0.40990711246034,0.5825625758860632,0.4315135506276635,0.46372766470878146,-0.8850851256866418,-1.4807404773567991,0.32424211732943564,-0.39224212228390226,0.33832691491815253,-0.020085496346511605,0.22808167771021146,0.7787382205276601,-1.137072023058635,-1.5926568629151758,-0.196471481249695,-0.43834767208321945,0.0
-1.0894605026912112,0.7916780725072968,1.2069434773550478,1.1773936744673534,0.10423285254246593,1.9698954671592281,-1.3109537550853194,-0.07427341023957403,-0.7538861031156526,-0.5682797667000732,2.0983185319396562,0.6009224345537255,-0.015623776680875364,-1.367962275542634,0.7545822655808808,0.559873750503215,-0.6525686601504126,-0.26503761917197216,0.44488451636386717,-0.3104560961692628,0.3839532333102945,0.0
-1.0859963993440214,-1.34266252339015,-0.6377962712561028,0.07335331321257874,-1.9654369343329228,-0.4675863370577844,1.3065541141986505,-1.2895670801011305,1.1856756509409683,0.9142068490704075,0.9712956949697082,0.5374220338792983,0.22564735097106417,1.0403137590416593,-0.04243168178672487,0.7979833556840759,0.8126153064608688,0.6019268172502337,-1.4415125665920512,0.8589416198574135,1.6863552884366677,0.0
-1.0825322959968315,0.9367542190026303,0.526414484727154,0.90138358415366,-0.12176557246116865,1.203349465281326,-0.9656654829670085,0.002999597670698441,-0.6461326723347292,-0.40581548004029444,0.8951455032825496,0.29702765989753827,-1.021900918838964,0.430558763051168,0.8365182788616629,0.35689507067690696,-0.32226707230162666,-0.12814849763162375,0.24142104054427643,0.23835871640643375,0.22051454403953408,0.0
-1.0790681926496417,0.243339417109681,0.869491084316423,-0.25713245282092284,0.21128473807050338,0.2552530945376053,-0.9990804770429741,-1.4651875526244769,-0.2941381317837129,0.22373363076634797,1.4129668067552281,0.5374220338792983,0.17857005777068571,0.020639438015543708,-0.005188039386369425,-0.04515885282520276,-0.3166208913127585,0.29265880191833565,0.6221884024352246,0.04416270580272572,0.4197054465882734,0.0
-1.0756040893024519,-1.4090533022947938,-0.8852613594844281,-0.7256232640112714,0.09828552556868608,-0.9718929172406142,0.5602859131687529,-0.34824134737599416,-0.6461326723347292,0.9304532777363854,-1.267519940632755,-1.0954454120345427,-0.10977836308163226,0.44593073774000397,-1.3496835300391998,-1.0561488158062367,2.0039594951120456,0.07465020094666999,-1.054931962534829,-0.5130954115818276,-0.504744639599466,0.0
-1.072139985955262,-1.428724644192466,-1.5095482866058847,-0.028334614797729363,-1.0495485803708255,-0.4675863370577844,0.8944358539284086,-1.8656022299777069,0.5894400006198589,0.20748720210037008,-0.4374828512427261,0.33784934604538436,1.384925696030382,1.6193248056544787,-0.3552782779497106,-0.2520409688020167,0.7194533201445446,0.23181919234484763,-1.3572205551810779,0.6225290852094212,0.35841593811173816,0.0
-1.0686758826080722,-0.9418589322250762,-0.6827899236612529,0.2258852052280411,1.049857841373462,-0.3095702752671642,1.1561866408568056,-0.7837801192338931,0.276955051355181,-1.149089591508782,-0.3004125062058406,-0.27447594617230614,0.40807186212253,0.7636182146426129,1.3169612658262477,0.017296125582892022,0.6996916866835061,-1.0863723484140615,-1.5228979569198875,0.8209467482175575,-0.18297472009765614,0.0
-1.0652117792608822,0.1130167770376019,-0.317216497869409,-1.274011732924005,0.7346495117631302,-0.6894812323382294,0.020076842273975968,0.6001092042500762,0.12250846723585752,0.4268139890910713,-0.17095718033767096,-1.6170558461459086,-1.4867891891927005,0.24609506678513704,-0.7202659734731935,1.1414857369285967,0.6008835193783137,0.36870831388519587,-0.4212885664109614,0.6816322188714192,0.16943995364242134,0.0
-1.0617476759136923,0.16465404951899165,0.18333788513788515,-1.136006687767158,0.6632815880777719,0.5208545601005627,-0.9768038143256638,-1.2965918990020644,-0.8903737821048224,-0.8160378038562357,-0.7116235413164971,0.011275856862616083,1.608542838732179,1.2965133371889248,0.028331238773950475,-0.43550246787579466,0.2367048455963189,0.4447578258520559,-0.028894720187465257,-0.5088737591773992,-0.7345802963864729,0.0
-1.0582835725665025,0.05400275134458489,0.3689367013091288,-0.2825544348234999,-0.5142891527306389,-0.6995673639418861,0.09804516178456231,1.0848217084145122,0.1296920292879191,1.1375952432276035,-1.3741302089947771,-0.18829683097129776,-0.598205280035558,-0.31754400513884645,-0.8878623642747927,0.9307001848012773,-0.08512747076916485,0.8402152880797288,0.24142104054427643,0.474771251054426,0.1745474126821326,0.0
-1.0548194692193127,-0.21647819974840948,0.3745609078597726,1.6458844856577022,-0.0860816106184895,0.3830107615172557,1.161755806536133,-0.7978297570357609,0.6002153436979513,-0.13368779988516508,0.872300445776402,1.798358561557209,0.8788447941263144,-1.0451508070770799,1.223852159825359,-1.602629876877065,-0.8473619042663634,-0.23461781438522805,-0.34571641824939914,-2.1088800204557754,-1.3985499715489378,0.0
-1.0513553658721229,0.4769366021445397,-0.36221015027455905,-0.8563648857388106,0.9368586288716454,-0.060779029043634816,-0.6649305362833183,0.6844070310612821,-0.9334751544171918,-0.9581940546835421,-1.8310313591177287,-0.5103345772487498,-0.8571303926376395,0.10774729458561383,0.17730580837537185,-0.4901505739828776,-0.5198834069120114,-0.7416145608309622,0.6338148867677725,-0.6650748981412511,-0.8214071000615646,0.0
-1.047891262524933,-0.2656565544925903,-0.5759299991990215,0.6907443047037358,1.8884309446764211,-1.2206841634641439,0.7384992149072359,-0.8610531271441656,-0.17560935792469703,0.27247291676428165,-3.3311901353547535,0.29249191699222205,1.6438508086324628,-0.6608514398561819,-0.7351634304333358,-1.5089474092649229,0.22541248361858263,-1.0813023809496043,0.3315262941215238,-1.8555808761900694,-2.2668180082998535,0.0
-1.0444271591777432,-0.4131916187251327,0.41955456026492266,-0.9725796606077344,-1.8524377218311057,-1.7653352700616003,-0.4310255777515594,1.1620947163247841,1.0958811252901988,1.5193863168780832,0.7656901774143801,-1.8892004204648822,-0.30985685918324063,-0.5737435832861116,-1.4651388214803016,2.3008062736288553,0.8747232973384184,3.020301297796386,0.19491510321408426,1.9945661166486623,2.1204893068121256,0.0
-1.0409630558305532,1.0867482009723817,-0.14849030135009625,-0.8382063271655413,0.8119647624222683,1.44877866763697,-0.5034247315828181,1.703005771696691,-1.0699628334063611,-0.27178244354597714,-0.3004125062058406,0.12920517240083804,-1.6044824221936467,1.5270929575214633,0.624229517179637,-1.555788643070994,-0.45777541603446187,-1.1827017302387512,0.6977605505967868,-0.808611079891818,-1.7713944814478602,0.0
-1.0374989524833633,0.8162672498793873,-0.18785974720460255,-1.1033212823352732,1.376960824931354,-0.6020680917732055,-0.820867175304491,-1.7251058519590297,-0.013979211753312216,-0.357076194042361,-0.8106187905098033,-0.5692992350178605,0.7317282528751318,0.5330385943100742,-0.6457786886724827,0.35689507067690696,-0.34202870576266514,0.03409046123101121,0.8925041631669666,-0.28090452933826376,-0.7856548867835856,0.0
-1.0340348491361735,0.4843133553561669,0.7232617139996853,-0.8636283091681184,1.757589751253265,-0.9214622592223315,0.4823175936581664,2.0191226222387146,-0.3731573143563901,-0.05245565655527587,0.004188260542793897,-0.8505152951474667,-1.6633290386941197,-0.9221750095663924,-0.10947023810736467,-1.013211018150671,-0.5142372259231432,0.029020493766553867,1.177353029314393,-0.9479256092379562,-1.4853767752240294,0.0
-1.0305707457889837,0.8556099336747319,1.1169561725447477,-1.942246688420316,-0.05039764877581036,0.05689250633235898,-1.1772937787814575,-0.9664254106581734,-0.682050482595037,0.4146291675915879,1.1007510208378781,-1.0591594687920127,0.4021872004724827,-0.0920883763692531,-1.0033176557158945,0.032909870184915715,0.3693900988347201,1.1799031081983706,0.8285584993379523,-0.36533757742683226,0.16943995364242134,0.0
-1.0271066424417938,0.45972417798407644,0.5320386912777978,0.5745295298348121,1.0617524953210218,0.5578370426473036,-0.6259463765280252,1.3025910943434613,-1.4219573739573779,-1.409032450164428,-1.2522899022953233,-0.07490325833839202,-0.4098961072340442,-0.5122556845307679,-0.07222659570700923,-1.2005759533749554,-0.3448517962570992,0.2723789320605063,0.5669626018556213,-1.2265546679302326,-1.8939734984009307,0.0
-1.023642539094604,-1.8860833433133475,-1.363318916289147,0.15325097093496381,-2.155751397493878,-1.9636958582668473,0.5937009072447184,-2.45568701765615,3.2006648065442356,0.0815773799390417,-1.6330408607311162,-0.37879803299457915,1.3143097562298145,1.2145294721817996,-0.876689271554686,2.5350124426592107,0.654522238772561,1.0886436938381385,-2.075155962715919,1.6652772291032443,2.2583907008843296,0.0
-1.0201784357474142,-1.4385603151413022,-1.4814272538526658,0.9921763770200065,-0.1990808231203068,0.24180491906606352,1.7298107058275483,-1.3246911746057999,1.4299167607110612,-1.1247199485098152,0.6057747748713468,1.0363537534640832,0.7905748693756048,0.9941978349751517,0.948249206062729,0.505225644396132,0.5641833429506707,-0.635145244077358,-2.078062583799056,0.542317689525281,0.5933590539384566,0.0
-1.0167143324002241,1.2711670312630599,1.4712811852353045,-1.0706358769033884,2.1501133315227348,-0.35327684554967614,0.8443133628144602,0.1715952512931111,-1.953540965809933,0.9670077422348357,0.019418298880225632,-1.2768751282471917,-0.03916242328106459,-1.3730862671055792,-0.5228746687513097,-2.2506002778610474,0.7561534965721876,-0.5185359923948393,1.3314039467206549,-1.8091426997413567,-2.6754147314767547,0.0
-1.0132502290530343,-0.7303920068250989,-0.5759299991990215,0.3493634035262725,-0.508341825756859,-0.7970666361105667,-0.2973656014476971,-0.04617413463583858,0.14046737236601145,0.3658898815936545,0.7352301007395166,0.002204371051983624,0.2962632907716318,0.0923753198967779,-0.9623496490755036,-0.6189639669495731,0.7815613110220941,0.8706350928664728,-0.1189999737647126,-0.7875028178696758,-0.6937206240687828,0.0
-1.0097861257058445,0.38841556360501434,0.6726438550438915,-0.7183598405819637,0.33617860451987974,-0.01034837102535176,-0.4978555659034905,-0.7837801192338931,-0.7898039133759605,-0.08901012105372612,1.5119620559485345,-0.7461932083251934,0.44337983202281384,0.16411120177801222,-0.07222659570700923,-0.24033066035049894,-0.023019479891615378,0.18111951770027415,0.7384532457607049,0.3903382029658573,0.24605183923809043,0.0
-1.0063220223586546,0.8851169465212404,0.846994258113848,-0.3842423628338082,-0.45481588299284037,-1.4190447516693903,0.2762584635230454,-0.25691870166385417,1.2611030524876146,0.028776486774613565,-0.31564254454327234,-0.8731940096740479,-0.7570911445868352,-0.932422992692283,-0.5377721257114519,1.2078441514871974,-0.5452912213619181,1.0176641493357357,0.6774142030148277,0.8040601385998438,0.8334096288048861,0.0
-1.0028579190114648,0.3048123605399069,-1.4026883621436532,1.1846570978966613,-1.1268638310299637,1.4319684482975423,0.7607758776245461,-1.458162733723543,-0.0391216789355277,-2.1523065616329156,-0.7801587138349398,1.6577505314924061,0.8141135159757941,0.7533702315167222,0.9370761133426223,-0.5799296054445139,-0.6807995650947533,-1.137072023058635,-0.4910474724062495,-0.5130954115818276,-0.5302819347980223,0.0
-0.9993938156642749,0.7523353887119522,1.1507014118486103,0.792432232714044,0.5205457407070553,-0.13810603800500215,-0.5702547197347493,1.4852363857677418,-0.24744497844531269,0.26841130959778714,0.5372396023529042,0.21992003050716263,-2.1988332488484237,-1.0502747986400252,0.3411778349369358,-1.5635955153720058,0.25082029806848927,-0.5844455694327847,0.4506977585301412,-0.9099307375981003,-0.7754399687041631,0.0
-0.995929712317085,-0.312375991499562,-0.44094904198357165,0.32030970980904167,-0.48455251786173964,0.8604209907570016,-0.07459897427459318,0.26291789700525087,0.147650934418073,-0.3448913725428776,0.5067795256780407,1.3447842710255866,-0.3687034756837137,0.5689065352506913,0.1735814441353363,0.22808167771021146,-1.0901476867876931,0.17097958277135944,0.5611493596893473,0.5971991707828506,-0.19829709721678995,0.0
-0.9924656089698952,0.685944609807308,0.4420513864674977,-1.931351553276354,-0.3299220165434633,-1.5501644625169266,-1.77319450646951,0.7827544956743562,0.31287286161548883,1.0969791715626587,-0.04911687363821718,-1.7712711049266603,-1.2043254299904298,0.430558763051168,-1.55824792748119,0.7003974519214278,-0.2206358145020001,1.2103229129851147,1.383723126217121,0.9855911919902665,0.7772275793680622,0.0
-0.9890015056227053,-0.37139001719257897,0.0033632755172848935,-0.6929378585793866,-0.15150220733006795,-1.3988724884620771,-0.19712061921980034,-0.29204279616852347,0.6002153436979513,0.7923586340755734,-0.26995242953097714,-0.814229351904937,0.7199589295750372,-0.9939108914476267,-0.7910288940338689,0.8604383340921706,0.33268992240707723,0.7590958086484113,0.06121053338978208,0.24258036881086217,0.006001264371660646,0.0
-0.9855374022755155,0.5998824890049919,-0.4634458681861467,-1.0125284894689266,1.032015860452123,0.3930968931209123,-0.3085039328063522,2.1455693624555243,-1.3465299724107314,0.17093273760191985,0.7656901774143801,-0.6509426073135527,-1.7398296401447342,0.8097341387091207,0.38587020581736237,-0.19739286269493378,-0.5735221263062587,-0.8937135847646827,0.37512561036857894,-0.6397449837146805,-1.0665651339677056,0.0
-0.9820732989283256,0.5089025327282573,-1.0596117625543844,1.733045566809395,0.6097556453137531,1.5832604223523914,0.025646007953303532,-1.170145158785255,-0.8724148769746685,-1.5796199511571958,-0.15572714200023924,1.2631408987298944,0.5787270499739019,0.9583298940345345,1.2126790671052525,-1.7704776313488193,0.40609027526236297,-1.2435413398122392,-0.29339723875293294,-1.5980600795199347,-1.4189798077077829,0.0
-0.9786091955811357,-0.15746417405539254,-0.6546688909080342,-0.6602524531475018,0.6930182229466711,-0.383535240360646,-0.20268978489912792,0.6282084798538116,-0.053488803039650826,1.4137845305492271,-0.15572714200023924,-0.6373353785976039,-0.5099353552848483,0.8456020796497378,-0.2956884501091419,0.5832943674062505,0.1463659497744287,-0.5033260900014672,0.4681374850289633,0.5592042991429946,0.087720609007041,0.0
-0.9751450922339459,1.6375457741072066,-0.8290192939779905,0.44378790810727303,0.4729671249168165,1.29076260584635,-1.3109537550853194,0.29804199150992017,-0.5276038984757138,-0.2636592292129882,-0.6735484454729177,0.9320316666418099,0.03145351651950308,1.132545607174675,0.6614731595799924,-0.3613371810161821,-0.8219540898164568,-0.9596231618026279,1.069808049238324,-0.7875028178696758,-0.23915676953448015,0.0
-0.971680988886756,1.482633956663037,0.24520415719496616,1.1664985393233922,-0.22881745798920608,2.6826487671509613,-1.2552620982920435,-0.8540283082432317,-1.1561655780311,-1.9370413818087089,1.2225913275373315,1.5307497301435518,0.8847294557763618,-0.8863070686257752,1.924032636952041,-1.2591274956325438,-1.649119604685639,-0.031819115806934306,0.5204566645254295,-1.45030224536494,-1.112532265325107,0.0
-0.9682168855395662,0.33431937338641543,1.341924434570498,0.25857061065992587,-0.02066101390691107,-0.3768111526248749,0.24841263512640738,2.1104452679508547,-0.08940661329995865,0.7070648835791898,1.679492477660283,-0.9956590681175856,-1.9575621211964847,-0.5276276592196039,0.34862656341700693,0.505225644396132,-0.32509016279606073,-0.543885829717126,0.1222495761356593,1.3275450367489696,0.4605651189059636,0.0
-0.9647527821923763,1.1851049104607434,0.936981562924148,-0.6965695702940404,1.9241149065191003,-0.10112355545826125,-0.8988354948150775,0.12242151898657407,-1.0484121472501768,1.6249881032069395,1.1235960783440258,-0.48765586272216865,0.5963810349240438,-0.6813474061079631,-0.04243168178672487,-0.17006880964139232,-0.37590579169587396,0.08479013587558469,1.4127893370484912,-0.9352606520246709,-0.3770581636066842,0.0
-0.9612886788451864,-1.4852797521482743,-1.751389168283566,0.9921763770200065,-0.09202893759226936,0.5006822968932495,1.8411940194141,-2.4135381042505473,0.06144818979333422,-0.6535735171964571,-0.445097870411442,0.5918509487430931,1.4320029892307604,1.6603167381580413,0.21082508653569176,-0.6345777115515968,1.2981868715035285,-0.6250053091484432,-1.9181984242265206,-0.13314669518326855,-0.05018078506516306,0.0
-0.9578245754979966,-0.0763198887274942,0.13272002618209133,0.9885446653053526,0.015022947935768074,-0.21543304696636914,0.1036143274638899,0.1505207945903095,0.34879067187579665,-0.4829860162036894,-1.7548811674305702,1.0454252392747156,-0.6158592649856999,-0.2304361485687763,0.020882510293879386,-1.8017051205528667,0.13507358779669243,-1.121862120665263,-0.04342782560315031,-0.3442293154046901,-0.6017863613539801,0.0
-0.9543604721508067,0.5482452165236019,-0.6209236516041716,-0.6820427234354249,-0.7759715395769523,-0.21543304696636914,0.19829014401245906,0.8740771413864963,-0.38034087640845166,0.7923586340755734,-0.011041777794637839,-0.578370720828493,0.5963810349240438,0.7021303158872692,-0.2696179004288931,1.6840633618489198,-0.12465073769124184,0.34842844402736645,0.6076552970195395,1.1333490261452617,1.042815449433048,0.0
-0.9508963688036168,-1.2025042123692344,-1.2620831983775596,0.3965756558167728,1.2639616124295368,-0.6222403549805188,0.9111433509663914,-0.5098121820974729,0.521196161125274,0.5242925610869387,-1.7320361099244226,0.06116902882109461,-0.03327776163101728,0.5074186364953476,-0.7351634304333358,-0.2325237880494871,-0.5819913977895609,-0.7720343656177063,-0.5201136832376196,-1.6993797372262172,-1.7611795633684375,0.0
-0.947432265456427,0.7056159517049804,-0.3959553895784216,0.632636917269274,-0.2882907277270043,0.4031830247245689,-0.3697647552789558,-1.8234533165721036,-0.8149463805581759,-1.0150565550144648,-0.4527128895801579,0.6462798636068877,1.708582086782984,-0.07159241011747186,0.17730580837537185,-0.6423845838526087,-0.9828702479991988,-0.08251879045150763,0.38093885253485293,-0.6186367216925382,-0.4281327540037969,0.0
-0.9439681621092372,-2.4786825179807264,-1.3127010573333533,-0.31160812854073083,-1.5788606810372325,-1.761973226193715,-0.030045648839972443,0.19266970799591265,1.2431441473574605,-0.21898155038154898,-0.7801587138349398,-0.9775160964963212,-0.9100923474880651,0.23072309209630112,-1.3273373445989864,0.10707515704452826,2.049128943022991,0.8655651254020155,-1.8106534441504514,0.1792555827444356,1.042815449433048,0.0
-0.9405040587620472,0.7154516226538166,0.7232617139996853,1.460667188210355,1.4602234025642722,1.4823991063158253,-0.7206221930765944,0.11539670008564021,-1.0089025559638383,-1.173459234507749,-0.17857219950638684,1.5216782443329193,-0.45697340043442264,-1.6497818115046259,1.5329743917483092,-1.637760802231618,-1.3781029172199681,-1.1928416651676659,0.5349897699411146,-1.5642868602845073,-1.9348331707186208,0.0
-0.9370399554148574,-0.3984381123018785,1.1619498249498978,-1.4410704717980825,1.1152784380850405,-1.2206841634641439,-0.4143180807135766,0.1505207945903095,-0.6281737672045753,1.7387131038687849,-0.14811212283152336,-1.6669490181043871,-0.3628188140336664,-0.3380399713906277,-1.6811519474023633,0.5754874951052387,0.3044590174627365,0.5562971100701175,0.8663445734187334,0.26368863083300426,-0.49452972152004343,0.0
-0.9335758520676676,0.18924322689108208,-1.115853828060822,2.049004485984281,-0.6570250001013551,1.8623100633868908,-0.8709896664184394,0.3963894561229942,-0.024754554831404565,-2.0873208469690043,-0.3308725828807041,2.30182602404731,0.5316497567735234,1.05056174216755,1.9501031866322895,-0.3925646702202295,-0.6102223027339015,-1.1827017302387512,-0.8805346975466086,0.05682766301601103,0.7516902841695058,0.0
-0.9301117487204776,-0.10582690157400271,0.38018511441041636,-0.438718038553616,-1.2993363132695794,-0.7062914516776572,-0.5201322286208009,0.41043909392486194,0.3739331390580121,-0.3123985152109218,0.5905447365339151,-0.37426229008926293,-0.6982445280863622,-1.0144068576994079,-0.757509615873549,-0.36524061716668804,0.6460529672892588,0.9517545722977903,0.22107469296231735,0.18347723514886405,0.2715891344366468,0.0
-0.9266476453732878,-0.12549824347167504,0.053981134473078715,-2.192834796731433,0.6811235689991114,-2.394037473356195,0.9501275107216847,0.3472157238164572,0.5678893144636742,0.9588845279018466,-1.5949657648875368,-1.7621996191160278,0.337455922321963,0.681634349635488,-1.487485006920515,0.21246793310818776,0.8662540258551161,0.06958023348221265,0.5437096331905252,0.2847968928551464,-0.4792073444009096,0.0
-0.923183542026098,1.052323352651455,0.0821021672262975,1.5841453865085864,-0.8057081744458516,1.391623921882916,-1.0826179622328882,-0.24286906386198648,0.46372766470878146,0.36182827442716003,2.3115390686636994,1.979788277769858,-0.5628973101352741,0.31270695710342605,1.4510383784675271,0.3178607091718477,-1.2341253020038307,-0.031819115806934306,1.0058623854093096,0.8716065770706988,0.4912098731442312,0.0
-0.9197194386789082,-1.3205322637552683,-2.1507078333792724,1.148339980750123,-0.08013428364470965,0.6049056567977011,1.055941658628909,-1.0085743240637766,-0.8185381615842068,-0.0037163705573422094,0.1717186822545428,0.9184244379258614,1.1671932149786317,1.2965133371889248,0.7583066298209165,-0.7907151575718337,1.0779858129376714,-0.7365445933665049,-1.8019335809010402,-1.0365803097309534,-0.5711416071157125,0.0
-0.9162553353317182,1.0203574220677374,2.163058590964486,-0.5004571377027318,0.44323049004791715,0.9747304822651098,-1.1995704414987678,1.218293267532255,-0.7215600738813757,1.0969791715626587,1.5804972284669774,-0.15201088772876792,-0.7806297911870245,-0.8401911445592675,0.11399161629476759,-0.6384811477021023,-0.37308270120143994,-0.011539245949104913,0.9884226589104875,0.14970401591343654,-0.8724816904586773,0.0
-0.9127912319845284,1.662134951479297,1.8087335782739293,0.9667543950174294,-0.07418695667092978,1.9497232039519148,-0.3586264239203006,0.9864742438014381,-2.420472499193935,-0.37738422987483317,1.1540561550188886,0.609993920364358,-0.598205280035558,-1.5011860561792119,1.4882820208678826,-0.7985220298728456,-0.5142372259231432,-0.21433794452739865,1.4476687900461347,-0.7832811654652474,-0.5660341480760013,0.0
-0.9093271286373386,0.5384095455747657,1.2463129232095542,-1.6807634449652378,0.21128473807050338,-1.839300235155082,0.025646007953303532,0.2207689835996481,0.7295194606350592,1.4868934595461276,0.5372396023529042,-1.0319450113601154,1.0141920120774024,-1.0246548408252987,-1.2230551458779917,0.06804079553946903,-0.5057679544398411,1.3269321646676338,1.194792755813215,-0.6313016789058236,-1.4547320209857617,0.0
-0.9058630252901486,-0.7795703615692797,0.22270733099239112,-0.7728355163017716,-0.5142891527306389,-0.736549846488627,-0.9768038143256638,1.1901939919285196,0.6684591831925359,0.31715059559572084,-0.8563089055220985,-0.44683417657432256,-0.0627010698812538,-0.29192404732411986,-0.8990354569948993,0.4310603575365195,-0.059719656319258296,-0.07237885552259295,0.2966468411238796,0.11170914427358072,0.3430935609926043,0.0
-0.9023989219429588,0.28022318316781664,1.690625240710411,-1.6371829043893913,0.1934427571491638,-0.5180169950760675,0.053491836349941535,1.5484597558761461,0.39548382521419684,0.7436193480776401,0.9712956949697082,-1.3176968143950378,-0.3687034756837137,-1.8752374402742196,-1.0293882053961434,0.7199146326739574,-0.8388926327830611,1.686899854644105,1.2267655877277224,-0.6524099409279658,-0.05018078506516306,0.0
-0.898934818595769,0.5089025327282573,1.1675740315005416,-0.15181281309596087,1.1985410157179583,0.7595596747204355,0.053491836349941535,1.422013015659337,-0.9083326872349763,0.5567854184188944,-0.8486938863533826,-0.5420847775859634,-1.592713098893552,0.05650737895616088,0.2480687289360472,0.005585817131374249,-0.2996823483461541,-0.9799030316604572,0.1425959237176184,0.11170914427358072,-0.5353893938377337,0.0
-0.895470715248579,-0.8484200582111328,0.4026819406129914,-2.617745067345935,-1.1268638310299637,-1.661111910157149,-1.071479630874233,1.5484597558761461,-0.1432833286904204,2.2301675710146154,0.8875304841138337,-2.4062751116709316,-0.4863967086846592,0.5227906111841836,-1.6364595765219367,1.6098980749893073,1.8430433369293038,2.97467159061627,0.03795756472468599,1.0615809352699783,0.7006156937723932,0.0
-0.8920066119013892,-0.3049992382879349,-0.7109109564144718,0.03703619606604026,-0.06229230272337007,0.762921718588321,-0.3586264239203006,-0.5660107333049437,1.1030646873422605,-1.3318619140010333,0.1488736247483952,1.1452115831916725,-0.4334347538342334,-0.1791962329393232,1.037633947823582,0.38812255988095434,-0.3166208913127585,-0.6554251139351873,-1.1566637004446245,0.1792555827444356,0.9049140553608438,0.0
-0.8885425085541994,0.7006981162305623,1.8199819913752169,0.28762430437715686,1.3412768630886749,0.38973484925302676,-0.5702547197347493,0.8459778657827609,-0.6640915774648831,0.2521648809318093,0.7809202157518118,0.2788846882762736,-1.733944978494687,-0.9580429505070096,0.2480687289360472,-0.4940540101333835,-1.163548039642979,-0.28531748902980153,1.7673971091912057,0.09060088225143853,-0.9337711989352125,0.0
-0.8850784052070095,0.7203694581282346,0.3351914620052663,0.4583147549658884,1.091489130189921,0.5107684284969061,1.1673249722154608,1.3447400077490645,-1.2603272277859927,-1.2790610208366051,0.13364358641096344,0.10652645787425691,-1.227864076590619,-0.4661397604642604,1.5627693056685932,-1.196672517224449,-0.29121307686285186,-1.208051567561038,-0.29921048091920693,-1.247662929952375,-0.979738330292614,0.0
-0.8816143018598196,-0.9959551224436751,-0.23285339960975263,0.6980077281330436,-0.2407121119367658,0.3830107615172557,1.5181824100130994,1.2463925431359906,1.0168619427175216,-0.7794833393577856,0.5296245831841884,1.1497473260969886,-0.4098961072340442,-0.4558917773383698,0.7545822655808808,1.5435396604307066,-1.4063338221643087,0.1659096153069021,-0.9241340137936638,1.2979934699179707,1.042815449433048,0.0
-0.8781501985126298,-1.099229667406455,-0.07537561619172771,-1.7388708323996998,-0.18718616917274708,-2.4411060875065926,1.7019648774309102,0.6001092042500762,-0.16124223382057432,0.6420791689152784,-0.8715389438595301,-1.5399482167555332,-0.5923206183855106,-0.07159241011747186,-1.528453013560906,-1.1654450280204016,2.0406596715396885,0.13041984305570067,-0.5578997573184008,-1.2054464059080905,-0.6732907879099377,0.0
-0.8746860951654399,0.8383975095142686,0.07647796067565374,0.1895680880815025,-0.25855409285810504,0.9041275610395135,-1.0547721338362501,0.4736624640332667,0.14046737236601145,-0.8688386970206639,-0.7268535796539288,0.8095666081982719,0.21976268932101686,0.7841141808943941,0.7657553583009875,0.8838589509952062,-1.2764716594203418,-0.782174300546621,0.2879269778744686,0.7998384861954153,1.175609384465541,0.0
-0.87122199181825,-1.7459250322924322,-1.8413764730938662,0.6943760164183898,-0.5618677685208778,0.3426662351026293,1.1172024811015124,-1.1069217886768505,0.9414345411708752,-1.3318619140010333,-0.14811212283152336,0.8776027517780153,0.5493037417236654,1.8652764006758535,0.43801130517785997,-0.010027927470649445,0.9820007361269129,-0.7923142354755357,-2.072249341632782,0.3439000265171446,0.39416815138971706,0.0
-0.8677578884710602,-0.14516958536934732,1.7187462734636298,-0.6529890297181941,-0.6213410382586764,-1.1668914615779753,-0.5257013943001285,0.8951515980892979,0.34879067187579665,0.5811550614178612,-0.19380223784381856,-0.1021177157702894,-0.9571696406884436,-1.367962275542634,-0.7649583443536201,0.7472386857274989,-0.46059850652889595,0.4650376957098853,0.7064804138461979,0.9180447535194115,0.6342187262561467,0.0
-0.8642937851238703,0.3736620571817601,-0.42970062888228416,0.632636917269274,0.22912671899184295,0.8234385082102607,-0.16370562514383472,-0.4465888119890682,0.23026189801678082,-1.7258378091509967,-0.6887784838103495,0.8685312659673828,0.43749517037276653,1.2965133371889248,0.7173386231805254,0.22417824155970553,-1.0336858768990118,-1.106652218271891,0.10480984963683725,0.20458549717100624,0.3890606923500058,0.0
-0.8608296817766805,-1.2049631301064436,-1.9257395713535221,-0.9072088497439648,-0.6927089619440343,-0.2557775733809956,0.6048392386033735,-2.406513285349613,-0.308505255887836,-0.024024406389814568,-0.04150185446950131,-0.3969410046158441,0.9435760722768348,2.398171523222165,-0.4707335693908121,0.20856449695768184,1.3857026768309846,0.252099062202677,-1.1101577631144324,0.35656498373042983,-0.14722250681967725,0.0
-0.8573655784294906,0.4695598489329126,-0.6321720647054592,-0.6784110117207711,1.305592901245996,-0.5953440040374348,-0.5702547197347493,1.5414349369752123,-0.929883373391161,0.01659166527513015,-0.8410788671846667,-1.1725530414249186,-0.8512457309875922,-0.6864713976709085,-0.9139329139550415,-0.9468526035920707,0.527483166523028,0.23688915980930497,0.2966468411238796,-1.3236526732320868,-1.4291947257872053,0.0
-0.8539014750823007,0.740040800025907,1.8424788175777917,-1.5028095709471982,0.5086510867594956,-0.3129323191350497,-1.8790086543767344,0.26291789700525087,-0.9011491251829148,1.202580957891515,0.6362348515462103,-1.4945907877023707,-1.8634075347957277,-1.2654824442837278,-1.245401331318205,0.29053665611830626,0.25364338856292334,1.230602782842944,1.2819913883073253,0.6267507376138497,0.3175562657940482,0.0
-0.8504373717351109,1.0154395865933195,0.44767559301814147,0.4946318721124271,0.9784899176881043,1.0755917983016758,-1.5727045420137162,0.9794494249005042,-0.42344224872082104,-0.6657583386959405,-0.1328820844940916,0.49660034773145223,0.11972344127021267,0.13336725240034036,0.34862656341700693,0.1695301354526226,-0.8671235377274019,0.26223899713159154,0.8459982258367743,-0.5257603687951129,-0.31066119609043796,0.0
-0.846973268387921,0.683485692070099,0.17208947203659763,-0.7583086694431562,-0.46671053694040004,-0.6491367059236031,0.24841263512640738,-1.2052692532899243,0.34519889084976585,-1.2181369133391882,-0.4907879854237371,0.06116902882109461,0.9906533654772133,-0.4558917773383698,0.08792106661451919,0.13830264624857566,-0.7372613749834347,-0.2954574239587162,0.18910186104781024,-0.5595335880305404,-0.31576865513014923,0.0
-0.8435091650407311,-1.2762717444855056,-1.0033696970479469,0.34209998009696474,0.7643861466320294,-0.201984871494827,0.4823175936581664,-0.5098121820974729,-0.5276038984757138,-0.4261235158727668,-0.9096140397031095,-0.08397474414902448,0.5198804334734288,1.0403137590416593,0.028331238773950475,-1.3137756017396267,1.1005705368931438,-1.1320020555941777,-0.8660015921309235,-0.9141523900025287,-0.3464134093684166,0.0
-0.8400450616935413,-1.5221635182064097,-1.6670260700239097,-0.9217356966025803,-1.3707042369549374,-2.5016228771285323,0.09804516178456231,-0.20774496935731718,2.0153770679540783,1.2472586367229541,-1.640655879899832,-1.3948044437854137,0.2786093058214899,1.4348611093884478,-1.8338508812438201,1.3405609806043988,1.2473712426037153,1.5043810259236405,-0.982266435456404,1.1713438977851176,1.226683974862654,0.0
-0.8365809583463515,0.685944609807308,0.8751152908670667,0.3965756558167728,0.4551251439954769,0.5343027355721048,-0.8431438380218015,-0.29906761506945734,-0.22230251126309722,0.1384398802699643,1.6642624393228513,-0.04315305800117842,-0.06858573153130111,-0.9272990011293377,0.397043298537469,0.8955692594467239,-0.5339988593841818,0.9111948325821315,0.4884838326109224,1.2599985982781148,1.3339406146965902,0.0
-0.8331168549991615,0.8924936997328675,0.025860101719859925,2.078058179701512,0.04475958280466736,0.6049056567977011,-0.6148080451693699,0.21374416469871424,0.6971934314007822,-1.9167333459762368,-0.9248440780405413,2.2519328520888315,-0.3569341523836191,-0.6557274482932366,1.4584871069475982,-1.3371962186426622,-1.578542342324787,-0.8531538450490239,0.2385144194611394,-0.7875028178696758,-0.7703325096644519,0.0
-0.8296527516519717,0.7105337871793984,0.9032363236202855,-0.14454938966665312,1.2877509203246562,0.32921805963108713,0.6549617297173219,-0.13749678034797858,-1.3177957242024851,0.17093273760191985,1.2149763083686156,-0.17468960225534907,-0.23335625773262567,-0.10233635949514372,0.37842147733729126,-1.8017051205528667,-0.42389833010125305,0.47517763063880003,0.3634991260360309,-1.754261218483787,-2.036982351512846,0.0
-0.8261886483047819,1.47525720345141,0.7457585402022603,0.32030970980904167,0.8714380321600669,-0.27258779272042327,0.35979594871295933,-0.10237268584330945,-0.13609976663835882,-0.45049315887173363,0.5372396023529042,0.5102075764474009,-0.32751084413338255,-0.37903190389419017,0.7918259079812363,-1.1654450280204016,-0.6328070266893742,-0.42220661057014963,0.747173109010116,-0.7959461226785327,-1.2095739870796207,0.0
-0.822724544957592,-0.05418962909261283,0.9257331498228606,-1.3502776789317363,0.9784899176881043,-0.5247410828118385,-1.4167679029925442,0.7757296767734223,-1.6051382062849473,1.6249881032069395,1.0550609058255829,-1.1952317559514998,0.4198411854226246,-0.7735792542409787,-1.07408057627657,-0.0685794697282383,0.07861177790801109,0.6678363942881791,1.372096641884573,-0.39911079666225974,-0.48942226248033216,0.0
-0.8192604416104021,-0.20172469332515527,-0.12599347514752154,-1.0379504714715035,0.3064419696509804,-0.780256416771139,-0.20268978489912792,-0.2007201504563833,-0.1217326425342357,0.6786336334137286,0.33924910396629165,-0.6554783502188689,0.4316105087227192,0.563782543687746,-0.9027598212349348,0.3139572730213418,-0.3194439818071926,-0.06730888805813559,0.11934295505252229,0.5929775183784222,-0.01953603082689543,0.0
-0.8157963382632123,0.46218309572128546,0.9538541825760793,0.018877637492770917,0.35996791241499915,-0.521379038943953,0.7719142089832014,1.9348247954275084,-0.07503948919583553,-0.8038529823567524,-2.1051720491915,0.02034734267324854,-0.6982445280863622,-0.5276276592196039,0.0469530599741282,-0.728260179163739,0.08143486840244517,-0.8531538450490239,0.5553361175230733,-0.8297193419139601,-1.092102429166262,0.0
-0.8123322349160224,-1.8934600965249746,-1.886370125499016,0.6290052055546201,-0.6867616349702544,-0.17508852055174307,0.30410429191968336,-1.0577480563703134,1.6741578704811542,-0.10931815688619848,-0.42986783207401025,0.4603144044889225,0.3963025388224354,1.4809770334549557,0.005985053333737209,1.0751273223699964,0.49925226157868724,-0.001399311020190219,-1.9356381507253428,0.9349313631371252,0.7414753660900832,0.0
-0.8088681315688325,-0.2877868141274717,-0.24410181271104014,-0.4750351557001547,-0.34181667049102304,-0.41715567903950135,-0.17484395650248993,-1.7742795842655665,-0.258220321523405,-0.3002136937114384,-0.04150185446950131,-0.31529763232015195,0.5963810349240438,0.17435918490390284,-0.09829714538725805,0.1851438800546463,0.3439822843848135,-0.12307853016716641,-0.29921048091920693,0.18769888755329248,0.31244880675433695,0.0
-0.8054040282216427,-0.5017126572646582,-0.8571403267312093,0.20772664665477183,0.3004946426772012,-1.045857882334096,-1.1216021219881813,-0.9032020405497687,0.09018243800158049,0.5161693467539498,-0.9933792505589839,-0.37879803299457915,-0.1568556562820107,1.5834568647138616,-0.7426121589134068,-0.77510141296981,0.7250995011334127,-0.3562970335322041,0.13096943938507033,-0.13314669518326855,-0.40770291784495183,0.0
-0.8019399248744529,-1.7459250322924322,-1.1102296215101781,-1.622656057530776,-1.644281277748811,-1.8729206738339375,1.3232616112366333,-0.6432837412152161,1.663382527403062,0.6623872047477507,-0.8030037713410875,-1.7213779329681818,0.36687923057219884,1.6449447634692052,-1.8673701594041405,1.3913056505609758,1.3885257673254188,1.833928911113368,-1.342687449765393,1.4035347800286815,1.4309823364511045,0.0
-0.7984758215272629,-0.7574401019343984,-0.7334077826170468,-0.27529101139419215,0.2588633538607422,-1.2072359879926018,0.6215467356413563,0.01704923547256616,0.8552317965461365,0.15468630893594196,-1.3893602473322086,-0.4014767475211603,-0.2863182125830514,1.557836906899135,-1.1373947683571741,-0.03735198052419091,0.40044409427349487,0.9314747024399609,-0.33408993391685105,-0.21335809086740873,-0.7294728373467617,0.0
-0.7950117181800731,-1.7213358549203417,-0.6546688909080342,-0.3188715519700386,-0.3358693435172432,-0.7399118903565125,-0.28622727008904186,-0.4395639930881344,1.3437140160863226,0.5852166685843557,-0.026271816132069574,-0.6055851782603904,0.6611123130745641,0.8814700205903548,-1.0182151126760368,1.1102582477245497,0.7900305825053963,0.19632942009364618,-1.3543139340979409,0.2721319356418611,0.9968483180756468,0.0
-0.7915476148328833,-0.5115483282134943,0.2845736030494725,-0.9616845254637728,0.865490705186287,-0.4406899861147001,0.35422678303363175,1.4782115668668079,-0.6712751395169446,0.49992291808797185,-0.3689476787242833,-1.1498743268983374,-0.8277070843874029,0.025763429578489018,-0.5191503045112742,0.48570846364360243,-0.1585278236244507,0.312938671776165,0.6686943397654167,0.6985188284891329,-0.22894185145505758,0.0
-0.7880835114856933,-0.7771114438320706,-1.0821085887569595,0.22225349351338722,-1.0079172915543664,0.8839552978322004,-0.13029063106786912,-0.6362589223142823,0.029122160559057177,-0.2027351217155711,0.1717186822545428,0.36959954638259795,0.12560810292025998,1.2452734215594716,-0.1355407877876135,0.9307001848012773,-0.421075239606819,0.3078687043117077,-0.7061374325583881,1.4119780848375385,1.2981884014186116,0.0
-0.7846194081385035,0.668732185646845,0.9819752153292981,0.4583147549658884,-0.056344975749590215,0.30568375255588837,0.5045942563754768,-0.08832304804144174,-0.714376511829314,0.6380175617487839,0.11079852890481584,0.2788846882762736,-0.04504708493111189,-0.5737435832861116,0.03205560301398602,-0.8102323383243629,-0.41260596812351674,-0.08758875791596499,0.43035141094818213,-0.2302447004851225,-0.33109103224928277,0.0
-0.7811553047913137,-0.5705623539065112,0.5939049633348789,-1.0125284894689266,0.2767053347820818,-1.025685619126783,0.11475265882254508,0.1364711567884418,0.15483449647013459,0.4024443460921045,-2.6077633143267467,-1.3040895856790893,-1.057208888739248,0.40493880523644155,-1.7034981328425765,0.3998328683324721,1.772466074568452,1.539870798174842,0.10480984963683725,-0.3231210533825481,-0.3566283274478391,0.0
-0.7776912014441238,-1.3229911814924775,-1.205841132871122,-0.028334614797729363,-0.09797626456604921,-0.023796546496893906,0.44890259958220086,0.37531499942019264,0.6612756211404743,-0.32864494387689974,-1.0542994039087108,-0.11572494448623809,-0.22747159608257836,1.6449447634692052,-0.09457278114722249,0.3998328683324721,-0.2121665430186979,0.4548977607809706,-1.022959130620322,-0.39488914425783134,0.1234728222850199,0.0
-0.7742270980969339,0.18678430915387303,0.5432871043790853,-1.0742675886180424,1.6921691545416866,-0.10448559932614679,-0.642653873566008,-0.1304719614470447,-0.1648340148466047,0.7639273839101125,1.0017557716445717,-0.95483738196974,0.007914869919313857,0.06163137051910604,0.04322869573409265,-0.14664819273835678,1.1542092562873911,0.5055974354255441,-0.6450983898125109,-0.8212760371051033,-1.0869949701265507,0.0
-0.7707629947497441,1.6227922676839523,1.5893895227988233,0.5636343946908505,0.4789144518905963,1.2605042110353801,-0.6593613706039908,1.3587896455509323,-1.0053107749378074,-0.7510520891923244,0.7123850432333689,0.5374220338792983,-0.20393294948238913,-0.999034883010572,1.3504805439865677,-0.2988822026080878,-1.7196968670464903,-0.32587722874546005,1.3982562316328058,-0.7072914221855354,-0.17786726105794487,0.0
-0.7672988914025543,-0.8410433049995056,-0.9021339791363593,0.8941201607243523,-0.42507924812394104,0.7293012799094657,0.2985351262403558,-0.6432837412152161,-0.9945354318597152,-0.35301458687586657,-0.6811634646416336,1.4491063578478596,0.8553061475261252,-0.09721236793219841,0.460357490618073,-0.6033502223475494,-0.20087418104096175,-0.6858449187219314,-0.5113938199882085,-0.27246122452940685,0.3686308561911607,0.0
-0.7638347880553643,0.5851289825817376,-0.15973871445138377,0.40020736753142666,0.8119647624222683,0.3830107615172557,-0.2917964357683695,0.5930843853491423,-0.18279291997675862,-0.25147440771350477,-0.26233741036226127,0.25620597374969245,-0.9512849790383963,0.12311926927444976,0.6726462523000989,-0.5643158608424902,0.42867499921783553,-0.5286759273237539,0.08155688097174116,-0.6650748981412511,-0.10636283450198705,0.0
-0.7603706847081745,1.472798285714201,1.2800581625134166,1.6168307919404712,0.2648106808345221,0.6586983586838697,0.5491475818100976,-1.647832844048757,0.2733632703291502,-0.4829860162036894,1.5500371517921139,2.0296814497283364,1.6615047935826055,-1.2244905117801654,1.1940572459050747,-0.8609770082809404,-1.5954808852913915,0.4548977607809706,0.9767961745779395,-1.129456662628379,-0.5353893938377337,0.0
-0.7569065813609847,0.8457742627258957,2.1236891451099797,-0.4786668674148086,0.3897045472838984,-0.4104315913037303,-0.9712346486463361,0.4877121018351344,-0.100181956378051,0.7395577409111457,-0.06434691197564892,-0.67815706474545,-0.8218224227373556,-1.6549058030675712,-0.545220854191523,0.8214039725871114,-1.5672499803470508,1.184973075662828,1.2965244937230107,0.3270134168994308,-0.5200670167185998,0.0
-0.7534424780137948,1.0277341752793647,0.5995291698855226,-0.8926820028853493,-0.46671053694040004,-0.1851746521553993,-1.6840878556002683,0.9443253303958349,-0.17201757689866626,0.7517425624106291,-0.011041777794637839,-1.0682309546026452,-1.2160947532905244,-0.1791962329393232,-0.8059263509940111,1.430340012066035,0.19153539768537375,1.5348008307103846,1.0116756275755836,1.3739832131976826,1.7527522559529143,0.0
-0.7499783746666049,0.11055785930039286,1.2238160970069791,0.007982502348809315,-1.5074927573518742,-0.7533600658280547,0.3152426232783386,-1.9990737890954502,0.16560983954822692,1.3691068517177878,2.341999145338563,-0.8278365806208856,0.18445471942073302,-1.1271346720842048,-0.02380986058654715,-0.2676547134040404,0.9622391026658744,1.1799031081983706,0.18619523996467321,0.3650082885392867,0.8334096288048861,0.0
-0.7465142713194151,1.5514836533048904,0.503917658524579,0.2694657458038875,0.7643861466320294,0.635164051608671,-0.353057258240973,1.0286231572070412,-2.4815327766364574,0.2643497024312927,0.933220599126129,1.158818811907621,0.5846117116239492,-0.4558917773383698,0.8663131927819472,-1.501140536963911,-0.500121773450973,-1.106652218271891,1.43313568463045,-0.5721985452438257,-0.6528609517510926,0.0
-0.7430501679722252,1.7014776352746417,1.1169561725447477,0.19683151151081024,2.1501133315227348,0.38973484925302676,0.5380092504514424,0.24184344030244928,-0.5778888328401447,-0.5276636950351286,0.38493921897858685,0.015811599767932314,-0.009739115030828058,-0.645479465167346,1.0823263187040086,-1.47381648391037,-0.9433469810771218,-0.7720343656177063,1.3343105678037916,-1.1970031010992337,-2.511976042205994,0.0
-0.7395860646250353,-0.6861314875553362,0.2845736030494725,-0.6965695702940404,-1.2993363132695794,-0.5180169950760675,0.34308845167497654,0.22779380250058157,-0.9945354318597152,-0.10119494255320953,0.1717186822545428,-0.814229351904937,0.7140742679249898,0.2870869992886995,-0.25099607922871536,0.23198511386071738,-0.2121665430186979,0.9111948325821315,0.02051783822586393,0.09482253465586697,-0.17786726105794487,0.0
-0.7361219612778455,0.2974356073282798,0.6164017895374538,-1.3103288500705437,0.3302312775460999,-1.6207673837425225,-0.9656654829670085,2.0401970789415165,0.603807124723982,1.360983637384799,0.0498783755550891,-2.016201221813737,-2.0929093391475724,-0.6403554736044006,-1.5619722917212258,0.5403565697506854,0.3439822843848135,1.9251883254736002,1.116313986568516,0.7618436145555595,-0.17786726105794487,0.0
-0.7326578579306556,-0.9148108371157769,-0.39033118302777786,-0.30797641682607696,-0.18123884219896721,-0.01034837102535176,0.6549617297173219,-0.20774496935731718,-0.929883373391161,1.117287207395131,0.5981597557026309,-0.2926189177935708,-0.027393099980969976,-0.13308030887281544,-0.4819066621109187,-0.4589230847788302,1.4986262966083475,0.12534987559124333,-0.7584566120548544,-0.27246122452940685,-0.31576865513014923,0.0
-0.7291937545834657,0.5531630519980201,0.41955456026492266,-0.35518866911657726,-0.6153937112848965,-0.3095702752671642,1.4346449248231854,-0.22881942606011874,0.3811167011100737,0.9426380992358688,1.1312110975127414,0.12920517240083804,-0.2568949043328149,-0.763331271115088,0.3933189342974334,0.6769768350183922,-0.1105352852190715,0.09493007080449938,0.3693123682023049,0.8673849246662704,0.7312604480106607,0.0
-0.7257296512362759,-0.8361254695250876,-0.01350934413464638,-0.09370542566149899,1.8527469828337422,-0.36336297715333277,0.23170513808842458,0.34019090491552334,0.8372728914159827,0.5770934542513668,-0.7649286754975081,-0.04768880090649465,-0.7276678363365987,-0.10233635949514372,-0.6308812317123406,-0.7399704876152563,1.1739708897484296,-0.9089234871580547,-0.8398420023826905,-1.1210133578195223,-0.9490935760543464,0.0
-0.722265547889086,1.349852398853749,-0.23847760616039637,0.20772664665477183,0.20533741109672352,0.497320253025364,-1.026926305439612,-0.38336544188066346,-0.3695655333303593,-0.5276636950351286,-1.2599049214640392,0.8458525514408016,0.44926449367286114,1.0095698096639876,0.7322360801406675,-0.829749519076893,-1.0929707772821273,-0.8632937799779385,1.2616450407253665,-0.21757974327183718,-0.03485840794602925,0.0
-0.7188014445418962,0.4351350006119861,-0.48031848783807796,-0.25713245282092284,1.3591188440100146,0.03672024312504576,0.12589099018120029,0.22779380250058157,-0.8113545995321452,0.5770934542513668,0.6971550048959373,-0.7416574654198772,0.2668399825213953,0.07187935364499666,0.5497422323789262,-0.8219426467758811,0.3270437414182091,-0.44755644789243637,-0.13643970026353466,-1.209668058312519,-1.3423679221121139,0.0
-0.7153373411947063,-0.796782785729743,-0.20473236685653384,-1.0851627237620038,0.3480732584674394,0.272063313877033,1.161755806536133,-0.4325391741872005,-0.23307785434118958,-0.6129574455315124,0.6133897940400627,-0.4695128911009037,0.5022264485232869,1.2452734215594716,0.009709417573772753,0.7589489941790166,-0.10206601373576928,0.23181919234484763,-0.7933360650524984,0.6267507376138497,0.2869115115557806,0.0
-0.7118732378475164,-0.21401928201120043,0.5882807567842351,-0.7510452460138485,-0.03850299482825064,-0.47094838092566993,0.14259848721918308,0.354240542717391,-0.764661446193745,0.9060836347374185,1.1464411358501732,-0.7915506373783557,0.1726853961206384,-0.409775853271862,0.02460687453391493,0.7628524303295225,0.281874293507264,0.9061248651176741,-0.03180134127060227,0.9096014487105546,0.26137421635722424,0.0
-0.7084091345003266,1.0326520107537827,1.572516903146892,0.10240700692980968,0.5800190104448539,1.492485237919482,-1.4668903941064926,1.119945802919181,-0.7538861031156526,0.09376220143852511,0.24786887394170146,-0.20643980259256267,-1.7398296401447342,-0.9426709758181736,0.8849350139821249,0.8760520786941943,-1.0929707772821273,-0.31573729381654536,1.145380197399886,0.1792555827444356,0.3890606923500058,0.0
-0.7049450311531367,-0.2189371174856185,0.07085375412501,-0.6384621828595786,-0.18718616917274708,-0.6356885304520609,-0.08016813995392078,1.1620947163247841,-0.24026141639325113,0.44306041775704924,0.33924910396629165,-0.18829683097129776,-1.475019865892606,0.2255991005333558,-0.6718492383527315,-0.4550196486283243,0.948123650193704,-0.32587722874546005,-0.3864091134133173,-0.0613786043079851,-0.16254488393881106,0.0
-0.7014809278059468,-0.7648168551460255,-0.6827899236612529,-0.5658279485665014,-1.6264392968274712,-0.528103126679724,-0.21382811625778314,0.19266970799591265,1.3760400453205994,1.8727461403631018,1.4434268834300916,-0.33344060394141684,-0.9571696406884436,1.373373210633104,-0.9437278278753258,2.0900207215015354,-0.020196389397181307,1.8592787484356545,-0.2556111646721518,1.5386276569703914,1.7016776655558015,0.0
-0.698016824458757,1.0277341752793647,0.34081566855591006,1.4933525936422398,-0.1158182454873888,1.4218823166938857,-1.5058745538617857,1.4922612046686756,0.036305722611118744,-0.8322842325222136,0.1641036630858269,1.254069412919262,-0.39812678393394957,-0.932422992692283,1.2126790671052525,0.47009471904157873,-1.4769110845251605,-1.1725617953098364,1.0610881859889127,0.8125034434087006,0.7465828251297946,0.0
-0.6945527211115672,-0.37384893492978805,-0.564681586097734,0.8650664670071213,0.17560077622782422,0.5208545601005627,0.710653386510598,-0.01807485903210314,0.6325413729322281,-0.4423699445387447,-0.8715389438595301,0.9320316666418099,-0.162740317932058,0.04625939583027026,0.37097274885722015,-0.017834799771661292,0.324220650923775,-0.9951129340538293,-0.653818253061922,-0.7621729034431052,-0.0808255393034307,0.0
-0.6910886177643772,0.6220127486398732,-0.25535022581232764,-0.5367742548492704,0.6930182229466711,-0.36336297715333277,0.3653651143922869,1.3025910943434613,-1.6661984837274706,0.25622648809830373,-0.11003702698794401,-0.9049442100112615,-0.7512064829367879,1.0198177927898782,-0.20630370834828884,-1.0249213266021893,0.17741994521320348,-0.5844455694327847,0.8372783625873633,-0.8846008231715297,-1.0767800520471282,0.0
-0.6876245144171874,-0.8213719631018332,-1.458930427650091,0.6399003406985817,-0.5499731145733181,1.2874005619784643,0.6159775699620288,-0.24286906386198648,0.8300893293639211,-0.990686912015498,-0.12526706532537576,1.013675038937502,0.6434583281244222,1.2657693878112528,0.9110055636623735,0.8955692594467239,-0.017373298902747237,-1.208051567561038,-1.31652786001716,1.496411132926107,1.8089343053897382,0.0
-0.6841604110699976,-0.5828569425925565,0.1495926458340226,0.17504124122288703,-0.15150220733006795,-0.3734491087569894,0.805329203059167,-0.790804938134827,1.1677167458108144,-1.6730369159865686,-1.3360551131511977,0.4829931190155037,0.5728423883238546,-0.010104511362128149,0.534844775418784,-0.6150605307990668,0.7984998539886984,-1.0508825761628602,-1.406633113594407,0.1792555827444356,0.006001264371660646,0.0
-0.6806963077228076,-0.7230152536134717,0.7626311598541916,0.17140952950823315,0.33617860451987974,-1.5400783309132695,-1.4390445657098545,-0.28501797726758965,-0.35879019025226694,1.0969791715626587,0.5905447365339151,-1.1498743268983374,0.3492252456220576,-0.18432022450226854,-1.6439083050020078,0.27492291151628256,0.5048984425675553,1.6209902776061595,0.27048725137564655,0.8251684006219859,-0.3208761141698602,0.0
-0.6772322043756178,1.4457501906049015,0.6782680615945352,0.5418441244029274,1.0141738795307835,1.7211042209356984,0.06463016770859674,2.012097803337781,-1.3824477826710393,-0.6495119100299627,-1.0162243080651316,1.0182107818428183,-2.322411143499417,-2.054577144977305,1.2834419876659278,-1.067859124257754,-1.699935233585452,-1.1472119579875497,1.4767350008775046,-1.1590082294593778,-1.1636068557222192,0.0
-0.673768101028428,-0.553349929746048,-0.5028153140406527,1.1810253861820075,1.0082265525570036,0.2821494454806896,0.833175031455805,-1.4370882770207416,0.16201805852219614,-0.27990565787896604,0.7733051965830959,1.0771754396119293,1.4320029892307604,-0.7325873217374163,0.26669055013622495,-0.7438739237657627,0.06449632543584073,-0.28024752156534416,-0.6131255578980039,-1.3405392828498006,-0.92355628085579,0.0
-0.6703039976812382,0.03924924492133064,0.318318842353335,0.10240700692980968,1.5315913262496303,-0.06414107291152035,0.916712516645719,-0.4395639930881344,1.2180016801752453,-0.6657583386959405,-0.011041777794637839,0.33331360314006814,0.6375736664743749,-0.12283232574692482,0.762030994060952,0.2358885500112233,-0.257335990929643,-0.9089234871580547,-0.7003241903921141,-0.47932219234640006,0.07239823188790719,0.0
-0.6668398943340482,0.6884035275445171,0.7570069533035478,-0.6711475882914634,1.3115402282197757,0.5611990865151891,-0.24167394465442107,0.8319282279808932,-0.6425408913086984,0.2521648809318093,0.11079852890481584,-0.1021177157702894,0.1491467495204492,-0.9119270264405017,0.14006216597501642,-0.029545108223179063,-0.8473619042663634,-0.34108713113883204,1.0901543968202827,-1.0112503953043828,-0.9286637398955013,0.0
-0.6633757909868584,0.47201876667012166,0.481420832322004,1.1047594401742764,0.948753282819205,0.20818448038720816,0.7663450433038738,-0.5800603711068114,-0.8939655631308532,-0.007777977723836681,-1.1761397106081646,0.8095666081982719,0.984768703827166,0.0923753198967779,0.6540244310999214,-2.110076576442834,0.11531195433565393,-1.2283314374188672,0.5960288126869915,-1.8471375713812126,-1.8326839899243954,0.0
-0.6599116876396686,-9.343887401403696e-05,0.20583471134046016,-0.278922723108846,0.27075800780830195,0.0030998044461903896,0.031215173632631134,-0.2358442449610526,-0.3516066282002054,-0.49517083770317283,-0.879153963028246,-0.7643361799464584,0.37864855387229346,0.005267463326707779,-0.23237425802853764,-0.185682554243416,0.04191160148036817,-0.11293859523825173,0.008891353893315884,-0.36533757742683226,0.4248129056279847,0.0
-0.6564475842924786,-1.8910011787877656,-0.36221015027455905,-0.21355191224507641,-2.2152246672316767,-0.8138768554499943,1.0837874870255468,-0.5730355522058775,1.3473057971123532,-0.1864886930495932,0.37732419980987103,0.26527745956032495,0.8082288543257468,-0.11770833418397951,-0.5265990329913453,1.4576640651195765,0.4343211802067037,0.9517545722977903,-1.2206093642736386,1.943906287795521,1.3799077460539917,0.0
-0.6529834809452888,-0.26073871901817225,-0.6377962712561028,-1.412016778080852,1.6445905387514477,-1.0021513120515844,0.6995150551519427,-0.4676632686918698,0.6720509642185667,1.056363099897714,-0.17095718033767096,-1.022873525549483,-1.3690959561917544,1.0044458181010423,-0.9884201987557524,0.7003974519214278,1.1344476228263527,-0.427276578034607,-0.23817143817332972,-0.023383732668129164,-0.0808255393034307,0.0
-0.649519377598099,-0.07140205325307612,-0.32284070442005275,0.6689540344158127,-0.3775006323337022,0.0030998044461903896,0.7663450433038738,-0.1304719614470447,0.603807124723982,0.19530238060088667,-1.099989518921006,0.6871015497547338,-0.0627010698812538,-0.14845228356165135,0.19592762957554957,0.21246793310818776,0.5444217094896324,-0.1534983349539105,-0.32827669175057705,0.7449570049378458,0.3686308561911607,0.0
-0.646055274250909,-0.12058040799725696,0.4139303537142789,-1.4810193006592751,-0.23476478496298595,-1.1198228474275778,-2.0070994650012692,-0.5589859144040098,0.5283797231773356,1.3934764947167546,1.0398308674881511,-1.6079843603352761,-0.47462738538456456,-0.6813474061079631,-2.0163447290055614,2.7223773778834945,-1.0082780624491052,1.7730893015398799,0.9593564480791175,1.7961484536405259,1.6403881570792662,0.0
-0.6425911709037192,0.20153781557712727,-0.5759299991990215,0.5273172775443119,0.5681243564972942,0.32921805963108713,-0.20825895057845553,-0.9945246862619089,0.9270674170667521,-1.400909235831439,-0.19380223784381856,0.5283505480686659,1.8556986280341659,0.7277502737019957,0.6949924377403122,-0.19739286269493378,-0.9574624335492922,-1.1522819254520071,-0.37768925016390625,-0.10781678075669791,-0.7601175915850293,0.0
-0.6391270675565294,-0.863173564634387,-1.4026883621436532,0.44015619639261916,-1.0971271961610642,2.1077392657425347,1.5905815638443581,-1.1069217886768505,-0.9334751544171918,-1.6486672729876017,0.6438498707149262,1.458177843658492,1.0789232902279229,1.8345324512981818,1.8793402660716145,-0.4940540101333835,0.9961161885990832,-0.9596231618026279,-1.9588911193904388,0.26368863083300426,0.08261314996732973,0.0
-0.6356629642093395,0.12777028346085614,0.34643987510655383,-0.40240092140707756,-0.30018538167456404,0.09723703274698543,0.32638095463699374,0.19969452689684652,0.01834681748096483,0.759865776743618,0.8951455032825496,0.03849031429451346,-1.3867499411418962,0.35882288116993377,0.09536979509458987,-0.9390457312910588,0.16895067372990127,0.10000003826895659,-0.5288335464870306,-0.5215387163906845,-0.47409988536119835,0.0
-0.6321988608621496,0.8801991110468224,0.23395574409367864,-1.2812751563533127,-0.28234340075322445,-1.496371760630758,0.6438233983586666,0.7476304011696868,-0.18997648202882017,0.682695240580223,-0.38417771706171505,-1.7984855623585576,-0.8453610693375448,0.25121905834808234,-1.6066646626016523,0.13049577394756381,-0.19522800005209362,1.3269321646676338,1.427322442464176,0.5338743847164241,-0.2902313599315929,0.0
-0.6287347575149598,1.1285498025049354,-1.3801915359410784,0.13509241236169447,0.6454396071564323,1.5429158959377651,0.7663450433038738,0.2910171726089863,-1.4470998411395932,-0.5276636950351286,-0.34610262121813573,0.9048172092099126,0.5846117116239492,1.6961846790986583,1.3691023651867453,-0.9351422951405525,-0.8417157232774952,-0.8886436173002253,0.21526145079604334,-1.3320959780409436,-1.3576902992312476,0.0
-0.62527065416777,0.5433273810491839,1.7637399258687798,0.3784170972435034,0.48486177886437615,0.5376647794399904,0.30410429191968336,-0.0953478669423756,-0.2941381317837129,-0.7348056605263464,0.23263883560426973,0.4285642041517089,0.5493037417236654,-1.9059813896518913,0.8476913715817694,-0.7633911045182918,-0.9602855240437262,-1.0458126086984028,0.49429707477719637,-0.09093017113898416,-0.40259545880524056,0.0
-0.62180655082058,-0.23614954164608182,-0.1316176816981653,0.5200538541150042,-0.4131845941763813,0.7461114992488933,-0.642653873566008,0.6844070310612821,0.5714810954897049,-0.3327065510433942,-0.9096140397031095,0.6689585781334688,-0.9218616707881597,-0.4558917773383698,0.14378653021505194,1.570863713484248,-0.6610379316337148,-0.6300752766129006,-0.40094221882900233,0.8631632722618419,0.6699709395341256,0.0
-0.6183424474733902,-0.21647819974840948,0.43080297336621015,0.46557817839519616,-0.18123884219896721,-1.1769775931816324,0.2595509664850626,0.557960290844473,0.5427468472814587,1.430030959215205,0.6362348515462103,-0.37879803299457915,-0.08035505483139573,-0.5839915664120022,-1.2267795101180272,0.5325496974496735,-0.5368219498786159,1.3827018067766645,0.5611493596893473,0.06949262022929635,-0.26469406473303647,0.0
-0.6148783441262003,-0.4599110557321045,0.4420513864674977,0.5926880884080814,0.490809105838156,-0.3297425384744774,-1.155017116064147,0.5298610152407376,0.36674957700595057,-0.6251422670309958,-1.7853412441054335,-0.34251208975204933,-0.46874272373451725,-0.6147355157896741,-0.44838738395059885,-0.525281499337431,0.2846973840016981,-0.41713664310569226,-0.17131915326117877,-1.09990509579738,-0.004213653707761615,0.0
-0.6114142407790105,-0.8435022227367147,0.2845736030494725,0.7052711515623512,0.3123892966247603,0.5746472619867313,1.1673249722154608,-1.5213861038319478,0.16560983954822692,-1.2790610208366051,0.4839344681718932,1.0182107818428183,1.2966557712796725,-0.6659754314191272,1.2871663519059633,-1.3371962186426622,0.23952793609075296,-1.1472119579875497,-1.1188776263638434,-0.47510053994197166,-0.10125537546227578,0.0
-0.6079501374318206,-0.7894060325181159,-1.8976185386003033,-0.028334614797729363,-0.3715533053599223,-0.26250166111676665,1.2397241260467196,-0.9172516783516365,0.8731907016762903,-0.011839584890331153,-0.445097870411442,-0.061296029622443335,0.8729601324762671,1.557836906899135,-0.24727171498867984,0.2358885500112233,1.555088106497029,0.5410872076767455,-1.5112714725873395,0.7913951813865585,0.5524993816207665,0.0
-0.6044860340846308,0.012201149812031173,0.7007648877971102,-0.7510452460138485,0.3123892966247603,-0.44405202998258564,-0.8152980096251634,0.29804199150992017,-0.02116277380537378,0.8776523845719573,0.8646854266076861,-0.5420847775859634,-0.45108873878437533,-0.25605610638350285,-0.9846958345157169,-0.27546158570505225,0.48795989960095093,1.539870798174842,0.12806281830193333,-0.732621336612106,-1.1329621014839517,0.0
-0.6010219307374409,-0.5976104490158107,-0.840267707079278,0.6072149352666969,-0.2704487468056648,0.8234385082102607,0.33751928599564895,-0.2007201504563833,0.31287286161548883,-1.6283592371551292,-1.1304495955958693,0.9048172092099126,-0.09212437813149034,1.0249417843528235,1.2275765240653946,-0.4550196486283243,0.1378966782911265,-1.1320020555941777,-0.8892545607960196,-0.20069313365412342,0.5371770045016326,0.0
-0.597557827390251,0.3908744813422234,0.7907521926074104,-1.023423624612888,-0.3953426132550418,-0.05405494130786374,-1.5225820508997685,-0.165596055951714,0.1296920292879191,0.6461407760817728,1.3825067300803646,-1.4220189012173112,-1.322018662991376,-2.2287928581174454,-0.1616113374678623,0.9033761317477358,0.7730920395387919,0.23181919234484763,0.13096943938507033,1.3444316463666834,1.3492629918157242,0.0
-0.5940937240430612,0.024495738498076385,-0.7784014350221966,1.2355010619018154,-1.5669660270896728,0.7797319379277486,1.161755806536133,-1.1982444343889904,0.9091085119365981,-0.7348056605263464,1.8470228993720323,1.217783469676732,1.879237274634355,0.6662623749466521,0.583261510539246,1.0907410669720201,-0.039958022858219804,0.414338021065312,-1.040398857119144,1.943906287795521,1.8140417644294495,0.0
-0.5906296206958713,-0.32467058018560724,1.9043450896348733,-1.9386149767056617,1.0260685334783433,-2.266279806376545,-2.268850251929666,0.5649851097454068,0.7115605555049053,2.3276461430104827,-0.19380223784381856,-2.283810053227394,-1.6397903920939305,-0.4046518617089167,-2.9139165108541274,0.555970314352709,1.6341346403411825,1.1038535962315106,1.377909884050847,-0.06982190911684198,0.5167471683427876,0.0
-0.5871655173486814,-0.6246585441251102,-1.2339621656243407,0.03340448435138639,0.24696869991318252,0.05016841859658791,0.7050842208312703,-0.29906761506945734,0.011163255428903262,0.19936398776738115,-1.0314543464025634,-0.37879803299457915,-0.027393099980969976,0.6098984677542537,-0.3292077282694618,0.4935153359446143,0.9565929216770063,0.03409046123101121,-0.9473869824587599,1.048915978056693,0.2664816753969355,0.0
-0.5837014140014916,-0.7008849939785904,0.43080297336621015,-0.3951374979777698,-1.0792852152397248,-0.7533600658280547,0.5602859131687529,0.17862007019404494,0.7654372708953671,0.36995148876014894,1.7175675735038625,-0.8278365806208856,-0.24512558103272028,-0.548123625471385,-0.33665645674953293,0.5130325166971439,0.9086003832716272,1.2407427177718588,-0.29630385983606994,0.9011581439016978,0.4350278237074072,0.0
-0.5802373106543017,-1.6205202276947712,-1.1271022411621094,0.8795933138657368,-1.3112309672171392,-0.4104315913037303,1.7353798715068758,-1.366840088011403,0.7079687744788745,-0.3327065510433942,-0.24710737202482955,1.072639696706613,0.8670754708262198,0.7072543074502144,-0.18768188714811113,-0.576026169294008,0.7420380441000172,0.6120667521791483,-1.5868436207489018,-0.4835438447508285,-0.48942226248033216,0.0
-0.5767732073071119,-0.42548620741117793,0.4026819406129914,-1.7461342558290074,-0.6986562889178142,-1.9737819898705036,-1.5504278792964066,0.1364711567884418,-0.5383792415538061,1.2756898868884154,-0.9705341930528364,-2.0298084505296856,0.45514915532290845,0.5227906111841836,-2.2100116694874097,0.251502294613247,1.0525779984877646,1.509450993388098,0.8866909210006925,-0.12470339037441167,0.7210455299312382,0.0
-0.573309103959922,-0.3640132639809519,0.30144622270140375,-1.4737558772299673,0.8714380321600669,-0.5482753898870373,0.22613597240909702,0.6703573932594143,-1.6374642355192244,1.4868934595461276,1.1312110975127414,-0.9956590681175856,-0.6452825732359364,0.10262330302266852,-0.3552782779497106,-1.1381209749668606,1.1429168943096548,-0.5844455694327847,0.06993039663919311,-0.8761575183626727,-0.9337711989352125,0.0
-0.5698450006127321,-0.98366053375763,-1.7345165486316347,0.6653223227011588,-0.6748669810226947,-0.27258779272042327,1.4736290845784785,-0.6643581979180176,0.7079687744788745,-0.1580574428841319,-1.1076045380897217,0.08838348625299199,-0.7041291897364095,0.16411120177801222,0.31883164949672255,0.19295075235565814,1.0102316410712535,-0.7568244632243343,-1.6507892845779157,0.8716065770706988,0.5167471683427876,0.0
-0.5663808972655423,0.15973621404457355,0.8526184646644916,1.7875212425292029,-0.19313349614652695,0.23844287519817797,1.690826546072255,-0.6854326546208193,0.7474783657652131,-1.1612744130082655,-0.9172290588718254,1.258605155824578,0.7140742679249898,-0.42514782796069794,0.8253451861415562,-0.9156251143880233,-0.6610379316337148,-0.9089234871580547,-0.4648878826580164,-1.3785341544896565,-1.2300038232384658,0.0
-0.5629167939183524,0.07613301097946627,0.18333788513788515,1.3190304313388543,-0.6986562889178142,0.03335819925716022,1.2397241260467196,-0.5449362766021423,0.5427468472814587,-0.4911092305366784,0.4839344681718932,1.4082846717000137,0.23741667427115878,0.07187935364499666,0.4678062190981441,-1.1771553364719198,-0.7316151939945665,-0.7264046584375902,0.19782172429722128,-0.5679768928393972,-0.5200670167185998,0.0
-0.5594526905711625,0.24088049937247197,-0.6152994450535278,0.3711536738141957,-0.5261838066781986,0.4401655072713098,0.7663450433038738,1.316640732145329,0.6469084970363512,-0.470801194704206,0.034648337217657366,0.9456388953577586,-0.8394764076874975,-0.3687839207682995,0.9780441199830133,0.27492291151628256,-0.9264084381105174,-0.89878355222914,0.06411715447291909,0.6900755236802761,0.8078723336063298,0.0
-0.5559885872239727,-2.077878926815653,-1.751389168283566,0.2694657458038875,-1.7513331632768483,-2.027574691756672,0.6549617297173219,-2.18171908051973,2.478716820312049,0.29684255976324847,-1.1837547297768805,-0.4014767475211603,1.9204299061846868,0.6867583411984333,-1.6774275831623273,1.4537606289690705,1.394171948314287,1.0632938565158518,-1.4589522930908734,1.9354629829866643,1.4718420087687947,0.0
-0.5525244838767829,-0.7107206649274266,0.08772637377694126,0.8069590795726594,1.1450150729539397,0.8873173417000859,0.833175031455805,-0.05319895353677244,-1.1094724246926997,-1.5390038794922511,-1.1913697489455963,0.8549240372514342,0.2844939674715372,0.6508904002578162,0.8812106497420894,-2.6448473290621455,1.2417250616148472,-1.1928416651676659,-1.1857299112759947,-2.3115193358683404,-1.178929232841353,0.0
-0.5490603805295929,-1.5049510940459465,-1.0989812084088908,-0.736518399155233,-1.7097018744603893,-1.062668101673524,0.8832975225697534,-0.8680779460450995,2.0010099438499553,1.011685421066275,-1.1837547297768805,-0.7053715221773474,-0.20981761113243644,0.7482462399537769,-0.8357212649142954,2.6755361440774235,1.4252259437530617,-0.021679180878019608,-1.4851118828391063,3.0204276509247716,2.82531865429228,0.0
-0.5455962771824031,0.9564255609003026,1.5893895227988233,-1.0670041651887345,1.13312041900638,-0.28939801205985094,0.1481676528985107,-0.6222092845124145,-0.36597375230432855,1.4868934595461276,1.4434268834300916,-1.081838183318594,-0.12743234803177417,-0.49175971827898696,-0.4707335693908121,0.20856449695768184,-0.6243377552060719,1.0734337914447665,1.1628199238987083,-0.5004304543685423,-1.020598002610304,0.0
-0.5421321738352133,-0.04927179361819474,-1.3464462966372157,0.44378790810727303,-0.008766359959351355,-0.5314651705476097,-0.3641955895996282,1.1339954407210486,1.1174318114463835,-0.5723413738665677,0.4687044298344614,-0.18829683097129776,-0.4216654305341388,1.6808127044098224,0.4640818548581086,0.19295075235565814,0.26493575054065954,0.19125945262918884,-0.8078691704681835,-0.23868800529397935,0.11836536324530864,0.0
-0.5386680704880233,1.1728103217746981,-0.11474506204623403,1.3081352961948929,0.6632815880777719,1.203349465281326,-0.30293476712702466,-1.8515525921758391,-0.9370669354432226,-0.5032940520361617,1.2073612891998997,1.8618589622316362,1.879237274634355,-0.4610157689013151,1.2015059743851457,-1.555788643070994,-2.018944459456502,-0.7416145608309622,1.2296722088108591,-1.4291939833427978,-2.09316440094967,0.0
-0.5352039671408335,0.39579231681664145,0.025860101719859925,1.6313576387990867,0.9309113018978655,1.3613655270719462,-0.4143180807135766,-0.3412165284750603,-1.206450512395531,-1.2506297706711438,-0.5593231579421799,1.6713577602083547,0.9788840421771187,-0.8504391276851581,1.2313008883054302,-0.07638634202925014,-0.7711384609166435,-1.0863723484140615,-0.055054309935698355,0.4832145558632829,0.4758874960250974,0.0
-0.5317398637936437,-1.3967587136087487,-2.021351082714466,0.8723298904364291,-0.09797626456604921,0.46033777047862307,0.29296596056102814,-0.9383261350544381,0.13687559133998065,-0.08088690672073717,-0.14811212283152336,0.6689585781334688,-0.1509709946319634,2.2751957257114777,0.4864280402983219,-0.8687838805819522,0.7730920395387919,-0.4830462201436378,-1.4938317460885175,-0.3188994009781197,-0.05528824410487434,0.0
-0.5282757604464539,-0.11074473704842079,0.6164017895374538,-0.3479252456872695,0.7703334736058093,-0.8004286799784522,-0.2973656014476971,0.9232508736930334,-0.6604997964388523,0.8126666699080457,-0.011041777794637839,-0.23365426002446005,-1.2337487382406662,-1.1783745877136576,-0.4297655627504211,-0.46672995707984205,-0.32509016279606073,0.9416146373688755,0.5262699066917035,-1.0661318765619525,-1.1329621014839517,0.0
-0.5248116570992639,1.7506559900188225,0.10459899342887254,-0.10460056080546058,1.6505378657252276,1.3748137025434883,-0.19712061921980034,1.119945802919181,-1.867338221185194,-0.860715482687675,-0.5745531962796117,0.5464935196899308,-0.8806690392378287,1.6859366959727677,0.7806528152611297,-1.3957477609002515,-0.8727697187162701,-0.7720343656177063,1.3575635364688876,-1.1590082294593778,-1.5415588246608534,0.0
-0.5213475537520741,0.5777522293701105,0.9313573563735044,0.45468304325123454,1.8943782716502011,0.9142136926431702,0.44890259958220086,-0.10237268584330945,-1.3824477826710393,-1.1206583413433209,0.0270333180489415,0.14281240111678672,0.9788840421771187,-1.0144068576994079,0.7396848086207387,-1.2396103148800146,-0.17264327609662106,-0.8632937799779385,0.13387606046820735,-1.0872401385840946,-1.7152124320110367,0.0
-0.5178834504048843,-2.274592345792376,-1.4870514604033096,0.44015619639261916,-0.15150220733006795,-0.8542213818646208,1.9971306584352724,-2.09039643480759,1.7244428048455853,0.36182827442716003,-1.587350745718821,0.09745497206362444,1.3025404329297199,1.219653463744745,-0.8170994437141178,0.5286462612991676,2.136644748350447,-0.2548976842430574,-2.2030472903739473,0.29746185006843173,0.7057231528121045,0.0
-0.5144193470576943,0.12531136572364712,0.891987910518998,-1.7679245261169307,-1.0317065994494858,0.4031830247245689,-1.3276612521233022,0.8178785901790254,-1.0915135195625458,1.0807327428966809,1.6261873434792722,-1.1317313552770725,-1.3279033246414231,-0.8401911445592675,-0.5712914038717718,0.6457493458143448,0.49642917108425316,1.3218621972031763,0.6599744765160057,1.086910849696549,1.2164690567832313,0.0
-0.5109552437105045,1.2195297587816698,0.6388986157400289,-0.6638841648621556,-1.0079172915543664,-0.39698341583218816,-1.3499379148406128,0.5720099286463407,0.6971934314007822,0.11813184443749195,-0.04150185446950131,-0.22911851711914383,-0.9218616707881597,-1.2654824442837278,-0.2956884501091419,1.2195544599387151,-0.8868851711884403,0.2723789320605063,1.098874260069694,1.3233233843445413,1.4309823364511045,0.0
-0.5074911403633147,0.7498764709747431,0.34643987510655383,1.1083911518889302,0.4372831630741373,0.8604209907570016,-0.6983455303592839,-0.7205567491254885,-0.2654038835754666,-1.2953074495025831,0.23263883560426973,1.313034070688373,1.3672717110802401,-0.48151173515309637,1.0786019544639731,-0.12322757583532123,-2.1233988077505623,-0.427276578034607,1.383723126217121,0.031497748589440405,-0.22894185145505758,0.0
-0.5040270370161247,1.352311316590958,0.8863637039683543,1.6640430442309715,1.0201212065045633,2.608683802057479,-1.015787974080957,-0.04617413463583858,-1.3249792862545466,-2.387879777289595,0.08033845222995237,1.8437159906103713,1.2025011848789156,-0.7735792542409787,2.426821809356839,-0.4901505739828776,-2.9392719606420084,-1.1928416651676659,0.9506365848297065,-0.8550492563405308,-0.8571593133395435,0.0
-0.5005629336689349,-0.061566382304239956,-0.10912085549559027,-0.9072088497439648,-0.5618677685208778,-0.0506928974399782,-0.9433888202496983,-0.48873772539467136,-0.2654038835754666,0.5527238112524,-0.9172290588718254,-0.5965136924497579,1.496734267381281,-0.1791962329393232,-0.8580674503545084,0.24759885846274107,-0.27427453389624745,0.9416146373688755,0.23560779837800241,0.6942971760847045,0.33287864291318175,0.0
-0.49709883032174507,1.0326520107537827,0.9594783891267231,-0.17723479509853796,0.46107247096925674,-0.41715567903950135,-0.4644405718275249,-0.07427341023957403,0.6900098693487206,0.621771133082806,-0.04911687363821718,0.4376356899623414,-0.027393099980969976,-1.6395338283787353,-0.5936375893119851,1.3639815975074343,-1.6321810617190344,0.07972016841112733,1.529054180373971,0.37345159334814354,-0.06039570314458561,0.0
-0.4936347269745552,-0.7721936083576526,-0.4578216616355029,-0.4714034439855008,-1.4004408718238368,0.05016841859658791,0.48788675933749404,-0.2358442449610526,-0.4952778692414367,1.1091639930621422,0.8799154649451179,-0.20643980259256267,-0.6099746033356526,0.06163137051910604,0.05440178845419929,0.8253074087376173,0.4032671847679289,-0.2396877818496854,-0.5985924524823188,1.2135604218294018,0.9713110228770904,0.0
-0.49017062362736535,-1.0500513126622741,-1.4195609817955845,0.08424844835654034,-0.34181667049102304,-0.17508852055174307,1.8801781791693934,-1.2403933477945936,2.083620907448663,-1.5227574508262733,-0.9019990205343936,1.049960982180032,-0.2510102426827676,0.23584708365924642,0.5720884178191393,1.2859128744973158,-0.18958181906322547,-0.8430139101201092,-1.5984701050814498,1.0320293684389792,0.9764184819168016,0.0
-0.48670652028017547,-1.9180492738970651,0.19458629823917267,1.5224062873594708,0.46107247096925674,0.8167144204744896,1.1060641497428574,-1.1560955209833872,0.38830026316213523,-0.30427530087793286,-1.1837547297768805,1.4445706149425432,1.914545244534639,0.015515446452598398,0.6540244310999214,-0.75558423221728,0.23952793609075296,-1.0610225110917748,-1.8077468230673144,-0.9605905664512415,-0.8673742314189661,0.0
-0.4832424169329856,-0.11566257252283887,-1.5207966997071722,0.6181100704106585,-0.002819032985571498,-0.32301845073870633,0.3653651143922869,0.12242151898657407,1.1641249647847836,-0.45049315887173363,-1.0314543464025634,0.6145296632696742,-0.015623776680875364,1.6705647212839319,0.0804723381344481,0.1265923377970579,-0.793723184872116,-0.9951129340538293,-0.2061986062588226,0.4494413366278554,-0.1727598020182336,0.0
-0.47977831358579576,0.9367542190026303,0.21145891789110394,1.0829691698863533,0.24102137293940265,1.015075008679736,-0.12472146538854159,0.7687048578724884,-0.524012117449683,-0.4017538728738,-0.19380223784381856,0.6871015497547338,-2.145871293997998,-0.28680005576117457,1.2797176234258922,-0.6384811477021023,0.0023883345582912598,-1.121862120665263,0.0001714906439048516,0.09482253465586697,0.09793552708646354,0.0
-0.4763142102386059,-1.2664360735366695,-0.40157959612906535,-0.4278229034096544,-0.6808143079964746,-0.8676695573361629,0.7719142089832014,-1.1490707020824535,1.063555096055922,0.17905595193490878,0.23263883560426973,-0.5602277492072283,0.6728816363746587,-0.3072960220129558,-1.1038754901968544,0.7745627387810403,0.8549616638773798,0.7134661014682951,-1.1741034269434465,0.37345159334814354,0.01621618245108319,0.0
-0.47285010689141604,0.40808690550268667,1.1225803790953914,1.2681864673337002,1.382908151905134,0.3090457964237739,1.9024548418867038,-1.3106415368039321,0.6073989057500128,-0.30427530087793286,-0.10242200781922815,1.5262139872382354,0.6081503582241384,-1.4448221489868136,1.0562557690237597,-0.7790048491203155,-0.8050155468498523,-1.121862120665263,0.25595414595996147,-0.13736834758769698,-0.38727308168610675,0.0
-0.46938600354422616,0.801513743456133,0.683892268145179,0.4801050252538116,0.37780989333633874,-0.013710414893237296,-0.6593613706039908,1.422013015659337,0.7151523365309361,-0.5032940520361617,-0.7801587138349398,-0.356119318467998,-0.19804828783234185,-0.8094471951815959,0.40821639125757564,0.3490881983758951,-0.2516898099407749,-0.7771043330821636,0.45651100069641526,0.4536629890322838,0.3175562657940482,0.0
-0.46592190019703633,0.4695598489329126,0.6332744091893852,0.8723298904364291,-0.35965865141236264,1.247056035563838,0.861020859852443,0.7827544956743562,-0.3264641610179899,-1.7827003094819192,0.5600846598590516,1.0046035531268696,-0.20393294948238913,-2.110941052169703,1.216403431345288,-0.5487021162404665,0.21129703114641227,-0.5134660249303818,-0.5695262416509488,-0.1669199144186959,-0.11147029354169832,0.0
-0.46245779684984645,-0.7353098422995169,0.16646526548595386,0.14961925922030997,-1.1803897737939824,-0.3465527578139051,-0.041183980198627644,-0.38336544188066346,0.6971934314007822,-0.2149199432150545,-1.0695294422461425,0.41042123253044405,0.4198411854226246,-0.63010749047851,-0.35900264218974615,0.6847837073194041,0.27622811251839585,0.3180086392406224,-0.5201136832376196,0.3903382029658573,0.8793767601622876,0.0
-0.45899369350265656,-0.4845002331041949,0.13272002618209133,-0.4750351557001547,-0.20502815009408665,-1.29128708468974,-0.23053561329576586,0.740605582268753,0.11891668620982675,1.4584622093806663,-0.4527128895801579,-0.9503016390644238,-1.0807475353394371,0.19485515115568408,-1.1485678610772807,0.29053665611830626,0.25082029806848927,0.5208073378189162,0.5233632856085665,0.40722481258357107,-0.06550316218429689,0.0
-0.45552959015546673,-0.7771114438320706,-1.1102296215101781,1.7729943956705874,-0.2526067658843255,1.1663669827345853,0.7663450433038738,-1.1771699776861888,-0.5168285553976214,-2.058889596803543,-0.4527128895801579,2.2746115666154125,1.8556986280341659,0.8302301049609019,1.5329743917483092,-2.4262549046338147,0.2451741170796211,-1.137072023058635,-1.397913250344996,-1.9526788814919236,-1.0869949701265507,0.0
-0.45206548680827685,-1.1139831738297092,-1.0483633494530968,-0.9217356966025803,-0.014713686933131213,-1.5064578922344143,0.515732587734132,0.052173329977235464,0.8264975483378904,1.421907744882216,-0.07196193114436478,-1.3176968143950378,0.1373774262203546,0.8917180037162454,-0.79847762251394,0.9736379824568424,1.515564839574952,0.769235743577326,-1.2903682702689268,0.23835871640643375,1.083675121750738,0.0
-0.448601383461087,0.4867722730933759,0.9932236284305856,-0.7546769577285023,-0.6034990573373368,0.0030998044461903896,-2.079498618832528,0.30506681041085404,-1.511751899608147,1.2350738152234708,1.8850979952156115,-0.6690855789348176,0.8847294557763618,-0.6557274482932366,-0.3478295494696395,0.40763974063348396,0.008034515547159402,1.1951130105917427,0.9215703739983363,0.9813695395858381,1.022385613274203,0.0
-0.44513728011389714,1.283461619949105,0.6895164746958227,1.5006160170715477,-0.2942380547007842,0.9982647893403084,0.41548760550623526,-0.10939750474424312,0.8013550811556749,-0.8322842325222136,1.801332784359737,1.8709304480422686,-0.20393294948238913,-2.459372478449984,1.752711881910406,0.25930916691425887,-1.6321810617190344,-0.2954574239587162,0.36059250495289386,-0.6059717644792529,0.03664601860992828,0.0
-0.44167317676670725,-1.831987153094749,-1.9369879844548097,-0.23171047081834575,-2.06654149288718,-1.2105980318604876,1.206309131970754,-1.704031395256228,1.4227331986589997,0.03283809394110804,-0.38417771706171505,-0.24272574583509252,1.6026581770821324,2.044616105378939,-0.5899132250719495,0.6262321650618157,1.5494419255081608,1.078503758909224,-1.8542527603975065,1.749710277191813,1.3492629918157242,0.0
-0.4382090734195174,-1.1066064206180821,-1.250834785276272,-0.14091767795199928,0.7168075308417906,-0.8105148115821085,0.19272097833313145,1.3447400077490645,1.5376701914919848,-0.47486280187070046,-1.7396511290931385,-0.3878695188052116,-0.5511279868351795,2.6031311857399775,-0.876689271554686,0.7862730472325581,0.6404067863003906,0.3230786067050797,-0.9619200878744449,0.4283330746057132,0.051968395729062096,0.0
-0.43474497007232754,0.6466019260119636,-0.13724188824880906,-0.44961317369757764,0.16370612228026452,-0.26922574885253775,-0.3474880925616454,-0.3271668906731926,-1.1130642057187305,-0.3123985152109218,0.9408356182948449,-0.03861731509586219,0.5787270499739019,1.0249417843528235,0.1884789010954785,-0.6228674031000786,-0.5650528548229564,0.1557696803779874,0.4158183055324971,-1.0872401385840946,-0.6222161975128253,0.0
-0.4312808667251377,0.7720067306096245,1.2519371297601978,0.0007190789195015795,-0.3953426132550418,-0.10112355545826125,-1.7397795123935444,0.9162260547920995,0.14046737236601145,0.841097920073507,-0.6887784838103495,-0.37879803299457915,-1.4279425726922275,-0.5686195917231663,-0.7202659734731935,0.4310603575365195,-1.0901476867876931,0.17097958277135944,1.0291153540744058,0.11170914427358072,-0.1319001297005434,0.0
-0.42781676337794783,-0.993496204706466,-0.4184522157809966,-0.006544344509806156,-0.7581295586556127,-0.26586370498465217,0.1481676528985107,-1.226343709992726,0.9127002929626289,0.7436193480776401,0.6210048132087785,0.7460662075238448,0.08441547136992883,1.3631252275072134,-0.33665645674953293,-0.10761383123329754,0.6601684197614291,-0.40192674071232026,-1.022959130620322,0.12437410148686592,0.4401352827471185,0.0
-0.424352660030758,-0.7648168551460255,-0.9246308053389344,0.09877529521515581,-1.2279683895842213,-0.07422720451517696,-0.15256729378517953,0.4877121018351344,1.0527797529778296,0.4268139890910713,1.5195770751172504,0.26981320246564117,-0.3039721975331933,-0.0357244691768547,-0.04615604602676042,0.5911012397072624,0.07861177790801109,1.818719008719996,-0.48814085132311247,0.11170914427358072,0.1592250355629988,0.0
-0.4208885566835681,-0.7672757728832345,-0.8683887398324968,0.5817929532641198,0.0804435446473465,-0.0002622394216951473,0.11475265882254508,-0.15857123705078013,0.12250846723585752,-0.5845261953660511,-1.4426653815132198,0.17909834435931657,-0.162740317932058,-0.010104511362128149,-0.02380986058654715,-0.39646810637073543,0.45125972317330804,-0.7416145608309622,-0.5724328627340858,-0.8043894274873895,-0.5456043119171562,0.0
-0.41742445333637823,-0.14516958536934732,-0.3453375306226278,0.21499007008407958,-0.5499731145733181,0.5813713497225024,-0.6370847078866804,-1.163120339884321,0.488870131890997,-1.173459234507749,-0.8943840013656777,0.44670717577297386,0.043222839819597694,-1.3833342502314698,-0.5005284833110965,-0.18958599039392193,-0.7344382844890006,0.14055977798461536,-0.020174856938054226,-0.2893478341471206,-0.029750948906317975,0.0
-0.4139603499891884,1.3203453860072403,0.47017241922071645,0.5745295298348121,1.7754317321746047,0.6822326657590682,0.20942847537111423,1.5765590314798816,-0.9801683077555919,0.19936398776738115,0.2097937780981221,0.7959593794823231,-1.8751768580958224,-0.5532476170343303,0.914729927902409,-1.0717625604082595,-1.3301103788145892,-0.427276578034607,1.0843411546540087,-1.737374608866073,-1.8735436622420856,0.0
-0.4104962466419985,0.6269305841142913,-1.9707332237586723,1.3771378187733163,0.8417013972911677,1.586622466220277,-0.3085039328063522,-0.15857123705078013,-0.08222305124789708,-1.7095913804850187,-0.7801587138349398,1.2676766416352105,-0.6629365581860783,1.7935405187946192,1.0041146696632621,-0.4784402655313598,-0.754199917950039,-1.208051567561038,-0.11318673159843858,-0.34000766300026186,-0.33619849128899404,0.0
-0.4070321432948087,1.7334435658583591,0.7795037795061228,0.4292610612486576,1.1806990347966189,0.25189105066971973,1.0893566527048746,0.17862007019404494,-1.0232696800679613,0.13031666593697536,-0.3232575637119882,0.7007087784706825,1.726236071733125,-0.9939108914476267,0.5683640535791038,-1.095183177311295,-1.4006876411754405,-0.28531748902980153,1.3284973256375174,-0.846605951531674,-1.8480063670435292,0.0
-0.4035680399476188,1.2760848667374778,2.0112050140971047,0.28762430437715686,0.44323049004791715,0.9713684383972243,-0.8654205007391119,1.4782115668668079,0.014755036454934046,-0.40987708720678895,1.7175675735038625,0.6780300639441013,-1.186671445040288,-1.5319300055568839,0.8365182788616629,0.6652665265668745,-2.0387060929175402,-0.7061247885797608,1.523240938207697,0.9096014487105546,0.5116397093030763,0.0
-0.4001039366004289,2.4563653805978167,0.7345101271009727,-0.6893061468647327,1.3472241900624549,1.1865392459418984,-0.5479780570174388,1.9277999765265745,-1.123839548796823,0.3212122027622153,0.9636806758009924,-0.1474751448234517,-0.8630150542876868,0.8199821218350113,1.1456405107846126,-0.03735198052419091,-1.3131718358479847,-1.2435413398122392,1.6482256447825887,-0.0022754706459870923,-0.31066119609043796,0.0
-0.3966398332532391,-2.377866890755156,-1.8919943320496597,0.363890250384888,-1.7870171251195275,-1.1668914615779753,2.927181326882981,-2.1114708915103915,2.7804264264986345,0.5121077395874553,-1.0086092888964158,0.5283505480686659,0.6669969747246114,1.3323812781295417,-0.4521117481906344,0.8370177171891351,1.1344476228263527,0.1659096153069021,-2.4966160197707854,1.010921106416837,1.1500720892669847,0.0
-0.3931757299060492,-0.27303330770421746,0.3239430489039788,-0.26802758796488446,-0.4904998448355195,-1.2543046021429993,1.2842774514813404,-0.01807485903210314,0.6253578108801665,0.9832541709008135,0.042263356386373234,-0.14293940191813548,0.18445471942073302,-0.18432022450226854,-1.245401331318205,0.48570846364360243,-0.23475126697417045,0.11013997319787128,0.20944820862976932,0.11593079667800917,-0.274908982812459,0.0
-0.3897116265588594,2.0457261184839077,2.421772092294099,0.6471637641278895,-0.09797626456604921,1.5126575011267953,-0.9433888202496983,0.354240542717391,-1.6302806734671629,0.3577666672606655,1.801332784359737,1.0408894963693993,-0.22747159608257836,-1.9316013474666178,0.8849350139821249,-1.1303141026658488,-1.4769110845251605,-0.4323465454990643,1.7267044140272876,-0.15847660960983906,-0.40259545880524056,0.0
-0.3862475232116695,0.20399673331433632,0.3689367013091288,0.5418441244029274,0.020970274909547934,-0.3431907139460196,1.690826546072255,-0.889152402747901,-1.0484121472501768,-1.1409663771757932,-0.5593231579421799,0.05209754301046215,0.831767500925936,0.379318847421715,0.4231138482177178,-2.176434991001435,0.9594160121714403,-0.44755644789243637,-0.0027351304392321594,-1.0492452669442387,-0.7090430011879166,0.0
-0.38278341986447967,-0.5017126572646582,1.4375359459314418,-0.3333983988286541,-1.840543067883546,-0.8273250309215365,-0.1414289624265243,-0.5238618198993407,0.7690290519213978,1.3691068517177878,1.2606664233809108,-0.12479643029687054,-0.32162618248333524,-1.3884582417944151,-1.0517343908363566,2.6091777295188225,-0.3871981536736101,2.2141764709476686,0.32571305195524974,2.4842777955623605,1.8651163548265624,0.0
-0.3793193165172898,0.5826700648445285,-0.4072038026797091,-2.2582056075952024,-0.16339686127762765,-1.2812009530860837,-1.0659104651949054,2.1806934569601935,-0.36238197127829774,1.360983637384799,0.6057747748713468,-2.193095195121069,-1.7045216702444503,1.588580856276807,-1.4912093711605505,1.4654709374205883,-0.5198834069120114,1.3776318393122071,1.8691288471010008,1.167122245380689,0.7567977432092171,0.0
-0.3758552131700999,1.7949165092885853,1.5331474572923858,-0.8599965974534645,1.1747517078228389,-0.3465527578139051,-0.8431438380218015,1.0496976139098428,-1.7128916370658709,0.49992291808797185,0.9484506374635607,-1.3222325573003542,-0.445204077134328,-0.8248191698704315,0.01715814605384384,-1.3957477609002515,-0.048427294341522015,-0.6097954067550715,1.5552137701222044,-0.6144150692881098,-0.8265145591012759,0.0
-0.37239110982291007,0.04416708039574872,-0.18785974720460255,0.7306931335649283,0.11612750649002565,0.5376647794399904,0.6716692267553047,-0.3412165284750603,-0.18279291997675862,0.02065327244162462,-0.4907879854237371,0.1518838869274192,-0.5393586635350849,0.7841141808943941,0.4864280402983219,0.9346036209517832,-0.6525686601504126,-0.8430139101201092,0.07865025988860415,0.5592042991429946,0.583144135859034,0.0
-0.3689270064757202,0.12531136572364712,-0.5928026188509528,-1.3684362375050056,2.3880064104739294,0.023272067653503613,0.8276058657764774,0.6211836609528777,-1.6661984837274706,-0.38550744420782207,-0.9476891355466888,-0.7461932083251934,0.755266899475321,0.7738661977685035,-0.27706662890896416,-1.196672517224449,0.45972899465661027,-0.3765769033900335,0.02051783822586393,-1.070353528966381,-1.4904842342637408,0.0
-0.36546290312853036,-0.1672998450042287,0.15521685238466634,-0.28981785825280765,-0.1158182454873888,-0.15155421347654432,0.281827629202373,0.6282084798538116,0.2733632703291502,0.6339559545822894,0.5905447365339151,-0.02047434347459727,-1.4044039260920382,-0.19969219919110445,-0.005188039386369425,0.17343357160312853,0.08143486840244517,0.1659096153069021,-0.639285147646237,-0.2302447004851225,-0.23404931049476885,0.0
-0.3619987997813405,0.20891456878875442,1.1507014118486103,-1.0415821831861576,0.8417013972911677,-0.9248243030902167,0.7329300492279083,1.4922612046686756,-0.21511894921103564,1.791513997033213,0.7123850432333689,-1.644270303577806,-1.1160555052397203,-1.6241618536898994,-1.033112569636179,0.6574596542658626,0.40891336575679704,0.9162648000465888,0.4768573482783743,-0.3906674918534029,-0.5098520986391772,0.0
-0.3585346964341506,-1.731171525869178,-0.975248664294728,-0.4859302908441163,0.2648106808345221,-1.8661965860981664,1.3622457709919267,-0.3060924339703912,2.417656542869526,0.767988991076607,-0.4222528129052944,-0.6464068644082365,-0.12154768638172686,1.2606453962483075,-0.7351634304333358,1.4498571928185646,0.6601684197614291,0.5765769799279469,-1.0810915522830622,1.1629005929762606,0.6086814310575903,0.0
-0.35507059308696076,0.21137348652596344,-0.5984268254015965,-0.35882038083123113,0.6692289150515518,-0.39698341583218816,-0.5145630629414732,0.49473692073606823,0.41703451137038133,-0.46673958753771155,-0.49840300459245296,-0.20190405968724645,-0.2922028742330987,1.1018016577970031,0.08419670237448365,0.06023392323845718,0.2875204744961321,-0.3917868057834055,0.08737012313801518,0.4621062938411407,-0.03996586698574052,0.0
-0.3516064897397709,0.6490608437491727,1.3869180869756481,0.3166779980943878,1.8527469828337422,1.0419713596228204,0.19272097833313145,1.4641619290649401,-1.7128916370658709,-0.6779431601954239,-0.15572714200023924,0.628136891985623,-0.8630150542876868,-0.6813474061079631,1.0674288617438663,-1.2044793895254609,0.11531195433565393,-0.9089234871580547,0.4216315476987711,-1.509405379026938,-0.678398246949649,0.0
-0.34814238639258105,0.27530534769339854,0.8076248122593417,1.5550916927913556,-1.0317065994494858,-0.2187950908342547,-0.7874521812285254,0.06622296777910318,1.3042044247999838,1.3894148875502603,0.7200000624020848,1.3447842710255866,-0.10977836308163226,-1.3730862671055792,-0.1616113374678623,0.13439921009806974,-0.5198834069120114,0.6678363942881791,0.6657877186822797,0.8631632722618419,0.4248129056279847,0.0
-0.34467828304539117,-0.8361254695250876,0.4139303537142789,-0.03922974994169097,-0.6689196540489148,-1.8157659280798837,-1.5838428733723715,-0.165596055951714,0.5678893144636742,1.4056613162162381,-0.8182338096785192,-0.6055851782603904,-0.18039430288219993,0.3332029233552073,-1.9306843514847443,0.9892517270588661,0.118135044830088,0.9365446699044182,0.6774142030148277,0.8082817910042722,0.7210455299312382,0.0
-0.34121417969820134,0.7916780725072968,0.5432871043790853,-1.3684362375050056,2.2869018519196715,-0.4575002054541278,-1.4111987373132164,0.7616800389715546,-0.8975573441568839,0.6745720262472341,1.6718774584915672,-1.2315176991940295,0.6022656965740911,0.4408067461770587,-0.23237425802853764,-0.728260179163739,-0.1105352852190715,0.28251886698942097,1.473828379794368,-1.1378999674372354,-1.0767800520471282,0.0
-0.33775007635101145,-0.5582677652204661,-1.728892342080991,0.9885446653053526,-0.9246547139214487,1.0251611402833927,-0.2639506073717315,0.0451485110763016,-0.010387430727281434,-1.1003503055108483,0.6666949282210738,1.3402485281202703,0.2433013359212061,0.8353540965238472,1.4286921930273138,-0.4276955955747828,-0.912292985638347,-1.0407426412339456,-0.7991493072187725,-0.5595335880305404,0.13368774036444245,0.0
-0.33428597300382157,0.4892311908305849,0.9482299760254356,0.007982502348809315,1.3591188440100146,0.046806374728702374,-0.02447648316064484,0.7687048578724884,-0.24026141639325113,0.32933541709520425,-0.6583184071354861,0.20631280179121395,-0.1568556562820107,-0.1791962329393232,0.09164543085455432,-1.2825481125355793,-1.047801329371182,-0.5083960574659245,0.9477299637465694,-2.1088800204557754,-1.8990809574406418,0.0
-0.33082186965663174,0.09826327061434764,0.8526184646644916,1.6930967379482025,0.8714380321600669,0.5880954374582734,-0.7596063528318876,0.10134706228377248,-0.6353573292566368,-0.7551136963588188,0.27832895061656493,0.954710381168391,-0.7041291897364095,-1.6600297946305165,0.20337635805562065,-1.2200931341274845,-0.4182521491123849,-0.46783631775026574,0.6396281289340466,-1.2983227588055162,-0.9644159531734802,0.0
-0.32735776630944186,-0.8926805774808955,-0.4240764223316404,-0.8382063271655413,0.13396948741136522,-0.8743936450719341,-0.380903086637611,0.17862007019404494,1.0096783806654601,1.8605613188636185,0.6057747748713468,-1.5036622735130032,-0.8924383625379233,1.6603167381580413,-1.5507991990011187,1.8245870632671328,0.06449632543584073,1.727459594359764,0.017611217142726916,1.0446943256522645,0.05707585476877337,0.0
-0.323893662962252,-0.16975876274143775,-1.2902042311307782,1.141076557320815,0.7762808005795891,0.7326633237773512,0.2706892978437178,0.34019090491552334,-1.0484121472501768,-0.3123985152109218,0.6362348515462103,0.2879561740869058,-0.33928016743347716,0.9583298940345345,0.8067233649413785,-1.142024411117366,-0.14158928065784626,-0.5641656995749553,-0.8282155180501425,-1.0450236145398102,-1.5977408740976773,0.0
-0.32042955961506214,1.915403478411828,0.47017241922071645,-0.23171047081834575,0.7524914926844698,-0.12129581866557448,-0.47557890318618007,1.0215983383061074,-0.6138066431004522,-0.2149199432150545,0.27071393144784905,-0.5556920063019121,-0.7570911445868352,0.21535111740746532,0.14378653021505194,-0.24423409650100486,-0.9885164289880669,-0.08758875791596499,1.5028945906257383,-0.20069313365412342,-0.6528609517510926,0.0
-0.31696545626787226,0.6367662550631275,-0.8965097725857156,0.8033273678580055,0.5978609913661934,0.6486122270802132,-0.16927479082316232,0.5439106530426052,1.138982497602568,0.7354961337446512,-0.38417771706171505,0.5238148051633497,-1.1101708435896736,0.4766746871176758,0.2480687289360472,0.6301356012123216,-0.6412762981726763,-1.091442315878519,0.09027674422115219,0.5507609943341377,-0.1574374248990998,0.0
-0.31350135292068243,-2.0705021736040257,-2.20694989888571,2.0126873688377422,-0.787866193524512,-0.8071527677142233,1.7409490371862033,-1.5846094739403525,3.0282593172947583,0.04502291544059145,-0.4679429279175895,1.5534284446701327,0.2903786291215845,1.373373210633104,-0.08712405266715141,0.8331142810386292,1.0864550844209735,-0.08758875791596499,-2.522775609519018,0.766065266959988,0.6904007756929706,0.0
-0.31003724957349255,-1.47052624572502,-0.29471967166683394,-0.7183598405819637,0.4253885091265776,-1.8157659280798837,1.479198250257806,0.5930843853491423,1.174900307862876,0.0653309512730638,-1.4807404773567991,-0.9639088677803724,-1.227864076590619,1.1427935903005655,-0.8841380000347572,-0.8453632636789167,2.0096056761009136,0.5360172402122881,-1.1392239739458023,-0.6270800265013952,0.200084707880689,0.0
-0.3065731462263027,0.39825123455385053,-0.8796371529337843,0.004350790634155447,-0.1990808231203068,0.8167144204744896,-0.8876971634564222,-0.502787363196539,-0.8544559718445146,-0.27178244354597714,0.21740879726683798,-0.1021177157702894,0.6964202829748479,1.6039528309656428,0.45290876213800196,-0.6228674031000786,0.7956767634942643,-0.46783631775026574,-0.5113938199882085,-0.9521472616423846,0.6444336443355693,0.0
-0.30310904287911283,-0.07140205325307612,-0.1709871275526713,0.3312048449530032,0.365915239388779,0.8536969030212305,0.18715181265380385,0.19969452689684652,-1.0843299575104843,-0.07276369238774823,1.923173091059191,0.49660034773145223,0.8611908091761725,-0.9068030348775564,1.2126790671052525,-0.7438739237657627,0.6375836958059565,-0.635145244077358,-0.5549931362352637,-0.3484509678091185,-0.21361947433592376,0.0
-0.299644939531923,0.13514703667248315,0.4870450388726478,-0.5404059665639244,0.04475958280466736,0.3023217086880028,-2.3412494057609248,1.035647976107975,-0.7538861031156526,0.0815773799390417,-0.08719196948179651,-1.0092662968335342,-1.7574836250948762,0.1487392270891763,-0.41114374155024336,1.0282860885639253,0.20000466916867599,0.9821743770845344,0.5291765277748405,1.099575806909834,1.0121706951947806,0.0
-0.2961808361847331,-0.42548620741117793,-0.007885137584002623,-1.1251115526231965,1.1450150729539397,-0.45413816158624226,0.749637546265891,0.5930843853491423,-0.17560935792469703,0.36995148876014894,0.7656901774143801,-0.9276229245378427,-0.22158693443253105,0.3690708642958244,0.1475108944550875,-0.5682192969929961,0.42302881822896743,-0.36136700099666147,-0.4183819453278244,-0.32734270578697655,-0.9388786579749239,0.0
-0.29271673283754324,1.4605036970281557,0.2789493964988287,0.34209998009696474,1.1747517078228389,0.09387498887909988,-1.1605862817434747,0.2769675348071186,-0.524012117449683,0.17499434476841433,0.011803279711509764,0.14281240111678672,0.31980193737182105,0.19485515115568408,0.12516470901487423,-0.38085436176871174,-1.3555181932644955,0.013810591373181823,1.4069760948822172,-0.8128327322962464,-1.0563502158882832,0.0
-0.2892526294903534,0.8211850853538053,1.2406887166589105,0.5999515118373892,0.2350740459656228,0.641888139344442,0.0757684990672519,1.0988713462163797,-0.11814086150820492,-1.4415253074963839,-0.17095718033767096,0.6871015497547338,-1.8751768580958224,-1.168126604587767,0.41194075549761117,-0.4628265209293361,-1.3047025643646826,-1.1725617953098364,1.1860728925638042,-0.8508276039361024,-0.2902313599315929,0.0
-0.2857885261431635,-1.4680673279878107,0.26207677684689745,0.03340448435138639,-2.1676460514414377,-0.8844797766755903,0.8164675344178222,-0.6784078357198854,1.534078410465954,0.20748720210037008,-2.029021857504341,0.3786710321932304,0.1373774262203546,-0.5276276592196039,-1.0554587550763923,0.40373630448297804,0.8888387498105886,0.8097954832929847,-1.0723716890336512,0.37345159334814354,0.5576068406604777,0.0
-0.2823244227959737,0.40071015229105955,0.09897478687822878,-0.15544452481061474,1.0558051683472418,0.2552530945376053,-0.5925313824520597,0.5368858341416715,-1.3824477826710393,-0.39363065854081103,-0.6354733496293384,0.3559923176666493,-0.23335625773262567,0.36394687273287907,0.07302360965437701,-0.9117216782375169,-0.042781113352653874,-0.6757049837930167,0.747173109010116,-1.0365803097309534,-0.5915714432745576,0.0
-0.2788603194487838,-0.8361254695250876,-0.7109109564144718,0.1786729529375409,0.5621770295235143,-1.1399951106348911,0.5547167474894252,-0.3060924339703912,0.5642975334376434,-1.0475494123464206,-2.3488526625904074,0.3605280605719655,-0.22158693443253105,0.21022712584452002,-0.44466301971056327,-1.6494711106831361,0.6573453292669951,-1.0001829015182866,-0.4648878826580164,-0.9521472616423846,-1.459839480025473,0.0
-0.2753962161015939,-0.5312196701111666,-1.4364336014475159,-0.903577138029311,-0.28234340075322445,0.712491060570038,0.5602859131687529,-0.7275815680264224,-0.6892340446470986,-0.23928958621402133,0.23263883560426973,-0.6736213218401338,0.22564735097106417,1.537340940647354,-0.07222659570700923,-0.6814189453576679,1.0469318174988964,-0.5337458947882112,-0.982266435456404,-0.4962088019641138,0.11325790420559737,0.0
-0.2719321127544041,-0.6984260762413813,0.4420513864674977,0.3493634035262725,0.28859998872964154,-0.0876753799867191,1.150617475177478,-0.34824134737599416,-0.20075182510691253,-1.051611019512915,-0.7344685988226447,0.5238148051633497,0.09618479467002344,-0.6659754314191272,0.44546003365793085,0.10707515704452826,0.23105866460745075,-1.121862120665263,-0.5375534097364417,0.17503393034000717,0.337986101952893,0.0
-0.2684680094072142,0.427758247400359,0.24520415719496616,1.1556034041794305,-0.07418695667092978,-0.06750311677940589,0.861020859852443,0.20671934579778037,1.0455961909257678,-0.6779431601954239,-0.277567448699693,1.113461382854459,0.03733817816955039,-1.2244905117801654,0.6800949807801699,0.4349637936870254,-1.3047025643646826,-0.19405807466956929,0.2385144194611394,-0.5426469784128266,0.29201897059549187,0.0
-0.2650039060600244,-0.3271294979228163,-0.5309363467938715,-1.274011732924005,-0.6153937112848965,-0.22888122243791129,-0.8375746723424738,-0.17262087485264788,0.05426462774127266,0.4186907747580824,0.23263883560426973,-1.2179104704780808,-0.46285806208446995,-0.6506034567302913,-0.7537852516335135,1.1922304068851737,0.1971815786742419,1.1900430431272855,-0.18003901651058982,1.9903444642442338,1.4309823364511045,0.0
-0.2615398027128345,0.5728343938956924,0.14396843928337885,0.6689540344158127,0.6513869341302122,0.7461114992488933,0.8164675344178222,-0.9804750484600412,-0.5311956795017445,-0.7551136963588188,0.1488736247483952,0.3469208318560168,0.47280314027305037,-1.2449864780319466,0.8551401000618406,-0.5369918077889487,0.25646647905735737,-0.8227340402622798,-0.5520865151521267,0.3016835024728602,-0.3208761141698602,0.0
-0.2580756993656447,-0.4894180685786129,-1.503924080055241,0.21862178179873334,-1.114969177082404,0.03672024312504576,0.4990250906961492,0.3120916293117879,0.3344235477716735,-0.3123985152109218,-0.01865679696335371,0.2153842876018464,-0.34516482908352447,1.7218046369133848,0.0469530599741282,0.48961189979410835,0.281874293507264,-0.5844455694327847,-1.3485006919316669,-0.13736834758769698,0.5678217587399002,0.0
-0.2546115960184548,-0.1550052563181835,0.3689367013091288,0.1895680880815025,0.24696869991318252,0.719215148305809,1.4012299307472198,0.19266970799591265,-1.044820366224146,-0.141811014218154,0.30117400812271256,0.9229601808311775,0.6905356213248006,-0.5788675748490569,1.1232943253443997,-1.9266150773690562,0.0390885109859341,-0.42220661057014963,-0.4445415350760575,-1.1547865770549492,-2.031874892473135,0.0
-0.2511474926712649,0.8310207563026415,-0.1034966489449465,1.4425086296370857,0.20533741109672352,0.6250779200050144,-0.07459897427459318,-1.1490707020824535,-1.2351847606037771,-0.40987708720678895,0.49916450650932487,1.1497473260969886,2.4147414847886592,-0.276552072635284,0.5795371462992105,-1.7158295252417364,-1.1353171346986384,-0.2295478469207707,0.7994922885065822,-1.4207506785339408,-2.088056941909959,0.0
-0.24768338932407508,-0.26319763675538127,-0.9358792184402217,2.183377819426474,-0.662972327075135,0.857058946889116,1.6239965579203237,-1.8866766866805083,0.05785640876730344,-0.7672985178583022,1.1616711741876045,1.6940364747349357,1.3319637411799563,0.8404780880867925,1.223852159825359,-1.040535071204213,0.21129703114641227,-0.7010548211153035,-1.043305478202281,-0.31467774857369124,-0.5864639842348464,0.0
-0.2442192859768852,1.3375578101677037,0.9763510087786543,1.3081352961948929,1.0736471492685815,1.2369699039601814,0.036784339311958736,0.5930843853491423,-2.086436863773072,-1.4537101289958672,0.33924910396629165,1.6305360740605088,0.2491859975712534,-0.6967193807967991,1.4510383784675271,-3.039094380263243,-1.321641107331287,-1.106652218271891,1.4040694737990798,-3.371154089379877,-3.0227219461771213,0.0
-0.24075518262969534,0.6048003244794099,0.5770323436829475,-0.08644200223219124,-0.48455251786173964,0.17456404170835277,0.38764177710959735,0.7054814877640837,0.5894400006198589,-0.6941895888614017,-0.3308725828807041,0.3786710321932304,-0.6629365581860783,-0.2304361485687763,0.6205051529396015,0.3959294321819662,0.20282775966311004,-0.3208072612810027,0.09899660747056321,0.7534003097467027,1.022385613274203,0.0
-0.23729107928250548,1.7531149077560313,1.9493387420400232,0.46557817839519616,1.1985410157179583,0.9646443506614533,-0.7651755185112152,2.152594181356458,-0.27977100767958973,-0.5032940520361617,-1.0314543464025634,0.673494321038785,-1.6221364071437885,-1.9367253390295633,1.0413583120636176,0.06804079553946903,-1.3498720122756276,-1.0103228364472014,1.3139642202218327,-0.20069313365412342,-0.5456043119171562,0.0
-0.23382697593531562,2.581770185195478,2.0224534271983923,0.7270614218502744,1.2877509203246562,1.3479173516004042,-1.4947362225031304,1.710030590597625,-1.0484121472501768,0.5039845252544662,2.3724592220134264,0.6462798636068877,-1.9046001663460588,-1.834245507770657,1.842096623671259,-1.149831283418378,-1.8382666678127213,-0.6300752766129006,2.4707994113103617,-1.023915352517668,-1.459839480025473,0.0
-0.23036287258812577,-1.4041354668203758,-1.3295736769852844,-0.7038329937233482,-0.6332356922062358,-1.1668914615779753,0.9668350077596675,-0.9383261350544381,1.6418318412468773,-0.47486280187070046,-0.7573136563287922,-0.1656181164447166,1.2848864479795779,1.655192746595096,-1.0554587550763923,0.9307001848012773,0.9311851072270996,0.7286760038616672,-1.0839981733661992,1.1713438977851176,1.1041049579095834,0.0
-0.2268987692409359,0.6613554324352179,-0.4353248354329279,1.413454935919855,-0.9841279836592474,1.1394706317915009,-0.5424088913381113,0.3120916293117879,0.45295232163068916,-1.4537101289958672,-0.9857642313902681,1.6940364747349357,0.013799531569361164,-1.2244905117801654,0.914729927902409,0.505225644396132,-1.0619167818433524,-0.7771043330821636,-0.11609335268157558,0.7576219621511311,1.2777585652597665,0.0
-0.22343466589374603,0.2482572525840991,0.6951406812464664,-0.07917857880288351,-0.06823962969714993,0.6654224464196404,0.20942847537111423,0.9583749681977026,-0.36238197127829774,0.008468450942141206,-0.09480698865051239,0.3151706315188032,-0.08623971648144303,0.10262330302266852,0.5050498614984996,0.11097859319503418,-0.00043475593614281116,0.4041980861363973,-0.22363833275764466,-0.7115130745899639,-1.0614576749279945,0.0
-0.21997056254655617,0.06383842229342106,-0.5478089664458028,0.254938898945272,0.7168075308417906,-0.48775860026509765,-0.4198872463929042,-0.41848953638533276,0.5283797231773356,-1.1612744130082655,-0.06434691197564892,0.7460662075238448,-0.39812678393394957,0.09749931145972321,0.1810301726154074,-1.7665741951983138,-0.07665819928586265,-0.001399311020190219,-0.19457212192627454,-2.0919934108380613,-0.9695234122131915,0.0
-0.2165064591993663,-1.5024921763087373,-1.5770387652136098,1.358979260200047,0.03881225583088751,0.5275786478363338,1.3511074396332714,-1.9990737890954502,1.027637285795614,-0.59264940969904,0.0270333180489415,1.317569813593689,0.755266899475321,1.2299014468706355,1.2499227095056078,0.5247428251486617,0.5161908045452916,-1.2486113072766964,-2.048996372967686,0.8082817910042722,0.7670126612886397,0.0
-0.21304235585217646,-1.3402036056529407,0.048356927922434956,-0.18449821852784548,-1.150653138925083,-0.19862282762694145,-0.6370847078866804,-1.2403933477945936,0.40266738726625817,-0.05245565655527587,-0.20141725701253443,-0.1474751448234517,0.08441547136992883,0.49204666180651174,-0.2658935361888575,0.7979833556840759,0.6516991482781269,0.830075353150814,-1.2671153016038308,1.8425866300892386,1.839579059628006,0.0
-0.2095782525049866,0.4990668617794211,0.3351914620052663,-0.5258791197053089,0.3897045472838984,-0.7499980219601692,0.6438233983586666,0.2910171726089863,0.5463386283074895,1.4056613162162381,0.019418298880225632,0.029418828483881002,-0.4157807688840915,-0.08184039324336248,-0.3701757349098528,-0.5799296054445139,-0.06254274681369237,-0.18391813974065457,0.36059250495289386,-1.1758948390770914,-1.4138723486680715,0.0
-0.20611414915779674,-0.1623820095298106,-1.6445292438213346,0.3784170972435034,0.4670197979430366,0.6082677006655867,0.571424244527408,-0.3271668906731926,-0.21511894921103564,-0.5357869093681176,-1.5035855348629468,0.3469208318560168,-0.0509317465811592,1.1940335059300187,0.2145494507757273,-0.48234370168186574,0.3947979132846267,-0.5033260900014672,-0.7526433698885803,-1.1547865770549492,-0.5251744757583111,0.0
-0.20265004581060686,-0.5435142587972118,1.527523250741742,-1.110584705764581,-2.4412230922353113,-0.6726710129988018,-0.8041596782665082,-1.6829569385534264,0.26617970827708864,0.8532827415729904,-0.34610262121813573,-0.4604414052902713,1.9557378760849706,-2.1468089931103203,-1.1262216756370675,1.2351682045407388,0.46255208515104435,1.9302582929380574,0.35477926278661986,1.2811068603002569,1.2777585652597665,0.0
-0.199185942463417,-0.08123772420191229,-0.6377962712561028,-0.14091767795199928,0.48486177886437615,-0.047330853572092664,0.17044431561582105,1.906725519823773,-0.34442306614814383,-0.09713333538671506,-0.8410788671846667,-0.3243691181307844,-1.7633682867449234,1.2862653540630342,0.05440178845419929,0.7862730472325581,-0.6638610221281489,-0.6097954067550715,0.043770806890960016,0.39878150777471416,0.1745474126821326,0.0
-0.19572183911622715,-0.7844881970436978,-2.16195624648056,0.792432232714044,-0.1158182454873888,0.06361659406813006,-0.4310255777515594,-1.563535017237551,0.23026189801678082,-1.1978288775067159,-1.815801320780297,0.32424211732943564,1.2966557712796725,2.4750313966663446,-0.344105185229604,-0.12322757583532123,-0.27427453389624745,-0.9748330641959999,-0.8776280764634716,-0.23868800529397935,0.25626675731751297,0.0
-0.1922577357690373,-0.007470192085641163,-1.773885994486141,0.09514358350050194,0.7168075308417906,1.203349465281326,0.11475265882254508,-1.5213861038319478,-0.03552989790949691,-2.27415477662775,-0.34610262121813573,0.569172234216512,0.36687923057219884,0.9429579193456986,1.0190121266234042,0.11097859319503418,-0.3137978008183244,-0.6655650488641021,-0.7788029596368135,-0.13314669518326855,-0.09104045738285324,0.0
-0.18879363242184743,-1.9819811350645002,0.1889620916885289,-0.9217356966025803,-2.4233811113139714,-2.289814113451744,0.35422678303363175,-1.654857662949691,3.107278499867435,1.791513997033213,0.45347439149702967,-0.5420847775859634,0.44337983202281384,-0.8350671529963222,-2.0237934574856324,2.4491368473480803,0.7561534965721876,2.046867544620576,-0.9473869824587599,2.24364360850994,2.4984412757507592,0.0
-0.18532952907465755,0.29005885411665266,0.38580932096106013,-0.07191515537357578,0.7168075308417906,0.08378885727544327,-0.7094838617179392,-0.49576254429560523,-1.1633491400831615,0.2481032737653148,-0.19380223784381856,-0.21551128840319514,-0.4275500921841861,0.4100627967993869,-0.221201165308431,-0.8726873167324577,0.08425795889687923,-0.32587722874546005,0.5291765277748405,-0.741064641420963,-0.4638849672817758,0.0
-0.1818654257274677,-0.017305863034477332,-0.21598077995782136,-0.5404059665639244,0.22912671899184295,1.1461947195272721,0.38207261143026977,0.3120916293117879,-0.7431107600375603,0.110008630104503,0.7504601390769483,0.0747762575370433,-0.3039721975331933,-1.1732505961507123,1.0003903054232266,-0.5799296054445139,0.9537698311825722,-1.0508825761628602,-0.9415737402924859,-0.8508276039361024,-0.5404968528774449,0.0
-0.17840132238027784,-2.26475667484354,-2.0888415613221913,0.07335331321257874,-1.471808795509195,-0.6558607936593741,2.2922964394396352,-2.18171908051973,0.09377421902761127,0.08563898710553616,-0.7040085221477812,0.23806300212842754,1.1260005834283007,0.7738661977685035,-1.0219394769160723,-1.1029900496123068,2.269330001588848,-0.041959050735849,-2.1827009427919886,0.09060088225143853,0.4350278237074072,0.0
-0.17493721903308798,-0.9713659450715847,-1.2620831983775596,2.052636197698935,-1.7929644520933072,0.7898180695314053,1.3678149366712542,-1.6970065763552942,0.7869879570515518,-1.5146342364932843,-0.4527128895801579,1.7303224179774654,1.0553846436277337,0.7738661977685035,1.0748775902239376,-0.7087429984112089,1.1203321703541824,-1.106652218271891,-1.976330845889261,1.086910849696549,1.226683974862654,0.0
-0.17147311568589813,-0.5287607523739576,0.49829345197393526,0.2658340340892336,-0.5975517303635569,-0.9113761276186746,-0.325211429844335,-0.4465888119890682,1.2575112714615837,1.2310122080569763,0.7352301007395166,-0.3243691181307844,-0.4275500921841861,0.49204666180651174,-0.8133750794740822,0.9072795678982417,0.12095813532452207,1.6818298871796478,-0.03180134127060227,0.43255472701014164,0.9866333999962242,0.0
-0.16800901233870827,0.05646166908179393,0.5432871043790853,-0.9653162371784266,-2.4709597271042103,-1.5299921993096133,-0.5813930510934046,0.10134706228377248,1.8429715787046008,1.9742863195254636,1.8850979952156115,-0.8777297525793641,-0.32751084413338255,-0.8299431614333768,-1.7854341461233585,2.1290550830065946,-0.53964504037305,3.5577178490288643,1.0029557643261726,1.7834834964272406,1.931513322342809,0.0
-0.16454490899151838,-1.7213358549203417,0.08772637377694126,-0.09007371394684512,-1.3944935448500568,-0.13810603800500215,-0.3864722523169386,-1.6899817574543603,0.4206262923964121,1.2350738152234708,0.41539929565345035,0.2607417166550087,1.8321599814339766,-0.39440387858302606,-0.8953110927548638,0.8135971002860996,0.9961161885990832,0.5664370449990322,-1.2613020594375568,1.3359883415578266,1.1449646302272736,0.0
-0.16108080564432853,1.7137722239606867,0.23395574409367864,0.5672661064055043,0.6038083183399733,1.7984312298970657,-1.8790086543767344,0.8951515980892979,-1.4650587462697473,-0.8160378038562357,0.7428451199082324,0.8957457233992802,0.15503141117049649,-0.6147355157896741,0.9854928484630844,-0.25984784110302855,-1.2256560305205286,-0.89878355222914,1.2442053142265446,-0.6566315933323942,0.21029962596011154,0.0
-0.15761670229713867,0.9662612318491388,-0.024757757235933896,0.27672916923319524,-0.9484440218165682,1.089039973773218,-0.4365947434308869,-0.1866705126545156,-0.19356826305485095,-1.7745770951489304,0.5676996790277675,0.5419577767846145,-0.7806297911870245,-0.2150641738799404,1.3244099943063188,0.8175005364366055,-0.8868851711884403,-0.5083960574659245,0.19491510321408426,0.28057524045071797,0.5729292177796115,0.0
-0.15415259894994882,-0.5090894104762852,-0.32284070442005275,-0.035598038227037096,0.03881225583088751,-0.4743104247935555,-0.9099738261737327,0.03109887327443388,0.6684591831925359,0.17093273760191985,-0.5745531962796117,0.015811599767932314,0.11972344127021267,0.16411120177801222,0.2145494507757273,0.3764122514294366,0.15483522125773092,-0.021679180878019608,-0.7700830963874024,-0.08670851873455572,0.3175562657940482,0.0
-0.15068849560275896,-0.4082737832507146,-0.25535022581232764,1.2827133141923157,-0.5678150954946576,0.5813713497225024,0.43219510254421806,-0.7275815680264224,0.9593934463010291,-0.36519940837534975,-0.30802752537455647,1.3765344713628,0.4786878019230977,-0.2663040895093933,0.6279538814196726,0.4779015913425906,-0.4690677780121982,-0.5540257646460407,-0.7235771590572102,0.6520806520404201,0.19497724884097772,0.0
-0.1472243922555691,-0.6099050377018559,-0.31159229131876526,0.46920989010985004,-0.7402875777342732,0.8234385082102607,-0.5981005481313874,-0.4465888119890682,0.41703451137038133,0.008468450942141206,0.2554838931104173,1.0635682108959805,1.343733064480051,0.5279146027471289,0.05440178845419929,-0.14274475658785085,-0.4944755924621048,0.4194079885297692,-0.8311221391332795,0.2468020212152906,-0.04507332602545179,0.0
-0.14376028890837922,0.4474295892980312,-0.5084395205912965,-1.5863389403842372,0.9963318986094439,-0.864307513468277,-1.0770487965535607,-0.39039026078159733,1.0204537237435525,0.30496577409623743,-1.9528716658171823,-0.9911233252122699,0.049107501469644994,0.1538632186521216,-1.6364595765219367,0.27492291151628256,0.35245155586811566,0.37884824881411056,0.6221884024352246,0.09904418706029541,-0.5864639842348464,0.0
-0.14029618556118936,0.46464201345849454,0.22270733099239112,-0.547669389993232,-0.08013428364470965,-1.1803396370495176,-0.03561481451930004,1.126970621820115,0.34879067187579665,0.7882970269090789,-0.6811634646416336,-0.9775160964963212,-1.0454395654391533,-0.06646841855452655,-0.8431699933943662,0.23198511386071738,0.4456135421844399,0.8655651254020155,0.18910186104781024,0.3523433313260014,-0.04507332602545179,0.0
-0.1368320822139995,-1.6254380631691894,-1.363318916289147,-0.48229857912946245,-0.3656059783861425,-0.78698050450691,1.0058191675149604,-1.3246911746057999,0.862415358598198,0.3455818457611821,-1.4807404773567991,-0.5602277492072283,0.0020302082692665526,1.5834568647138616,-0.8543430861144727,0.23198511386071738,1.4224028532586277,-0.5083960574659245,-1.2583954383544198,1.05735928286555,0.7210455299312382,0.0
-0.13336797886680965,0.45972417798407644,1.156325618399254,-1.3902265077929288,-0.9900753106330272,-0.6155162672447477,-3.34926839371922,0.5790347475472746,-0.13250798561232804,1.6168648888739505,1.313971557561922,-1.2587321566259269,-0.4334347538342334,-0.25605610638350285,-1.6439083050020078,1.180520098433656,-0.5198834069120114,2.868202273862666,1.7703037302743432,1.1122407641231193,0.542284463541344,0.0
-0.1299038755196198,-0.8754681533204323,-1.0483633494530968,1.7693626839559335,-0.3239746895696835,0.541026823307876,0.4656100966201837,-0.9032020405497687,1.1461660596546297,-0.43424673020575577,0.27071393144784905,1.3311770423096378,1.1260005834283007,0.6098984677542537,-0.01636113210647606,-0.2325237880494871,0.4936060805898191,-0.1433584000249958,-1.377566902763037,0.5887558659739937,-0.01953603082689543,0.0
-0.12643977217242994,0.4695598489329126,0.6051533764361664,0.04429961949534799,0.13396948741136522,-0.45077611771835674,-0.11915229970921398,0.09432224338283862,-0.3875244384605132,-0.4545547660382281,-0.9933792505589839,-0.03408157219054596,0.09030013301997614,-1.2911024020984543,0.5087742257385351,-1.94222882197108,0.22823557411301668,-1.1877716977032085,0.3431527784540718,-1.0323586573265249,-0.9490935760543464,0.0
-0.12297566882524007,2.087527720016461,1.7637399258687798,1.5877770982232402,0.9309113018978655,1.6706735629174152,-2.1853127667397523,0.20671934579778037,-0.08940661329995865,-1.478079771994834,1.253051404212195,1.0046035531268696,-0.18039430288219993,-1.5729219380604462,1.909135179991899,1.8011664463640973,-3.526474783484294,-0.9849729991249146,2.1249115024170577,1.167122245380689,1.2573287291009214,0.0
-0.11951156547805021,-1.8688709191528843,-2.1000899744234784,0.8251176381459288,0.17560077622782422,-0.8676695573361629,1.0615108243082365,0.21374416469871424,2.277577082854325,-0.35301458687586657,-1.762496186599286,0.6598870923228364,-0.8983230241879706,1.588580856276807,-0.7761314370737268,0.23979198616172923,0.3552746463625498,-0.6402152115418153,-1.6507892845779157,-0.023383732668129164,0.11325790420559737,0.0
-0.11604746213086034,-0.42794512514838695,-1.2845800245801344,-1.0161602011835804,0.6930182229466711,-0.45413816158624226,-1.1661554474228022,1.169119535225718,-0.1648340148466047,0.8898372060714407,0.17933370142325863,-1.1725530414249186,-0.009739115030828058,0.9532059024715892,-0.5936375893119851,0.6847837073194041,0.1463659497744287,0.6881162641460085,-0.3544362814988101,-0.846605951531674,-0.13700758874025468,0.0
-0.11258335878367048,-0.24598521259491798,-1.4420578079981596,-0.37697893940450045,-0.09202893759226936,-0.0775892483830625,0.0701993333879243,0.6984566688631498,-0.5168285553976214,0.18311755910140326,-0.1328820844940916,-1.022873525549483,0.9494607339268821,1.4143651431366666,-0.41859247003031447,-0.10371039508279162,0.6404067863003906,-0.5134660249303818,-0.21491846950823362,0.22147210678871998,0.04175347764963955,0.0
-0.10911925543648063,1.4900107098746642,-0.04163037688786517,1.148339980750123,0.8060174354484885,1.240331947828067,-1.3610762461992678,0.0100244165716323,-0.5132367743715907,-0.105256549719704,0.5220095640154725,0.8776027517780153,-0.10389370143158495,-1.0605227817659157,0.9854928484630844,-0.6619017646051378,-1.279294749914776,-0.8785036823713106,0.9273836161646103,-0.13736834758769698,-0.6120012794334028,0.0
-0.10565515208929076,-0.1500874208437654,-1.0033696970479469,0.9377007013001987,-0.3775006323337022,0.13421951529372633,-0.14699812810585192,0.4174639128257958,0.7582537088433055,-0.30427530087793286,-0.17857219950638684,0.469385890299555,-0.12154768638172686,-0.15870026668754197,0.22572254349583393,0.6457493458143448,-0.023019479891615378,0.3281485741695371,-0.43000842966037245,1.0953541545054055,1.042815449433048,0.0
-0.1021910487421009,0.2728464299561895,0.8863637039683543,-0.48229857912946245,1.5375386532234103,0.4737859459501652,-0.5034247315828181,0.6071340231510101,-1.8062779437426713,0.25622648809830373,-1.1609096722707328,-0.5738349779231767,0.8258828392758887,-1.3987062249203057,-0.6010863177920561,-0.5994467861970431,0.047557782469236316,-0.17884817227619723,0.5262699066917035,-1.129456662628379,-1.112532265325107,0.0
-0.09872694539491104,0.4769366021445397,1.1507014118486103,-0.18449821852784548,-1.5372293922207734,0.09051294501121435,-0.6036697138107149,0.22779380250058157,0.07940709492348813,0.475553275089005,0.1412586055796793,0.4376356899623414,0.10206945632007075,-2.023833195599633,-0.16533570170789785,0.559873750503215,-0.7824308228943798,0.42954792345868387,0.5204566645254295,1.0024778016079803,0.6495411033752805,0.0
-0.09526284204772117,0.796595907981715,1.1225803790953914,0.37478538552884955,0.2767053347820818,-0.7533600658280547,-0.8264363409838187,-1.4370882770207416,0.7977633001296441,1.4178461377157214,0.552469640690336,0.21084854469653017,0.9435760722768348,-0.5378756423454945,-0.9139329139550415,0.9267967486507713,-0.9744009765158966,1.1951130105917427,1.2907112515567367,0.4874362082677113,0.5320695454619214,0.0
-0.09179873870053132,-0.7869471147809068,0.6726438550438915,-1.7497659675436612,0.7881754545271489,-0.20870895923059807,0.7607758776245461,1.1550698974238502,-0.5347874605277753,-0.37332262270833866,0.24025385477298558,-1.4900550447970546,-0.5746666334353687,-0.7172153470485803,-0.262169171948822,0.29053665611830626,1.4195797627641935,-0.5337458947882112,-0.6450983898125109,-0.4582139303242579,0.17965487172184388,0.0
-0.08833463535334146,-1.524622435943619,-1.9257395713535221,-1.5463901115230447,-2.3341712067072735,-1.9905922092099315,0.8665900255317706,-1.4441130959216755,1.8321962356265085,1.9174238191945412,-0.7344685988226447,-0.9956590681175856,0.20799336602092225,2.89519870482786,-1.9455818084448866,2.3866818689399856,2.0575982145062928,2.858062338933751,-1.328154344349708,2.8937780787919185,2.585268079425851,0.0
-0.08487053200615159,0.8334796740398506,-0.19348395375524632,-0.8091526334483103,0.449177817021697,0.9915407016045373,-2.0182377963599243,-0.12344714254611085,-0.7107847308032833,0.20748720210037008,0.7047700240646532,0.006740113957299854,0.9729993805270714,2.4237914810368917,0.5683640535791038,0.5950046758577683,-0.7739615514110776,-0.11293859523825173,0.6483479921834576,0.6140857804005643,0.6852933166532594,0.0
-0.08140642865896174,0.5162792859398844,0.6613954419426039,-1.6553414629626608,-0.25855409285810504,-0.5751717408301216,-1.7509178437521995,1.323665551046263,-1.120247767770792,1.0238702425657582,0.3544791423037234,-1.6351988177671735,-0.38047279898380765,0.07700334520794197,-0.869240543074615,-0.03735198052419091,0.490782990095385,0.8047255158285274,1.1424735763167488,0.2594669784285758,0.15411757652328753,0.0
-0.07794232531177188,2.3703032597955005,1.4937780114378794,0.4292610612486576,1.507802018354511,1.0352472718870493,-0.3196422641650074,2.0823459923471193,-1.2028587313695,-0.4829860162036894,0.004188260542793897,0.3922782609091791,-1.0160162571889166,-1.7112697102599697,1.1083968683842573,-0.7868117214213274,-2.162922074672639,-0.9799030316604572,2.069685701837455,-1.441858940556083,-0.9644159531734802,0.0
-0.07447822196458201,0.2630107590073533,0.3689367013091288,0.7851688092847362,-0.6927089619440343,0.894041429435857,0.6661000610759771,-1.1560955209833872,0.9091085119365981,-1.5105726293267898,0.6133897940400627,1.5670356733860815,0.12560810292025998,-0.9477949673811189,1.1307430538244707,0.06023392323845718,-1.1804865826095834,0.04930036362438325,-0.2846773755035219,0.25524532602414735,0.5524993816207665,0.0
-0.07101411861739215,-0.34188300434607055,-1.155223273915328,2.165219260853205,-1.3647569099811578,0.39645893698879786,0.15373681857783825,0.11539670008564021,1.0922893442641681,-1.1450279843422877,1.374891710911649,1.0862469254225617,-0.945400317388349,0.8456020796497378,1.5031794778280247,1.129775428477079,-0.2093434525242638,-0.2295478469207707,-1.2903682702689268,1.606174095441246,1.8344716005882946,0.0
-0.0675500152702023,-0.7205563358762627,-0.8008982612247717,-0.899945426314657,-0.1990808231203068,-0.25241552951311,-0.6036697138107149,0.4174639128257958,-0.8508641908184837,-0.19055030021608768,-1.267519940632755,-0.18376108806598154,0.40807186212253,-0.19969219919110445,-0.44093865547052774,-1.3332927824921568,0.6658146007502973,-0.19912804213402663,-0.5782461049003598,-0.7368429890165346,-0.8673742314189661,0.0
-0.06408591192301243,-1.7016645130226697,-0.5028153140406527,1.6676747559456253,-0.35965865141236264,-0.1851746521553993,0.9779733391183226,-0.17262087485264788,1.534078410465954,0.09782380860501959,0.20217875892940626,1.5851786450073464,0.7905748693756048,-0.2150641738799404,0.2555174574161183,-0.15445506503936862,0.4540828136677421,-0.13321846509608112,-1.5374310623355727,0.4536629890322838,0.4043830694691396,0.0
-0.06062180857582257,0.45972417798407644,-1.0371149363518093,1.1301814221768534,0.2350740459656228,1.0318852280191637,-0.325211429844335,0.5649851097454068,0.4565441026567199,-0.2311663718810324,-1.1685246914394487,1.258605155824578,0.678766298024706,0.5586585521248008,0.8216208219015206,-0.5526055523909724,-0.33920561526823106,-0.6250053091484432,-0.09865362618275351,-0.2091364384629803,-0.38727308168610675,0.0
-0.057157705228632706,-0.6197407086506921,-0.8121466743260592,-0.7437818225845407,-0.22881745798920608,-0.0775892483830625,0.39878010846825246,0.9583749681977026,-0.31928059896592836,-0.7023128031943907,-0.6735484454729177,-0.5239418059646985,-0.38047279898380765,1.1940335059300187,0.7434091728607742,0.005585817131374249,1.3433563194144735,-0.5793756019683274,-1.4211662190100922,0.18769888755329248,0.19497724884097772,0.0
-0.05369360188144284,0.024495738498076385,-0.564681586097734,0.3312048449530032,-1.192284427741542,1.1529188072630432,-0.17484395650248993,-0.6011348278096129,0.5104208180471816,-1.7948851309814027,-0.6963935029790653,1.1225328686650915,-0.34516482908352447,0.21535111740746532,0.9817684842230489,-0.08809665048076792,-0.03431184186935166,-1.0356726737694881,-1.5316178201692985,0.33545672170828766,0.6495411033752805,0.0
-0.050229498534252986,1.851471617244393,1.6793768276091234,-0.5331425431346166,0.865490705186287,1.0755917983016758,-1.6451036958449752,1.3728392833528,-1.7021162939877785,1.2188273865574928,1.5576521709608298,-0.17468960225534907,-0.8983230241879706,-0.9631669420699549,0.4678062190981441,-0.04515885282520276,-2.0330599119286723,-0.6402152115418153,2.0086466590915775,0.38611655056142885,-0.6988280831084941,0.0
-0.04676539518706312,-0.3935202768274604,-0.09224823584365899,-1.7388708323996998,-0.9068127330001092,-1.2105980318604876,-0.45887140614819727,0.6352332987547454,-1.3752642206189776,2.088011320187309,1.108366040006594,-1.9889867643818393,-0.2922028742330987,0.6662623749466521,-1.3049911591587737,0.14220608239908158,1.6567193642966551,2.4372550393837917,-0.017268235854917213,0.4494413366278554,0.5524993816207665,0.0
-0.04330129183987326,-0.17221768047864677,-2.1000899744234784,1.1664985393233922,-0.7938135204982919,0.26870127000914745,1.000250001835633,-0.48873772539467136,0.7151523365309361,-1.0434878051799261,-0.24710737202482955,0.7551376933344772,-0.009739115030828058,0.5894025015024725,0.8365182788616629,0.15781982700110483,0.3439822843848135,-0.6148653742195286,-1.1101577631144324,0.19192053995772093,0.5371770045016326,0.0
-0.039837188492683404,1.1998584168839976,1.5837653162481795,1.358979260200047,0.365915239388779,1.9833436426307698,-1.1383096190261641,1.169119535225718,-1.6661984837274706,0.23998005943232587,2.0678584552647927,1.1089256399491427,-0.003854453380780753,-2.6079682337753978,1.3169612658262477,0.029006434034409792,-1.6886428716077158,-0.3461570986032894,1.2354854509771331,-0.4708788875375432,-1.1533919376427968,0.0
-0.03637308514549354,-0.491876986315822,-0.19348395375524632,-0.5585645251371937,0.9784899176881043,-0.06414107291152035,-0.19712061921980034,-1.3036167179029983,-1.0627792713542996,-0.37332262270833866,-0.5897832346170434,-0.7824791515677233,0.8435368242260306,1.117173632485839,-0.40741937731020783,-0.5838330415950194,0.530306257017462,-0.3005273914231733,-0.2875839965866589,-0.9816988284733836,-0.6426460336716701,0.0
-0.03290898179830368,-0.614822873176274,-1.5770387652136098,1.032125205881199,1.258014285455757,-0.2927600559277365,0.4767484279788388,-1.317666355704866,0.6576838401144436,-0.7713601250247967,-2.1280171066976474,1.0000678102215534,1.9086605828845922,1.0761816999822764,-0.1206433308274713,-1.196672517224449,0.44843663267887396,-0.7010548211153035,-0.7991493072187725,-2.053998539198206,-1.9910152201554447,0.0
-0.029444878451113817,-0.6762958166065,-0.17661133410331503,0.9231738544415832,-0.19313349614652695,2.208600581779101,1.4179374277852026,-0.25691870166385417,-0.7215600738813757,-0.791668160857269,0.9560656566322765,1.4354991291319108,0.23153201262111148,0.4356827546141134,1.842096623671259,-1.4386855585558163,0.46255208515104435,-0.7314746259020476,-1.5170847147536135,-0.7115130745899639,-0.16254488393881106,0.0
-0.025980775103923957,0.6244716663770823,0.21145891789110394,-0.605776777427694,-1.352862256033598,0.5006822968932495,-0.75403718715256,1.3728392833528,0.17638518262631908,-0.7672985178583022,0.4839344681718932,0.06116902882109461,-0.7570911445868352,-0.04597245230274532,0.7359604443807032,0.5871978035567564,-0.14158928065784626,-0.45769638282135106,0.3489660206203458,0.6098641279961359,1.61485086188071,0.0
-0.022516671756734098,1.1875638281979524,0.2283315375430349,2.3794902520177827,-0.6153937112848965,2.0505845199884805,1.0169574988736156,-0.17964569375358172,0.147650934418073,-2.58283692128133,0.8799154649451179,2.2111111659409852,0.2668399825213953,-1.0144068576994079,2.6018669286385094,0.21246793310818776,-1.527726713424974,-0.8125941053333651,0.0001714906439048516,0.4409980318189985,-0.13700758874025468,0.0
-0.019052568409544234,0.6957802807561442,0.318318842353335,-0.4750351557001547,0.9249639749240857,0.7763698940598631,0.627115901320684,0.6001092042500762,-0.18997648202882017,-1.2546913778376383,-0.2547223911935454,-0.2926189177935708,-0.2804335509330041,-0.38415589545713547,0.8402426431016984,-0.4901505739828776,0.16895067372990127,-0.89878355222914,-0.4532613983254685,-0.014940427859272288,0.3226637248337592,0.0
-0.015588465062354374,-0.3148349092367711,0.1889620916885289,0.7234297101356205,-1.4896507764305347,-1.482923585159216,0.4377642682235457,-2.0060986079963836,0.5283797231773356,0.9588845279018466,0.12602856724224756,0.19724131598058148,1.496734267381281,-1.4550701321127042,-1.1038754901968544,0.35689507067690696,0.09837341136904959,2.310505852772358,0.16003565021644045,0.7069621332979898,0.9100215144005551,0.0
-0.012124361715164513,-1.0377567239762289,-0.2665986389136152,-1.7461342558290074,-0.8889707520787696,-0.7937045922426811,0.8944358539284086,-0.4746880875928037,0.05785640876730344,0.5933398829173446,0.7428451199082324,-1.585305645808695,0.30214795242167913,0.07187935364499666,-0.5340477614714163,0.8838589509952062,1.2981868715035285,0.9517545722977903,-0.8601883499646495,0.8209467482175575,0.9049140553608438,0.0
-0.008660258367974653,0.2974356073282798,0.481420832322004,0.2258852052280411,0.28859998872964154,0.3426662351026293,-0.9768038143256638,-0.25691870166385417,-1.353713534462793,-0.9053931615191141,-0.4831729662550212,-0.44229843366900634,0.2668399825213953,0.54841056899891,0.3635240203771491,-0.4081784148222532,0.5020753520731213,-1.0863723484140615,-0.03761458343687629,0.09060088225143853,0.3430935609926043,0.0
-0.0051961550207847915,-0.2902457318646807,-0.01350934413464638,-0.4423497502682699,-0.6748669810226947,-0.565085609226465,-0.05232231155728277,-1.4862620093272785,1.3401222350602917,0.621771133082806,-0.5593231579421799,-0.1293321732021868,1.8027366731837409,0.4613027124288399,-0.5973619535520206,1.2585888214437744,0.5415986189951983,0.4041980861363973,-0.7555499909717174,0.9349313631371252,1.2420063519817874,0.0
-0.0017320516735949306,0.08105084645388436,0.7176375074490415,1.0430203410251606,1.1569097269014994,0.7797319379277486,-0.9378196545703706,0.02407405437350002,-0.7395189790115295,-0.3814458370413276,0.4230143148221662,0.7687449220504259,0.8670754708262198,-0.7582072795521427,0.6018833317394238,-0.32620625566162925,-0.4041366966402145,-1.1674918278453792,0.29083359895760563,0.4494413366278554,0.09793552708646354,0.0
0.0017320516735949306,-0.2582798012809632,-0.44094904198357165,-0.4278229034096544,-1.8227010869622067,-0.5381892582833807,0.7886217060211842,-1.9428752378879792,0.9378427601448444,0.004406843775646734,0.7276150815708007,-0.48312011981685243,1.9027759212345443,-0.727463330174471,-0.3254833640294263,1.4732778097216002,0.3750362798235883,1.727459594359764,-0.7555499909717174,1.4710812184995363,1.9264058633030976,0.0
0.0051961550207847915,1.3326399746932855,1.2519371297601978,-1.023423624612888,0.407546528205238,-0.4978447318687543,-1.0102188084016293,0.7195311255659513,-0.5671134897620523,1.6412345318729176,0.552469640690336,-1.0773024404132778,0.12560810292025998,0.1384912439632857,-0.5601183111516652,-0.75558423221728,0.05602705395253853,0.3585683789562812,1.2325788298939966,-0.6144150692881098,-0.8009772639027195,0.0
0.008660258367974653,-0.494335904053031,0.6501470288413164,-0.5149839845613472,0.04475958280466736,-0.20534691536271255,-0.7428988557939048,0.9443253303958349,0.12250846723585752,0.5202309539204442,1.0550609058255829,0.20177705888589773,-0.33928016743347716,-0.31754400513884645,-0.33665645674953293,-0.5057643185849013,0.9340081977215337,0.2064693550225609,-0.2091052273419596,-0.12470339037441167,0.7772275793680622,0.0
0.012124361715164513,0.9220007125793761,0.773879572955479,-0.2970812816821154,2.2036392742867537,0.1308574714258408,-0.49228640022416287,0.10134706228377248,-1.2315929795777463,-0.21085833604856005,-1.0923744997522902,0.44217143286765764,0.19033938107078033,-1.5114340393051025,0.501325497258464,-0.6072536584980549,-1.7112275955631882,-0.8227340402622798,1.3343105678037916,-1.8471375713812126,-0.9950607074117478,0.0
0.015588465062354374,-0.32958841566002534,-0.7165351629651154,0.16414610607892544,-0.49644717180929937,0.9545582190577966,0.19829014401245906,-1.5565101983366172,0.043489284663180305,-0.6941895888614017,1.0093707908132876,0.21084854469653017,0.6199196815242329,1.2555214046853622,0.7769284510210941,0.41935004908500173,0.008034515547159402,-0.6706350163285594,-0.9096009083779787,1.0700242400788353,0.9100215144005551,0.0
0.019052568409544234,2.1317882392862235,2.1799312106164175,1.9618434048325881,-0.1158182454873888,2.9616984081854603,1.2787082858020127,0.9302756925939671,-1.353713534462793,-0.3692610155418442,3.5984773081766805,2.2972902811419935,-0.1450863329819161,-2.1929249171768284,2.8588480612009617,-0.9156251143880233,-3.111480480802486,-0.016609213413562262,1.473828379794368,-0.7959461226785327,-0.47409988536119835,0.0
0.022516671756734098,-0.3271294979228163,0.9032363236202855,-2.6940110133536663,0.6275976262350927,-1.8830068054375944,0.2706892978437178,0.557960290844473,-0.7036011687512217,2.128627391852254,0.2554838931104173,-3.2136373488172207,-0.34516482908352447,-0.999034883010572,-2.0312421859657035,0.8370177171891351,1.2078479756816383,2.046867544620576,1.078527912487735,0.5380960371208525,-0.3259835732095715,0.0
0.025980775103923957,0.02941357397249447,-0.6602930974586779,-1.4374387600834286,0.5621770295235143,-0.03052063423266498,-0.7150530273972668,1.1620947163247841,-0.524012117449683,1.3000595298873818,1.0017557716445717,-1.4220189012173112,-0.6276285882857945,1.1069256493599484,-0.7314390661933002,1.0517067054669609,0.33268992240707723,1.4536813512790672,-0.29339723875293294,-0.10781678075669791,0.3686308561911607,0.0
0.029444878451113817,-1.8344460708319577,-0.7165351629651154,-0.7256232640112714,-0.7997608474720718,-0.5381892582833807,0.6828075581139599,-0.2779931583666558,0.6289495919061973,0.910145241903913,-0.2851824678684089,-0.8323723235262018,0.337455922321963,1.8755243838017441,-1.196984596197743,1.2507819491427625,1.1288014418374845,0.8351453206152714,-0.7700830963874024,0.9264880583282683,1.226683974862654,0.0
0.03290898179830368,-1.4410192328785114,-0.862764533281853,-0.08644200223219124,-0.4726578639141799,-0.20534691536271255,1.373384102350582,0.002999597670698441,1.3616729212164764,-1.9248565603092256,-2.021406838335625,0.4875288619208199,0.1668007344705911,-0.00498051979918284,0.5087742257385351,0.9267967486507713,1.272779057053622,-1.0001829015182866,-2.435576977024908,0.9307097107326968,1.058137826552182,0.0
0.03637308514549354,1.221988676518879,-1.0202423166998782,-1.7860830846902,1.1747517078228389,-0.46086224932201336,0.4934559250168216,1.5133356613714772,0.4745030077868738,-0.738867267692841,-0.551708138773464,-0.7915506373783557,-0.8453610693375448,2.177839886015517,0.5571909608589972,0.044620178636433486,-0.7711384609166435,-0.3512270660677468,0.5960288126869915,-0.08248686633012729,-0.2595866056933252,0.0
0.039837188492683404,0.243339417109681,-0.5759299991990215,-0.5912499305690785,-0.7343402507604934,0.8200764643423751,-0.15256729378517953,-0.2217946071591849,-1.1382066729009461,-0.036209227889297986,0.3164040464601441,-0.03408157219054596,-0.16862497958210532,-0.15870026668754197,0.01715814605384384,-0.052965725126214606,-0.2065203620298299,0.06958023348221265,0.8430916047536373,1.5301843521615344,0.2715891344366468,0.0
0.04330129183987326,0.4031690700282686,0.6276502026387414,-0.5985133539983862,1.2936982472984362,-0.8441352502609638,0.5435784161307701,0.8600275035846285,0.26258792725105784,0.06939255843955829,0.1717186822545428,-0.5919779495444417,-1.2396333998907136,0.30758296554048076,-0.2025793441082533,-1.0912797411607895,-0.4069597871346486,-0.3664369684611188,0.5785890861881694,-1.965343838705209,-2.2872478444586983,0.0
0.04676539518706312,0.28759993637944364,1.1282045856460352,-1.2812751563533127,-0.5142891527306389,0.09051294501121435,-1.661811192882958,0.09432224338283862,0.003979693376841697,-0.07276369238774823,1.3444316342367855,-0.5420847775859634,0.0549921631196923,-1.5985418958751727,-0.2360986222685732,0.2944400922688122,-0.7005611985557918,1.4181915790278659,0.3518726417034828,-0.6904048125678217,0.6904007756929706,0.0
0.050229498534252986,-1.8565763304668392,-1.2395863721749845,0.5164221424003503,-2.399591803418852,-1.0021513120515844,1.5070440786544441,-1.3036167179029983,2.3601880464530334,-0.2311663718810324,-0.5897832346170434,0.3786710321932304,1.1613085533285845,0.8199821218350113,-0.5303233972313808,1.4615675012700824,0.7081609581668084,0.9416146373688755,-1.4211662190100922,2.0156743786708047,2.2379608647254847,0.0
0.05369360188144284,0.1130167770376019,-0.31159229131876526,1.4207183593491628,0.8952273400551863,1.405072097354458,1.8690398478107382,-0.21476978825825102,-0.9262915923651303,-1.2790610208366051,1.4510419025988075,1.1089256399491427,-0.7629758062368825,-0.00498051979918284,2.1772894052744576,-0.9468526035920707,-0.4041366966402145,-0.7466845282954195,-1.1944497745254057,-0.8508276039361024,-1.459839480025473,0.0
0.057157705228632706,1.60312092578628,1.7637399258687798,0.27309745751854136,-0.6570250001013551,0.7024049289663813,-1.4613212284271648,1.4501122912630724,-0.5778888328401447,-0.3002136937114384,1.4738869601049551,0.4557786615836063,-2.0105240760469103,-0.9016790433146111,1.2052303386251813,0.3842191237304484,-1.081678415304391,0.1557696803779874,0.8837842999175555,0.377673245752572,0.7006156937723932,0.0
0.06062180857582257,0.38349772813059624,0.41955456026492266,-0.27529101139419215,0.5145984137332754,0.7830939817956343,0.13146015586052787,0.4525880073304651,0.7941715191036133,-0.7307440533598519,-0.6583184071354861,0.33784934604538436,-0.9159770091381124,0.05650737895616088,0.6763706165401344,-0.2715581495545463,-0.4944755924621048,-0.6554251139351873,-0.020174856938054226,-0.044491994690271354,-0.7805474277438744,0.0
0.06408591192301243,-1.9918168060133363,-1.042739142902453,-1.215904345489543,-0.6094463843111166,-1.4224067955372761,0.9222816823250466,-0.15857123705078013,0.6397249349842896,0.7070648835791898,-0.09480698865051239,-1.1090526407504913,-0.03916242328106459,1.0608097252934405,-1.2081576889178496,0.08365454014149272,2.969456444208497,0.17097958277135944,-2.037369888635138,-0.1880281764408381,0.7057231528121045,0.0
0.0675500152702023,-1.1779150349971441,-0.4353248354329279,0.13509241236169447,-0.05039764877581036,0.09387498887909988,0.9501275107216847,-0.839978670441364,-0.017570992779343,-0.23522797904752688,-2.2270123558909534,0.9229601808311775,2.2558556202373827,0.44593073774000397,0.16240835141522966,-0.8687838805819522,0.35245155586811566,-0.766964398153249,-1.1682901847771725,-0.2977911389559775,-0.49452972152004343,0.0
0.07101411861739215,-2.274592345792376,-3.0112114356277666,-0.2498690293916151,-0.9246547139214487,0.09387498887909988,2.169774794494428,-1.7742795842655665,0.8300893293639211,-0.8363458396887081,-1.6787309757434115,-0.05222454381181088,0.9553453955769294,3.023298493901492,0.17730580837537185,0.04852361478693941,2.195929648733562,-0.7466845282954195,-3.0401541623174055,0.17503393034000717,0.2869115115557806,0.0
0.07447822196458201,-0.4894180685786129,-0.2497260192616839,0.8614347552924675,-0.4607632099666202,-0.0036242832895806844,1.8523323507727554,-1.6197335684450218,0.3164646426415196,-1.1044119126773428,-0.6278583304606227,0.8549240372514342,0.5022264485232869,0.15898721021506693,0.8774862855020539,-0.8024254660233511,-0.09924292324133521,-0.9444132594092558,-0.8020559283019095,-0.09937347594784104,-0.6681833288702265,0.0
0.07794232531177188,-0.3443419220832796,0.9651025956773669,-1.3066971383558899,-1.233915716558001,-1.039133794598325,-0.5535472226967665,-0.5660107333049437,0.650500278062382,1.3487988158853155,0.1869487205919745,-1.440161872838576,-0.19804828783234185,-1.3987062249203057,-1.4502413645201595,1.8441042440196624,0.8041460349775665,1.4181915790278659,-0.08993376293334249,1.7370453199785276,1.364585368934858,0.0
0.08140642865896174,0.6195538309026641,1.0438414873863795,-0.790994074875041,0.009075620961988218,-0.09776151159037572,-0.9099738261737327,0.29804199150992017,-1.0017189939117768,0.08970059427203064,-0.42986783207401025,-0.8868012383899966,-0.5275893402349903,-0.548123625471385,-0.303137178589213,-0.2520409688020167,-0.18958181906322547,0.8807750277953874,0.9797027956610765,-0.1880281764408381,0.29712642963520314,0.0
0.08487053200615159,-2.3581955488574833,-2.302561410246654,-0.8672600208827722,-1.1268638310299637,-0.9147381714865604,0.7162225521899255,-0.20774496935731718,0.11891668620982675,1.775267568367235,0.46108941066574555,-1.6351988177671735,0.3904178771723881,2.8644547554501876,-0.9772471060356458,-0.27936502185555817,3.4042123803513435,0.890914962724302,-2.08387582596533,0.9053797963061263,0.9559886457579565,0.0
0.08833463535334146,-0.29516356733909876,1.3025549887159917,-0.8127843451629642,-0.9246547139214487,-1.661111910157149,-1.2329854355747332,-0.5449362766021423,0.8911496068064443,1.7468363182017737,0.9636806758009924,-0.8731940096740479,0.19033938107078033,-0.343163962953573,-2.2025629410073386,1.816780190966121,0.31857446993490685,2.351065592488017,0.8082121517559933,2.4251746619003627,1.8344716005882946,0.0
0.09179873870053132,0.1326881189352741,-0.18785974720460255,0.6035832235520431,0.9428059558454251,0.05689250633235898,-0.4310255777515594,-0.46063844979093593,-0.6533162343867908,-0.738867267692841,-0.6887784838103495,0.04756180010514592,0.9141527640265983,-0.8863070686257752,0.233171271975905,-1.0288247627526947,0.8888387498105886,-0.990042966589372,-0.08412052076706847,-1.2729928443789456,-1.092102429166262,0.0
0.09526284204772117,-0.05173071135540379,-1.0202423166998782,0.11693385378842515,0.13396948741136522,1.169729026602471,0.749637546265891,0.3612653616183249,-0.1648340148466047,0.36182827442716003,1.0017557716445717,0.5782437200271444,0.17857005777068571,1.0044458181010423,1.3839998221468874,-0.1505516288888627,0.20282775966311004,-1.22326146995441,-0.7962426861356354,0.7702869193644164,0.087720609007041,0.0
0.09872694539491104,-0.33450625113444343,0.3689367013091288,0.8832250255803906,-0.7700242126031724,0.3393041912347437,0.5491475818100976,-0.8189042137385624,1.8681140458868164,-0.990686912015498,0.9103755416199814,0.9683176098843398,-0.5511279868351795,-0.5942395495378928,0.5646396893390683,0.9892517270588661,-0.47189086850663226,-0.19912804213402663,-0.3864091134133173,1.9945661166486623,1.6250657799601325,0.0
0.1021910487421009,0.11055785930039286,0.020235895169216166,-1.1069529940499272,0.03881225583088751,-0.25241552951311,-0.75403718715256,0.3191164482127217,-1.0017189939117768,0.5649086327518834,0.3925542381473027,-1.0500879829813803,1.0141920120774024,0.6355184255689803,-0.027534224826582694,-0.3418200002636525,0.7448611345944512,-0.6807749512574741,0.27048725137564655,-0.1162600855655548,-0.38727308168610675,0.0
0.10565515208929076,-0.9344821790134491,0.6445228222906727,-0.6384621828595786,-2.007068223149382,-1.919989287984335,1.8523323507727554,-0.5519610955030759,2.1231304987350015,0.8898372060714407,0.5296245831841884,-0.5466205204912796,0.23153201262111148,-0.5942395495378928,-0.79847762251394,2.2812890928763254,-0.30815161982945627,1.0531539215869372,-0.5172070621544826,1.5681792238013903,1.21136159774352,0.0
0.10911925543648063,-0.19926577558794625,0.6445228222906727,1.006703223878622,-1.388546217876277,0.5948195251940446,0.6661000610759771,1.225318086433189,0.021938598506995612,0.008468450942141206,-0.5593231579421799,0.7687449220504259,-0.5864359567354633,-0.865811102373994,0.2071007222956562,-0.017834799771661292,-0.3533210677404014,0.03409046123101121,-0.1219065948478496,0.5127661226942819,0.07750569092761846,0.0
0.11258335878367048,1.5441069000932632,0.08772637377694126,-0.5513011017078859,1.4304867676953728,0.5611990865151891,-2.5695851986133564,1.0637472517117106,-1.2746943518901157,0.024714879608119092,0.19456373976069039,-0.8006221231889882,-1.0925168586395317,-0.5583716085972757,1.0078390339032977,0.32176414532235365,-1.5136112609528034,0.19632942009364618,1.7441441405261098,-0.6228583740969668,-0.13700758874025468,0.0
0.11604746213086034,1.111337378344472,1.572516903146892,-1.2812751563533127,-0.7521822316818328,-0.0876753799867191,-1.0046496427223017,0.9583749681977026,-0.13969154766438963,-0.27178244354597714,0.27832895061656493,-0.22911851711914383,1.096577275178064,-1.0144068576994079,-0.44466301971056327,0.22808167771021146,-0.6440993886671104,0.7945855808996126,1.444762168962998,0.20458549717100624,0.5984665129781678,0.0
0.11951156547805021,1.1260908847677262,-0.4240764223316404,2.4412293511668985,-0.9127600599738891,2.450667740266859,-0.6092388794900424,-0.8259290326394962,-1.0124943369898691,-2.11981370430096,0.4763194490031773,2.1884324514144042,0.45514915532290845,0.16411120177801222,2.315090882155773,-0.7360670514647508,-1.8297973963294192,-0.8379439426556519,0.11062309180311126,-0.9521472616423846,0.29201897059549187,0.0
0.12297566882524007,-1.9475562867435736,0.048356927922434956,-1.6444463278186991,-1.959489607359143,-2.283090025715973,-0.8821279977770947,1.4782115668668079,2.410472980817464,2.0067791768574192,0.2935589889539967,-2.3563819397124535,-0.8512457309875922,0.9019659868421361,-2.2435309476477303,3.6513951817039034,0.5359524380063302,3.780796417464988,-0.5840593470666339,2.9866544316893444,2.4371517672742242,0.0
0.12643977217242994,-0.1353339144205112,-0.15973871445138377,-0.22807875910369188,-0.3893952862812619,-0.4978447318687543,-0.9990804770429741,0.9162260547920995,-0.473727183085252,0.3212122027622153,-0.15572714200023924,-0.03861731509586219,-0.6335132499358418,0.10262330302266852,-0.42231683427035,0.2671160392152707,-0.039958022858219804,-0.5489557971815833,0.3518726417034828,0.474771251054426,1.0938900398301608,0.0
0.1299038755196198,1.7703273319164947,0.6613954419426039,-0.13002254280803766,1.1806990347966189,1.9530852478198,-1.1661554474228022,0.5158113774388698,-2.1798231704498727,-1.0313029836804426,0.3620941614724393,0.1836340872646328,1.0141920120774024,-0.20994018231699507,1.4771089281477758,-0.07248290587874422,-1.5107881704583694,-0.6959848536508461,0.9826094167442135,-0.43710566830211567,-0.8520518542998322,0.0
0.13336797886680965,0.8728223578351952,-0.0641272030904402,0.4801050252538116,0.9249639749240857,1.3949859657508017,-1.026926305439612,1.0496976139098428,-0.9370669354432226,-1.4496485218293729,0.4001692573160186,0.8095666081982719,-1.2572873848408554,0.010391454889653089,1.2797176234258922,-2.3052483839681304,0.10966577334678579,-1.208051567561038,0.30827332545642766,-1.517848683835795,-1.1431770195633741,0.0
0.1368320822139995,0.3048123605399069,0.8188732253606291,0.1677778177935793,0.7643861466320294,0.26197718227337635,0.09247599610523471,1.1761443541266519,-1.454283403191655,0.3902595245926213,-1.2446748831266075,-0.5511562633965958,0.5375344184235707,-0.8453151361222128,-0.7053685165130514,-0.7907151575718337,0.3157513794404728,-0.46783631775026574,0.5582427386062103,-0.5257603687951129,-0.8060847229424307,0.0
0.14029618556118936,-0.9639891918599576,-0.13724188824880906,-0.08281029051753738,-0.25855409285810504,-0.6793951007345729,-0.5758238854140769,-0.7065071113236209,0.2338536790428116,0.49586131092147734,0.5448546215216201,-0.7779434086624071,0.4963417868732396,-0.4148998448348073,-0.7537852516335135,-0.2832684580060641,0.3863286418013246,0.8858449952598447,-0.46198126157487956,-0.3104560961692628,0.026431100530505736,0.0
0.14376028890837922,-0.6271174618623191,0.21708312444174738,0.712534574991659,0.009075620961988218,0.2821494454806896,-0.7428988557939048,0.26291789700525087,-1.0663710523803303,0.42275238192457687,-0.9781492122215523,0.08384774334767575,0.2433013359212061,-0.8145711867445412,-0.6010863177920561,-0.45111621247781836,0.40891336575679704,0.3230786067050797,-0.29921048091920693,0.35656498373042983,-0.40770291784495183,0.0
0.1472243922555691,-0.43286296062280505,-0.6096752385028841,-0.6820427234354249,-0.20502815009408665,-0.4911206441329832,-0.7707446841905428,-0.7275815680264224,-0.03552989790949691,-0.791668160857269,0.49916450650932487,-0.5012630914381173,1.7850826882335982,0.9839498518492611,0.11399161629476759,-0.006124491320143521,0.7476842250888853,0.29772876938279297,-0.7962426861356354,0.6140857804005643,0.4605651189059636,0.0
0.15068849560275896,-0.9959551224436751,-0.9921212839466593,2.532022144033245,-0.5142891527306389,0.9209377803789413,0.06463016770859674,-1.956924875689847,0.2949139564853349,-0.16618065721712086,-0.7573136563287922,2.09771759330808,2.367664191588281,0.30758296554048076,0.11771598053480313,-1.149831283418378,0.6291144243226543,-1.091442315878519,-0.9357604981262119,-0.517317063986256,0.3022338886749144,0.0
0.15415259894994882,0.5433273810491839,2.1518101778631986,-0.7982574983043488,-0.0860816106184895,0.26197718227337635,-1.3889220745959059,1.3868889211546678,-0.8257217236362683,1.2513202438894486,1.9688632060714863,-1.56716267418743,-0.20393294948238913,-2.6387121831530695,-0.6271568674723049,1.2898163106478218,-0.07665819928586265,1.3877717742411217,0.9971425221598986,0.8251684006219859,0.6342187262561467,0.0
0.15761670229713867,-0.6295763795995282,-0.6602930974586779,-0.34066182225796177,-1.4599141415616352,-0.44405202998258564,0.020076842273975968,0.2207689835996481,0.6361331539582589,0.39838273892561005,0.24786887394170146,-0.22911851711914383,0.07264614806983422,0.9122139699680267,-0.3999706488301367,1.3913056505609758,0.10119650186348365,0.4650376957098853,-0.24689130142274074,1.7370453199785276,2.3656473407182665,0.0
0.16108080564432853,0.5015257795166301,0.5432871043790853,-1.0633724534740807,1.1628570538752792,-0.8844797766755903,-0.325211429844335,0.2769675348071186,0.359566014953889,-0.7469904820258298,-0.5821682154483275,-1.39934018669073,-0.23335625773262567,-1.0861427395806422,-0.9474521921153614,0.7199146326739574,-0.09641983274690114,0.19125945262918884,0.9448233426634324,0.1792555827444356,0.5014247912236538,0.0
0.16454490899151838,0.19416106236550015,0.10459899342887254,0.6435320524132356,1.6683798466465671,-0.39025932809641706,0.6995150551519427,0.6492829365566132,-0.31568881793989756,0.9060836347374185,0.8266103307641068,0.2788846882762736,0.32568659902186836,-0.38415589545713547,0.3635240203771491,-0.48624713783237167,0.2875204744961321,-0.2396877818496854,-0.22654495384078166,-0.6650748981412511,-0.8367294771806985,0.0
0.16800901233870827,-0.14516958536934732,0.031484308270503684,0.27309745751854136,0.3540205854412193,-0.05405494130786374,-0.3864722523169386,-0.9804750484600412,-0.31928059896592836,1.2594434582224376,1.9155580718904752,-0.12479643029687054,1.555580883881754,0.23584708365924642,0.06929924541434147,-1.0054041458496592,0.2056508501575441,-0.2701075866364295,0.13387606046820735,-0.9225956948113856,-1.3168306269135575,0.0
0.17147311568589813,-0.993496204706466,0.2564525702962537,0.7851688092847362,0.8060174354484885,-0.59870604790532,-1.7787636721488376,0.45961282623139893,0.438585197526566,1.12541042172812,-0.46032790874887364,-0.06583177252775957,0.2433013359212061,-0.932422992692283,-1.115048582916961,0.891665823296218,-0.33920561526823106,0.36870831388519587,0.22688793512859137,0.35656498373042983,0.16943995364242134,0.0
0.17493721903308798,0.15727729630736453,0.5489113109297291,-1.252221462636082,0.6335449532088726,-1.055944013937753,-1.405629571633889,0.3191164482127217,-0.3049134748618052,0.8370363129070125,-1.0847594805835743,-1.2678036424365593,-0.18039430288219993,-0.548123625471385,-1.1262216756370675,0.27101947536577664,-0.32791325329049476,0.49038753303217203,1.0436484594900908,0.10326583946472384,-0.5251744757583111,0.0
0.17840132238027784,0.6367662550631275,1.8762240568816544,-0.148181101381307,-0.03255566785447079,0.6284399638728999,-0.44216390911021447,0.9232508736930334,-0.27977100767958973,0.7233113122451678,1.4510419025988075,-0.18376108806598154,-0.6629365581860783,-0.999034883010572,0.6465757026198503,0.7472386857274989,-0.23475126697417045,0.6323466220369777,0.30536670437329066,1.2557769458736863,0.27669659347635805,0.0
0.1818654257274677,-0.9566124386483305,-1.4926756669539534,0.08424844835654034,0.5264930676808351,0.2552530945376053,-0.9378196545703706,0.0451485110763016,-0.03193811688346613,-0.21085833604856005,-1.4731254581880833,-0.7325859796092448,0.08441547136992883,1.4502330840772837,-0.3962462845901012,0.15781982700110483,0.7081609581668084,-0.04702901820030635,-0.6450983898125109,-0.5806418500526825,-0.1727598020182336,0.0
0.18532952907465755,1.2367421829421332,0.706389094347754,-0.4532448854122315,0.5859663374186337,0.21827061199086475,-1.4947362225031304,1.6187079448854846,-1.0915135195625458,0.31308898842922633,-0.7953887521723716,0.23806300212842754,-0.2510102426827676,-1.1476306383359858,-0.03870731754668933,0.22417824155970553,-0.6695072031170171,-0.8785036823713106,1.3372171888869289,0.39878150777471416,0.25626675731751297,0.0
0.18879363242184743,0.1302292011980652,-0.8346435005286342,-0.3987692096924237,-0.7819188665507322,-0.2557775733809956,-1.3777837432372506,0.6703573932594143,0.34879067187579665,1.133533636061109,-0.09480698865051239,-0.95483738196974,-0.6452825732359364,0.717502290576105,-0.6495030529125182,0.9346036209517832,0.5924142478950115,0.830075353150814,0.3198998097889757,0.45788464143671226,0.26137421635722424,0.0
0.1922577357690373,1.6350868563699974,1.3531728476717855,1.4715623233543167,-1.2695996784006802,1.5361918082019939,-0.8375746723424738,1.3306903699471968,-0.5527463656579292,-0.9378860188510698,-0.17857219950638684,1.798358561557209,-1.3514419712416124,-1.2193665202172201,1.2834419876659278,-0.6931292538091852,-1.0082780624491052,-0.9241333895514268,0.5698692229387583,-0.9310389996202424,0.2715891344366468,0.0
0.19572183911622715,-0.6197407086506921,0.6051533764361664,-0.76194038115781,-0.9008654060263294,-0.9718929172406142,-0.9545271516083534,-0.748656024729224,0.4780947888129046,2.831285431655797,0.6362348515462103,-0.814229351904937,-0.06858573153130111,-0.15357627512459668,-1.982825450845242,1.2468785129922566,0.9961161885990832,1.7223896268953065,0.8663445734187334,1.1122407641231193,1.022385613274203,0.0
0.199185942463417,0.0662973400306301,0.24520415719496616,0.6689540344158127,-0.4191319211501612,1.0117129648118506,0.4990250906961492,-1.1771699776861888,-2.2516587909704873,-0.29615208654494396,0.9484506374635607,0.9501746382630748,1.402579680980524,0.8609740543385738,0.8737619212620182,-2.4379652130853318,0.9650621931603084,-0.7264046584375902,-0.17131915326117877,-1.2983227588055162,-1.0257054616500154,0.0
0.20265004581060686,-1.4779029989366468,-0.8121466743260592,-1.1795872283430044,-1.4539668145878555,-1.408958620065734,0.003369345235993165,-0.07427341023957403,0.521196161125274,0.841097920073507,0.24025385477298558,-1.3811972150694651,0.03145351651950308,0.33832691491815253,-1.1411191325972097,0.9892517270588661,2.0067825856064796,1.4131216115634087,-1.1973563956085427,0.5845342135695653,1.25222127006121,0.0
0.20611414915779674,0.2998945250654888,-0.9583760446427968,0.8287493498605827,-0.9008654060263294,0.8637830346248871,0.20385930969178664,-1.1771699776861888,0.8803742637283519,-1.5390038794922511,-0.01865679696335371,0.8458525514408016,0.5375344184235707,0.379318847421715,1.2610958022257146,1.227361332239727,-1.1409633156875065,-0.9951129340538293,-0.8253088969670056,1.1417923309541185,0.8691618420828651,0.0
0.2095782525049866,0.046625998132957765,-0.12036926859687778,-0.05012488508565257,-0.2882907277270043,0.3930968931209123,-0.6092388794900424,0.43853836952859737,0.4206262923964121,-1.0313029836804426,-1.1685246914394487,-0.07943900124370826,-0.3039721975331933,0.16411120177801222,0.12516470901487423,1.227361332239727,-0.2883899863684178,-0.28024752156534416,-0.1189999737647126,0.05682766301601103,1.0377079903933368,0.0
0.21304235585217646,0.42284041192594096,0.3351914620052663,0.19683151151081024,-0.3537113244385828,0.06025455020024452,0.6048392386033735,-0.6362589223142823,-0.1217326425342357,0.4714916679225105,1.0322158483194352,0.4240284612463927,0.678766298024706,-0.9785389167587908,0.5720884178191393,-0.8258460829263866,0.2677588410350936,0.12027990812678598,-0.0027351304392321594,-0.5384253260083982,-0.33619849128899404,0.0
0.2165064591993663,-0.2189371174856185,-0.339713324071984,0.7089028632770051,0.9011746670289662,0.5544749987794181,-0.7317605244352496,-0.7767553003329593,-0.29772991280974365,-1.1531511986752765,0.9789107141384241,0.6145296632696742,0.20210870437087494,-0.5737435832861116,0.5683640535791038,-0.8609770082809404,-0.1190045567023737,-0.6909148861863887,0.046677427974097026,-0.956368914046813,-1.2504336593973109,0.0
0.21997056254655617,0.1130167770376019,0.8638668777657792,-0.7474135342991945,0.7703334736058093,-0.9248243030902167,-0.3641955895996282,1.323665551046263,0.8049468621817056,1.8727461403631018,2.0145533210837816,-1.0274092684547993,-0.7570911445868352,-1.449946140549759,-0.5265990329913453,0.7628524303295225,0.363743917845852,0.5461571751412028,0.4681374850289633,0.5845342135695653,0.7057231528121045,0.0
0.22343466589374603,-0.2189371174856185,0.8751152908670667,-0.9217356966025803,0.4134938551790179,-1.7787834455331424,-0.8765588320977671,-0.01807485903210314,0.9091085119365981,1.5356327455440613,-1.3284400939824819,-1.3811972150694651,0.6199196815242329,-0.49175971827898696,-1.982825450845242,0.38812255988095434,1.2473712426037153,1.1241334660893398,0.7122936560124719,0.6394156948271348,0.39927561042942833,0.0
0.2268987692409359,0.39333339907943243,0.2564525702962537,-2.196466508446087,0.6335449532088726,-0.6827571446024584,-0.4867172345448353,0.7265559444668852,-0.30132169383577445,1.2756898868884154,-0.5669381771108958,-1.5444839596608493,-0.504050693634801,0.49204666180651174,-1.461414457240266,0.8487280256406529,0.157658311752165,-0.03688908327139165,0.8489048469199114,0.3903382029658573,-0.45367004920235326,0.0
0.23036287258812577,-0.9713659450715847,-0.48031848783807796,-1.6371829043893913,-0.6570250001013551,-0.565085609226465,0.5045942563754768,0.44556318842953124,-0.2905463507576821,1.4868934595461276,-0.11003702698794401,-1.2768751282471917,0.33157126067191567,0.8404780880867925,-1.487485006920515,0.6418459096638389,1.227609609142677,1.0734337914447665,-0.4532613983254685,0.1792555827444356,1.0887825807904494,0.0
0.23382697593531562,-1.3721695362366584,-0.4746942812874342,-1.3720679492196595,1.3948028058526938,-1.950247682795305,0.4544717652615285,0.7195311255659513,1.074330439134014,0.6095863115833225,-0.4755579470863054,-1.517269502228952,0.21387802767096956,0.7892381724573394,-1.5843184771614391,0.23979198616172923,1.5663804684747649,0.6779763292170937,-0.685791084976429,-0.00649712305041553,-0.36684324552726166,0.0
0.23729107928250548,0.19416106236550015,0.9032363236202855,1.674938179374933,0.6454396071564323,0.8974034733037425,0.22056680672976942,-1.1279962453796522,-0.2869545697316513,-0.4545547660382281,-0.14811212283152336,1.7257866750721493,0.8082288543257468,-0.2201881654428857,0.948249206062729,-1.3840374524487333,-0.9772240670103307,-1.1827017302387512,0.3693123682023049,-1.0914617909885231,-1.1431770195633741,0.0
0.24075518262969534,0.9490488076886755,-0.04163037688786517,0.15325097093496381,1.2401723045344175,0.19137426104778046,-0.9990804770429741,0.5017617396370021,-2.2947601632828567,-0.0768252995542427,-1.5492756498752416,-0.6101209211657066,-0.31574152083328794,1.1889095143670734,-0.1765087944280045,-0.3418200002636525,-1.1409633156875065,0.252099062202677,1.5900932231198486,-0.9690338712600983,-1.0512427568485718,0.0
0.2442192859768852,-0.1968068578507372,-0.2103565734071776,0.2658340340892336,-0.09797626456604921,-0.18853669602328485,-0.13585979674719673,0.4736624640332667,0.6900098693487206,0.6705104190807396,-2.2727024709032486,-0.37426229008926293,-0.22747159608257836,-0.5378756423454945,-0.7798558013137623,2.0431794876954643,-1.4035107316698747,0.24195912727376231,0.2821137357081946,1.0826891972921207,1.860008895786851,0.0
0.24768338932407508,0.6957802807561442,0.6782680615945352,-0.8091526334483103,1.7278531163843658,1.737914440275126,-0.2973656014476971,0.9653997870986365,-2.3701875648295037,-1.1369047700092987,-0.6050132729544752,0.22445577341247885,0.5493037417236654,-1.419202191172087,0.9221786563824802,-1.8524497905094441,-0.22628199549086825,-0.8125941053333651,0.7297333825112939,-2.273524464228484,-2.1238091551879377,0.0
0.2511474926712649,1.1949405814095795,0.8638668777657792,0.9812812418760449,0.056654236752227076,2.0741188270636792,-0.6370847078866804,0.19266970799591265,-1.80268616271664,-1.1044119126773428,0.3925542381473027,0.8277095798195367,0.5787270499739019,-0.0357244691768547,1.4324165572673493,-1.9695528750246218,-0.4944755924621048,0.1760495502358168,0.6948539295136498,-0.48776549715525697,-0.5558192299965787,0.0
0.2546115960184548,1.898191054251365,1.7974851651726418,0.5454758361175812,1.54943330717097,0.8268005520781462,-0.4811480688655077,0.3612653616183249,-1.6985245129617477,-1.5349422723257566,-0.2318773336873978,0.6871015497547338,0.5493037417236654,-1.1578786214618764,1.3132369015862122,-2.0515250341852456,-1.1070862297542976,-0.6655650488641021,1.4534820322124087,-1.842915918976784,-1.5058066113828745,0.0
0.2580756993656447,0.8654456046235681,-0.5140637271419402,-0.30434470511142314,0.3897045472838984,0.5511129549115326,-0.10244480267123118,0.42448873172672963,-0.714376511829314,-0.36113780120885547,-0.22426231451868192,0.08838348625299199,-0.7041291897364095,0.23584708365924642,0.6577487953399569,-1.114700358063825,0.42302881822896743,-0.3461570986032894,0.4245381687819081,-1.3236526732320868,-0.2800164418521703,0.0
0.2615398027128345,2.274405468044348,1.319427608367923,-0.053756596800306436,1.4780653834856117,0.5645611303830746,-1.3109537550853194,1.2674669998387922,-1.3177957242024851,0.759865776743618,0.651464889883642,-0.21097554549787892,0.18445471942073302,-0.7991992120557052,0.501325497258464,-0.5057643185849013,-1.3724567362311,0.07465020094666999,1.9272612687637412,-0.2766828769338353,-1.1687143147619306,0.0
0.2650039060600244,-1.6795342533877884,-0.2722228454642589,0.4474196198219268,-1.6264392968274712,-0.9113761276186746,0.6382542326793391,0.5228361963398037,1.6849332135592465,0.31715059559572084,0.21740879726683798,0.14734814402210297,-0.45697340043442264,0.9224619530939173,-0.4968041190710609,0.6535562181153567,1.2134941566705064,0.37884824881411056,-1.392100008178722,0.9475963203504105,1.7374298788337805,0.0
0.2684680094072142,-0.5017126572646582,-1.070860175655672,0.26220232237457974,-0.8949180790525495,-0.006986327157466221,0.08133766474657951,-0.3974150796825312,1.0886975632381373,0.15874791610243644,0.08033845222995237,0.14734814402210297,-0.4863967086846592,1.2657693878112528,0.15123525869512303,1.4537606289690705,-0.751376827455605,0.9264047349755035,-0.7148572958077992,1.5006327853305355,1.1194273350287172,0.0
0.2719321127544041,0.8998704529444947,0.9932236284305856,-2.2436787607365867,0.8892800130814065,-0.33310458234236295,-1.5615662106550616,1.3939137400556016,-1.030453242120023,0.8086050627415512,0.27832895061656493,-2.0570229079615827,-1.3337879862914706,0.3332029233552073,-1.1671896822774586,1.9768210731368638,-0.5085910449342752,1.2914423924164322,1.7063580664453288,0.9222664059238399,0.22562200307924535,0.0
0.2753962161015939,0.32940153791199733,0.706389094347754,-0.4859302908441163,-0.9900753106330272,0.10059907661487097,-0.8097288439458359,-1.2684926233983291,0.014755036454934046,-0.9622556618500366,-0.3689476787242833,0.3469208318560168,0.013799531569361164,1.1018016577970031,0.02460687453391493,0.5013222082456261,-0.5368219498786159,-0.17884817227619723,0.4216315476987711,1.3570966035799688,1.482056926848217,0.0
0.2788603194487838,0.7818424015584606,0.936981562924148,-1.1686920931990428,0.532440394654615,-0.42387976677527245,-0.0021998204433344363,1.2744918187397258,-0.28336278870562054,0.26841130959778714,-0.5060180237611689,-1.4084116725013625,-1.9693314444965793,0.14361523552623098,-0.8506187218744372,-0.17787568194240416,0.2988128364738684,0.11520994066232863,1.0000491432430356,-0.08248686633012729,-0.19318963817707868,0.0
0.2823244227959737,0.8998704529444947,0.9088605301709293,-0.31160812854073083,1.1509623999277196,0.29895966482011727,-0.21939728193711067,0.03812369217536774,-2.5605519592091346,0.053146129773580394,0.4306293339908821,0.22445577341247885,2.1381623872364366,-0.6762234145450178,0.05440178845419929,-1.3020652932881094,-0.2516898099407749,-0.9596231618026279,0.6628810975991427,-1.5896167747110779,-1.1687143147619306,0.0
0.2857885261431635,0.3638263862329239,-0.8796371529337843,-0.8854185794560415,0.9665952637405446,-0.7298257587528559,-1.1605862817434747,0.8811019602874302,-0.23307785434118958,0.3333970242616987,-1.3436701323199136,-0.3198333752254682,-0.5746666334353687,1.1991574974929637,-0.8580674503545084,-0.7087429984112089,1.1259783513430506,0.36870831388519587,0.5437096331905252,-0.9225956948113856,-0.3413059503287053,0.0
0.2892526294903534,-0.5041715750018672,0.31269463580269125,-1.8187684901220846,-0.44292122904528064,-0.35327684554967614,-0.030045648839972443,-0.2779931583666558,0.5068290370211509,1.2310122080569763,-0.011041777794637839,-1.4945907877023707,-0.4098961072340442,0.13336725240034036,-1.2751962452384893,1.516215607377165,0.7138071391556765,0.4853175655677147,-0.17713239542745282,1.585065833419104,1.2420063519817874,0.0
0.29271673283754324,-0.919728672590195,-0.317216497869409,0.7851688092847362,0.41944118215279774,0.7864560256635198,0.6493925640379943,-1.085847331974049,-0.006795649701250651,-0.2636592292129882,0.8799154649451179,0.5646364913111956,1.943968552784876,0.12311926927444976,0.6391269741397791,0.16172326315161076,0.10401959235791765,-0.18898810720511194,-1.025865751703459,-0.47510053994197166,-0.5864639842348464,0.0
0.2961808361847331,1.1555978976142347,1.201319270804404,-0.028334614797729363,0.9428059558454251,-0.6390505743199464,-1.1048946249501985,-1.7321306708599635,0.46731944573481227,0.8776523845719573,2.2201588386391093,-0.08851048705434071,0.7258435912250845,-1.485814081490376,-0.24354735074864428,0.15001295470009343,-0.8755928092107041,-0.20419800959848397,1.552307149039067,0.3016835024728602,0.06218331380848464,0.0
0.299644939531923,-1.0697226545599463,-0.16536292100202754,-1.1033212823352732,0.3540205854412193,-1.3518038743116796,-0.47557890318618007,-0.7416312058282901,0.8013550811556749,1.1903961363920315,-1.0771444614148584,-1.2496606708152944,0.1609160728205438,0.8865940121533001,-1.729568682522825,0.7082043242224396,1.7752891650628861,0.7489558737194967,-0.47360774590742744,0.7365137001289889,0.4963173321839425,0.0
0.30310904287911283,-0.005011274348432121,-0.5759299991990215,1.3226621430535082,0.6751762420253316,1.169729026602471,0.05906100202926914,0.2839923537080524,0.36674957700595057,-0.9419476260175642,-1.0238393272338475,1.0907826683278778,-0.2510102426827676,0.06163137051910604,0.8514157358218051,0.13830264624857566,-0.754199917950039,-0.8785036823713106,-0.3951289766627283,-0.8339409943183886,-0.8520518542998322,0.0
0.3065731462263027,0.3269426201747883,-0.817770880876703,0.9703861067320833,0.16370612228026452,1.015075008679736,1.7632256999035139,-0.4676632686918698,0.8049468621817056,-1.4618333433288562,-0.18618721867510268,0.9365674095471261,-0.6276285882857945,0.8712220374644642,1.2983394446260699,0.942410493252795,-0.8840620806940064,-1.0559525436273174,-0.8660015921309235,0.2003638447665778,0.31244880675433695,0.0
0.31003724957349255,1.3350988924304945,1.932466122388092,-0.7982574983043488,-0.2942380547007842,-0.8777556889398191,-1.071479630874233,0.8670523224855624,0.9306591980927829,0.1912407734343922,1.2835114808870585,-0.6917642934613987,-1.8398688881955385,-1.0041588745735173,-0.15416260898779122,1.5318293519791888,-1.5898347043025234,1.4080516440989512,1.874942089267275,1.75815358200067,0.84873200592402,0.0
0.31350135292068243,0.11793461251201999,0.6276502026387414,0.955859259873468,-0.8413921362885307,0.17456404170835277,0.8665900255317706,0.02407405437350002,0.025530379533026393,0.6380175617487839,1.3901217492490805,0.9683176098843398,0.32568659902186836,-0.8196951783074865,0.6018833317394238,-1.2396103148800146,0.3044590174627365,-0.23461781438522805,0.02051783822586393,-0.5088737591773992,-0.617108738473114,0.0
0.31696545626787226,-1.5197046004692008,-1.0089939035985906,-0.4895620025587702,-1.8821743567000049,-1.314821391764939,-0.5925313824520597,-1.1350210642805858,1.1964509940190606,0.8086050627415512,1.7175675735038625,-0.37879803299457915,0.7905748693756048,0.563782543687746,-1.3534078942792354,1.5435396604307066,0.40891336575679704,1.52466089578147,-0.7642698542211284,1.5597359189925335,2.110274388732703,0.0
0.32042955961506214,1.6744295401653422,1.7637399258687798,0.1568826826496177,-0.4131845941763813,0.8738691662285437,-1.47245955978582,1.0496976139098428,-1.6482395785973167,-0.29209047937844945,0.9027605224512655,-0.41508397623710896,0.1491467495204492,-1.7625096258894226,0.501325497258464,-0.4901505739828776,-0.7796077323999457,0.018880558837639172,1.421509200297902,-0.23446635288955092,0.7159380708915271,0.0
0.323893662962252,2.1121168973885514,1.364421260773073,0.334836556667657,1.1985410157179583,0.5813713497225024,-2.1908819324190802,1.5695342125789478,-0.9693929646774996,-1.0191181621809593,-0.6278583304606227,-0.14293940191813548,-0.7276678363365987,-1.6754017693193524,0.26669055013622495,0.6847837073194041,-2.7981174359203047,-0.7872442680110784,2.8602866364507213,-0.5384253260083982,-0.06039570314458561,0.0
0.32735776630944186,0.668732185646845,0.26207677684689745,0.08424844835654034,0.3123892966247603,1.0386093157549348,-0.9378196545703706,0.8249034090799593,-1.0124943369898691,0.15062470176944748,0.933220599126129,0.32424211732943564,0.20210870437087494,-0.7582072795521427,0.8663131927819472,-0.041255416674696836,-0.8671235377274019,-0.9849729991249146,0.27630049354192054,-0.2429096576984078,-0.31066119609043796,0.0
0.33082186965663174,-0.43532187836001407,-1.458930427650091,-0.053756596800306436,-0.3893952862812619,-0.7533600658280547,-0.7094838617179392,-1.0717976941721812,0.011163255428903262,0.03283809394110804,-0.3917927362304309,0.0929192291583082,1.4084643426305712,0.8917180037162454,-1.096426761716783,-0.08028977817975608,1.0328163650267261,0.2774488995249636,-0.3544362814988101,0.33123506930385926,-0.004213653707761615,0.0
0.33428597300382157,0.7351229645514888,1.0494656939370233,1.0393886293105068,-0.5202364797044188,0.497320253025364,-0.23610477897509347,1.0707720706126445,-0.2725874456275282,0.17499434476841433,0.41539929565345035,0.7052445213759987,-1.0160162571889166,-0.20481619075404978,0.721062987420561,-0.4042749786717473,-0.006080936925010953,-0.5388158622526686,0.40419182119994906,0.6985188284891329,1.1807168435052524,0.0
0.33775007635101145,-0.5238429168995394,-0.9415034249908655,0.8033273678580055,-0.7283929237867135,0.7763698940598631,-0.7484680214732324,-0.9313013161535042,0.6253578108801665,-0.5804645881995566,-1.1076045380897217,1.0182107818428183,0.19033938107078033,-0.476387743590151,0.542293503898855,1.0751273223699964,-0.37308270120143994,-0.2548976842430574,-0.7468301277223063,1.0784675448876921,0.48099495506480866,0.0
0.34121417969820134,0.9441309722142575,-0.1316176816981653,1.1011277284596226,-0.17529151522518738,1.8118794053686078,-0.5089938972621457,-0.6784078357198854,-1.576403958076701,-1.226260127672177,0.5143945448467566,1.1724260406235698,0.484572463573145,-0.548123625471385,1.745263153430335,-1.860256662810456,-0.24039744796303858,-0.8937135847646827,-0.017268235854917213,-1.336317630445372,-0.8520518542998322,0.0
0.34467828304539117,-0.5435142587972118,0.4364271799168539,-1.6735000215359301,-0.5975517303635569,-1.402234532329963,-1.6395345301656474,1.1620947163247841,0.7402948037131516,2.9165791821521805,1.984093244408918,-1.589841388714011,-1.3337879862914706,-1.567797946497501,-2.053588371405917,2.1446688276086183,0.2479972075740552,2.7059633150000306,0.8489048469199114,1.099575806909834,0.6137888900973016,0.0
0.34814238639258105,-0.9443178499622853,-0.11474506204623403,-0.12639083109338378,0.40159920123145815,-1.1736155493137463,-0.013338151801989639,0.07324778668003704,1.5735880017522923,0.5649086327518834,0.042263356386373234,-0.24726148874040874,-0.945400317388349,0.1384912439632857,-0.9474521921153614,1.043899833165949,-0.3476748867515333,0.3839182162785679,-0.14225294242980868,1.1333490261452617,0.3175562657940482,0.0
0.3516064897397709,0.5482452165236019,1.3812938804250043,-0.4241911916950005,-0.3358693435172432,0.5847333935903879,-0.09687563699190359,-0.4325391741872005,0.2589961462250271,0.23998005943232587,2.0373983785899292,-0.356119318467998,1.2319244931291522,-1.5063100477421572,-0.012636767866440515,1.8245870632671328,-0.500121773450973,0.23181919234484763,0.3344329152046608,0.7449570049378458,0.945773727678534,0.0
0.35507059308696076,0.32940153791199733,0.4364271799168539,-0.37334722768984663,0.4729671249168165,-1.4190447516693903,0.5101634220548045,1.4009385589565355,0.2589961462250271,1.0726095285636918,-0.011041777794637839,-0.7008357792720312,-1.675098361994214,0.35882288116993377,-0.7612339801135846,-1.4308786862548044,0.31857446993490685,0.05944029855329795,0.8692511945018705,-1.1505649246505207,-1.7611795633684375,0.0
0.3585346964341506,0.7695478128724155,0.4870450388726478,1.4098232242052011,-0.8830234251049898,0.8839552978322004,2.019407321152583,0.7897793145752899,0.8516400155201056,-1.8314395954798528,-0.24710737202482955,1.4899280439957057,-0.6040899416856053,-0.9939108914476267,1.801128617030868,-0.6228674031000786,-1.0336858768990118,-0.9292033570158841,-0.4067554609952763,-0.5637552404349688,0.17965487172184388,0.0
0.3619987997813405,1.0228163398049466,0.4420513864674977,2.423070792593629,0.0804435446473465,1.505933413391024,-0.8821279977770947,0.19266970799591265,-0.8221299426102375,-1.0881654840113653,0.1869487205919745,1.2449979271086296,-0.9924776105887274,-0.37903190389419017,1.1381917823045415,-0.7165498707122208,-1.2962332928813805,-0.797384202939993,1.4302290635473132,-0.43710566830211567,0.16943995364242134,0.0
0.36546290312853036,-0.6590833924460366,0.5151660716258666,0.25857061065992587,-0.7997608474720718,-0.4743104247935555,-0.25281227601307626,0.1856448890949788,1.4766099140494615,-0.48704762337018387,-1.3665151898260612,-0.17468960225534907,-0.6805905431362202,0.4613027124288399,-0.6271568674723049,0.8682452063931825,0.08143486840244517,0.13041984305570067,-0.691604327142703,0.7238487429157036,0.6240038081767242,0.0
0.3689270064757202,1.0719946945491274,0.9201089432722168,0.7670102507114669,-0.22881745798920608,0.7293012799094657,0.7162225521899255,0.7054814877640837,-1.1166559867447614,-0.08494851388723164,1.2302063467060473,0.7460662075238448,0.07853080971988152,-0.7172153470485803,1.2759932591858567,-1.2200931341274845,-0.542468130867484,-0.21433794452739865,0.9448233426634324,-1.6909364324173604,-1.1636068557222192,0.0
0.37239110982291007,-0.9369410967506582,-1.0089939035985906,-0.148181101381307,-0.45481588299284037,0.05353046246447345,1.0726491556668918,-0.17964569375358172,1.2575112714615837,-0.30427530087793286,-1.9376416274797506,0.3922782609091791,-0.2686642276329095,0.4715506955547305,0.06557488117430592,0.5871978035567564,0.08425795889687923,-0.9799030316604572,-0.668351358477607,0.6183074328049928,0.7261529889709495,0.0
0.3758552131700999,1.3891950826490935,0.24520415719496616,-0.013807767939113891,-0.2882907277270043,0.5948195251940446,0.031215173632631134,0.06622296777910318,-0.09299839432598944,-0.9297628045180809,-0.6278583304606227,0.7551376933344772,0.007914869919313857,-1.250110469594892,0.9817684842230489,-0.4081784148222532,-1.654765785674507,-0.8430139101201092,0.8750644366681445,-0.6777398553545364,-0.2595866056933252,0.0
0.3793193165172898,-0.5115483282134943,-0.39033118302777786,-0.9362625434611958,-0.0444503218020305,-0.7567221096959402,-0.6872071990006288,-1.7953540409683681,-0.1792011389507278,0.17905595193490878,0.6895399857272214,-1.0319450113601154,-0.03916242328106459,-0.2150641738799404,-0.7128172449931225,-0.29107533030707594,1.399818129303155,0.5258773052833735,-0.5666196205678118,0.2341370640020053,-0.17786726105794487,0.0
0.38278341986447967,0.5064436149910483,0.846994258113848,-0.19902506538646095,1.7397477703319255,-0.25241552951311,-0.16927479082316232,1.1761443541266519,-0.5276038984757138,1.048239885564725,-1.3360551131511977,-0.23365426002446005,-1.2160947532905244,-0.5942395495378928,-1.0778049405166055,-0.27546158570505225,-0.8388926327830611,0.10507000573341393,1.1192206076516527,-1.1801164914815199,-1.071672593007417,0.0
0.3862475232116695,0.7154516226538166,0.3239430489039788,2.826190792920208,-0.20502815009408665,1.586622466220277,-0.08016813995392078,-0.41848953638533276,-1.0268614610939921,0.4836764894219939,0.6590799090523579,1.997931249391123,0.2844939674715372,-1.0400268155141346,1.0227364908634398,-1.325485910191145,-1.2087174875539242,-1.0306027063050307,0.6192817813520876,-0.9521472616423846,-1.5926334150579662,0.0
0.3897116265588594,-0.42548620741117793,0.2845736030494725,-0.19902506538646095,0.1101801795162458,-0.558361521490694,0.944558345042357,0.01704923547256616,-0.2438531974192819,0.008468450942141206,0.4306293339908821,-0.1610823735394004,-0.2627795659828622,0.5227906111841836,-0.35900264218974615,-0.9273354228395406,1.396995038808721,0.24195912727376231,-0.8107757915513205,-1.3405392828498006,-1.516021529462297,0.0
0.3931757299060492,0.20645565105154537,-0.4072038026797091,1.8819457471102035,-0.4072372672026015,0.8469728152854594,0.7329300492279083,-1.373864906912337,-0.8364970667143606,-1.9329797746422144,0.20217875892940626,1.4899280439957057,1.2966557712796725,0.23072309209630112,1.223852159825359,-2.0944628318408105,-0.00043475593614281116,-1.1725617953098364,-0.7090440536415251,-1.657163213181933,-1.1533919376427968,0.0
0.3966398332532391,0.9342953012654213,1.5443958703936733,-2.7266964187855507,0.782228127553369,-1.29128708468974,-1.4390445657098545,2.377388386186341,-0.15405867176851273,2.027087212689892,1.2073612891998997,-3.5039248947574593,-1.5868284372435046,-1.0144068576994079,-1.5731453844413321,2.6638258356259055,-0.6610379316337148,2.807362664289178,2.08421880725314,1.6399473146766737,0.5524993816207665,0.0
0.4001039366004289,-1.6205202276947712,-1.7232681355303472,0.49826358382708097,-0.9127600599738891,0.5746472619867313,1.0615108243082365,-1.458162733723543,1.3544893591644147,-1.1531511986752765,-0.9019990205343936,0.5011360906367684,0.44926449367286114,1.168413548115292,0.6354026098997436,1.1883269707346678,0.7448611345944512,-1.106652218271891,-2.089689068131604,0.4283330746057132,0.9151289734402663,0.0
0.4035680399476188,0.12039353024922902,0.39143352751170385,0.977649530161391,0.3837572203101186,-0.3667250210212183,0.4266259368648905,0.41043909392486194,0.5319715042033664,0.04502291544059145,0.46108941066574555,0.9909963244109209,-0.23924091938267297,0.2204751089704105,0.24062000045597612,-1.2357068787295082,-0.03148875137491759,-0.5641656995749553,0.2327011772948654,-0.5342036736039698,-0.6630758698305151,0.0
0.4070321432948087,1.861307288193229,1.6512557948559048,0.04429961949534799,-0.002819032985571498,1.7244662648035838,-2.369095234157563,2.152594181356458,-2.2983519443088882,-0.8688386970206639,-0.8563089055220985,-0.0023313718533323536,-0.33339550578342986,-1.1066387058324236,1.1530892392646837,-0.4120818509727591,-1.321641107331287,-0.7010548211153035,1.6191594339512185,-0.9225956948113856,-0.7243653783070504,0.0
0.4104962466419985,0.6957802807561442,-0.9471276315415093,1.5768819630792787,0.5681243564972942,1.210073553017097,-0.6872071990006288,-0.7697304814320254,-0.3875244384605132,-0.7510520891923244,-0.4831729662550212,0.8821384946833315,0.337455922321963,0.8302301049609019,1.167986696224826,-0.6697086369061497,-0.5735221263062587,-0.9748330641959999,0.2792071146250576,-1.1547865770549492,-0.45877750824206454,0.0
0.4139603499891884,0.046625998132957765,0.1889620916885289,0.6762174578451204,0.4253885091265776,0.21490856812297923,0.9000050196077362,-0.45361363089000206,-0.08581483227392787,-0.5032940520361617,1.184516231693752,0.7279232359025798,0.9200374256766456,0.010391454889653089,0.315107285256687,-1.1732519003214135,-0.051250384835956085,-0.5134660249303818,-0.011454993688643191,-1.4671888549826537,-0.8060847229424307,0.0
0.41742445333637823,-0.17959443369027392,0.17208947203659763,-1.542758399808391,-0.44292122904528064,-1.1467191983706622,1.0169574988736156,1.0988713462163797,-0.09659017535202022,0.6014630972503336,1.3825067300803646,-1.3539827576375678,-0.03916242328106459,0.48692267024356645,0.2480687289360472,-0.9858869650971299,1.4958032061139135,0.606996784714691,0.011797974976452895,-0.1162600855655548,-0.14211504777996598,0.0
0.4208885566835681,0.6884035275445171,0.5882807567842351,1.275449890763008,0.6038083183399733,-0.43396589837892907,0.8164675344178222,0.38936463722206033,-0.06426414611774317,0.28465773826376506,0.21740879726683798,1.3447842710255866,1.496734267381281,-1.0912667311435875,-0.5787401323518429,-2.281827767065095,-0.4860063209788026,-0.03688908327139165,1.3052443569724215,-1.6613848655863612,-1.6539229235345014,0.0
0.424352660030758,-0.4058148655135056,-1.0371149363518093,0.38931223238746504,-0.7164982698391538,-0.2187950908342547,-0.6537922049246632,-1.036673599667512,1.5556290966221384,0.15874791610243644,0.034648337217657366,-0.0023313718533323536,1.2790017863295307,0.18973115959273879,-0.1280920593075424,2.1407653914581126,-0.13029691868010998,-0.6199353416839859,-0.8921611818791567,1.4921894805216784,1.2726511062200552,0.0
0.42781676337794783,0.7843013192956697,1.055089900487667,0.3166779980943878,0.8595433782125071,-0.10448559932614679,0.23170513808842458,0.656307755457547,-0.4701354020592212,0.292780952596754,0.2097937780981221,0.1201336865902056,0.30803261407172644,-0.8248191698704315,-0.09829714538725805,-0.31059251105960556,-0.6440993886671104,0.3078687043117077,0.6047486759364025,-0.5890851548615395,-0.8980189856572337,0.0
0.4312808667251377,-1.1852917882087712,-1.6726502765745535,-0.03922974994169097,-0.7521822316818328,-0.6928432762061151,1.3343999425952886,-1.654857662949691,0.9558016652749983,-0.3123985152109218,0.2097937780981221,-0.6418711215029202,1.6850434401827947,0.7021303158872692,-0.001463675146333881,1.3639815975074343,1.1570323467818253,1.0328740517291077,-1.6972952219081079,0.9096014487105546,0.37884577427058325,0.0
0.43474497007232754,-0.33942408660886153,-0.11474506204623403,1.3408207016267777,-0.15744953430384778,0.6486122270802132,0.9779733391183226,-0.025099677933037,1.4766099140494615,-1.9939038821396315,-0.7953887521723716,1.4445706149425432,0.31391727572177375,0.07700334520794197,1.4286921930273138,-0.3886612340697236,-0.41260596812351674,-0.9545531943381705,-1.1275974896132543,-0.48776549715525697,0.09793552708646354,0.0
0.4382090734195174,0.8285618385654325,0.2283315375430349,0.6217417821253124,-1.1447058119513032,0.35947645444205695,-0.9823729800049913,1.9207751576256407,-1.3142039431764543,0.17905595193490878,0.5981597557026309,-0.36519080427863043,-1.0807475353394371,-0.19456820762815916,0.31883164949672255,-0.3769509256182058,0.047557782469236316,-0.2295478469207707,0.9855160378273505,0.4198897697968563,0.9202364324799777,0.0
0.44167317676670725,0.6146359954282461,0.20021050478981642,-0.7764672280164255,1.5018546913807311,0.23508083133029245,0.15930598425716586,-0.8118793948376285,-0.6640915774648831,-0.6088958383650179,-1.907181550804887,-0.04315305800117842,1.9321992294847814,-0.24068413169466693,-0.44838738395059885,0.25930916691425887,-0.7033842890502259,-0.5793756019683274,0.4768573482783743,0.2003638447665778,-0.7243653783070504,0.0
0.44513728011389714,0.4203814941887319,0.3745609078597726,0.004350790634155447,1.1212257650588202,0.21490856812297923,-0.24167394465442107,0.02407405437350002,-0.4845025261633444,-0.7266824461933575,-0.5364781004360323,0.02488308557856477,-0.08035505483139573,0.48179867868062115,0.4640818548581086,-1.4074580693517689,0.27622811251839585,-0.9241333895514268,-0.06377417318510939,-1.2983227588055162,-0.6937206240687828,0.0
0.448601383461087,-1.293484168645969,-1.9651090172080286,0.3965756558167728,-1.3469149290598184,-0.6457746620557175,1.000250001835633,-1.078822513073115,1.3544893591644147,1.1863345292255372,-0.05673189280693305,0.17456260145400035,0.8494214858760779,1.204281489055909,-0.31431027130931966,1.6294152557418369,0.43996736119557184,1.3370720995965484,-1.0665584468673772,1.5935091382279607,1.2420063519817874,0.0
0.45206548680827685,0.612177077691037,0.936981562924148,0.17504124122288703,0.04475958280466736,0.6553363148159842,0.22056680672976942,-0.502787363196539,-0.23307785434118958,-1.1003503055108483,-0.6887784838103495,0.7868878936716907,0.2727246441714426,-0.6813474061079631,0.665197523820028,-0.9351422951405525,-0.24039744796303858,-0.5388158622526686,0.03795756472468599,-1.023915352517668,-1.1482844786030855,0.0
0.45552959015546673,0.8998704529444947,1.0157204546331606,-0.12639083109338378,1.466170729538052,0.272063313877033,0.5213017534134596,-0.46063844979093593,-1.188491607265377,-0.32864494387689974,0.08033845222995237,-0.3243691181307844,0.9494607339268821,-0.999034883010572,0.08792106661451919,-0.4237921594242769,-0.8134848183331546,-0.8734337149068533,1.104687502235968,-0.9985854380910975,-1.270863495556156,0.0
0.45899369350265656,-1.0869350787204097,0.07647796067565374,-1.931351553276354,0.3302312775460999,-1.66783599789292,0.6048392386033735,-1.8164284976711698,0.08299887594951892,2.0392720341893753,1.0626759249942987,-2.1432020231625906,2.1087390789862006,1.281141362500089,-1.5433504705210477,0.47009471904157873,1.8853896943458148,1.3776318393122071,-0.40966208207841337,-0.2429096576984078,-0.6375385746319588,0.0
0.46245779684984645,-0.4845002331041949,1.4937780114378794,-2.646798761063166,-0.8235501553671912,-2.5789498860898994,-0.4867172345448353,0.9794494249005042,0.16201805852219614,2.9328256108181585,1.253051404212195,-2.619455028220795,-1.5220971590929844,-0.8350671529963222,-2.9809550671747673,1.9494970200833224,1.1626785277706932,3.8771257992896775,0.8169320150054042,1.9354629829866643,0.41459798754856214,0.0
0.46592190019703633,0.7154516226538166,-0.2103565734071776,0.5309489892589658,-1.0792852152397248,1.2201596846207536,0.9501275107216847,0.33316608601458947,-0.20075182510691253,-0.37738422987483317,0.24025385477298558,0.7551376933344772,0.9318067489767402,-0.38415589545713547,1.0972237756641507,0.19295075235565814,0.08708104939131331,-0.543885829717126,-0.31083696525175497,0.542317689525281,0.7414753660900832,0.0
0.46938600354422616,-1.0057907933925112,-1.3689431228397908,-0.35518866911657726,0.14586414135892495,-0.2759498365883088,0.5825625758860632,-1.3106415368039321,0.00757147440287248,-0.8079145895232469,-0.4222528129052944,-0.2563329745510412,1.4555416358309496,0.23584708365924642,0.03950433149405711,-0.34962687256466435,0.08425795889687923,0.05944029855329795,-0.688697706059566,-0.08248686633012729,-0.755010132545318,0.0
0.47285010689141604,-1.529540271418037,-2.111338387524766,0.5454758361175812,0.22912671899184295,-0.17508852055174307,0.4767484279788388,0.2839923537080524,1.3616729212164764,-0.7469904820258298,-2.044251895841773,0.41495697543576027,0.4316105087227192,1.7832925356687286,-0.27334226466892864,0.24369542231223515,0.46819826613991244,-0.868363747442396,-1.6507892845779157,0.17503393034000717,0.0008938053319496569,0.0
0.4763142102386059,0.007283314337613089,0.3295672554546225,-2.65043047277782,-0.8354448093147508,-1.6913703049681184,-0.030045648839972443,0.14349597568937564,-1.0591874903282692,1.2391354223899653,1.930788110227907,-2.3563819397124535,0.7905748693756048,-0.05109644386569062,-1.9455818084448866,0.8331142810386292,1.360294862381078,1.8592787484356545,0.36059250495289386,0.7111837857024182,0.7108306118518157,0.0
0.47977831358579576,-0.10090906609958462,0.1102231999795163,-0.6457256062888863,-0.4904998448355195,0.0030998044461903896,-1.1494479503848194,0.16457043239217722,-0.8616395338965761,0.7436193480776401,1.0855209825004464,-0.2381900029297763,0.5846117116239492,0.9737018687233704,-0.5899132250719495,1.0321895247144313,0.16895067372990127,0.5968568497857762,0.02633108039213795,0.9391530155415536,0.2358369211586679,0.0
0.4832424169329856,0.6957802807561442,0.6445228222906727,0.6072149352666969,0.8298067433436079,0.14766769076526848,0.19829014401245906,0.29804199150992017,-0.29772991280974365,0.49992291808797185,0.8570704074389702,0.41042123253044405,0.5904963732739965,-0.3482879545165183,-0.012636767866440515,-0.5526055523909724,-0.4493061445511597,-0.41206667564123495,0.5640559807724843,-0.6439666361191089,-0.5558192299965787,0.0
0.48670652028017547,-0.44515754930885026,-0.44094904198357165,1.3735061070586625,-1.1447058119513032,0.7662837624562066,0.04792267067061394,-1.570559836138485,0.2589961462250271,-1.2993690566690776,0.0270333180489415,1.5851786450073464,1.0730386285778755,-0.6506034567302913,0.8402426431016984,-0.75558423221728,-0.2291050859853023,-0.3867168383189482,-0.3864091134133173,-0.00649712305041553,0.7210455299312382,0.0
0.49017062362736535,0.6293895018515003,-0.49719110749000894,-1.9168247064177386,1.258014285455757,-1.6510257785534919,-1.0881871279122157,2.2439168270685976,-0.3875244384605132,1.2228889937239873,-1.3360551131511977,-1.458304844459841,-0.8453610693375448,-0.2714280810723386,-1.9567549011649936,-1.0834728688597777,0.45125972317330804,0.22674922488039026,1.5784667387873004,-0.8170543847006748,-1.2759709545958673,0.0
0.4936347269745552,-1.5885542971110538,-1.2789558180294909,-2.134727409296971,-0.3537113244385828,-2.908430185142682,1.206309131970754,-1.0647728752712473,1.401182512502815,1.0238702425657582,0.1184135480735317,-2.7645988011909135,0.908268102376551,1.993376189749486,-2.0908320138062724,0.9307001848012773,1.6708348167688254,1.347212034525463,-1.0665584468673772,1.9565712450088064,0.8436245468843087,0.0
0.49709883032174507,-0.3787667704042061,0.3070704292520475,0.8941201607243523,0.7703334736058093,-0.4137936351716158,0.8554516941731154,-0.3974150796825312,-0.017570992779343,-1.0069333406814758,-0.26995242953097714,0.6462798636068877,1.461426297480997,-1.367962275542634,0.2145494507757273,-0.9702732204951062,0.4710213566343465,-0.6706350163285594,-0.630565284396826,-0.6186367216925382,-1.122747183404529,0.0
0.5005629336689349,1.952287244469964,1.3025549887159917,-0.8708917325974261,0.40159920123145815,1.2134355968849826,-2.430356056630166,1.7240802283994925,-1.2639190088120233,0.3374586314281932,0.0955684905673841,-0.6373353785976039,-1.7810222716950654,-1.065646773328861,0.31883164949672255,0.946313929403301,-1.2510638449704352,-0.41206667564123495,1.741237519442973,0.45788464143671226,0.5320695454619214,0.0
0.5040270370161247,-0.21156036427399144,0.26207677684689745,-2.2436787607365867,-1.1447058119513032,-1.5131819799701853,-1.2162779385367506,0.7968041334762238,-0.05708058406568161,1.6046800673744672,0.41539929565345035,-1.725913675873498,-0.9924776105887274,0.4408067461770587,-1.9679279938850998,0.5364531336001794,1.1288014418374845,2.6856834451422014,0.6018420548532655,0.9264880583282683,1.57399118956302,0.0
0.5074911403633147,0.8285618385654325,0.7007648877971102,0.9667543950174294,0.449177817021697,1.052057491226477,0.15373681857783825,1.5906086692817492,-0.2905463507576821,-0.59264940969904,-0.8030037713410875,0.9864605815056047,-1.6221364071437885,-0.23556014013172163,0.6987168019803477,-1.4582027393083463,-0.912292985638347,-0.9849729991249146,0.6425347500171836,-1.1252350102239508,-1.725427350090459,0.0
0.5109552437105045,0.14252378988411027,0.4532997995687852,0.6144783586960046,1.1093311111112605,0.7057669728342669,1.0058191675149604,-1.4370882770207416,0.5750728765157358,0.10188541577151405,1.0855209825004464,0.7460662075238448,0.01968419321940847,-0.1638242582504873,0.7322360801406675,-0.0998069589322857,-0.6215146647116379,0.0036706564442671283,0.2297945562117284,-0.5975284596703964,-1.2044665280399094,0.0
0.5144193470576943,0.3613674684957149,-0.4184522157809966,1.0175983590225837,0.615702972287533,-0.41715567903950135,-1.661811192882958,1.0496976139098428,0.6971934314007822,0.21154880926686456,-0.772543694666224,0.551029262595247,0.1668007344705911,-0.9734149251958455,-0.13181642354757794,0.005585817131374249,0.16048140224659907,-0.24475774931414276,0.19782172429722128,-0.1626982620142675,0.11836536324530864,0.0
0.5178834504048843,1.4900107098746642,1.0157204546331606,-0.10823227252011446,0.7287021847893503,0.41663120019611105,-1.127171287667509,-0.3271668906731926,-1.0196778990419306,-0.6251422670309958,0.7656901774143801,-0.15201088772876792,0.9553453955769294,-0.7428353048633068,0.575812782059175,0.044620178636433486,-0.48882941147323666,-0.09265872538042233,0.8430916047536373,-0.2429096576984078,-0.05018078506516306,0.0
0.5213475537520741,1.1433033089281897,-0.15411450790074002,1.591408809937894,-0.09202893759226936,1.4117961850902292,-0.07459897427459318,0.05919814887816932,-0.18279291997675862,-1.5593119153247235,1.0702909441630146,1.6396075598711413,-0.04504708493111189,0.4613027124288399,2.262949782795275,-0.25984784110302855,-2.29560732791104,-1.1320020555941777,0.3169931887058387,0.4494413366278554,0.04175347764963955,0.0
0.5248116570992639,-0.4008970300390875,0.4139303537142789,-0.5912499305690785,0.3897045472838984,0.6049056567977011,-0.8375746723424738,-0.5660107333049437,-0.5527463656579292,-0.45049315887173363,-0.277567448699693,0.03395457138919723,0.5257650951234761,-0.38415589545713547,0.32628037797679366,-0.8219426467758811,1.193732523209468,-1.2181915024899526,-0.4474481561591945,-0.10359512835226947,0.34820102003231557,0.0
0.5282757604464539,-0.4008970300390875,0.6726438550438915,-0.3297666871140002,-0.3893952862812619,-0.38689728422853153,0.9389891793630294,0.9513501492967688,0.5427468472814587,0.0815773799390417,0.5600846598590516,-0.2880831748882546,-0.6217439266357472,-0.9734149251958455,-0.1206433308274713,0.3490881983758951,0.42867499921783553,0.30279873684725034,-0.4271018085772354,0.39878150777471416,0.5780366768193227,0.0
0.5317398637936437,-1.6377326518552346,-2.1225868006260535,1.035756917595853,-0.5202364797044188,-0.2826739243240799,1.7687948655828414,-1.8656022299777069,1.9830510387198015,-1.73802263065048,-2.440232892614998,1.4536421007531757,1.6732741168827001,1.5475889237732443,0.3002098282965448,-0.41598528712326505,1.0864550844209735,-0.8835736498357679,-2.749492054003705,-0.26401791972055,0.11325790420559737,0.0
0.5352039671408335,0.8801991110468224,0.4364271799168539,-0.4714034439855008,0.4789144518905963,0.9209377803789413,0.1036143274638899,0.6211836609528777,-1.1561655780311,0.1912407734343922,-0.24710737202482955,-0.44683417657432256,-1.0336702421390587,-0.276552072635284,0.16240835141522966,0.25930916691425887,-0.27427453389624745,-1.0610225110917748,0.24432766162741343,0.9644829299681243,0.5473919225810552,0.0
0.5386680704880233,-1.0795583255087826,-0.9246308053389344,2.165219260853205,0.365915239388779,0.03335819925716022,1.6963957117515827,0.41043909392486194,1.7172592427935236,-1.920794953142731,-0.445097870411442,1.5851786450073464,-0.9630543023384909,-0.3687839207682995,1.0637044975038308,-0.9546594758930825,0.12095813532452207,-1.2283314374188672,-1.6449760424116417,0.2932401976640033,-1.0257054616500154,0.0
0.5421321738352133,-0.6492477214972004,-1.273331611478847,-0.3660838042605389,0.948753282819205,0.21154652425509368,0.281827629202373,-0.5379114577012084,0.1907523067304422,-0.04027083505579245,-0.6278583304606227,-0.10665345867560563,0.7729208844254629,1.588580856276807,0.20337635805562065,0.840921153339641,-0.048427294341522015,-0.559095732110498,-0.7758963385536763,-0.22602304808069404,-0.49452972152004343,0.0
0.5455962771824031,-1.6869110065994155,-0.3284649109706965,0.9703861067320833,-1.6204919698536915,-0.857583425732506,1.7353798715068758,-1.2965918990020644,2.3422291413228793,0.36995148876014894,-0.3537176403868516,0.23806300212842754,0.9788840421771187,0.42031077992527743,-0.6159837747521983,0.5871978035567564,0.9932930981046492,1.1342734010182547,-1.7147349484069299,-0.03604868988141448,0.7823350384077734,0.0
0.5490603805295929,0.9539666431630937,1.4037907066275794,-1.731607408970392,-0.7997608474720718,-0.7096534955455427,-1.2664004296506988,2.4968103075022166,-0.006795649701250651,1.5234479240445777,0.8113802924266751,-0.9321586674431589,-2.3930270832999847,-0.20481619075404978,-0.7761314370737268,1.5981877665377895,-0.9151160761327811,1.6057803752127875,1.712171308611603,0.7829518765777017,0.945773727678534,0.0
0.5525244838767829,-2.0041113946993816,-1.3295736769852844,0.029772772636732524,-1.3171782941909191,-2.1553323587363225,0.6048392386033735,-0.6503085601161499,2.5074510685202953,1.1132256002286367,-1.7929562632741494,-0.41508397623710896,0.09618479467002344,1.2452734215594716,-1.9716523581251357,0.48961189979410835,1.8317509749515675,2.1837566661609245,-1.3630337973473519,0.5549826467385662,0.39927561042942833,0.0
0.5559885872239727,-0.7795703615692797,-0.952751838092153,0.35662682695558023,0.03881225583088751,0.25189105066971973,-0.08573730563324838,-1.2474181666955275,0.003979693376841697,-1.3602931641664946,-0.9629191738841205,0.02488308557856477,1.1730778766286791,0.5689065352506913,-0.19140625138814665,-1.3879408885992397,1.1965556137039022,0.1861894851647315,-1.2583954383544198,-1.0661318765619525,-0.9133413627763675,0.0
0.5594526905711625,-0.2976224850763078,0.706389094347754,-0.25350074110626897,-1.0971271961610642,-0.5751717408301216,1.328830776915961,0.3823398183211265,0.603807124723982,0.832974705740518,0.1641036630858269,-0.37879803299457915,-0.009739115030828058,-1.6805257608822977,0.09164543085455432,0.5169359528476498,0.09272723038018145,-0.6706350163285594,-0.3660627658313582,0.9644829299681243,0.48099495506480866,0.0
0.5629167939183524,-0.6295763795995282,1.2800581625134166,0.0878801600711942,-0.15150220733006795,-0.5180169950760675,0.47117926229951124,0.8530026846836948,1.5843633448303847,0.10594702293800852,-0.8030037713410875,-0.3198333752254682,-0.5452433251851322,-1.065646773328861,-0.5936375893119851,0.7511421218780048,0.18871230719093976,0.3839182162785679,-0.21201184842509663,0.27635358804628957,0.34820102003231557,0.0
0.5663808972655423,0.5605398052096472,0.7513827467529041,0.4837367369684655,0.4313358361003575,0.33258010349897266,-1.2274162698954054,1.6187079448854846,-1.368080658566916,-0.41800030153977785,-2.0137918191669093,0.09745497206362444,-1.2631720464909029,-0.7223393386115255,0.05067742421416375,-1.7626707590478075,-0.7570230084444731,-1.238471372347782,1.1192206076516527,-1.0872401385840946,-1.178929232841353,0.0
0.5698450006127321,-0.5508910120088389,-0.7390319891676905,1.006703223878622,-0.05039764877581036,1.499209325655253,1.2954157828399955,-0.32014207177225895,-1.188491607265377,-2.050766382470554,-0.8258488288472351,1.2449979271086296,0.5728423883238546,-0.10233635949514372,1.8942377230317566,-1.4894302285123937,0.5105446235564235,-1.121862120665263,-1.371753660596763,-0.5595335880305404,0.26137421635722424,0.0
0.573309103959922,0.034331409446912556,-0.5309363467938715,1.195552233040623,-1.6204919698536915,0.9343859558504835,-0.37533392095828344,-0.8821275838469671,0.14046737236601145,-1.9248565603092256,0.0955684905673841,1.2041762409607835,0.1609160728205438,0.6047744761913084,1.1493648750246481,0.6730733988678863,-0.48882941147323666,0.4954575004966294,-0.5462732729858527,1.0911325021009775,1.4514121726099496,0.0
0.5767732073071119,0.494149026305003,0.6220259960880976,1.5550916927913556,-0.5797097494422173,0.850334859153345,0.9278508480043742,-1.1069217886768505,-0.12891620458629727,-1.4618333433288562,0.5220095640154725,1.4218919004159625,1.4790802824311382,-1.3987062249203057,1.2461983452655723,-0.5135711908859132,-1.8552052107793258,-1.238471372347782,0.1774753767152622,-0.13736834758769698,-0.448562590162642,0.0
0.5802373106543017,1.1383854734537715,-0.17661133410331503,0.4619464666805423,0.5443350486021747,0.4401655072713098,-1.7676253407901823,1.0848217084145122,-0.5922559569442678,0.18717916626789774,-0.7420836179913606,-0.47404863400621994,-1.021900918838964,0.3844428389846603,-0.22492552954846656,0.7784661749315462,-0.9800471575047647,-0.5134660249303818,1.3633767786351616,0.4494413366278554,0.7670126612886397,0.0
0.5837014140014916,0.8064315789305511,2.0224534271983923,-1.7497659675436612,-0.9662860027379078,-2.104901700718039,-1.5337203822584238,0.9162260547920995,1.5125277243097692,1.864622926030113,1.047445886656867,-1.1680172985196022,-1.4985585124927951,-1.0502747986400252,-1.6662544904422212,1.6567393087953783,-0.07948128978029671,2.2547362106633275,1.438948926796724,1.5132977425438208,1.5433464353247524,0.0
0.5871655173486814,-1.4016765490831669,-1.9088669517015908,1.9001043056834728,-1.953542280385363,0.4468895950070809,1.6685498833549446,-1.4370882770207416,1.2287770232533377,-1.6202360228221406,-0.10242200781922815,1.780215589935944,1.1377699067283953,0.4100627967993869,1.3132369015862122,0.4661912828910728,0.30163592696830244,-0.5641656995749553,-1.9327315296422058,0.7956168337909869,1.4871643858879284,0.0
0.5906296206958713,0.4818544376189578,0.3239430489039788,0.9958080887346603,-0.9068127330001092,0.641888139344442,0.025646007953303532,-1.2403933477945936,0.42780985444847364,-0.42206190870627236,0.98652573330714,1.4672493294691245,1.5379268989316113,-0.32266799670179175,0.7732040867810586,-0.10371039508279162,-1.8072126723739466,-0.38164687085449084,0.2501409037936875,0.04416270580272572,0.07750569092761846,0.0
0.5940937240430612,0.10564002382597477,-0.3284649109706965,0.9449641247295064,0.5027037597857157,0.8839552978322004,-0.16927479082316232,0.42448873172672963,-0.8939655631308532,-0.29209047937844945,-1.5035855348629468,0.5464935196899308,-1.7869069333451126,-0.020352494488018767,0.03950433149405711,-0.525281499337431,-0.4380137825734234,-0.11800856270270907,0.21816807187918033,-0.5679768928393972,-0.6120012794334028,0.0
0.597557827390251,-0.8951394952181045,0.2564525702962537,-1.3248556969291592,-1.2993363132695794,-1.5064578922344143,-0.904404660494405,-1.6970065763552942,1.5735880017522923,1.8361916758646517,0.5905447365339151,-1.004730553928218,1.6497354702825109,-0.05109644386569062,-1.6439083050020078,1.8441042440196624,0.5077215330619894,2.2445962757344127,-0.06958741535138341,1.5428493093748197,1.5433464353247524,0.0
0.6010219307374409,-0.20418361106236432,1.1675740315005416,-1.9749320938522006,-0.3299220165434633,-2.545329447411044,-1.9347003111700103,0.7616800389715546,0.9989030375873678,3.0465506114800034,0.5829297173651993,-2.4561682836294105,0.32568659902186836,-1.7112697102599697,-3.465122418379387,0.37250881527893065,1.2191403376593746,3.1217006470855333,1.558120391205341,0.7449570049378458,0.6852933166532594,0.0
0.6044860340846308,0.034331409446912556,0.07647796067565374,-0.15544452481061474,0.5978609913661934,-1.052581970069867,-0.7874521812285254,-0.7275815680264224,0.28413861340724256,1.0076238138997804,-1.0314543464025634,-0.37879803299457915,-0.7453218212867406,0.9788258602863157,-0.9213816424351126,-0.3886612340697236,-0.35896724872926955,0.7793756785062406,0.8663445734187334,-0.9605905664512415,-1.4853767752240294,0.0
0.6079501374318206,-1.0943118319320368,-0.01350934413464638,1.8202066479610877,-0.08013428364470965,0.26533922614126193,-0.19155145354047273,-0.41848953638533276,0.5355632852293971,-1.5349422723257566,-1.2827499789701868,1.498999529806338,0.19622404272082763,-0.6813474061079631,0.3821458415773268,0.37250881527893065,0.1971815786742419,-1.0660924785562322,-0.8776280764634716,0.4367763794145701,0.3533084790720269,0.0
0.6114142407790105,-0.612363955439065,0.08772637377694126,-0.8200477685922719,-0.5440257875995382,-1.2274082511999151,0.9334200136837019,0.5649851097454068,0.8983331688585058,1.2919363155543928,1.1235960783440258,-1.0455522400760642,0.025568854869455773,-0.25093211482055755,-0.9921445629957879,0.38812255988095434,0.45972899465661027,1.3674919043832925,0.32571305195524974,0.28057524045071797,0.6342187262561467,0.0
0.6148783441262003,-0.5213839991623305,0.09335058032758502,-0.6384621828595786,-1.3647569099811578,-0.30620823139927866,-0.3196422641650074,-0.7275815680264224,-0.34801484717417464,-1.0313029836804426,-1.2979800173076184,0.1382766582114705,0.1432620878704019,0.2973349824145901,-0.05732913874686705,-1.0795694327092713,1.1400938038152209,-0.6655650488641021,-0.4823276091568385,-0.6481882885235374,0.031538559570217006,0.0
0.6183424474733902,0.4351350006119861,-0.5084395205912965,-0.4605083088415392,0.06260156372600693,0.7360253676452367,0.48788675933749404,-0.08832304804144174,0.11891668620982675,-1.1897056631737268,0.46108941066574555,0.02488308557856477,0.007914869919313857,-0.04597245230274532,0.8141720934214496,1.3561747252064225,0.25364338856292334,-0.41713664310569226,-0.4852342302399755,0.9307097107326968,0.9866333999962242,0.0
0.62180655082058,0.11793461251201999,0.6220259960880976,-1.1287432643378503,1.13312041900638,0.6990428850984958,-0.3085039328063522,0.7335807633678191,-2.007417681200395,-0.30427530087793286,1.4662719409362392,-1.4265546441226273,-1.1984407683403824,0.10774729458561383,0.5869858747792815,-0.728260179163739,0.6912224152002039,-0.543885829717126,-0.023081478021191235,-0.9479256092379562,-0.07571808026371943,0.0
0.62527065416777,-0.14762850310655637,-0.2103565734071776,-0.31160812854073083,0.25291602688696235,-1.055944013937753,1.2285857946880643,-0.0953478669423756,0.8516400155201056,0.31308898842922633,-0.2547223911935454,-0.5602277492072283,-0.09800903978153765,0.7482462399537769,-0.6346055959523761,0.6613630904163685,0.2621126600462255,0.13041984305570067,-0.5055805778219346,0.33545672170828766,0.23072946211895662,0.0
0.6287347575149598,0.0048243966004040476,1.713122066912986,-0.6130402008570017,-0.23476478496298595,-0.9012899960150184,1.2675699544433576,0.9864742438014381,0.42780985444847364,1.8199452471986737,2.387689260350858,-0.755264694135826,-1.475019865892606,-1.4806900899274307,-0.4558361124306699,0.5130325166971439,0.6573453292669951,0.652626491894807,0.10771647071997426,-0.26401791972055,0.2664816753969355,0.0
0.6321988608621496,-0.07877880646470325,1.4206633262795105,-1.5391266880937369,-0.5440257875995382,-0.3196564068708208,-1.717502849676234,-0.2779931583666558,-0.8077628185061144,0.6705104190807396,-0.05673189280693305,-0.8414438093368343,0.33157126067191567,-1.6139138705640088,-0.6718492383527315,0.6808802711688982,0.44843663267887396,0.34842844402736645,0.4390712741975932,0.03994105339829728,1.385015205093703,0.0
0.6356629642093395,-1.101688585143664,-1.0483633494530968,0.9413324130148525,-1.5253347382732136,-0.4575002054541278,1.947008167321324,-1.1841947965871227,0.6720509642185667,-1.4821413791613285,-0.8943840013656777,0.43309994705702515,0.8494214858760779,-0.2714280810723386,0.34862656341700693,-0.11932413968481531,1.4591030296862706,0.29265880191833565,-1.8629726236469175,0.2003638447665778,1.61485086188071,0.0
0.6391270675565294,0.8433153449886868,-0.036006170337221415,-0.362452092545885,2.0014301571782385,-0.28939801205985094,-0.6092388794900424,0.48068728293420054,-0.5132367743715907,0.4471220249235437,-0.6126282921231909,-0.36519080427863043,-0.4040114455839969,-1.081018748017697,-0.03870731754668933,-0.9936938373981418,0.09555032087461551,-0.9393432919447985,0.6221884024352246,-1.2181113631213758,-1.64881546449479,0.0
0.6425911709037192,1.3178864682700313,1.0494656939370233,0.2985194395211184,0.8476487242649475,1.1798151582061274,-1.984822802283959,-0.17262087485264788,-0.276179226653559,-0.38550744420782207,1.4281968450926599,0.11559794368488936,-0.9865929489386801,-0.8196951783074865,0.6391269741397791,-0.03344854437368499,-0.6695072031170171,-0.5388158622526686,0.8750644366681445,-0.5130954115818276,0.16943995364242134,0.0
0.646055274250909,1.2859205376863139,0.4420513864674977,-1.023423624612888,1.1093311111112605,0.4939582091574784,-1.5114437195411132,0.2769675348071186,-1.123839548796823,0.14656309460295303,1.0398308674881511,-0.9049442100112615,-0.298087535883146,-0.38927988702008076,0.26296618589618936,-0.6228674031000786,-0.29685925785172,-0.40192674071232026,1.2035126190626264,0.09904418706029541,-0.16254488393881106,0.0
0.649519377598099,1.2465778538909693,0.9819752153292981,-2.0330394812866626,0.0031282939882083596,-0.9147381714865604,-1.344368749161285,0.9232508736930334,-0.42703402974685184,0.8938988132379351,0.4382443531595979,-1.6034486174299598,-0.4098961072340442,-0.2201881654428857,-1.0256638411561079,1.0360929608649372,-0.9433469810771218,1.6564800498573609,1.6511322658657255,0.04416270580272572,0.8691618420828651,0.0
0.6529834809452888,-0.8779270710576412,-1.9201153648028784,0.9159104310122754,-1.0792852152397248,0.5376647794399904,1.1896016349327712,0.002999597670698441,1.2000427750450913,-1.4496485218293729,-2.0518669150104887,1.1996404980554671,0.10795411797011806,1.2350254384335808,1.0339095835835466,-0.4394059040263006,0.2846973840016981,-1.2283314374188672,-1.8135600652335884,0.7956168337909869,0.41459798754856214,0.0
0.6564475842924786,-0.12549824347167504,-1.3745673293904346,-0.707464705438002,0.07449621767356665,-1.3618900059153365,0.7607758776245461,0.5298610152407376,1.0168619427175216,-0.044332442222286925,-0.09480698865051239,-1.2133747275727647,-0.3510494907335718,0.6765103580725428,-0.29941281434917744,0.8175005364366055,0.8860156593161547,0.11013997319787128,-0.3718760079976322,0.6309723900182781,0.3890606923500058,0.0
0.6599116876396686,-1.7287126081319693,-1.6389050372706908,0.5309489892589658,-1.0495485803708255,-0.3734491087569894,0.0757684990672519,-2.2941161829346717,0.7259276796090284,-0.35301458687586657,-0.26233741036226127,0.4285642041517089,2.2911635901376664,0.9275859446568626,-0.3515539137096751,0.2827297838172944,1.284071419031358,0.03409046123101121,-1.7641475068202592,0.12437410148686592,0.4963173321839425,0.0
0.6633757909868584,-1.305778757332014,-1.0146181101492344,-1.8332953369807001,1.13906774598016,-1.136633066767006,-0.09130647131257598,-0.165596055951714,-0.09659017535202022,0.9629461350683411,-1.435050362344504,-1.340375528921619,0.19033938107078033,0.9378339277827532,-1.487485006920515,-0.05686916127672053,1.2473712426037153,0.6475565244303497,-0.2585177857552888,-0.027605385072557602,-0.8009772639027195,0.0
0.6668398943340482,0.8138083321421782,-0.4353248354329279,0.14961925922030997,1.0141738795307835,0.8805932539643148,-0.7094838617179392,0.05919814887816932,-0.8508641908184837,-0.470801194704206,-0.5669381771108958,0.5283505480686659,-0.09800903978153765,0.3690708642958244,0.315107285256687,-0.17787568194240416,-1.1804865826095834,-0.10786862777379437,0.750079730093253,-0.1542549572054106,0.046860936689350825,0.0
0.6703039976812382,0.5138203682026754,-1.2620831983775596,0.029772772636732524,-0.06823962969714993,1.579898378484506,-0.7707446841905428,-0.32014207177225895,-1.3644888775408854,-0.6738815530289295,0.7200000624020848,-0.04315305800117842,0.3963025388224354,1.573208881587971,1.1046725041442218,0.3959294321819662,-0.006080936925010953,-0.21433794452739865,-0.4271018085772354,0.7196270905112752,0.18986978980126645,0.0
0.673768101028428,0.4375939183491952,0.7120133008983978,-0.03196632651238323,1.7992210400697233,0.2787874016128041,0.9000050196077362,1.8856510631209713,-0.7467025410635911,1.2269506008904818,0.5981597557026309,-0.44683417657432256,-2.0164087376969575,-1.3064743767872902,-0.33665645674953293,-1.0795694327092713,0.157658311752165,-0.7720343656177063,0.8663445734187334,-0.770616208251962,-2.1135942371085155,0.0
0.6772322043756178,0.40808690550268667,0.06522954757436623,0.28762430437715686,-1.6145446428799115,0.5981815690619301,-1.4223370686718717,-0.12344714254611085,0.5427468472814587,0.26841130959778714,0.3544791423037234,0.05209754301046215,-0.8571303926376395,0.10262330302266852,-0.36272700642978173,0.6808802711688982,-0.8332464517941931,1.332002132132091,0.7646128355089381,0.6183074328049928,1.25222127006121,0.0
0.6806963077228076,0.4793955198817488,1.1450772052979665,0.10967043035911742,0.6751762420253316,0.5443888671757615,0.749637546265891,-1.1771699776861888,-0.9945354318597152,-0.8038529823567524,0.6819249665585055,0.7596734362397934,1.2790017863295307,-0.32779198826473704,0.6875437092602411,-1.805608556703373,-0.1190045567023737,-0.46783631775026574,0.19200848213094723,-2.1088800204557754,-1.3985499715489378,0.0
0.6841604110699976,-0.4058148655135056,-0.11474506204623403,-0.23534218253299963,-0.7343402507604934,-0.9550826979011869,1.7966406939794795,-0.12344714254611085,0.7115605555049053,-0.21085833604856005,-1.435050362344504,-0.2880831748882546,0.36099456892215154,0.4664267039917852,-0.6234325032322694,0.029006434034409792,0.8493154828885117,0.5765769799279469,-0.8485618656321015,0.8293900530264144,0.373738315230872,0.0
0.6876245144171874,-0.9418589322250762,-0.36221015027455905,-0.19902506538646095,-0.9246547139214487,-0.3364666262102485,-1.6228270331276646,-1.8515525921758391,0.8803742637283519,0.7558041695771235,-0.11003702698794401,-0.07943900124370826,1.1260005834283007,-1.1425066467730407,-0.951176556355397,0.9658311101558306,0.022149968019329676,1.7325295618242211,-0.4503547772423315,0.22991541159757686,0.8998065963211326,0.0
0.6910886177643772,1.8858964655653194,1.0944593463421726,-1.4265436249394674,1.216382996639298,0.6822326657590682,-2.2298660921743734,1.6327575826873524,-2.0469272724867333,0.832974705740518,2.0373983785899292,-1.5127337593236359,0.21976268932101686,-1.5729219380604462,0.35979965613711357,0.251502294613247,-1.7027583240798863,0.9264047349755035,2.110378397001373,-0.6946264649722501,-0.9439861170146351,0.0
0.6945527211115672,0.3171069492259521,0.5545355174803729,-0.6747793000061172,-0.18123884219896721,0.4031830247245689,-0.7596063528318876,0.2910171726089863,-0.7682532272197758,1.1660264933930646,1.3292015958993537,-0.2563329745510412,0.09030013301997614,0.1384912439632857,0.005985053333737209,0.30615040072032995,0.3750362798235883,0.7844456459706979,0.5756824651050324,0.15814732072229343,0.6137888900973016,0.0
0.698016824458757,0.9785558205351838,0.10459899342887254,0.9195421427269294,0.6394922801826525,0.668784490287526,0.1481676528985107,-0.6432837412152161,0.4421769785525968,-1.5186958436597788,-0.46032790874887364,1.1225328686650915,-0.374588137333761,0.020639438015543708,1.5069038420680603,0.10317172089402234,-1.3018794738702484,-0.6706350163285594,0.389658715784264,-0.10359512835226947,-0.1574374248990998,0.0
0.7014809278059468,0.27038751221898044,1.3363002280198542,-0.021071191368421626,-0.17529151522518738,-0.8138768554499943,0.17601348129514865,-0.9313013161535042,0.7905797380775825,-0.16211905005062638,1.0398308674881511,-0.07490325833839202,0.7846902077255575,-1.6497818115046259,0.08419670237448365,0.5989081120082742,0.2621126600462255,1.0328740517291077,0.18619523996467321,0.4663279462455691,0.9304513505594002,0.0
0.7049450311531367,-2.338524206959811,-1.6670260700239097,-0.7546769577285023,-2.369855168549953,-0.9550826979011869,1.3176924455573058,-1.317666355704866,1.4873852571275539,-0.1458726213846485,-1.53404561153781,-0.7280502367039285,0.7081896062749425,1.3170093034407058,-1.2602987882783472,0.9150864401992536,2.1648756532947875,0.47517763063880003,-2.357098207780209,2.0452259455018034,1.8957611090648299,0.0
0.7084091345003266,2.099822308702506,1.887472469982942,1.086600881601007,-0.09202893759226936,0.6183538322692433,-1.995961133642614,1.2323429053341228,0.05067284671524187,0.6664488119142452,2.509529567050312,0.29249191699222205,-1.7104063318944978,-2.177552942487992,0.3895945700573979,0.8955692594467239,-1.7253430480353584,1.1596232383405414,1.886568573599823,0.9011581439016978,1.3748002870142804,0.0
0.7118732378475164,-0.4181094541995508,0.03710851482114744,0.3820488089581573,0.20533741109672352,0.42335528793188215,-0.20268978489912792,1.6116831259845508,-0.11814086150820492,0.9142068490704075,0.33924910396629165,0.20631280179121395,-2.769645428903012,0.12311926927444976,0.1884789010954785,0.1851438800546463,-0.21781272400756602,-0.2396877818496854,-0.33408993391685105,0.542317689525281,0.45035020082654104,0.0
0.7153373411947063,-0.37139001719257897,0.4532997995687852,0.23678034037200268,-1.3171782941909191,-1.3719761375189927,-1.210708772857423,0.02407405437350002,2.2344757105419557,1.2188273865574928,1.6414173818167037,-0.21097554549787892,-1.2925953547411393,-0.5737435832861116,-1.1746384107575296,2.7653151755390595,-0.5791683072951268,2.812432631753635,0.27048725137564655,2.0789991647372306,1.997910289859055,0.0
0.7188014445418962,-0.38122568814141516,0.23395574409367864,0.5273172775443119,-0.48455251786173964,0.2317187874624069,-0.11358313402988639,0.34019090491552334,0.41703451137038133,-0.5764029810330622,0.7428451199082324,0.49660034773145223,-1.1984407683403824,-0.5532476170343303,0.3337291064568647,-0.521378063186925,0.32986683191264315,-0.33094719620991736,-0.43291505074350944,-0.7748378606563905,0.24094438019837916,0.0
0.722265547889086,-0.9492356854367033,0.09335058032758502,-0.362452092545885,-0.06823962969714993,-0.5919819601695493,0.9000050196077362,0.4174639128257958,1.3868153883986918,0.16280952326893092,-0.3613326595555674,-0.20190405968724645,-0.8806690392378287,-0.2304361485687763,-0.09084841690718695,1.039996397015443,-0.4493061445511597,-0.28024752156534416,-1.0752783101167882,0.6056424755917075,0.5933590539384566,0.0
0.7257296512362759,-1.5074100117831553,-1.250834785276272,0.8287493498605827,-0.6510776731275754,-0.47767246866144103,1.974853995717962,-1.2965918990020644,1.7603606151058928,-1.31967709250155,-0.22426231451868192,1.049960982180032,1.0024226887773078,1.0761816999822764,0.22944690773586948,-0.48624713783237167,1.5070955680916498,-0.751754495759877,-1.993770572388083,-0.21335809086740873,0.7006156937723932,0.0
0.7291937545834657,2.276864385781557,1.4712811852353045,1.6531479090870098,1.0141738795307835,1.5092954572589097,-2.1686052697017697,1.1972188108294535,-0.6748669205429755,-2.201045847630849,0.6438498707149262,1.5307497301435518,-0.7688604678869299,-1.8291215162077117,1.6745002328696597,-0.8063289021738574,-3.7099756656225087,-0.8075241378689078,2.613223844384075,-0.8719358659582443,-1.7816093995272826,0.0
0.7326578579306556,1.1605157330886529,0.8582426712151354,-0.17723479509853796,1.3115402282197757,0.857058946889116,-0.9545271516083534,0.10837188118470634,-0.8364970667143606,0.5527238112524,1.1388261166814573,-0.09304622995965695,0.8435368242260306,-0.5686195917231663,0.5795371462992105,0.06023392323845718,-0.6779764746003193,-0.09772869284487967,0.8605313312524594,-0.7368429890165346,-0.14722250681967725,0.0
0.7361219612778455,1.3277221392188674,1.1394529987473228,-0.06465173194426804,1.4364340946691527,0.9915407016045373,-1.6395345301656474,1.471186747965874,-1.8457875350290094,0.5811550614178612,0.8342253499328227,-0.3289048610361006,-1.004246933888822,-1.3730862671055792,0.5646396893390683,-0.8922044974849878,-0.4351906920789893,-1.1573518929164643,1.0494617016563648,-1.0281370049220966,-1.3066157088341348,0.0
0.7395860646250353,-0.044353958143776656,-1.132726447712753,-0.23534218253299963,0.4729671249168165,0.08715090114332881,0.7050842208312703,-0.004025221230235419,-0.31568881793989756,0.028776486774613565,-0.2090322761812503,-0.06583177252775957,-0.17450964123215262,1.7320526200392754,0.31883164949672255,-0.9195285505385288,0.6799300532224676,-0.13828843256053847,-0.2556111646721518,-0.382224187044546,-0.5711416071157125,0.0
0.7430501679722252,0.5187382036770934,0.3351914620052663,-2.3853155176080874,-1.917858318542684,-0.7970666361105667,-1.0547721338362501,0.7125063066650176,-0.24026141639325113,0.9995005995667914,0.27071393144784905,-1.8483787343170361,-2.3694884366997955,-0.5686195917231663,-0.9362790993952548,1.3366575444538928,0.5077215330619894,2.640053737962085,0.7994922885065822,1.952349592604378,1.803826846350027,0.0
0.7465142713194151,0.23596266389805387,-0.4072038026797091,0.661690610986505,1.4483287486167125,0.2552530945376053,1.0726491556668918,1.5906086692817492,-0.5994395189963294,-0.5195404807021397,-1.6178108223936845,0.20631280179121395,-1.2631720464909029,0.54841056899891,0.14378653021505194,-0.6306742754010904,0.25928956955179144,-0.45262641535689374,-0.025988099104328245,-0.838162646722817,-0.9184488218160788,0.0
0.7499783746666049,1.5145998872467548,-0.13724188824880906,0.22951691694269494,1.0082265525570036,0.7293012799094657,-0.325211429844335,0.21374416469871424,-1.9894587760702407,-0.8038529823567524,-0.08719196948179651,0.18816983016994904,0.5787270499739019,-0.4456437942124792,0.28903673557643816,-0.7985220298728456,-0.8558311757496656,-0.5540257646460407,1.2907112515567367,-0.7790595130608189,-0.8571593133395435,0.0
0.7534424780137948,-0.12058040799725696,0.18333788513788515,-0.2607641645355767,-1.150653138925083,-0.4978447318687543,-1.1494479503848194,-0.6784078357198854,0.43140163547450444,1.3081827442203708,2.989275774679412,-0.9503016390644238,-0.09212437813149034,-0.6403554736044006,-0.7388877946733713,1.8753317332237098,0.3157513794404728,1.5601506680326713,0.18328861888153622,2.1760971700390845,1.61485086188071,0.0
0.7569065813609847,-1.4459370683529296,-2.0663447351196162,-0.9398942551758496,-0.8235501553671912,-1.745163006854287,0.7162225521899255,-1.1350210642805858,1.5017523812316769,0.6014630972503336,-0.3308725828807041,-1.4673763302704734,1.2260398314791048,1.7218046369133848,-1.4316195433199819,0.5130325166971439,1.9164436897845893,0.9872443445489917,-1.3543139340979409,0.6689672616581339,1.0121706951947806,0.0
0.7603706847081745,-1.2443058139017882,-0.9415034249908655,0.19319979979615637,-0.2942380547007842,-0.6390505743199464,0.805329203059167,-0.5870851900077452,0.147650934418073,-1.0881654840113653,-2.425002854277566,0.469385890299555,0.1432620878704019,0.6867583411984333,-0.18023315866804002,-0.8804941890334695,-0.003257846430576882,-1.0965122833429763,-0.5869659681497709,-0.8508276039361024,0.22562200307924535,0.0
0.7638347880553643,-1.4803619166738562,-1.458930427650091,0.9413324130148525,-1.067390561292165,1.176453114338242,1.6963957117515827,-2.083371615906656,-0.4342175917989134,-0.799791375190258,-0.07196193114436478,0.9909963244109209,1.8968912595844976,0.7533702315167222,0.8104477291814141,-0.8687838805819522,0.24235102658518703,-0.7466845282954195,-1.4531390509245994,-0.36533757742683226,-0.8673742314189661,0.0
0.7672988914025543,0.10072218835155669,0.7007648877971102,-1.9168247064177386,-2.0486995119658404,-1.9704199460026184,-1.6283961988069924,0.7125063066650176,1.433508541737092,2.421063107839855,0.6895399857272214,-1.8665217059383012,-1.1572481367900513,-0.9631669420699549,-2.7425957558124923,2.0548897961469823,0.43714427070113776,3.5729277514222364,1.0465550805732278,2.3280766565985083,2.1204893068121256,0.0
0.7707629947497441,-0.26073871901817225,-1.1046054149595343,0.5817929532641198,-0.3239746895696835,-0.7499980219601692,0.9779733391183226,0.5368858341416715,0.47091122676084307,0.23185684509933693,-0.8410788671846667,-0.07490325833839202,0.4139565237725773,0.1999791427186294,-0.2696179004288931,0.056330487087951256,0.3580977368569839,0.13548981052015802,-0.5956858313991819,0.5085444702898535,-0.3464134093684166,0.0
0.7742270980969339,-0.7771114438320706,-0.5478089664458028,-2.5959547970580115,-1.4837034494567547,-1.573698769592125,-0.9656654829670085,-0.26394352056478804,1.9327661043553703,1.584372031541995,0.27071393144784905,-1.5626269312821137,-0.7453218212867406,0.020639438015543708,-1.8673701594041405,1.6918702341499317,0.9368312882159677,2.6907534126066586,-0.15097280567921972,1.711715405551957,1.7272149607543579,0.0
0.7776912014441238,-0.4623699734693135,-0.5984268254015965,0.43289277296331147,0.1934427571491638,-1.0424958384662109,0.6716692267553047,-0.5800603711068114,0.650500278062382,0.7233113122451678,-0.3537176403868516,0.12466942949552182,-0.02150843833092267,0.5432865774359648,-0.7202659734731935,0.15001295470009343,0.07014250642470887,0.5106674028900015,0.7006671716799239,0.25524532602414735,0.3430935609926043,0.0
0.7811553047913137,1.101501707395636,-0.1316176816981653,-0.4859302908441163,2.078745407837377,0.4670618582143941,-1.2051396071780953,-0.7556808436301579,-1.3142039431764543,-0.7307440533598519,-1.0695294422461425,0.1836340872646328,1.4496569741809024,-0.7018433723597444,0.624229517179637,-1.8563532266599496,-0.666684112622583,-0.9393432919447985,0.9709829324116656,-3.3795973941887336,-1.996122679195156,0.0
0.7846194081385035,-2.230331826522613,-0.10912085549559027,-0.8200477685922719,-1.352862256033598,-0.9987892681836985,1.5905815638443581,-1.8796518677795744,1.3257551109561685,1.0238702425657582,2.121163589445803,-1.3267683002056703,1.7968520115336928,0.11799527771150445,-0.4707335693908121,0.9267967486507713,2.0011364046176117,1.362421936918835,-2.121661900046111,1.1164624165275479,0.8231947107254636,0.0
0.7880835114856933,0.368744221707342,0.44767559301814147,2.2015363779997434,-1.2517576974793405,0.6654224464196404,-1.5114437195411132,-1.4441130959216755,1.059963315029891,-0.9053931615191141,-0.6126282921231909,2.102253336213396,-0.5334740018850376,-0.8914310601887205,0.5944346032593526,0.997058599359878,-1.3611643742533637,0.10507000573341393,0.47976396936151133,0.8125034434087006,1.2879734833391892,0.0
0.7915476148328833,2.3752210952699184,1.6118863490013984,-0.9725796606077344,0.2350740459656228,0.6149917884013577,-1.433475400030527,1.3447400077490645,-0.3372395040960823,0.12219345160398641,0.23263883560426973,-1.2360534420993456,-3.05799384975533,-1.4909380730533213,-0.1206433308274713,1.816780190966121,-1.451503270075254,-0.19912804213402663,2.319655114987237,1.302215122322399,0.19497724884097772,0.0
0.7950117181800731,1.2588724425770146,0.8132490188099853,-1.7533976792583152,1.1806990347966189,-0.4137936351716158,-0.44773307478954205,0.6001092042500762,-1.5692203960246396,0.07751577277254722,0.5296245831841884,-1.966308049855258,-1.5220971590929844,0.2717150245998636,-0.7351634304333358,-0.6150605307990668,0.6178220623449181,0.8959849301887595,1.3226840834712434,-1.070353528966381,-0.6579684107908039,0.0
0.7984758215272629,1.4678804502397829,0.8076248122593417,0.24041205208665656,0.056654236752227076,-0.17508852055174307,0.05906100202926914,0.937300511494901,1.3868153883986918,-0.43424673020575577,-0.3917927362304309,0.2607417166550087,-1.516212497442937,-1.8444934908965476,0.03950433149405711,1.0517067054669609,-1.9624826495678205,-0.1636382698828252,0.9767961745779395,0.6689672616581339,0.6342187262561467,0.0
0.8019399248744529,0.017118985286449256,0.38580932096106013,1.1265497104621995,-0.46671053694040004,-0.01034837102535176,-0.057891477236610374,-0.12344714254611085,0.36674957700595057,1.2269506008904818,1.8850979952156115,0.6644228352281526,-0.0509317465811592,-0.3534119460794636,-0.02380986058654715,0.13049577394756381,-0.2488667194463408,0.34842844402736645,0.3693123682023049,0.03994105339829728,0.25626675731751297,0.0
0.8054040282216427,0.4400528360864041,0.9763510087786543,0.3820488089581573,0.09233819859490622,0.29895966482011727,1.9692848300386345,0.9653997870986365,0.6864180883226898,-1.3237386996680445,-0.2851824678684089,1.1769617835288861,-1.2160947532905244,-1.9316013474666178,1.4286921930273138,0.40373630448297804,-1.0986169582709955,-1.1928416651676659,-0.1480661845960827,-0.6904048125678217,-0.08593299834314197,0.0
0.8088681315688325,-0.30008140281351686,-0.35096173717327156,1.2100790798992385,-0.25855409285810504,1.63705312423856,-0.16370562514383472,-0.04617413463583858,-0.6964176066991601,-1.3318619140010333,0.651464889883642,1.7121794463562006,0.10795411797011806,1.3682492190701587,1.9798981005525738,0.09926828474351641,-0.11618146620793963,-1.1117221857363484,-1.4182595979269552,-0.23446635288955092,0.7567977432092171,0.0
0.8123322349160224,-0.5189250814251214,-0.24410181271104014,-0.35518866911657726,-0.6034990573373368,-0.9853410927121564,0.8944358539284086,-0.10237268584330945,1.627464717142754,0.2481032737653148,-2.0594819341792046,-0.1474751448234517,0.4257258470726719,-0.5686195917231663,-0.4781822978708832,0.9111830040487476,0.2479972075740552,-0.021679180878019608,-0.60731231573173,0.43255472701014164,1.2981884014186116,0.0
0.8157963382632123,-0.8705503178460141,-0.9921212839466593,-1.19411407520162,-2.227119321179236,-1.1736155493137463,-0.2806581044097143,-0.3693158040787958,1.5771797827783232,0.5811550614178612,-1.3969752665009245,-0.8731940096740479,0.4786878019230977,1.3477532528183775,-1.0293882053961434,1.4459537566680587,1.2558405140870175,0.03409046123101121,-0.8485618656321015,2.792458421085636,1.97748045370021,0.0
0.8192604416104021,-2.087714597764489,-2.336306649550516,-1.2304311923481586,-1.549124046168333,-1.674560085628691,1.6574115519962893,-0.5449362766021423,1.3868153883986918,1.8971157833620687,1.2302063467060473,-1.8302357626957713,0.755266899475321,2.787594882006008,-1.6699788546822563,1.6411255641933546,2.1818141962613917,1.879558618293484,-2.118755278962974,1.4204213896463953,0.792549956487196,0.0
0.822724544957592,-1.4951154230971104,-0.4128280092303529,-0.34066182225796177,-2.375802495523733,-0.7029294078097716,-0.4811480688655077,-1.5565101983366172,1.7244428048455853,0.9548229207353522,0.3240190656288599,-0.5829064637338092,0.11972344127021267,-0.04597245230274532,-0.7239903377132292,0.8994726955972299,1.317948504964567,0.7489558737194967,-1.1886365323591317,1.6610555766988158,2.283927996082886,0.0
0.8261886483047819,-3.1770151553480934,-0.564681586097734,-1.6008657872428527,-1.3469149290598184,-3.3959265459860846,0.8721591912110982,-0.6784078357198854,1.4550592278932768,2.9003327534862025,-0.7496986371600763,-1.9753795356658908,0.15503141117049649,0.6713863665095975,-3.6550649946212004,1.477181245872106,2.1648756532947875,2.4017652671325904,-1.4531390509245994,1.048915978056693,1.058137826552182,0.0
0.8296527516519717,1.5834495838886078,0.2789493964988287,0.3457316918116186,0.9903845716356641,2.5885115388501663,-1.1772937787814575,0.34019090491552334,-2.7257738864065506,-0.6332654813639848,1.3215865767306378,0.49660034773145223,0.15503141117049649,-0.2714280810723386,1.8867889945516856,-0.9117216782375169,-0.9377008000882536,-0.8937135847646827,0.2879269778744686,-1.4840754646003673,-1.3730126763503814,0.0
0.8331168549991615,0.4744776844073307,1.9718355682425983,-0.5404059665639244,1.9479042144142198,-0.19862282762694145,-0.5813930510934046,1.2744918187397258,-0.9693929646774996,0.987315778067308,-1.267519940632755,-0.7688719228517746,-1.4809045275426531,-0.8965550517516658,-0.6867466953128737,-0.6228674031000786,0.14071976878556056,-0.09772869284487967,1.116313986568516,-0.7157347269943923,-1.4751618571446068,0.0
0.8365809583463515,-0.02222369850889528,-0.5478089664458028,-0.06465173194426804,0.27075800780830195,-0.1414680818728877,-1.1104637906295263,-1.2895670801011305,0.488870131890997,-0.2027351217155711,0.1641036630858269,-0.1656181164447166,-0.23924091938267297,-0.25605610638350285,0.2778636428563316,1.2937197467983277,-0.37590579169587396,-0.24475774931414276,-0.6189388000642779,1.2684419030869716,0.8946991372814213,0.0
0.8400450616935413,-1.6918288420738334,-1.3295736769852844,-1.0924261471913117,-1.9832789152542625,-2.4041236049598522,-0.3586264239203006,0.21374416469871424,2.281168863880356,2.1692434635171987,-1.8081863016115811,-1.3040895856790893,-0.657051896536031,0.5022946449324023,-2.2844989542881207,1.7504217764075203,1.439341396225232,2.5335844212084817,-0.7933360650524984,1.40775643243311,1.5637762714835974,0.0
0.8435091650407311,-1.0918529141948279,-0.8571403267312093,-0.5621962368518475,-0.4726578639141799,-1.6711980417608052,-0.1414289624265243,-0.0602237724377063,0.7187441175569669,1.1213488145616255,-0.21664729534996616,-1.2950180998684568,-0.8747843775877814,1.1889095143670734,-2.053588371405917,1.328850672152881,0.7279225916278468,1.60071040774833,-0.30211710200234393,1.4921894805216784,1.0938900398301608,0.0
0.846973268387921,1.6572171160048788,1.364421260773073,-0.27529101139419215,0.48486177886437615,0.48387207755382183,-1.5003053881824582,0.691431849962216,-0.8221299426102375,1.2269506008904818,1.633802362647988,-0.533013291775331,-1.516212497442937,-0.865811102373994,-0.16533570170789785,0.18904731620515222,-0.9461700715715559,1.3117222622742617,1.4825482430437789,-0.8719358659582443,-0.7652250506247406,0.0
0.8504373717351109,-0.5754801893809294,-0.8515161201805655,-1.6081292106721605,-0.9960226376068071,-1.2610286898787704,0.2985351262403558,0.6422581176556793,0.6971934314007822,0.5608470255853889,-0.7953887521723716,-1.0999811549398588,-0.4981660319847538,1.117173632485839,-1.3496835300391998,1.0868376308215142,0.3580977368569839,1.5500107331037567,0.0030781117270418626,1.3528749511755402,0.9151289734402663,0.0
0.8539014750823007,-1.7582196209784777,-1.6951471027771283,1.5115111522155091,-1.9654369343329228,-1.217322119596259,0.5268709190927873,-2.462711836557084,2.7085908059780186,-0.3164601223774163,-2.501153045964725,1.6713577602083547,2.073431109085917,0.8712220374644642,-0.5154259402712387,0.40373630448297804,0.31292828894603875,-0.3005273914231733,-1.4822052617559693,1.3275450367489696,1.8906536500251185,0.0
0.8573655784294906,0.8998704529444947,1.3700454673237168,-0.14091767795199928,0.22317939201806308,0.7864560256635198,-1.0826179622328882,0.7476304011696868,-1.2818779139421774,-0.6982511960278962,-1.2294448447891757,0.1836340872646328,-0.23335625773262567,-0.3124200135759011,0.15868398717519414,-0.25594440495252263,-0.9235853476160834,-0.7872442680110784,1.2994311148061475,0.26791028323743266,0.6750783985738369,0.0
0.8608296817766805,-0.6517066392344095,-1.2227137525230531,-0.790994074875041,0.02691760188332779,-0.8777556889398191,0.17601348129514865,-0.08129822914050788,-0.11454908048217413,-0.13368779988516508,-1.0466843847399951,-0.5692992350178605,-1.0866321969894843,1.5065969912696822,-0.4968041190710609,0.9853482909083602,0.7025147771779402,0.23181919234484763,-0.668351358477607,1.3993131276242532,0.6546485624149918,0.0
0.8642937851238703,-0.5459731765344208,0.2901978096001162,1.2972401610509312,-1.5074927573518742,0.5242166039684483,1.0113883331942881,-1.858577411076773,-0.2905463507576821,-0.08494851388723164,0.23263883560426973,1.0454252392747156,1.025961335377497,-0.9119270264405017,0.542293503898855,-0.7048395622607034,0.8747232973384184,-0.28024752156534416,-1.3543139340979409,-0.04871364709469979,0.6495411033752805,0.0
0.8677578884710602,0.9539666431630937,-0.5309363467938715,0.204094934940118,1.1806990347966189,0.47714798981805073,-0.8654205007391119,0.45961282623139893,-0.574297051814114,0.053146129773580394,-0.4907879854237371,-0.17015385935003285,-0.5570126484852268,-0.5891155579749475,0.37469711309725573,-0.22471691574847524,-0.951816252560424,-0.7466845282954195,0.4739507271952373,-0.8423842991272454,-1.1329621014839517,0.0
0.87122199181825,-2.409832821338873,-0.9583760446427968,-0.6638841648621556,-1.513440084325654,-2.1486082710005516,0.32638095463699374,-1.0015495051628427,2.277577082854325,0.6502023832482673,-0.719238560485213,-0.7824791515677233,0.30214795242167913,0.9941978349751517,-1.6774275831623273,1.2507819491427625,2.393545983343947,1.3827018067766645,-1.5635906520838057,1.4626379136906795,1.594421025721865,0.0
0.8746860951654399,-0.7672757728832345,-0.49156690093936517,0.5454758361175812,-0.46671053694040004,-1.0088753997873554,0.5547167474894252,-1.3598152691104692,0.5283797231773356,-0.8769619113536529,-0.8486938863533826,0.36506380347728173,1.1789625382787263,0.6918823327613786,-0.4781822978708832,-0.002221055169637598,0.27622811251839585,0.0036706564442671283,-0.9648267089575819,-0.4413273207065441,0.1592250355629988,0.0
0.8781501985126298,1.590826337100235,2.5511288429589047,-0.08644200223219124,2.4355850262641683,0.5780093058546169,-1.9736844709253036,1.1620947163247841,-1.418365592931347,0.32527380992870975,1.047445886656867,0.23806300212842754,-1.5868284372435046,-1.7471376512005867,-0.06477786722693814,-0.49795744628388944,-2.7529479880093595,-0.21940791199185603,2.8777263629495433,-1.2054464059080905,-1.827576530884684,0.0
0.8816143018598196,0.801513743456133,1.5162748376404545,-1.030687048042196,1.507802018354511,-0.736549846488627,0.9000050196077362,0.6422581176556793,0.06863175184539579,0.7842354197425844,0.5143945448467566,-0.6237281498816553,-0.20393294948238913,-1.1783745877136576,-0.79847762251394,0.06023392323845718,-1.3075256548591165,0.7945855808996126,1.4186025792147652,-1.5009620742180811,-1.9808003020760223,0.0
0.8850784052070095,-1.4803619166738562,-1.0596117625543844,0.1459875475056561,1.0617524953210218,0.019910023785618076,0.710653386510598,-0.48873772539467136,-0.13609976663835882,0.5202309539204442,-0.5593231579421799,0.12466942949552182,0.6964202829748479,1.2657693878112528,-0.14671388050772013,-1.2552240594820383,2.153583291317051,-1.1674918278453792,-1.5781237574994909,-0.3737808822356891,-0.7141504602276278,0.0
0.8885425085541994,-2.040995160757517,-0.7896498481234842,-0.021071191368421626,-1.6502286047225907,-1.6409396469498356,1.4290757591438576,-1.366840088011403,2.1410894038651556,0.682695240580223,-1.0771444614148584,0.07931200044235952,0.9788840421771187,0.1538632186521216,-0.8208238079541533,1.520119043527671,-0.03431184186935166,0.7286760038616672,-1.2002630166916797,1.369761560793254,1.5280240582056186,0.0
0.8920066119013892,0.4031690700282686,1.133828792196679,0.5382124126882735,-0.008766359959351355,0.9713684383972243,-0.16370562514383472,-0.025099677933037,-0.5778888328401447,-0.5804645881995566,1.1007510208378781,0.69163729266005,-0.7453218212867406,-1.3833342502314698,0.892383742462196,-0.9741766566456117,-0.793723184872116,-0.28024752156534416,0.386752094701127,-0.9732555236645268,-0.581356525195135,0.0
0.895470715248579,0.0023654788631950053,0.2845736030494725,-0.40240092140707756,0.4967564328119359,-0.8037907238463378,-0.9545271516083534,0.1856448890949788,-0.38393265743448246,1.056363099897714,0.08033845222995237,-0.33344060394141684,0.9023834407265037,-0.18432022450226854,-0.958625284835468,-0.5994467861970431,-0.257335990929643,0.3180086392406224,0.7035737927630609,-0.6481882885235374,-1.2300038232384658,0.0
0.898934818595769,1.2736259490002688,1.0157204546331606,-0.3297666871140002,2.072798080863597,0.046806374728702374,-1.433475400030527,1.2815166376406597,-1.030453242120023,-1.1328431628428042,-1.0619144230774267,-0.7189787508932961,-0.4216654305341388,0.015515446452598398,-0.12436769506750686,-0.470633393230348,-0.9772240670103307,-0.766964398153249,1.3808165051339838,-0.6566315933323942,-1.2657560365164446,0.0
0.9023989219429588,-0.927105425801822,1.1507014118486103,-1.3502776789317363,-0.2942380547007842,-2.636104631843954,0.7607758776245461,0.03812369217536774,1.318571548904107,2.3195229286774937,1.5195770751172504,-2.365453425523086,-1.0336702421390587,-0.2970480388870652,-2.548928815330644,0.5208393889981557,1.1711477992539954,2.057007479549491,0.008891353893315884,0.9349313631371252,0.1592250355629988,0.0
0.9058630252901486,0.1917021446282911,-0.007885137584002623,-0.2643958762502306,-1.5253347382732136,0.13758155916161188,-0.26951977305105906,-0.45361363089000206,1.6382400602208465,-0.6576351243629516,-0.3537176403868516,0.628136891985623,-0.3039721975331933,-0.05622043542863593,0.4827036760582863,1.0204792162629135,-0.46059850652889595,-0.14842836748945315,-0.10737348943216454,0.7449570049378458,1.7527522559529143,0.0
0.9093271286373386,0.5064436149910483,0.7570069533035478,0.43289277296331147,-1.3290729481384786,0.26197718227337635,-1.33323041780263,-0.06724859133864015,-0.25103675947134346,0.07345416560605275,1.2149763083686156,0.469385890299555,1.0906926135280175,-1.4140781996091416,0.6167807886995659,0.30224696456982403,-0.03713493236378573,0.5360172402122881,0.6105619181026765,1.1164624165275479,1.1960392206243862,0.0
0.9127912319845284,1.0203574220677374,-0.3565859437239153,1.4279817827784704,0.48486177886437615,1.3949859657508017,0.025646007953303532,-0.5870851900077452,-0.4054833435906671,-2.420372634621551,-0.5821682154483275,1.498999529806338,1.0553846436277337,-0.20481619075404978,1.7191926037500862,-0.29107533030707594,-1.7874510389129081,-0.8430139101201092,0.02633108039213795,-0.44977062551540103,-0.07571808026371943,0.0
0.9162553353317182,0.8900347819956586,1.1057077594434601,-0.34066182225796177,1.3353295361148951,0.9579202629256821,-0.19155145354047273,-0.594110008908679,-2.1798231704498727,-0.722620839026863,-0.3689476787242833,-0.1610823735394004,1.2966557712796725,-1.4089542080461963,0.2964854640565093,-1.0990866134618014,0.2677588410350936,0.03409046123101121,0.5785890861881694,-1.5938384271155064,-1.531343906581431,0.0
0.9197194386789082,0.4326760828747771,-0.0641272030904402,0.6072149352666969,-1.7453858363030685,0.3124078402916594,-0.8041596782665082,-0.502787363196539,0.47091122676084307,0.4024443460921045,1.748027650178726,0.8776027517780153,-0.07447039318134842,0.0923753198967779,0.42683821245775333,0.24759885846274107,-0.8558311757496656,-0.06730888805813559,0.11352971288624827,0.3903382029658573,0.8231947107254636,0.0
0.923183542026098,-1.7385482790808053,-1.7570133748342098,0.004350790634155447,-0.5440257875995382,0.09387498887909988,0.39321094278892493,-1.7391554897608972,0.4565441026567199,0.5161693467539498,-0.9553041547154046,0.08384774334767575,1.1613085533285845,0.999321826538097,-0.4558361124306699,-0.829749519076893,1.275602147548056,0.3991281186719399,-1.8455328971480953,-0.8212760371051033,-0.8367294771806985,0.0
0.9266476453732878,1.2342832652049243,1.0944593463421726,0.14235583579100222,1.216382996639298,-0.08431333611883357,-0.3474880925616454,-0.04617413463583858,-1.2244094175256848,0.6948800620797064,1.3368166150680696,-0.44229843366900634,-0.6629365581860783,0.1538632186521216,-0.13926515202764903,-0.5565089885414783,-0.48036013998993443,-0.011539245949104913,1.723797792944151,-0.47510053994197166,-1.0563502158882832,0.0
0.9301117487204776,0.8924936997328675,0.914484736721573,0.8868567372950446,-0.008766359959351355,1.5563640714093072,-0.5646855540554218,-0.26394352056478804,-0.15405867176851273,-0.18242708588309875,0.5829297173651993,1.5806429021020303,0.31391727572177375,-1.0400268155141346,1.4808332923878114,-0.29107533030707594,-1.0788553248099568,-1.1167921532008056,0.4768573482783743,1.2220037266382588,0.26137421635722424,0.0
0.9335758520676676,-0.6640012279204547,-1.4533062210994472,0.16051439436427156,-0.4131845941763813,0.40990711246034,1.395660765067892,-0.9453509539553718,-1.188491607265377,-1.067857448178893,-0.04150185446950131,-0.34251208975204933,-0.3510494907335718,1.6346967803433146,0.3076585567766159,-1.3879408885992397,1.4421644867196661,-0.4931861550725525,-1.0665584468673772,-1.7669261756970722,-0.7754399687041631,0.0
0.9370399554148574,0.9588844786375117,-0.036006170337221415,0.4256293495340037,0.7643861466320294,-0.8105148115821085,-0.353057258240973,0.5509354719435391,-0.8221299426102375,0.053146129773580394,-0.7344685988226447,0.029418828483881002,0.755266899475321,-0.5737435832861116,-0.41114374155024336,-1.5792092599740295,-0.27427453389624745,-1.0356726737694881,1.534867422540245,-1.2138897107169473,-0.8826966085380998,0.0
0.9405040587620472,0.4351350006119861,1.1057077594434601,-0.5948816422837323,-0.2645014198318849,-0.12465786253346002,-1.0547721338362501,0.9724246059995704,0.07581531389745735,0.7030032764126954,1.8165628226971688,-0.6917642934613987,-0.9748236256385855,-1.0400268155141346,0.15495962293515858,-0.08028977817975608,-0.039958022858219804,0.2064693550225609,0.44488451636386717,0.4409980318189985,0.36352339715144943,0.0
0.9439681621092372,1.1236319670305173,1.3250518149185668,-0.9507893903198111,0.04475958280466736,1.378175746411374,-1.1661554474228022,0.8038289523771577,-2.53900127305295,0.5405389897529166,1.6185723243105565,-0.41054823333179274,-1.516212497442937,-1.0553987902029704,0.7508579013408453,-0.9273354228395406,-0.1754663665910551,-0.5844455694327847,1.4418555478798614,-0.3188994009781197,0.04175347764963955,0.0
0.947432265456427,0.8949526174700766,1.4544085655833732,-1.5028095709471982,0.5562297025497345,-0.8004286799784522,-0.09130647131257598,2.6443315044218276,-1.1022888626406382,-0.12556458555217614,-0.7877737330036557,-1.6351988177671735,-1.7398296401447342,-0.6198595073526194,-0.750060887393478,-0.48234370168186574,0.08708104939131331,0.14055977798461536,1.0349285962406798,-0.3864458394489744,0.04175347764963955,0.0
0.9508963688036168,-0.7131795826646355,-0.7896498481234842,-1.6408146161040453,0.2588633538607422,-1.5770608134600108,0.38764177710959735,0.03109887327443388,1.4299167607110612,1.1213488145616255,-0.4222528129052944,-1.8710574488436174,-1.363211294541707,-0.5276276592196039,-1.6997737686025407,1.7191942872034731,0.8549616638773798,1.4536813512790672,-0.6160321789811409,1.5428493093748197,0.39416815138971706,0.0
0.9543604721508067,0.2654696767445624,0.20021050478981642,-0.8091526334483103,-0.5499731145733181,-0.05405494130786374,-0.9433888202496983,-0.3763406229797296,-0.9370669354432226,0.14250148743645877,1.7784877268535895,-0.7235144937986123,1.2142705081790102,0.6765103580725428,0.4417356694178953,0.5403565697506854,0.019326877524895605,1.0480839541224798,0.4681374850289633,0.766065266959988,0.8691618420828651,0.0
0.9578245754979966,-0.4869591508414039,-0.772777228471553,0.792432232714044,-0.15744953430384778,0.10059907661487097,-0.11915229970921398,-1.2614678044973953,0.2338536790428116,-0.8038529823567524,0.4763194490031773,0.9773890956949722,1.4673109591310436,-0.2970480388870652,0.8327939146216273,0.32176414532235365,-0.5057679544398411,-1.1472119579875497,-0.9502936035418968,0.30590515487728864,0.3533084790720269,0.0
0.9612886788451864,-0.044353958143776656,0.01461168861857241,-0.9871065074663494,-0.3656059783861425,-0.9786170049763853,1.8523323507727554,-0.46063844979093593,0.5571139713855818,0.5933398829173446,-0.6354733496293384,-0.8051578660943045,-0.6040899416856053,-0.12795631730987012,-0.8990354569948993,-0.8141357744748693,0.9198927452493633,-0.12307853016716641,0.03795756472468599,0.32279176449500235,0.07750569092761846,0.0
0.9647527821923763,-0.21401928201120043,-0.1034966489449465,-0.30071299339676927,-0.9603386757641279,-0.8071527677142233,-1.0603412995155777,0.33316608601458947,-0.16124223382057432,0.6258327402493005,0.30878902729142843,-0.9185514387272102,1.9380838911348282,0.54841056899891,-0.8245481721941889,-0.006124491320143521,0.7617996775610557,0.5968568497857762,0.1455025448007554,0.6647456092537055,0.945773727678534,0.0
0.9682168855395662,-1.6869110065994155,-1.6895228962264845,-1.415648489795506,-0.15744953430384778,-0.7331878026207415,0.10918349314321751,-0.7416312058282901,0.5140125990732124,0.30496577409623743,-1.8919515124674555,-0.7461932083251934,-1.1101708435896736,2.408419506348056,-0.9921445629957879,0.9267967486507713,1.3377101384256054,0.1861894851647315,-1.2467689540218716,-0.21757974327183718,0.12858028132473118,0.0
0.971680988886756,0.39579231681664145,0.6051533764361664,1.7185187199507794,-1.2695996784006802,0.8234385082102607,-0.9935113113636466,-1.0507232374693796,0.41703451137038133,-1.2831226280030996,0.2935589889539967,1.7756798470306279,1.384925696030382,-0.9682909336329002,1.3616536367066743,-0.029545108223179063,-0.29685925785172,-0.4374165129635217,-0.8805346975466086,1.0531376304611215,1.3952301231731254,0.0
0.9751450922339459,0.9392131367398394,1.6006379359001108,-0.6239353360009633,-0.555920441547098,-0.07422720451517696,-0.6482230392453355,1.119945802919181,0.11532490518379596,0.9304532777363854,1.0626759249942987,-0.41054823333179274,-0.7217831746865514,-1.4140781996091416,-0.41486810579027894,0.8487280256406529,-1.1296709537097702,1.078503758909224,1.0145822486587206,-0.03604868988141448,-0.13700758874025468,0.0
0.9786091955811357,0.6195538309026641,0.8526184646644916,-0.15907623652526862,-0.07418695667092978,0.635164051608671,-0.17484395650248993,-0.0602237724377063,-0.48809430718937513,-1.2018904846732101,0.6286198323774944,-0.2563329745510412,0.025568854869455773,-0.015228502925073458,0.8104477291814141,-0.5799296054445139,0.18024303570763756,-0.7314746259020476,-0.21491846950823362,-1.3700908496807995,-0.5098520986391772,0.0
0.9820732989283256,-1.8344460708319577,-1.9369879844548097,-2.0875151570064707,-0.8057081744458516,-2.1654184903399787,0.008938510915320766,-0.502787363196539,1.0348208478476755,0.8979604204044296,-0.7953887521723716,-2.3473104539018212,0.8964987790764564,1.8191604766093459,-1.9418574442048515,0.8760520786941943,2.650447218337447,1.585500505354958,-1.4705787774234214,1.2937718175135422,1.482056926848217,0.0
0.9855374022755155,-0.1279571612088841,-0.8852613594844281,-0.6566207414328479,1.424539440721593,-0.7062914516776572,0.3653651143922869,0.8038289523771577,0.8803742637283519,-0.32458333671040523,-2.310777566746828,-0.4785843769115362,0.03733817816955039,1.0403137590416593,-0.8059263509940111,-0.41598528712326505,-0.1669970951077529,-0.6858449187219314,0.08446350205487817,-0.5130954115818276,-0.3259835732095715,0.0
0.9890015056227053,0.41054582323989575,-0.9921212839466593,-0.042861461656344836,0.5919136643924136,-0.25241552951311,0.4266259368648905,1.6468072204892201,0.6002153436979513,0.9223300634033964,-0.7040085221477812,-0.3878695188052116,-1.3161340013413285,0.9788258602863157,-0.36645137066981726,-0.19348942654442786,0.23952793609075296,-0.9545531943381705,0.07865025988860415,-0.2977911389559775,-0.6630758698305151,0.0
0.9924656089698952,0.6588965146980088,1.4037907066275794,-0.6675158765768094,0.8000701084747086,0.44352755113919534,-1.0324954711189398,-0.29906761506945734,-0.7215600738813757,1.1579032790600758,2.2049288003016776,0.04302605719982969,-0.16862497958210532,-0.3687839207682995,0.03205560301398602,-1.0483419435052248,-0.711853560533528,0.3737782813496532,1.4098827159653537,-0.21757974327183718,-0.7243653783070504,0.0
0.995929712317085,1.8195056866606756,1.0269688677344482,0.6217417821253124,1.6921691545416866,2.016964081309625,-1.1438787847054919,0.9864742438014381,-1.6374642355192244,-1.5430654866587457,1.1464411358501732,0.2425987450337438,-1.363211294541707,-0.32779198826473704,1.6893976898298018,-0.7711979768193037,-2.9646797750919145,-1.2283314374188672,2.0202731434241255,-1.5474002506667934,-1.6539229235345014,0.0
0.9993938156642749,1.0228163398049466,1.1113319659941039,-0.3951374979777698,1.4959073644069514,0.8268005520781462,-0.380903086637611,1.2885414565415936,-2.003825900174364,-0.5154788735356451,0.7809202157518118,-0.6645498360295014,-1.7045216702444503,-1.1168866889583142,0.3411778349369358,-1.0717625604082595,-0.2516898099407749,-0.8582238125134812,1.1482868184830228,-1.8640241809989264,-1.7765019404875713,0.0
1.0028579190114648,0.5236560391515115,-0.5365605533445152,-0.46777173227084695,0.7049128768942309,0.8234385082102607,0.3653651143922869,0.36829018051925877,-1.3824477826710393,-1.5796199511571958,-1.0390693655712793,-0.5556920063019121,-1.1219401668897675,-0.2714280810723386,1.2461983452655723,-0.9468526035920707,0.43714427070113776,-1.0813023809496043,-0.8834413186297456,-0.7115130745899639,-0.6477534927113814,0.0
1.0063220223586546,0.017118985286449256,1.5443958703936733,-0.547669389993232,-0.42507924812394104,-0.18181260828751378,0.18715181265380385,0.5720099286463407,-0.053488803039650826,0.9548229207353522,0.8113802924266751,-0.5194060630593823,0.9376914106267875,-1.9674692884072345,0.2480687289360472,0.8799555148447002,0.6883993247057698,0.459967728245428,-0.12481321593098661,0.9307097107326968,1.0070632361550693,0.0
1.0097861257058445,1.0228163398049466,0.34643987510655383,-0.4205594799803467,0.9309113018978655,0.013185936049847,-0.7985905125871806,0.6141588420519438,-1.7308505421960247,-0.5114172663691507,-0.4374828512427261,-0.9230871816325265,-0.33928016743347716,-1.5626739549345556,-0.01636113210647606,-0.4042749786717473,0.3496284653736816,-0.4323465454990643,0.6570678554328686,-0.13736834758769698,-0.2238343924153463,0.0
1.0132502290530343,-1.1311955979901724,-0.9977454904973031,0.5999515118373892,-0.44292122904528064,-0.7970666361105667,-0.40874891503424904,-0.3271668906731926,2.446390791077772,-0.11337976405269272,-0.1328820844940916,0.2879561740869058,0.8141135159757941,-0.6659754314191272,-0.3180346355493552,0.9111830040487476,0.6037066098727478,0.5968568497857762,-1.2496755751050086,0.542317689525281,0.8691618420828651,0.0
1.0167143324002241,-1.5811775438994267,-1.250834785276272,-0.6203036242863094,-0.8413921362885307,-0.8441352502609638,1.2118782976500815,-1.078822513073115,0.7798043949994902,-0.2555360148799992,-2.790523774375927,-0.41054823333179274,1.1201159217782533,1.322133295003651,-0.7426121589134068,-0.3613371810161821,2.150760200822617,-0.10786862777379437,-1.4298860822595032,-0.42444071108883036,0.7108306118518157,0.0
1.0201784357474142,0.07367409324225722,-1.4645546342007347,-0.9798430840370417,-1.1030745231348442,0.05689250633235898,-1.5225820508997685,1.1410202596219825,0.06863175184539579,-0.08088690672073717,-0.3765626978929992,-0.9366944103484751,-1.7221756551945924,0.681634349635488,-0.3292077282694618,0.3803156875799425,-0.16982018560218698,0.5005274679610867,0.3169931887058387,-0.3188994009781197,0.1745474126821326,0.0
1.023642539094604,-1.1828328704715623,-1.8245038534419349,0.5236855658296581,-0.8770760981312099,0.8368866836818029,1.1896016349327712,0.38936463722206033,0.6792345262706283,-0.6779431601954239,-0.7649286754975081,0.7778164078610583,0.0020302082692665526,1.3989931684478307,0.6726462523000989,-0.24813753265151078,1.0441087270044624,-0.9951129340538293,-1.985050709138672,0.5380960371208525,0.7057231528121045,0.0
1.0271066424417938,-0.17959443369027392,0.9088605301709293,0.6834808812744281,-0.4131845941763813,-0.7432739342243981,0.22056680672976942,-0.165596055951714,-0.1792011389507278,0.7436193480776401,0.13364358641096344,0.25620597374969245,0.2491859975712534,0.5227906111841836,-1.2193307816379562,-0.7594876683677864,0.8747232973384184,1.3674919043832925,0.25304752487682447,-0.25979626731612154,-0.16765234297852233,0.0
1.0305707457889837,1.044946599439828,0.5939049633348789,1.3444524133414315,1.8467996558599622,1.7311903525393548,-0.3976105836755938,1.4641619290649401,-0.05708058406568161,-0.13774940705165956,0.27071393144784905,1.4672493294691245,-2.2164872337985657,-1.0553987902029704,1.2313008883054302,0.27492291151628256,-1.8467359392960234,-0.8937135847646827,0.6861340662642388,-0.9605905664512415,-1.1891441509207756,0.0
1.0340348491361735,1.5760728306769807,1.690625240710411,-0.8672600208827722,1.94195688744044,0.9175757365110557,-0.7373296901145772,1.3868889211546678,-1.0412285851981153,1.1619648862265703,2.593294777906187,-0.6600140931241851,-1.363211294541707,-1.7368896680746961,0.6838193450202055,1.2390716406912448,-1.4091569126587429,-0.3562970335322041,1.6831050977802329,0.6140857804005643,0.09793552708646354,0.0
1.0374989524833633,-0.5779391071181383,0.031484308270503684,-1.9858272289961625,-0.4607632099666202,-1.1164608035596928,-0.06902980859526557,1.4782115668668079,0.9091085119365981,1.6046800673744672,-0.04150185446950131,-1.7077707042522332,-1.3337879862914706,0.615022459317199,-0.6010863177920561,1.2937197467983277,0.5105446235564235,0.5917868823213189,-0.20329198517568559,1.243111988660401,1.57399118956302,0.0
1.0409630558305532,-0.8730092355832232,-0.6884141302118967,-0.765572092872464,-0.4488685560190605,-1.13327102289912,0.309673457599011,-1.3106415368039321,1.0491879719517987,0.17093273760191985,-1.099989518921006,-0.45590566238495506,0.6081503582241384,1.183785522804128,-1.0629074835564634,-0.16226193734038047,0.8719002068439843,-0.14842836748945315,-0.8165890337175945,0.27635358804628957,0.373738315230872,0.0
1.0444271591777432,1.3842772471746754,1.4094149131782232,1.0393886293105068,-0.0444503218020305,1.946361160084029,-0.12472146538854159,-1.0577480563703134,-1.2100422934215618,-1.3237386996680445,0.45347439149702967,1.6305360740605088,0.967114718877024,-1.9367253390295633,1.7042951467899439,-1.5401748984689703,-1.3865721887032703,-1.0813023809496043,0.7907724252571712,-0.7875028178696758,-0.8367294771806985,0.0
1.047891262524933,-0.5336785878483756,-1.2902042311307782,0.13146070064704063,-0.6391830191800156,0.3729246299135991,-0.47557890318618007,-1.4300634581198077,0.2913221754593041,-1.0394261980134316,-1.427435343175788,0.9320316666418099,0.2727246441714426,1.373373210633104,-0.18768188714811113,-0.3340131279626411,-0.29685925785172,0.04423039615992591,-0.316650207418029,-0.3231210533825481,0.41459798754856214,0.0
1.0513553658721229,-1.3451214411273589,-2.156332039929916,0.12782898893238676,-0.8057081744458516,-0.4642242931898989,0.2985351262403558,-0.17262087485264788,1.451467446867246,-0.5845261953660511,-0.8563089055220985,-0.011402857663964813,0.4257258470726719,0.04625939583027026,-0.463284840910741,1.2663956937447862,0.902954202282759,0.33321854163399445,-1.740894538155163,1.1206840689319764,0.5984665129781678,0.0
1.0548194692193127,-0.307458156025144,0.8582426712151354,-2.316312995029664,0.22317939201806308,-2.0611951304355274,-0.670499701962646,0.24184344030244928,1.1856756509409683,1.474708638046644,-0.9553041547154046,-2.3246317393752394,-0.3510494907335718,-0.7940752204927599,-2.0871076495662373,1.2000372791861855,0.530306257017462,0.637416589501435,0.8779710577512815,1.0066994540124086,0.3430935609926043,0.0
1.0582835725665025,0.19907889783991825,0.6164017895374538,1.5478282693620478,-0.14555488035628808,-0.20534691536271255,-0.47557890318618007,-0.41848953638533276,0.521196161125274,0.4471220249235437,0.1184135480735317,1.5262139872382354,1.402579680980524,-0.9580429505070096,-0.5936375893119851,-0.010027927470649445,-1.0760322343155229,0.3180086392406224,0.7297333825112939,0.5929775183784222,-0.38727308168610675,0.0
1.0617476759136923,0.6466019260119636,-1.295828437681422,0.1786729529375409,-0.22287013101542621,0.32585601576320156,-0.30293476712702466,0.26291789700525087,-0.44499293487700575,0.97106934940133,0.38493921897858685,-0.2608687174563574,-0.08035505483139573,1.2299014468706355,0.013433781813808297,0.19685418850616407,0.38068246081245644,-0.42220661057014963,0.2850203567913316,0.11593079667800917,0.39927561042942833,0.0
1.0652117792608822,0.5974235712677828,1.133828792196679,0.03340448435138639,-0.06823962969714993,0.26197718227337635,-0.6927763646799564,0.2207689835996481,-1.0232696800679613,0.7720505982431014,0.23263883560426973,0.12920517240083804,-0.5158200169348957,0.5125426280582929,0.2815880070963671,-0.5018608824343954,-0.003257846430576882,-0.33601716367437473,0.2821137357081946,0.03571940099386885,-0.23915676953448015,0.0
1.0686758826080722,0.312189113751534,0.4139303537142789,0.8287493498605827,0.21723206504428325,0.6183538322692433,-0.7206221930765944,0.8249034090799593,0.11532490518379596,-0.5601565523670843,1.1312110975127414,0.7188517500919474,0.4963417868732396,-0.28680005576117457,1.1866085174250036,-1.0522453796557303,-1.0449782388767481,-1.0103228364472014,0.13678268155134435,-0.6988481173766786,-0.9490935760543464,0.0
1.072139985955262,0.5654576406840652,-0.06975140964108396,-0.010176056224460025,-0.3893952862812619,-0.03052063423266498,-0.03561481451930004,1.225318086433189,1.0420044098997372,-0.11744137121918719,0.8342253499328227,0.16549111564336788,-0.39224212228390226,-1.3577142924167434,0.665197523820028,1.3366575444538928,-0.8191309993220227,0.7743057110417833,-0.29630385983606994,0.1792555827444356,0.4605651189059636,0.0
1.0756040893024519,0.4990668617794211,0.9932236284305856,-0.7219915522966175,0.24696869991318252,0.38637280538514124,-2.1574669383431146,1.422013015659337,-0.276179226653559,1.7549595325347627,-0.01865679696335371,-1.0138020397388505,-1.098401520289579,-0.8196951783074865,-0.9213816424351126,1.8597179886216861,-1.3131718358479847,1.6615500173218183,1.790650077856302,0.9433746679459821,0.5371770045016326,0.0
1.0790681926496417,-0.03451828719494049,-1.0652359691050282,-0.6130402008570017,0.4253885091265776,-0.9449965662975299,1.094925818384202,-1.654857662949691,-0.8077628185061144,-1.9411029889752034,-1.7472661482618543,-0.1656181164447166,2.2323169736371935,0.3332029233552073,0.1326134374949453,-1.5128508454154292,0.654522238772561,-0.89878355222914,-0.7206705379740732,-1.2518845823568032,-0.6988280831084941,0.0
1.0825322959968315,1.1433033089281897,1.0832109332408857,-1.9059295712737774,0.4967564328119359,-0.46086224932201336,-1.4390445657098545,-0.3131172528713251,0.359566014953889,0.43087559625756583,2.227773857807825,-1.3358397860163027,-1.5985977605435993,-0.8401911445592675,-0.4781822978708832,1.4537606289690705,-0.909469895143913,0.992314312013449,0.9709829324116656,-0.4159974062799735,0.3022338886749144,0.0
1.0859963993440214,-0.927105425801822,0.5995291698855226,-0.10460056080546058,-0.9662860027379078,-0.5919819601695493,-0.06346064291593798,1.323665551046263,0.43499341650053525,0.690818454913212,1.5271920942859663,-0.5057988343434335,-0.8512457309875922,-0.0920883763692531,-0.02380986058654715,0.44277066598803727,-0.4549523255400278,-0.1534983349539105,-0.37768925016390625,0.6225290852094212,0.6086814310575903,0.0
1.0894605026912112,-0.5017126572646582,0.053981134473078715,1.0030715121639682,-0.30018538167456404,-0.5549994776228084,1.662980717675617,-0.6924574735217531,0.05785640876730344,0.11407023727099747,0.07272343306123671,0.47392163320487124,-0.0509317465811592,0.5074186364953476,-0.38879755611003014,-1.1264106665153424,0.2734050220239618,0.24702909473821966,0.011797974976452895,-0.6692965505456795,-1.0614576749279945,0.0
1.0929246060384012,0.9613433963747208,-0.4072038026797091,0.004350790634155447,1.8230103479648427,0.4737859459501652,0.06463016770859674,1.1901939919285196,-1.1741244831612538,-0.3327065510433942,1.0093707908132876,0.1564196298327354,0.8788447941263144,0.5125426280582929,0.6912680735002766,-2.4887098830419094,0.21976630262971447,-1.0306027063050307,0.4361646531144562,-2.2313079401842,-1.6692453006536352,0.0
1.096388709385591,1.4408323551304834,-0.7109109564144718,0.30578286295042617,1.037963187425903,2.077480870931565,-0.18598228786114512,3.1992921975956015,-0.2438531974192819,-1.3359235211675278,0.3544791423037234,0.5646364913111956,-2.5813362561014985,0.12824326083739507,2.0245904714330005,0.3959294321819662,-1.69146596210215,-1.0863723484140615,0.32571305195524974,0.12437410148686592,0.05707585476877337,0.0
1.099852812732781,1.1531389798770257,-0.8065224677754155,0.5563709712615429,-0.2942380547007842,0.17456404170835277,-0.27508893873038665,0.2207689835996481,0.26258792725105784,-0.860715482687675,-1.2446748831266075,1.2404621842033132,-0.17450964123215262,0.7072543074502144,0.47525494757821524,-1.73144326984376,-0.9715778860214626,-1.0153928039116586,1.0494617016563648,-1.479853812195939,-0.6324311155922479,0.0
1.1033169160799707,0.0367903271841216,-0.6546688909080342,-0.9398942551758496,0.6216502992613129,-1.0223235752588977,-1.5615662106550616,1.1620947163247841,0.2949139564853349,0.832974705740518,-1.275134959801471,-1.3630542434482003,-1.127824828539815,0.7738661977685035,-1.5545235632411547,1.6879667979994257,0.3044590174627365,0.22167925741593292,0.5785890861881694,0.04838435820715416,1.1143198759890058,0.0
1.1067810194271606,1.0080628333816923,1.505026424539167,1.8274700713903955,0.20533741109672352,0.9747304822651098,-0.5424088913381113,-0.9453509539553718,0.5535221903595511,-1.571496736824207,1.1312110975127414,1.5806429021020303,1.1260005834283007,-1.6087898790010635,1.4957307493479537,-0.45111621247781836,-1.9963597355010292,0.22674922488039026,1.1744464082312562,-0.3357860105958334,-1.071672593007417,0.0
1.1102451227743504,-0.21401928201120043,0.5151660716258666,0.49826358382708097,0.7465441657106899,-0.4003454597000737,1.6239965579203237,-1.275517442299263,-0.7467025410635911,-0.7713601250247967,-1.6863459949121273,0.2425987450337438,0.9612300572269767,-0.35853593764240893,0.28903673557643816,-1.1888656449234372,1.3433563194144735,-1.1320020555941777,-0.7788029596368135,-0.6650748981412511,-1.1482844786030855,0.0
1.1137092261215402,1.2859205376863139,-1.3576947097385033,0.5600026829761966,-0.38344795930748204,1.1327465440557298,0.5658550788480804,-1.085847331974049,-1.4758340893478397,-1.149089591508782,-0.19380223784381856,0.5147433193527172,2.3794335148883756,0.5996504846283631,1.1791597889449326,-1.021017890451683,0.022149968019329676,-0.4069967081767776,0.22398131404545438,-0.3906674918534029,-0.2800164418521703,0.0
1.1171733294687303,-0.42548620741117793,0.06522954757436623,-0.10096884909080672,0.22317939201806308,-0.33310458234236295,0.2372743037677522,0.6633325743584805,0.539155066255428,-0.9257011973515865,-0.4146377937365785,0.5555650055005632,-0.521704678584943,0.1384912439632857,0.2555174574161183,0.09926828474351641,0.13507358779669243,0.08479013587558469,-0.5172070621544826,-0.27246122452940685,-0.5251744757583111,0.0
1.12063743281592,0.9023293706817037,0.07647796067565374,0.204094934940118,0.6454396071564323,0.6721465341554115,-0.781883015549198,-0.03212449683397086,-1.8062779437426713,-0.722620839026863,-1.3969752665009245,-0.09304622995965695,0.2550706592213007,1.5527129153361896,0.356075291897078,-2.020297544981198,0.11248886384121987,-0.7365445933665049,0.758799593342664,-1.2856578015922309,-1.5824184969785435,0.0
1.12410153616311,0.9342953012654213,0.9594783891267231,0.4728416018245039,0.532440394654615,1.7177421770678127,-0.3196422641650074,0.21374416469871424,-1.4614669652437164,-0.9094547686856086,0.5676996790277675,0.5464935196899308,1.8027366731837409,-0.9272990011293377,1.0264608551034755,-0.6072536584980549,-0.9320546190993856,-0.36136700099666147,0.6396281289340466,-0.8888224755759581,-1.3781201353900927,0.0
1.1275656395102998,-1.2025042123692344,-1.391439949042366,0.7779053858554285,0.08639087162112637,-0.5012067757366397,0.2762584635230454,0.3963894561229942,1.350897578138384,0.4471220249235437,-0.3689476787242833,0.08838348625299199,-1.2219794149405716,0.4408067461770587,-0.5117015760312031,0.7238180688244633,-0.08230438027473079,0.16083964784244476,-0.653818253061922,-0.21335809086740873,0.0008938053319496569,0.0
1.1310297428574896,1.8342591930839298,1.4487843590327294,1.674938179374933,0.3540205854412193,1.2672282987711512,0.4043492741475801,-0.6081596467105468,-0.7036011687512217,-0.6901279816949072,2.326769107001131,1.049960982180032,-0.003854453380780753,-1.7317656765117508,1.7005707825499083,-0.4237921594242769,-1.0760322343155229,-0.7618944306887916,0.7384532457607049,-1.1801164914815199,-0.03996586698574052,0.0
1.1344938462046794,1.482633956663037,1.7974851651726418,0.6435320524132356,2.1382186775751753,0.3998209808566834,1.4903365816164613,0.7616800389715546,-1.7272587611699939,0.9507613135688577,0.20217875892940626,0.1518838869274192,-0.2863182125830514,-1.5319300055568839,-0.07595095994704477,-1.3371962186426622,-1.380926007714402,-0.026749148342476957,1.9766738271770705,-2.01600366755835,-2.277032926379276,0.0
1.1379579495518692,-0.38614352361583326,0.6613954419426039,-1.0851627237620038,-0.014713686933131213,-1.0055133559194696,-1.528151216579096,-0.1515464181498463,0.17638518262631908,0.9426380992358688,0.011803279711509764,-1.3857329579747812,0.5375344184235707,-1.834245507770657,-1.494933735400586,1.1102582477245497,0.5077215330619894,1.2914423924164322,0.4681374850289633,0.31012680728171704,1.3492629918157242,0.0
1.1414220528990593,-1.534458106892455,-0.5365605533445152,-0.0464931733709987,-1.2041790816891018,-0.9181002153544456,1.1840324692534436,-0.7767553003329593,0.5499304093335202,-0.23522797904752688,-0.30802752537455647,-0.14293940191813548,1.555580883881754,-0.32266799670179175,-0.6904710595529092,-0.48624713783237167,1.0779858129376714,0.7083961340038378,-0.7090440536415251,-0.0951518235434126,0.1234728222850199,0.0
1.1448861562462491,0.609718159953828,0.481420832322004,-0.7728355163017716,1.085541803216141,0.6956808412306102,0.5045942563754768,0.354240542717391,-0.4773189641112828,-0.09713333538671506,0.8875304841138337,-0.5239418059646985,-0.9630543023384909,-0.15357627512459668,0.22572254349583393,-0.021738235922167216,-0.34202870576266514,0.6171367196436056,0.44488451636386717,-0.5257603687951129,-0.811192181982142,0.0
1.148350259593439,-1.9647687109040368,-2.1282110071766973,-0.37697893940450045,-1.4896507764305347,-1.1601673738422043,0.5380092504514424,-1.4441130959216755,0.7977633001296441,0.6786336334137286,-2.2117823175535216,-0.9049442100112615,0.11383877962016536,1.5680848900250257,-1.8748188878842116,1.1883269707346678,2.03501349055082,0.34842844402736645,-1.4792986406728323,1.3528749511755402,1.762967174032337,0.0
1.1518143629406288,0.5802111471073195,0.09897478687822878,0.6399003406985817,-0.3358693435172432,1.2167976407528682,-0.5034247315828181,1.169119535225718,-0.8831902200527608,0.38213631025963235,1.0626759249942987,0.5374220338792983,-0.7570911445868352,-0.7530832879891974,0.6503000668598858,-0.46672995707984205,-0.18958181906322547,0.15069971291353007,0.15712902913330343,-0.12470339037441167,0.27669659347635805,0.0
1.1552784662878186,-2.0557486671807714,-1.2114653394217656,-1.0343187597568497,-1.9416476264378033,-1.8998170247770216,1.0726491556668918,0.06622296777910318,0.9234756360407212,0.9426380992358688,-0.30802752537455647,-1.2496606708152944,-0.7865144528370718,1.808912493483455,-1.4651388214803016,0.6340390373628275,2.5714006844932933,1.6463401149284462,-1.4880185039222433,1.3191017319401128,1.5637762714835974,0.0
1.1587425696350084,1.0228163398049466,1.268809749412129,-0.07554686708822965,0.490809105838156,-0.4306038545110435,0.39321094278892493,1.4501122912630724,0.09377421902761127,-0.4423699445387447,0.19456373976069039,-0.18376108806598154,-1.2925953547411393,-1.1578786214618764,0.3374534706969003,-0.4745368293808539,-0.9010006236606107,-0.3664369684611188,1.0552749438226388,-0.8719358659582443,-0.7499026735056068,0.0
1.1622066729821983,-0.3910613590902513,0.6445228222906727,-0.8963137146000032,0.2350740459656228,0.32249397189531603,0.37093428007161455,0.7757296767734223,-0.64972445336076,1.6087416745409617,-0.2318773336873978,-1.0863739262239103,-1.1925561066903352,0.0923753198967779,0.005985053333737209,-0.04906228897570868,0.9904700076102151,-1.1979116326321233,-0.10737348943216454,0.4832145558632829,0.2358369211586679,0.0
1.1656707763293883,-0.09599123062516654,0.24520415719496616,-0.0464931733709987,-1.0019699645805866,-0.2557775733809956,-0.6482230392453355,1.4430874723621385,1.0491879719517987,1.4015997090497436,0.6057747748713468,0.06570477172641083,-0.8335917460374502,-1.285978410535509,-0.15788697322782677,1.375691905958952,-0.014550208408313165,0.414338021065312,0.2327011772948654,1.1122407641231193,1.916190945223675,0.0
1.1691348796765781,0.8826580287840314,0.16084105893531012,-0.43508632683896215,0.8000701084747086,1.052057491226477,-0.7039146960386116,-0.32014207177225895,-1.3465299724107314,-0.5154788735356451,0.3925542381473027,-0.35158357556268177,-0.20393294948238913,0.10774729458561383,0.907281199422338,0.032909870184915715,-1.1663711301374131,-0.5134660249303818,0.5146434223591555,-0.13736834758769698,-0.21872693337563504,0.0
1.172598983023768,-0.806618456678579,-1.5882871783148973,0.10967043035911742,1.7338004433581455,-0.18181260828751378,1.0392341615909262,0.03109887327443388,-0.340831285122113,-0.21898155038154898,-0.8715389438595301,-0.0023313718533323536,-0.6511672348859837,0.2255991005333558,0.2517930931760827,-1.3098721655891212,1.0892781749154075,-1.1877716977032085,-1.1392239739458023,-2.138431587286774,-2.394504484292635,0.0
1.1760630863709578,0.2531750880585172,-0.21598077995782136,0.38568052067281117,-0.05039764877581036,0.8536969030212305,2.0806681436251866,-0.17262087485264788,-0.5994395189963294,-1.0922270911778598,0.872300445776402,0.7596734362397934,1.4555416358309496,-0.20481619075404978,0.7545822655808808,-1.013211018150671,-0.6328070266893742,-0.7466845282954195,0.30536670437329066,-0.9099307375981003,-0.8520518542998322,0.0
1.1795271897181476,0.9465898899514665,0.7963763991580541,-0.5295108314199627,0.5562297025497345,1.052057491226477,-0.5089938972621457,1.1058961651173134,-1.3249792862545466,0.2481032737653148,0.0498783755550891,0.26981320246564117,0.9612300572269767,0.7738661977685035,0.728511715900632,-1.3645202716962042,-0.2516898099407749,-0.44755644789243637,0.6163751602689505,-0.04871364709469979,-0.7294728373467617,0.0
1.1829912930653375,-0.5312196701111666,-0.6659173040093217,0.4111025026753882,-0.3299220165434633,0.5544749987794181,0.44890259958220086,0.5439106530426052,0.20511943083456532,-0.8322842325222136,0.7961502540892433,0.5192790622580334,-0.21570227278248374,0.7021303158872692,0.8029990007013429,-0.29497876645758186,-0.059719656319258296,-0.27517755410088685,-0.8224022758838686,-0.023383732668129164,-0.05528824410487434,0.0
1.1864553964125275,-0.868091400108805,-1.6445292438213346,1.057547187883776,0.5621770295235143,0.8873173417000859,-0.09687563699190359,-0.6292341034133484,-0.23307785434118958,-0.5357869093681176,-0.5440931196047482,1.2449979271086296,1.1201159217782533,1.2145294721817996,0.7992746364613074,-0.4394059040263006,0.43996736119557184,-0.9596231618026279,-0.956106845708171,-0.7495079462298199,-0.1574374248990998,0.0
1.1899194997597173,0.1671129672562007,0.16646526548595386,2.8988250272132854,-0.22881745798920608,1.3344691761288618,0.23170513808842458,1.752179504003228,1.28624551966983,-1.234383342005166,-0.9553041547154046,2.519541683502489,-1.6221364071437885,-0.4610157689013151,1.8197504382310459,-1.5674989515225113,-0.6892688365780555,-1.2029816000965805,-0.38350249233018024,-0.8550492563405308,0.02132364149079446,0.0
1.1933836031069072,2.4883313111815344,0.5657839305816601,2.492073315172053,0.19939008412294365,2.464115915738401,-1.182862944460785,0.03109887327443388,-0.8077628185061144,-1.8598708456453141,0.7504601390769483,2.433362568301481,0.46691847862300306,-0.5891155579749475,2.1921868622345997,-0.6072536584980549,-3.340150810851646,-0.6807749512574741,1.825529530853946,-0.1669199144186959,-0.26980152377274774,0.0
1.196847706454097,0.7252872936026528,-1.0258665232505217,0.687112592989082,0.5859663374186337,0.9310239119825978,-0.4700097375068525,-1.078822513073115,-0.7862121323499297,-1.2018904846732101,-0.011041777794637839,0.2879561740869058,0.7023049446248952,0.42543477148822273,0.7396848086207387,-0.8609770082809404,0.3213975604293409,-0.6554251139351873,-0.7613632331379914,-0.35267262021354695,-0.06039570314458561,0.0
1.2003118098012868,-0.1377928321577202,0.1102231999795163,-0.5040888494173856,-0.1158182454873888,-0.047330853572092664,0.8498825284937878,0.07324778668003704,-0.7898039133759605,0.8898372060714407,-0.2090322761812503,-0.8414438093368343,0.1373774262203546,-0.3995278701459714,-0.1765087944280045,-0.24423409650100486,1.227609609142677,0.23181919234484763,-0.8194956548007316,0.11170914427358072,-0.3055537370507267,0.0
1.2037759131484767,1.0326520107537827,0.9257331498228606,-0.9181039848879263,-0.8473394632623106,0.046806374728702374,-0.6259463765280252,2.50383512640315,-0.36597375230432855,1.133533636061109,0.08795347139866823,-0.7915506373783557,-1.9634467828465318,0.4100627967993869,-0.4819066621109187,1.1180651200255616,-0.39566742515691233,0.03916042869546856,1.444762168962998,0.8167250958131291,0.9815259409565129,0.0
1.2072400164956665,-1.298402004120387,-0.8290192939779905,0.022509349207424787,0.5264930676808351,-0.47094838092566993,1.7855023626208242,-0.33419170957412647,1.0563715340038602,-0.860715482687675,-0.7344685988226447,-0.05222454381181088,0.4257258470726719,0.2255991005333558,0.2071007222956562,-0.08028977817975608,1.648250092813353,0.1861894851647315,-1.8309997917324103,-0.27246122452940685,0.07750569092761846,0.0
1.2107041198428565,-1.045133477187856,0.5432871043790853,-1.9785638055668548,-1.2279683895842213,-2.5923980615614415,0.24841263512640738,-0.4676632686918698,1.6238729361167232,1.9702247123589691,0.36970918064115516,-2.2248453954582827,-0.4334347538342334,0.3690708642958244,-2.2807745900480856,1.5513465327317184,1.1259783513430506,2.351065592488017,-0.5143004410713455,1.3908698228153962,1.0274930723139144,0.0
1.2141682231900464,-1.6082256390087262,-1.6501534503719784,-1.8514538955539699,-1.0376539264232658,-2.051108998831871,0.5491475818100976,0.6773822121603482,1.433508541737092,1.7793291755337295,0.6438498707149262,-1.7667353620213442,-1.7574836250948762,1.537340940647354,-1.521004285080835,1.2429750768417507,1.5381495635304245,0.2673089645960489,-1.368847039513626,1.960792897413235,2.243068323765196,0.0
1.2176323265372362,0.7326640468142799,1.3025549887159917,0.4946318721124271,1.382908151905134,0.46033777047862307,-0.24724311033374866,-0.03914931573490472,-1.3321628483066084,-0.2758440507124716,0.4001692573160186,0.12920517240083804,-0.298087535883146,-1.1425066467730407,0.5683640535791038,-0.32620625566162925,-0.8219540898164568,-0.9646931292670853,1.072714670321461,-0.4835438447508285,-1.071672593007417,0.0
1.221096429884426,0.27776426543060756,0.46454821267007274,1.0103349355932758,-0.6332356922062358,-0.2591396172488811,0.05906100202926914,1.2463925431359906,1.595138687908477,0.5324157754199276,-0.3613326595555674,0.5918509487430931,-1.322018662991376,-0.7838272373668693,0.05067742421416375,1.9612073285348401,-1.5841885233136552,-0.5945855043616994,0.6280016446014985,2.7966800734900645,1.7885044692308931,0.0
1.2245605332316158,-0.4008970300390875,-0.9808728708453718,0.7960639444286979,0.4313358361003575,0.5309406917042193,-0.23610477897509347,-0.9453509539553718,0.23026189801678082,-0.7632369106918078,-1.4426653815132198,1.0091392960321859,1.0377306586775916,0.09749931145972321,0.7657553583009875,-1.2630309317830501,0.363743917845852,-0.6959848536508461,-1.0723716890336512,-0.897265780384815,-0.7192579192673392,0.0
1.2280246365788057,1.226906511993297,0.20583471134046016,0.1568826826496177,0.22317939201806308,0.1039611204827565,0.5324400847721148,0.8951515980892979,-0.15405867176851273,0.02065327244162462,0.23263883560426973,0.2289915163177951,-0.38047279898380765,0.31270695710342605,0.6540244310999214,-0.09200008663127385,-0.41260596812351674,-0.6097954067550715,0.40709844228308606,0.8040601385998438,-0.03485840794602925,0.0
1.2314887399259955,-0.15992309179260156,-1.1214780346114657,1.2064473681845844,-1.067390561292165,0.9545582190577966,-0.5646855540554218,-1.163120339884321,0.73311124166109,-0.7429288748593353,-0.04150185446950131,1.2994268419724242,1.2907711096296253,1.2555214046853622,0.8663131927819472,0.8643417702426766,-0.9828702479991988,-0.21940791199185603,-0.43000842966037245,0.8884931866884125,1.0734602036713157,0.0
1.2349528432731856,0.9515077254258846,0.8132490188099853,-0.15907623652526862,-0.7581295586556127,-0.03052063423266498,-0.6927763646799564,0.09432224338283862,-0.4306258107728826,1.4868934595461276,1.5957272668044091,-0.737121722514561,-0.4040114455839969,-0.9170510180034471,-0.08339968842711587,0.5989081120082742,-0.14158928065784626,0.6576964593592644,0.8430916047536373,0.5592042991429946,0.5167471683427876,0.0
1.2384169466203754,-1.1828328704715623,-1.2620831983775596,0.7089028632770051,0.3540205854412193,-1.0794783210129515,1.8634706821314106,-0.6924574735217531,1.9112154181991858,-0.59264940969904,-2.2803174900719645,-0.17468960225534907,0.967114718877024,0.8917180037162454,-0.5303233972313808,0.8760520786941943,1.360294862381078,-1.137072023058635,-2.066436099466508,0.23835871640643375,-0.024643489866606704,0.0
1.2418810499675652,-0.34925975755769767,-1.0821085887569595,0.44015619639261916,-1.430177506692736,0.8301625959460317,-0.13029063106786912,0.6703573932594143,0.29850573751136567,-0.46267798037121705,-0.05673189280693305,1.0182107818428183,-1.4809045275426531,0.9583298940345345,0.6354026098997436,-1.0015007096991537,-0.025842570386049448,-0.07237885552259295,-0.953200224625034,-0.6355233313102521,-0.4434551311229307,0.0
1.245345153314755,-1.288566333171551,-0.0641272030904402,-0.9181039848879263,-0.1277128994349485,-0.45413816158624226,0.7217917178692531,0.5509354719435391,0.9162920739886597,0.4268139890910713,-0.8334638480159509,-0.3107618894148357,0.36687923057219884,-0.17407224137637792,-0.7873045297938334,0.8448245894901469,0.900131111788325,0.7134661014682951,-1.1072511420312954,0.018832791376155095,0.6342187262561467,0.0
1.2488092566619449,1.669511704690924,0.22270733099239112,0.06972160149792486,1.2936982472984362,1.001626833208194,-1.6228270331276646,0.3261412671136556,-1.676973826805563,-0.05245565655527587,0.7200000624020848,-0.48312011981685243,-1.2160947532905244,0.24097107522219174,1.0041146696632621,0.35689507067690696,-1.8156819438572487,-0.7111947560442181,1.7761169724406172,0.31012680728171704,-0.06039570314458561,0.0
1.2522733600091347,1.80721109797463,0.8357458450125604,-0.15907623652526862,1.5018546913807311,0.16447791010469617,-0.5702547197347493,0.3120916293117879,0.19793586878250377,-1.096288698344354,-0.7953887521723716,0.006740113957299854,-1.3337879862914706,-0.4558917773383698,-0.031258589066618235,0.1265923377970579,-1.3188180168368528,-0.4627663502858084,1.366283399718299,0.09060088225143853,-0.7039355421482053,0.0
1.2557374633563245,-1.0893939964576187,-1.042739142902453,0.24041205208665656,0.6275976262350927,0.08715090114332881,0.44890259958220086,-0.3693158040787958,-0.8975573441568839,-0.011839584890331153,-0.6202433112919068,-0.8096936089996207,0.2550706592213007,0.10774729458561383,-0.3515539137096751,0.07584766784048087,1.4958032061139135,-0.48811618760809516,-0.7642698542211284,-1.002807090495526,-0.31576865513014923,0.0
1.2592015667035146,0.5187382036770934,0.5489113109297291,-0.9689479488930806,-1.019811945501926,-0.6222403549805188,-1.951407808207993,1.3658144644518662,-0.31928059896592836,2.1408122133517367,1.3977367684177964,-1.0138020397388505,-2.357719113399701,0.31783094866637135,-1.1597409537973875,-0.04906228897570868,-0.3137978008183244,2.0823573168717777,1.9127281633480564,0.13703905870015123,-0.09614791642256451,0.0
1.2626656700507044,-0.5115483282134943,-0.9864970773960156,-0.14454938966665312,0.10423285254246593,0.07034068180390113,0.09247599610523471,-2.1676694427178624,0.44936054060465835,-0.17836547871660427,-1.0542994039087108,-0.1293321732021868,1.6791587785327466,0.54841056899891,-0.1206433308274713,0.9814448547578543,0.14354285927999463,0.1456297454490727,-0.6160321789811409,-0.09937347594784104,-0.23915676953448015,0.0
1.2661297733978942,2.404728108116427,1.0382172808357357,0.17504124122288703,-0.6689196540489148,1.1058501931126457,-1.071479630874233,1.2112684486313212,-1.6446477975712859,0.10594702293800852,1.3520466534055013,0.41042123253044405,0.0020302082692665526,-0.865811102373994,1.1940572459050747,-0.06467603357773237,-2.064113907367447,-0.543885829717126,2.092938670502551,-0.196471481249695,-0.24426422857419142,0.0
1.269593876745084,1.5145998872467548,-0.11474506204623403,1.4098232242052011,0.4729671249168165,0.7259392360415801,-1.77319450646951,0.5368858341416715,-0.11454908048217413,-0.5154788735356451,-0.5745531962796117,1.3674629855521676,0.07264614806983422,0.39469082211055095,0.5720884178191393,0.4779015913425906,-1.9653057400622544,-0.559095732110498,1.7092646875284656,0.031497748589440405,0.4350278237074072,0.0
1.2730579800922739,1.957205079944382,0.9988478349812294,-0.7147281288673097,1.9479042144142198,0.7158531044379235,-0.8988354948150775,1.2955662754425274,-0.4809107451373136,-1.035364590846937,0.11079852890481584,-0.02047434347459727,-0.4216654305341388,-0.3072960220129558,0.6800949807801699,-0.46672995707984205,-1.6632350571578092,-0.8937135847646827,1.892381815766097,-0.517317063986256,-0.959308494133769,0.0
1.2765220834394637,0.4203814941887319,-0.24410181271104014,0.5854246649787737,-0.9246547139214487,-0.9248243030902167,-0.2806581044097143,2.32118983497887,1.0886975632381373,0.5892782757508502,0.3164040464601441,0.3922782609091791,-2.3106418201993226,0.31783094866637135,-0.05732913874686705,-0.6775155092071615,0.36656700834028605,0.36870831388519587,0.2792071146250576,0.2721319356418611,0.5167471683427876,0.0
1.2799861867866535,-1.2049631301064436,-0.4240764223316404,0.3021511512357723,-3.892370873837595,0.10059907661487097,0.0701993333879243,0.10837188118470634,1.1317989355505065,0.25622648809830373,0.4763194490031773,-0.02954582928522973,0.21387802767096956,-0.5020077014048776,-0.4856310263509543,2.050986359996476,0.5980604288838797,1.4131216115634087,-0.6770712217270181,2.2985250897675096,3.1164438195558226,0.0
1.2834502901338436,-0.07140205325307612,-0.5028153140406527,0.32757313323834936,0.35996791241499915,-0.013710414893237296,0.12032182450187268,0.4525880073304651,1.2108181181231836,0.25622648809830373,0.7047700240646532,-0.20190405968724645,-1.1807867833902406,-0.3995278701459714,-0.07595095994704477,1.7348080318054968,0.11531195433565393,0.03409046123101121,-0.3399031760831251,1.5132977425438208,0.5882515948987452,0.0
1.2869143934810334,1.0080628333816923,0.3633124947584851,-0.11912740766407606,2.3047438328410115,1.8152414492364934,-0.08573730563324838,-0.5660107333049437,-2.6180204556256275,-0.6982511960278962,-0.16334216116895509,-0.02047434347459727,0.09618479467002344,0.04625939583027026,1.1232943253443997,-2.6058129675570862,0.21129703114641227,-0.9342733244803412,-0.028894720187465257,-2.7927877099731817,-2.7673489941915577,0.0
1.2903784968282233,-1.4311835619296753,-0.4072038026797091,0.9849129535906987,-1.0079172915543664,-0.6625848813951452,0.9055741852870638,-0.12344714254611085,2.112355155656909,1.560002388543028,0.27832895061656493,0.08838348625299199,-1.1454788134899567,0.7789901893314488,-0.9549009205954325,1.0165757801124076,1.1739708897484296,1.0632938565158518,-1.2700219226869678,1.1586789405718323,0.9304513505594002,0.0
1.293842600175413,2.3334194937373653,1.4937780114378794,0.17504124122288703,1.2461196315081973,0.09723703274698543,-0.6872071990006288,1.9910233466349794,0.2589961462250271,0.2196720235998535,0.7123850432333689,-0.67815706474545,-1.4514812192924167,-2.5208603772053277,0.7247873516605965,-0.04515885282520276,-2.120575717256128,-0.052098985664763696,1.77321035135748,-1.0112503953043828,-1.3168306269135575,0.0
1.297306703522603,0.9588844786375117,-0.29471967166683394,-1.328487408643813,2.411795718369049,-1.7586111823258292,-0.08016813995392078,1.562509393678014,-0.03193811688346613,0.02065327244162462,-1.1076045380897217,-1.7712711049266603,-0.38635746063385495,1.2247774553076902,-0.8468943576344017,-0.673612073056656,-0.16417400461331882,-0.11800856270270907,0.9651696902453915,-1.3616475448719427,-1.8377914489641065,0.0
1.3007708068697927,-1.0230032175529746,-1.1664716870166156,-0.2970812816821154,-1.2160737356366615,-0.6793951007345729,0.9612658420803398,-0.6222092845124145,1.8824811699909394,-1.0881654840113653,-1.7548811674305702,0.11106220077957313,-0.6099746033356526,0.8456020796497378,-0.001463675146333881,1.0751273223699964,0.7787382205276601,-0.41713664310569226,-1.325247723266571,0.7998384861954153,1.7374298788337805,0.0
1.3042349102169826,-0.012388027560059248,0.5489113109297291,-1.0161602011835804,0.2648106808345221,-2.0578330865676424,-1.210708772857423,0.6844070310612821,0.11532490518379596,2.0555184628553533,-0.6354733496293384,-1.4945907877023707,-1.3573266328916598,0.0001434717637624698,-1.6513570334820789,0.5793909312557446,-0.16135091411888478,1.0632938565158518,1.0581815649057758,0.6985188284891329,0.3022338886749144,0.0
1.3076990135641726,0.1671129672562007,0.1102231999795163,0.5854246649787737,-0.4786051908879598,-0.773532329035368,0.3152426232783386,0.08027260558097091,0.49246191291702773,-0.18242708588309875,-1.6711159565746956,0.5011360906367684,-0.2745488892829568,-0.12283232574692482,-0.8319969006742599,-1.169348464170908,0.987646917115781,-0.3765769033900335,0.20944820862976932,-1.4165290261295125,0.18476233076155518,0.0
1.3111631169113624,0.744958635500325,-0.9246308053389344,-0.148181101381307,0.03286492885710765,0.5141304723647916,-0.041183980198627644,0.5298610152407376,-0.5096449933455598,-0.5967110168655345,0.36970918064115516,-0.133867916107503,-1.5868284372435046,2.690239042310048,0.8253451861415562,-1.0249213266021893,-0.4831832304843685,-0.2548976842430574,0.2850203567913316,-1.0745751813708093,0.2715891344366468,0.0
1.3146272202585523,2.1170347328629693,0.9594783891267231,-0.8055209217336565,2.2452705631032126,0.12749542755795526,-0.7317605244352496,2.5319344020068857,-0.9873518698076535,0.26841130959778714,0.30117400812271256,-0.36519080427863043,-1.8751768580958224,-0.0357244691768547,0.5087742257385351,-0.6384811477021023,-2.112106445772826,-0.5793756019683274,2.177230681913524,-1.775369480505929,-2.261710549260142,0.0
1.318091323605742,-2.2008248136761046,-1.430809394896872,0.5091587189710426,-2.1081727817036393,-1.1534432861064332,1.3789532680299095,-1.6618824818506248,2.1410894038651556,0.5689702399183778,-0.3765626978929992,0.4376356899623414,-0.6688212198361256,1.957508248808869,-1.0927023974767476,1.17661666228315,1.6623655452855233,1.3928417417055792,-1.8891322133951507,1.1882305074028312,1.058137826552182,0.0
1.321555426952932,0.5777522293701105,-0.7446561957183343,1.7403089902387026,0.9249639749240857,0.6082677006655867,0.5547167474894252,0.26994271590618474,-0.21871073023706644,-1.5065110221602953,-1.427435343175788,1.8482517335156874,0.23153201262111148,0.7841141808943941,1.2126790671052525,-1.4621061754588518,-0.40978287762908266,-1.0863723484140615,0.0931833653042892,-1.8471375713812126,-1.8735436622420856,0.0
1.3250195303001218,-0.33204733339723436,0.12147161308080381,0.21862178179873334,-0.34181667049102304,-0.2221571347021402,-0.21939728193711067,-1.1771699776861888,-0.053488803039650826,0.32527380992870975,-0.1404971036628075,0.26981320246564117,-0.6805905431362202,-0.48663572671604166,-0.46700920515077654,0.39202599603146027,-0.32226707230162666,0.4396878583875986,0.19491510321408426,0.9307097107326968,0.09793552708646354,0.0
1.3284836336473116,-0.3910613590902513,-0.7446561957183343,0.6035832235520431,0.04475958280466736,1.6807596945210719,-0.904404660494405,-0.8680779460450995,-2.1367217981375033,-0.4829860162036894,0.24025385477298558,0.6825658068494176,1.0730386285778755,0.7226262821390504,0.8551401000618406,-1.1732519003214135,0.7279225916278468,-0.7061247885797608,-0.7352036433897583,-0.9521472616423846,-0.4843148034406209,0.0
1.3319477369945016,-1.354957112076195,-0.14849030135009625,-1.379331372648967,-2.6553268632913856,-2.2461075431692317,-0.6649305362833183,0.9583749681977026,2.4212483238955564,1.7630827468677517,-0.4222528129052944,-1.4129474154066788,-1.4279425726922275,-0.2970480388870652,-2.4409222523696137,2.3866818689399856,1.4167566722697595,2.133056991516351,-0.3660627658313582,3.345494886065761,2.4984412757507592,0.0
1.3354118403416915,0.8359385917770596,1.2744339559627729,1.4570354764957012,0.7049128768942309,0.32921805963108713,0.2651201321643902,-0.4044398985834651,-0.6928258256731293,-0.6495119100299627,0.8418403691015385,0.6190654061749904,0.3433405839720103,-1.3423423177279072,0.08792106661451919,-0.6306742754010904,-1.0167473339324073,0.5715070124634896,1.2093258612289004,-1.0956834433929517,-1.362797758270959,0.0
1.3388759436888813,-0.5385964233227937,0.7007648877971102,0.6725857461304665,0.5145984137332754,0.12077133982218419,1.5850123981650306,-0.01807485903210314,-0.5347874605277753,0.9385764920693743,0.3240190656288599,0.5827794629324606,0.337455922321963,0.0923753198967779,0.4305625766977889,-1.345003090943674,0.7392149536055831,-0.22447787945631337,-0.4474481561591945,-1.239219625143518,-1.904188416480353,0.0
1.3423400470360711,-1.2467647316389971,-0.8233950874273467,1.3916646656319318,-1.430177506692736,-1.052581970069867,1.1283408124601677,-1.4722123715254107,1.1964509940190606,-0.12556458555217614,-0.20141725701253443,0.9955320673162371,2.667781935740694,-0.63010749047851,-0.1765087944280045,-0.12713101198582716,0.7872074920109622,0.3991281186719399,-1.5345244412524355,-0.12048173796998322,0.7823350384077734,0.0
1.345804150383261,-0.0935323128879575,-0.3847069764771341,0.16051439436427156,-0.19313349614652695,-0.1851746521553993,-0.8041596782665082,-0.7275815680264224,-0.7502943220896219,0.3496434529276766,0.4839344681718932,-0.07490325833839202,0.5846117116239492,0.6252704424430897,-0.5079772117911675,-0.14664819273835678,0.2875204744961321,0.9416146373688755,0.16584889238271447,-0.5384253260083982,-0.024643489866606704,0.0
1.3492682537304508,-0.09599123062516654,-1.3576947097385033,0.2658340340892336,0.04475958280466736,0.2485290068018342,0.08133766474657951,-0.7627056625310917,-0.865231314922607,0.2481032737653148,2.4790694903754487,0.6961730355653662,1.0024226887773078,0.8046101471461754,0.8253451861415562,-2.1491109379478934,0.48795989960095093,-0.001399311020190219,-0.4474481561591945,-1.8175860045502135,-1.4445171029063393,0.0
1.3527323570776408,-0.4697467266809406,1.3531728476717855,-0.8890502911706955,-2.6077482475011466,-0.6558607936593741,-2.207589429457063,-0.8470034893422979,0.5068290370211509,1.4422157807146883,0.9636806758009924,-1.0546237258866966,-0.7982837761371664,-1.485814081490376,-2.1318000204466636,2.2110272421672192,0.2479972075740552,3.3701290528439425,0.6280016446014985,2.146545603208086,1.4769494678085058,0.0
1.3561964604248307,-0.6640012279204547,0.11584740653016005,-0.33703011054330795,1.13312041900638,-0.2490534856452245,1.328830776915961,1.0707720706126445,0.025530379533026393,-0.16618065721712086,0.6666949282210738,-0.07036751543307579,-0.7688604678869299,-0.5686195917231663,0.3002098282965448,-0.7829082852708219,0.32986683191264315,-0.4931861550725525,-0.685791084976429,-0.23446635288955092,-1.2555411184370222,0.0
1.3596605637720205,0.45480634250965835,-0.15973871445138377,1.8274700713903955,-0.6927089619440343,1.384899834147145,0.3486576173543041,0.26291789700525087,0.8839660447543827,-1.6567904873205905,-0.11003702698794401,1.6849649889243035,0.6258043431742802,-0.9529189589440642,1.7750580673506193,0.8721486425436884,-1.527726713424974,-1.0153928039116586,-0.6480050108956479,0.26368863083300426,0.9100215144005551,0.0
1.3631246671192103,1.1924816636723705,1.2406887166589105,0.5418441244029274,-0.4904998448355195,0.9511961751899111,-0.5869622167727321,-0.48873772539467136,-0.7107847308032833,0.08563898710553616,1.7175675735038625,0.6553513494175202,-0.4216654305341388,-2.023833195599633,0.534844775418784,-0.7477773599162681,-1.2680023879370397,-0.011539245949104913,1.5261475592908342,-0.7748378606563905,-1.092102429166262,0.0
1.3665887704664001,0.7547943064491612,1.032593074285092,-1.6952902918238533,0.615702972287533,-0.47094838092566993,-1.617257867448337,1.7381298662013602,-0.6892340446470986,1.714343460869818,0.8875304841138337,-2.3382389680911886,-1.8457535498455857,-0.6403554736044006,-0.709092880753087,1.2624922575942803,-0.7457306464667368,1.0582238890513944,2.066779080754318,-0.08670851873455572,-0.08593299834314197,0.0
1.37005287381359,1.1187141315560991,0.7007648877971102,1.9146311525420883,1.0617524953210218,1.4117961850902292,0.4600409309408561,0.40341427502392807,-0.5778888328401447,-0.6860663745284128,1.5195770751172504,2.1067890791187125,0.1491467495204492,-0.9529189589440642,1.9724493720725027,-0.5838330415950194,-1.7874510389129081,-1.2181915024899526,0.3402461573709348,-0.7072914221855354,-1.2095739870796207,0.0
1.3735169771607798,0.14498270762131932,1.8199819913752169,-1.7533976792583152,0.5740716834710741,-1.8628345422302812,-0.6315155422073527,-0.03914931573490472,0.6002153436979513,1.5559407813765336,-0.8943840013656777,-2.21577390964765,0.043222839819597694,-1.3730862671055792,-2.4483709808496847,1.481084682022612,0.3270437414182091,0.9466846048333329,0.9506365848297065,1.2008954646161165,0.45035020082654104,0.0
1.3769810805079699,1.1383854734537715,0.7851279860567666,0.32757313323834936,0.9368586288716454,0.7360253676452367,0.34308845167497654,-0.8329538515404301,-1.1525737970050691,-0.08088690672073717,1.9612481869027705,0.7460662075238448,-0.30985685918324063,-0.8914310601887205,1.0897750471840797,-0.8141357744748693,0.15201213076329687,-0.28531748902980153,0.22688793512859137,-0.28090452933826376,-0.7192579192673392,0.0
1.3804451838551597,0.2654696767445624,0.4870450388726478,-0.8636283091681184,1.037963187425903,-0.3095702752671642,-1.9179928141320275,2.7497037879358355,-1.7703601334823633,1.9296086406940245,0.9560656566322765,-0.9094799529165777,-1.4809045275426531,0.261467041473973,-0.7053685165130514,-0.4901505739828776,0.6573453292669951,0.029020493766553867,0.8866909210006925,-0.28090452933826376,-0.5660341480760013,0.0
1.3839092872023495,-0.248444130332127,0.13834423273273508,0.8904884490096984,0.1934427571491638,-0.26250166111676665,-0.12472146538854159,-0.5168370009984068,0.977352351431183,1.048239885564725,1.1312110975127414,0.29702765989753827,1.0200766737274498,0.328078931792262,-0.41859247003031447,0.35689507067690696,-0.830423361299759,0.6881162641460085,0.06411715447291909,0.14970401591343654,-0.7192579192673392,0.0
1.3873733905495393,1.8883553833025288,1.3587970542224292,-0.6166719125716555,-1.3052836402433594,-0.5449133460191518,-0.5758238854140769,0.5860595664482084,-0.08940661329995865,2.104257748853287,3.0045058130168436,-1.5308767309449007,-1.2572873848408554,-1.5268060139939386,-0.3292077282694618,1.6059946388388013,-1.0111011529435392,2.2040365360187537,1.9011016790155084,1.3233233843445413,1.2879734833391892,0.0
1.3908374938967292,0.9121650416305399,0.9932236284305856,-0.11549569594942219,0.6632815880777719,0.6217158761371289,-0.11358313402988639,1.5414349369752123,-0.38034087640845166,-0.08088690672073717,0.6210048132087785,0.47392163320487124,-0.003854453380780753,0.030887421141434328,0.6428513383798147,0.021199561733397945,-1.0986169582709955,0.6475565244303497,0.6454413711003206,-0.36533757742683226,-1.071672593007417,0.0
1.394301597243919,0.06383842229342106,-0.20473236685653384,0.6108466469813507,1.0022792255832238,0.8167144204744896,-0.09687563699190359,-1.3598152691104692,-1.0053107749378074,0.028776486774613565,-0.5745531962796117,0.29249191699222205,2.302932913437761,-0.14332829199870606,0.7322360801406675,-0.14664819273835678,-0.056896565824824226,-0.5033260900014672,-0.5578997573184008,-0.7283996842076776,-0.5660341480760013,0.0
1.3977657005911088,0.061379504556212015,0.5601597240310167,-1.971300382137547,1.3353295361148951,-1.4358549710088184,-0.3363497612029902,0.7335807633678191,-0.2438531974192819,1.0929175643961642,1.4891169984423869,-1.5535554454714817,-1.4926738508427477,1.2350254384335808,-1.3087155233988088,-0.9780800927961181,0.3157513794404728,1.2204628479140294,0.4390712741975932,-1.3954207641073701,-2.4506865337294585,0.0
1.4012298039382989,0.6293895018515003,1.6568800014065483,-0.4859302908441163,2.1620079854702947,0.16111586623681062,-0.1414289624265243,1.2885414565415936,-0.6856422636210678,0.621771133082806,1.420581825923944,0.08838348625299199,-0.32751084413338255,-1.5011860561792119,0.06557488117430592,-1.7197329613922427,-0.4521292350455937,-0.13321846509608112,1.1511934395661603,-2.8687774532528936,-1.8735436622420856,0.0
1.4046939072854887,-0.42056837193675983,0.7851279860567666,0.5854246649787737,0.3064419696509804,-0.42387976677527245,-0.28622727008904186,-0.165596055951714,1.9435414474334627,0.5283541682534332,-0.4374828512427261,0.6462798636068877,-1.4926738508427477,-1.2398624864690013,0.460357490618073,1.1063548115740438,-0.17828945708548918,-0.4931861550725525,-0.5869659681497709,0.15392566831786497,0.22562200307924535,0.0
1.4081580106326785,1.9276980670978734,0.5207902781765102,0.6181100704106585,1.6089065769087685,1.6975699138604996,-2.0627911217945454,0.6984566688631498,-1.4650587462697473,-0.6292038741974902,-0.0034267586259219716,0.11559794368488936,-1.3455573095915652,0.9941978349751517,1.208954702865217,-0.5565089885414783,-1.578542342324787,-0.6604950813996446,1.183166271480667,-0.6017501120748248,-0.7958698048630082,0.0
1.4116221139798684,-0.14025174989492922,-0.2103565734071776,-1.030687048042196,-0.002819032985571498,-0.0036242832895806844,0.05906100202926914,0.5298610152407376,-0.42344224872082104,-0.722620839026863,-1.427435343175788,-1.39934018669073,0.7258435912250845,0.6355184255689803,0.05812615269423484,0.28663321996780033,0.9707083741491765,0.10507000573341393,-0.3864091134133173,1.302215122322399,0.35841593811173816,0.0
1.4150862173270582,0.41054582323989575,0.6445228222906727,-0.4532448854122315,0.21723206504428325,0.2552530945376053,0.19272097833313145,-0.025099677933037,-0.6748669205429755,0.28465773826376506,0.22502381643555386,-0.4377626907636901,0.8847294557763618,-0.6403554736044006,-0.1280920593075424,-0.24033066035049894,0.38915173229575856,-0.40192674071232026,-0.24689130142274074,-0.4835438447508285,-0.03485840794602925,0.0
1.418550320674248,-1.236929060690161,1.032593074285092,-1.2304311923481586,0.12802216043758538,-1.4930097167628722,0.7050842208312703,1.1410202596219825,0.7654372708953671,2.388570250507899,0.9636806758009924,-1.5807699029033786,-1.210210091640477,0.39469082211055095,-1.3347860730790577,0.3686053791284247,1.1993787041983361,0.459967728245428,-0.47360774590742744,-0.09093017113898416,-0.0808255393034307,0.0
1.4220144240214379,-1.3008609218575962,-0.7165351629651154,-0.2389738942476535,-2.5720642856584677,-0.9382724785617589,-0.49228640022416287,-1.2474181666955275,1.1856756509409683,0.8126666699080457,0.8037652732579592,-0.2608687174563574,1.0906926135280175,-0.05109644386569062,-0.8245481721941889,1.4927949904741298,0.6827531437169017,2.0063078049049174,-0.20329198517568559,1.9101330685600937,1.7221075017146465,0.0
1.425478527368628,-1.9475562867435736,-2.5725233246775536,0.17504124122288703,-1.4658614685354152,-0.78698050450691,1.6239965579203237,-0.0602237724377063,2.0010099438499553,-0.38550744420782207,-0.8030037713410875,0.5419577767846145,0.8258828392758887,1.1991574974929637,-0.6197081389922339,0.48570846364360243,0.9311851072270996,0.7388159387905819,-2.2001406692908105,0.2594669784285758,1.1041049579095834,0.0
1.4289426307158177,-1.6328148163808165,-0.5984268254015965,-0.006544344509806156,-1.4361248336665158,-0.5381892582833807,0.6661000610759771,0.5368858341416715,1.077922220160045,0.6705104190807396,-1.1152195572584376,-0.5057988343434335,0.22564735097106417,0.3690708642958244,-0.3217589997893907,1.2663956937447862,1.5889651924302375,0.11013997319787128,-1.752521022487711,1.682163838720958,1.53313151724533,0.0
1.4324067340630076,0.6662732679096359,0.4139303537142789,-1.9022978595591231,-0.026608340880690928,0.05016841859658791,-0.6092388794900424,-1.0928721508749828,-1.5261190237122702,0.03689970110760251,0.5448546215216201,-1.240589185004662,1.096577275178064,0.5586585521248008,-0.13926515202764903,0.3451847622253892,-0.12182764719680778,0.8503552230086434,0.7733326987583491,0.2890185452595749,0.17965487172184388,0.0
1.4358708374101974,-0.4082737832507146,0.43080297336621015,-1.619024345816122,0.8060174354484885,0.06361659406813006,-0.5925313824520597,-0.1304719614470447,-1.5261190237122702,0.6136479187498171,0.2630989122791332,-1.7349851616841305,-0.003854453380780753,0.2922109908516448,-0.8543430861144727,-1.1849622087729317,1.848689517918172,0.14055977798461536,0.005984732810178873,-1.336317630445372,-0.5507117709568674,0.0
1.4393349407573872,1.534271229144427,1.296930782165348,1.057547187883776,1.1747517078228389,1.6908458261247286,-0.7596063528318876,0.45961282623139893,-0.5383792415538061,-0.0037163705573422094,1.1464411358501732,0.1564196298327354,0.10795411797011806,-1.2193665202172201,1.3132369015862122,0.9736379824568424,-1.6039501567746937,-0.9038535196935974,1.3168708413049695,1.5048544377349637,0.29712642963520314,0.0
1.442799044104577,0.09088651740272052,-0.2778470520149027,-0.1372859662373454,-0.14555488035628808,-0.15491625734442985,1.3399691082746163,-0.5660107333049437,0.00757147440287248,-0.8119761966897413,0.11079852890481584,0.469385890299555,0.8199981776258414,-0.8453151361222128,0.3933189342974334,-0.5643158608424902,0.3580977368569839,-0.5895155368972421,-0.682884463893292,-0.47932219234640006,-1.1636068557222192,0.0
1.4462631474517669,0.27530534769339854,0.2789493964988287,-0.30797641682607696,0.24696869991318252,-0.4575002054541278,0.18715181265380385,0.888126779188364,0.06144818979333422,-0.27178244354597714,-1.1913697489455963,0.1382766582114705,-0.5570126484852268,0.8251061133979566,-0.1951306156281822,-0.6423845838526087,-0.09641983274690114,-0.28531748902980153,0.23560779837800241,-0.6650748981412511,-0.9082339037366562,0.0
1.449727250798957,-0.35171867529490675,-0.09224823584365899,-0.40240092140707756,-0.4369739020715008,-0.19862282762694145,0.7273608835485808,0.7125063066650176,-0.25462854049737427,-0.19461190738258216,-0.26233741036226127,-0.9321586674431589,-0.580551295085416,-0.33291597982768234,-0.716541609233158,-0.6579983284546324,0.7505073155833194,0.07465020094666999,-0.4212885664109614,-0.48776549715525697,-0.33619849128899404,0.0
1.4531913541461468,-2.3090171941133026,-2.105714180974122,-0.6965695702940404,-1.3469149290598184,-1.6880082611002332,2.6264463801992908,0.5720099286463407,1.318571548904107,0.7070648835791898,-1.0771444614148584,-1.2133747275727647,-0.8159377610873083,1.8345324512981818,-1.1820871392376007,-0.32620625566162925,3.7006368822669207,-0.45262641535689374,-2.6826397690915535,0.0019461817584413453,0.4043830694691396,0.0
1.4566554574933366,0.14252378988411027,-0.840267707079278,0.0007190789195015795,0.4789144518905963,0.5880954374582734,-0.7707446841905428,0.3823398183211265,-0.5958477379702987,-0.6901279816949072,-0.3689476787242833,0.30609914570817076,0.03733817816955039,0.8558500627756285,0.32628037797679366,-0.8336529552273985,0.3355130129015113,-1.0610225110917748,0.1803819977983992,-1.023915352517668,-0.16254488393881106,0.0
1.4601195608405264,1.5121409695095456,0.8751152908670667,-0.10096884909080672,-0.10392359153982908,1.4891231940515965,-0.8264363409838187,1.1972188108294535,-1.2567354467599618,-0.7632369106918078,0.5676996790277675,0.4376356899623414,-1.1984407683403824,0.4766746871176758,0.948249206062729,-0.8102323383243629,-1.4769110845251605,-0.7010548211153035,1.4622018954618201,-0.12048173796998322,-0.13700758874025468,0.0
1.4635836641877162,-0.4894180685786129,0.0033632755172848935,-0.035598038227037096,1.0736471492685815,0.8839552978322004,0.6995150551519427,0.42448873172672963,-1.073554614432392,-0.4464315517052392,0.3316340847975758,-0.11118920158092185,0.47280314027305037,0.05650737895616088,0.37469711309725573,-0.4394059040263006,0.7928536729998302,-0.6452851790062726,-0.2904906176697959,-1.2898794539966594,-0.6017863613539801,0.0
1.467047767534906,0.28022318316781664,0.7007648877971102,0.22225349351338722,0.5978609913661934,-0.5516374337549228,-0.007768986122662038,1.9699488899321778,0.43499341650053525,0.12625505877048088,-0.20141725701253443,0.13374091530615428,-0.8630150542876868,0.1384912439632857,-0.36272700642978173,-0.9117216782375169,0.10401959235791765,-0.7162647235086755,0.8518114680030484,-0.6439666361191089,-0.38727308168610675,0.0
1.470511870882096,-0.43286296062280505,0.031484308270503684,-1.3248556969291592,-0.3715533053599223,-2.457916306846021,0.7997600373798394,-0.19369533155544943,1.221593461201276,0.7436193480776401,-0.5821682154483275,-0.9775160964963212,-0.13331700968182147,0.07187935364499666,-1.5098311923607282,0.1695301354526226,1.103393627387578,1.1494833034116267,-0.17131915326117877,-0.3442293154046901,-0.811192181982142,0.0
1.473975974229286,1.7334435658583591,1.3869180869756481,-0.3333983988286541,1.9062729255977608,1.1596428949988142,-0.6537922049246632,1.6257327637864185,-1.8493793160550407,-0.35301458687586657,-1.145679633933301,0.30156340280285454,-1.1219401668897675,-0.8196951783074865,0.7173386231805254,-0.9936938373981418,-1.5616037993581826,-0.6047254392906142,1.2819913883073253,-1.509405379026938,-1.9144033345597757,0.0
1.4774400775764758,1.5613193242537264,1.341924434570498,1.1229179987475457,-0.15150220733006795,1.0991261053768746,-0.3085039328063522,-0.08129822914050788,-0.7179682928553448,-0.20679672888206557,-0.9857642313902681,1.4082846717000137,0.08441547136992883,-1.0041588745735173,1.0562557690237597,0.1539163908505989,-2.112106445772826,-0.7618944306887916,1.825529530853946,-0.4413273207065441,-0.2493716876139027,0.0
1.4809041809236656,0.5211971214143025,0.16646526548595386,-0.5658279485665014,0.8357540703173878,-0.48103451252932655,0.35422678303363175,0.2839923537080524,-1.3106121621504236,0.1912407734343922,-1.2218298256204598,-0.44683417657432256,0.678766298024706,0.5894025015024725,-0.09829714538725805,-1.1654450280204016,0.25646647905735737,-0.5895155368972421,0.6105619181026765,-1.0830184861796663,-1.3576902992312476,0.0
1.4843682842708554,-0.7672757728832345,0.22270733099239112,0.19319979979615637,1.2282776505868578,-0.3364666262102485,0.05906100202926914,-0.6503085601161499,0.043489284663180305,-0.5154788735356451,-1.3969752665009245,0.04756180010514592,0.8376521625759833,-0.8709350939369392,-0.5079772117911675,-1.1459278472678724,0.5444217094896324,-0.12814849763162375,-0.662538116311333,-1.1378999674372354,-1.2453262003575996,0.0
1.4878323876180453,1.2539546071025964,1.550020076944317,0.418365926104696,2.3047438328410115,0.6553363148159842,-1.2775387610093538,2.2017679136629944,-1.827828629898856,0.2643497024312927,0.6362348515462103,-0.578370720828493,-0.7276678363365987,-1.1066387058324236,-0.23982298650860875,-1.8251257374559022,-0.869946628221836,-0.6604950813996446,2.0202731434241255,-2.6365865710093295,-2.394504484292635,0.0
1.491296490965235,-1.1213599270413364,0.23957995064432241,-0.5803547954251169,-0.22287013101542621,-1.930075419587992,1.1227716467808402,-1.3879145447142047,0.9378427601448444,0.3090273812627319,-1.8081863016115811,-0.578370720828493,1.8321599814339766,0.7789901893314488,-1.6662544904422212,-0.3340131279626411,0.7533304060777535,0.6779763292170937,-0.2585177857552888,-0.31467774857369124,-0.19829709721678995,0.0
1.4947605943124251,0.05154383360737585,0.891987910518998,0.32394142152369554,0.5086510867594956,-0.5079308634724109,0.7384992149072359,-0.2709683394657219,0.6181742488281051,0.3009041669297429,-0.16334216116895509,-0.07943900124370826,-0.04504708493111189,-2.1314370184214844,-0.15416260898779122,-0.3457234364141584,0.8860156593161547,0.312938671776165,-0.5753394838172228,-0.11203843316112636,-0.3004462780110154,0.0
1.498224697659615,-0.6762958166065,-0.817770880876703,0.6181100704106585,2.6318468163989026,0.5645611303830746,-0.1414289624265243,-0.9874998673609751,-1.0124943369898691,0.9995005995667914,-0.01865679696335371,0.5102075764474009,0.4198411854226246,0.5842785099395272,-0.19140625138814665,-1.1381209749668606,-0.2996823483461541,-1.0660924785562322,0.15422240805016643,-0.846605951531674,-1.6896751368124803,0.0
1.5016888010068048,-0.38122568814141516,-0.8796371529337843,0.9195421427269294,-1.3766515639287173,0.1880122171798949,-1.2942462580473366,-1.085847331974049,0.15124271544410378,0.26028809526479824,-1.0390693655712793,0.06116902882109461,1.1083465984781586,0.31783094866637135,-0.7463365231534425,1.2000372791861855,0.4456135421844399,1.1646932058049988,-0.624752042230552,1.4330863468596806,1.5484538943644637,0.0
1.5051529043539946,-0.20664252879957337,-0.25535022581232764,1.9218945759713961,0.6454396071564323,1.1932633336776695,0.5101634220548045,0.3612653616183249,-0.4845025261633444,-0.722620839026863,0.8266103307641068,1.1996404980554671,0.3551099072721049,-0.7325873217374163,0.8663131927819472,-0.9195285505385288,-1.5503114373804463,-0.40192674071232026,-0.2585177857552888,-2.1637615017133447,-2.246388172141008,0.0
1.5086170077011845,-0.16484092726701965,-0.2778470520149027,-0.13365425452269153,-0.4786051908879598,0.9343859558504835,1.6518423863169618,-0.2007201504563833,-1.5835875201287626,-0.47486280187070046,-0.7268535796539288,0.14734814402210297,1.6203121620322736,-0.14332829199870606,0.1735814441353363,-0.9039148059365051,0.5133677140508576,-0.07237885552259295,-0.4387282929097835,-0.5004304543685423,-0.10125537546227578,0.0
1.5120811110483743,1.9498283267327545,2.0337018402996794,0.17504124122288703,0.32428395057232,1.442054579901199,-0.9211121575323878,2.50383512640315,-0.9083326872349763,-0.29615208654494396,0.6819249665585055,1.0318180105587669,-1.127824828539815,-1.8701134487112743,1.3765510936668164,0.8175005364366055,-2.270199513461134,-0.4729062852147231,1.3401238099700656,0.8631632722618419,0.1592250355629988,0.0
1.515545214395564,0.7056159517049804,1.0157204546331606,0.9703861067320833,0.6930182229466711,1.1630049388666996,-1.3276612521233022,0.354240542717391,-2.021784805304518,-1.2018904846732101,0.15648864391711104,0.7959593794823231,0.19622404272082763,0.18460716802979346,0.7359604443807032,-1.4074580693517689,-0.09641983274690114,-0.40192674071232026,0.5524294964399362,-1.572730165093364,-0.6222161975128253,0.0
1.5190093177427542,-0.3910613590902513,-0.36221015027455905,-0.5912499305690785,0.7465441657106899,-0.7668082412995968,0.43219510254421806,0.4666376451323328,0.05067284671524187,1.3325523872193377,-0.4527128895801579,-0.4785843769115362,0.19033938107078033,-0.10233635949514372,-0.9735227417956103,-0.7868117214213274,1.0525779984877646,-0.543885829717126,-0.2527045435890148,-0.4455489731109726,-0.8316220181409871,0.0
1.522473421089944,1.2367421829421332,2.2867911350786487,0.2912560160918107,0.865490705186287,1.7345523964072405,-0.7651755185112152,0.9513501492967688,-0.17560935792469703,-1.5430654866587457,-0.4527128895801579,1.3493200139309027,-2.051716707597241,-0.9734149251958455,1.4920063851079182,0.3764122514294366,-2.414177128677271,-1.1167921532008056,1.0291153540744058,0.031497748589440405,0.08261314996732973,0.0
1.5259375244371338,0.12531136572364712,0.8076248122593417,0.5200538541150042,-0.17529151522518738,-0.9248243030902167,-0.5201322286208009,0.30506681041085404,0.6756427452445974,-0.2311663718810324,-0.14811212283152336,-0.09304622995965695,-1.1219401668897675,-1.5626739549345556,-0.3217589997893907,0.8565348979416647,-0.8106617278387205,0.05944029855329795,0.7646128355089381,0.7913951813865585,0.39416815138971706,0.0
1.5294016277843236,1.4260788487072291,0.5545355174803729,-0.5621962368518475,1.6445905387514477,-0.047330853572092664,0.5268709190927873,-0.011050040131169279,-0.34442306614814383,-0.1986735145490766,0.7809202157518118,-0.22911851711914383,0.0549921631196923,-0.2663040895093933,0.5907102390193171,-0.626770839250585,-0.7146766510279621,0.1760495502358168,1.1366603341504748,-0.3062344437648344,-0.7141504602276278,0.0
1.5328657311315135,-1.7754320451389407,-2.212574105436354,-0.20992020053042254,0.12802216043758538,-0.6222403549805188,0.5045942563754768,-0.7978297570357609,1.1317989355505065,0.7476809552441346,-0.5364781004360323,-0.31529763232015195,-0.4040114455839969,2.0497400969418846,-1.1262216756370675,0.8331142810386292,1.3320639574367372,-0.15856830241836783,-1.6275363159128196,0.5212094275031388,-0.19318963817707868,0.0
1.5363298344787033,0.07613301097946627,-0.7390319891676905,-0.60214506571304,0.15775879530648465,-1.3652520497832217,0.38764177710959735,-0.839978670441364,0.14405915339204223,-0.7063744103608851,-0.12526706532537576,-0.9276229245378427,0.8141135159757941,0.5022946449324023,-0.504252847551132,-0.525281499337431,1.2868945095257922,-0.6959848536508461,-0.3864091134133173,0.5760909087607083,-0.6426460336716701,0.0
1.5397939378258931,-1.2123398833180707,0.2677009833975412,0.5708978181201583,-1.5729133540634526,-0.44405202998258564,-0.03561481451930004,-0.07427341023957403,1.0420044098997372,1.1010407787291532,0.5676996790277675,0.38320677509854667,-0.2804335509330041,-0.8196951783074865,-0.7426121589134068,0.6730733988678863,0.42302881822896743,1.5956404402838729,-0.4183819453278244,0.36922994094371514,0.7721201203283509,0.0
1.5432580411730832,0.14498270762131932,0.9201089432722168,-1.5245998412351216,1.376960824931354,0.10059907661487097,0.35979594871295933,1.4360626534612047,-1.454283403191655,0.7720505982431014,1.192131250862468,-1.3857329579747812,-1.1454788134899567,-1.0758947564547516,0.013433781813808297,-0.43550246787579466,0.49925226157868724,-0.052098985664763696,0.40709844228308606,-0.5384253260083982,-0.3974879997655293,0.0
1.546722144520273,0.4203814941887319,0.9088605301709293,-1.0088967777542726,1.252066958481977,1.1361085879236155,0.04235350499128634,0.9232508736930334,-2.03256014838261,0.01659166527513015,0.15648864391711104,-0.5692992350178605,1.0789232902279229,-0.0357244691768547,0.6875437092602411,-0.6423845838526087,0.5331293475118961,-0.6807749512574741,0.0001714906439048516,-1.1463432722460924,-0.9031264446969449,0.0
1.5501862478674628,0.23596266389805387,-0.727783576066403,0.7888005209993901,-2.459065073156651,0.05689250633235898,-0.531270559979456,-0.9874998673609751,0.3739331390580121,-0.30833690804442737,0.1184135480735317,1.3039625848777405,-0.2863182125830514,0.15898721021506693,0.6056076959794593,-0.6111570946485613,0.08143486840244517,-0.427276578034607,-0.19457212192627454,0.40722481258357107,0.7210455299312382,0.0
1.5536503512146527,-0.6074461199646469,0.5545355174803729,-0.6856744351500789,-0.014713686933131213,0.08715090114332881,0.805329203059167,0.7265559444668852,-0.5922559569442678,0.05720773694007487,-0.7344685988226447,0.03395457138919723,-0.009739115030828058,-1.4243261827350322,-0.36645137066981726,-0.5877364777455257,0.6488760577836928,0.2723789320605063,-0.27595751225411086,-0.5679768928393972,-0.274908982812459,0.0
1.5571144545618425,-1.1066064206180821,-0.8515161201805655,-0.5513011017078859,-0.4488685560190605,-0.7331878026207415,-0.16927479082316232,0.29804199150992017,0.7798043949994902,0.6339559545822894,-0.5973982537857593,-0.3243691181307844,0.20799336602092225,0.6867583411984333,-1.1448434968372452,0.4818050274930965,0.527483166523028,-0.18391813974065457,-0.6363785265631,0.7322920477245605,0.5167471683427876,0.0
1.5605785579090323,0.2507161703213081,-0.12599347514752154,0.16051439436427156,-0.9127600599738891,-0.5953440040374348,-1.071479630874233,0.6211836609528777,0.682826307296659,0.5689702399183778,0.41539929565345035,0.2425987450337438,-0.2863182125830514,0.7636182146426129,-0.14298951626768458,0.8799555148447002,-0.6299839361949401,0.4548977607809706,0.2588607670430985,0.892714839092841,1.1653944663861187,0.0
1.5640426612562222,0.42284041192594096,0.7007648877971102,0.8650664670071213,1.466170729538052,-0.11120968706191788,-0.08573730563324838,1.0075487005042396,0.8875578257804134,-1.5146342364932843,-1.1913697489455963,0.7823521507663744,-0.1509709946319634,-1.552425971808665,0.7545822655808808,-0.20519973499594563,-1.5870116138080894,-0.8227340402622798,0.18910186104781024,-0.6355233313102521,-1.1278546424442404,0.0
1.5675067646034122,-0.10582690157400271,-0.8008982612247717,1.678569891089587,0.9428059558454251,0.8167144204744896,-0.39204141799626624,-0.8470034893422979,0.44936054060465835,-1.5349422723257566,-1.4807404773567991,1.1179971257597752,0.6140350198741857,0.48692267024356645,0.5683640535791038,-1.4699130477598636,-0.24322053845747266,-0.6300752766129006,-0.2061986062588226,-0.9859204808778121,-1.2044665280399094,0.0
1.570970867950602,-1.4434781506157202,-1.2227137525230531,-0.707464705438002,-1.6740179126177102,-0.9181002153544456,0.48788675933749404,-0.9804750484600412,0.9989030375873678,0.8979604204044296,0.37732419980987103,-0.4377626907636901,0.23153201262111148,1.322133295003651,-1.048010026596321,1.1063548115740438,1.1852632517261659,0.5867169148568616,-1.2554888172712828,1.5512926141836767,1.6301732389998438,0.0
1.5744349712977919,0.7056159517049804,0.2677009833975412,-0.4641400205561931,-0.24665943891054565,0.11404725208641311,-0.5981005481313874,0.354240542717391,-1.418365592931347,-0.5642181595335788,-1.7548811674305702,-0.26540446036167364,-0.3687034756837137,-0.932422992692283,0.44546003365793085,-0.4394059040263006,-0.039958022858219804,-0.7872442680110784,0.395471957950538,-0.8170543847006748,-0.07061062122400816,0.0
1.5778990746449817,-0.678754734343709,-2.1507078333792724,0.4583147549658884,-1.156600465898863,0.8200764643423751,0.972404173438995,0.24184344030244928,0.5894400006198589,-1.4212172716639115,-1.0847594805835743,0.6417441207015715,-1.716290993544545,2.0856080378825017,0.9370761133426223,0.24759885846274107,0.2084739406519782,-1.0559525436273174,-1.4182595979269552,0.04416270580272572,1.2062541387038088,0.0
1.5813631779921715,0.06875625776783914,-0.058502996539796445,-0.5113522728466934,-0.3953426132550418,-0.7634461974317113,-0.19712061921980034,-0.33419170957412647,0.7798043949994902,-0.1743038715501098,-0.49840300459245296,-0.10665345867560563,-1.0454395654391533,1.0966776662340576,-0.6755736025927671,-0.5526055523909724,1.0808089034321053,0.3230786067050797,-0.0405212045200133,0.5592042991429946,1.058137826552182,0.0
1.5848272813393613,-0.03697720493214953,-0.09224823584365899,0.17140952950823315,1.1152784380850405,-0.4743104247935555,-0.25838144169240385,0.5439106530426052,-0.9155162492870379,0.8492211344064959,0.2630989122791332,-0.21097554549787892,-1.021900918838964,0.10262330302266852,-0.3292077282694618,-1.040535071204213,0.40609027526236297,1.0430139866580226,0.0931833653042892,-1.344760935254229,-1.2402187413178882,0.0
1.5882913846865512,-0.6566244747088276,-1.1608474804659719,1.358979260200047,0.020970274909547934,0.32585601576320156,1.8189173566967898,-0.9523757728563057,1.0060865996394293,-0.23522797904752688,-1.1152195572584376,1.5398212159541842,1.2436938164292468,0.6713863665095975,0.397043298537469,-0.38475779791921766,0.6404067863003906,-1.0306027063050307,-1.5403376834187097,-0.196471481249695,0.1592250355629988,0.0
1.5917554880337412,0.7326640468142799,1.9493387420400232,-0.28981785825280765,-0.5737624224684374,-1.2812009530860837,0.34308845167497654,0.5790347475472746,0.5032372559951201,0.8532827415729904,0.34686412313500753,-1.1906960130461834,-0.657051896536031,-2.259536807495117,-0.8282725364342244,1.2663956937447862,0.6658146007502973,1.4486113838146097,0.6657877186822797,0.3016835024728602,0.40949052850885087,0.0
1.595219591380931,1.3252632214816584,-0.01350934413464638,1.0829691698863533,0.5086510867594956,1.0486954473585914,0.031215173632631134,-0.01807485903210314,-0.7107847308032833,-0.011839584890331153,-1.0238393272338475,0.5737079771218282,-0.6276285882857945,0.7431222483908316,0.8439670073417339,-0.8531701359799285,-0.3674365202125718,-0.8785036823713106,0.9709829324116656,-1.2434412775479464,-0.06550316218429689,0.0
1.5986836947281209,0.5015257795166301,1.364421260773073,-2.1419908327262784,1.2401723045344175,-1.0424958384662109,-0.8431438380218015,2.53895922090782,-0.574297051814114,1.0157470282327692,0.08033845222995237,-2.188559452215753,-1.8575228731456803,-0.548123625471385,-1.453965728760195,0.24759885846274107,0.4936060805898191,0.3585683789562812,1.0901543968202827,-0.8719358659582443,-0.31576865513014923,0.0
1.6021477980753107,-0.3615543462437429,-1.1495990673646843,0.09877529521515581,0.37780989333633874,0.5275786478363338,0.7162225521899255,0.42448873172672963,-0.7215600738813757,-0.8810235185201473,-0.15572714200023924,-0.33344060394141684,-1.063093550389295,1.691060687535713,0.7396848086207387,-0.6306742754010904,1.227609609142677,-0.8531538450490239,-1.022959130620322,-0.47510053994197166,-0.35152086840812785,0.0
1.6056119014225005,0.9564255609003026,0.14396843928337885,0.3965756558167728,0.8417013972911677,0.1846501733120094,0.18158264697447626,-0.1304719614470447,-0.013979211753312216,-1.3359235211675278,-1.5645056882126733,0.49660034773145223,0.6728816363746587,0.5227906111841836,1.0413583120636176,0.056330487087951256,-1.7168737765520563,-0.6655650488641021,0.6221884024352246,-0.36533757742683226,-0.0808255393034307,0.0
1.6090760047696904,-1.354957112076195,-0.36221015027455905,-2.5087937159063185,-0.3299220165434633,-1.852748410626624,-0.7985905125871806,1.1480450785229164,0.45295232163068916,1.791513997033213,-1.0162243080651316,-2.1386662802572745,-1.5691744522933628,1.0710577084193311,-2.2174603979674807,0.3100538368708359,1.3518255908977759,1.6818298871796478,0.3518726417034828,0.2932401976640033,0.4350278237074072,0.0
1.6125401081168802,-1.172997199522726,-1.7063955158784159,1.620462503655125,-0.24665943891054565,-0.6827571446024584,1.0169574988736156,-1.7672547653646327,1.2611030524876146,-0.9622556618500366,-1.3512851514886295,1.2041762409607835,1.2025011848789156,0.8046101471461754,-0.2956884501091419,-2.3169586924196484,1.772466074568452,-1.0813023809496043,-1.2293292275230499,-1.31520936842323,-0.9082339037366562,0.0
1.6160042114640703,-0.993496204706466,-0.9921212839466593,0.9885446653053526,-1.4480194876140755,-0.047330853572092664,1.5014749129751166,0.2207689835996481,0.7151523365309361,-0.4383083373722502,0.7047700240646532,0.609993920364358,-0.9630543023384909,0.9685778771604251,0.315107285256687,0.19685418850616407,-0.039958022858219804,0.3534984114918238,-1.3543139340979409,-0.010718775454843968,0.4350278237074072,0.0
1.61946831481126,0.21875023973759058,-0.4128280092303529,0.9377007013001987,-0.6927089619440343,1.2067115091492115,0.15373681857783825,-0.0953478669423756,0.036305722611118744,-0.7104360175273796,1.1235960783440258,0.7823521507663744,-1.004246933888822,-0.4507677857754245,1.5031794778280247,-1.0639556881072485,-0.017373298902747237,-0.9596231618026279,-0.24689130142274074,-0.1162600855655548,-0.41791783592437437,0.0
1.62293241815845,-0.2238549529600366,0.3689367013091288,-1.1178481291938887,-0.7640768856293926,-0.7499980219601692,-0.8542821693804566,0.740605582268753,-1.2136340744475924,1.2188273865574928,-1.7320361099244226,-1.3811972150694651,0.1668007344705911,0.1538632186521216,-1.9604792654050287,-0.06077259742722645,0.18024303570763756,1.8136490412555388,1.194792755813215,0.20458549717100624,0.2154070849998228,0.0
1.6263965215056397,0.23350374616084482,0.5095418650752228,0.254938898945272,-0.9662860027379078,-0.1851746521553993,-0.03561481451930004,-0.1866705126545156,0.73311124166109,-0.09713333538671506,-0.0034267586259219716,0.972853352789656,2.0145844925854437,-0.3072960220129558,-0.5265990329913453,-0.5330883716384428,-1.0873245962932592,-0.27517755410088685,0.6657877186822797,-0.2218013956762656,-0.14722250681967725,0.0
1.6298606248528296,-1.1336545157273814,0.1889620916885289,-1.215904345489543,-0.6034990573373368,-1.4257688394051613,0.11475265882254508,-1.5284109227328817,-0.11095729945614335,1.4422157807146883,0.6743099473897897,-1.5444839596608493,1.1730778766286791,-0.15357627512459668,-1.4316195433199819,-0.021738235922167216,1.027170184037858,1.362421936918835,-0.13934632134667166,0.19192053995772093,-0.10125537546227578,0.0
1.6333247282000194,0.12285244798643807,-0.04163037688786517,-0.9108405614586187,-1.067390561292165,-1.1231848912954638,0.41548760550623526,0.06622296777910318,0.3344235477716735,0.5364773825864221,-0.6507033879667702,-0.7189787508932961,-0.24512558103272028,-0.932422992692283,-1.2863693379585959,0.3451847622253892,0.7448611345944512,2.143196926445266,0.2036349664634953,0.5380960371208525,0.04175347764963955,0.0
1.6367888315472092,0.2925177718538617,-0.1822355406539588,0.5854246649787737,-0.21692280404164638,0.7393874115131223,1.0503724929495812,1.042672795008909,0.5535221903595511,-0.6576351243629516,-0.49840300459245296,1.0091392960321859,-0.598205280035558,0.7738661977685035,0.8402426431016984,0.6847837073194041,-0.8981775331661767,-1.0660924785562322,-0.04342782560315031,0.23835871640643375,0.3839532333102945,0.0
1.6402529348943993,-0.8902216597436865,-0.7334077826170468,0.4837367369684655,-0.4310265750977209,-0.4575002054541278,0.38764177710959735,-2.624282671278563,0.6109906867760436,-1.5999279869896683,-0.8715389438595301,0.8004951223876394,2.2205476503370987,-0.2304361485687763,0.25924182165615384,0.5754874951052387,0.22258939312414855,-0.2548976842430574,-1.028772372786596,0.32279176449500235,0.4197054465882734,0.0
1.643717038241589,0.990850409221229,0.318318842353335,0.6399003406985817,0.5800190104448539,1.1730910704703563,-1.1494479503848194,-0.7135319302245547,-0.21511894921103564,0.39432113175911576,0.5448546215216201,0.9274959237364937,1.0083073504273552,-0.9119270264405017,0.948249206062729,0.8096936641355936,-1.2905871118925123,-0.13828843256053847,0.7907724252571712,0.4916578606721397,0.27669659347635805,0.0
1.647181141588779,-0.22877278843445467,0.6388986157400289,1.6604113325163175,-0.3120800356221238,0.2216326558587503,1.1227716467808402,-0.4817129064937375,-0.04989702201362004,-0.9947485191819924,0.13364358641096344,1.1406758402863562,-0.4922813703347065,-0.38927988702008076,0.575812782059175,-0.2012962988454397,-0.3900212441680442,-0.5743056345038701,-0.653818253061922,-0.517317063986256,-0.4996371805597547,0.0
1.6506452449359688,-0.8385843872622966,-1.8357522665432224,-0.4859302908441163,1.0558051683472418,-0.21207100309848362,0.12032182450187268,0.5368858341416715,0.043489284663180305,-0.4586163732047226,-0.9096140397031095,-0.7053715221773474,-0.9630543023384909,1.9882521981865406,0.2219981792557984,-0.5369918077889487,1.3772334053476825,-1.020462771376116,-1.1857299112759947,-0.9985854380910975,-0.9082339037366562,0.0
1.6541093482831586,-1.0918529141948279,-1.1720958935672594,0.4147342143900421,-1.156600465898863,-0.11457173092980341,0.008938510915320766,-1.9218007811851776,0.28054683238121175,0.5689702399183778,0.23263883560426973,0.9365674095471261,3.0738235895939576,0.39981481367349625,-0.21375243682835993,-0.5604124246919843,1.1542092562873911,-0.2701075866364295,-1.1246908685301173,0.0019461817584413453,0.4248129056279847,0.0
1.6575734516303484,0.2138324042631725,0.7007648877971102,0.026141060922078654,1.382908151905134,0.4704239020822797,-0.380903086637611,-0.1515464181498463,-1.8386039729769479,-0.07276369238774823,0.4839344681718932,-0.34704783265736555,0.9612300572269767,-1.0451508070770799,-0.0610535029869026,-2.0437181618842337,0.9678852836547425,-0.751754495759877,0.2792071146250576,-1.7331529564616448,-1.4802693161843181,0.0
1.6610375549775385,0.8482331804631048,0.1889620916885289,-0.24623731767696122,-0.38344795930748204,0.9680063945293388,-2.391371896874873,0.8319282279808932,-0.09659017535202022,-0.49517083770317283,-0.12526706532537576,0.2834204311815896,-1.1513634751400041,-0.43539581108658854,0.233171271975905,0.9580242378548187,-1.4740879940307265,0.2673089645960489,1.0145822486587206,0.2256937591931484,0.8231947107254636,0.0
1.6645016583247283,-0.27303330770421746,0.20583471134046016,-1.412016778080852,0.27075800780830195,-0.8306870747894217,0.4266259368648905,0.48068728293420054,0.03271394158508796,1.1051023858956477,1.1007510208378781,-1.5263409880395844,-0.18039430288219993,-0.06134442699158124,-0.6718492383527315,1.3561747252064225,0.8380231209107755,0.890914962724302,-0.29630385983606994,1.2684419030869716,0.5729292177796115,0.0
1.6679657616719181,1.2441189361537603,0.6782680615945352,-0.5621962368518475,0.8714380321600669,1.1932633336776695,-0.44216390911021447,0.8249034090799593,-1.0484121472501768,-0.024024406389814568,0.933220599126129,-0.1474751448234517,-1.3573266328916598,-0.015228502925073458,0.8476913715817694,-0.7360670514647508,-0.9885164289880669,-1.0103228364472014,0.8401849836705003,-0.31467774857369124,-0.35152086840812785,0.0
1.671429865019108,-1.3770873717110763,-1.070860175655672,0.6217417821253124,-1.2220210626104413,-0.0506928974399782,0.33751928599564895,-2.0201482457982514,0.276955051355181,0.8045434555750568,0.5067795256780407,0.4875288619208199,1.2848864479795779,1.1120496409228937,-0.6346055959523761,1.172713226132644,0.6771069627280335,1.3827018067766645,-1.0636518257842402,0.4198897697968563,0.8283021697651749,0.0
1.6748939683662978,1.7678684141792855,-0.5590573795470902,-0.05012488508565257,1.9300622334928803,0.6049056567977011,0.7886217060211842,2.152594181356458,-0.7071929497772524,-0.7957297680237635,-0.7573136563287922,0.12920517240083804,-1.098401520289579,0.6098984677542537,1.3653780009467098,-1.0522453796557303,-0.6384532076782422,-0.9038535196935974,0.5902155705207174,-1.619168341542077,-1.9144033345597757,0.0
1.6783580717134876,0.5334917101003477,1.1450772052979665,0.19683151151081024,1.0201212065045633,-0.8710316012040481,-1.9736844709253036,1.0988713462163797,0.7798043949994902,1.551879174210039,-1.0162243080651316,-0.4785843769115362,-0.9395156557383016,-0.6710994229820725,-1.3832028081995198,-0.14274475658785085,-1.0732091438210887,0.15069971291353007,1.546493906872793,-0.6946264649722501,-0.581356525195135,0.0
1.6818221750606774,2.675209059209421,1.156325618399254,0.15325097093496381,1.8349050019124025,2.2623932836652694,-1.7899020035074928,0.8811019602874302,-1.89248068836741,-1.1815824488407378,1.245436385043479,0.20177705888589773,-0.8041684377872137,-2.0289571871625784,1.4808332923878114,-0.6384811477021023,-2.7952943454258703,-1.1674918278453792,2.6393834341323084,-1.0154720477088113,-1.178929232841353,0.0
1.6852862784078675,-0.5681034361693023,-1.633280830720047,0.27309745751854136,-0.5261838066781986,-0.7903425483747956,-0.5869622167727321,-1.2965918990020644,0.862415358598198,-0.13774940705165956,-0.8563089055220985,0.30609914570817076,1.2025011848789156,1.737176611602221,-0.5936375893119851,0.40373630448297804,-0.2855668958739837,-0.16870823734728255,0.13387606046820735,0.3143484596861455,-0.07571808026371943,0.0
1.6887503817550573,0.8334796740398506,1.2800581625134166,0.06245817806861713,0.40159920123145815,-0.6155162672447477,0.5268709190927873,-0.20774496935731718,-0.24026141639325113,0.18717916626789774,0.8646854266076861,0.11106220077957313,1.096577275178064,-1.2193665202172201,0.5460178681388905,-0.19348942654442786,-0.07948128978029671,0.04423039615992591,0.40709844228308606,-0.35267262021354695,-0.2493716876139027,0.0
1.6922144851022471,-1.3893819603971216,-1.5207966997071722,1.7984163776731645,-1.721596528407949,0.32249397189531603,1.5460282384097372,-2.511885568863621,1.2790619576177684,-1.8639324528118086,-0.6278583304606227,1.675893503113671,1.514388252331422,0.6201464508801443,1.2536470737456433,-0.6697086369061497,0.31292828894603875,-0.9190634220869693,-2.153634731960618,-0.12470339037441167,0.5576068406604777,0.0
1.695678588449437,0.685944609807308,-0.4353248354329279,1.279081602477662,0.22912671899184295,1.0184370525476216,0.8108983687384946,-0.8470034893422979,-0.03552989790949691,-0.5723413738665677,0.4458593723283138,1.3084983277830566,-0.19216362618229454,-0.2150641738799404,1.581391126868771,-0.41988872327377097,-0.9800471575047647,-0.36136700099666147,-0.11318673159843858,-0.5679768928393972,-1.1738217738016419,0.0
1.6991426917966268,0.7129927049166075,0.5489113109297291,2.9605641263624016,-0.9306020408952286,1.9026545898015172,-0.09687563699190359,-0.7275815680264224,-0.276179226653559,-0.3895690513743166,1.3215865767306378,3.26340351997435,0.7905748693756048,-0.9887868998846814,2.411924352396697,-0.185682554243416,-1.6321810617190344,-1.1522819254520071,0.2327011772948654,-0.3906674918534029,0.84873200592402,0.0
1.7026067951438166,-1.170538281785517,-0.08099982274237147,1.3807695304879701,-0.2109754770678665,0.21490856812297923,0.6382542326793391,-2.3573395530430763,0.862415358598198,-0.6820047673619183,-0.6887784838103495,0.673494321038785,0.18445471942073302,-0.5225036676566586,-0.3292077282694618,0.4818050274930965,0.3411591938903794,-0.8328739751911944,-1.0839981733661992,0.8462766626441282,0.7108306118518157,0.0
1.7060708984910065,0.5703754761584833,0.16646526548595386,-1.165060381484389,0.7584388196582497,-1.0895644526166084,-1.3276612521233022,-0.8751027649460332,-0.4306258107728826,0.0815773799390417,-1.145679633933301,-1.1317313552770725,0.38453321552234077,0.12311926927444976,-0.8282725364342244,0.7433352495769929,-0.5819913977895609,-0.052098985664763696,1.075621291404598,-0.0951518235434126,0.006001264371660646,0.0
1.7095350018381965,-0.9590713563855395,-0.6602930974586779,0.4038390792460805,0.08639087162112637,0.32921805963108713,0.6326850670000115,0.02407405437350002,0.3056892995634273,-1.0881654840113653,-0.6583184071354861,0.5102075764474009,-0.8335917460374502,1.8447804344240724,0.6949924377403122,0.35299163452640103,0.19153539768537375,-0.751754495759877,-1.052025341451692,1.086910849696549,0.5984665129781678,0.0
1.7129991051853863,-0.494335904053031,0.2789493964988287,-0.5839865071397707,-1.4182828527451763,-1.0357717507304398,-0.9378196545703706,0.19266970799591265,1.4047742935288459,0.2521648809318093,0.38493921897858685,-0.7688719228517746,-0.4216654305341388,-1.1732505961507123,-1.3049911591587737,1.4966984266246355,0.18871230719093976,1.7984391388621668,0.2065415875466323,1.0531376304611215,1.4922718449276398,0.0
1.7164632085325762,-1.2172577187924887,-0.6040510319522403,-0.25713245282092284,0.7405968387369101,-0.7331878026207415,0.09247599610523471,-0.15857123705078013,0.2733632703291502,0.7558041695771235,-0.05673189280693305,-0.8459795522421505,0.09030013301997614,0.9480819109086439,-1.0293882053961434,1.1414857369285967,0.9509467406881381,-0.09265872538042233,-0.7206705379740732,1.4246430420508238,0.812979792646041,0.0
1.719927311879766,-0.14516958536934732,1.296930782165348,0.3784170972435034,-0.87112877115743,-0.13474399413711663,-0.44216390911021447,0.12944633788750792,0.5966235626719204,0.8492211344064959,0.7885352349205277,-0.015938600569281043,-0.47462738538456456,-0.8401911445592675,-0.5117015760312031,1.6098980749893073,-0.6864457460836214,1.1292034335537973,0.24432766162741343,1.7708185392139553,1.1398571711875622,0.0
1.7233914152269558,0.5531630519980201,0.706389094347754,-0.8127843451629642,1.5791699420398693,-0.37008706488910387,0.9946808361563054,-1.0085743240637766,-0.4342175917989134,0.690818454913212,2.045013397758645,-0.6826928076507662,0.06676148641978691,0.09749931145972321,0.08792106661451919,-0.3418200002636525,-0.2855668958739837,-0.011539245949104913,0.5117368012760184,-1.1590082294593778,-1.8224690718449728,0.0
1.7268555185741457,-1.6524861582784889,-1.931363777904166,-0.11549569594942219,-2.07248881986096,-0.9046520398829034,-0.20268978489912792,-0.17262087485264788,1.063555096055922,1.4422157807146883,-0.8639239246908144,-0.6509426073135527,0.8729601324762671,1.5168449743955728,-2.2323578549276233,2.2929994013278434,0.7533304060777535,2.594424030781969,-0.7700830963874024,2.1254373411859433,2.0796296344944354,0.0
1.7303196219213355,-1.054969148136692,-1.1383506542633968,1.195552233040623,-1.7453858363030685,0.09723703274698543,1.0782183213462193,-2.174694261618796,1.825012673574447,-1.1612744130082655,-0.11765204615665989,1.217783469676732,2.091085094036058,-0.645479465167346,0.6503000668598858,0.25540573076375295,0.15201213076329687,0.4650376957098853,-1.4415125665920512,0.6985188284891329,0.9355588095991114,0.0
