0,1,2,3,4,5,6,7,8,9,10,11,12,13,14,15,16,17,18,19,20,x20
-1.0,-2.6951066499372653,-0.21248339973439562,-0.39580209895052476,0.7451371571072315,-0.572403982930299,1.0,2.967559943582511,0.8887973640856672,-0.3753111000497759,-0.9388686131386843,-0.5774111675126904,1.023758099352052,-0.3984313725490198,-0.4048426150121073,0.2822252374491184,-0.3519245875883741,-3.4556213017751483,0.5645756457564577,-0.4858299595141698,0.21670428893905208,-1.677
-0.997997997997998,-0.21079046424090309,1.0199203187250994,-1.1954022988505748,0.3960099750623438,-0.44495021337126617,1.0,3.740479548660085,0.7817133443163105,-0.3036336485813836,-1.1560218978102177,0.18401015228426398,0.6825053995680349,-1.1356862745098044,-0.8329297820823243,1.67706919945726,-0.7164179104477615,-2.7159763313609466,0.16605166051660533,-0.9878542510121453,0.505643340857788,-1.626
-0.995995995995996,-0.787954830614806,0.7861885790172641,0.21189405297351305,-1.0064837905236907,0.9160739687055481,1.0,5.348377997179126,-0.7421746293245491,1.1438526630164267,-0.8804744525547435,0.9302030456852791,1.274298056155508,0.5992156862745103,-1.6213075060532682,2.1166892808683864,0.6661429693637066,-1.6863905325443789,0.36715867158671606,1.3009446693657223,-0.8781038374717831,-1.202
-0.993993993993994,-0.8030112923462991,1.3864541832669321,-0.2658670664667667,-0.43391521197007515,0.7533428165007114,1.0,5.08885754583921,-0.8838550247116982,1.0761572921851672,-2.2071167883211666,-0.5393401015228426,1.2181425485961128,0.7592156862745101,-2.7738498789346235,1.3188602442333792,0.5435978004713268,-3.1479289940828403,0.9280442804428047,0.8529014844804319,-0.4379232505643339,-1.257
-0.991991991991992,-0.7829360100376416,-0.29216467463479406,-1.103448275862069,0.6054862842892763,-0.3778093883357041,1.0,3.610719322990127,0.9316309719934099,-0.3195619711299152,-2.4133211678832103,-0.6180203045685279,1.8012958963282941,-0.46431372549019634,-1.441162227602905,0.9443690637720495,-0.7541241162608016,-1.3136094674556213,0.49446494464944657,-0.6801619433198379,0.23927765237020335,-1.584
-0.98998998998999,0.010037641154328746,0.38247011952191234,-2.038980509745128,-0.12468827930174603,0.20028449502133738,1.0,4.208744710860367,0.8097199341021416,0.6202090592334498,-1.2271897810218966,-1.5241116751269033,1.4254859611231108,0.23529411764705913,-1.1467312348668284,0.6187245590230667,0.4461901021209736,-2.331360946745562,1.3468634686346865,-1.1228070175438594,1.586907449209932,-1.489
-0.987987987987988,0.05018820577164373,0.19123505976095603,-0.41579210394802557,-1.730673316708229,1.7399715504978668,1.0,3.3060648801128356,-1.3599670510708424,1.0940766550522654,-1.900547445255473,-0.5520304568527918,1.1965442764578837,0.9286274509803927,-2.181113801452784,0.6132971506105837,1.187745483110761,-2.8165680473372783,2.0553505535055354,0.4156545209176791,-0.7810383747178328,-1.341
-0.985985985985986,-0.24090338770388933,-0.3930942895086321,-1.003498250874563,-0.030922693266833043,-0.12972972972972963,1.0,4.29901269393512,0.3533772652388789,-0.042807366849178415,-2.4534671532846697,-0.31598984771573596,1.3909287257019443,-0.1756862745098038,-2.076513317191283,1.421981004070557,0.0659858601728198,-1.7159763313609468,0.36346863468634705,0.23211875843454807,-0.3950338600451465,-1.698
-0.983983983983984,-0.8883312421580929,-0.6746347941567065,0.5337331334332833,-0.6713216957605987,0.8204836415362735,1.0,3.1988716502115655,-0.8937397034596393,0.9308113489298163,-0.9644160583941592,0.20939086294416248,1.3693304535637154,0.6682352941176476,-1.7239709443099274,-0.32021709633649914,0.6158680282796533,-2.2011834319526624,1.6346863468634691,1.279352226720648,-1.6162528216704286,-1.379
-0.9819819819819819,-0.7728983688833129,0.5471447543160689,-0.9655172413793104,-0.49576059850374077,0.40170697012802314,1.0,2.5331452750352614,0.6120263591433274,0.5664509706321559,-1.0082116788321154,-1.029187817258883,1.31317494600432,0.3011764705882353,-1.2145278450363193,0.7706919945725921,0.4147682639434402,-2.396449704142012,1.4833948339483398,0.134952766531714,0.5665914221218961,-1.628
-0.97997997997998,-1.6562107904642418,-0.7543160690571049,-0.5577211394302849,0.24039900249376514,0.2731152204836419,1.0,4.005641748942172,-0.2759472817133453,0.09855649576903955,-1.0629562043795604,-0.815989847715736,0.4665226781857452,-0.5019607843137255,-1.2648910411622278,-0.2442333785617365,0.07855459544383316,-2.7633136094674557,0.6051660516605168,-0.36167341430499295,-0.2866817155756206,-1.448
-0.977977977977978,-0.7126725219573403,-0.3399734395750332,-0.7876061969015492,0.8588528678304234,-0.9263157894736846,1.0,3.232722143864598,1.4258649093904463,-0.508710801393728,-1.3841240875912395,0.7956852791878172,1.4298056155507564,-0.7372549019607846,-0.37384987893462546,0.9552238805970156,-0.631578947368421,-2.1834319526627217,0.03690036900369007,-0.7773279352226714,0.042889390519187394,-1.655
-0.975975975975976,-1.3450439146800508,-1.1686586985391763,0.21789105447276366,1.4593516209476305,-1.262019914651494,1.0,1.974612129760226,0.9200988467874797,-1.4803384768541568,-1.5045620437956186,1.3083756345177664,-0.660907127429806,-1.4619607843137263,-0.5559322033898308,1.0909090909090915,-1.0777690494893946,-2.0295857988165675,-0.9741697416974171,0.4318488529014848,-1.1489841986455978,-1.731
-0.973973973973974,0.491844416562108,1.3652058432934926,-1.4652673663168416,-1.1760598503740647,1.2802275960170701,1.0,5.940761636107193,-0.3879736408566727,1.6376306620209067,-1.3129562043795604,-1.3413705583756343,1.023758099352052,0.40156862745098054,-1.9099273607748177,2.154681139755768,0.7918303220738403,-2.93491124260355,1.2730627306273066,-0.27530364372469596,1.4266365688487583,-1.102
-0.9719719719719719,-0.42659974905897113,-0.02124833997343959,-0.00799600199900051,-0.5496259351620947,0.6702702702702704,1.0,3.9887165021156563,-0.4868204283360805,0.18616226978596348,-0.922445255474451,-0.11294416243654824,1.2311015118790503,0.7278431372549022,-1.1583535108958836,1.0963364993215745,0.11626080125687323,-1.6568047337278107,0.7527675276752769,1.6086369770580298,-0.6275395033860044,-1.485
-0.96996996996997,-2.434127979924718,-0.6162018592297476,-1.689155422288856,1.1162094763092263,-1.16642958748222,1.0,3.1763046544428772,0.9645799011532131,-1.1139870582379294,-1.6870437956204365,-0.2144670050761421,-0.31533477321814246,-1.3458823529411768,-1.0634382566585958,1.3839891451831756,-1.3322859387274162,-3.6982248520710055,-0.4501845018450185,-0.6855600539811065,1.069977426636569,-1.6
-0.9679679679679679,-0.9134253450439147,-0.5365205843293491,-1.3633183408295855,0.2623441396508726,0.14679943100995738,1.0,2.476727785613541,0.35831960461284945,-0.327526132404181,-1.294708029197079,-1.7271573604060912,1.4298056155507564,-0.38901960784313744,-1.3016949152542368,-0.9226594301221167,0.7227022780832668,-2.7514792899408285,1.4889298892988934,-0.8852901484480427,0.781038374717833,-1.59
-0.965965965965966,0.7528230865746554,0.2815405046480743,-1.8770614692653675,0.6992518703241889,-0.4392603129445238,1.0,4.479548660084626,1.3401976935749593,-0.3374813339970135,-1.2509124087591228,-1.1408629441624365,1.2699784017278621,-0.4172549019607845,-0.6217917675544794,0.8303934871099056,-0.9206598586017283,-2.3550295857988166,0.5332103321033211,-1.9703103913630222,1.5643340857787806,-1.588
-0.963963963963964,-1.1643663739021333,0.4621513944223108,1.289355322338831,0.03291770573566031,0.19459459459459447,1.0,3.6953455571227085,-0.3863261943986835,0.20806371329019427,-2.0520072992700715,1.4022842639593909,1.935205183585314,-0.20705882352941168,-2.0338983050847452,1.264586160108549,-0.10683424980361425,-0.9171597633136096,-0.3726937269372693,0.23211875843454807,-2.209932279909706,-1.362
-0.9619619619619619,-3.257214554579675,-1.5245683930942895,-0.9495252373813093,0.060847880299251346,-0.0591749644381224,1.0,3.3963328631875886,-0.49341021416804026,-0.022896963663513882,-1.814781021897809,-0.5774111675126904,0.45788336933045365,-0.8031372549019608,-2.0145278450363193,0.7272727272727276,0.04399057344854606,-3.621301775147929,0.5553505535055352,0.6531713900134951,-0.018058690744921006,-1.387
-0.95995995995996,-0.25595984943538247,0.9189907038512616,-0.6676661669165416,0.5476309226932661,-0.21963015647226136,1.0,3.667136812411848,1.1441515650741358,-0.7356893977103037,-1.1541970802919697,-0.12309644670050765,0.35421166306695456,-0.8000000000000004,-0.9782082324455206,1.8833107191316156,0.20738413197171973,-1.2426035502958581,0.23800738007380098,-1.1497975708502022,0.2370203160270882,-1.578
-0.9579579579579579,-2.1430363864491855,-0.2390438247011951,-0.13793103448275856,0.14862842892768033,0.19004267425320043,1.0,3.887165021156559,-0.631795716639211,0.05276256844201135,-1.064781021897809,1.0215736040609136,-0.816414686825054,-0.0815686274509805,-1.022760290556901,1.5251017639077349,0.10054988216810688,-2.680473372781065,0.7195571955719559,1.2037786774628882,-1.0022573363431149,-1.412
-0.955955955955956,-0.6976160602258472,-0.005312084993359898,0.13393303348325875,0.4379052369077301,-0.6304409672830731,1.0,2.8152327221438647,1.0518945634266892,-0.36734693877551006,-1.221715328467152,0.49619289340101524,0.49676025917926575,-1.2486274509803927,-0.7941888619854719,0.059701492537313515,-0.38963079340141415,-1.3076923076923077,0.035055350553505775,0.48043184885290185,-0.7787810383747177,-1.69
-0.953953953953954,-0.18067754077791742,-0.8393094289508632,-2.060969515242379,1.8304239401496252,-2.125746799431011,1.0,2.4541607898448525,2.6301482701812215,-1.7889497262319565,-1.2107664233576625,-0.7956852791878172,0.786177105831534,-2.497254901960785,0.3292978208232442,-0.29850746268656697,-1.7093479968578156,-1.7928994082840237,-0.4630996309963098,0.19433198380566816,1.214446952595937,-1.867
-0.9519519519519519,-0.983688833124216,-0.9774236387782206,0.6096951524237886,0.8768079800498745,-1.2574679943101006,1.0,2.899858956276446,1.1869851729818786,-0.8949726231956195,-1.3932481751824801,0.8185279187817259,0.9071274298056157,-0.19137254901960774,-0.49782082324455285,0.7815468113975581,-1.753338570306363,-2.3431952662721893,-0.49261992619926187,-0.12955465587044485,-1.3634311512415347,-2.021
-0.94994994994995,0.4667503136762861,0.3134130146082337,0.79960019990005,-0.2483790523690773,0.37439544807965897,1.0,3.9040902679830745,0.16556836902800573,0.699850671976108,-0.845802919708028,0.5317258883248731,1.049676025917927,0.19764705882352968,-1.044067796610169,0.21709633649932186,0.7635506677140605,-1.0236686390532546,0.8800738007380077,0.17813765182186247,-1.1647855530474036,-1.54
-0.9479479479479479,-0.17565872020075304,0.2602921646746347,-1.6231884057971016,0.12269326683291744,0.14452347083926062,1.0,4.1297602256699575,0.2561779242174617,0.21204579392732717,-0.9753649635036479,-0.5901015228426396,1.1403887688984886,0.2164705882352944,-0.8774818401937047,1.1343283582089558,0.23252160251374646,-2.6094674556213016,1.4483394833948344,-0.02159244264507424,1.4130925507900676,-1.436
-0.9459459459459459,-1.4554579673776669,0.5471447543160689,-1.9850074962518744,-0.481795511221945,0.22759601706970156,1.0,4.118476727785613,0.15568369028006465,0.602289696366352,-2.497262773722626,-1.0723350253807107,1.170626349892009,-0.24156862745098037,-2.28958837772397,0.9443690637720495,-0.5341712490180685,-3.3254437869822486,0.35977859778597804,-0.7881241565452086,0.5665914221218961,-1.403
-0.943943943943944,0.6875784190715185,1.1261620185922974,-2.0969515242378813,-1.4314214463840396,1.7399715504978668,1.0,5.844851904090269,-0.18039538714991882,1.2593330014932806,-0.9352189781021885,-1.932741116751269,2.05183585313175,1.2517647058823536,-1.9138014527845033,1.2265943012211677,1.8601728201099752,-1.7810650887573967,2.59409594095941,-0.8421052631578941,1.9954853273137696,-1.254
-0.9419419419419419,-0.3212045169385193,-0.04249667994687918,-0.8455772113943028,0.6753117206982537,-1.0139402560455195,1.0,3.514809590973202,1.5708401976935753,-0.8232951717272277,-1.721715328467152,-0.24746192893401014,0.5701943844492443,-0.5709803921568628,-0.5946731234866832,0.9823609226594305,-1.2348782403770622,-2.2426035502958577,0.1420664206642068,-1.0688259109311737,0.18058690744921008,-1.839
-0.93993993993994,-1.5156838143036395,-0.19654714475431592,-1.2433783108445777,-0.09675810473815499,-0.092176386913229,1.0,4.423131170662906,0.386326194398682,0.07267297162767587,-1.0173357664233562,-0.5368020304568527,0.9373650107991363,0.4831372549019611,-0.8464891041162228,0.9063772048846682,0.1885310290651997,-2.78698224852071,0.7693726937269374,0.5452091767881245,0.7246049661399548,-1.45
-0.9379379379379379,-0.787954830614806,0.6162018592297476,-0.4417791104447779,-0.3660847880299255,0.12176386913229047,1.0,3.6220028208744712,-0.08484349258649229,0.14435042309606774,-1.0574817518248165,-0.8210659898477157,-0.1382289416846654,0.3137254901960785,-1.0111380145278448,0.3364993215739489,0.4744697564807533,-2.195266272189349,1.1808118081180816,0.5668016194331988,-0.23702031602708784,-1.434
-0.9359359359359359,-1.0840652446675034,-0.6693227091633465,-1.869065467266367,-0.322194513715711,0.5746799431009958,1.0,4.146685472496475,-0.24958813838550342,0.9666500746640125,-1.5520072992700717,-1.7195431472081217,0.6868250539956807,0.5709803921568631,-1.774334140435835,0.010854816824966093,-0.08169677926158754,-2.5739644970414197,1.5479704797047975,-1.1605937921727392,1.148984198645598,-1.122
-0.933933933933934,1.1493099121706403,0.7596281540504648,-0.8875562218890556,0.04688279301745605,-0.08762446657183498,1.0,4.609308885754585,0.45057660626029605,0.7098058735689403,-1.0100364963503634,0.5926395939086294,0.34125269978401723,-0.5709803921568628,-0.8871670702179175,0.884667571234736,0.35506677140612636,-1.893491124260355,0.7066420664206645,-1.3711201079622128,0.43340857787810394,-1.245
-0.9319319319319319,0.23086574654956113,0.2762284196547144,-1.5732133933033485,0.3201995012468824,-0.04438122332859193,1.0,4.744710860366714,0.6400329489291599,0.24788451966152333,-2.2618613138686112,-0.6941624365482232,1.5507559395248385,-0.5647058823529412,-2.0493946731234858,1.5142469470827689,0.11940298507462623,-1.7869822485207103,0.649446494464945,-1.0958164642375166,0.7720090293453725,-1.359
-0.92992992992993,0.3864491844416567,-0.6108897742363877,-0.9695152423788106,0.7650872817955108,-0.37553342816500734,1.0,3.7968970380818057,0.3369028006589781,-0.21602787456445963,-2.020985401459853,0.3921319796954315,1.2613390928725705,-0.3545098039215687,-1.673607748184019,1.2374491180461338,-0.7478397486252942,-2.0059171597633134,0.26568265682656833,0.33468286099865074,-0.24830699774266346,-1.545
-0.9279279279279279,-1.7716436637390218,-0.2549800796812748,-1.1574212893553226,-0.7591022443890275,0.7237553342816505,1.0,3.734837799717913,-0.6746293245469537,0.8810353409656551,-1.5538321167883198,-0.5901015228426396,0.4665226781857452,1.349019607843138,-1.6193704600484258,1.0963364993215745,0.8106834249803603,-2.9881656804733727,1.4612546125461257,-0.5775978407557353,-0.17381489841986444,-1.302
-0.9259259259259259,0.5821831869510666,1.689243027888446,-2.1129435282358826,-0.26234413965087305,0.6736842105263161,1.0,4.146685472496475,0.31219110378912684,0.27775012444002034,-1.668795620437955,-1.115482233502538,2.1857451403887698,0.6274509803921573,-1.8518159806295396,2.2957937584803267,0.7321288295365271,-3.7159763313609466,1.7933579335793361,-1.187584345479082,1.7313769751693,-1.397
-0.923923923923924,0.33124215809284857,0.34528552456839307,-0.1759120439780112,0.723192019950124,-1.0935988620199153,1.0,2.758815232722144,0.5658978583196047,-0.8392234942757593,-1.2144160583941592,-0.17893401015228422,0.22894168466522705,-0.6807843137254904,-0.2595641646489109,0.6621438263229311,-0.8232521602513744,-3.0,0.6697416974169744,-0.7935222672064771,-0.2957110609480811,-1.723
-0.9219219219219219,-0.7277289836888334,0.5577689243027887,-0.8515742128935533,-1.5192019950124687,1.7251778093883363,1.0,4.919605077574048,-1.1902800658978607,2.185166749626681,-1.0264598540145968,-0.22208121827411165,0.7732181425485966,1.2611764705882358,-2.0455205811138013,1.6010854816824975,1.1029065200314205,-2.195266272189349,1.3025830258302586,1.8839406207827256,0.1376975169300227,-1.128
-0.91991991991992,-1.139272271016311,0.9508632138114208,0.49775112443778147,-0.7471321695760599,0.43357041251778133,1.0,4.157968970380819,-0.9975288303130162,1.0562468889995027,-1.2490875912408748,0.16370558375634517,1.1187904967602595,0.6964705882352943,-1.6309927360774819,0.4667571234735414,0.3142183817753333,-3.2189349112426036,1.219557195571956,0.269905533063428,-1.1376975169300225,-1.185
-0.9179179179179179,-1.0138017565872022,-0.2018592297476758,-1.9770114942528738,-0.8069825436408978,0.6634423897581797,1.0,4.067700987306066,0.20675453047775924,1.0204081632653066,-1.5556569343065676,-1.843908629441624,1.663066954643629,0.6400000000000005,-1.6910411622276023,1.0149253731343288,0.6001571091908868,-2.7159763313609466,1.4594095940959413,-1.1821862348178134,1.8352144469525957,-1.351
-0.9159159159159159,-0.7578419071518198,0.005312084993359898,-2.0029985007496256,-0.11072319201995029,0.16728307254623026,1.0,4.287729196050776,0.440691927512355,0.1722249875559981,-1.2509124087591228,-1.8337563451776646,1.6155507559395252,0.282352941176471,-1.171912832929782,1.7042062415196753,0.0,-2.36094674556213,1.0424354243542437,0.42645074224021623,1.397291196388262,-1.395
-0.913913913913914,-1.4303638644918446,-0.31872509960159356,-0.8915542228885559,-0.030922693266833043,-0.3163584637268844,1.0,2.77574047954866,0.8739703459637557,-0.14235938277750107,-2.0136861313868604,-0.5748730964467005,1.7580993520518364,0.37333333333333346,-1.4217917675544793,1.2537313432835828,-0.3205027494108414,-1.6627218934911243,0.8708487084870852,-0.6639676113360323,-0.1534988713318283,-1.678
-0.9119119119119119,1.2346298619824345,1.6095617529880475,0.33783108445777127,-0.3760598503740649,0.3948790896159318,1.0,6.324400564174894,-0.4719934102141689,0.17819810851169768,-0.8932481751824801,1.0926395939086293,-0.22030237580993547,0.09411764705882365,-0.8193704600484266,2.170963364993217,0.637863315003927,-1.9585798816568047,0.020295202952029745,0.7611336032388664,-0.7246049661399546,-1.309
-0.9099099099099099,-0.8582183186951066,-0.4196547144754316,0.03398300849575194,0.4498753117206977,-0.6736842105263157,1.0,3.5543018335684065,0.8723228995057665,0.22000995520159297,-1.3056569343065676,-0.0901015228426396,1.4470842332613396,-0.8533333333333334,-0.6624697336561749,0.021709633649932187,-1.1720345640219954,-1.9763313609467454,0.13099630996309997,0.9716599190283403,-0.5507900677200901,-1.578
-0.9079079079079079,-0.47176913425345046,0.4833997343957504,0.11194402798600712,-0.7251870324189527,0.7886201991465153,1.0,5.726375176304655,-0.7932454695222422,0.3733200597312097,-0.918795620437955,1.4073604060913705,0.6263498920086396,0.35137254901960796,-1.1389830508474579,1.7042062415196753,0.6284367635506666,-2.165680473372781,-0.21586715867158673,0.14035087719298256,-0.8735891647855528,-1.305
-0.9059059059059059,0.7578419071518198,1.046480743691899,-1.901049475262369,-0.2603491271820449,0.44039829302987216,1.0,4.174894217207334,0.01070840197693568,0.7456445993031362,-2.4589416058394145,-1.0774111675126903,1.5680345572354215,0.10039215686274523,-2.5181598062953983,1.405698778833108,0.4713275726630003,-2.6745562130177514,1.1273062730627308,-1.2361673414304988,0.9503386004514672,-1.393
-0.9039039039039038,-0.8281053952321203,0.44090305444887123,0.22188905547226434,0.35810473815461286,-0.6384068278805123,1.0,4.507757404795487,0.3616144975288293,-0.6640119462419114,-0.8512773722627727,1.232233502538071,0.2850971922246224,-0.8407843137254902,-0.6585956416464893,1.7042062415196753,-0.6410054988216813,-2.526627218934911,-0.7638376383763837,1.1659919028340084,-1.1941309255079002,-1.701
-0.9019019019019019,-0.4466750313676286,-1.3014608233731737,-0.6416791604197902,0.46384039900249346,-0.5109530583214794,1.0,3.5655853314527506,0.8014827018121912,0.18815331010452974,-0.8330291970802906,-0.19670050761421315,0.8034557235421171,-0.43921568627451,-0.5288135593220338,0.21166892808683882,-0.17596229379418704,-1.952662721893491,0.35608856088560903,-0.12415654520917628,0.060948081264108396,-1.591
-0.8998998998998999,-0.5269761606022586,-0.2018592297476758,-1.181409295352324,-1.1521197007481294,1.1630156472261737,1.0,4.124118476727786,-0.09308072487644271,1.233449477351917,-1.0301094890510936,-2.044416243654822,0.45788336933045365,0.6745098039215691,-1.7627118644067787,-0.29850746268656697,0.835820895522387,-3.5798816568047336,1.964944649446495,-0.32388663967611303,1.0857787810383746,-1.259
-0.8978978978978979,-1.9071518193224595,-0.21248339973439562,-0.24987506246876567,1.092269326683291,-1.0640113798008535,1.0,3.966149506346968,0.38467874794069135,-0.622200099552016,-1.2928832116788311,0.19162436548223352,-0.1987041036717065,-0.8784313725490197,-0.46101694915254293,0.6621438263229311,-0.5593087195600952,-3.3609467455621305,-0.2011070110701107,-0.21052631578947326,-0.602708803611738,-1.604
-0.8958958958958959,-0.5420326223337517,0.8711819389110225,-0.6256871564217892,0.38204488778054807,-0.14907539118065466,1.0,3.8984485190409033,-0.1556836902800676,-0.33349925335988057,-1.418795620437955,-0.2347715736040609,-0.2159827213822897,0.48627450980392184,-1.2397094430992739,0.7164179104477616,-0.4744697564807547,-2.8402366863905324,1.0590405904059044,-0.12955465587044485,-0.23476297968397272,-1.54
-0.8938938938938938,-1.2597239648682559,-0.2602921646746347,-1.035482258870565,0.7052369077306729,-0.5746799431009958,1.0,3.9210155148095915,0.5741350906095551,-0.626182180189149,-1.599452554744524,-0.20177664974619286,0.8207343412527003,-0.6149019607843138,-1.1622276029055694,0.32021709633649975,-0.20109976433621377,-2.4615384615384617,0.1974169741697419,-0.11336032388663916,-0.3724604966139954,-1.64
-0.8918918918918919,-0.18067754077791742,-0.07968127490039846,-1.2873563218390807,0.12468827930174514,0.16728307254623026,1.0,3.875881523272215,0.07825370675452963,0.37531110004977636,-2.1560218978102177,-1.3032994923857866,0.2678185745140392,-0.3858823529411766,-2.1249394673123483,0.03256445047489828,-0.021995286724273727,-2.0710059171597632,1.249077490774908,-0.4966261808367069,-0.03837471783295689,-1.422
-0.8898898898898899,0.020075282308657492,0.29216467463479406,-0.14992503748125888,0.0648379052369072,0.08648648648648659,1.0,4.2425952045134,0.7125205930807244,0.0666998506719763,-1.1815693430656917,0.26776649746192893,0.6781857451403891,0.3921568627450982,-0.8968523002421313,1.0583446404341932,0.10369206598585987,-1.2426035502958581,0.77859778597786,0.0539811066126856,-0.2212189616252821,-1.379
-0.8878878878878879,-1.1994981179422834,-0.3930942895086321,-0.9075462268865568,0.5995012468827923,-0.7192034139402559,1.0,2.493653032440057,0.7602965403624377,-0.2717770034843203,-1.8166058394160571,-0.6967005076142131,0.9157667386609073,-0.6776470588235296,-1.3055690072639223,-0.3310719131614652,-0.7729772191673209,-2.0650887573964494,0.5738007380073803,-1.9757085020242908,-0.10158013544018041,-1.607
-0.8858858858858859,-0.23086574654956057,0.2231075697211154,-0.6136931534232885,-0.6054862842892768,0.8227596017069703,1.0,4.772919605077574,-0.45881383855024793,0.677949228471877,-1.1614963503649622,-0.2855329949238579,0.7645788336933049,0.43921568627451,-1.456658595641646,1.1777476255088202,0.08798114689709352,-2.8816568047337277,1.0701107011070115,0.33468286099865074,-0.19864559819413083,-1.56
-0.8838838838838838,-2.3086574654956094,-1.3864541832669321,-0.035982008995501844,0.24638403990024918,-0.44495021337126617,1.0,3.3173483779971797,0.07660626029653896,-0.022896963663513882,-1.2764598540145968,0.399746192893401,-0.2937365010799135,-0.10352941176470568,-0.8174334140435833,0.2442333785617371,-0.9897879025923024,-3.5680473372781063,0.007380073800738015,0.35627530364372495,-0.7516930022573362,-1.433
-0.8818818818818819,0.7628607277289841,0.4196547144754316,-2.0009995002498755,-1.0483790523690772,0.8375533428165013,1.0,4.383638928067701,0.3484349258649084,0.9268292682926834,-1.8768248175182467,-1.6687817258883246,2.211663066954644,0.25725490196078465,-2.58595641646489,1.2591587516960658,1.1437549096622144,-2.3254437869822486,1.8468634686346868,-0.6369770580296895,1.3589164785553045,-1.372
-0.8798798798798799,-1.3149309912170646,0.2815405046480743,-0.8695652173913042,-0.6374064837905237,0.33229018492176376,1.0,4.716502115655854,0.1326194398682041,0.9726231956197119,-2.1998175182481736,-0.20431472081218272,1.6328293736501085,0.8313725490196082,-2.355447941888619,1.785617367706921,0.9583660644147669,-1.822485207100592,0.6180811808118083,-0.8043184885290142,-0.38826185101580113,-1.427
-0.8778778778778779,0.8180677540777922,-0.19654714475431592,-1.1234382808595702,0.2763092269326679,-0.3038406827880517,1.0,3.351198871650212,0.7833607907742997,0.5266301642608268,-2.035583941605838,-0.4631979695431471,1.3477321814254863,-0.5050980392156862,-1.5554479418886196,1.2428765264586168,-0.24194815396700822,-1.9349112426035502,0.7287822878228783,0.5506072874493931,0.2009029345372462,-1.495
-0.8758758758758759,-1.6662484316185706,-1.1420982735723768,0.0879560219890056,1.5531172069825425,-1.3667140825035562,1.0,2.5669957686882934,1.5527182866556852,-1.2852165256346444,-0.8859489051094874,-0.3895939086294416,-0.514038876889849,-1.283137254901961,0.07167070217917657,-0.47218453188602444,-0.769835035349568,-3.0177514792899407,0.2970479704797049,-0.07017543859649068,0.10383747178329579,-1.733
-0.8738738738738738,-0.7979924717691347,-0.4196547144754316,-1.101449275362319,1.012468827930174,-0.7738264580369842,1.0,2.8039492242595205,0.5922570016474467,-0.4888003982080635,-1.621350364963502,-0.4682741116751268,1.7365010799136076,-0.2007843137254901,-1.3656174334140438,-0.11397557666214399,-0.6127258444619016,-2.2011834319526624,0.4981549815498156,-0.36167341430499295,-0.3002257336343114,-1.528
-0.8718718718718719,-2.268506900878294,-1.5192563081009296,-1.419290354822589,-0.4937655860349126,0.6759601706970129,1.0,2.9224259520451343,0.6762767710049429,-0.04678944748631132,-1.0593065693430643,-2.521573604060914,0.47084233261339103,0.9882352941176474,-1.4857142857142855,-0.9172320217096337,1.2348782403770608,-1.8284023668639056,1.957564575645757,-0.5829959514170039,1.3386004514672687,-1.573
-0.8698698698698699,-0.6524466750313679,-0.3665338645418326,0.8055972013993006,-1.0144638403990025,0.9422475106685635,0.0,0.6205923836389282,-0.8723228995057679,1.0681931309109014,0.8020072992700742,1.1941624365482233,-0.3930885529157667,1.3960784313725496,-0.27699757869249425,1.4436906377204892,1.3574234092694408,-0.26627218934911245,0.5461254612546127,1.2091767881241569,-0.5530474040632052,-1.301
-0.8678678678678678,-0.3914680050188205,-0.5152722443559095,-0.06396801599200408,-0.19850374064837925,-0.16273115220483625,0.0,0.37235543018335704,-0.20181219110379017,-0.006968641114982255,0.39872262773722733,-0.019035532994923873,0.6133909287257022,0.43921568627451,0.09685230024213035,-0.24966078697421953,-0.4996072270227814,0.36094674556213013,-0.4003690036900367,-0.00539811066126856,0.08126410835214454,-1.518
-0.8658658658658659,-1.1041405269761608,-1.0092961487383794,-0.4197901049475263,-1.138154613466334,0.7260312944523473,0.0,-0.32722143864598024,-0.3401976935749594,0.7615729218516678,0.5757299270073011,-0.5444162436548223,1.1576673866090716,1.5560784313725498,0.07554479418886136,-0.3907734056987788,0.794972505891594,-0.14201183431952666,0.8007380073800741,-0.3184885290148444,0.48081264108352156,-1.42
-0.8638638638638638,0.21580928481806802,-0.7011952191235059,0.46976511744127925,0.7391521197007475,-0.8409672830725464,0.0,-0.5585331452750352,0.5214168039538714,-0.48282727725236435,1.0155109489051106,0.5901015228426396,-0.17710583153347753,0.018823529411764732,1.344309927360774,-0.6024423337856176,-0.5027494108405344,1.14792899408284,-0.21217712177121772,-0.14574898785425053,-0.37923250564334066,-1.612
-0.8618618618618619,-0.045169385194479356,-1.2164674634794155,0.023988005997001526,0.360099750623441,-0.10241820768136545,0.0,-1.246826516220028,0.48023064250411784,-0.29766052762568446,0.8147810218978108,-0.04187817258883245,0.17710583153347753,-0.5709803921568628,0.9394673123486666,-0.8358208955223886,-0.06912804399057418,-0.33136094674556216,-0.03690036900369007,0.4318488529014848,0.24604966139954873,-1.474
-0.8598598598598599,-0.958594730238394,-0.7330677290836652,-0.47376311844077995,0.3461346633416453,-0.04665718349928869,0.0,0.43441466854724975,-0.26606260296540424,-0.5306122448979592,-0.37135036496350204,-0.052030456852791854,-0.24622030237580975,-0.8125490196078435,-0.29443099273607753,0.13025780189959313,0.16025137470541928,-0.5680473372781065,-0.48892988929889286,0.42645074224021623,-0.10383747178329554,-1.558
-0.8578578578578578,-0.38644918444165616,0.5843293492695881,0.1899050474762623,1.3416458852867823,-1.3906116642958757,0.0,-0.14104372355430164,1.1771004942339376,-1.0662020905923346,0.055656934306570906,0.4251269035532995,-0.6047516198704106,-0.9882352941176477,1.1409200968522986,-0.2930800542740839,-1.2757266300078554,0.27810650887573957,-0.8579335793357932,-0.6585695006747637,-0.1444695259593678,-1.846
-0.8558558558558559,1.495608531994982,0.05843293492695888,-0.45577211394302813,0.8528678304239393,-0.45405405405405425,0.0,-0.784203102961918,0.7685337726523895,-0.6341463414634149,0.12864963503649798,-0.29822335025380714,0.7688984881209507,-0.3168627450980393,0.11234866828087127,-0.44504748982360925,0.1319717203456396,0.47928994082840226,0.35977859778597804,0.0269905533063428,0.44018058690744927,-1.636
-0.8538538538538538,-0.17063989962358866,0.05843293492695888,0.6076961519240387,-1.2957605985037406,0.9422475106685635,0.0,0.6205923836389282,-0.8756177924217478,1.3907416625186666,0.2563868613138691,0.2119289340101523,0.8768898488120951,1.5152941176470596,-0.46489104116222774,0.3582089552238811,0.25451688923801946,0.23076923076923064,0.7527675276752769,1.2631578947368425,-0.2957110609480811,-1.252
-0.8518518518518519,-0.29109159347553304,-0.12749003984063753,0.0899550224887555,0.3201995012468824,0.24125177809388365,0.0,-0.20310296191819452,-0.5329489291598031,-0.1582877053260327,0.34032846715328563,-0.27791878172588835,-0.10799136069114484,0.24784313725490228,0.16658595641646365,0.5210312075983718,0.17282010997643266,-1.0059171597633136,-0.023985239852398345,-0.28609986504723306,0.11512415349887142,-1.381
-0.8498498498498499,-0.05018820577164373,0.8233731739707834,0.8935532233883062,-0.1506234413965089,-0.04438122332859193,0.0,0.03949224259520455,-0.03706754530477904,0.42906918865107035,1.8403284671532856,1.0520304568527918,0.030237580993520554,0.02196078431372552,1.5748184019370446,-0.09226594301221179,-0.14454045561665432,1.14792899408284,-0.13837638376383757,0.4156545209176791,-0.2776523702031601,-1.273
-0.8478478478478478,-0.7176913425345047,-1.4820717131474104,0.4517741129435283,-0.2044887780548633,0.31066856330014253,0.0,-1.5289139633286322,-0.20181219110379017,-0.012941762070681836,1.4096715328467169,0.36928934010152287,-0.3758099352051836,0.5019607843137258,0.7244552058111369,-1.1614654002713707,0.16025137470541928,0.7514792899408284,-0.05904059040590412,0.404858299595142,0.41760722347629803,-1.378
-0.8458458458458459,-2.9962358845671275,-1.8007968127490035,-1.3273363318340832,0.47182044887780517,-0.9650071123755336,0.0,-1.6643159379407613,0.6696869851729816,-1.0681931309109012,-0.4443430656934291,-0.8921319796954312,0.9935205183585315,-0.9662745098039218,0.06004842615012044,-0.47218453188602444,-0.9489395129615079,-1.5502958579881656,-0.5055350553505537,-1.7435897435897432,1.0112866817155757,-1.652
-0.8438438438438438,0.6072772898368886,-0.04780876494023908,-1.345327336331834,-0.33815461346633446,-0.10014224751066869,0.0,-0.29901269393511987,0.4126853377265239,0.19611747137879554,-0.34397810218978,-0.7119289340101522,-0.4103671706263499,0.5835294117647063,-0.49782082324455285,-0.7164179104477616,-0.317360565593087,0.8579881656804731,0.5036900369003691,-0.9500674763832654,0.7584650112866818,-1.535
-0.8418418418418419,0.3663739021329992,0.4355909694555113,0.11794102948525773,0.6812967581047377,-0.640682788051209,0.0,0.5077574047954868,0.38138385502471145,-0.327526132404181,0.34032846715328563,0.40736040609137053,-0.3023758099352051,-0.1474509803921567,0.31186440677966004,0.8086838534599734,-0.018853102906520737,-0.5207100591715976,-0.2970479704797049,-0.23751686909581604,0.042889390519187394,-1.515
-0.8398398398398398,1.3801756587202014,1.5989375830013277,-1.4012993503248377,-1.2339152119700747,1.125462304409673,0.0,0.22566995768688314,-0.23970345963756234,0.9288203086112499,-0.615875912408758,-1.4048223350253806,1.2656587473002163,1.1513725490196085,-1.4179176755447938,1.0149253731343288,1.052631578947367,0.20118343195266256,1.1752767527675279,-0.8421052631578941,1.3386004514672687,-1.206
-0.8378378378378378,0.5771643663739023,0.5949535192563079,0.7116441779110444,0.7351620947630917,-0.6725462304409677,0.0,-1.004231311706629,0.8509060955518951,-1.1259333001493281,-0.053832116788320505,0.5418781725888324,0.030237580993520554,-0.13490196078431355,0.1472154963680379,0.37449118046133023,-0.27022780832678794,1.4911242603550294,-0.3413284132841326,-1.5006747638326583,-0.932279909706546,-1.823
-0.8358358358358359,-0.4065244667503136,0.4568393094289509,1.7411294352823592,-0.8488778054862843,0.6213371266002845,0.0,1.0944992947813825,-1.5049423393739727,0.6241911398705827,-0.4990875912408748,1.5977157360406091,0.3023758099352051,1.1231372549019614,-0.8154963680387409,0.9335142469470834,0.4367635506677132,-0.23076923076923078,0.07195571955719585,1.182186234817814,-2.3950338600451464,-1.307
-0.8338338338338338,0.8230865746549566,-0.8658698539176627,0.669665167416292,1.142144638403989,-1.2267425320056906,0.0,-0.6375176304654443,0.5741350906095551,-1.0064708810353409,-0.6249999999999988,1.3464467005076142,-2.0647948164146874,-1.12,0.6566585956416452,0.5644504748982363,-0.8672427336999218,-0.591715976331361,-0.9483394833948341,-0.09176788124156492,-1.0158013544018056,-1.709
-0.8318318318318318,0.8883312421580934,-0.4780876494023905,0.04397801099450324,-0.6114713216957608,0.893314366998578,0.0,0.0056417489421720785,-0.7981878088962128,0.20408163265306134,-0.5301094890510936,-0.8540609137055838,0.8768898488120951,0.6525490196078436,-1.2745762711864406,-0.10312075983717789,0.8892380204241942,0.7751479289940828,0.9944649446494467,-0.3670715249662615,-0.2505643340857786,-1.443
-0.8298298298298298,-0.21079046424090309,-0.3027888446215139,0.2878560719640183,-1.1361596009975061,1.2392603129445239,0.0,0.03385049365303247,-1.1639209225700187,1.084121453459433,1.5246350364963512,0.7093908629441624,-0.6349892008639312,1.7662745098039225,0.6992736077481831,0.9389416553595665,1.1940298507462679,0.7988165680473372,1.5239852398523988,0.01619433198380568,0.12415349887133192,-1.085
-0.8278278278278278,1.8870765370138025,0.7011952191235059,-2.5287356321839085,-0.7630922693266834,0.4039829302987199,0.0,-0.11847672778561334,0.7240527182866562,0.5505226480836242,-0.14142335766423297,-1.6357868020304567,1.8401727861771064,0.6368627450980398,-1.0092009685230026,1.8507462686567173,0.6001571091908868,1.1715976331360947,0.9870848708487087,-0.2968960863697702,2.4650112866817153,-1.352
-0.8258258258258259,-0.7528230865746554,-0.244355909694555,-0.31784107946026957,0.12269326683291744,0.06827880512091047,0.0,-0.4964739069111423,0.05189456342668773,0.357391737182678,-0.04653284671532699,-0.3032994923857867,-0.1295896328293738,-0.14431372549019592,0.03680387409200819,-0.1519674355495253,0.6221523959151599,0.11834319526627213,0.22878228782287846,0.9392712550607288,0.0699774266365689,-1.548
-0.8238238238238238,1.701380175658721,-0.11686586985391775,-0.3798100949525237,0.5476309226932661,-0.728307254623044,0.0,0.2538787023977435,0.5691927512355847,-0.2817322050771528,-0.2107664233576625,0.08756345177664974,0.03887688984881214,-0.6839215686274511,0.43970944309927223,0.6675712347354141,-0.9269442262372356,0.24852071005917148,-0.5258302583025829,-0.29149797570850167,0.37471783295711064,-1.62
-0.8218218218218218,-0.863237139272271,0.2337317397078352,-0.02198900549725162,0.042892768079800185,-0.165007112375533,0.0,-0.03949224259520424,-0.010708401976937143,0.27177700348432077,-0.09032846715328323,-0.4251269035532995,-0.15982721382289436,-0.6305882352941178,-0.31380145278450416,-0.3744911804613296,-0.3393558523173607,-0.035502958579881685,-0.29335793357933587,-0.4858299595141698,-0.1354401805869073,-1.347
-0.8198198198198198,0.5922208281053954,-0.451527224435591,0.39580209895052476,0.529675810473815,-0.25035561877667123,0.0,-1.303244005641749,-0.26606260296540424,-0.7834743653558985,0.028284671532847246,0.11802030456852795,-0.8682505399568036,-0.15999999999999986,0.3506053268765132,-0.7055630936227955,-0.30164964650432063,1.1893491124260356,0.4317343173431737,0.4588394062078276,-0.5959367945823926,-1.727
-0.8178178178178178,-1.079046424090339,-0.9189907038512617,0.15592203898051038,1.2598503740648372,-1.4827880512091043,0.0,-0.6713681241184767,0.8443163097199339,-0.7974116475858636,0.6870437956204396,-0.026649746192893353,-1.2311015118790498,-0.7341176470588234,1.3326876513317178,-0.7869742198100411,-1.297721916732129,-0.3017751479289942,-0.8634686346863469,-0.9392712550607283,-0.10158013544018041,-1.798
-0.8158158158158159,-0.30614805520702615,0.2390438247011951,-0.3898050974512742,-0.06683291770573581,-0.13997155049786658,0.0,-0.8067700987306063,0.017298187808895422,0.25783972125435584,0.3622262773722646,-0.13832487309644675,0.17278617710583175,-0.34196078431372556,0.28280871670702146,0.5047489823609227,-0.16967792615868105,-0.8224852071005917,-0.1531365313653136,0.09176788124156553,0.968397291196388,-1.5
-0.8138138138138138,0.030112923462986236,0.19654714475431592,-1.7191404297851076,1.3017456359102237,-1.5647226173541968,0.0,-0.1523272214386458,1.471993410214169,-1.1518168242906919,-0.7983576642335749,-0.7601522842639593,0.345572354211663,-1.4180392156862753,0.18014527845036302,0.542740841248304,-1.5648075412411626,-1.4615384615384615,-0.9225092250922511,-0.6585695006747637,1.532731376975169,-1.771
-0.8118118118118118,1.3701380175658726,0.35059760956175295,-0.05797101449275347,0.5157107231920196,-0.6042674253200567,0.0,0.5416078984485192,0.3237232289950571,-0.6082628173220507,-0.3841240875912403,0.4606598984771573,-0.017278617710583175,-0.7749019607843141,-0.24406779661016997,1.0257801899592949,-0.8829536527886882,0.4556213017751478,-0.88929889298893,0.04318488529014848,-0.19187358916478545,-1.628
-0.8098098098098098,0.9284818067754084,-0.01593625498007969,0.13393303348325875,0.3680798004987528,-0.417638691322902,0.0,-0.2708039492242595,0.15074135090609558,-0.12643106022896944,-0.044708029197078204,0.7499999999999999,-0.07343412526997849,0.14745098039215707,0.13946731234866833,-0.027137042062415233,0.14139827179889924,1.9408284023668638,-0.16789667896678964,-0.4750337381916327,-0.6613995485327311,-1.56
-0.8078078078078078,0.15056461731493118,1.1049136786188576,0.4137931034482757,-0.9546134663341646,0.9729729729729732,0.0,0.5416078984485192,-0.4785831960461301,0.8909905425584873,1.453467153284673,0.282994923857868,0.30669546436285083,0.8815686274509809,0.528813559322033,0.6078697421981006,0.5310290652003135,-0.5680473372781065,0.8579335793357936,0.8744939271255061,0.44018058690744927,-1.267
-0.8058058058058059,-0.6223337515683817,0.16998671978751673,1.2113943028485759,1.3336658354114705,-1.291607396870555,0.0,0.1636107193229903,0.4192751235584836,-1.209556993529119,0.28740875912408875,1.381979695431472,-1.8747300215982725,-0.539607843137255,1.2087167070217903,0.059701492537313515,-0.5750196386488615,-0.5502958579881657,-1.103321033210332,0.2807017543859651,-1.2550790067720088,-1.769
-0.8038038038038038,-0.5069008782936011,-0.6586985391766267,0.11794102948525773,0.3162094763092265,-0.4551920341394031,0.0,-0.5923836389280677,-0.37808896210873305,-0.08262817322050749,0.07937956204379701,0.019035532994923873,-1.1360691144708424,-0.8972549019607844,0.30217917675544714,-1.3405698778833113,-0.2230950510604875,-0.9053254437869823,-0.6346863468634685,0.06477732793522271,-0.2821670428893904,-1.377
-0.8018018018018018,-0.4617314930991217,-0.2762284196547144,-0.5277361319340327,-0.4778054862842892,0.12517780938833561,0.0,-1.094499294781382,0.1408566721581545,0.42110502737680455,0.5702554744525563,-0.4200507614213198,0.09503239740820746,0.21019607843137283,0.5055690072639207,0.0,0.16967792615867966,-1.0650887573964498,0.5147601476014761,0.6909581646423751,1.0925507900677203,-1.283
-0.7997997997997998,0.9836888331242165,1.0677290836653386,-1.2493753123438285,0.39401496259351565,-0.08193456614509256,0.0,-0.12976022566995749,0.49835255354200936,-0.2677949228471874,-0.1487226277372249,0.2195431472081218,0.6263498920086396,0.09098039215686286,-0.16852300242130863,1.8670284938941666,-0.0628436763550668,-0.21893491124260356,0.11992619926199295,1.036437246963563,1.3227990970654624,-1.557
-0.7977977977977978,0.11543287327478056,0.8499335989375829,0.7336331834082961,0.3960099750623438,-0.4039829302987204,0.0,-0.42877291960507735,0.3056013179571656,-0.4211050273768041,-0.48083941605839264,0.8134517766497462,0.22030237580993547,0.20392156862745126,0.015496368038740924,0.640434192672999,-0.5027494108405344,-1.437869822485207,-0.18819188191881897,0.19433198380566816,-0.28893905191873576,-1.507
-0.7957957957957958,-0.863237139272271,-1.6042496679946878,-0.9715142428785609,1.1920199501246878,-1.085633001422475,0.0,-0.8236953455571225,1.3995057660626045,-0.4569437531110003,0.9680656934306584,-0.3337563451776649,0.2073434125269981,-1.1607843137254907,1.5360774818401912,-0.9009497964721845,-1.1374705420267084,0.2721893491124259,-1.492619926199262,0.05937921727395416,1.3024830699774266,-1.601
-0.7937937937937938,0.4466750313676286,0.19123505976095603,0.1579210394802603,0.0029925187032415644,-0.4483641536273118,0.0,0.12976022566995782,0.7355848434925865,-0.16824290691886476,0.7308394160583959,0.17893401015228427,-0.9805615550755942,-0.4517647058823532,1.1002421307506038,-0.7544097693351429,-0.20424194815396815,0.14201183431952658,-0.4630996309963098,-0.3076923076923073,0.11512415349887142,-1.546
-0.7917917917917918,1.3651191969887082,0.2018592297476758,0.07996001999000509,-0.9865336658354114,0.4290184921763873,0.0,0.12411847672778573,-0.3764415156507424,0.9766052762568448,-0.5155109489051082,-0.5469543147208121,0.10367170626349904,-0.18823529411764695,-0.7302663438256658,-0.027137042062415233,-0.009426551453260369,0.6331360946745561,0.3966789667896681,0.37246963562753066,-0.29796839729119623,-1.368
-0.7897897897897898,-0.28105395232120434,-1.1899070385126158,-0.9275362318840582,-0.635411471321696,0.22532005689900428,0.0,-0.6431593794076164,0.10461285008237153,0.32752613240418144,-0.5702554744525531,-1.5215736040609134,0.05183585313174952,0.17882352941176494,-0.9569007263922517,-0.7055630936227955,0.3582089552238801,-0.13017751479289943,0.6070110701107013,-0.8852901484480427,1.2911963882618507,-1.377
-0.7877877877877878,0.12045169385194494,0.2496679946879149,-0.277861069465267,-0.8089775561097258,0.7556187766714086,0.0,-0.16925246826516205,-0.15074135090609705,0.9049278247884525,1.1541970802919712,-0.5266497461928934,0.4060475161987041,0.7247058823529414,0.47070217917675405,0.2550881953867032,1.2537313432835808,-0.27810650887573973,0.9335793357933583,-0.09176788124156492,0.9796839729119639,-1.341
-0.7857857857857858,0.2810539523212049,0.5790172642762282,0.6896551724137937,-0.5915211970074815,0.6031294452347084,0.0,0.677009873060649,-0.26606260296540424,0.6839223494275763,0.8184306569343084,0.6357868020304568,-0.08207343412527007,-0.4517647058823532,0.3292978208232442,0.7869742198100411,0.3707776904948934,2.059171597633136,-0.18819188191881897,0.9932523616734145,-0.41534988713318266,-1.224
-0.7837837837837838,-0.08030112923462997,-0.29216467463479406,0.1899050474762623,1.2359102244389022,-1.6330014224751068,0.0,-0.547249647390691,0.7784184514003292,-1.3887506222000996,0.14689781021897932,0.16878172588832488,-0.6263498920086396,-0.7529411764705882,1.2048426150121057,-0.8683853459972869,-1.128043990573448,-0.3431952662721894,-0.4520295202952028,0.1889338731443996,-0.37471783295711036,-1.84
-0.7817817817817818,0.08531994981179433,0.244355909694555,0.46976511744127925,1.487281795511221,-1.2859174964438125,0.0,-0.930888575458392,0.5889621087314668,-0.8949726231956195,-0.7271897810218967,0.7220812182741115,-1.3952483801295898,-1.3364705882352947,-0.007748184019371322,0.037991858887381325,-1.043205027494109,1.5798816568047338,-0.551660516605166,-1.0094466936572195,-1.0677200902934536,-1.514
-0.7797797797797797,-1.1442910915934759,-0.9243027888446216,-0.3798100949525237,0.3281795511221941,-0.5644381223328588,0.0,-1.246826516220028,0.4901153212520589,-0.5684420109507217,-0.04653284671532699,-0.3134517766497461,-0.6522678185745143,-0.567843137254902,0.7593220338983036,-0.13568521031207617,-0.27336999214454094,-0.5207100591715976,-0.5461254612546127,-0.12955465587044485,0.4672686230248308,-1.781
-0.7777777777777778,-0.20075282308657436,-0.05843293492695888,0.4437781109445278,0.3980049875311715,-0.679374110953059,0.0,0.4795486600846264,1.34514003294893,-0.9785963165754106,2.103102189781023,0.3134517766497462,-0.15118790496760276,-0.2603921568627451,2.123002421307505,-0.41248303934871094,-1.1531814611154747,-0.011834319526627229,-0.6808118081180813,0.22132253711201097,0.6930022573363431,-1.724
-0.7757757757757757,-0.23086574654956057,-0.6905710491367861,0.06596701649175397,0.13865336658354088,-0.23100995732574722,0.0,-0.473906911142454,0.09637561779242111,-0.13240418118466904,-0.15237226277372082,0.036802030456852826,-0.49676025917926575,0.3764705882352943,-0.13946731234866833,-0.1953867028493897,-0.23880597014925384,0.17751479289940827,0.2047970479704799,-0.1079622132253706,0.1557562076749437,-1.482
-0.7737737737737738,1.043914680050189,2.332005312084993,1.223388305847077,0.3281795511221941,-0.020483641536272888,0.0,1.139633286318759,-0.35337726523888036,-0.23394723743155793,-0.053832116788320505,1.2753807106598987,-0.514038876889849,-0.539607843137255,-0.2266343825665858,0.8466757123473547,0.03770620581304008,0.08875739644970405,-0.7306273062730626,-0.4264507422402156,-1.0948081264108351,-1.616
-0.7717717717717718,-0.3563362609786699,-0.8871181938911024,0.23388305847076468,1.7546134663341633,-1.7820768136557614,0.0,-0.5923836389280677,1.3171334431630974,-1.8685913389746145,0.5885036496350377,0.5368020304568527,-0.699784017278618,-2.170980392156864,1.408232445520579,-0.5970149253731345,-1.797329143754909,-0.14792899408284027,-2.0738007380073804,-0.6909581646423751,-0.2776523702031601,-1.916
-0.7697697697697697,0.2409033877038899,0.37715803452855245,-0.751624187906047,-0.10274314214463856,-0.2446657183499288,0.0,0.6262341325811003,0.0024711696869838063,0.12842210054753614,-0.49361313868613005,-0.4022842639593909,-0.18574514038876913,-0.06274509803921577,-0.445520581113802,0.9877883310719136,0.22937941869599277,0.4615384615384614,0.16605166051660533,-0.7287449392712544,0.4853273137697518,-1.489
-0.7677677677677678,0.6925972396486829,0.8499335989375829,-0.6756621689155421,-0.3102244389027434,0.0,0.0,0.5641748942172076,0.6153212520593087,0.036834245893479715,0.03375912408759198,-0.3743654822335025,0.16846652267818596,0.1411764705882355,0.09685230024213035,0.11397557666214399,0.7509819324430472,1.6390532544378695,0.9298892988929892,-0.2537112010796217,0.5485327313769751,-1.554
-0.7657657657657657,-0.03513174404015061,0.04249667994687918,0.539730134932534,0.19650872817955067,-0.1854907539118069,0.0,-0.39492242595204485,-0.40774299835255484,-0.1622697859631656,-0.20346715328467058,0.4048223350253807,-0.6047516198704106,-0.37960784313725504,-0.30217917675544803,-0.13568521031207617,0.2513747054202665,-0.562130177514793,-0.13468634686346856,0.11875843454790833,-0.6726862302483068,-1.507
-0.7637637637637638,0.045169385194479356,0.5471447543160689,-0.005997001499250604,-0.45985037406483803,0.6042674253200573,0.0,-0.050775740479548394,-0.799835255354202,1.1020408163265312,-0.6031021897810207,-0.41243654822335024,-0.1987041036717065,0.12549019607843154,-0.8309927360774818,-0.21166892808683882,0.6630007855459537,-0.6331360946745562,0.697416974169742,-1.025641025641025,-0.11512415349887117,-1.217
-0.7617617617617618,0.5219573400250942,0.7383798140770251,-0.37581209395302306,-0.03890274314214477,-0.14793741109530575,0.0,0.7898448519040904,1.0189456342668861,0.28571428571428614,0.9370437956204388,-0.199238578680203,0.3369330453563714,-0.1819607843137254,0.8348668280871666,-0.09226594301221179,-0.6818538884524744,0.7396449704142012,-0.3062730627306272,-0.7017543859649122,1.0654627539503387,-1.469
-0.7597597597597597,-0.8481806775407779,0.09561752988047816,0.22388805597201425,-0.7172069825436409,0.7271692745376956,0.0,-0.05641748942172047,-0.445634266886327,0.9825783972125439,1.0282846715328473,-0.7880710659898477,0.2548596112311018,0.7749019607843141,0.009685230024212862,-0.6892808683853463,0.48389630793401367,1.0473372781065087,0.5922509225092253,0.22132253711201097,0.1670428893905193,-1.187
-0.7577577577577578,0.10037641154328746,0.6799468791500664,-0.2578710644677662,-0.11271820448877844,-0.26742532005689945,0.0,0.34414668547249666,0.704283360790774,0.6341463414634151,0.36405109489051174,0.4048223350253807,-0.12095032397408222,0.7403921568627454,0.333171912832929,-0.13568521031207617,0.36449332285938674,1.6449704142011832,0.1420664206642068,-0.3886639676113357,0.3002257336343115,-1.386
-0.7557557557557557,-0.09535759096612308,1.444887118193891,0.5417291354322838,-0.054862842892768215,0.29473684210526313,0.0,-0.21438645980253868,-1.2578253706754554,-0.14036834245893484,-0.09032846715328323,0.6230964467005076,-0.21166306695464387,0.2415686274509807,-0.29443099273607753,1.0040705563093628,0.14768263943440593,-0.17751479289940836,0.06826568265682684,-0.5182186234817812,-0.986455981941309,-1.516
-0.7537537537537538,0.5069008782936011,0.10624169986719795,0.5157421289355324,0.5236907730673309,-0.49388335704125214,0.0,-0.998589562764457,0.1079077429983514,-0.556495769039323,0.2563868613138691,0.6230964467005076,-1.2483801295896328,-0.8188235294117651,0.2924939467312343,0.30936227951153367,0.0,0.3846153846153846,-0.5055350553505537,-0.19973009446693613,-0.36568848758465,-1.694
-0.7517517517517518,0.5169385194479298,0.7968127490039839,-1.1474262868565717,0.4079800498753114,-0.7032716927453776,0.0,-0.2595204513399153,0.8443163097199339,-0.7794922847187656,-0.4644160583941592,-0.5545685279187818,0.1295896328293738,-0.2290196078431372,-0.042615012106537974,0.8955223880597021,-0.6441476826394343,-0.3254437869822485,-0.21402214022140204,-0.5128205128205126,0.8284424379232505,-1.745
-0.7497497497497497,-0.44165621079046424,-1.6573705179282863,0.18790604697651153,0.4618453865336653,-0.38918918918918893,0.0,0.22566995768688314,0.3764415156507409,0.1343952215032357,-0.6943430656934291,-0.1154822335025381,0.3498920086393088,-0.11294117647058803,-0.45520581113801484,-0.3799185888738127,-0.9112333071484678,1.1124260355029585,-0.7121771217712176,-0.3130904183535759,-0.7426636568848757,-1.499
-0.7477477477477478,0.3513174404015061,0.6586985391766267,-0.30584707646176923,0.09875311720698227,-0.3357041251778094,0.0,0.976022566995769,0.11943986820428315,-0.12643106022896944,1.0739051094890524,1.364213197969543,-0.4017278617710583,-0.20705882352941168,1.0944309927360758,1.1560379918588881,0.10683424980361286,0.05917159763313598,-1.1845018450184501,0.34547908232118785,0.33182844243792325,-1.65
-0.7457457457457457,0.8632371392722715,-0.29747675962815395,-0.03398300849575194,-1.0783042394014963,1.1891891891891895,0.0,-0.0056417489421720785,-1.1210873146622753,1.0343454454952716,-0.7162408759124073,-0.10786802030456855,-0.09503239740820746,0.6149019607843141,-1.2939467312348663,0.1736770691994575,1.2568735271013345,0.4023668639053253,0.9981549815498157,-0.32388663967611303,-0.5011286681715574,-1.319
-0.7437437437437437,-0.5821831869510666,-0.13280212483399745,0.7116441779110444,0.17655860349127137,-0.08079658605974419,0.0,-0.9703808180535965,-0.1836902800658987,-0.5545047287207567,-0.07572992700729782,-0.7220812182741115,0.7041036717062639,-0.7435294117647061,-0.32929782082324505,-1.8670284938941664,-0.39905734485467453,-0.3017751479289942,-0.0959409594095942,0.24831309041835375,-0.8013544018058689,-1.679
-0.7417417417417418,0.32120451693851987,-0.08499335989375836,0.0019990004997499054,0.0029925187032415644,-0.18321479374110913,0.0,-0.33850493653032443,0.8937397034596378,0.4051767048282729,1.3950729927007313,-0.049492385786802,-0.04751619870410373,0.33568627450980404,1.0750605326876501,1.0583446404341932,-0.1571091908876677,1.6213017751479286,0.04428044280442809,-0.6531713900134951,0.9458239277652369,-1.417
-0.7397397397397397,0.05018820577164373,0.8021248339973438,1.4052973513243388,-1.2598503740648377,1.0708392603129446,0.0,0.6544428772919606,-0.9991762767710068,1.0502737680438032,1.3184306569343083,0.8769035532994924,0.7645788336933049,0.9568627450980398,0.22276029055689928,0.9660786974219817,0.6347211311861732,0.514792899408284,0.17158671586715885,0.9554655870445345,-0.6094808126410833,-1.312
-0.7377377377377378,-0.5269761606022586,-0.4196547144754316,0.03998000999500254,0.050872817955111914,0.21621621621621623,0.0,-0.1523272214386458,0.350082372322899,-0.31358885017421606,1.1268248175182491,-0.23223350253807104,-0.4017278617710583,-0.19137254901960774,1.2242130750605313,0.20081411126187274,1.1029065200314205,0.3195266272189348,0.5645756457564577,0.6369770580296895,0.6230248306997742,-1.633
-0.7357357357357357,0.6524466750313679,1.0571049136786188,1.9310344827586217,-1.1740648379052367,1.0970128022759604,0.0,0.4908321579689705,-1.5807248764415185,1.26530612244898,1.7162408759124104,1.8388324873096447,-0.2850971922246219,1.3145098039215692,0.507506053268764,0.17910447761194054,0.8672427336999204,1.21301775147929,0.6365313653136534,1.8353576248313093,-1.8239277652370198,-1.254
-0.7337337337337337,-0.25595984943538247,0.05843293492695888,-0.017991004497750922,1.0503740648379043,-1.5396870554765294,0.0,0.17489421720733445,0.9925864909390442,-0.8571428571428571,0.32025547445255553,0.3286802030456853,-1.352051835853132,-0.6211764705882354,0.9452784503631947,-0.884667571234736,-1.181461115475256,0.08875739644970405,-0.7619926199261994,-0.09716599190283348,-0.3002257336343114,-1.57
-0.7317317317317318,-0.10037641154328746,0.13280212483399745,0.6516741629185411,0.9027431421446379,-0.5587482219061164,0.0,-0.49083215796897023,0.17051070840197627,-0.8432055749128922,1.7253649635036512,1.1408629441624365,-0.8034557235421166,-0.5741176470588236,1.4469733656174324,0.4830393487109906,0.11626080125687323,-0.26035502958579887,-0.8413284132841329,1.2037786774628882,-0.3408577878103836,-1.548
-0.7297297297297297,1.2195734002509415,1.2749003984063743,1.079460269865068,0.10274314214463812,0.2833570412517783,0.0,0.4626234132581101,-0.5889621087314683,-0.0985564957690391,0.022810218978104133,1.2779187817258884,-2.1252699784017284,-0.2572549019607843,-0.04455205811138123,1.4708276797829045,0.3770620581304001,0.029585798816567907,-0.5129151291512917,0.03778677462887992,-0.9661399548532729,-1.524
-0.7277277277277278,0.015056461731493118,-0.6586985391766267,-0.5157421289355324,0.6254364089775556,-0.5769559032716925,0.0,-1.438645980253879,1.000823723228996,-0.5604778496764559,0.6268248175182491,-0.8439086294416244,1.2570194384449247,-0.11607843137254882,0.7418886198547211,-0.5753052917232023,-0.5655930871956012,-0.12426035502958582,0.3118081180811809,-0.7881241565452086,0.8374717832957109,-1.704
-0.7257257257257257,-0.7277289836888334,-0.41434262948207173,0.29985007496251864,-0.3740648379052372,0.21507823613086785,0.0,0.6149506346967561,-0.07495881383855123,0.9447486311597816,-0.01916058394160494,0.41243654822335024,-0.4319654427645789,0.8627450980392161,-0.33510895883777314,0.3256445047489828,0.4587588373919869,-0.1597633136094675,0.4963099630996311,-0.5020242914979755,-0.0744920993227989,-1.266
-0.7237237237237237,0.8682559598494359,-0.2815405046480743,0.767616191904048,-0.6832917705735663,0.5041251778093886,0.0,-0.5698166431593793,-0.7817133443163119,0.5664509706321559,-0.4370437956204372,1.0190355329949237,0.5615550755939527,0.13176470588235312,-0.5210653753026634,0.1519674355495253,1.0180675569520807,0.8875739644970412,0.02767527675276776,-0.1781376518218619,-0.9300225733634309,-1.368
-0.7217217217217218,-0.7779171894604772,-1.7583001328021244,0.2658670664667667,-0.14264339152119718,0.19573257467994334,0.0,-1.2693935119887165,-0.3467874794069206,0.10452961672473914,0.5739051094890523,0.026649746192893422,-0.49244060475162,-0.29803921568627456,0.46876513317191254,-1.4002713704206249,-0.13511390416339397,-0.1597633136094675,-0.01476014760147603,-0.27530364372469596,-0.1444695259593678,-1.532
-0.7197197197197197,-0.5018820577164367,0.34528552456839307,-0.2478760619690158,0.30024937655860306,-0.38122332859174973,0.0,0.2425952045133994,0.4489291598023054,0.5146839223494281,0.31478102189781076,-0.17639593908629436,-0.42764578833693306,-0.06274509803921577,0.5675544794188844,0.3582089552238811,0.009426551453258974,0.3846153846153846,-0.53690036900369,-0.32388663967611303,0.5598194130925507,-1.374
-0.7177177177177178,-0.45671267252195735,-1.0358565737051788,-0.38580709645177436,0.6294264339152115,-0.6236130867709818,0.0,-0.6826516220028209,0.536243822075783,-0.6460925833748131,0.8987226277372273,0.18401015228426398,-1.0755939524838012,-0.8188235294117651,1.133171912832929,-0.027137042062415233,-0.7824037706205813,-0.18343195266272197,-1.1494464944649447,-1.1174089068825908,0.6568848758465011,-1.721
-0.7157157157157157,-0.6725219573400254,-0.31872509960159356,-0.5457271364317845,1.124189526184538,-0.7442389758179233,0.0,0.5077574047954868,1.004118616144976,-1.0602289696366354,0.7691605839416074,0.1053299492385787,-1.1533477321814254,-0.9631372549019613,1.350121065375302,0.04884667571234742,-0.021995286724273727,-0.08875739644970422,-0.8616236162361622,-0.7449392712550601,1.112866817155756,-1.633
-0.7137137137137137,-0.4466750313676286,0.09030544488711827,0.5557221389305349,0.38204488778054807,0.291322901849218,0.0,-0.19746121297602243,-0.2331136738056026,-0.273768043802887,0.6177007299270085,0.25761421319796957,-0.7300215982721386,-0.18823529411764695,0.33510895883777225,-0.537313432835821,0.5184603299293,0.24260355029585787,0.23431734317343197,0.9716599190283403,-0.34311512415349876,-1.513
-0.7117117117117117,0.030112923462986236,0.6162018592297476,0.8355822088955528,0.24837905236907687,-0.08307254623044094,0.0,1.0719322990126943,-0.8130148270181229,-0.22399203583872543,-0.1779197080291957,0.8591370558375635,-0.6781857451403891,-0.32000000000000006,-0.3196125907990322,0.20624151967435578,0.2796543597800462,-0.8106508875739645,-1.0018450184501846,-0.3508771929824558,-0.9887133182844241,-1.428
-0.7097097097097097,-0.47678795483061487,-0.19654714475431592,-0.04797601199400305,0.9566084788029918,-0.7715504978662875,0.0,0.7052186177715094,0.012355848434924883,-0.17421602787456433,0.3220802919708043,-0.100253807106599,-1.8488120950323976,-1.0164705882352945,0.8755447941888613,-0.4396200814111262,-0.4996072270227814,-1.1893491124260356,-0.6568265682656825,-0.9284750337381912,0.2099322799097067,-1.439
-0.7077077077077077,2.193224592220829,1.8539176626826026,-0.6256871564217892,-0.85286783042394,0.25035561877667173,0.0,0.6262341325811003,-0.25782537067545386,0.5923344947735195,0.06660583941606037,0.1865482233502538,0.9460043196544278,0.6964705882352943,-0.3196125907990322,1.150610583446405,-0.19481539670070777,1.1124260355029585,0.6586715867158675,-0.869095816464237,0.4198645598194132,-1.344
-0.7057057057057057,0.07026348808030122,-0.16998671978751642,-0.7256371814092956,-0.5216957605985036,0.42674253200569007,0.0,0.7165021156558535,0.32866556836902766,0.08063713290194169,0.22536496350365112,-0.18654822335025376,1.1619870410367175,0.395294117647059,-0.2634382566585957,-0.010854816824966093,0.6221523959151599,0.5562130177514792,0.06273062730627313,-0.8475033738191627,0.5778781038374717,-1.523
-0.7037037037037037,0.667503136762861,-0.15936254980079664,1.8210894552723644,-0.7271820448877806,0.4688477951635847,0.0,-0.14104372355430164,-0.4983525535420108,0.8750622200099557,1.3531021897810223,1.064720812182741,-0.32397408207343403,0.5270588235294121,0.7128329297820808,-0.4776119402985075,0.02513747054202672,0.0,0.23800738007380098,1.9001349527665319,-1.187358916478555,-1.349
-0.7017017017017017,-0.8431618569636135,0.06374501992031877,-0.23988005997001527,0.16259351620947607,-0.07624466571835015,0.0,-0.4626234132581098,-0.37808896210873305,-0.22399203583872543,0.40237226277372323,-1.1230964467005076,-0.17710583153347753,0.6650980392156868,0.025181598062953787,-1.3731343283582096,-0.14139827179890135,-1.6035502958579881,0.5055350553505537,-0.7125506072874493,0.6139954853273137,-1.549
-0.6996996996996997,0.03513174404015061,2.5922974767596276,-0.5317341329335334,-1.3855361596009972,1.0662873399715507,0.0,0.9478138222849086,-1.3088962108731492,1.6635141861622704,-0.13594890510948826,0.06725888324873094,1.1879049676025923,1.1482352941176477,-0.9607748184019373,1.4708276797829045,0.2859387274155529,-0.25443786982248523,0.3948339483394836,-0.6801619433198379,-0.05417607223476277,-1.18
-0.6976976976976977,1.7314930991217072,0.4727755644090306,-0.06596701649175397,-0.23441396508728202,0.4244665718349933,0.0,-0.07334273624823671,0.37479406919275027,0.7934295669487311,1.331204379562045,-0.4835025380710659,-0.9071274298056157,-0.08784313725490207,0.6469733656174323,-0.04884667571234742,0.7007069913589937,1.0473372781065087,0.04428044280442809,-0.053981106612685,0.891647855530474,-1.31
-0.6956956956956957,0.6373902132998748,0.7383798140770251,-0.8575712143928035,-1.1880299251870323,1.2005689900426748,0.0,0.451339915373766,-1.0568369028006612,1.0204081632653066,-0.5885036496350352,-0.6662436548223348,-0.15982721382289436,0.8596078431372554,-1.2939467312348663,0.0705563093622796,1.1814611154752543,0.8520710059171595,0.9132841328413287,-0.9770580296896082,0.5146726862302484,-1.075
-0.6936936936936937,-0.6072772898368886,-1.9123505976095614,0.4197901049475263,-0.4498753117206986,0.12403982930298722,0.0,-0.8236953455571225,-0.13591433278418544,0.17023394723743188,0.22901459854014708,-0.3261421319796954,0.39740820734341253,0.7152941176470591,0.15496368038740924,-0.44504748982360925,0.0942655145325995,-0.25443786982248523,0.4520295202952032,-0.03778677462887992,-0.08126410835214427,-1.444
-0.6916916916916916,0.2208281053952324,0.5790172642762282,-0.48575712143928024,0.23441396508728157,0.10924608819345676,0.0,0.7898448519040904,-0.7981878088962128,-0.2180189148830263,-0.38229927007299147,-0.498730964467005,-1.572354211663068,0.2698039215686278,-0.6179176755447946,0.33107191316146584,0.6472898664571867,-0.4378698224852071,0.26383763837638385,1.543859649122807,-0.047404063205417395,-1.533
-0.6896896896896897,0.15558343789209556,0.5949535192563079,0.5957021489255375,-0.17256857855361638,0.21394025604551947,0.0,0.3272214386459804,0.1952224052718275,0.34544549527127977,0.8549270072992711,0.0951776649746193,1.1619870410367175,0.3105882352941177,0.36029055690072603,0.21166892808683882,0.5404556166535731,0.03550295857988152,0.12361623616236196,0.48043184885290185,0.11963882618510167,-1.562
-0.6876876876876877,-0.6072772898368886,-0.16998671978751642,0.06796601699150477,0.1466334164588526,-0.1388335704125177,0.0,-0.6262341325811001,0.2314662273476105,-0.12643106022896944,0.13047445255474513,0.2398477157360406,0.23326133909287286,-1.0415686274509808,0.021307506053267266,0.33107191316146584,0.48389630793401367,-0.43195266272189353,-0.7287822878228783,0.9932523616734145,0.004514672686230251,-1.815
-0.6856856856856857,-0.7327478042659978,0.10624169986719795,0.5837081459270371,-0.31421446384039925,0.2662873399715506,0.0,-0.3836389280677007,-0.9431630971993432,-0.06669985067197585,-0.7746350364963489,-0.3337563451776649,0.8725701943844494,0.0815686274509805,-1.1176755447941888,-0.4776119402985075,0.14454045561665294,-0.6745562130177516,-0.08671586715867147,-0.18353576248313044,-1.2212189616252818,-1.569
-0.6836836836836837,-0.331242158092848,0.398406374501992,-0.38580709645177436,-1.788528678304239,2.1143669985775255,0.0,0.9308885754583923,-1.6202635914332806,1.8188153310104536,-0.053832116788320505,-0.6535532994923856,0.5442764578833695,2.1019607843137265,-1.3016949152542368,0.7381275440976938,0.8923802042419472,-0.36094674556213024,1.4557195571955723,1.6842105263157896,0.18735891647855543,-1.192
-0.6816816816816816,-0.19573400250940998,-1.4873837981407703,0.09995002498750681,-0.6194513715710726,1.0014224751066858,0.0,-0.2313117066290549,-0.8805601317957183,0.3932304629168742,-0.21441605839416006,-1.1687817258883249,1.0583153347732184,0.25725490196078465,-0.937530266343826,-0.9443690637720489,1.0809112333071476,0.07692307692307682,0.7583025830258304,-0.45344129554655843,-0.31602708803611723,-1.443
-0.6796796796796797,-0.16562107904642429,-0.3081009296148738,1.0154922538730637,1.4952618453865327,-1.4395448079658608,0.0,-0.7447108603667134,0.8476112026359152,-1.3827775012444004,1.6158759124087598,1.8464467005076142,-1.3261339092872573,-1.3552941176470596,2.2043583535108944,0.8466757123473547,-0.7227022780832675,-0.11834319526627228,-1.3394833948339484,-0.4480431848852899,-0.5214446952595935,-1.664
-0.6776776776776777,1.1292346298619826,1.0677290836653386,-0.8435782108945529,0.14862842892768033,-0.02958748221906095,0.0,-0.20310296191819452,0.12273476112026302,0.26580388252862164,-0.4680656934306552,-0.28299492385786806,1.0453563714902812,-0.012549019607843154,-0.49007263922518235,0.5970149253731345,0.5184603299293,0.46745562130177504,0.5664206642066423,-0.7989203778677457,0.5101580135440182,-1.424
-0.6756756756756757,-0.0552070263488081,0.5737051792828683,-0.18590704647676162,1.299750623441396,-1.533997155049787,0.0,0.17489421720733445,1.2792421746293252,-0.8929815828770533,-0.2709854014598529,0.36421319796954316,-0.3498920086393088,-0.8219607843137255,0.8038740920096848,0.4504748982360929,-1.797329143754909,-0.33136094674556216,-1.2084870848708489,-0.6963562753036436,0.1309255079006773,-1.765
-0.6736736736736737,-0.6976160602258472,0.037184594953519286,0.7156421789105452,0.7990024937655854,-0.2241820768136559,0.0,0.0056417489421720785,0.20345963756177937,-0.2757590841214532,0.7837591240875927,1.0901015228426396,0.004319654427645794,-0.7937254901960787,0.4900726392251798,0.36906377204884716,-0.6095836606441486,-0.3254437869822485,-1.0977859778597787,-0.37246963562753005,-0.2618510158013542,-1.665
-0.6716716716716716,0.48682559598494357,1.2961487383798138,0.3398300849575212,-1.0982543640897755,1.3132290184921767,0.0,0.5133991537376589,-1.3682042833607935,1.1976107516177208,-0.20346715328467058,0.3921319796954315,0.6133909287257022,0.922352941176471,-0.7380145278450363,0.8629579375848038,0.6849960722702267,0.9230769230769228,0.5332103321033211,0.48043184885290185,-0.8284424379232505,-1.163
-0.6696696696696697,-0.3462986198243412,0.05843293492695888,-0.6336831584207897,0.5975062344139647,-0.5507823613086773,0.0,-0.07898448519040879,0.9711696869851728,-0.468889995022399,-0.5246350364963489,0.22715736040609136,0.6911447084233265,-0.18823529411764695,0.029055690072638588,1.2320217096336508,0.342498036135113,0.8106508875739645,-0.07011070110701115,0.24831309041835375,0.49887133182844257,-1.625
-0.6676676676676677,-1.495608531994982,-0.48871181938911,-0.15192403798100967,-0.6693266832917706,0.8603129445234714,0.0,-0.045133991537376315,-0.4868204283360805,0.8730711796913893,0.17791970802919896,-1.0977157360406091,1.170626349892009,0.9474509803921574,-0.7883777239709447,-0.24966078697421953,0.6472898664571867,-0.3964497041420119,1.0424354243542437,-0.00539811066126856,0.23476297968397308,-1.323
-0.6656656656656657,-1.3249686323713932,-0.13280212483399745,0.6236881559220397,-0.3920199501246884,0.47908961593172117,0.0,-0.1805359661495062,-0.13426688632619477,0.1383773021403686,0.8895985401459866,0.29314720812182743,0.06047516198704111,1.0164705882352947,0.3370460048426138,-0.2550881953867026,0.182246661429693,0.16568047337278102,-0.13284132841328386,0.26450742240215946,-0.13092550790067706,-1.416
-0.6636636636636637,0.27101631116687613,0.0,0.3938030984507748,0.8768079800498745,-0.8648648648648649,0.0,-1.1452750352609307,0.47858319604612864,-1.5241413638626182,-0.03193430656934157,1.4022842639593909,-1.1706263498920086,-0.8784313725490197,0.6934624697336551,0.5698778833107193,-1.0274941084053426,0.47928994082840226,-1.363468634686347,1.41970310391363,-0.4853273137697516,-1.715
-0.6616616616616616,-0.6925972396486829,0.6002656042496678,-0.7376311844077963,-0.6473815461346636,0.6429587482219062,0.0,1.286318758815233,-0.7405271828665584,0.39920358387257376,0.05200729927007496,-0.3845177664974619,0.7904967602591797,0.6274509803921573,-0.7089588377723978,0.5590230664857532,0.4179104477611932,-0.11834319526627228,0.3782287822878231,-0.4318488529014842,0.30248306997742663,-1.285
-0.6596596596596597,-0.3613550815558343,-0.19123505976095603,0.7316341829085461,-0.4219451371571076,0.45860597439544826,0.0,0.5021156558533146,0.06013179571663814,0.0886012941762075,2.608576642335768,0.684010152284264,-0.49676025917926575,0.4298039215686277,2.2740920096852277,0.6675712347354141,-0.009426551453260369,0.5207100591715975,-0.17712177121771194,1.1228070175438598,0.26185101580135434,-1.468
-0.6576576576576577,0.9786700125470521,0.026560424966799487,1.0994502748625696,-0.43391521197007515,0.5314366998577528,0.0,-0.5980253878702397,-0.3698517298187826,0.20009955201592844,1.907846715328468,0.24746192893401014,0.7516198704103676,0.38901960784313744,0.8154963680387392,0.1411126187245592,0.22623723487823977,-0.4082840236686391,0.693726937269373,1.0688259109311742,-0.07674943566591402,-1.304
-0.6556556556556556,-0.5420326223337517,-0.18592297476759612,-0.3938030984507748,0.326184538653366,-0.38918918918918893,0.0,-0.3215796897038082,-0.025535420098847295,-0.2717770034843203,-0.1395985401459842,-0.4352791878172589,-0.5917926565874733,-0.611764705882353,0.22082324455205773,-0.8412483039348716,-0.19167321288295477,-0.9822485207100592,-0.38745387453874536,0.01619433198380568,0.27990970654627534,-1.514
-0.6536536536536537,-1.2396486825595985,0.18592297476759612,0.6336831584207901,-0.25436408977556135,0.2662873399715506,0.0,0.7672778561354022,-0.7899505766062623,0.05276256844201135,-0.497262773722626,0.9860406091370558,-0.4319654427645789,-0.2603921568627451,-0.7147699757869249,0.8900949796472191,0.12254516889237921,-1.0591715976331362,-0.6476014760147601,0.3778677462887992,-0.6681715575620765,-1.49
-0.6516516516516516,-1.5608531994981183,-0.7702523240371846,-0.01599200399800102,0.42793017456359067,-0.3971550497866291,0.0,-0.5585331452750352,0.35502471169686955,-0.4270781483325037,0.7928832116788335,0.2779187817258883,-0.838012958963283,-0.27294117647058824,0.708958837772396,-1.0257801899592947,-0.6441476826394343,-0.4201183431952663,-0.7269372693726937,0.45344129554655904,0.05417607223476302,-1.547
-0.6496496496496497,-1.4705144291091594,-1.1527224435590966,-0.37781109445277383,0.35610972568578514,-0.35391180654338555,0.0,-0.27644569816643155,-0.2858319604612864,-0.5624688899950225,-0.26916058394160414,-0.11294416243654824,-0.7257019438444928,-0.14117647058823513,-0.013559322033899384,-1.3297150610583452,-0.7227022780832675,-0.0828402366863906,-0.2583025830258301,-0.15114709851551908,-0.07223476297968377,-1.48
-0.6476476476476476,1.2095357590966127,0.5577689243027887,0.0859570214892557,0.46384039900249346,-0.6270270270270274,0.0,0.11283497884344157,0.4555189456342666,-0.7038327526132404,-0.20894160583941532,0.1104060913705584,-0.5917926565874733,-0.9725490196078433,0.0019370460048415404,0.2550881953867032,-0.29222309505106026,1.165680473372781,-0.22693726937269376,-0.8151147098515513,-0.16704288939051906,-1.804
-0.6456456456456456,-0.27603513174403993,1.0571049136786188,1.1174412793603206,-0.8229426433915212,0.7704125177809391,0.0,0.33850493653032454,-0.8937397034596393,1.313091090094575,1.3330291970802937,0.3794416243654823,0.09503239740820746,1.1952941176470593,0.21501210653752967,-0.2333785617367704,1.1594658287509807,-0.18934911242603558,1.0350553505535058,-0.33468286099865013,-0.6704288939051917,-1.168
-0.6436436436436437,0.4416562107904648,0.3134130146082337,-2.3828085957021496,1.3795511221945131,-1.2096728307254625,0.0,-0.8688293370944992,1.5889621087314667,-1.0104529616724738,0.03558394160584076,-1.5088832487309642,1.4946004319654433,-0.0784313725490197,0.5811138014527838,-0.27137042062415173,-1.2788688138256084,-0.7455621301775147,0.3025830258302584,-0.5883940620782725,2.3340857787810387,-1.653
-0.6416416416416416,0.2409033877038899,0.44090305444887123,0.42578710644677686,0.6394014962593509,-0.5018492176386913,0.0,0.12411847672778573,-0.34843492586491126,-0.2180189148830263,-0.07025547445255308,1.1408629441624365,-1.4514038876889856,-0.7717647058823529,0.3835351089588366,1.2428765264586168,0.39277297721916643,-0.4674556213017752,-0.6014760147601474,-0.26450742240215885,-0.6907449209932277,-1.338
-0.6396396396396397,0.3513174404015061,0.29216467463479406,-0.9675162418790607,1.5990024937655851,-1.4236130867709824,0.0,-0.5246826516220027,1.4736408566721595,-1.6913887506222005,-0.2655109489051082,-0.2296954314720812,-0.4751619870410368,-1.1043137254901965,0.2924939467312343,0.6241519674355498,-1.2851531814611157,0.3195266272189348,-0.7822878228782287,-0.831309041835357,0.9029345372460496,-1.935
-0.6376376376376376,-0.17063989962358866,-0.9349269588313414,-0.06996501749125468,0.7311720698254358,-0.7806543385490756,0.0,-0.400564174894217,0.49505766062602946,-0.2777501244400199,0.07572992700730105,0.4987309644670051,-0.6868250539956807,-0.6243137254901961,0.16271186440677884,0.2985074626865676,-0.7792615868028283,0.3964497041420117,-1.188191881918819,-1.1282051282051277,0.18058690744921008,-1.416
-0.6356356356356356,-0.15056461731493118,0.6480743691899069,0.9275362318840582,-0.27231920199501247,0.6031294452347084,0.0,0.0789844851904091,-0.2331136738056026,0.01891488302638142,2.3895985401459865,1.232233502538071,-0.5053995680345573,-0.22588235294117642,1.4566585956416451,0.18995929443690662,0.47761194029850695,0.603550295857988,-0.22693726937269376,1.6734143049932524,0.11060948081264117,-1.439
-0.6336336336336337,1.1292346298619826,0.8339973439575032,0.1019490254872567,-0.481795511221945,0.46657183499288796,0.0,0.2933709449929479,0.07495881383854976,0.5803882528621208,-0.18339416058394042,-0.2144670050761421,0.5269978401727863,0.7498039215686277,-0.8096852300242129,0.33107191316146584,0.5561665357423401,1.195266272189349,0.9501845018450186,-0.22132253711201036,-0.1286681715575619,-1.456
-0.6316316316316316,0.07528230865746559,-0.40371845949535196,1.2773613193403306,-0.5017456359102244,0.3231863442389757,0.0,-0.12411847672778542,-0.7915980230642515,0.34146341463414687,0.9023722627737233,0.6459390862944162,0.1339092872570196,0.5992156862745103,0.333171912832929,0.4993215739484397,0.10054988216810688,-0.3372781065088758,0.13468634686346878,1.0256410256410258,-1.261851015801354,-1.485
-0.6296296296296297,-0.7427854454203267,-0.31872509960159356,1.0654672663668168,0.07880299251870294,0.17980085348506397,0.0,0.056417489421720785,-0.3039538714991779,0.27376804380288744,0.884124087591242,0.45304568527918776,-0.7904967602591793,0.3388235294117648,0.507506053268764,-0.645861601085482,0.39591516103692015,0.46745562130177504,-0.12915129151291485,0.26450742240215946,-0.9187358916478552,-1.458
-0.6276276276276276,0.16562107904642429,-0.5471447543160689,0.7916041979010495,-0.5556109725685787,0.8910384068278807,0.0,-1.1057827926657262,-0.9645799011532146,0.677949228471877,1.5538321167883222,0.03426395939086297,0.008639308855291588,0.602352941176471,0.6740920096852293,-0.42333785617367703,0.5655930871955998,-0.5857988165680473,0.9446494464944651,0.7233468286099864,-0.0654627539503384,-1.418
-0.6256256256256256,-0.8381430363864492,-0.5524568393094288,-0.1579210394802594,1.5112219451371562,-1.8002844950213375,0.0,-0.6149506346967559,1.0370675453047775,-1.4186162269785965,-0.08850364963503445,0.399746192893401,-0.5917926565874733,-1.4713725490196083,0.6799031476997575,-0.1628222523744914,-1.715632364493323,0.2189349112426034,-1.6678966789667897,-0.5290148448043183,-0.2799097065462752,-1.712
-0.6236236236236237,0.3513174404015061,-1.0199203187250991,-0.4357821089455273,-1.7725685785536156,1.6648648648648656,0.0,-0.32722143864598024,-1.5197693574958837,1.5699352911896471,0.20164233576642504,-0.48604060913705577,1.1792656587473007,1.3458823529411772,-0.6566585956416469,-0.5915875169606515,1.627651217596228,-0.0414201183431953,1.1217712177121775,0.7395411605937922,0.309255079006772,-1.213
-0.6216216216216216,1.1643663739021333,0.6746347941567065,1.1274362818590709,1.0463840399002484,-1.1118065433854916,0.0,0.4964739069111426,0.26112026359143226,-0.08860129417620706,0.2271897810218983,2.186548223350254,-0.838012958963283,-1.2988235294117654,1.0305084745762707,0.35278154681139806,-0.3236449332285944,0.32544378698224846,-1.07380073800738,0.03238866396761136,-1.3544018058690743,-1.401
-0.6196196196196196,-0.6323713927227104,0.15936254980079692,-0.3158420789605197,0.21047381546134641,-0.8421052631578952,0.0,-0.4231311706629053,0.6383855024711692,-0.3892483822797413,-0.04288321167883104,-0.45558375634517767,0.17710583153347753,-0.48000000000000026,0.6895883777239703,-0.4776119402985075,-0.7101335428122542,-0.4378698224852071,-0.3653136531365313,-1.2361673414304988,0.3363431151241535,-1.683
-0.6176176176176176,-0.2609786700125468,-0.3081009296148738,-0.41579210394802557,1.0164588528678298,-1.0901849217638697,0.0,-0.3610719322990124,1.1062602965403623,-0.948730711796914,0.7472627737226284,0.03172588832487312,-0.8941684665226783,-0.5615686274509805,1.3249394673123465,-0.021709633649932187,-0.9960722702278084,0.17751479289940827,-0.8726937269372692,-1.5222672064777325,0.8961625282167042,-1.552
-0.6156156156156156,1.5207026348808037,1.689243027888446,0.4537731134432782,-1.1501246882793015,1.7001422475106693,0.0,0.3046544428772921,-1.5428336079077456,0.7595818815331014,0.5045620437956212,0.47842639593908626,0.3196544276457882,1.1105882352941183,-1.0092009685230026,1.7476255088195396,1.822466614296935,0.7278106508875739,1.0479704797047973,1.9001349527665319,-0.5169300225733632,-1.25
-0.6136136136136137,-0.06022584692597247,-0.33466135458167323,-0.5297351324337835,-0.437905236907731,0.3186344238975817,0.0,-0.29901269393511987,-0.49176276771005106,0.6281732205077156,0.09397810218978242,-0.7220812182741115,-0.39740820734341253,0.34196078431372556,0.04067796610169471,-0.1953867028493897,0.496465043205027,0.13609467455621296,0.4797047970479706,-0.3292847503373816,0.381489841986456,-1.436
-0.6116116116116116,0.6072772898368886,0.7330677290836652,1.3193403298350832,-0.8229426433915212,0.6258890469416786,0.0,0.9139633286318761,-0.9332784184514021,0.5007466401194627,0.16149635036496474,-0.1256345177664975,-0.16846652267818596,1.1043137254901967,-0.2866828087167071,-0.8955223880597021,0.835820895522387,0.28402366863905315,1.1881918819188195,1.646423751686909,-1.383747178329571,-1.46
-0.6096096096096096,-0.040150564617314984,-0.037184594953519286,-0.22788605697151407,0.7112219451371564,-0.4904694167852065,0.0,0.28772919605077585,0.2462932454695221,-0.7356893977103037,0.05018248175182617,0.07233502538071065,-0.552915766738661,-0.5458823529411765,0.2886198547215495,0.5101763907734058,-0.06598586017282118,-0.6094674556213018,-0.2527675276752768,0.134952766531714,-0.029345372460496386,-1.71
-0.6076076076076076,0.3713927227101636,1.3864541832669321,0.3678160919540234,-0.1605985037406488,-0.16614509246088188,0.0,0.25952045133991547,0.1754530477759468,-0.006968641114982255,0.25273722627737316,-0.011421319796954325,-0.0691144708423327,0.07529411764705893,0.2111380145278449,-0.0705563093622796,-0.22623723487824046,-0.37278106508875747,0.023985239852398754,-0.4750337381916327,-0.10158013544018041,-1.581
-0.6056056056056056,-0.7026348808030116,-0.14873837981407714,0.22988505747126486,0.5276807980049868,-0.5302987197724044,0.0,-0.9760225669957686,0.5214168039538714,-0.6660029865604776,1.6031021897810231,1.1281725888324872,-0.16846652267818596,-0.3074509803921569,1.5728813559322012,0.8629579375848038,-0.22623723487824046,-1.0059171597633136,-0.6789667896678966,-0.26450742240215885,-0.02708803611738126,-1.708
-0.6036036036036037,-1.079046424090339,0.3399734395750332,0.6316841579210403,0.31022443890274254,-0.436984352773827,0.0,-0.29901269393511987,0.5313014827018124,-0.6699850671976105,0.9279197080291981,-0.24238578680203046,-0.9719222462203025,0.5647058823529416,0.9588377723970923,-1.2103120759837183,-1.0054988216810687,0.21301775147928978,-0.20664206642066402,0.6045883940620788,0.033860045146726886,-1.633
-0.6016016016016016,1.2898368883312428,0.2337317397078352,0.11194402798600712,-0.1745635910224441,0.40739687055476553,0.0,-0.9760225669957686,0.05848434925864894,0.10652065704330536,0.22901459854014708,0.19923857868020306,0.514038876889849,0.028235294117647095,-0.056174334140435635,-0.03256445047489828,0.4744697564807533,0.3195266272189348,0.4151291512915131,0.8744939271255061,-0.20993227990970645,-1.612
-0.5995995995995996,-1.8569636135508156,-1.3173970783532534,0.4657671164417794,-0.27431421446384063,0.451778093883357,0.0,-0.6657263751763046,-0.7520593080724887,-0.030861124937779694,-0.02645985401459684,0.399746192893401,0.004319654427645794,0.28549019607843173,-0.7767554479418887,0.0,0.07227022780832577,-0.8757396449704142,-0.3302583025830256,-0.3076923076923073,-0.6252821670428892,-1.544
-0.5975975975975976,-0.6373902132998748,0.4780876494023905,-0.8255872063968019,0.695261845386533,-0.3698435277382649,0.0,-0.2820874471086036,-0.2742998352553547,0.024888003982081,-0.6249999999999988,-0.19670050761421315,-1.0323974082073437,-0.8031372549019608,-0.23244552058111387,-0.46132971506105835,-0.6504320502749417,-1.0710059171597632,-0.8505535055350552,-0.30229419703103877,0.12866817155756216,-1.455
-0.5955955955955956,0.9987452948557096,0.6693227091633465,0.2918540729635181,0.3680798004987528,-0.756756756756757,0.0,-0.20874471086036658,1.2891268533772662,-0.6859133897461421,1.2253649635036512,0.03426395939086297,-0.05183585313174952,-0.5552941176470588,1.1719128329297805,0.6784260515603803,-0.6724273369992141,0.32544378698224846,-0.6143911439114391,-0.3778677462887986,0.839729119638826,-1.632
-0.5935935935935935,-0.6976160602258472,0.7968127490039839,0.47976011994003054,-0.7271820448877806,0.6327169274537698,0.0,0.13540197461212988,-1.1392092257001667,0.7117969138875068,0.6468978102189793,0.5926395939086294,-0.15982721382289436,1.1827450980392162,0.47651331719128215,0.5535956580732702,1.0871956009426542,-1.1242603550295858,0.5793357933579337,0.34547908232118785,-0.4108352144469524,-1.261
-0.5915915915915916,-0.005018820577164373,0.21248339973439562,0.07796101949025519,0.6872817955112213,-0.7453769559032722,0.0,-0.3667136812411845,0.8805601317957169,-1.16973618715779,1.132299270072994,-0.1586294416243654,-0.24190064794816443,0.1600000000000002,1.3462469733656155,-0.06512890094979656,-1.0086410054988217,-0.31952662721893493,-0.22878228782287804,-0.01079622132253712,0.5214446952595938,-1.752
-0.5895895895895896,-1.5207026348808033,-1.333333333333333,-0.1759120439780112,-0.13266832917705776,0.4620199146514939,0.0,-0.6770098730606489,-0.6202635914332792,0.2319561971129917,-0.6578467153284656,-1.1459390862944163,-0.32397408207343403,0.037647058823529464,-0.5656174334140437,-0.6295793758480328,1.172034564021994,0.08875739644970405,0.5590405904059043,-0.2968960863697702,-0.033860045146726636,-1.428
-0.5875875875875876,-1.1944792973651195,-0.11686586985391775,0.6736631684157927,0.5177057356608473,-0.23442389758179286,0.0,0.34414668547249666,-0.1919275123558491,-0.2877053260328519,0.35492700729927107,0.25,-1.321814254859612,-0.3231372549019609,0.7108958837772392,-1.058344640434193,-0.0942655145326009,0.08284023668639044,-0.4003690036900367,0.07017543859649128,-0.7449209932279908,-1.434
-0.5855855855855856,0.41656210790464293,1.4608233731739706,-0.03198400799600204,-1.3635910224438899,1.6011379800853491,0.0,0.10155148095909741,-0.8805601317957183,0.8432055749128924,0.10310218978102309,-0.29314720812182743,0.4319654427645789,1.0792156862745104,-1.0363196125907987,-0.41248303934871094,1.709347996857815,0.8106508875739645,1.1549815498154985,0.7341430499325236,0.04063205417607227,-1.254
-0.5835835835835835,-0.015056461731493118,-0.40371845949535196,0.5457271364317845,-0.7371571072319202,0.786344238975818,0.0,0.8067700987306066,-0.6532125205930823,0.34942757590841267,-0.6925182481751812,0.23730964467005075,0.043196544276457936,0.6086274509803926,-0.9723970944309925,0.4776119402985075,1.0903377847604072,1.1301775147928994,0.023985239852398754,0.912280701754386,-0.6907449209932277,-1.6
-0.5815815815815816,-0.19573400250940998,0.15405046480743703,1.0554722638680663,-1.0922693266832917,1.300711237553343,0.0,0.1805359661495065,-1.926688632619443,1.3768043802887016,1.0976277372262784,1.1459390862944163,-1.3736501079913614,0.7937254901960787,0.13753026634382506,-0.42333785617367703,1.1123330714846809,-0.5266272189349113,0.7583025830258304,2.7638326585695006,-0.9458239277652367,-1.146
-0.5795795795795796,0.6474278544542035,0.37184594953519257,0.06996501749125468,0.2623441396508726,-0.4825035561877673,0.0,1.4330042313117066,-0.005766062602966604,-0.05077152812344423,0.34215328467153444,0.6637055837563451,-0.7127429805615555,-0.2603921568627451,0.47457627118643886,-0.1411126187245592,-0.631578947368421,0.37278106508875736,-0.8597785977859779,-0.09176788124156492,-0.4288939051918734,-1.409
-0.5775775775775776,0.9937264742785452,-0.19123505976095603,0.6936531734132935,-0.5556109725685787,0.606543385490754,0.0,0.8913963328631878,-0.7537067545304794,0.518666002986561,0.4151459854014615,0.4631979695431472,-0.36717062634989195,0.49568627450980424,0.0019370460048415404,-0.30393487109905,-0.08169677926158754,0.11834319526627213,-0.5424354243542436,1.5870445344129556,-0.6636568848758463,-1.339
-0.5755755755755756,0.08030112923462997,0.40903054448871184,-1.005497251374313,-0.6793017456359105,0.7203413940256048,0.0,0.7785613540197464,-0.8476112026359167,0.4549527127924345,-0.37135036496350204,-0.013959390862944175,-0.09503239740820746,0.7247058823529414,-0.736077481840194,0.08683853459972875,1.4862529457973281,-0.3964497041420119,0.28044280442804437,0.46423751686909615,0.5733634311512414,-1.427
-0.5735735735735735,-0.4466750313676286,0.5843293492695881,-0.7336331834082961,-1.30573566084788,1.2825035561877673,0.0,1.8899858956276447,-0.9085667215815509,1.440517670482828,1.208941605839417,-0.2449238578680203,-0.5399568034557237,1.2831372549019615,0.333171912832929,1.1614654002713711,1.0274941084053404,-1.4556213017751478,0.5848708487084873,0.6153846153846159,1.1625282167042887,-1.228
-0.5715715715715716,1.375156838143037,0.14873837981407714,0.2478760619690158,1.0024937655860344,-0.9729729729729738,0.0,0.4964739069111426,0.8426688632619447,-1.297162767546043,0.2217153284671552,0.05710659898477155,-1.2699784017278624,-1.1482352941176475,0.6276029055690066,-0.5101763907734058,-1.2537313432835815,0.6627218934911241,-0.8062730627306272,-1.4251012145748982,0.05417607223476302,-1.634
-0.5695695695695696,-0.23086574654956057,-0.06905710491367867,-0.749625187406297,0.8568578553615952,-1.281365576102419,0.0,-1.0155148095909732,1.0189456342668861,-0.6480836236933798,-0.3038321167883197,-1.1281725888324872,0.5097192224622031,-0.7027450980392156,0.12397094430992739,-0.8521031207598377,-1.3637077769049488,0.029585798816567907,-0.38929889298892967,-0.3400809716599187,0.54176072234763,-1.704
-0.5675675675675675,0.7377666248431622,-0.5312084993359891,0.4577711144427789,0.507730673316708,-0.4870554765291608,0.0,-0.7390691114245413,0.6581548599670514,-1.0263812842210054,1.7910583941605847,0.3616751269035533,-0.16414686825054015,-1.0415686274509808,1.4992736077481832,-0.7761194029850751,-0.763550667714062,0.5976331360946744,-0.5959409594095941,-0.37246963562753005,-0.21670428893905183,-1.684
-0.5655655655655656,-0.2459222082810537,-0.8871181938911024,-0.701649175412294,-0.46783042394014973,0.4244665718349933,0.0,-0.5077574047954865,-0.4538714991762774,0.14435042309606774,-0.6760948905109477,-1.7220812182741116,-0.26781857451403873,0.22588235294117676,-0.83680387409201,-2.0895522388059713,0.35192458758837336,0.08875739644970405,0.9077490774907753,0.134952766531714,0.2573363431151243,-1.487
-0.5635635635635635,-0.1104140526976162,-0.3134130146082337,-1.6691654172913548,0.2364089775561093,-0.3266002844950214,0.0,-0.6544428772919605,0.6548599670510701,-0.39323046291687375,-0.10310218978101986,-2.267766497461929,0.12095032397408222,-0.4486274509803924,-0.22082324455205946,-0.4884667571234736,-0.307934014139828,-0.1656804733727811,0.5719557195571957,-0.5398110661268554,1.620767494356659,-1.481
-0.5615615615615616,0.336260978670013,-0.642762284196547,0.9555222388805604,-0.07680798004987568,-0.1126600284495024,0.0,-0.07898448519040879,-0.018945634266887553,0.31557989049278273,0.5720802919708035,0.5621827411167513,-0.34125269978401723,-0.276078431372549,0.9046004842615,-0.5101763907734058,0.17596229379418635,0.7751479289940828,-0.12915129151291485,1.3927125506072873,-0.9977426636568846,-1.551
-0.5595595595595596,-1.726474278544543,-1.0146082337317393,-0.5757121439280357,0.4738154613466329,-0.12517780938833561,0.0,-1.5684062059238366,0.0024711696869838063,-0.46291687406669985,-0.30930656934306444,0.18147208121827413,0.02591792656587476,-0.4705882352941179,-0.50363196125908,0.18453188602442358,0.1288295365278866,-0.5680473372781065,-0.2730627306273061,-0.35627530364372434,0.34988713318284426,-1.516
-0.5575575575575575,0.8230865746549566,0.4887118193891103,-1.663168415792104,-0.5715710723192021,0.6623044096728308,0.0,0.39492242595204535,0.18863261943986775,0.9367844698855157,-0.4753649635036487,-1.6281725888324872,0.5658747300215985,0.3105882352941177,-0.6314769975786931,0.4070556309362285,1.1563236449332277,-0.5798816568047337,1.0184501845018452,-0.4318488529014842,1.9548532731376973,-1.436
-0.5555555555555556,-0.6775407779171898,-1.0624169986719783,-0.8755622188905549,0.44788029925187,-0.25035561877667123,0.0,-0.7672778561354018,0.023887973640856628,-0.12643106022896944,-0.5173357664233562,-1.2423857868020303,-0.22462203023758126,0.34196078431372556,-0.46489104116222774,-0.8683853459972869,-0.28908091123330726,-0.5502958579881657,0.5018450184501846,-0.7881241565452086,0.5914221218961625,-1.574
-0.5535535535535535,0.025094102885821864,-0.2390438247011951,-0.1759120439780112,0.4578553615960094,-0.9274537695590335,0.0,0.29901269393512003,0.7438220757825368,-0.8193130910900948,-0.33120437956204174,0.6789340101522843,-0.5053995680345573,0.028235294117647095,0.6740920096852293,0.5101763907734058,-0.7509819324430486,1.1124260355029585,-0.8597785977859779,-1.004048582995951,-0.12189616252821654,-1.657
-0.5515515515515516,-0.38644918444165616,-0.14342629482071723,-1.3933033483258372,0.6354114713216951,-0.912660028449502,0.0,-0.7785613540197459,1.0420098846787482,-0.6361373817819811,-0.5355839416058383,-0.4302030456852792,0.5961123110151191,-0.35764705882352954,0.08716707021791749,0.7055630936227955,-0.6912804399057347,-0.3136094674556213,-0.28597785977859785,-0.32388663967611303,1.2325056433408579,-1.739
-0.5495495495495496,0.3513174404015061,0.7968127490039839,0.7256371814092956,-0.7331670822942644,0.669132290184922,0.0,-0.4231311706629053,-0.391268533772654,0.5047287207565956,0.6322992700729939,-0.31091370558375625,0.6436285097192228,0.6274509803921573,-0.2518159806295413,0.32021709633649975,0.8515318146111541,0.2958579881656804,0.8892988929889302,0.5344129554655874,-0.17381489841986444,-1.498
-0.5475475475475475,-0.3764115432873274,-1.0146082337317393,0.49775112443778147,1.2698254364089767,-0.9763869132290184,0.0,-2.0930888575458395,0.40774299835255334,-1.8586361373817826,-0.2728102189781001,1.0774111675126903,-1.3434125269978403,-1.7819607843137262,0.46682808716706925,-0.037991858887381325,-0.6849960722702274,-0.05917159763313614,-1.2029520295202951,-0.09716599190283348,-0.8442437923250562,-1.79
-0.5455455455455456,-0.4065244667503136,0.41434262948207173,0.3658170914542735,0.03491271820448846,-0.047795163584637076,0.0,0.16925246826516235,-0.5000000000000014,-0.3792931806869088,-0.2965328467153278,0.7855329949238579,-0.699784017278618,-0.15372549019607828,-0.4203389830508482,0.9497964721845326,-0.08169677926158754,-0.668639053254438,-0.5682656826568263,-0.07557354925775925,-0.4288939051918734,-1.557
-0.5435435435435435,-0.7578419071518198,-1.184594953519256,0.11994002998500763,0.25236907730673275,-0.26173541963015706,0.0,0.03385049365303247,0.0551894563426676,-0.0527625684420109,-0.14507299270072893,0.17385786802030456,0.017278617710583175,-0.3105882352941177,-0.21307506053268813,-0.6024423337856176,0.35192458758837336,-0.06508875739644976,-0.8191881918819188,-0.11875843454790772,-0.2212189616252821,-1.459
-0.5415415415415415,-0.6373902132998748,-0.19123505976095603,0.41179410294852575,0.39002493765585977,-0.6566145092460883,0.0,0.8744710860366716,-0.14909390444810638,-0.6022896963663515,-0.3166058394160563,0.5647208121827411,0.15982721382289436,-0.6243137254901961,-0.12784503631961391,0.4504748982360929,-0.4399057344854676,-0.3017751479289942,-1.188191881918819,-0.9014844804318484,-0.5778781038374716,-1.598
-0.5395395395395396,-0.31116687578419056,0.06905710491367867,0.571714142928536,-1.0284289276807979,0.6224751066856334,0.0,-0.22566995768688283,-0.3385502471169702,0.656047784967646,0.7180656934306576,-0.4911167512690355,0.7386609071274303,1.2956862745098046,0.35641646489103956,-0.40162822252374486,0.8860958366064404,0.20118343195266256,1.1365313653136535,1.1929824561403513,-0.060948081264108146,-1.462
-0.5375375375375375,0.045169385194479356,0.7702523240371845,-0.31184407796101987,1.062344139650872,-0.9137980085348509,0.0,0.09026798307475326,0.6762767710049429,-0.9547038327526132,0.1578467153284688,0.2956852791878173,-0.2894168466522677,-0.4768627450980395,0.4784503631961254,-0.06512890094979656,-0.3424980361351137,0.9349112426035501,-0.31365313653136523,-0.35627530364372434,0.16930022573363443,-1.665
-0.5355355355355356,0.843161856963614,1.7529880478087647,-0.9375312343828086,0.9645885286783035,-0.660028449502134,0.0,0.8011283497884345,0.42421746293245416,-0.5604778496764559,-0.7527372262773707,-0.5241116751269035,0.2548596112311018,-0.291764705882353,-0.2556900726392261,0.3853459972862963,-0.48703849175176805,0.0,-0.11070110701106982,0.17273954116059392,0.7426636568848759,-1.393
-0.5335335335335335,0.747804265997491,0.12217795484727764,-0.6976511744127938,-1.0104738154613466,1.2221906116642962,0.0,0.7447108603667139,-0.7322899505766081,0.8133399701343956,0.8494525547445263,-0.6738578680203045,0.9935205183585315,1.0415686274509808,-0.2866828087167071,0.20624151967435578,0.996072270227807,0.5562130177514792,0.822878228782288,0.4588394062078276,0.4672686230248308,-1.385
-0.5315315315315315,0.587202007528231,0.7808764940239042,-0.6376811594202899,0.8907730673316703,-0.6645803698435275,0.0,0.9139633286318761,1.4950576606260308,-0.8631159780985567,1.384124087591242,-0.04695431472081215,0.28077753779697656,-0.7372549019607846,1.1370460048426139,1.411126187245591,-0.3770620581304008,1.3372781065088755,-0.6992619926199263,0.1619433198380568,1.2167042889390518,-1.517
-0.5295295295295295,-1.4404015056461732,-2.316069057104913,-1.5952023988005999,1.4014962593516198,-1.3826458036984355,0.0,-1.449929478138223,1.5296540362438231,-1.4624191139870582,-0.45529197080291856,-1.8489847715736039,0.04751619870410373,-1.684705882352942,0.0058111380145263415,-1.9538670284938944,-1.5962293794186952,0.14201183431952658,-1.059040590405904,-1.2145748987854248,1.580135440180587,-1.829
-0.5275275275275275,1.4855708908406533,-0.2762284196547144,-0.9535232383808095,-0.3401496259351622,0.3436699857752491,0.0,-0.39492242595204485,0.3088962108731455,0.1383773021403686,-0.4279197080291965,-1.5672588832487306,0.8596112311015119,0.2415686274509807,-0.8987893462469736,-0.417910447761194,0.5184603299293,1.21301775147929,0.6328413284132843,0.1079622132253712,0.9819413092550787,-1.411
-0.5255255255255256,-0.10037641154328746,-0.6374501992031871,0.6456771614192904,1.311720698254363,-1.3189189189189192,0.0,-1.5458392101551484,0.6565074135090607,-1.7093081134892982,-0.3056569343065685,1.0215736040609136,-1.2095032397408212,-1.0886274509803922,0.8503631961259076,-0.8249660786974224,-0.6661429693637081,-0.1597633136094675,-0.9391143911439114,-0.8259109311740885,-1.0609480812641081,-2.007
-0.5235235235235235,0.1455457967377668,-1.0783532536520581,0.3318340829585207,0.31022443890274254,-0.5689900426742533,0.0,-0.33850493653032443,0.0799011532125203,-0.09059233449477329,-0.2271897810218967,0.2449238578680203,-0.3628509719222462,-0.3607843137254903,0.24213075060532674,-0.5753052917232023,-0.4619010212097413,1.1242603550295858,-0.46863468634686356,0.18353576248313105,-0.7065462753950337,-1.564
-0.5215215215215215,0.787954830614806,-0.07968127490039846,0.8995502248875569,0.17057356608478777,-0.11721194879089643,0.0,0.8970380818053599,-0.6532125205930823,0.0886012941762075,0.2655109489051114,1.267766497461929,-0.4146868250539957,-0.2541176470588235,0.30992736077481675,0.18453188602442358,0.01256873527101336,0.9289940828402364,-0.8044280442804428,-0.35627530364372434,-1.1060948081264106,-1.452
-0.5195195195195195,0.4065244667503142,-0.5312084993359891,-1.0474762618690658,-0.7391521197007481,0.5450924608819349,0.0,-0.6488011283497884,-0.10626029654036366,0.942757590841215,-0.041058394160582254,-0.47081218274111664,0.2894168466522682,0.0,-0.31573849878934657,-0.01628222523744914,-0.059701492537313806,0.11834319526627213,0.33025830258302596,-0.6531713900134951,1.0902934537246047,-1.316
-0.5175175175175175,-0.2609786700125468,-0.5258964143426292,-1.0754622688655675,1.5850374064837893,-1.1800853485064013,0.0,-0.37799717912552866,1.0024711696869852,-1.209556993529119,-0.5136861313868603,-0.31598984771573596,-1.1965442764578833,-1.402352941176471,0.34479418886198515,0.2442333785617371,-1.297721916732129,-0.6804733727810651,-1.188191881918819,0.42645074224021623,1.0428893905191874,-1.549
-0.5155155155155156,0.7277289836888334,-0.14873837981407714,-0.6316841579210394,-0.07680798004987568,0.24011379800853477,0.0,-0.40620592383638904,0.08319604612850016,-0.012941762070681836,-0.7527372262773707,-0.4276649746192894,0.4751619870410368,-0.04392156862745104,-1.022760290556901,-0.043419267299864374,-0.2168106834249815,0.4615384615384614,0.4963099630996311,0.04318488529014848,0.23476297968397308,-1.645
-0.5135135135135135,0.2409033877038899,0.37184594953519257,0.00799600199900051,0.5017456359102239,-0.7362731152204842,0.0,0.3272214386459804,0.6894563426688638,-0.2956694873071178,0.5483576642335773,0.4251269035532995,-0.7602591792656592,-0.5427450980392157,0.6837772397094422,0.043419267299864374,-0.942655145326002,0.5384615384615384,-0.5535055350553507,-0.8151147098515513,-0.05869074492099302,-1.445
-0.5115115115115115,0.2810539523212049,-0.09561752988047816,0.49775112443778147,-0.16658354114713236,0.05234708392603111,0.0,-0.11847672778561334,-0.7322899505766081,0.27974116475858657,-0.2709854014598529,-0.1738578680203045,0.08639308855291587,0.26352941176470623,-0.3602905569007269,-0.4884667571234736,-0.30164964650432063,0.3372781065088757,0.04243542435424379,0.9338731443994603,-0.8871331828442436,-1.332
-0.5095095095095095,-0.040150564617314984,0.4780876494023905,-0.9675162418790607,0.21845386533665814,0.41536273115220523,0.0,0.3779971791255291,-0.6911037891268544,-0.06271777003484294,-0.7636861313868603,0.7550761421319796,-0.38012958963282933,-0.6682352941176473,-0.784503631961259,0.7598371777476259,0.49018067556952033,-0.05917159763313614,-0.7435424354243544,0.269905533063428,0.18058690744921008,-1.401
-0.5075075075075075,1.0138017565872026,-0.7755644090305445,0.2438780609695151,1.1201995012468822,-0.6782361308677102,0.0,0.2425952045133994,0.8212520593080733,-0.7834743653558985,-0.44069343065693317,-0.1053299492385787,-0.2591792656587471,-1.0227450980392159,0.07554479418886136,-0.8303934871099056,-0.0628436763550668,0.7869822485207101,-0.03690036900369007,-0.7989203778677457,-0.009029345372460503,-1.625
-0.5055055055055055,-0.2459222082810537,0.7543160690571049,0.9755122438780612,0.09077306733167054,0.38008534850640135,0.0,0.677009873060649,-0.3879736408566727,0.5226480836236939,0.7764598540145993,0.039340101522842674,0.5442764578833695,0.1913725490196081,0.3002421307506039,0.09769335142469485,0.16653574234092597,-0.3136094674556213,-0.24354243542435408,0.3616734143049935,-0.8645598194130923,-1.445
-0.5035035035035035,-0.3462986198243412,-0.5630810092961486,0.9815092453773118,-0.39401496259351654,0.9137980085348509,0.0,-0.14668547249647373,-1.084843492586493,0.6002986560477853,0.9717153284671544,0.18401015228426398,0.9244060475161988,0.38274509803921586,0.04842615012106431,-1.291723202170964,1.058915946582874,0.757396449704142,0.3874538745387456,1.0526315789473686,-0.7900677200902932,-1.236
-0.5015015015015015,0.2810539523212049,0.20717131474103573,-0.18190904547726092,-0.6832917705735663,0.5519203413940257,0.0,-0.08462623413258087,-0.7388797364085677,0.7277252364360384,-0.17427007299269975,0.3870558375634518,0.552915766738661,0.28549019607843173,-0.46295399515738533,0.40162822252374547,0.8295365278868804,0.4023668639053253,0.34317343173431747,0.4750337381916333,-0.38600451467268604,-1.226
-0.4994994994994995,-0.1455457967377668,-0.956175298804781,0.9015492253873068,0.7351620947630917,-0.6076813655761024,0.0,-1.438645980253879,-0.163920922570018,-0.5206570433051267,0.46076642335766493,1.630710659898477,-2.34989200863931,-1.6596078431372556,0.8755447941888613,-1.1071913161465403,-0.8515318146111555,0.05917159763313598,-1.3560885608856088,0.01619433198380568,-1.3408577878103836,-1.527
-0.4974974974974975,-0.8933500627352572,-0.37184594953519257,-0.04797601199400305,-0.14663341645885306,-0.3709815078236128,0.0,0.08462623413258118,0.841021416803954,-0.026879044300646786,0.8895985401459866,-0.2804568527918782,0.6911447084233265,0.542745098039216,1.255205811138013,0.037991858887381325,-0.2513747054202672,0.378698224852071,-0.053505535055350405,0.14035087719298256,0.672686230248307,-1.651
-0.4954954954954955,-0.4366373902132999,0.05843293492695888,-0.5797101449275365,-0.0329177057356612,-0.02731152204836419,0.0,-0.6149506346967559,0.22322899505766006,-0.07466401194624167,-0.2819343065693424,-0.8464467005076142,0.1425485961123112,-0.35764705882352954,-0.5016949152542376,-0.1736770691994575,-0.08798114689709352,-0.5384615384615385,-0.06457564575645743,-0.7449392712550601,0.7742663656884876,-1.574
-0.4934934934934935,-1.294855708908407,-0.13280212483399745,-0.6056971514242879,-0.05087281795511236,0.14110953058321496,0.0,-0.236953455571227,0.5477759472817133,-0.10054753608760578,0.6104014598540166,-0.833756345177665,0.3023758099352051,-0.3168627450980393,0.4978208232445511,-0.5807327001356853,-0.0942655145326009,-0.591715976331361,0.009225092250922724,0.8097165991902834,0.6072234762979684,-1.632
-0.4914914914914915,-0.9435382685069009,0.38247011952191234,0.5497251374312844,-1.0822942643391522,0.9661450924608825,0.0,0.4062059238363895,-0.5098846787479425,0.8232951717272279,1.6213503649635044,-0.41243654822335024,-0.5701943844492443,1.185882352941177,0.5733656174334125,0.01628222523744914,0.8766692851531808,0.05325443786982236,0.8007380073800741,0.7611336032388664,0.3544018058690745,-1.298
-0.4894894894894895,0.5520702634880804,0.5152722443559095,0.47176411794103,0.030922693266832602,-0.07169274537695612,0.0,0.04513399153737663,0.3484349258649084,0.07665505226480879,0.781934306569344,0.2626903553299493,0.39740820734341253,-0.21647058823529405,0.8794188861985461,0.9389416553595665,-0.3362136684996077,1.183431952662722,-0.2749077490774908,0.269905533063428,0.1376975169300227,-1.415
-0.4874874874874875,-0.8331242158092848,0.8871181938911021,0.04597701149425315,0.6892768079800494,-0.19687055476529172,0.0,-0.41748942172073317,-0.1573311367380568,-0.4808362369337977,0.5173357664233594,-0.1687817258883248,-0.898488120950324,-0.6807843137254904,0.8949152542372871,-0.2876526458616009,-0.41476826394344085,-1.437869822485207,-0.21033210332103303,-0.1727395411605933,-0.018058690744921006,-1.707
-0.4854854854854855,0.3663739021329992,0.21248339973439562,0.019990004997501715,-0.9526184538653366,0.9638691322901852,0.0,0.13540197461212988,-0.8163097199341043,0.5385764061722255,-0.46624087591240804,-0.399746192893401,0.57451403887689,0.18509803921568652,-1.1254237288135593,0.027137042062415233,0.7478397486252936,0.08284023668639044,0.4409594095940962,1.2091767881241569,-0.36568848758465,-1.4
-0.48348348348348347,0.30112923462986235,-0.5790172642762282,-1.085457271364318,0.5596009975062337,-0.3436699857752486,0.0,-0.3159379407616361,0.5296540362438218,-0.3952215032354404,-0.5812043795620425,-0.6662436548223348,-0.6090712742980564,-0.02196078431372552,-0.12397094430992739,-0.0705563093622796,-0.23566378633150084,-0.5384615384615385,0.2878228782287824,-0.879892037786774,1.1557562076749437,-1.602
-0.48148148148148145,0.8180677540777922,1.3705179282868525,0.07996001999000509,0.21645885286782998,0.061450924608819166,0.0,0.10155148095909741,0.11285008237232194,-0.13240418118466904,0.9698905109489055,0.4987309644670051,-0.11231101511879063,-0.5741176470588236,0.9394673123486666,0.06512890094979656,0.42733699921445356,-0.7396449704142012,0.1457564575645758,-0.188933873144399,-0.009029345372460503,-1.572
-0.4794794794794795,-0.12045169385194494,-0.10624169986719795,0.9855072463768116,-0.48778054862842907,0.43243243243243246,0.0,-0.8744710860366712,-0.4390444810543673,0.5943255350920862,1.5629562043795628,0.9225888324873097,1.14902807775378,0.5301960784313728,0.9200968523002409,0.7381275440976938,-0.0628436763550668,0.28402366863905315,-0.45756457564575653,0.02159244264507424,-0.659142212189616,-1.439
-0.4774774774774775,-0.9535759096612297,-1.7529880478087645,-0.8115942028985508,0.2683291770573562,-0.28790896159317236,0.0,-1.3370944992947813,0.9744645799011542,-0.4947735191637631,0.9187956204379575,0.0012690355329949248,-0.44060475161987045,-0.276078431372549,1.0246973365617424,0.5210312075983718,0.1256873527101336,0.8284023668639053,-0.31734317343173424,-1.3009446693657214,1.2799097065462754,-1.522
-0.4754754754754755,-0.18067754077791742,-0.4993359893758298,-0.553723138430785,-0.06683291770573581,-0.00341394025604565,0.0,-0.7785613540197459,0.3797364085667208,-0.12244897959183655,0.5684306569343075,-0.9276649746192891,-0.6738660907127433,0.11921568627450996,0.44164648910411547,-0.5807327001356853,0.6032992930086398,0.7159763313609466,0.6863468634686349,0.7611336032388664,1.0338600451467268,-1.48
-0.47347347347347346,-0.39648682559598486,-0.16998671978751642,-0.2558720639680163,-1.0324189526184537,0.7647226173541968,0.0,0.4964739069111426,-0.9349258649093928,0.8870084619213544,-0.09215328467153201,-0.20685279187817254,1.6501079913606918,0.7592156862745101,-0.37384987893462546,-0.26051560379918565,0.7007069913589937,-0.455621301775148,0.46678966789667925,0.25910931174089086,0.033860045146726886,-1.263
-0.47147147147147145,0.587202007528231,-0.03187250996015938,-1.7251374312843584,-0.6314214463840401,0.5485064011379805,0.0,0.1805359661495065,-0.0782537067545311,1.2891986062717775,-0.07390510948904903,-1.6129441624365481,0.8164146868250545,0.5898039215686278,-0.9995157384987896,-0.04884667571234742,1.3637077769049475,0.982248520710059,1.4464944649446496,-0.8043184885290142,1.4018058690744921,-1.322
-0.4694694694694695,-0.6825595984943541,-0.32934926958831334,-0.3318340829585207,0.47581047381546104,-0.4483641536273118,0.0,-0.41748942172073317,0.8657331136738052,-0.4569437531110003,-0.4297445255474437,-0.44796954314720816,0.0691144708423327,0.0031372549019607885,-0.06392251815980696,0.42333785617367764,-0.6504320502749417,0.21301775147928978,-0.1476014760147599,-0.0269905533063428,0.5282167042889392,-1.863
-0.4674674674674675,-0.6022584692597241,-2.294820717131474,-0.31984007996002034,0.38802992518703205,-0.5166429587482217,0.0,-1.4668547249647392,0.9612850082372332,-0.5425584868093579,0.04835766423357739,-1.486040609137056,0.0691144708423327,-0.276078431372549,0.23631961259079867,-2.1004070556309373,-0.5341712490180685,0.04733727810650875,-0.1974169741697417,0.0539811066126856,0.8261851015801354,-1.637
-0.46546546546546547,0.23086574654956113,0.29216467463479406,1.809095452273864,0.4658354114713211,-0.6349928876244666,0.0,0.22002820874471107,0.3533772652388789,-1.0960676953708315,2.900547445255476,0.5393401015228426,-0.699784017278618,-0.16313725490196065,2.613075060532685,-0.955223880597015,-1.046347211311862,-0.5562130177514794,-0.7250922509225094,-0.4156545209176785,-0.4717832957110608,-1.849
-0.46346346346346345,0.923462986198244,-0.3399734395750332,-1.9570214892553726,1.1700748129675802,-0.7954480796586061,0.0,1.2073342736248238,1.6054365733113691,-0.4907914385266302,-0.29105839416058304,-0.6916243654822334,0.36717062634989195,-0.6745098039215688,0.36997578692493893,-0.9769335142469472,-0.7572663000785546,0.8994082840236683,-0.9151291512915131,0.6207827260458844,1.9119638826185101,-1.562
-0.46146146146146144,-0.29109159347553304,-0.5152722443559095,-0.5097451274362818,0.44389027431421413,-0.2924608819345659,0.0,-1.6925246826516218,0.13097199341021343,-0.9029367844698853,-0.4242700729926989,-0.22715736040609136,-0.31533477321814246,-0.583529411764706,-0.30992736077481847,-0.5210312075983718,-0.26080125687352756,-1.21301775147929,-0.28413284132841315,-0.7449392712550601,0.6117381489841986,-1.806
-0.4594594594594595,-0.1907151819322456,-0.2018592297476758,-0.44977511244377844,0.2802992518703238,-0.252631578947369,0.0,0.7052186177715094,0.40115321252059216,0.44101543056246906,-0.2509124087591228,-1.1281725888324872,0.8725701943844494,-1.0886274509803922,-0.0038740920096865215,-2.0189959294436908,0.2827965435977999,0.17159763313609466,-0.3597785977859776,0.06477732793522271,0.5124153498871333,-1.534
-0.4574574574574575,0.6424090338770392,1.9601593625498004,0.15592203898051038,-0.5875311720698256,1.0503556187766718,0.0,2.1664315937940763,-1.3500823723229018,1.0084619213539079,0.32572992700730025,0.8007614213197969,0.47084233261339103,0.395294117647059,-0.5888619854721551,2.2360922659430136,0.637863315003927,0.03550295857988152,-0.007380073800738015,1.2037786774628882,-0.04966139954853252,-1.087
-0.45545545545545546,-0.6825595984943541,-1.1633466135458164,2.002998500749626,-0.1306733167082296,-0.06372688477951644,0.0,-0.998589562764457,-0.9975288303130162,-0.12842210054753614,1.2071167883211698,1.6738578680203045,-0.8639308855291578,0.3388235294117648,1.047941888619853,0.6947082767978294,-0.42419481539670123,0.6331360946745561,-0.35793357933579334,0.9068825910931175,-1.8126410835214444,-1.496
-0.45345345345345345,0.0552070263488081,-0.026560424966799487,-1.3013493253373318,-0.3421446384039903,-0.07738264580369852,0.0,0.14104372355430198,0.4126853377265239,0.25983076157292206,-0.546532846715327,-0.6763959390862943,0.4017278617710583,0.618039215686275,0.0,0.5753052917232023,0.42419481539669984,-0.6627218934911243,0.4797047970479706,0.04318488529014848,1.3340857787810383,-1.567
-0.45145145145145144,-0.10539523212045182,0.010624169986719795,-0.11794102948525684,0.5695760598503736,-0.4813655761024184,0.0,-0.050775740479548394,0.3072487644151563,-0.40915878546540535,0.327554744525549,0.12309644670050765,-0.9244060475161988,-0.21647058823529405,0.3234866828087162,-0.18453188602442358,-0.9897879025923024,-0.3372781065088758,-0.4095940959409594,0.3616734143049935,0.42212189616252827,-1.574
-0.4494494494494494,0.6875784190715185,0.2602921646746347,1.027486256871565,1.0104738154613462,-0.4654338549075391,0.0,-0.1523272214386458,-0.18533772652388936,-0.2777501244400199,1.0465328467153303,0.7220812182741115,-0.8596112311015119,-0.5458823529411765,0.8368038740920082,-0.09769335142469485,-0.38648860958366116,0.2189349112426034,-0.38929889298892967,-0.37246963562753005,-0.6478555304740405,-1.426
-0.44744744744744747,0.2910915934755336,-0.7171314741035856,0.9575212393803103,1.0044887780548621,-1.20398293029872,0.0,-0.6657263751763046,0.3369028006589781,-0.5505226480836238,0.2983576642335782,0.5977157360406091,-1.2915766738660908,-0.8376470588235299,0.8038740920096848,-1.5848032564450478,-1.517674783974862,1.3136094674556211,-0.7453874538745386,-0.15114709851551908,-1.3250564334085777,-1.622
-0.44544544544544545,0.2659974905897117,-0.010624169986719795,-0.07796101949025519,0.6493765586034909,-0.7055476529160744,0.0,0.2538787023977435,0.7734761120263586,-0.5126928820308609,0.8056569343065701,0.21700507614213196,-0.24622030237580975,-0.5113725490196078,1.1215496368038729,0.23337856173677102,-0.13825608798114697,-0.28994082840236696,-0.39114391143911437,0.0809716599190284,0.27990970654627534,-1.508
-0.44344344344344344,0.05018820577164373,0.07968127490039846,0.013993003498251113,-0.13466334164588548,0.17069701280227592,0.0,-0.20310296191819452,-0.07660626029654188,0.39123942259830796,1.5374087591240895,0.024111675126903574,0.1339092872570196,0.3984313725490198,0.9007263922518152,0.010854816824966093,0.3770620581304001,0.09467455621301767,0.2878228782287824,-0.29149797570850167,0.5124153498871333,-1.372
-0.44144144144144143,1.239648682559599,0.10092961487383806,0.16191904047976008,-0.4179551122194517,-0.045519203413940314,0.0,-0.784203102961918,0.0815485996705095,-0.2817322050771528,-0.06295620437956119,-0.1408629441624366,-0.0691144708423327,0.2509803921568631,0.11428571428571281,0.18453188602442358,-0.9835035349567951,0.3372781065088757,-0.009225092250922313,-0.4966261808367069,-0.3386004514672685,-1.766
-0.4394394394394394,-0.4165621079046424,0.11686586985391775,0.5557221389305349,-0.8588528678304238,0.9137980085348509,0.0,0.3328631875881525,-1.1062602965403643,0.8770532603285222,0.884124087591242,0.4505076142131979,-0.35421166306695456,0.6086274509803926,-0.06004842615012216,-0.49389416553595666,0.8232521602513737,-0.02958579881656807,0.35977859778597804,1.8407557354925772,-0.5259593679458237,-1.173
-0.43743743743743746,0.19573400250941053,-0.037184594953519286,0.03198400799600204,0.1087281795511217,-0.5075391180654337,0.0,-0.11847672778561334,-0.13261943986820557,0.15032354405176734,0.15054744525547528,0.32614213197969544,-0.7602591792656592,0.3168627450980393,0.26924939467312203,0.24966078697422014,-0.446190102120975,0.1124260355029585,0.018450184501845036,0.05937921727395416,-0.16027088036117368,-1.361
-0.43543543543543545,0.7126725219573403,0.6055776892430278,0.38780609695152424,-1.4254364089775557,1.1243243243243246,0.0,-0.1748942172073341,-1.7388797364085693,1.3768043802887016,-0.3494525547445247,0.0697969543147208,-0.4103671706263499,1.2956862745098046,-0.7108958837772401,-0.5807327001356853,1.7973291437549084,0.9526627218934909,1.333948339483395,0.1889338731443996,-1.1647855530474036,-1.208
-0.43343343343343343,-0.2860727728983687,-0.4940239043824699,0.7916041979010495,2.0159600997506226,-1.6773826458036993,0.0,0.24823695345557145,1.140856672158156,-1.6495769039323052,0.23996350364963656,1.1713197969543148,-1.5377969762419015,-1.725490196078432,1.1079903147699752,0.03256445047489828,-1.6370777690494898,-0.41420118343195267,-1.6955719557195574,0.6855600539811065,-0.4559819413092549,-1.835
-0.4314314314314314,0.12045169385194494,-0.8233731739707836,-0.8915542228885559,0.7850374064837897,-0.8045519203413941,0.0,-0.19746121297602243,1.5444810543657335,-0.5584868093578896,0.42791970802919815,-0.8388324873096447,-0.5701943844492443,-0.969411764705883,1.0866828087167062,-0.03256445047489828,-0.7729772191673209,0.3846153846153846,-0.5940959409594094,-0.545209176788124,1.6839729119638827,-1.688
-0.4294294294294294,-0.16060225846925993,0.38247011952191234,-0.20589705147426243,-0.41596009975062354,0.6839260312944525,0.0,0.3554301833568408,-1.5560131795716665,0.677949228471877,-0.6177007299270061,0.38197969543147214,0.7127429805615555,0.41098039215686294,-0.9181598062953993,0.06512890094979656,0.8483896307934004,-1.289940828402367,-0.009225092250922313,1.1390013495276656,-0.6365688487584649,-1.109
-0.42742742742742745,2.233375156838144,1.795484727755644,-0.9375312343828086,1.0164588528678298,-0.9980085348506402,0.0,0.36107193229901285,1.0733113673805605,-0.8670980587356897,0.0045620437956211506,-0.2296954314720812,-0.8898488120950325,-1.3741176470588243,0.6043583535108943,0.9497964721845326,-1.1940298507462692,-0.24260355029585803,-0.6826568265682655,-0.4966261808367069,1.0338600451467268,-1.551
-0.42542542542542544,-0.331242158092848,0.15936254980079692,-0.9055472263868065,-1.1221945137157106,1.2984352773826462,0.0,-0.3215796897038082,-1.7883031301482732,1.4385266301642614,-0.13594890510948826,-1.699238578680203,0.11231101511879063,1.2768627450980399,-0.8096852300242129,-1.8995929443690645,1.3919874312647278,-1.4437869822485205,1.7214022140221406,0.8582995951417004,0.6862302483069977,-1.088
-0.42342342342342343,-0.06022584692597247,0.26560424966799456,0.5097451274362818,0.4239401496259348,-0.6213371266002851,0.0,-0.016925246826515923,1.280889621087316,-0.8790443006470884,1.3166058394160596,0.5824873096446701,0.6781857451403891,-0.4611764705882355,1.4062953995157377,0.010854816824966093,-0.38334642576590816,-0.2840236686390533,-0.7103321033210334,-0.869095816464237,0.5553047404063205,-1.708
-0.4214214214214214,-0.6474278544542035,-0.589641434262948,0.02598700649675143,-1.0244389027431422,0.9866287339971553,0.0,-0.11283497884344126,-0.7059308072487661,0.8292682926829272,0.45894160583941773,0.5824873096446701,0.49244060475162,1.2047058823529417,-0.07167070217917657,1.4328358208955232,0.7509819324430472,0.7100591715976331,0.4391143911439117,1.3981106612685559,0.19413092550790081,-1.508
-0.4194194194194194,0.3111668757841911,-0.02124833997343959,2.054972513743129,-0.691271820448878,0.7078236130867711,0.0,0.14668547249647404,-1.8739703459637593,1.0502737680438032,1.1359489051094898,2.168781725888325,-1.14902807775378,0.4925490196078434,0.3215496368038729,0.347354138398915,1.1468970934799674,-0.26035502958579887,-0.2011070110701107,1.7058029689608638,-2.0474040632054176,-1.157
-0.4174174174174174,0.336260978670013,0.9561752988047807,1.8130934532733638,-0.28827930174563593,0.3914651493598862,0.0,0.7165021156558535,-1.7866556836902832,0.09656545545047332,-0.2636861313868594,1.765228426395939,-1.2829373650107991,0.5521568627450985,-1.0130750605326873,0.26594301221166927,0.5498821681068334,0.14201183431952658,-0.17343173431734293,1.1120107962213228,-2.5395033860045144,-1.395
-0.41541541541541543,-1.7967377666248432,-0.5683930942895085,0.7196401799100449,1.184039900249376,-1.0139402560455195,0.0,0.7616361071932302,0.831136738056013,-1.4664011946241915,1.6815693430656948,0.8845177664974619,-1.0323974082073437,-0.7874509803921572,1.7820823244552046,-0.3147896879240161,-0.8860958366064412,-0.4378698224852071,-1.3542435424354244,-1.7651821862348174,0.27765237020316025,-1.655
-0.4134134134134134,0.2007528230865749,0.7224435590969455,1.2533733133433291,0.7491271820448874,-0.8637268847795171,0.0,0.3554301833568408,-0.28253706754530655,-0.4649079143852661,-0.6760948905109477,1.2829949238578682,-1.1447084233261338,-0.14117647058823513,0.03874092009685145,0.07598371777476265,-0.8641005498821688,-0.7928994082840236,-0.6955719557195573,0.5614035087719302,-1.5756207674943563,-1.565
-0.4114114114114114,0.6022584692597241,-0.4833997343957501,0.16191904047976008,1.7665835411471313,-1.5977240398293033,0.0,-1.167842031029619,0.8607907742998347,-1.7093081134892982,-0.7527372262773707,0.6865482233502538,-0.09071274298056166,-1.2894117647058827,0.31186440677966004,-0.5535956580732702,-1.187745483110762,0.25443786982248506,-0.8819188191881919,0.10256410256410264,-0.7765237020316026,-1.758
-0.4094094094094094,-0.22082810539523184,-1.1899070385126158,-0.5677161419290353,0.3421446384039894,-0.8637268847795171,0.0,-0.8801128349788433,1.3566721581548602,-0.8193130910900948,0.281934306569344,-0.815989847715736,0.44492440604751626,-0.5050980392156862,0.4203389830508465,-0.7815468113975581,-0.4681853888452473,0.5443786982248521,0.038745387453874784,-0.2968960863697702,0.9097065462753949,-1.638
-0.4074074074074074,-1.335006273525722,0.38247011952191234,-0.717641179410295,-0.26433915211970077,0.32773826458036975,0.0,0.5923836389280679,-1.010708401976938,0.4091587854654058,-0.08485401459853849,-1.046954314720812,-0.47084233261339103,-0.09098039215686286,-0.20145278450363202,0.21166892808683882,0.17282010997643266,-1.3964497041420119,-0.17343173431734293,0.9824561403508774,0.4920993227990972,-1.291
-0.40540540540540543,0.8933500627352577,-0.2815405046480743,0.05797101449275347,0.08478802992518653,-0.07055476529160723,0.0,-0.2933709449929478,0.28747940691927415,-0.0527625684420109,0.5666058394160604,0.5621827411167513,-0.38012958963282933,-0.5458823529411765,0.5753026634382558,-0.6024423337856176,-0.040848389630794464,0.8106508875739645,-0.570110701107011,0.766531713900135,0.056433408577878146,-1.455
-0.4034034034034034,-0.7026348808030116,0.10624169986719795,-1.1594202898550725,1.0044887780548621,-1.0526315789473686,0.0,-1.4047954866008463,1.0123558484349264,-0.8810353409656546,0.09032846715328646,-0.5850253807106599,-0.8336933045356372,-1.151372549019608,0.8484261501210643,-0.054274084124830466,-0.628436763550668,-0.47337278106508884,-0.3321033210332103,0.269905533063428,1.0880361173814899,-1.65
-0.4014014014014014,0.24592220828105427,-0.01593625498007969,-0.06396801599200408,-0.6832917705735663,0.34139402560455184,0.0,-0.03949224259520424,-0.7207578253706777,0.2020905923344951,-0.4899635036496333,0.9022842639593909,-0.1987041036717065,1.141960784313726,-0.47457627118644147,1.785617367706921,0.04713275726629905,0.029585798816567907,0.70479704797048,0.3994601889338734,-0.013544018058690755,-1.25
-0.3993993993993994,0.9987452948557096,1.2217795484727754,-0.5097451274362818,-0.6952618453865339,0.291322901849218,0.0,0.7447108603667139,-0.40609555189456414,0.28173220507715324,-0.4041970802919688,-0.26776649746192893,-0.7732181425485966,0.48000000000000026,-0.6450363196125908,0.7381275440976938,0.6912804399057334,-0.7692307692307692,0.5295202952029522,-1.0850202429149793,0.2189616252821672,-1.464
-0.3973973973973974,-0.015056461731493118,-0.7436918990703851,0.023988005997001526,0.6134663341645881,-0.5234708392603131,0.0,-0.7277856135401972,0.46210873146622633,-0.6062717770034844,-0.6815693430656925,0.5393401015228426,0.9546436285097194,-0.7341176470588234,-0.5714285714285718,0.5807327001356853,-0.11311861743912023,0.20118343195266256,-0.2011070110701107,-0.9068825910931169,-0.3724604966139954,-1.584
-0.3953953953953954,0.16060225846925993,-0.7171314741035856,0.2678660669665166,0.8089775561097249,-0.3357041251778094,0.0,-1.167842031029619,0.9316309719934099,-0.2060726729716276,1.6815693430656948,1.2296954314720814,-0.38012958963282933,-0.894117647058824,2.01646489104116,-0.2550881953867026,0.009426551453258974,0.9289940828402364,-0.5996309963099631,1.0742240215924428,1.0541760722347628,-1.542
-0.3933933933933934,-0.787954830614806,-2.353253652058432,0.7296351824087962,0.9047381546134655,-0.805689900426743,0.0,-0.6657263751763046,0.17051070840197627,-0.3892483822797413,0.42062043795620624,0.6408629441624365,-1.6803455723542122,-0.523921568627451,0.9782082324455198,-1.416553595658074,-0.9646504320502757,0.46745562130177504,-0.6992619926199263,0.5020242914979761,-1.006772009029345,-1.532
-0.3913913913913914,-1.7013801756587206,-2.1088977423638777,-1.8970514742628688,0.09276807980049824,-0.061450924608819166,0.0,-1.3427362482369534,0.05024711696869706,-0.3315082130413139,-0.46259124087591047,-2.2093908629441623,0.23326133909287286,0.10039215686274523,-0.3622276029055693,-1.7476255088195392,-0.24823252160251422,-0.3846153846153847,0.3911439114391146,0.0269905533063428,1.3724604966139953,-1.547
-0.3893893893893894,0.4065244667503142,0.9083665338645418,-0.8615692153923037,1.2518703241895255,-1.3951635846372692,0.0,0.6713681241184769,1.4621087314662278,-1.3111000497760081,0.11405109489051256,0.5824873096446701,-0.3326133909287256,-1.0384313725490202,0.7476997578692475,1.0366350067842611,-1.9104477611940294,0.1893491124260355,-1.2878228782287824,-0.4480431848852899,0.9503386004514672,-1.629
-0.38738738738738737,-0.38644918444165616,-0.7171314741035856,-1.7351324337831087,0.7890274314214456,-0.7749644381223332,0.0,-0.0056417489421720785,1.509884678747941,-0.9865604778496764,0.13594890510948987,-2.041878172588832,0.7343412526997845,-0.5960784313725491,0.1472154963680379,-0.32021709633649914,-0.9772191673212891,-0.28994082840236696,-0.199261992619926,-0.9878542510121453,1.875846501128668,-1.766
-0.38538538538538536,1.239648682559599,0.49933598937583007,-2.23288355822089,-1.5531172069825434,1.3598862019914655,0.0,0.03949224259520455,-0.3023064250411872,1.273270283723246,-0.011861313868611426,-1.8591370558375633,0.2548596112311018,1.2486274509803927,-0.8445520581113803,-0.41248303934871094,1.0180675569520807,0.982248520710059,2.0276752767527677,0.1889338731443996,1.9209932279909705,-1.104
-0.3833833833833834,0.9335006273525728,0.2231075697211154,0.6056971514242879,-0.3820448877805489,0.012517780938833711,0.0,0.10155148095909741,-0.40609555189456414,0.3056246888999507,0.46076642335766493,-0.10279187817258885,-0.49244060475162,0.6588235294117653,0.27506053268765013,-0.027137042062415233,-0.24509033778476122,0.04142011834319514,0.5221402214022142,-0.3940620782726043,-0.38600451467268604,-1.455
-0.3813813813813814,-0.15056461731493118,-0.5577689243027887,-1.2233883058470765,-0.024937655860349472,0.022759601706970157,0.0,-1.0437235543018335,0.3879736408566712,-0.08860129417620706,-0.7016423357664218,-1.313451776649746,0.18142548596112332,-0.05647058823529419,-0.7012106537530273,-1.7964721845318867,-0.15082482325216032,-0.011834319526627229,0.7509225092250924,0.25910931174089086,1.0677200902934536,-1.526
-0.3793793793793794,-0.5922208281053954,-0.6640106241699866,-0.10594702648675652,0.04688279301745605,0.11721194879089643,0.0,0.3328631875881525,-0.1210873146622738,-0.16027874564459893,-0.3804744525547427,-0.5697969543147208,0.9287257019438446,0.3137254901960785,-1.0130750605326873,-0.9280868385345998,-0.1853888452474474,-0.9171597633136096,-0.07933579335793346,0.03778677462887992,0.009029345372460503,-1.426
-0.37737737737737737,-0.7126725219573403,0.18061088977423653,-0.05197401299350286,-0.4518703241895263,0.4995732574679945,0.0,0.06205923836389286,-0.11779242174629394,0.0049776007964164645,0.7910583941605847,-0.7601522842639593,0.3758099352051836,0.8407843137254906,0.3254237288135577,0.1411126187245592,0.15082482325215962,-0.13017751479289943,0.46309963099631024,0.4966261808367075,0.49887133182844257,-1.613
-0.37537537537537535,1.043914680050189,1.285524568393094,0.7376311844077967,-1.2359102244389026,1.2597439544807973,0.0,1.3088857545839212,-1.3336079077430003,2.0955699352911905,-0.4187956204379542,0.45812182741116747,-0.17710583153347753,0.6870588235294119,-1.0460048426150124,1.0637720488466762,1.407698350353494,2.2011834319526624,0.5166051660516606,0.1457489878542511,-1.2031602708803608,-1.159
-0.3733733733733734,-0.8582183186951066,-0.7330677290836652,0.4337831084457774,0.9685785536159593,-0.8921763869132291,0.0,0.8124118476727787,0.6301482701812188,-1.0801393728222999,0.04835766423357739,0.24238578680203046,0.3023758099352051,-1.370980392156863,0.3002421307506039,-1.2700135685210316,-0.4273369992144542,-0.5502958579881657,-0.8874538745387452,0.9500674763832659,-0.5079006772009028,-1.815
-0.3713713713713714,-1.0489335006273528,-0.7543160690571049,-0.3558220889555222,0.5017456359102239,-0.3482219061166431,0.0,-0.3610719322990124,0.41103789126853324,-0.4768541562966648,0.729014598540147,0.43274111675126903,-0.25485961123110135,-0.037647058823529464,0.8542372881355924,0.7272727272727276,-0.16967792615868105,-0.24852071005917165,-0.3634686346863466,0.9554655870445345,1.0632054176072232,-1.494
-0.36936936936936937,0.1304893350062737,-0.6108897742363877,0.6736631684157927,0.9067331670822937,-0.9536273115220488,0.0,0.6657263751763048,0.6779242174629321,-1.1080139372822302,0.7636861313868626,0.2195431472081218,-0.11231101511879063,-0.7278431372549019,1.133171912832929,-0.5644504748982363,-0.9112333071484678,-0.3017751479289942,-1.0571955719557196,-0.07017543859649068,-0.09480812641083504,-1.542
-0.36736736736736736,0.8281053952321209,0.4780876494023905,0.2698650674662674,-1.1780548628428926,1.2426742532005695,0.0,0.3159379407616362,-1.562602965403627,1.1179691388750628,-0.5246350364963489,0.1154822335025381,0.32397408207343403,0.8062745098039219,-1.5108958837772393,0.8358208955223886,1.684210526315788,0.5088757396449703,0.7398523985239854,0.07017543859649128,-0.7358916478555303,-1.18
-0.36536536536536535,-0.42659974905897113,0.897742363877822,0.09795102448775601,0.46384039900249346,-0.2958748221906115,0.0,0.2820874471086038,0.09143327841845057,-0.16027874564459893,-0.19069343065693234,0.17131979695431473,0.3498920086393088,-1.6658823529411773,-0.061985472154963694,0.06512890094979656,0.6630007855459537,-0.668639053254438,-0.9243542435424353,-0.6153846153846152,-0.3182844243792324,-1.702
-0.3633633633633634,-1.5809284818067757,-0.3399734395750332,-0.07596201899050439,-0.6972568578553616,0.7613086770981511,0.0,0.8857545839210157,-1.9711696869851758,0.43504230960676993,-0.20529197080291775,-0.029187817258883204,-0.5485961123110153,0.45803921568627476,-0.7108958837772401,-1.4708276797829045,0.656716417910447,-0.7041420118343196,0.21033210332103341,0.6153846153846159,-0.9006772009029343,-1.175
-0.3613613613613614,0.17063989962358866,-0.32403718459495345,-0.2438780609695151,0.5216957605985032,-0.6566145092460883,0.0,-0.9139633286318758,0.6004942339373971,-0.48680935788949725,-0.3239051094890498,-0.7550761421319796,1.248380129589633,0.16941176470588257,0.2169491525423712,-0.9118046132971507,-0.08483896307934052,0.42011834319526614,0.08118081180811816,0.5452091767881245,0.12415349887133192,-1.516
-0.35935935935935936,0.1304893350062737,-0.026560424966799487,-0.3478260869565217,0.2942643391521191,-0.32091038406827893,0.0,0.5641748942172076,0.3088962108731455,-0.18218018914883014,-0.028284671532845623,-0.07233502538071065,-0.32829373650107985,0.3011764705882353,0.29055690072639107,0.8141112618724564,-0.5655930871956012,0.224852071005917,-0.47232472324723257,-0.4318488529014842,0.3544018058690745,-1.423
-0.35735735735735735,-0.5319949811794229,-0.8393094289508632,-0.5617191404297855,0.7690773067331667,-0.6918918918918917,0.0,-0.620592383638928,0.5197693574958807,-0.4430064708810353,-0.33120437956204174,0.5596446700507614,-0.4838012958963284,-1.286274509803922,0.131719128329297,0.5970149253731345,-0.03456402199528709,0.3076923076923076,-0.9409594095940961,-0.6855600539811065,-0.03611738148984176,-1.595
-0.35535535535535534,0.2409033877038899,-0.15405046480743673,0.1899050474762623,0.5017456359102239,-0.2844950213371267,0.0,-0.24259520451339908,-0.009060955518946475,-0.5166749626679938,-0.7527372262773707,-0.3591370558375634,-0.5313174946004321,0.15372549019607865,-0.3641646489104117,-0.49389416553595666,0.3707776904948934,0.05917159763313598,0.41328413284132864,0.00539811066126856,-0.6523702031602707,-1.648
-0.3533533533533533,-1.2195734002509409,-0.15405046480743673,-0.8935532233883058,-0.41197007481296766,0.1650071123755335,0.0,0.5303244005641751,-0.37479406919275315,0.30761572921851693,-0.4279197080291965,-0.5342639593908629,-0.45788336933045365,1.0792156862745104,0.05230024213074912,0.5156037991858888,0.3487824037706197,-0.3550295857988166,0.28044280442804437,-0.188933873144399,0.4153498871331829,-1.387
-0.35135135135135137,-0.10037641154328746,-0.7224435590969455,0.1699150424787606,0.7371571072319197,-0.7499288762446658,0.0,-0.9365303244005642,1.269357495881384,-0.914883026381284,2.0045620437956213,0.024111675126903574,0.639308855291577,0.025098039215686308,2.1249394673123465,-1.4979647218453196,-0.5090337784760418,0.2721893491124259,-0.12915129151291485,-0.03238866396761136,0.3769751693002258,-1.699
-0.34934934934934936,0.2057716436637393,-0.2602921646746347,-0.9155422288855574,-0.33815461346633446,0.5826458036984354,0.0,0.682651622002821,-0.4126853377265254,0.43504230960676993,0.02098540145985535,-0.3286802030456852,-0.742980561555076,0.037647058823529464,-0.10653753026634492,0.03256445047489828,0.6692851531814603,0.9763313609467453,0.5350553505535057,-0.5829959514170039,0.38600451467268626,-1.054
-0.34734734734734735,-0.7227101631116691,-0.4462151394422311,-0.4517741129435283,-0.3760598503740649,0.25490753911806574,0.0,0.32157968970380835,-0.4538714991762774,0.3434544549527131,-0.38777372262773624,-0.36167512690355325,-0.10367170626349904,0.11607843137254917,-0.2595641646489109,-0.10854816824966093,0.0659858601728198,-0.5976331360946745,-0.34501845018450156,-0.9446693657219968,0.12641083521444704,-1.532
-0.34534534534534533,0.10037641154328746,-1.1102257636122175,1.2113943028485759,0.2643391521197003,0.3038406827880512,0.0,-0.011283497884343845,-0.5609555189456357,-0.042807366849178415,0.2728102189781033,0.5114213197969544,-0.9287257019438446,-0.539607843137255,0.2518159806295396,-0.8086838534599734,-0.6818538884524744,0.4082840236686389,-0.7896678966789668,1.6248313090418354,-1.135440180586907,-1.391
-0.3433433433433433,-0.6574654956085323,-0.15405046480743673,-0.8555722138930536,0.38004987531172035,-0.15476529160739705,0.0,0.4062059238363895,0.5115321252059303,-0.6699850671976105,-0.5355839416058383,-0.9175126903553298,0.22462203023758126,-1.0039215686274512,-0.34092009685230035,-0.4287652645861601,0.29536527886881325,-1.0591715976331362,-0.559040590405904,-0.4264507422402156,0.6794582392776524,-1.7
-0.34134134134134136,-0.451693851944793,1.0836653386454183,0.5557221389305349,-0.6972568578553616,0.7123755334281652,0.0,0.6600846262341328,-0.7602965403624405,0.6241911398705827,-0.3731751824817508,0.2246192893401015,-0.15550755939524857,0.6211764705882358,-0.6721549636803879,0.043419267299864374,0.7698350353495672,-0.09467455621301783,0.8671586715867161,1.295546558704454,-0.40632054176072213,-1.345
-0.33933933933933935,0.4015056461731498,-0.053120849933598974,0.23388305847076468,-0.22244389027431444,0.09786628733997142,0.0,-0.5698166431593793,0.272652388797364,0.42110502737680455,0.48996350364963576,-0.08248730964467005,0.8596112311015119,0.05960784313725498,0.3835351089588366,0.03256445047489828,0.33935585231736004,0.5621301775147929,0.5000000000000001,-0.45344129554655843,-0.04063205417607201,-1.418
-0.33733733733733734,0.7929736511919703,1.0996015936254977,-0.4417791104447779,-0.6473815461346636,0.5951635846372691,0.0,0.7334273624823697,-0.04530477759472945,0.6520657043305131,0.9589416058394178,-0.4200507614213198,0.7732181425485966,0.5615686274509808,0.40677966101694885,0.3419267299864319,0.48389630793401367,0.2899408284023668,0.6217712177121774,1.3819163292847503,0.7765237020316028,-1.438
-0.3353353353353353,1.003764115432874,1.5351925630810093,-2.0489755122438784,0.8887780548628421,-1.242674253200569,0.0,0.06205923836389286,1.6614497528830328,-0.918865107018417,-0.5812043795620425,-0.7068527918781725,0.9460043196544278,-1.0949019607843138,-0.1200968523002426,0.7327001356852108,-1.181461115475256,0.10059171597633128,-0.551660516605166,-1.052631578947368,1.7900677200902932,-1.785
-0.3333333333333333,0.6775407779171898,-0.849933598937583,0.37181409295352325,-0.32817955112219455,0.4688477951635847,0.0,-0.6544428772919605,-0.845963756177926,0.49875559980089645,0.10675182481751905,0.04187817258883252,-0.3326133909287256,0.7027450980392159,-0.4125907990314778,0.6350067842605158,0.5216025137470537,0.8875739644970412,0.4963099630996311,-0.4372469635627528,-0.5237020316027086,-1.24
-0.33133133133133136,-0.05018820577164373,0.7065073041168658,-0.3458270864567718,0.1266832917705733,-0.2788051209103843,0.0,-0.20874471086036658,0.21169686985172978,-0.415131906421105,-0.15237226277372082,-0.4302030456852792,0.0647948164146869,-0.3764705882352943,-0.23825665859564193,-0.10854816824966093,0.006284367635505982,-0.6863905325443788,-0.29335793357933587,-0.1349527665317134,0.23250564334085796,-1.534
-0.32932932932932935,0.8130489335006278,0.4833997343957504,-0.4917541229385309,-0.09875311720698271,-0.022759601706970157,0.0,0.6995768688293372,0.3303130148270183,-0.030861124937779694,0.6432481751824833,-0.0038071065989847747,0.07343412526997849,-0.611764705882353,0.513317191283292,0.21166892808683882,0.16653574234092597,-0.15384615384615388,-0.7140221402214023,1.2145748987854255,0.7652370203160271,-1.346
-0.32732732732732733,-0.32622333751568366,-0.33466135458167323,-0.03198400799600204,-0.9865336658354114,0.4916073968705549,0.0,0.9534555712270807,0.07001647446457922,0.4151319064211054,0.9461678832116796,-0.9276649746192891,0.6825053995680349,0.8313725490196082,0.22276029055689928,-0.8955223880597021,0.4461901021209736,0.5384615384615384,0.1439114391143913,0.16734143049932537,0.10158013544018066,-1.673
-0.3253253253253253,-0.19573400250940998,0.451527224435591,-1.003498250874563,0.7211970074812963,-0.7487908961593179,0.0,-0.473906911142454,1.004118616144976,-1.0403185664509709,-0.5027372262773707,0.3794416243654823,0.7818574514038882,-0.4235294117647061,0.030992736077481847,1.7042062415196753,-0.3205027494108414,0.08284023668639044,-0.4354243542435425,-0.8205128205128199,0.9548532731376975,-1.739
-0.3233233233233233,-0.16562107904642429,-0.541832669322709,1.4812593703148431,0.34413965087281756,-0.24011379800853527,0.0,0.3159379407616362,-0.3056013179571671,-0.11448481831757074,0.1797445255474461,0.7347715736040609,-0.5572354211663069,0.12862745098039233,0.22082324455205773,-0.46132971506105835,-0.7258444619010219,-0.2721893491124261,-0.7453874538745386,0.9284750337381917,-1.5981941309255077,-1.52
-0.3213213213213213,0.0,0.5152722443559095,-0.40779610194902505,-1.3536159600997504,1.4714082503556194,0.0,0.7842031029619184,-1.4736408566721604,1.3907416625186666,-0.7582116788321155,-1.1027918781725887,0.2678185745140392,1.0949019607843142,-1.536077481840193,-0.24966078697421953,1.1940298507462679,-0.3254437869822485,0.8505535055350556,0.8744939271255061,0.19864559819413108,-1.192
-0.31931931931931934,-0.1254705144291093,-0.4780876494023905,1.0654672663668168,-0.31820448877805513,0.19231863442389768,0.0,-1.0493653032440058,0.22981878088962127,0.41712294673967165,1.2673357664233587,0.36421319796954316,-0.3498920086393088,0.8564705882352945,0.8058111380145263,-0.640434192672999,-0.01256873527101336,0.0059171597633136145,0.4852398523985241,0.4750337381916333,-0.19187358916478545,-1.584
-0.3173173173173173,-0.3212045169385193,-0.5577689243027887,0.2478760619690158,0.6334164588528673,-0.6839260312944525,0.0,-1.1847672778561353,0.7965403624382206,-0.9168740666998507,0.24543795620438127,-0.31598984771573596,-0.2850971922246219,0.23215686274509834,1.0983050847457607,-0.7381275440976938,-0.6127258444619016,0.08875739644970405,0.17896678966789686,0.22132253711201097,0.2934537246049661,-1.751
-0.3153153153153153,0.4065244667503142,-0.14342629482071723,0.39580209895052476,0.9506234413965082,-0.9866287339971553,0.0,-0.14668547249647373,0.8097199341021416,-1.2891986062717773,-0.5556569343065677,0.15355329949238578,0.02591792656587476,-0.6996078431372551,0.19176755447941743,-0.10854816824966093,-0.7132757266300085,0.5739644970414199,-0.48339483394833954,-0.1781376518218619,-0.602708803611738,-1.783
-0.3133133133133133,-0.9736511919698871,-0.8393094289508632,0.20789605197401323,0.23840399002493745,-0.22190611664295914,0.0,0.7672778561354022,0.19028006589785842,-0.4410154305624686,-0.03558394160583752,0.384517766497462,0.5442764578833695,-0.2290196078431372,0.37578692493946697,1.0854816824966085,-0.6692851531814611,-0.5029585798816569,-0.6439114391143912,0.8475033738191633,-0.05417607223476277,-1.473
-0.3113113113113113,0.4015056461731498,-0.3665338645418326,-0.5117441279360317,-0.6453865336658354,0.37553342816500734,0.0,-0.07898448519040879,-0.03871499176276825,0.612244897959184,0.5136861313868618,-0.6992385786802029,0.09503239740820746,0.49568627450980424,0.33510895883777225,-0.1736770691994575,0.8703849175176741,0.25443786982248506,0.9889298892988931,-0.5668016194331982,0.968397291196388,-1.462
-0.30930930930930933,0.9786700125470521,0.15405046480743703,0.179910044977511,-0.012967581047381885,-0.07852062588904692,0.0,-0.16361071932298996,-0.35008237232290046,-0.4031856645097062,-0.10857664233576458,0.27284263959390864,-0.6652267818574518,-0.028235294117647095,0.017433414043582465,-0.6838534599728633,-0.19795758051846077,0.3076923076923076,-0.01476014760147603,0.404858299595142,-0.8239277652370202,-1.382
-0.3073073073073073,0.2409033877038899,-0.16467463479415653,0.23788105947026536,-1.3556109725685783,0.8762446657183502,0.0,0.9873060648801132,-0.7339373970345987,1.3290194126431065,0.6104014598540166,0.1104060913705584,-0.24622030237580975,0.542745098039216,0.1685230024213069,-0.3962008141112618,1.1751767478397477,0.3076923076923076,0.8487084870848711,1.2523616734143053,-0.022573363431151006,-1.338
-0.3053053053053053,-0.371392722710163,-1.1420982735723768,0.11994002998500763,-1.0982543640897755,0.9672830725462309,0.0,-0.7108603667136812,-1.1639209225700187,0.9746142359382783,-0.29105839416058304,-0.25253807106598986,0.4362850971922247,0.969411764705883,-0.8619854721549637,0.765264586160109,1.0400628436763537,-0.0828402366863906,0.6697416974169744,-0.09716599190283348,-0.4311512415349885,-1.191
-0.3033033033033033,0.6223337515683817,-0.04249667994687918,-1.9070464767616195,-0.14463840399002534,0.05234708392603111,0.0,-0.2595204513399153,0.1754530477759468,0.36933797909407673,-0.44799270072992503,-1.7931472081218274,0.6695464362850975,0.8470588235294122,-0.6489104116222765,-0.6947082767978294,-0.053417124901807826,-0.06508875739644976,0.7915129151291515,-0.12955465587044485,1.4808126410835214,-1.402
-0.3013013013013013,-0.0552070263488081,-0.026560424966799487,-0.1779110444777611,0.7810473815461338,-0.45405405405405425,0.0,-0.9760225669957686,0.36985172981878117,-0.9168740666998507,-0.45529197080291856,-0.3946700507614213,-0.5399568034557237,-0.508235294117647,0.07554479418886136,-1.3514246947082775,-0.39277297721916715,0.6627218934911241,-0.24354243542435408,0.18353576248313105,-0.09706546275395016,-1.667
-0.2992992992992993,-0.547051442910916,-0.9243027888446216,-0.2578710644677662,-0.45386533665835443,0.2901849217638691,0.0,-0.0056417489421720785,-0.08813838550247217,0.7834743653558988,-0.2016423357664218,-1.2043147208121825,0.47084233261339103,0.05647058823529419,-0.5230024213075066,-1.0312075983717777,0.14768263943440593,0.6390532544378696,0.6107011070110703,0.5020242914979761,0.45372460496614003,-1.248
-0.2972972972972973,0.491844416562108,0.8552456839309428,-1.3533233383308345,-0.14862842892768122,-0.3357041251778094,0.0,0.8067700987306066,1.0733113673805605,-0.2777501244400199,-0.11587591240875811,-1.2753807106598982,0.699784017278618,-0.21647058823529405,-0.011622276029056123,0.2985074626865676,-0.5561665357423409,-1.2426035502958581,-0.2730627306273061,-0.21052631578947326,1.6433408577878104,-1.757
-0.2952952952952953,0.32120451693851987,-0.2337317397078352,0.2618690654672669,1.1321695760598498,-0.8364153627311529,0.0,-0.2877291960507757,0.5955518945634265,-1.2593330014932802,0.13959854014598744,0.9149746192893402,-1.8574514038876893,-0.6149019607843138,1.0673123486682787,0.4504748982360929,-0.39905734485467453,0.7988165680473372,-0.6881918819188193,-0.32388663967611303,-0.20090293453724595,-1.731
-0.2932932932932933,-0.8080301129234635,0.40903054448871184,-1.1074462768615692,-0.27630922693266835,0.5428165007112375,0.0,-0.39492242595204485,-0.19686985172981963,0.16226978596316605,0.47718978102189913,-1.262690355329949,0.21166306695464387,0.25725490196078465,-0.011622276029056123,-0.1411126187245592,0.2890809112333066,-0.48520710059171607,0.5110701107011071,-1.0634278002699051,1.3769751693002255,-1.315
-0.2912912912912913,-0.8030112923462991,-0.9774236387782206,0.42578710644677686,-0.663341645885287,0.28108108108108104,0.0,-1.3427362482369534,0.08319604612850016,0.5246391239422601,0.09397810218978242,-1.0748730964467004,0.2764578833693308,0.790588235294118,0.03486682808716665,-0.526458616010855,0.7698350353495672,0.25443786982248506,1.3228782287822882,0.7341430499325236,-0.03837471783295689,-1.592
-0.28928928928928926,-0.16562107904642429,-0.7543160690571049,0.6816591704147932,-0.35810473815461374,0.6008534850640116,0.0,0.4795486600846264,-0.686161449752884,0.6082628173220511,-0.1468978102189761,0.33121827411167515,0.021598272138228968,0.15058823529411786,-0.6585956416464893,-1.0963364993215743,0.11311861743912023,-0.28994082840236696,0.0516605166051661,0.39406207827260487,-0.7133182844243791,-1.366
-0.2872872872872873,0.6424090338770392,-0.8711819389110226,0.5757121439280366,1.030423940149625,-0.5587482219061164,0.0,-0.39492242595204485,0.663097199341022,-0.9965156794425089,0.34762773722627915,0.2119289340101523,-0.2073434125269981,-0.8313725490196082,0.5443099273607739,0.40162822252374547,-0.15082482325216032,1.2071005917159763,0.053505535055350814,-0.7989203778677457,-0.257336343115124,-1.744
-0.2852852852852853,0.45671267252195735,1.0039840637450197,-0.11594202898550694,-0.882793017456359,0.5211948790896164,0.0,0.677009873060649,-0.3467874794069206,1.6236933797909414,1.5611313868613157,0.08248730964467005,0.44492440604751626,0.6901960784313728,1.1079903147699752,0.45590230664857595,1.4862529457973281,0.1479289940828402,0.7214022140221403,-0.11336032388663916,0.8013544018058691,-1.115
-0.2832832832832833,-0.28105395232120434,0.01593625498007969,0.29985007496251864,-0.4438902743142146,0.660028449502134,0.0,0.38363892806770117,-0.7767710049423414,0.924838227974117,0.5958029197080312,0.06725888324873094,-0.12526997840172802,0.18196078431372573,0.2556900726392244,-0.6947082767978294,0.36763550667713973,-0.7633136094674556,0.0,0.3886639676113363,0.09932279909706554,-1.18
-0.28128128128128127,0.09033877038895871,0.9455511288180609,0.669665167416292,1.0204488778054857,-0.7647226173541962,0.0,0.3892806770098733,0.26771004942339344,-0.8730711796913888,-0.5483576642335749,-0.2855329949238579,0.004319654427645794,-1.057254901960785,-0.24794188861985478,-0.3256445047489822,-0.6755695208169684,0.11834319526627213,-0.8265682656826568,-1.5816464237516863,-0.7562076749435664,-1.642
-0.27927927927927926,-0.7026348808030116,-0.06905710491367867,-0.11794102948525684,0.25037406483790503,-0.0990042674253203,0.0,0.1805359661495065,-0.056836902800659735,-0.5027376804380289,0.17791970802919896,0.16624365482233502,-0.552915766738661,-0.3105882352941177,0.2111380145278449,-0.1411126187245592,0.21366849960722642,-0.8106508875739645,-0.32103321033210325,-0.03238866396761136,0.033860045146726886,-1.526
-0.2772772772772773,-0.371392722710163,-0.4727755644090306,-0.027986006996501337,1.8723192019950115,-1.5704125177809392,0.0,-0.4682651622002819,1.4143327841845146,-1.5082130413140866,1.9881386861313886,0.0951776649746193,-1.602591792656588,-0.8282352941176471,2.5162227602905545,-0.8683853459972869,-1.7407698350353495,-0.47337278106508884,-0.9317343173431734,-0.44264507422402133,0.9367945823927765,-1.638
-0.2752752752752753,0.612296110414053,0.7277556440903054,-0.0879560219890056,-0.19850374064837925,0.45405405405405425,0.0,0.5190409026798309,-0.4538714991762774,0.6480836236933802,-0.1633211678832103,-0.1053299492385787,-0.09935205183585324,0.454901960784314,-0.3506053268765141,-0.1953867028493897,0.5781618224666132,1.408284023668639,0.793357933579336,0.7557354925775978,-0.24379232505643322,-1.345
-0.2732732732732733,-0.27603513174403993,0.35059760956175295,-0.37781109445277383,1.096259351620947,-1.20398293029872,0.0,0.8913963328631878,1.20840197693575,-1.1378795420607268,0.7308394160583959,0.0799492385786802,-0.9330453563714904,-0.7717647058823529,1.6387409200968515,-0.645861601085482,-1.1531814611154747,0.1834319526627219,-0.9575645756457564,0.14035087719298256,0.4762979683972913,-1.797
-0.27127127127127126,-0.07528230865746559,0.14342629482071723,0.5177411294352823,-0.08279301745635925,-0.11607396870554754,0.0,-0.40620592383638904,0.5395387149917629,-0.17023394723743143,0.36405109489051174,-0.1941624365482233,0.8898488120950325,0.21019607843137283,0.021307506053267266,-0.960651289009498,0.19481539670070638,0.9349112426035501,0.37638376383763855,-0.2267206477732789,-0.23476297968397272,-1.512
-0.26926926926926925,-0.06524466750313684,-1.545816733067729,-1.5552223888055976,-0.022942643391521318,0.15135135135135142,0.0,-1.8956276445698166,-0.42092257001647576,0.3096067695370836,-0.7527372262773707,-1.8083756345177662,0.6652267818574518,-0.24470588235294113,-0.736077481840194,-1.080054274084125,0.2859387274155529,-0.011834319526627229,0.6918819188191885,-0.11875843454790772,1.0293453724604966,-1.342
-0.2672672672672673,0.47176913425345046,1.6254980079681272,0.9935032483758122,-0.49576059850374077,0.1911806543385493,0.0,0.1636107193229903,-0.696046128500825,0.5405674464907917,-0.3895985401459834,0.384517766497462,0.5010799136069116,0.26352941176470623,-0.7399515738498795,-0.059701492537313515,0.21681068342497942,0.5680473372781065,0.3985239852398526,-0.28609986504723306,-0.9774266365688485,-1.356
-0.2652652652652653,-0.3011292346298618,-1.1208499335989373,-0.1739130434782604,-1.1960099750623439,1.1573257467994313,0.0,0.5303244005641751,-1.2149917627677118,0.8471876555500253,-0.1012773722627727,-0.6865482233502537,-0.44060475161987045,1.1639215686274516,-0.6682808716707022,-0.4667571234735414,1.1249018067556944,0.8224852071005917,0.682656826568266,0.5182186234817817,-0.3047404063205416,-1.299
-0.26326326326326327,0.16562107904642429,0.4780876494023905,0.20389805097451252,-1.1541147132169574,1.0981507823613088,0.0,0.8180535966149508,-1.7553542009884708,1.6356396217023401,-0.2545620437956187,0.27538071065989844,0.8682505399568036,0.8533333333333337,-1.1506053268765133,0.5210312075983718,1.307148468185388,0.39053254437869805,0.5239852398523986,0.4750337381916333,-0.6455981941309253,-1.093
-0.26126126126126126,-0.6825595984943541,-0.005312084993359898,-0.7376311844077963,-0.08478802992518741,0.020483641536272888,0.0,-0.8011283497884343,-0.45716639209225873,-0.09059233449477329,-0.16514598540145908,-0.7068527918781725,-0.4060475161987041,-0.40470588235294136,-0.33317191283292985,-0.3364993215739483,-0.24823252160251422,-1.1893491124260356,0.08671586715867188,-0.3508771929824558,0.16027088036117393,-1.585
-0.25925925925925924,0.48682559598494357,0.010624169986719795,0.8995502248875569,-0.6673316708229429,0.9160739687055481,0.0,0.21438645980253898,-0.44728171334431766,1.022399203583873,1.628649635036498,-0.6027918781725888,-0.6825053995680349,0.8815686274509809,1.0285714285714274,-0.8955223880597021,1.0840534171249006,0.5857988165680471,1.1808118081180816,0.912280701754386,0.11738148984198654,-1.286
-0.25725725725725723,0.5219573400250942,-0.7118193891102257,-0.10994502748625633,-0.07680798004987568,0.1194879089615932,0.0,0.11847672778561365,-0.09472817133443191,-0.14036834245893484,1.099452554744527,0.36928934010152287,-0.2073434125269981,-0.6400000000000001,0.8561743341404339,-0.5807327001356853,0.23880597014925314,0.4082840236686389,-0.551660516605166,1.1605937921727398,0.3431151241534989,-1.474
-0.2552552552552553,0.7126725219573403,0.6055776892430278,-0.38180909545227365,0.42793017456359067,-0.6224751066856329,0.0,0.3328631875881525,0.5016474464579892,-0.5624688899950225,0.03923357664233671,0.3413705583756345,-0.6695464362850975,-1.0321568627450988,0.3254237288135577,0.6295793758480328,-0.7069913589945012,0.9171597633136093,-0.529520295202952,-1.2037786774628878,0.45146726862302494,-1.614
-0.25325325325325326,-0.5069008782936011,-0.19654714475431592,-0.8195902048975513,-0.3261845386533669,0.31066856330014253,0.0,-0.22566995768688283,0.39621087314662307,0.10652065704330536,0.12864963503649798,-1.2398477157360404,0.45356371490280784,0.047058823529411827,-0.43002421307506106,-0.17910447761194054,0.42105263157894685,-0.12426035502958582,0.4686346863468637,-0.545209176788124,0.963882618510158,-1.683
-0.25125125125125125,-0.7979924717691347,-1.343957503320053,-0.017991004497750922,0.4618453865336653,-0.17524893314366996,0.0,-0.3215796897038082,-0.04859967051070932,-0.8451966152314584,0.281934306569344,0.18908629441624367,-0.4794816414686826,-1.3866666666666674,-0.02905569007264031,0.1736770691994575,-0.1256873527101336,0.5207100591715975,-0.7361623616236164,-0.07017543859649068,0.10835214446952604,-1.587
-0.24924924924924924,0.41656210790464293,-0.5524568393094288,-0.20989505247376314,-0.26433915211970077,0.5189189189189191,0.0,0.1861777150916786,-0.44728171334431766,0.6222000995520163,0.38229927007299475,-0.05710659898477155,-0.09071274298056166,0.3388235294117648,-0.056174334140435635,-0.04884667571234742,0.7415553809897868,0.04733727810650875,0.38007380073800756,1.4089068825910929,0.4063205417607224,-1.204
-0.24724724724724725,-0.8833124215809285,-1.0199203187250991,0.0,-0.6094763092269326,1.0071123755334284,0.0,-0.3836389280677007,-1.071663920922572,0.5226480836236939,-0.13594890510948826,0.48350253807106597,-0.816414686825054,0.35137254901960796,-0.54043583535109,0.7381275440976938,1.2097407698350342,0.3668639053254438,0.44649446494464967,-0.14574898785425053,-0.2957110609480811,-1.232
-0.24524524524524524,0.41656210790464293,0.7011952191235059,0.06796601699150477,0.004987531172069717,-0.1786628733997156,0.0,-0.02820874471086008,0.16556836902800573,-0.3952215032354404,0.1815693430656949,0.15862944162436549,0.3930885529157667,-0.08470588235294128,0.2343825665859554,0.36363636363636415,-0.8452474469756481,-0.18343195266272197,-0.49261992619926187,-0.5991902834008096,-0.05869074492099302,-1.592
-0.24324324324324326,-0.331242158092848,-1.5830013280212483,-1.209395302348826,-0.2783042394014965,0.3129445234708393,0.0,-0.5190409026798306,0.2973640856672152,-0.07665505226480834,-0.27645985401459766,-2.513959390862944,0.8293736501079919,0.4737254901960787,-0.8348668280871675,-1.4545454545454553,0.45561665357423325,-0.2840236686390533,0.693726937269373,0.00539811066126856,1.451467268623025,-1.524
-0.24124124124124124,0.37641154328732795,0.9614873837981406,0.11394302848575703,-0.940648379052369,0.8125177809388339,0.0,0.5077574047954868,-1.0140032948929179,0.7297162767546046,-0.4680656934306552,0.15101522842639592,0.4060475161987041,0.7592156862745101,-0.879418886198547,1.0203527815468119,1.0620581304006276,-0.349112426035503,0.8413284132841331,0.766531713900135,-0.5214446952595935,-1.356
-0.23923923923923923,-0.44165621079046424,-0.18592297476759612,-0.0019990004997499054,-2.3132169576059844,2.599146514935989,0.0,0.4626234132581101,-2.106260296540366,1.679442508710802,0.8001824817518254,-0.8616751269035531,0.3930885529157667,2.6384313725490207,-1.3539951573849875,-0.21166892808683882,1.8915946582875085,-0.6390532544378699,1.6531365313653141,0.9068825910931175,0.09255079006772016,-1.162
-0.23723723723723725,-0.025094102885821864,0.3665338645418326,-0.28585707146426753,0.6034912718204481,-0.854623044096729,0.0,-0.3159379407616361,0.8509060955518951,-0.39323046291687375,0.6979927007299275,-0.148477157360406,-0.8034557235421166,-0.5866666666666668,0.7225181598062936,-0.18995929443690662,-0.7101335428122542,-0.36094674556213024,-0.31365313653136523,0.6639676113360323,0.781038374717833,-1.661
-0.23523523523523523,1.4203262233375165,0.10624169986719795,0.0959520239880061,1.2458852867830417,-0.9536273115220488,0.0,0.08462623413258118,0.13591433278418397,-1.187655550024888,-0.06295620437956119,0.932741116751269,-1.2138228941684666,-1.1670588235294121,0.36610169491525413,0.347354138398915,-0.4776119402985077,0.3431952662721893,-0.7084870848708487,0.1511470985155197,-0.311512415349887,-1.634
-0.23323323323323322,-0.17063989962358866,-0.5099601593625496,0.8815592203898059,0.645386533665835,-0.8660028449502138,0.0,-0.22566995768688283,0.30230642504118577,-0.04678944748631132,0.6377737226277387,1.0850253807106598,0.08639308855291587,-0.49568627450980385,0.9297820823244537,-0.7164179104477616,-0.06912804399057418,-0.47337278106508884,-0.6254612546125462,0.8205128205128205,-0.584650112866817,-1.611
-0.23123123123123124,-0.6775407779171898,0.06374501992031877,-0.30384807596201935,-0.9566084788029925,1.02873399715505,0.0,-0.4682651622002819,-0.7635914332784205,0.612244897959184,0.1195255474452573,-0.663705583756345,0.5183585313174948,0.8878431372549024,-0.43389830508474586,0.010854816824966093,0.996072270227807,0.6213017751479288,1.0184501845018452,-0.03778677462887992,0.3905191873589165,-1.395
-0.22922922922922923,1.294855708908407,0.6640106241699866,-0.30584707646176923,-0.3620947630922696,0.6725462304409677,0.0,0.3328631875881525,0.42751235584843406,0.431060228969637,0.42609489051095095,-0.498730964467005,1.6112311015118796,0.15372549019607865,-0.07360774818401981,0.7164179104477616,0.6535742340926933,0.5384615384615384,0.7490774907749079,0.06477732793522271,0.9593679458239277,-1.317
-0.22722722722722724,-0.19573400250940998,-0.21248339973439562,0.03798100949525264,1.2099750623441388,-1.3234708392603136,0.0,-0.48519040902679816,0.13920922570016384,-0.8033847685415632,-0.8184306569343051,0.16624365482233502,-0.9200863930885531,-1.3082352941176474,-0.11428571428571453,-0.36363636363636354,-1.0903377847604079,-0.7159763313609467,-0.6254612546125462,-0.4372469635627528,-0.7381489841986454,-1.489
-0.22522522522522523,-0.4617314930991217,-0.9667994687915008,-0.8695652173913042,-1.0942643391521196,1.1834992887624471,0.0,0.04513399153737663,-1.0518945634266907,1.2135390741662524,0.5739051094890523,-1.0545685279187815,-0.2030237580993523,1.524705882352942,-0.1782082324455215,-1.058344640434193,0.9457973291437536,0.3076923076923076,1.245387453874539,0.9662618083670717,0.4018058690744922,-1.122
-0.22322322322322322,-0.21079046424090309,-0.5843293492695881,0.2738630684657672,0.9785536159600993,-0.8614509246088192,0.0,-1.7376586741889983,0.3945634266886324,-1.2911896465903434,-0.3567518248175166,0.24238578680203046,0.21166306695464387,-0.5176470588235293,0.3506053268765132,-0.26051560379918565,-0.5813040062843675,-0.07100591715976337,-0.2712177121771218,0.7017543859649122,-0.4740406320541759,-1.844
-0.22122122122122123,1.2747804265997495,0.9986719787516599,0.5497251374312844,-0.7291770573566085,0.8045519203413941,0.0,1.3822284908321583,-0.46375617792421847,1.1657541065206576,-0.37682481751824676,0.4987309644670051,0.742980561555076,0.602352941176471,-1.2242130750605331,0.9606512890094987,0.7824037706205806,0.39053254437869805,0.30996309963099644,-0.4048582995951414,-0.3544018058690744,-1.323
-0.21921921921921922,0.22584692597239678,0.11686586985391775,-1.691154422788606,0.7970074812967572,-0.6145092460881937,0.0,-0.784203102961918,1.285831960461285,-1.0243902439024393,0.39324817518248256,-1.9022842639593907,0.4362850971922247,-0.7717647058823529,0.33510895883777225,-0.537313432835821,-1.0966221523959152,0.5621301775147929,-0.10516605166051651,0.3994601889338734,1.9345372460496613,-1.649
-0.2172172172172172,0.5520702634880804,0.8233731739707834,-0.6356821589205396,-1.808478802992518,1.5829302987197729,0.0,1.145275035260931,-1.0881383855024729,1.498257839721255,0.38229927007299475,-0.6104060913705583,0.4622030237580994,1.9701960784313735,-0.5384987893462475,0.537313432835821,1.2788688138256077,0.5266272189349112,1.1476014760147606,0.23211875843454807,0.6862302483069977,-1.234
-0.21521521521521522,-0.3412797992471768,-0.9136786188579018,-0.0859570214892557,0.2862842892768073,-0.21963015647226136,0.0,-1.0493653032440058,-0.18039538714991882,-0.39721254355400665,-0.10675182481751742,-0.3794416243654822,-0.9287257019438446,0.028235294117647095,-0.1607748184019373,-0.49389416553595666,-0.311076197957581,-0.28994082840236696,-0.08856088560885618,0.28609986504723367,-0.3589164785553046,-1.578
-0.2132132132132132,-1.3199498117942283,-0.5258964143426292,-0.31184407796101987,-0.09675810473815499,0.3960170697012802,0.0,-0.5133991537376585,-0.5971993410214187,0.2538576406172229,-0.35310218978102065,-1.1738578680203042,-0.7343412526997845,0.4078431372549021,-0.641162227602906,-0.6295793758480328,0.05970149253731241,-0.36094674556213024,0.6457564575645759,0.8798920377867747,0.29571106094808125,-1.315
-0.21121121121121122,-0.7779171894604772,-0.9933598937582997,0.2738630684657672,0.2683291770573562,-0.1798008534850645,0.0,-0.6544428772919605,-0.02059308072487676,-0.8850174216027875,0.019160583941606565,0.16624365482233502,-0.7559395248380134,-0.1223529411764704,0.33123486682808573,-1.069199457259159,-0.32678711704634733,-0.05917159763313614,-0.0959409594095942,-0.6477732793522266,-0.48758465011286667,-1.665
-0.2092092092092092,0.8281053952321209,0.44090305444887123,-0.39580209895052476,0.8369077306733159,-0.9593172119487912,0.0,-0.1015514809590971,0.9662273476112023,-0.6162269785963165,-0.7107664233576625,-0.4251269035532995,0.9503239740820736,-0.08784313725490207,-0.24406779661016997,0.5753052917232023,-0.8955223880597015,1.0236686390532543,-0.08671586715867147,0.4372469635627534,0.09029345372460504,-1.6
-0.2072072072072072,-1.6662484316185706,-0.35059760956175295,1.0734632683658172,0.9905236907730668,-0.9411095305832151,0.0,-0.9252468265162199,0.3303130148270183,-1.0522648083623696,1.0976277372262784,1.6256345177664973,-1.4643628509719226,-0.9411764705882355,1.613559322033896,-0.11397557666214399,-1.3857030636292225,-0.7159763313609467,-1.5996309963099633,0.4696356275303647,-1.2167042889390516,-1.773
-0.20520520520520522,0.07026348808030122,-0.7596281540504648,-0.2518740629685156,-1.1441396508728177,1.1049786628734002,0.0,0.28772919605077585,-1.1276771004942356,1.3907416625186666,-0.6414233576642322,-1.4276649746192893,1.3304535637149033,0.5647058823529416,-1.0983050847457623,-1.2483039348710996,0.8798114689709338,0.2958579881656804,0.8339483394833951,0.5074224021592446,-0.4085778781038373,-1.218
-0.2032032032032032,-0.29109159347553304,1.0996015936254977,-0.8455772113943028,-0.2384039900249379,0.07169274537695612,0.0,0.7165021156558535,0.1425041186161437,0.31557989049278273,-0.38594890510948743,-0.9073604060913704,-0.008639308855291588,0.514509803921569,-0.4164648910411626,-0.7109905020352785,0.23252160251374646,-1.0828402366863905,0.4889298892988931,-1.5060728744939267,0.6455981941309255,-1.455
-0.2012012012012012,-0.6574654956085323,-0.2762284196547144,0.07596201899050528,-0.5396508728179553,0.47908961593172117,0.0,-0.16361071932298996,-0.7026359143327863,-0.0009955201592831162,0.006386861313869935,-0.43781725888324874,0.21166306695464387,0.7058823529411767,-0.22857142857142906,0.1519674355495253,-0.3707776904948948,-0.8994082840236687,0.0959409594095942,-1.9757085020242908,-0.13092550790067706,-1.545
-0.1991991991991992,-0.40150564617314927,-0.8021248339973439,1.209395302348826,-0.31620947630922697,0.1263157894736845,0.0,-0.29901269393511987,-0.5576606260296558,0.5823792931806875,0.44434306569343235,0.2982233502538071,-0.15550755939524857,0.19450980392156889,-0.2150121065375314,0.15739484396200837,-0.23880597014925384,0.5207100591715975,0.03690036900369007,0.34547908232118785,-0.9548532731376972,-1.508
-0.1971971971971972,0.6373902132998748,0.6640106241699866,0.5297351324337835,0.42793017456359067,-0.4347083926031292,0.0,0.8688293370944995,0.2924217462932447,0.2279741164758588,1.2217153284671551,0.4022842639593909,0.2894168466522682,-0.16627450980392144,1.1021791767554472,-0.12483039348711007,0.15082482325215962,0.6449704142011833,-0.23247232472324705,-0.5883940620782725,-0.11060948081264092,-1.392
-0.19519519519519518,-1.3199498117942283,-2.278884462151394,0.4577711144427789,-0.14663341645885306,0.07055476529160723,0.0,-1.9633286318758816,0.5609555189456342,-0.2877053260328519,1.004562043795621,-0.1941624365482233,0.18574514038876913,0.3607843137254903,0.7864406779661006,-0.8249660786974224,0.29850746268656625,0.21301775147928978,-0.1014760147601475,-1.041835357624831,-0.12189616252821654,-1.578
-0.1931931931931932,0.3111668757841911,0.791500664010624,-0.19990004997501273,-0.8468827930174565,0.5780938833570415,0.0,-0.8913963328631875,-1.1902800658978607,1.066202090592335,0.2563868613138691,0.666243654822335,-0.3930885529157667,0.8690196078431377,-0.07360774818401981,1.0691994572591592,0.7666928515318135,-0.8402366863905326,0.4446494464944652,0.10256410256410264,-0.04288939051918714,-1.283
-0.19119119119119118,0.21079046424090364,-0.642762284196547,1.2693653173413302,-0.2583541147132172,0.6179231863442394,0.0,-0.8801128349788433,-1.5411861614497557,0.3175709308113494,-0.11770072992700527,1.483502538071066,-0.7343412526997845,0.5019607843137258,-0.1898305084745776,-0.037991858887381325,0.4053417124901798,-0.6863905325443788,0.0516605166051661,1.4358974358974357,-1.7652370203160266,-1.485
-0.1891891891891892,0.5520702634880804,-0.40903054448871184,-0.4617691154422787,-0.3321695760598504,0.11493598862019916,0.0,-0.03385049365303216,-0.5016474464579921,0.518666002986561,-0.2782846715328448,-0.5012690355329948,0.9373650107991363,-0.567843137254902,-0.74769975786925,-0.8900949796472191,-0.17910447761194143,0.8757396449704139,0.2066420664206644,-0.7017543859649122,-0.05869074492099302,-1.24
-0.1871871871871872,-0.24090338770388933,1.051792828685259,0.2638680659670168,1.9022443890274308,-1.7024182076813656,0.0,0.5641748942172076,1.0107084019769357,-1.094076655052265,1.0866788321167888,1.4784263959390862,-1.4082073434125277,-1.9921568627450985,2.159806295399513,0.6132971506105837,-1.3637077769049488,0.1952662721893491,-1.6605166051660518,-0.07017543859649068,-0.10158013544018041,-1.674
-0.18518518518518517,-0.005018820577164373,0.4355909694555113,0.28385807096451765,-0.4718204488778056,0.05348506401137999,0.0,-0.1579689703808179,-0.4785831960461301,0.8670980587356899,0.9479927007299283,0.3286802030456853,0.12095032397408222,0.4831372549019611,0.6198547215496353,-0.22252374491180432,-0.48703849175176805,-0.7337278106508875,0.4077490774907751,-0.12415654520917628,0.309255079006772,-1.368
-0.1831831831831832,0.8682559598494359,-0.09030544488711827,-0.47376311844077995,-0.7690773067331671,0.6611664295874824,0.0,0.23131170662905523,0.6812191103789119,-0.022896963663513882,1.4863138686131399,-1.2652284263959388,0.7818574514038882,0.13176470588235312,0.968523002421307,-0.4287652645861601,0.7446975648075406,-0.08875739644970422,0.2435424354243545,0.5344129554655874,1.6568848758465011,-1.636
-0.18118118118118118,0.6825595984943541,1.6414342629482068,0.21389305347326384,-0.32019950124688284,0.13655761024182095,0.0,0.7390691114245418,-0.08484349258649229,0.18815331010452974,0.6085766423357678,0.684010152284264,-0.22894168466522705,0.09411764705882365,0.4455205811138003,0.9118046132971512,0.15082482325215962,-0.1656804733727811,-0.04059040590405908,0.3022941970310394,0.1309255079006773,-1.43
-0.17917917917917917,-0.06524466750313684,-0.7755644090305445,0.0019990004997499054,-0.7571072319201996,0.7339971550497869,0.0,0.3554301833568408,-0.21169686985173125,0.859133897461424,1.106751824817519,-0.1687817258883248,-0.2764578833693303,0.4705882352941179,0.5404358353510891,-0.2876526458616009,0.992930086410054,1.011834319526627,0.41881918819188213,1.133603238866397,0.8532731376975168,-1.152
-0.17717717717717718,0.9084065244667509,0.8021248339973438,-0.653673163418291,-0.10673316708229443,0.13086770981507853,0.0,-0.541607898448519,0.3945634266886324,0.1682429069188652,0.2198905109489064,-0.450507614213198,0.021598272138228968,0.025098039215686308,0.10460048426149995,-0.3853459972862957,0.14454045561665294,1.136094674556213,0.345018450184502,0.4588394062078276,0.799097065462754,-1.479
-0.17517517517517517,0.7427854454203267,0.4196547144754316,-1.689155422288856,0.29825436408977496,0.0728307254623045,0.0,-0.9478138222849083,-0.032125205930808504,-0.00895968143354893,-0.4187956204379542,-0.9581218274111674,0.5831533477321816,-0.09725490196078444,-0.583050847457627,0.5101763907734058,-0.04713275726630045,-0.4201183431952663,0.4372693726937272,-0.7935222672064771,1.3747178329571106,-1.418
-0.17317317317317318,-0.3011292346298618,-0.6693227091633465,1.0574712643678161,-0.7271820448877806,0.6486486486486487,0.0,-0.19746121297602243,-0.9135090609555214,0.6520657043305131,0.27645985401459927,1.4454314720812182,-0.514038876889849,0.163137254901961,0.13753026634382506,1.1994572591587525,0.39905734485467315,0.4497041420118342,-0.23616236162361606,0.8960863697705803,-0.9932279909706544,-1.258
-0.17117117117117117,0.8030112923462991,-0.06374501992031877,0.8695652173913047,-1.1022443890274312,1.2802275960170701,0.0,-0.24259520451339908,-1.1573311367380583,0.28770532603285237,0.48083941605839503,0.30583756345177665,-0.4838012958963284,1.760000000000001,-0.5636803874092013,-0.7327001356852108,1.2285938727415542,-0.4378698224852071,1.619926199261993,1.2469635627530369,-0.8329571106094805,-1.424
-0.16916916916916916,0.5570890840652448,-0.13811420982735734,-0.6616691654172915,0.2364089775561093,-0.15476529160739705,0.0,-0.8801128349788433,0.45387149917627595,-0.6620209059233447,-0.6742700729926998,-0.2296954314720812,1.6933045356371497,-0.4203921568627453,-0.7767554479418887,-0.4993215739484397,-0.6378633150039283,0.603550295857988,-0.32841328413284127,0.6315789473684209,0.033860045146726886,-1.633
-0.16716716716716717,0.7126725219573403,0.3930942895086321,-1.8050974512743634,0.673316708229426,-0.4051209103840683,0.0,0.29901269393512003,0.9349258649093913,-0.8193130910900948,-0.5574817518248164,-1.0748730964467004,0.5615550755939527,-0.583529411764706,-0.2576271186440677,0.06512890094979656,-0.3519245875883741,-0.0828402366863906,-0.41881918819188174,-1.5438596491228067,1.7720090293453723,-1.694
-0.16516516516516516,0.8331242158092853,0.2602921646746347,0.48775612193903106,0.47581047381546104,-0.5644381223328588,0.0,-0.6262341325811001,0.4489291598023054,-0.327526132404181,0.530109489051096,0.1053299492385787,-0.9071274298056157,-0.4486274509803924,0.6799031476997575,0.10312075983717789,-0.9677926158680287,0.8224852071005917,-0.2656826568265681,0.12955465587044543,-0.20993227990970645,-1.675
-0.16316316316316315,-1.1442910915934759,0.37715803452855245,0.9175412293853078,-0.9007481296758104,1.1334281650071127,0.0,0.23131170662905523,-1.5362438220757852,1.269288203086113,-0.15602189781021839,0.91751269035533,-0.4060475161987041,0.3105882352941177,-0.8406779661016948,0.8955223880597021,0.9646504320502736,-1.0532544378698225,0.3745387453874541,0.626180836707153,-1.3002257336343113,-1.471
-0.16116116116116116,0.963613550815559,1.1792828685258963,-1.1134432783608197,0.20249376558603469,-0.3698435277382649,0.0,-0.473906911142454,0.5691927512355847,-0.7615729218516674,-0.6906934306569331,0.15609137055837563,-0.34125269978401723,-0.19450980392156852,-0.2401937046004852,-0.054274084124830466,-0.39905734485467453,0.7869822485207101,0.05719557195571982,-0.5668016194331982,0.796839729119639,-1.674
-0.15915915915915915,0.4215809284818073,0.8818061088977422,1.5292353823088463,0.09875311720698227,0.11721194879089643,0.0,0.4739069111424543,-0.7800658978583213,0.38725734196117506,0.6870437956204396,2.239847715736041,-0.008639308855291588,0.06901960784313735,0.38547215496367987,1.8236092265943022,-0.056559308719560816,0.3668639053254438,-0.6826568265682655,0.5506072874493931,-1.480812641083521,-1.303
-0.15715715715715717,0.6323713927227104,0.10092961487383806,0.15192403798100967,0.34812967581047344,-0.30156472261735395,0.0,-0.310296191819464,0.35502471169686955,-0.33549029367844685,0.5629562043795628,1.0799492385786802,-0.07775377969762429,-0.35137254901960796,0.5578692493946715,1.0366350067842611,-0.07855459544383454,-0.6331360946745562,-0.8726937269372692,-0.9014844804318484,0.399548532731377,-1.541
-0.15515515515515516,1.1693851944792977,1.790172642762284,-0.3798100949525237,-0.4618453865336662,0.5007112375533429,0.0,0.8857545839210157,-0.8130148270181229,0.29367844698855194,0.4936131386861333,0.5190355329949239,0.7602591792656592,0.07529411764705893,-0.06779661016949176,1.2808683853459981,0.17596229379418635,-0.8047337278106509,-0.21033210332103303,1.0094466936572202,0.02257336343115126,-1.468
-0.15315315315315314,-0.2609786700125468,-1.0092961487383794,-0.10794602698650643,-0.30623441396508755,0.45405405405405425,0.0,-0.1579689703808179,0.099670510708401,0.17819810851169768,0.9260948905109494,0.2626903553299493,0.6479481641468685,0.24784313725490228,0.29830508474576234,0.33107191316146584,0.40848389630793347,0.3195266272189348,-0.19188191881918798,-0.4156545209176785,0.44018058690744927,-1.375
-0.15115115115115116,-0.8431618569636135,-0.3665338645418326,0.7216391804097957,-0.7650872817955112,0.563300142247511,0.0,-0.16925246826516205,-0.3698517298187826,0.6142359382777505,0.48996350364963576,0.016497461928934025,-0.12526997840172802,0.5552941176470592,-0.49588377723970956,0.13025780189959313,0.4619010212097399,0.05917159763313598,0.3542435424354245,0.32928475033738214,-0.2054176072234762,-1.298
-0.14914914914914915,0.3262233375156842,-0.037184594953519286,1.0034982508745633,-0.344139650872818,0.41536273115220523,0.0,-0.14668547249647373,-0.43245469522240604,0.3713290194126434,0.7563868613138691,-0.0012690355329949248,-0.5442764578833695,0.498823529411765,0.4532687651331716,-1.0420624151967437,0.17910447761193932,0.5443786982248521,0.36346863468634705,0.8421052631578948,-0.5553047404063204,-1.38
-0.14714714714714713,-0.823086574654956,-0.40903054448871184,0.009995002498750414,1.1142144638403981,-0.9456614509246096,0.0,-0.5133991537376585,1.1523887973640863,-1.2911896465903434,1.5483576642335775,0.384517766497462,-0.06047516198704111,-1.1043137254901965,1.5012106537530248,0.37991858887381325,-0.446190102120975,-0.15384615384615388,-0.8136531365313652,-1.0202429149797567,0.8668171557562075,-1.741
-0.14514514514514515,-1.6411543287327481,-1.2961487383798138,0.03598200899550273,-1.1541147132169574,1.2472261735419636,0.0,-0.3159379407616361,-1.440691927512358,1.5460428073668497,0.15237226277372407,0.08248730964467005,0.6781857451403891,0.8815686274509809,-0.7961259079903152,-0.42333785617367703,0.5593087195600931,0.21301775147928978,0.31365313653136545,0.863697705802969,-0.047404063205417395,-1.252
-0.14314314314314314,-1.094102885821832,-0.4355909694555113,-0.8915542228885559,1.0882793017456351,-0.6964438122332862,0.0,-1.1114245416078983,1.0634266886326196,-0.9985067197610751,0.1651459854014607,-1.3489847715736039,0.28077753779697656,-0.4831372549019611,0.486198547215495,-0.42333785617367703,-0.5687352710133542,-1.8165680473372783,-0.17527675276752766,-0.27530364372469596,1.3024830699774266,-1.709
-0.14114114114114115,-0.47678795483061487,0.5790172642762282,0.1899050474762623,0.058852867830423636,-0.04665718349928869,0.0,0.4908321579689705,0.037067545304776114,0.13638626182180194,1.1104014598540166,0.3236040609137056,-0.2850971922246219,-0.3168627450980393,1.158353510895883,-0.0705563093622796,0.034564021995285694,-0.36094674556213024,-0.46863468634686356,0.0,0.35665914221218964,-1.395
-0.13913913913913914,0.5119196988707655,-0.2762284196547144,0.40779610194902594,0.19650872817955067,-0.20711237553342868,0.0,-1.0550070521861779,-0.20510708401977004,-0.3115978098556494,-0.2509124087591228,0.48350253807106597,-1.412526997840173,-0.859607843137255,0.019370460048425724,-0.1628222523744914,-0.4996072270227814,0.3431952662721893,-0.4095940959409594,-0.3886639676113357,-0.6726862302483068,-1.613
-0.13713713713713713,-0.21580928481806746,-0.5949535192563079,0.12793603198400816,-0.8608478802992517,0.6281650071123758,0.0,0.22566995768688314,-1.2891268533772677,0.7297162767546046,-0.5702554744525531,0.44543147208121825,0.08207343412527007,0.7686274509803924,-0.9898305084745768,0.7489823609226598,0.3456402199528667,0.10059171597633128,0.06642066420664214,-0.9716599190283396,-0.7810383747178328,-1.376
-0.13513513513513514,-0.40150564617314927,0.19123505976095603,0.15592203898051038,-0.05087281795511236,0.3778093883357041,0.0,0.2369534555712273,-0.5543657331136759,0.34544549527127977,-0.6432481751824801,-1.0266497461928932,0.31101511879049665,0.2603921568627454,-1.2280871670702178,-0.8086838534599734,-0.5090337784760418,-0.36094674556213024,0.02583025830258305,0.2159244264507424,-0.6478555304740405,-1.411
-0.13313313313313313,-0.7277289836888334,-0.8658698539176627,1.8850574712643684,1.3157107231920193,-1.2472261735419636,0.0,-1.1904090267983074,0.7075782537067539,-1.1916376306620209,0.5209854014598554,1.1560913705583755,-2.1209503239740832,-0.46431372549019634,1.3326876513317178,-0.44504748982360925,-0.7164179104477615,0.25443786982248506,-0.7435424354243544,-0.7287449392712544,-1.1580135440180583,-1.699
-0.13113113113113112,0.6775407779171898,-0.5205843293492693,-0.4237881059470261,0.8748129675810469,-0.7852062588904701,0.0,-0.6770098730606489,1.269357495881384,-0.6859133897461421,0.16149635036496474,0.4809644670050761,0.49676025917926575,-0.6368627450980393,1.0130750605326864,-0.6947082767978294,-0.6724273369992141,1.710059171597633,-0.9612546125461254,-0.6315789473684209,0.40857787810383756,-1.518
-0.12912912912912913,-0.24090338770388933,0.5524568393094288,0.15992003998001017,-0.23241895261845388,0.2992887624466572,0.0,0.5416078984485192,-0.3286655683690291,0.3673469387755105,-0.2563868613138675,0.4936548223350254,0.3326133909287256,-0.11294117647058803,0.0058111380145263415,0.010854816824966093,0.009426551453258974,0.4023668639053253,-0.4963099630996309,0.46423751686909615,-0.2302483069977426,-1.357
-0.12712712712712712,-0.6323713927227104,-0.44090305444887123,-0.7936031984007998,-0.5615960099750623,0.2924608819345664,0.0,0.6375176304654444,0.36655683690279983,-0.07267297162767543,1.0374087591240895,-1.0520304568527918,1.1187904967602595,0.33568627450980404,0.0697336561743333,-0.36363636363636354,0.45247446975648026,-0.05917159763313614,-0.011070110701107022,-0.41025641025640996,1.4085778781038374,-1.401
-0.12512512512512514,1.018820577164367,1.3652058432934926,-1.069465267366317,0.3381546134663336,-0.05689900426742514,0.0,0.677009873060649,0.3369028006589781,0.09855649576903955,-0.3658759124087573,-0.48604060913705577,-0.3628509719222462,-0.23843137254901958,-0.22857142857142906,0.1953867028493897,-0.059701492537313806,0.4437869822485206,0.27859778597785984,-0.12415654520917628,0.8803611738148983,-1.423
-0.12312312312312312,0.010037641154328746,0.5843293492695881,0.1839080459770117,-1.4593516209476307,1.3917496443812236,0.0,1.5063469675599437,-1.3533772652388818,1.7411647585863619,-0.520985401459853,0.37690355329949243,0.22894168466522705,1.3239215686274517,-1.1351089588377723,0.3256445047489828,0.7541241162608002,1.0059171597633134,0.5332103321033211,0.4750337381916333,-0.6568848758465009,-1.189
-0.12112112112112113,0.2358845671267255,0.38247011952191234,-1.2453773113443283,1.243890274314214,-1.3246088193456615,0.0,-0.16361071932298996,1.7751235584843508,-1.7272274763563962,-0.8020072992700717,-1.031725888324873,0.5874730021598275,-0.7529411764705882,0.31186440677966004,-0.8575305291723208,-2.1618224666142964,0.3372781065088757,-0.7675276752767527,-1.646423751686909,1.2708803611738149,-1.945
-0.11911911911911911,-0.40150564617314927,-0.11155378486055785,-0.2638680659670168,0.010972568578553289,0.29473684210526313,0.0,0.28772919605077585,0.09802306425041178,0.10652065704330536,0.5848540145985417,0.0647208121827411,-0.3930885529157667,0.21019607843137283,0.0697336561743333,1.2862957937584811,1.1154752553024339,-0.023668639053254458,0.26568265682656833,0.4588394062078276,0.9887133182844243,-1.409
-0.11711711711711711,0.5922208281053954,0.31872509960159356,-0.7636181909045477,-0.8069825436408978,0.6110953058321481,0.0,1.0380818053596617,0.16227347611202586,0.2538576406172229,-0.20529197080291775,-0.9479695431472079,1.6717062634989206,0.8627450980392161,-0.8309927360774818,-0.47218453188602444,0.38648860958365977,-0.30769230769230776,0.771217712177122,1.0040485829959516,0.6997742663656885,-1.439
-0.11511511511511512,0.05018820577164373,0.08499335989375836,-0.39180409795102406,-0.06683291770573581,0.13541963015647254,0.0,0.9083215796897041,-0.391268533772654,0.3056246888999507,-0.6122262773722613,0.5241116751269036,0.23758099352051865,-0.12862745098039197,-0.3835351089588383,-0.35820895522388047,-0.2168106834249815,0.09467455621301767,-0.3081180811808119,-0.5829959514170039,-0.24604966139954834,-1.32
-0.11311311311311312,-0.4165621079046424,-0.3399734395750332,0.6876561719140429,1.128179551122194,-1.145945945945946,0.0,-0.6770098730606489,0.4456342668863255,-1.1896465903434545,1.0082116788321187,0.8362944162436549,-1.9006479481641472,-1.23921568627451,1.6174334140435824,0.5101763907734058,-1.404556166535742,-0.23076923076923078,-1.2675276752767526,0.18353576248313105,-0.3769751693002255,-1.628
-0.1111111111111111,1.8168130489335015,0.844621513944223,-1.7511244377811097,-0.882793017456359,0.9741109530583216,0.0,0.8293370944992949,-0.2627677100494244,0.8909905425584873,-0.49178832116788207,-1.663705583756345,1.0799136069114474,1.433725490196079,-1.292009685230024,-0.3147896879240161,0.7069913589945004,0.6982248520710058,2.1697416974169745,-1.2307692307692302,1.4808126410835214,-1.157
-0.1091091091091091,0.5972396486825597,0.053120849933598974,-0.30784607696151917,1.6428927680797991,-1.602275960170698,0.0,-1.0493653032440058,1.5642504118616156,-1.8666002986560484,-0.04288321167883104,0.39720812182741116,-0.8725701943844494,-1.6125490196078436,0.7631961259079884,0.01628222523744914,-0.8798114689709352,0.6686390532544377,-0.9132841328413284,-0.8475033738191627,0.12641083521444704,-1.821
-0.10710710710710711,-1.079046424090339,-1.030544488711819,-0.7696151924037984,-0.02094763092269361,0.5815078236130871,0.0,0.3159379407616362,-0.12932454695222567,0.3613738178198109,-0.09762773722627674,-0.5038071065989848,-0.6047516198704106,-0.29490196078431374,-0.3254237288135594,-0.8141112618724564,0.10997643362136585,0.26627218934911234,0.02767527675276776,0.7503373819163293,0.7178329571106096,-1.348
-0.10510510510510511,0.8331242158092853,0.0,-0.6616691654172915,0.6413965087281791,-0.7761024182076821,0.0,0.10719322990126949,0.8377265238879741,-0.7894474863115978,-0.497262773722626,-0.47081218274111664,0.16414686825054015,-0.8094117647058824,-0.1937046004842624,-0.32021709633649914,-0.5278868813825611,0.7337278106508875,0.018450184501845036,-0.23751686909581604,0.3544018058690745,-1.656
-0.1031031031031031,-0.8983688833124216,-0.19654714475431592,0.4217891054472762,-0.4498753117206986,0.16273115220483625,0.0,-0.19746121297602243,-0.5939044481054373,0.29566948730711823,0.27645985401459927,0.5697969543147208,0.03455723542116635,-0.4298039215686277,0.2673123486682805,-0.45047489823609227,0.5121759622937934,-1.1420118343195267,-0.4059040590405904,-0.7665317139001343,-0.20993227990970645,-1.384
-0.1011011011011011,0.4466750313676286,0.244355909694555,-1.2713643178410796,-0.3960099750623442,0.6270270270270274,0.0,-0.02820874471086008,-0.5313014827018139,0.6540567446490796,0.5228102189781041,-0.2246192893401015,-0.1295896328293738,-0.19137254901960774,0.07748184019370462,1.0746268656716425,0.8798114689709338,-1.0532544378698225,0.1531365313653138,0.00539811066126856,1.18510158013544,-1.284
-0.0990990990990991,-0.8782936010037641,-1.5830013280212483,-0.7116441779110444,0.9605985037406476,-0.825035561877667,0.0,-1.2919605077574048,0.663097199341022,-0.7954206072672974,-0.21989051094890316,0.34390862944162437,-1.1922246220302382,-1.305098039215687,0.09685230024213035,-0.1411126187245592,-0.4713275726630017,-0.28994082840236696,-1.188191881918819,-1.5816464237516863,0.29796839729119634,-1.575
-0.0970970970970971,-0.4466750313676286,-0.6215139442231075,0.08395802098950579,-0.32817955112219455,0.30270270270270283,0.0,1.0888575458392105,-0.1210873146622738,0.06470881035341006,0.9698905109489055,0.31091370558375636,-0.7688984881209507,-0.10352941176470568,0.8329297820823234,0.4341926729986437,1.011783189316574,0.4437869822485206,-0.4391143911439115,0.0809716599190284,0.2370203160270882,-1.444
-0.09509509509509509,-0.32622333751568366,-0.18592297476759612,0.009995002498750414,-0.018952618453865457,0.043243243243243044,0.0,-0.6544428772919605,-0.6482701812191117,0.07665505226480879,0.7217153284671551,0.19416243654822338,-0.24190064794816443,-0.24156862745098037,0.20532687651331682,0.37991858887381325,-0.3362136684996077,-0.7455621301775147,-0.4501845018450185,0.22132253711201097,-0.31376975169300214,-1.523
-0.09309309309309309,0.19071518193224615,-0.35590969455511284,-0.9835082458770618,0.3760598503740645,-0.3504978662873399,0.0,0.04513399153737663,0.8920922570016472,-0.4469885515181682,0.6341240875912427,-0.3743654822335025,-0.6090712742980564,-0.2039215686274509,0.6644067796610165,1.2103120759837185,-0.19481539670070777,-0.05325443786982253,-0.202952029520295,-0.32388663967611303,1.3769751693002255,-1.45
-0.09109109109109109,-0.20577164366373873,1.391766268260292,0.32383808095952016,-0.8129675810473816,1.0617354196301567,0.0,0.366713681241185,-1.2957166392092283,1.683424589347935,-0.218065693430656,-0.1535532994923857,0.807775377969763,0.8878431372549024,-0.6547215496368045,1.0094979647218458,0.996072270227807,0.0059171597633136145,0.675276752767528,1.6572199730094461,-0.18058690744920983,-1.189
-0.0890890890890891,-0.2459222082810537,-0.03187250996015938,-0.6056971514242879,-0.513715710723192,0.4244665718349933,0.0,0.5867418899858958,-0.32701812191103846,0.10652065704330536,-0.6012773722627727,-0.833756345177665,0.5313174946004321,0.8376470588235299,-1.1196125907990313,0.3582089552238811,0.39591516103692015,-0.18343195266272197,0.5701107011070112,-1.8137651821862344,0.2189616252821672,-1.344
-0.08708708708708708,0.1254705144291093,0.9296148738379812,0.48775612193903106,-1.1321695760598502,0.8238975817923191,0.0,1.5119887165021157,-1.425864909390447,1.0164260826281737,-0.20711678832116653,-0.1408629441624366,0.008639308855291588,1.1764705882352946,-0.74769975786925,0.7381275440976938,0.2608012568735262,-0.8698224852071007,0.6457564575645759,0.7611336032388664,-0.46952595936794567,-1.171
-0.08508508508508508,-0.17063989962358866,-0.6055776892430278,-0.8435782108945529,0.3960099750623438,-0.29473684210526363,0.0,-0.022566995768688,1.1095551894563436,-0.6620209059233447,0.06478102189781158,-1.0672588832487309,1.4643628509719229,0.29803921568627456,0.10072639225181515,-0.8303934871099056,-0.03770620581304008,0.6331360946745561,0.11070110701107022,-2.013495276653171,0.9164785553047403,-1.672
-0.08308308308308308,-0.27603513174403993,0.01593625498007969,1.3093453273363327,0.6034912718204481,-0.7522048364153625,0.0,-0.3667136812411845,0.03212520593080704,-0.7177700348432055,0.28010948905109684,1.9124365482233503,0.2159827213822897,-0.5176470588235293,0.7167070217917656,0.26594301221166927,0.0,0.9763313609467453,-0.9778597785977862,0.27530364372469657,-1.63882618510158,-1.707
-0.08108108108108109,-0.5119196988707655,-1.2058432934926957,0.9075462268865573,-0.3760598503740649,0.3527738264580372,0.0,-0.3554301833568406,-1.249588138385505,0.775510204081633,-0.07572992700729782,0.5139593908629442,-0.17278617710583175,0.09411764705882365,-0.598547215496368,0.32021709633649975,0.7792615868028269,0.1893491124260355,0.46678966789667925,1.543859649122807,-1.099322799097065,-1.271
-0.07907907907907907,0.07026348808030122,0.749003984063745,0.23188405797101477,0.6832917705735654,-0.8682788051209106,0.0,0.23131170662905523,1.0897858319604614,-1.3330014932802392,0.27098540145985456,-0.5190355329949238,0.008639308855291588,-0.8125490196078435,0.7418886198547211,-0.7164179104477616,-0.7855459544383343,0.31360946745562124,-0.49261992619926187,-0.1079622132253706,0.1580135440180588,-1.876
-0.07707707707707707,1.4654956085319957,0.5258964143426292,-0.10194902548725583,0.5376558603491267,-0.4039829302987204,0.0,-0.016925246826515923,0.3912685337726525,-0.39323046291687375,0.15967153284671595,0.7220812182741115,-0.3628509719222462,-0.6839215686274511,0.44358353510895876,0.5698778833107193,-0.4713275726630017,-0.6153846153846154,-0.49446494464944657,0.1619433198380568,0.08352144469525966,-1.569
-0.07507507507507508,-1.0087829360100378,-1.237715803452855,0.023988005997001526,0.06683291770573536,-0.2583214793741114,0.0,-0.22566995768688283,-0.2710049423393748,-0.24191139870582373,0.34945255474452636,-0.0444162436548223,-0.9719222462203025,0.025098039215686308,0.17046004842615017,-1.1614654002713707,0.04399057344854606,-0.017751479289940843,0.11439114391143923,-0.12415654520917628,0.0880361173814899,-1.399
-0.07307307307307308,0.21079046424090364,0.2177954847277555,-0.06796601699150388,0.645386533665835,-0.7396870554765298,0.0,-0.32722143864598024,0.7751235584843492,-0.3852663016426084,0.5848540145985417,-0.008883248730964475,-0.5917926565874733,-0.291764705882353,0.5946731234866814,-1.2048846675712352,-1.0746268656716416,-0.20710059171597642,-0.6328413284132842,-0.7071524966261807,0.41760722347629803,-1.607
-0.07107107107107107,0.451693851944793,-0.7702523240371846,-0.19590204897551203,0.13067331670822915,-0.42560455192034113,0.0,0.31029619181946416,0.554365733113673,-0.16625186660029853,0.15602189781022002,0.16370558375634517,-0.4017278617710583,-0.7717647058823529,0.5849878934624686,-0.1736770691994575,-0.4996072270227814,0.3846153846153846,-1.0719557195571956,0.45344129554655904,-0.16704288939051906,-1.616
-0.06906906906906907,-0.7327478042659978,-0.010624169986719795,1.1194402798600704,-0.603491271820449,0.36756756756756764,0.0,1.1057827926657264,-1.1293245469522264,0.5007466401194627,0.8385036496350385,0.9276649746192894,-1.3563714902807782,0.35137254901960796,0.6973365617433399,0.5590230664857532,0.6441476826394337,-0.48520710059171607,-0.3726937269372693,1.4143049932523615,-0.8306997742663655,-1.314
-0.06706706706706707,0.8030112923462991,0.6268260292164674,0.3558220889555222,-0.5835411471321698,0.34139402560455184,0.0,0.12976022566995782,-0.40609555189456414,0.8810353409656551,0.4461678832116795,0.3870558375634518,0.963282937365011,0.7403921568627454,-0.04067796610169471,-0.09226594301221179,0.25451688923801946,1.2248520710059168,0.7749077490774909,0.03238866396761136,-0.5823927765237018,-1.374
-0.06506506506506507,-0.451693851944793,0.07436918990703857,1.0734632683658172,-0.6773067331670823,0.5792318634423899,0.0,-0.2877291960507757,-0.7339373970345987,0.1941264310602293,1.6268248175182491,0.9530456852791878,0.17278617710583175,0.8533333333333337,0.7767554479418878,0.5210312075983718,-0.3707776904948948,0.301775147928994,-0.27675276752767514,1.2145748987854255,-0.3047404063205416,-1.412
-0.06306306306306306,0.8230865746549566,-0.7861885790172642,0.9355322338830587,-0.0029925187032420076,-0.35960170697012794,0.0,-0.33850493653032443,0.1935749588138383,-0.35141861622697845,0.006386861313869935,0.43781725888324874,0.4881209503239742,0.41098039215686294,0.07748184019370462,0.35278154681139806,-0.38334642576590816,0.5029585798816567,-0.007380073800738015,0.6315789473684209,-1.0135440180586905,-1.786
-0.06106106106106106,1.1543287327478047,1.0624169986719787,0.09795102448775601,-0.04887780548628465,-0.2241820768136559,0.0,0.4456981664315939,0.18204283360790655,-0.3315082130413139,-0.1541970802919696,-0.019035532994923873,-0.4190064794816415,-0.012549019607843154,0.050363196125907575,0.31478968792401674,-0.7101335428122542,0.6153846153846152,-0.19003690036900367,-0.14035087719298195,0.06546275395033865,-1.565
-0.05905905905905906,0.33124215809284857,1.333333333333333,0.9335332333833087,0.7072319201995007,-0.7510668563300147,0.0,1.2581100141043726,-0.21334431630972045,-0.4848183175709306,-0.3494525547445247,1.3439086294416243,-0.6047516198704106,-0.3011764705882353,-0.13559322033898352,0.4341926729986437,-1.2097407698350355,0.5325443786982248,-0.9815498154981551,0.5290148448043189,-1.3273137697516928,-1.436
-0.057057057057057055,0.09535759096612308,-1.0571049136786184,0.9855072463768116,1.0503740648379043,-1.1778093883357046,0.0,-0.13540197461212958,0.3879736408566712,-1.0960676953708315,-0.6140510948905094,0.5824873096446701,-0.8509719222462203,-1.3113725490196084,0.06392251815980524,-1.850746268656717,-0.8860958366064412,0.03550295857988152,-1.24169741697417,-0.1781376518218619,-1.6004514672686228,-1.72
-0.055055055055055056,-0.14052697616060245,-1.243027888446215,-1.0774612693653174,0.35810473815461286,-0.1388335704125177,0.0,-0.1015514809590971,0.804777594728171,-1.1040318566450973,0.10675182481751905,-0.833756345177665,-0.09071274298056166,0.04392156862745104,-0.06585956416465022,-0.9660786974219812,0.0659858601728198,0.24852071005917148,-0.21586715867158673,-1.3765182186234812,0.8758465011286681,-1.779
-0.05305305305305305,-0.8481806775407779,-1.6201859229747677,0.5257371314342828,0.5895261845386529,-0.6782361308677102,0.0,-1.923836389280677,0.9003294892915975,-0.5744151319064212,0.5593065693430669,-0.663705583756345,0.4017278617710583,-0.7749019607843141,0.7186440677966088,-1.8127544097693358,-0.29222309505106026,0.16568047337278102,0.12546125461254626,-0.3184885290148444,-0.11963882618510142,-1.749
-0.05105105105105105,0.47176913425345046,-0.33466135458167323,0.21389305347326384,0.5197007481296755,-0.2184921763869135,0.0,0.4062059238363895,0.0551894563426676,-0.10054753608760578,-0.36405109489051013,0.15101522842639592,-0.05183585313174952,-0.6839215686274511,-0.43777239709443155,-0.8086838534599734,-0.4273369992144542,1.6449704142011832,-0.5977859778597784,1.0256410256410258,-0.5462753950338598,-1.424
-0.04904904904904905,-0.5621079046424092,0.3134130146082337,0.5137431284357825,0.058852867830423636,-0.0591749644381224,0.0,-0.2708039492242595,0.2561779242174617,-0.45296167247386737,0.6888686131386867,0.008883248730964475,0.3930885529157667,0.015686274509803942,0.7070217917675528,-0.34192672998643137,-0.4619010212097413,-0.6863905325443788,-0.3339483394833946,-0.2429149797570846,-0.060948081264108146,-1.602
-0.04704704704704705,-0.49686323713927233,-0.8233731739707836,-1.1094452773613195,0.004987531172069717,0.1980085348506401,0.0,-0.9703808180535965,0.20345963756177937,-0.5186660029865605,-0.4114963503649623,-0.5088832487309644,0.5053995680345573,0.4705882352941179,-0.5346246973365619,0.3364993215739489,-0.24509033778476122,0.17751479289940827,0.245387453874539,-1.0148448043184881,0.7494356659142213,-1.61
-0.04504504504504504,-0.8331242158092848,0.037184594953519286,0.7436281859070465,-0.6154613466334167,0.6520625889046944,0.0,-0.03385049365303216,-1.3995057660626051,0.5027376804380294,-0.23448905109488857,0.516497461928934,0.0,0.3388235294117648,-0.32736077481840264,-1.2103120759837183,1.0714846818538872,0.07692307692307682,0.21955719557195594,0.1079622132253712,-1.4334085778781036,-1.43
-0.043043043043043044,0.8130489335006278,-0.4674634794156707,0.439780109945028,1.317705735660847,-0.9263157894736846,0.0,-0.236953455571227,0.48023064250411784,-0.7735191637630661,0.4060218978102208,0.38959390862944165,-1.023758099352052,-1.1450980392156864,0.8523002421307491,-0.765264586160109,0.07227022780832577,0.11834319526627213,-0.9428044280442803,-0.1619433198380562,-0.24379232505643322,-1.757
-0.04104104104104104,-0.03513174404015061,0.589641434262948,0.0,-0.15261845386533707,0.5029871977240402,0.0,0.1861777150916786,-0.4373970345963766,0.44101543056246906,0.11222627737226377,1.0824873096446699,-0.1295896328293738,-0.19450980392156852,-0.12590799031477065,0.7381275440976938,0.26708562450903284,-0.05917159763313614,-0.25645756457564584,0.6963562753036436,-0.04063205417607201,-1.241
-0.03903903903903904,1.4102885821831876,1.7317397078353252,1.2133933033483266,0.1466334164588526,-0.26287339971550494,0.0,0.7954866008462624,-0.1375617792421761,0.2538576406172229,0.931569343065694,1.4479695431472082,-0.09935205183585324,-0.3639215686274511,0.889104116222759,1.3242876526458622,-0.8766692851531822,-0.349112426035503,-0.7767527675276754,-0.20512820512820468,-0.4966139954853272,-1.369
-0.037037037037037035,0.45671267252195735,0.2602921646746347,-0.1679160419790107,0.6513715710723186,-0.48022759601706955,0.0,0.5528913963328634,0.4752883031301473,-0.7416625186660029,-0.542883211678831,0.25761421319796957,-0.12526997840172802,-0.7529411764705882,-0.20920096852300335,-0.2930800542740839,-0.449332285938728,1.2781065088757393,-0.5313653136531367,-0.37246963562753005,-0.11286681715575604,-1.544
-0.035035035035035036,1.1292346298619826,0.9296148738379812,-0.7076461769115442,0.7491271820448874,-1.0469416785206263,0.0,0.19181946403385067,1.3270181219110384,-1.0662020905923346,-0.43339416058393965,-0.7423857868020304,0.4622030237580994,0.3858823529411766,-0.03292978208232511,0.021709633649932187,-0.9803613511390421,0.378698224852071,0.17158671586715885,-0.2537112010796217,0.8465011286681714,-1.658
-0.03303303303303303,-0.2459222082810537,-1.0358565737051788,0.10594702648675652,1.6428927680797991,-1.3928876244665724,0.0,-0.2877291960507757,0.827841845140033,-1.227476356396217,-0.3512773722627719,-0.07233502538071065,-0.15982721382289436,-1.5905882352941183,0.24019370460048348,-1.421981004070557,-1.92930086410055,0.03550295857988152,-1.4704797047970481,-1.1066126855600535,-0.1625282167042888,-1.629
-0.031031031031031032,0.6223337515683817,0.4727755644090306,0.19790104947526282,0.18653366583541123,-0.4950213371266,0.0,-0.011283497884343845,0.28747940691927415,-0.47884519661523145,-0.2545620437956187,0.6967005076142132,0.5485961123110153,-0.028235294117647095,0.04842615012106431,0.09226594301221179,-0.3205027494108414,0.9763313609467453,-0.12730627306273054,-0.9986504723346824,-0.22347629796839721,-1.593
-0.02902902902902903,1.3249686323713932,-0.4302788844621514,0.587706146926537,1.5650872817955106,-1.7923186344238984,0.0,-0.693935119887165,1.3698517298187811,-1.0263812842210054,0.7107664233576657,1.034263959390863,-0.9157667386609073,-1.1011764705882354,1.445036319612589,-0.4287652645861601,-2.149253731343283,0.514792899408284,-1.025830258302583,-0.12955465587044485,-0.20993227990970645,-1.652
-0.02702702702702703,0.7026348808030116,0.4621513944223108,0.20389805097451252,-0.19052369077306755,0.35960170697012794,0.0,0.31029619181946416,-0.4835255354201006,0.31956197112991563,0.6231751824817532,0.019035532994923873,-0.57451403887689,-0.14431372549019592,0.28474576271186297,-0.059701492537313515,0.5404556166535731,0.39053254437869805,0.3579335793357935,-0.14574898785425053,0.11963882618510167,-1.412
-0.025025025025025027,-1.5006273525721459,0.16998671978751673,-0.7416291854072965,-0.5915211970074815,0.30270270270270283,0.0,0.5980253878702401,0.4126853377265239,0.5326032852165259,-0.07025547445255308,-1.3083756345177664,0.6825053995680349,0.6713725490196084,-0.20338983050847528,0.0,0.42419481539669984,-0.6272189349112426,0.28966789667896686,-0.15114709851551908,1.3702031602708804,-1.449
-0.023023023023023025,-0.4165621079046424,0.6480743691899069,0.36181909045477284,-0.2244389027431426,0.14452347083926062,0.0,-0.3554301833568406,-0.163920922570018,0.07267297162767587,0.34032846715328563,-0.27791878172588835,0.11231101511879063,0.3011764705882353,0.27506053268765013,-0.3473541383989144,0.06912804399057278,-0.2721893491124261,0.5239852398523986,0.6207827260458844,0.2866817155756207,-1.456
-0.021021021021021023,0.8531994981179428,0.37715803452855245,1.43528235882059,-0.5496259351620947,0.334566145092461,0.0,-0.4682651622002819,-0.5000000000000014,0.5087108013937285,1.3713503649635053,1.310913705583756,-0.514038876889849,1.010196078431373,0.9414043583535099,-0.4341926729986431,0.40848389630793347,1.2071005917159763,0.5774907749077492,2.439946018893387,-0.9661399548532729,-1.376
-0.01901901901901902,-0.3362609786700124,-1.349269588313413,-1.1694152923538232,0.5097256857855357,-0.8534850640113801,0.0,-0.3610719322990124,1.318780889621088,-1.0124440019910406,-0.3658759124087573,-0.9479695431472079,1.1144708423326137,-0.38901960784313744,-0.013559322033899384,-1.1071913161465403,-0.39905734485467453,-0.31952662721893493,-0.16051660516605162,-0.2699055330634274,1.2121896162528216,-1.715
-0.01701701701701702,0.7578419071518198,0.13280212483399745,0.09395302348825621,0.5396508728179544,-0.7089615931721199,0.0,0.24823695345557145,0.5395387149917629,-0.9347934295669486,1.334854014598541,0.3540609137055838,-0.7041036717062639,-0.4517647058823532,1.6116222760290544,0.021709633649932187,-0.8043990573448551,-0.6627218934911243,-0.48892988929889286,0.49122807017543896,0.33182844243792325,-1.661
-0.015015015015015015,-0.3362609786700124,-0.7861885790172642,-0.7936031984007998,0.37007481296758044,0.043243243243243044,0.0,-0.6375176304654443,-0.35996705107084154,0.4051767048282729,-0.16514598540145908,-0.9175126903553298,0.35421166306695456,-0.3105882352941177,-0.5694915254237294,-0.24966078697421953,-0.043990573448547454,0.10059171597633128,0.2988929889298894,0.0,0.5462753950338599,-1.308
-0.013013013013013013,2.323713927227103,1.142098273572377,-1.6271864067966018,0.13266832917705687,0.07396870554765288,0.0,0.38363892806770117,0.32537067545304776,0.18218018914883058,-0.7655109489051082,-1.5545685279187815,0.7041036717062639,-0.6650980392156864,-0.9104116222760289,-0.4341926729986431,0.22623723487823977,0.3846153846153846,0.6346863468634689,-1.1713900134952764,1.3995485327313768,-1.656
-0.011011011011011011,-0.38644918444165616,0.010624169986719795,-0.30384807596201935,-0.10673316708229443,0.12403982930298722,0.0,0.2425952045133994,-0.5955518945634279,0.08461921353907459,-0.6906934306569331,0.25761421319796957,0.2548596112311018,0.018823529411764732,-0.5326876513317195,0.27679782903663536,0.021995286724272332,-0.035502958579881685,0.07011070110701115,0.19433198380566816,0.04514672686230252,-1.273
-0.009009009009009009,0.0,-0.20717131474103573,1.647176411794104,1.058354114713216,-0.805689900426743,0.0,0.09590973201692533,0.38138385502471145,-0.9805873568939772,1.2326642335766431,1.6230964467005073,-0.9157667386609073,-0.3325490196078432,0.910411622276028,0.2930800542740845,-0.4524744697564809,-0.05917159763313614,-0.9926199261992622,-0.28609986504723306,-0.9390519187358913,-1.646
-0.007007007007007007,-0.23588456712672495,-0.8552456839309429,1.2353823088455773,0.5755610972568571,-0.6270270270270274,0.0,-0.7165021156558531,-0.0074135090609558085,-0.5126928820308609,0.028284671532847246,0.7398477157360406,-0.5788336933045358,-0.9756862745098045,0.5462469733656171,-1.2700135685210316,-0.5153181461115478,-0.36686390532544383,-1.0369003690036898,0.134952766531714,-1.1399548532731374,-1.581
-0.005005005005005005,-1.1944792973651195,-0.5205843293492693,0.9075462268865573,-0.4399002493765587,0.6179231863442394,0.0,-0.6431593794076164,-0.7322899505766081,0.4091587854654058,1.7454379562043814,1.2220812182741116,-0.6306695464362854,0.3168627450980393,1.0983050847457607,0.16824966078697445,0.24194815396700614,0.8994082840236683,-0.020295202952029336,0.9392712550607288,-0.45823927765237005,-1.4
-0.003003003003003003,-0.35131744040150553,0.4302788844621514,1.6071964017991014,-1.3715710723192016,1.0947368421052637,0.0,1.3088857545839212,-1.5461285008237255,1.378795420607268,1.4242700729927023,1.5266497461928934,-0.12095032397408222,1.173333333333334,0.6857142857142855,0.10854816824966093,1.0997643362136675,0.7692307692307692,0.44649446494464967,1.6140350877192982,-1.422121896162528,-1.144
-0.001001001001001001,-0.6875784190715185,-0.8924302788844622,-0.23788105947026447,-0.8788029925187031,0.572403982930299,0.0,0.9365303244005644,-0.28418451400329575,0.7675460428073672,-0.3348540145985393,-1.3032994923857866,0.4017278617710583,0.55843137254902,-0.8503631961259084,-1.183175033921303,0.29536527886881325,0.39053254437869805,0.6309963099630999,0.1889338731443996,0.34085778781038373,-1.365
0.001001001001001001,-0.823086574654956,-0.849933598937583,-0.3298350824587708,-0.3341645885286786,-0.13541963015647204,0.0,-0.011283497884343845,-0.19686985172981963,-0.1124937779990045,-0.37682481751824676,-0.12309644670050765,-0.6522678185745143,0.42666666666666686,-0.3215496368038746,-0.18995929443690662,-0.30479183032207363,-0.6153846153846154,0.18634686346863488,-0.5290148448043183,-0.10609480812641066,-1.425
0.003003003003003003,1.079046424090339,0.10624169986719795,0.14992503748125977,-1.0284289276807979,0.8955903271692748,0.0,0.2538787023977435,-1.5280065897858348,0.9566948730711803,-0.5830291970802906,-0.3946700507614213,0.7904967602591797,0.8313725490196082,-0.8251815980629538,-0.3853459972862957,1.3228593872741543,-0.0059171597633136145,0.7767527675276754,1.295546558704454,-1.0474040632054173,-1.437
0.005005005005005005,0.020075282308657492,0.4249667994687915,0.5437281359320346,-0.322194513715711,0.5007112375533429,0.0,-0.03385049365303216,-0.5543657331136759,0.49875559980089645,0.5136861313868618,0.10279187817258885,-0.7257019438444928,0.2698039215686278,-0.14334140435835485,0.5698778833107193,0.12254516889237921,0.5325443786982248,0.38007380073800756,0.642375168690958,0.04514672686230252,-1.32
0.007007007007007007,0.045169385194479356,-0.10092961487383806,0.3938030984507748,-0.8468827930174565,1.1834992887624471,0.0,0.6431593794076165,-1.6087314662273504,0.946739671478348,-0.4297445255474437,0.016497461928934025,0.7688984881209507,0.7403921568627454,-1.2067796610169488,0.2442333785617371,0.3582089552238801,-0.24852071005917165,0.2988929889298894,1.3279352226720647,-0.6568848758465009,-1.318
0.009009009009009009,-0.612296110414053,-0.29216467463479406,0.24187906046976518,-0.00498753117207016,-0.043243243243243044,0.0,-0.6770098730606489,-0.2067545304777607,-0.18417122946739636,0.6195255474452573,0.4276649746192894,-1.0194384449244063,0.28549019607843173,0.3273607748184009,-0.054274084124830466,0.08169677926158614,0.05325443786982236,0.4778597785977863,-0.03238866396761136,-0.004514672686230251,-1.432
0.011011011011011011,-0.20075282308657436,-0.7808764940239044,-1.8370814592703655,0.980548628428927,-0.5291607396870555,0.0,0.03949224259520455,1.091433278418452,-1.2653061224489799,-0.6833941605839404,-1.1840101522842637,-0.1987041036717065,-0.5019607843137255,0.24019370460048348,0.1953867028493897,-0.39591516103692154,0.4437869822485206,-0.13653136531365287,-0.6099865047233467,1.5282167042889392,-1.788
0.013013013013013013,-0.38143036386449175,-0.8446215139442231,0.15992003998001017,0.5775561097256853,-0.5348506401137979,0.0,-0.5585331452750352,0.3451400329489285,-0.12842210054753614,0.4625912408759137,0.9022842639593909,-0.5226781857451406,-0.32627450980392164,0.7476997578692475,0.47218453188602444,-0.5498821681068349,0.33136094674556205,-0.8542435424354242,0.8205128205128205,-0.12189616252821654,-1.498
0.015015015015015015,0.7026348808030116,-0.13811420982735734,0.7096451774112945,-0.15660847880299292,-0.3049786628733996,0.0,-0.2877291960507757,0.05189456342668773,-0.4350423096067695,1.0702554744525563,1.6434010152284262,-0.5831533477321816,0.13176470588235312,1.2745762711864388,0.2225237449118049,-0.8829536527886882,-0.3254437869822485,-0.544280442804428,-0.45344129554655843,-1.099322799097065,-1.602
0.01701701701701702,0.4065244667503142,-1.3120849933598935,1.091454272863569,1.0423940149625925,-1.477098150782362,0.0,-0.8857545839210154,0.5016474464579892,-0.4489795918367344,0.0045620437956211506,0.6205583756345178,-0.742980561555076,-0.7811764705882356,0.3835351089588366,-0.5047489823609227,-1.3417124901806752,-0.11834319526627228,-0.48154981549815484,-0.11336032388663916,-0.37020316027088024,-1.476
0.01901901901901902,0.5269761606022586,-0.19123505976095603,-0.4417791104447779,0.04887780548628376,-0.09331436699857738,0.0,-0.9083215796897037,0.5098846787479411,-0.14634146341463397,0.19434306569343152,0.04187817258883252,0.14686825053995697,0.08470588235294128,0.3254237288135577,1.1451831750339219,0.1885310290651997,0.6568047337278106,-0.1457564575645756,0.0269905533063428,0.5033860045146729,-1.425
0.021021021021021023,-0.30614805520702615,0.32403718459495345,0.14592703648175906,-1.3117206982543639,1.4440967283072552,0.0,0.45698166431593806,-1.727347611202639,0.8949726231956202,-0.08667883211678727,-0.5215736040609137,-0.2073434125269981,1.4619607843137261,-1.0460048426150124,-0.21709633649932186,1.0463472113118604,-0.8757396449704142,1.190036900369004,-0.188933873144399,-0.3724604966139954,-1.291
0.023023023023023025,-0.47678795483061487,-0.04780876494023908,0.963518240879561,0.08678304239401467,-0.44039829302987166,0.0,-0.6600846262341326,-0.4275123558484355,-0.357391737182678,-0.18704379562043638,0.6713197969543148,-1.265658747300216,-0.1223529411764704,-0.11815980629539934,0.45590230664857595,-0.38963079340141415,-1.0769230769230769,0.12177121771217725,-0.7665317139001343,-0.914221218961625,-1.34
0.025025025025025027,-0.20577164366373873,0.6215139442231075,-0.2718640679660173,0.8688279301745628,-0.9752489331436706,0.0,0.6205923836389282,0.46375617792421703,-0.6879044300647088,0.0629562043795628,0.38959390862944165,-0.5399568034557237,-0.9003921568627455,0.33510895883777225,0.5101763907734058,-0.7258444619010219,-0.017751479289940843,-0.29335793357933587,-0.36167341430499295,-0.018058690744921006,-1.478
0.02702702702702703,0.37641154328732795,-0.3665338645418326,-0.3498250874562716,-0.7471321695760599,0.41194879089615954,0.0,-0.6262341325811001,-0.23640856672158247,0.6640119462419118,-0.7417883211678821,0.062182741116751254,-1.3779697624190066,0.5709803921568631,-0.18208232445520628,-0.5156037991858888,-0.2827965435978013,1.6094674556213016,0.10701107011070121,0.18353576248313105,-0.056433408577877896,-1.338
0.02902902902902903,0.4265997490589717,0.06905710491367867,1.5772113943028494,-0.11471321695760615,0.0398293029871979,0.0,-0.41748942172073317,-0.8574958813838562,0.6002986560477853,0.6687956204379566,1.9606598984771575,-0.721382289416847,-0.015686274509803942,0.528813559322033,0.054274084124830466,0.36449332285938674,1.0059171597633134,-0.07195571955719544,1.4035087719298245,-1.1376975169300225,-1.063
0.031031031031031032,0.11543287327478056,0.5524568393094288,-0.38780609695152424,0.20648379052369054,-0.310668563300142,0.0,0.19181946403385067,0.2627677100494229,-0.48282727725236435,-0.3038321167883197,-0.20431472081218272,-0.639308855291577,0.17568627450980415,-0.07748184019370462,0.3853459972862963,0.3016496465043199,0.1124260355029585,-0.2656826568265681,-1.0850202429149793,0.3521444695259594,-1.457
0.03303303303303303,-0.29109159347553304,-0.20717131474103573,0.01599200399800102,-0.5955112219451374,0.4347083926031297,0.0,-0.3667136812411845,-0.18863261943986923,0.5326032852165259,0.7016423357664251,0.11294416243654824,-0.6004319654427648,0.21333333333333362,-0.0581113801452789,0.27679782903663536,-0.056559308719560816,-0.44970414201183434,0.345018450184502,0.4156545209176791,0.4966139954853274,-1.315
0.035035035035035036,0.8381430363864497,-0.2018592297476758,0.18790604697651153,0.0967581047381541,0.08762446657183498,0.0,-0.45133991537376567,-0.12767710049423503,-0.1622697859631656,0.25821167883211793,-0.12309644670050765,0.8898488120950325,-0.3137254901960785,-0.26731234866828224,-0.7924016282225242,-0.41162608012568785,-0.09467455621301783,-0.0977859778597785,-1.2631578947368416,-0.34988713318284415,-1.555
0.037037037037037035,1.279799247176914,-0.3027888446215139,0.11194402798600712,1.0284289276807972,-0.9058321479374117,0.0,-0.2313117066290549,1.0749588138385513,-0.4609258337481332,1.533759124087592,1.3058375634517765,-0.8768898488120951,-1.9105882352941181,1.8518159806295378,0.7815468113975581,-0.7604084838963076,0.378698224852071,-1.1605166051660518,-0.6855600539811065,0.5801354401805868,-1.499
0.03903903903903904,0.41656210790464293,-0.2496679946879149,-0.27986006996501783,-0.30822942643391527,0.05462304409672838,0.0,-0.11283497884344126,-0.45057660626029755,0.39123942259830796,-0.5319343065693416,-0.21700507614213196,-0.11663066954643643,-0.025098039215686308,-0.43970944309927396,0.5535956580732702,-0.2168106834249815,-0.14201183431952666,-0.4077490774907747,0.2914979757085022,-0.4018058690744919,-1.503
0.04104104104104104,0.5420326223337517,-0.35590969455511284,-0.45577211394302813,0.006982543640897427,-0.05462304409672838,0.0,0.6544428772919606,-0.17874794069192815,0.19213539074166264,-0.5045620437956188,-0.2753807106598985,0.5399568034557237,-0.1819607843137254,-0.2808716707021799,-0.27137042062415173,-0.19795758051846077,-0.668639053254438,-0.42435424354243545,-1.3873144399460184,-0.047404063205417395,-1.4
0.043043043043043044,0.7979924717691347,0.3399734395750332,-0.32783608195902086,0.8349127182044882,-0.5553342816500718,0.0,-1.1114245416078983,0.7141680395387151,-0.733698357391737,-0.745437956204378,-0.6763959390862943,-0.38444924406047515,-0.7686274509803924,-0.15883777239709576,0.4830393487109906,-0.3770620581304008,-0.2721893491124261,-0.0959409594095942,-2.0080971659919022,0.600451467268623,-1.479
0.04504504504504504,0.3713927227101636,0.005312084993359898,0.07996001999000509,-0.1366583541147136,0.10014224751066869,0.0,0.04513399153737663,-0.4373970345963766,-0.13837730214036817,0.41149635036496557,-0.024111675126903504,-0.09071274298056166,-0.291764705882353,0.3796610169491518,0.5481682496607871,0.29536527886881325,-0.3372781065088758,-0.1623616236162359,0.912280701754386,-0.2595936794582391,-1.539
0.04704704704704705,-0.015056461731493118,0.09030544488711827,1.2253873063468268,1.1999999999999993,-1.0901849217638697,0.0,0.03385049365303247,0.5296540362438218,-0.9706321553011448,0.5958029197080312,1.4403553299492384,-1.6846652267818576,-1.3333333333333337,1.6581113801452771,0.884667571234736,-1.1720345640219954,0.2899408284023668,-1.2970479704797047,0.5668016194331988,-0.6410835214446952,-1.697
0.04904904904904905,0.14052697616060245,-1.0146082337317393,0.5437281359320346,1.068329177057356,-0.8887624466571834,0.0,-0.9478138222849083,0.21663920922570032,-0.8969636635141862,0.20164233576642504,0.5951776649746193,-2.5485961123110163,-0.9882352941176477,0.9627118644067788,-0.1953867028493897,-1.256873527101336,0.43195266272189337,-0.911439114391144,-0.0809716599190278,-0.9029345372460494,-1.64
0.05105105105105105,-0.09033877038895871,0.8818061088977422,-0.3938030984507748,-1.475311720698254,0.9968705547652918,0.0,0.3779971791255291,-1.2018121911037916,1.4046789447486319,-0.3567518248175166,0.19416243654822338,0.514038876889849,1.349019607843138,-0.7496368038740924,0.9877883310719136,1.1091908876669272,0.07692307692307682,0.9741697416974171,0.12415654520917688,-0.21896162528216695,-1.258
0.05305305305305305,0.7728983688833129,0.15936254980079692,-1.8470764617691158,1.950124688279301,-1.9448079658605977,0.0,-1.0211565585331452,2.3962108731466247,-2.324539571926332,-0.09580291970802796,-1.3388324873096444,0.31101511879049665,-1.7129411764705886,0.39709443099273595,-0.9118046132971507,-1.6999214454045566,-1.1301775147928994,-0.7287822878228783,-0.5290148448043183,2.0519187358916477,-1.947
0.055055055055055056,-1.2396486825595985,-1.0039840637450195,0.07996001999000509,0.22842892768079756,-0.1524893314367003,0.0,0.4062059238363895,0.1672158154859964,-0.2956694873071178,1.0009124087591252,0.39720812182741116,0.38876889848812096,-0.09411764705882365,0.8484261501210643,0.01628222523744914,-0.587588373919875,-0.1952662721893492,-0.6180811808118082,0.404858299595142,0.35665914221218964,-1.556
0.057057057057057055,0.9084065244667509,0.5577689243027887,1.045477261369316,-0.9506234413965087,0.7260312944523473,0.0,-0.6600846262341326,-0.7800658978583213,0.8272772523643608,0.8695255474452565,1.3718274111675126,0.16414686825054015,1.0321568627450985,0.333171912832929,1.3134328358208962,0.23880597014925314,0.4497041420118342,0.4557195571955722,0.863697705802969,-0.9593679458239275,-1.402
0.05905905905905906,-0.3011292346298618,-0.8711819389110226,-0.47776111944027977,0.20049875311720652,0.07169274537695612,0.0,-0.8406205923836387,-0.17545304777594828,0.2439024390243904,-0.42609489051094773,0.3870558375634518,0.5961123110151191,0.3984313725490198,-0.26150121065375415,1.0529172320217102,-0.13511390416339397,0.4260355029585797,0.27859778597785984,-0.4372469635627528,-0.17832957110609468,-1.407
0.06106106106106106,-0.49686323713927233,0.06905710491367867,-0.48975512243878094,0.016957605985037306,0.13086770981507853,0.0,0.2933709449929479,-0.22817133443163207,0.19611747137879554,-0.7947080291970791,0.35913705583756345,-0.4622030237580994,-0.7560784313725493,-0.6547215496368045,0.6621438263229311,0.23252160251374646,-0.6627218934911243,-0.7453874538745386,-0.12955465587044485,-0.0067720090293453775,-1.404
0.06306306306306306,-0.4818067754077792,-1.8592297476759625,-0.9275362318840582,1.0723192019950119,-0.7339971550497864,0.0,-0.7672778561354018,0.6548599670510701,-1.0582379293180686,-0.4753649635036487,-0.4403553299492386,-0.32829373650107985,-0.6054901960784315,0.1685230024213069,-0.4396200814111262,0.02513747054202672,-1.1005917159763312,-0.7712177121771218,-0.9986504723346824,0.9300225733634311,-1.606
0.06506506506506507,-0.3613550815558343,-0.26560424966799456,-0.9775112443778111,0.5735660847880294,-0.3163584637268844,0.0,-0.7108603667136812,0.7191103789126856,-0.8870084619213542,-0.5392335766423343,-0.8464467005076142,-0.7127429805615555,-1.0133333333333339,-0.3602905569007269,-0.043419267299864374,0.17596229379418635,0.2958579881656804,-0.3708487084870846,-0.1079622132253706,0.690744920993228,-1.627
0.06706706706706707,0.3262233375156842,-0.6268260292164674,0.0959520239880061,0.83291770573566,-0.7556187766714082,0.0,-1.314527503526093,0.25782537067545236,-0.8531607765057242,-0.4370437956204372,0.1205583756345178,-1.4168466522678194,-0.978823529411765,0.26537530266343723,-0.35820895522388047,-0.5121759622937948,0.11834319526627213,-0.5055350553505537,-0.5290148448043183,-0.23702031602708784,-1.699
0.06906906906906907,0.2609786700125474,-0.2284196547144753,0.009995002498750414,-0.12069825436409017,0.3960170697012802,0.0,-0.5811001410437234,0.06672158154859935,-0.36933797909407673,0.4917883211678845,-0.2626903553299493,0.15982721382289436,0.34823529411764714,-0.061985472154963694,0.12483039348711007,0.6881382560879804,-0.13017751479289943,0.5848708487084873,-1.0634278002699051,0.5485327313769751,-1.543
0.07107107107107107,-0.040150564617314984,0.4355909694555113,0.9355322338830587,-0.6433915211970077,0.8512091038406834,0.0,-0.4626234132581098,-1.0485996705107101,0.5246391239422601,0.9498175182481771,0.6129441624365481,-0.5097192224622031,0.3168627450980393,-0.03292978208232511,0.26051560379918626,1.0274941084053404,-0.7633136094674556,0.47601476014760175,1.3063427800269902,-0.6704288939051917,-1.418
0.07307307307307308,0.336260978670013,0.36122177954847273,-0.7236381809095452,-0.6952618453865339,0.6145092460881937,0.0,0.8124118476727787,-0.03706754530477904,0.7117969138875068,0.6341240875912427,-0.4200507614213198,0.15982721382289436,0.018823529411764732,0.30605326876513195,-0.9172320217096337,0.6661429693637066,1.5680473372781065,0.5442804428044282,0.45344129554655904,0.4559819413092552,-1.402
0.07507507507507508,0.045169385194479356,0.4621513944223108,0.23388305847076468,-0.04289276807980063,-0.1911806543385493,0.0,-0.05641748942172047,-0.25617792421746466,0.07665505226480879,-0.7144160583941592,-0.2652284263959391,0.5485961123110153,-0.0784313725490197,-0.6043583535108961,-0.17910447761194054,-0.12254516889238061,-0.36686390532544383,-0.29335793357933587,-2.1160593792172735,-0.06320541760722327,-1.536
0.07707707707707707,0.12045169385194494,-1.088977423638778,1.7371314342828594,-0.04289276807980063,0.3527738264580372,0.0,-0.20310296191819452,-1.2957166392092283,0.40119462419114,0.407846715328468,1.851522842639594,-2.1123110151187916,-0.028235294117647095,0.17239709443099172,0.07598371777476265,0.5655930871955998,1.0532544378698223,-0.32656826568265696,0.8097165991902834,-2.2189616252821667,-1.365
0.07907907907907907,-0.03513174404015061,-0.05843293492695888,0.815592203898051,-0.431920199501247,0.022759601706970157,0.0,-0.6375176304654443,-0.2858319604612864,0.638128422100548,1.659671532846716,1.0545685279187815,0.07775377969762429,0.3074509803921569,0.7922518159806287,0.6350067842605158,0.5467399842890798,-0.0828402366863906,-0.31734317343173424,0.34547908232118785,-0.3386004514672685,-1.504
0.08108108108108109,0.08531994981179433,-0.7171314741035856,1.3813093453273373,1.1082294264339145,-0.46657183499288796,0.0,-1.8110014104372354,-0.46046128500823863,-0.7098058735689396,0.1797445255474461,0.7576142131979695,-1.9611231101511883,-1.154509803921569,0.49588377723970783,-0.9660786974219812,-0.42419481539670123,0.10650887573964489,-0.4077490774907747,-0.03238866396761136,-1.4401805869074489,-1.573
0.08308308308308308,-1.1242158092848185,-0.6162018592297476,0.9915042478760623,0.5456359102244384,-0.4699857752489336,0.0,-1.1509167842031027,-0.30889621087314845,-0.12643106022896944,0.8713503649635053,1.2728426395939088,-0.4190064794816415,-0.5270588235294118,0.6276029055690066,0.21166892808683882,-0.29536527886881464,-0.40236686390532544,-0.47785977859778583,0.35627530364372495,-0.4740406320541759,-1.455
0.08508508508508508,-1.1242158092848185,0.03187250996015938,-0.29385307346326806,-0.7890274314214465,0.5371266002844952,0.0,0.5416078984485192,-0.8723228995057679,1.171727227476357,-0.4844890510948894,-0.549492385786802,0.4751619870410368,0.37960784313725504,-1.0460048426150124,-0.531886024423338,0.9143754909662208,-1.1775147928994083,0.38376383763837657,1.592442645074224,0.05869074492099327,-1.262
0.08708708708708708,-0.06524466750313684,0.5471447543160689,0.815592203898051,0.31022443890274254,-0.49274537695590326,0.0,1.2468265162200285,0.028830313014825703,-0.679940268790443,0.1906934306569356,0.4606598984771573,-0.5658747300215985,-0.5584313725490196,0.3254237288135577,-0.17910447761194054,-0.4399057344854676,-1.0,-1.025830258302583,0.49122807017543896,-0.7381489841986454,-1.624
0.0890890890890891,1.1493099121706403,0.9083665338645418,-0.9315342328835584,0.3022443890274308,-0.14793741109530575,0.0,0.3892806770098733,0.4291598023064247,-0.5206570433051267,-0.4443430656934291,-0.7525380710659898,0.898488120950324,0.282352941176471,-0.37578692493946786,0.7544097693351429,-0.4681853888452473,0.03550295857988152,0.12546125461254626,-1.1066126855600535,0.8261851015801354,-1.743
0.09109109109109109,-0.6373902132998748,-0.32403718459495345,-0.3998000999500246,-0.04488778054862878,-0.14907539118065466,0.0,0.2425952045133994,0.386326194398682,0.6361373817819815,-0.06660583941605713,-1.7779187817258884,0.04751619870410373,-0.3701960784313727,0.11815980629539934,-1.3677069199457266,-0.13511390416339397,-0.6982248520710059,-0.007380073800738015,0.29689608636977083,0.7742663656884876,-1.436
0.09309309309309309,0.336260978670013,-0.37715803452855245,0.3598200899550229,1.096259351620947,-1.1766714082503558,0.0,-0.9478138222849083,0.5032948929159798,-0.46291687406669985,-0.6359489051094874,0.5774111675126904,-1.0799136069114474,-0.8407843137254902,0.09685230024213035,-0.4776119402985075,-0.8923802042419485,-0.30769230769230776,-0.6051660516605164,-1.516869095816464,-0.6117381489841984,-1.617
0.09509509509509509,-0.451693851944793,0.3081009296148738,0.48975512243878094,-0.5615960099750623,0.44608819345661455,0.0,-0.016925246826515923,-1.0485996705107101,0.7914385266301647,-0.34762773722627593,1.7119289340101522,0.31533477321814246,0.3545098039215687,-0.5365617433414043,1.5739484396200822,0.3110761979575796,-0.6390532544378699,-0.5313653136531367,0.3238866396761136,-0.659142212189616,-1.281
0.0970970970970971,2.193224592220829,-0.40371845949535196,-1.6431784107946028,-0.6773067331670823,0.5792318634423899,0.0,-0.5585331452750352,-0.056836902800659735,0.5604778496764563,-0.7673357664233562,-1.813451776649746,0.45356371490280784,0.6745098039215691,-0.8058111380145281,-0.7544097693351429,1.1437549096622144,1.5739644970414202,1.8339483394833953,-0.04858299595141644,1.2415349887133185,-1.302
0.0990990990990991,-0.9686323713927228,-0.2709163346613545,0.6096951524237886,-0.7072319201995015,0.839829302987198,0.0,0.7842031029619184,-1.2858319604612871,1.233449477351917,-0.30930656934306444,0.5215736040609137,1.14902807775378,0.8376470588235299,-0.7651331719128334,1.3677069199457266,0.8986645718774539,-0.40236686390532544,0.21402214022140242,0.38326585695006776,-0.602708803611738,-1.201
0.1011011011011011,-0.040150564617314984,-0.7330677290836652,0.2678660669665166,0.920698254364089,-1.2688477951635853,0.0,-1.5909732016925249,0.5823723228995056,-0.9288203086112494,-0.0611313868613124,0.9733502538071066,-0.9244060475161988,-1.0321568627450988,0.46295399515738445,0.0705563093622796,-1.1091908876669287,0.08284023668639044,-1.186346863468635,-0.22132253711201036,-0.5801354401805867,-1.688
0.1031031031031031,0.2760351317440405,-0.29747675962815395,-0.8255872063968019,0.3461346633416453,-0.5860597439544807,0.0,1.1001410437235544,1.422570016474465,-0.6580388252862118,-0.19251824817518112,-0.8007614213197969,1.3218142548596117,0.031372549019607884,-0.0058111380145280615,-0.09769335142469485,-1.7627651217596234,1.4615384615384615,-0.3948339483394834,-0.2429149797570846,0.672686230248307,-1.708
0.10510510510510511,-0.010037641154328746,-1.4501992031872508,-0.33783108445777127,-0.8209476309226933,0.9718349928876249,0.0,-1.3370944992947813,-0.8344316309719957,0.7336983573917375,-0.5520072992700717,-1.280456852791878,2.012958963282938,0.1568627450980394,-0.9956416464891039,-1.3297150610583452,0.15082482325215962,0.05325443786982236,0.6291512915129154,0.1619433198380568,0.1489841986455983,-1.325
0.10710710710710711,0.025094102885821864,-0.2496679946879149,0.9595202398800602,0.2244389027431417,0.10355618776671434,0.0,0.2425952045133994,-0.10790774299835286,-0.0945744151319062,1.057481751824818,0.534263959390863,0.1295896328293738,0.009411764705882366,0.9046004842615,0.18453188602442358,0.24194815396700614,0.4615384615384614,-0.18819188191881897,0.46423751686909615,-0.49209932279909696,-1.426
0.1091091091091091,-1.691342534504392,-1.4023904382470118,0.06996501749125468,0.1785536159600995,-0.1331436699857753,0.0,-0.1579689703808179,0.17380560131795614,-0.200099552015928,0.19981751824817626,-0.7550761421319796,-0.6781857451403891,-0.018823529411764732,0.5617433414043581,-0.4993215739484397,-0.5750196386488615,-0.48520710059171607,-0.11254612546125452,-0.7989203778677457,0.43340857787810394,-1.492
0.1111111111111111,0.4015056461731498,1.0889774236387781,-1.1594202898550725,0.09077306733167054,-0.2116642958748222,0.0,0.7954866008462624,0.8558484349258656,0.08262817322050792,-0.7235401459854,-0.6865482233502537,-0.4622030237580994,-0.1819607843137254,-0.7573849878934629,0.542740841248304,-0.4996072270227814,0.5680473372781065,0.35239852398524,-0.41025641025640996,1.1647855530474043,-1.554
0.11311311311311312,1.0338770388958602,0.4462151394422311,0.4197901049475263,-0.3401496259351622,0.5860597439544811,0.0,0.3046544428772921,-0.6433278418451412,-0.14634146341463397,0.7673357664233585,0.8540609137055838,-0.6133909287257022,0.6368627450980398,0.49200968523002303,1.3948439620081419,0.5278868813825597,-0.911242603550296,0.21586715867158693,0.09176788124156553,-0.3950338600451465,-1.55
0.11511511511511512,0.8030112923462991,-1.50332005312085,-0.9095452273863068,-0.30224438902743167,-0.045519203413940314,0.0,0.14668547249647404,0.4028006589785828,0.8491786958685917,0.7655109489051114,-0.782994923857868,0.2764578833693308,0.266666666666667,0.5617433414043581,0.4070556309362285,-0.07541241162608016,1.3017751479289938,-0.11439114391143883,-0.36167341430499295,1.2460496613995486,-1.418
0.11711711711711711,0.09033877038895871,0.15936254980079692,-0.9435282358820591,-1.790523690773067,1.2153627311522053,0.0,0.4795486600846264,-0.7948929159802329,1.3409656545545052,0.9644160583941624,-1.118020304568528,0.2678185745140392,1.2831372549019615,-0.24987893462469804,0.3962008141112624,1.0714846818538872,0.20118343195266256,1.1826568265682658,0.6855600539811065,0.9458239277652369,-1.278
0.11911911911911911,-0.16060225846925993,0.8764940239043824,0.4437781109445278,-0.1306733167082296,0.3095305832147936,0.0,0.48519040902679844,-1.1062602965403643,-0.12045793927327031,-0.48813868613138534,1.1713197969543148,-0.5788336933045358,0.0,-0.4493946731234868,1.1180461329715068,0.018853102906519342,-1.2662721893491125,-0.6881918819188193,0.269905533063428,-0.7968397291196386,-1.359
0.12112112112112113,0.24592220828105427,0.5524568393094288,-0.22588705647176416,0.3720698254364086,-0.14338549075391224,0.0,0.9365303244005644,0.0551894563426676,-0.4808362369337977,0.013686131386861831,0.315989847715736,-1.049676025917927,-0.5364705882352941,0.3622276029055676,0.7706919945725921,0.42419481539669984,-0.47337278106508884,-0.38376383763837635,-0.45344129554655843,0.029345372460496635,-1.653
0.12312312312312312,-0.4667503136762861,-0.29747675962815395,-0.5417291354322838,0.1266832917705733,0.3357041251778094,0.0,-0.8462623413258109,-0.445634266886327,0.12842210054753614,0.03375912408759198,-0.27284263959390864,-0.23326133909287286,-0.49882352941176467,0.003874092009684801,-0.7272727272727276,0.6504320502749403,0.3491124260355029,-0.042435424354243384,0.28609986504723367,0.24830699774266385,-1.405
0.12512512512512514,0.4215809284818073,0.12217795484727764,-0.6096951524237881,0.11072319201994985,0.017069701280227743,0.0,-0.236953455571227,0.08649093904448003,0.22598307615729255,-0.48083941605839264,0.11802030456852795,0.742980561555076,-0.2635294117647059,-0.7012106537530273,0.8521031207598377,0.48389630793401367,0.7218934911242603,0.1955719557195574,-1.7489878542510116,0.10383747178329579,-1.359
0.12712712712712712,-0.4366373902132999,-0.09030544488711827,-0.849575212393803,1.032418952618453,-0.7692745376955907,0.0,-0.18617771509167827,0.6993410214168034,-0.8571428571428571,-0.6304744525547435,-0.09263959390862946,-0.31101511879049665,-1.0196078431372555,-0.2518159806295413,1.1560379918588881,0.015710919088766352,-0.0059171597633136145,-0.41512915129151273,-0.1619433198380562,0.54176072234763,-1.585
0.12912912912912913,-0.05018820577164373,-0.8818061088977425,0.02198900549725162,0.04688279301745605,0.0,0.0,-0.24823695345557115,-0.43080724876441684,0.28372324539571947,0.21259124087591288,0.2398477157360406,-0.3758099352051836,0.13176470588235312,-0.11815980629539934,0.6078697421981006,-0.5027494108405344,-0.349112426035503,-0.22878228782287804,-0.2321187584345475,-0.09932279909706529,-1.454
0.13113113113113112,-0.10037641154328746,-0.4780876494023905,-0.017991004497750922,-0.7172069825436409,0.6953058321479378,0.0,0.21438645980253898,-0.6169686985172993,1.3011448481831762,0.006386861313869935,-0.33629441624365475,0.5010799136069116,0.4517647058823532,-0.37384987893462546,-0.35820895522388047,0.6504320502749403,-0.7100591715976331,0.5535055350553507,0.24831309041835375,0.020316027088036134,-1.37
0.13313313313313313,1.279799247176914,0.98804780876494,-0.18590704647676162,-2.325187032418952,2.293029871977241,0.0,1.0211565585331455,-2.340197693574962,2.125435540069687,-0.5155109489051082,-1.8489847715736039,0.7170626349892012,1.7035294117647066,-1.8924939467312343,-1.2157394843962013,2.205813040062842,1.408284023668639,2.2693726937269374,1.446693657219973,-0.4492099322799095,-0.982
0.13513513513513514,-0.7377666248431622,-1.0783532536520581,1.1514242878560723,1.1900249376558596,-0.8568990042674257,0.0,-0.16361071932298996,0.3187808896210866,-1.5082130413140866,0.2417883211678837,0.4987309644670051,-1.766738660907128,-0.5458823529411765,0.8154963680387392,-1.4436906377204892,-0.2513747054202672,0.5207100591715975,-0.88929889298893,-0.4264507422402156,-1.0699774266365687,-1.719
0.13713713713713713,0.3814303638644923,0.07436918990703857,1.2313843078460776,0.40598503740648323,-0.39260312944523457,0.0,1.145275035260931,0.07166392092256989,-0.12444001991040322,-0.8001824817518237,1.4200507614213198,0.807775377969763,-0.6807843137254904,-0.3874092009685231,0.765264586160109,0.0659858601728198,0.5680473372781065,-0.5202952029520297,-0.15654520917678763,-1.3544018058690743,-1.495
0.13913913913913914,1.9422835633626105,1.795484727755644,-0.5797101449275365,-0.7291770573566085,0.6429587482219062,0.0,0.20310296191819482,-0.15074135090609705,0.5126928820308614,-0.028284671532845623,-0.8769035532994921,0.6220302375809937,0.48000000000000026,-0.6663438256658597,0.8466757123473547,0.6661429693637066,-0.3431952662721894,0.6697416974169744,0.539811066126856,0.8306997742663655,-1.429
0.14114114114114115,0.8983688833124222,0.6905710491367861,-0.5637181409295354,-0.9266832917705735,1.0219061166429593,0.0,0.10155148095909741,-0.6383855024711707,0.4051767048282729,-0.32025547445255387,-0.41751269035532995,0.6306695464362854,1.286274509803922,-1.2377723970944308,-0.13025780189959313,0.48075412411625995,0.12426035502958574,0.9317343173431738,0.9068825910931175,0.5756207674943566,-1.345
0.14314314314314314,0.6925972396486829,-0.6746347941567065,-0.23988005997001527,0.5556109725685778,-0.5997155049786632,0.0,-0.6036671368124118,0.9744645799011542,-0.7197610751617721,0.42062043795620624,-0.9124365482233501,0.5917926565874733,-0.29490196078431374,0.33510895883777225,-1.5142469470827689,-0.5593087195600952,1.3313609467455618,0.38007380073800756,-0.6261808367071524,0.11512415349887142,-1.675
0.14514514514514515,-0.5269761606022586,-0.18061088977423623,-0.29385307346326806,0.9625935162094758,-1.106116642958749,0.0,-0.4456981664315936,0.9958813838550256,-0.40915878546540535,-0.04653284671532699,0.19923857868020306,0.1425485961123112,-0.5898039215686275,0.4532687651331716,0.3853459972862963,-0.9363707776904946,0.011834319526627229,-0.7269372693726937,-0.04318488529014848,0.5778781038374717,-1.523
0.14714714714714713,0.15056461731493118,0.2709163346613545,-0.9295352323838081,0.5177057356608473,-0.45291607396870537,0.0,-0.6093088857545839,0.5939044481054359,-0.6022896963663515,0.9151459854014615,-0.029187817258883204,0.1382289416846654,-1.1482352941176475,0.7050847457627112,0.531886024423338,-0.17596229379418704,0.07692307692307682,-0.4797047970479706,-1.004048582995951,1.2979683972911964,-1.6
0.14914914914914915,1.0890840652446678,1.4501992031872508,-0.5997001499250373,0.529675810473815,-0.8910384068278813,0.0,0.6431593794076165,1.014003294892917,-1.0144350423096067,-0.1943430656934299,0.18147208121827413,0.37149028077753776,-1.0917647058823534,0.14915254237288117,0.4450474898236098,-0.7164179104477615,-0.0059171597633136145,-0.49446494464944657,-0.831309041835357,0.3182844243792325,-1.85
0.15115115115115116,-1.4454203262233383,-1.8539176626826026,-0.40979510244877587,-0.24039900249376558,0.23328591749644398,0.0,-1.2073342736248236,0.08978583196045992,0.5843703334992537,0.8184306569343084,-1.1256345177664975,-0.2807775377969761,0.16627450980392178,0.464891041162226,-1.8127544097693358,0.5498821681068334,-0.8224852071005917,0.5535055350553507,0.4156545209176791,0.5507900677200902,-1.611
0.15315315315315314,-0.331242158092848,-0.40371845949535196,-0.4277861069465268,1.1620947630922684,-1.0913229018492177,0.0,-0.236953455571227,0.8064250411861617,-1.036336485813838,-0.6888686131386852,-0.15101522842639586,-0.15118790496760276,-1.242352941176471,-0.18401937046004954,-0.13568521031207617,-0.6818538884524744,0.12426035502958574,-0.8487084870848709,-1.684210526315789,0.250564334085779,-1.579
0.15515515515515516,-0.707653701380176,-0.9933598937582997,-0.4237881059470261,-1.1022443890274312,0.8113798008534854,0.0,0.056417489421720785,-0.8970345963756191,1.436535589845695,0.07025547445255632,-1.0088832487309642,0.721382289416847,0.9756862745098045,-0.5501210653753028,-0.11397557666214399,0.015710919088766352,-0.13017751479289943,0.6457564575645759,0.3508771929824564,0.5440180586907448,-1.232
0.15715715715715717,-0.4165621079046424,-0.6693227091633465,0.7716141929035487,-1.3197007481296756,1.4725462304409678,0.0,0.6600846262341328,-2.1359143327841874,1.3330014932802394,0.05383211678832212,0.7474619289340101,-0.7516198704103676,0.05960784313725498,-0.8251815980629538,-0.03256445047489828,0.9269442262372335,-0.3905325443786983,0.18634686346863488,0.588394062078273,-1.0270880361173813,-1.077
0.15915915915915915,0.03513174404015061,0.541832669322709,-0.3558220889555222,0.4658354114713211,-0.7100995732574679,0.0,0.5698166431593796,-0.017298187808896887,0.22996515679442547,-0.6359489051094874,0.6154822335025381,-0.699784017278618,-0.8564705882352945,-0.06004842615012216,0.9497964721845326,-1.4799685781618221,0.3668639053254438,-0.8985239852398523,-1.5600539811066123,-0.11963882618510142,-1.387
0.16116116116116116,0.9736511919698877,0.9933598937583,0.49975012493753135,0.2862842892768073,-0.20142247510668526,0.0,0.9083215796897041,0.17215815485996694,-0.40517670482827245,0.606751824817519,0.26776649746192893,-0.02591792656587476,0.34196078431372556,0.666343825665858,0.6892808683853463,-0.2199528672427345,-0.0414201183431953,0.4040590405904061,0.23751686909581665,-0.2144469525959367,-1.698
0.16316316316316315,-0.958594730238394,-0.29216467463479406,0.2718640679660173,0.6413965087281791,-0.3436699857752486,0.0,0.5021156558533146,-0.1902800658978599,-0.45097063215530114,-0.24361313868613088,-0.2296954314720812,0.14686825053995697,-1.0541176470588238,-0.1162227602905578,-1.6933514246947088,-0.028279654359781106,-0.14792899408284027,-0.5184501845018449,-0.4750337381916327,-0.4311512415349885,-1.459
0.16516516516516516,-0.5069008782936011,-0.2496679946879149,0.023988005997001526,-0.06284289276807994,-0.007965860597439681,0.0,0.33850493653032454,-0.11779242174629394,0.024888003982081,-0.3658759124087573,-0.19162436548223347,-1.0410367170626353,-0.8627450980392161,-0.06004842615012216,-0.3364993215739483,-0.5216025137470551,-0.0414201183431953,-0.8542435424354242,-1.5438596491228067,0.1580135440180588,-1.334
0.16716716716716717,-0.2860727728983687,0.4727755644090306,-0.10794602698650643,-0.2244389027431426,0.20597439544807977,0.0,-0.2877291960507757,0.14579901153212504,0.08661025385764083,-0.2618613138686122,-0.30583756345177654,-0.4838012958963284,0.34196078431372556,-0.31186440677966176,0.33107191316146584,-0.13825608798114697,-0.6094674556213018,0.1937269372693729,0.6855600539811065,0.15124153498871343,-1.565
0.16916916916916916,-0.16562107904642429,0.5471447543160689,0.4337831084457774,-0.08678304239401512,-0.0728307254623045,0.0,-0.09026798307475295,-1.1952224052718312,-0.24987555998008956,-0.43156934306569245,0.9302030456852791,-0.8077753779697624,-0.08470588235294128,-0.33510895883777314,0.3582089552238811,0.22623723487823977,-0.1952662721893492,-0.5738007380073801,-0.3184885290148444,-1.2370203160270876,-1.456
0.17117117117117117,-0.707653701380176,0.14873837981407714,1.1894052973513252,-0.40399002493765596,0.460881934566145,0.0,0.3272214386459804,-0.8080724876441538,0.6401194624191144,1.30565693430657,0.40736040609137053,-0.6868250539956807,0.43294117647058844,0.5423728813559306,-1.3351424694708283,0.9897879025923003,-0.25443786982248523,0.4501845018450187,1.2145748987854255,-0.950338600451467,-1.429
0.17317317317317318,-0.06524466750313684,0.8552456839309428,0.40779610194902594,-0.513715710723192,0.8921763869132291,0.0,1.6417489421720737,-0.969522240527185,0.5485316077650575,-0.26003649635036347,0.6434010152284264,0.18574514038876913,0.87843137254902,-1.0285714285714282,0.8303934871099056,0.9646504320502736,0.3491124260355029,0.031365313653136766,0.9662618083670717,-1.058690744920993,-1.378
0.17517517517517517,-0.44165621079046424,-0.4940239043824699,-0.47776111944027977,-0.15461346633416478,0.05348506401137999,0.0,-0.1579689703808179,0.13591433278418397,0.07267297162767587,-0.168795620437955,-0.32106598984771567,0.4233261339092873,0.04392156862745104,0.18401937046004782,-0.2333785617367704,-0.8923802042419485,0.3846153846153846,-0.2970479704797049,0.7179487179487178,0.44469525959367956,-1.533
0.17717717717717718,0.34629861982434174,0.4674634794156707,0.6316841579210403,0.18054862842892722,-0.20142247510668526,0.0,-0.011283497884343845,-0.4851729818780898,-0.12842210054753614,0.27098540145985456,0.31091370558375636,-0.8466522678185746,-0.16313725490196065,0.09491525423728708,-0.40162822252374486,-0.20738413197172115,0.2721893491124259,-0.1494464944649446,1.0418353576248316,-0.81941309255079,-1.495
0.17917917917917917,1.2697616060225851,1.2111553784860556,-0.16191904047976008,-0.2862842892768082,0.5086770981507827,0.0,0.9647390691114248,-0.10626029654036366,0.17421602787456478,0.8439781021897816,0.019035532994923873,-0.23326133909287286,0.09411764705882365,0.4881355932203382,1.3568521031207605,0.49018067556952033,-0.23668639053254442,0.22509225092250945,0.4318488529014848,0.48081264108352156,-1.514
0.18118118118118118,-1.4705144291091594,-1.285524568393094,-0.5017491254372812,-0.5037406483790525,0.3266002844950214,0.0,-1.2016925246826515,-0.23805601317957314,0.39123942259830796,0.03375912408759198,-1.3743654822335025,1.6501079913606918,0.7121568627450983,-0.546246973365618,-0.9715061058344642,0.29850746268656625,-0.8520710059171598,0.6346863468634689,0.8313090418353577,0.43566591422121903,-1.477
0.1831831831831832,0.31618569636135546,0.8233731739707834,1.629185407296352,0.6573566084788025,-0.4654338549075391,0.0,0.056417489421720785,-0.42421746293245566,-0.18018914883026346,-0.21989051094890316,1.5799492385786802,-0.6738660907127433,-0.38901960784313744,-0.22082324455205946,0.9009497964721852,-0.0062843676355073775,0.9704142011834318,-0.6457564575645754,0.404858299595142,-1.5959367945823926,-1.372
0.18518518518518517,1.159347553324969,-0.2868525896414342,1.5612193903048484,-0.938653366583541,0.8716927453769562,0.0,0.981664315937941,-0.9168039538715013,0.6918865107018422,0.9662408759124096,1.1637055837563453,-0.32397408207343403,0.8125490196078435,0.2711864406779653,0.17910447761194054,0.9332285938727403,1.1124260355029585,0.2952029520295204,1.0904183535762486,-1.3047404063205414,-1.428
0.1871871871871872,-0.2609786700125468,0.01593625498007969,0.6636681659170414,0.042892768079800185,-0.05348506401137999,0.0,0.42313117066290573,0.2792421746293237,0.19611747137879554,1.754562043795622,0.8819796954314721,-0.514038876889849,-0.34196078431372556,1.408232445520579,0.1411126187245592,0.6064414768263936,-0.7041420118343196,-0.5608856088560883,0.2051282051282053,-0.15575620767494344,-1.557
0.1891891891891892,0.45671267252195735,0.17529880478087662,1.0854572713643185,-0.1366583541147136,0.1388335704125177,0.0,0.22002820874471107,-0.2084019769357499,-0.04081632653061218,1.208941605839417,0.7373096446700507,0.272138228941685,0.5960784313725495,0.6740920096852293,0.542740841248304,0.16025137470541928,0.39053254437869805,-0.07749077490774915,0.5290148448043189,-0.7313769751693,-1.446
0.19119119119119118,-0.3161856963613549,-0.4355909694555113,-0.5497251374312844,0.2783042394014956,-0.24352773826458093,0.0,0.7108603667136815,-0.14415156507413585,0.13240418118466904,-0.5739051094890498,-0.5266497461928934,0.28077753779697656,-0.5803921568627451,-0.6101694915254241,0.4830393487109906,-0.0942655145326009,-0.047337278106508916,-0.3505535055350553,-0.6045883940620781,0.2189616252821672,-1.437
0.1931931931931932,-0.8833124215809285,-0.3930942895086321,-0.6196901549225385,-0.2483790523690773,0.10241820768136545,0.0,-0.07334273624823671,0.0024711696869838063,-0.20806371329019382,-0.7782846715328456,-0.8362944162436549,1.3909287257019443,0.17882352941176494,-0.5578692493946733,-0.44504748982360925,0.20424194815396604,-1.029585798816568,-0.031365313653136356,-0.32388663967611303,0.3295711060948081,-1.579
0.19519519519519518,-0.045169385194479356,-0.5365205843293491,-0.21389305347326296,0.2423940149625933,-0.47681365576102386,0.0,-0.6375176304654443,0.6861614497528825,-0.8033847685415632,0.34945255474452636,0.3362944162436548,0.24622030237581022,-0.7184313725490199,0.5849878934624686,0.010854816824966093,-0.7132757266300085,-0.017751479289940843,-0.5645756457564574,-0.46963562753036414,0.3544018058690745,-1.902
0.1971971971971972,0.8180677540777922,0.4462151394422311,0.4477761119440285,0.34413965087281756,0.364153627311522,0.0,0.48519040902679844,-0.822899505766064,0.21602787456446007,-0.5739051094890498,0.8007614213197969,-0.39740820734341253,-0.22274509803921563,-0.5907990314769975,-0.5753052917232023,0.6284367635506666,1.8520710059171597,-0.24538745387453878,0.9068825910931175,-1.0090293453724604,-1.323
0.1991991991991992,-0.10539523212045182,0.35590969455511284,0.4617691154422787,-0.18653366583541167,0.184352773826458,0.0,1.4047954866008465,-0.20345963756178084,-0.0527625684420109,1.0501824817518262,0.6230964467005076,-0.6004319654427648,0.19764705882352968,0.18789346246973262,1.0257801899592949,-0.1885310290652004,-0.36094674556213024,-0.5977859778597784,1.1443994601889342,-0.5101580135440179,-1.544
0.2012012012012012,0.9937264742785452,-0.5577689243027887,0.28385807096451765,1.287780548628428,-1.2688477951635853,0.0,-0.9421720733427362,1.2940691927512369,-0.918865107018417,0.2436131386861325,0.5520304568527918,-0.2850971922246219,-0.9913725490196081,1.1409200968522986,-0.2822252374491178,-0.6347211311861753,0.12426035502958574,-0.38191881918819165,-0.14574898785425053,-0.020316027088036134,-1.732
0.2032032032032032,-0.22584692597239622,-0.9508632138114211,0.701649175412294,-0.12867830423940188,0.3960170697012802,0.0,-0.2595204513399153,-0.18039538714991882,-0.23394723743155793,0.6012773722627743,0.0647208121827411,-0.11231101511879063,0.04078431372549025,0.06779661016949004,-0.027137042062415233,0.6472898664571867,-0.1656804733727811,-0.046125461254612386,-0.12415654520917628,-0.6343115124153498,-1.689
0.20520520520520522,1.47051442910916,1.6148738379814074,-0.47576211894052983,0.18453865336658307,-0.15704125177809383,0.0,0.8462623413258111,0.37314662273476107,0.27376804380288744,-0.7034671532846706,0.4555837563451776,0.57451403887689,0.050196078431372616,-0.30799031476997607,0.9606512890094987,0.26708562450903284,0.3668639053254438,-0.09040590405904048,0.35627530364372495,0.15124153498871343,-1.486
0.2072072072072072,0.22584692597239678,-0.02124833997343959,0.9855072463768116,0.028927680798004448,0.17524893314366996,0.0,0.28772919605077585,-0.4159802306425052,-0.3892483822797413,-0.4187956204379542,0.5799492385786802,-0.6868250539956807,-0.6682352941176473,-0.10460048426150167,0.5970149253731345,-0.27651217596229394,-1.2071005917159763,-0.9225092250922511,0.17813765182186247,-0.8758465011286679,-1.582
0.2092092092092092,0.5119196988707655,0.11686586985391775,-0.12593703148425736,-0.1406483790523695,-0.2571834992887625,0.0,-0.8801128349788433,-0.014003294892917014,0.05077152812344467,-0.3184306569343051,0.6611675126903553,-1.0107991360691146,-0.45803921568627476,0.08135593220338942,0.26051560379918626,0.38648860958365977,-0.8698224852071007,-0.10885608856088552,-0.14574898785425053,-0.23476297968397272,-1.587
0.21121121121121122,0.07026348808030122,0.19654714475431592,0.38580709645177436,0.579551122194513,-0.6224751066856329,0.0,-0.6657263751763046,0.2808896210873144,-0.4609258337481332,-0.09580291970802796,0.6586294416243654,-0.7818574514038882,-0.32941176470588246,-0.030992736077481847,-0.5210312075983718,-0.625294579732915,1.72189349112426,-0.7915129151291511,0.7395411605937922,-1.0609480812641081,-1.74
0.2132132132132132,-0.28105395232120434,0.6374501992031871,0.0019990004997499054,-0.39002493765586066,-0.02731152204836419,0.0,-0.9873060648801129,-0.05024711696869999,-0.4808362369337977,-0.07208029197080186,-0.1357868020304569,-0.0647948164146869,-0.21960784313725484,-0.36610169491525496,0.5047489823609227,0.7289866457187735,-0.6923076923076923,0.5000000000000001,-0.5344129554655869,-0.2618510158013542,-1.632
0.21521521521521522,-0.16562107904642429,0.2709163346613545,0.5917041479260376,-0.4000000000000001,0.7100995732574683,0.0,-0.4400564174894215,-0.5971993410214187,0.5764061722249879,-0.25821167883211465,0.14340101522842638,0.19006479481641492,0.3921568627450982,-0.7108958837772401,0.36906377204884716,0.33935585231736004,0.1834319526627219,0.28597785977859785,0.4156545209176791,-0.8645598194130923,-1.352
0.2172172172172172,-0.4818067754077792,0.13280212483399745,-0.277861069465267,-0.25635910224438907,0.18890469416785205,0.0,0.0056417489421720785,-0.30889621087314845,-0.25186660029865576,0.6724452554744542,-0.498730964467005,0.09935205183585324,0.29490196078431374,-0.06973365617433502,0.23337856173677102,0.0659858601728198,0.1597633136094674,0.10701107011070121,0.5182186234817817,0.2528216704288941,-1.416
0.21921921921921922,0.843161856963614,1.1792828685258963,0.12193903048475754,-0.19650872817955156,0.37211948790896165,0.0,0.8067700987306066,-0.45881383855024793,0.22399203583872587,-0.45711678832116737,0.7576142131979695,-0.6652267818574518,0.4486274509803924,-0.30217917675544803,0.5970149253731345,-0.5498821681068349,1.5857988165680472,-0.02583025830258305,-0.4264507422402156,-0.3408577878103836,-1.329
0.22122122122122123,-0.7628607277289841,-1.5351925630810093,-0.587706146926537,-1.3715710723192016,1.5556187766714087,0.0,-1.3540197461212977,-1.4110378912685362,0.9109009457441518,-0.4078467153284664,-1.6713197969543145,1.1619870410367175,1.273725490196079,-1.5283292978208225,-0.645861601085482,1.9355852317360553,-0.5443786982248521,1.7140221402214026,-0.6747638326585694,0.3363431151241535,-1.29
0.22322322322322322,1.335006273525722,0.6002656042496678,0.9295352323838081,-0.24438902743142146,0.17524893314366996,0.0,-0.24259520451339908,-0.49011532125206037,0.32752613240418144,-0.6560218978102176,0.501269035532995,0.5961123110151191,0.14431372549019628,-0.5753026634382566,-0.3473541383989144,0.3770620581304001,1.2781065088757393,0.3616236162361625,0.1997300944669367,-1.4311512415349883,-1.414
0.22522522522522523,1.094102885821832,0.8074369189907037,-0.02598700649675143,-0.06284289276807994,0.004551920341394031,0.0,0.43441466854724975,0.038714991762766784,-0.3992035838725733,0.25273722627737316,-0.24746192893401014,0.2634989200863934,-0.4831372549019611,0.29055690072639107,0.1628222523744914,0.2450903377847598,0.36094674556213013,0.3616236162361625,-0.3076923076923073,-0.24830699774266346,-1.564
0.22722722722722724,0.547051442910916,1.9070385126162015,-0.2538730634682655,-0.212468827930175,0.08079658605974419,0.0,1.7150916784203107,0.13756177924217464,0.5983076157292191,-0.1943430656934299,-1.0926395939086293,-0.1943844492440607,0.3074509803921569,-0.37191283292978217,-0.531886024423338,-0.23880597014925384,-0.30769230769230776,0.29335793357933587,-0.7719298245614029,0.5327313769751695,-1.396
0.22922922922922923,-0.9485570890840653,-0.7436918990703851,0.36181909045477284,-0.828927680798005,0.8955903271692748,0.0,-0.400564174894217,-0.641680395387152,0.7934295669487311,0.19981751824817626,0.36421319796954316,-0.7732181425485966,-0.10666666666666645,0.0,-0.21709633649932186,0.5373134328358201,1.011834319526627,-0.31918819188191894,0.4858299595141704,-0.29796839729119623,-1.233
0.23123123123123124,0.12045169385194494,-0.6586985391766267,-0.40579710144927517,0.17655860349127137,-0.1263157894736845,0.0,-0.6431593794076164,0.854200988467875,-0.5206570433051267,0.08485401459854174,-0.5241116751269035,0.03455723542116635,0.10666666666666681,0.056174334140435635,-0.30936227951153306,-0.3550667714061271,1.6686390532544375,0.022140221402214045,0.3400809716599193,0.507900677200903,-1.626
0.23323323323323322,-0.823086574654956,-0.7649402390438247,0.06396801599200408,1.0024937655860344,-1.0605974395448088,0.0,-0.6431593794076164,1.1523887973640863,-0.7078148332503734,1.8987226277372273,-0.08248730964467005,-0.6954643628509722,-0.7121568627450983,2.0300242130750594,-0.9118046132971507,-0.9300864100549886,-0.44378698224852076,-0.6808118081180813,-0.593792172739541,0.5372460496613997,-1.726
0.23523523523523523,0.45671267252195735,-0.05843293492695888,1.1394302848575721,-0.691271820448878,0.869416785206259,0.0,-0.5359661495063468,-0.8542009884678764,0.5126928820308614,-0.7673357664233562,-0.8413705583756346,1.3088552915766742,0.8188235294117651,-1.541888619854721,-1.7150610583446408,1.1563236449332277,0.378698224852071,1.2656826568265684,0.17813765182186247,-1.1467268623024829,-1.411
0.23723723723723725,1.199498117942284,0.4727755644090306,-0.3938030984507748,0.8568578553615952,-0.9422475106685639,0.0,0.2538787023977435,1.4011532125205937,-0.4947735191637631,-0.2655109489051082,0.8870558375634519,-0.09071274298056166,-0.4925490196078431,0.8096852300242111,0.9118046132971512,-0.3424980361351137,0.6272189349112425,-0.7804428044280445,-1.1228070175438594,0.6433408577878104,-1.662
0.23923923923923923,0.040150564617314984,-1.6892430278884456,0.9215392303848076,0.7112219451371564,-0.3083926031294452,0.0,-1.0155148095909732,0.19686985172981816,-0.904927824788452,-0.10492700729926864,-0.5139593908629441,-0.8812095032397409,-1.4650980392156867,-0.06585956416465022,-1.4654002713704215,-0.7069913589945012,1.0710059171597632,-0.45940959409594084,-0.11336032388663916,-0.6794582392776521,-1.749
0.24124124124124124,0.9084065244667509,0.5843293492695881,0.05997001499250426,0.21845386533665814,-0.39829302987197696,0.0,0.524682651622003,0.01894563426688609,-0.3753111000497759,0.606751824817519,-0.013959390862944175,-1.6717062634989206,-0.6650980392156864,0.5753026634382558,-0.6350067842605158,-0.6881382560879818,-0.22485207100591717,0.04059040590405908,0.1619433198380568,-0.16478555304740394,-1.541
0.24324324324324326,0.5420326223337517,-0.5949535192563079,-0.7596201899050474,0.4119700748129672,-0.4233285917496444,0.0,0.2369534555712273,-0.025535420098847295,-0.36734693877551006,-0.45711678832116737,-0.11294416243654824,-0.552915766738661,0.006274509803921577,-0.14334140435835485,-0.35820895522388047,-0.26708562450903356,0.23076923076923064,-0.03321033210332107,-0.39946018893387286,0.21444695259593696,-1.513
0.24524524524524524,0.843161856963614,-0.07436918990703857,-1.373313343328336,-0.3620947630922696,0.20711237553342818,0.0,0.14668547249647404,0.5082372322899504,0.3394723743155802,-0.008211678832115477,-1.2753807106598982,0.4751619870410368,0.3701960784313727,-0.2634382566585957,0.09769335142469485,0.46504320502749363,0.757396449704142,0.8690036900369007,0.4102564102564106,1.4085778781038374,-1.462
0.24724724724724725,-0.1254705144291093,-0.6055776892430278,0.40579710144927605,0.47581047381546104,-0.5997155049786632,0.0,0.48519040902679844,0.46869851729818757,-1.0861124937779991,0.4297445255474469,1.397208121827411,-0.4794816414686826,-0.4674509803921571,0.7922518159806287,0.31478968792401674,-0.4619010212097413,0.25443786982248506,-1.24169741697417,-0.9122807017543855,-0.2212189616252821,-1.648
0.24924924924924924,0.9987452948557096,1.4926958831341302,-0.6776611694152925,0.2623441396508726,-0.018207681365576125,0.0,0.7672778561354022,0.11779242174629248,0.14235938277750151,-0.02645985401459684,0.0647208121827411,-0.3498920086393088,-0.291764705882353,-0.3215496368038746,1.8236092265943022,0.3739198743126464,-0.7455621301775147,-0.5055350553505537,1.0472334682861,0.4966139954853274,-1.516
0.25125125125125125,0.2760351317440405,-0.14342629482071723,1.2433783108445777,-0.09476309226932685,0.19459459459459447,0.0,-0.42877291960507735,-0.3204283360790787,-0.5345943255350921,-0.3677007299270061,0.815989847715736,0.3196544276457882,-0.04078431372549025,-0.5869249394673127,-0.06512890094979656,0.6472898664571867,1.497041420118343,-0.3062730627306272,0.34547908232118785,-1.7223476297968392,-1.682
0.25325325325325326,0.6875784190715185,0.5843293492695881,0.6156921539230392,0.4099750623441391,-0.39260312944523457,0.0,-1.1960507757404795,0.3517298187808897,-0.3773021403683426,-0.2326642335766414,0.8692893401015229,-1.3650107991360698,-0.48941176470588266,0.08716707021791749,0.09769335142469485,-0.4713275726630017,1.4852071005917158,-0.28597785977859785,-0.15654520917678763,-0.8013544018058689,-1.565
0.2552552552552553,-0.07528230865746559,1.4608233731739706,-0.36181909045477284,-0.14862842892768122,-0.05234708392603111,0.0,0.17489421720733445,-0.4093904448105455,0.176207068193131,0.20711678832116978,0.43781725888324874,-0.4622030237580994,0.3670588235294119,0.34479418886198515,0.8792401628222529,-0.4650432050274943,-1.3254437869822484,-0.2011070110701107,-0.3670715249662615,0.23250564334085796,-1.507
0.25725725725725723,-0.4667503136762861,0.4674634794156707,0.07596201899050528,-0.23441396508728202,0.09786628733997142,0.0,-0.4118476727785611,-0.29242174629324613,0.24191139870582418,0.06478102189781158,0.19162436548223352,-0.32397408207343403,-0.3764705882352943,-0.0949152542372888,-0.44504748982360925,-0.0314218381775341,-0.4260355029585799,-0.2988929889298892,0.3778677462887992,-0.12415349887133167,-1.573
0.25925925925925924,-0.371392722710163,0.5790172642762282,-0.4437781109445278,-0.40199501246882824,0.5302987197724044,0.0,0.5359661495063471,0.012355848434924883,0.38327526132404216,0.7180656934306576,0.1611675126903553,0.09503239740820746,1.0823529411764712,-0.019370460048427445,0.5481682496607871,0.5561665357423401,-1.2544378698224852,0.12546125461254626,0.3616734143049935,0.8352144469525958,-1.41
0.26126126126126126,0.08531994981179433,-1.5245683930942895,-0.4657671164417794,-0.5077306733167084,0.3504978662873399,0.0,-0.4456981664315936,-0.19686985172981963,0.29367844698855194,0.02645985401460008,-0.1535532994923857,0.9589632829373652,0.4517647058823532,-0.030992736077481847,-0.3473541383989144,1.052631578947367,-0.911242603550296,0.47047970479704826,-0.053981106612685,0.4243792325056434,-1.451
0.26326326326326327,0.28607277289836924,0.8393094289508631,1.779110444777612,-0.008977556109726023,0.047795163584637076,0.0,0.8631875881523274,-0.6285008237232311,-0.2936784469885515,-0.024635036496349676,1.6586294416243654,-0.8509719222462203,0.17882352941176494,-0.3428571428571436,0.8195386702849394,0.05341712490180643,1.4556213017751478,-0.5073800738007379,1.1875843454790826,-2.2189616252821667,-1.571
0.2652652652652653,0.6725219573400254,0.5737051792828683,0.14592703648175906,-0.6114713216957608,0.3527738264580372,0.0,0.7447108603667139,-0.7306425041186173,0.7496266799402691,0.2655109489051114,-0.1053299492385787,0.2159827213822897,0.38901960784313744,0.36803874092009564,0.640434192672999,0.3047918303220729,0.0,0.16974169741697434,-0.7017543859649122,0.051918735891647895,-1.37
0.2672672672672673,0.47176913425345046,1.439575033200531,0.4317841079460275,-0.4897755610972568,0.06258890469416806,0.0,0.5641748942172076,-0.5461285008237241,0.22996515679442547,0.03010948905109603,1.2296954314720814,-0.030237580993520554,0.7184313725490199,0.09491525423728708,1.5685210312075992,-0.2796543597800469,-0.30769230769230776,-0.2749077490774908,-0.3778677462887986,-0.9367945823927762,-1.469
0.26926926926926925,-0.787954830614806,-0.8074369189907039,-0.37781109445277383,-1.702743142144638,1.9823613086770988,0.0,-0.07898448519040879,-2.234761120263595,1.6495769039323054,-0.44069343065693317,-1.331218274111675,0.8466522678185746,1.7694117647058833,-1.8421307506053268,-0.8575305291723208,1.527101335428121,0.8639053254437867,1.935424354243543,1.1659919028340084,0.1489841986455983,-0.991
0.27127127127127126,0.2659974905897117,-0.2284196547144753,-0.46376811594202866,0.14862842892768033,-0.4745376955903271,0.0,0.0,0.3533772652388789,-0.018914883026380974,-0.6085766423357654,-0.6180203045685279,-0.11663066954643643,-0.6368627450980393,-0.13171912832929872,-0.3473541383989144,-0.0942655145326009,-0.0414201183431953,0.0,-0.5991902834008096,0.21444695259593696,-1.602
0.2732732732732733,0.39146800501882106,0.9349269588313411,0.1819090454772618,0.48977556109725634,-0.7465149359886201,0.0,0.4908321579689705,-0.0584843492586504,-0.5246391239422596,-0.5556569343065677,0.44289340101522845,0.18574514038876913,-0.8313725490196082,-0.3544794188861989,0.9009497964721852,-1.046347211311862,-0.47337278106508884,-0.32287822878228795,-0.5020242914979755,-0.4266365688487583,-1.57
0.2752752752752753,-0.6424090338770392,-0.5312084993359891,-0.0959520239880061,-1.1720698254364088,1.073115220483642,0.0,-0.022566995768688,-0.9678747940691944,0.8710801393728228,-0.5830291970802906,0.26776649746192893,0.4838012958963284,0.7529411764705886,-1.7278450363196123,0.0814111261872457,0.8672427336999204,0.2958579881656804,0.3118081180811809,0.5452091767881245,-0.6049661399548532,-1.317
0.2772772772772773,0.7578419071518198,0.6055776892430278,0.41579210394802646,-0.9187032418952618,0.7669985775248935,0.0,0.22566995768688314,-0.8476112026359167,0.7555998008959685,-0.6085766423357654,-0.3236040609137055,0.017278617710583175,0.6494117647058828,-0.7922518159806295,-0.7055630936227955,0.3016496465043199,0.2189349112426034,0.701107011070111,-0.1349527665317134,-0.5598194130925506,-1.249
0.27927927927927926,0.3111668757841911,0.49933598937583007,-1.2593703148425788,-0.7351620947630924,0.6406827880512095,0.0,0.5641748942172076,-0.11779242174629394,0.6241911398705827,-0.3129562043795604,-1.630710659898477,1.8358531317494606,0.7121568627450983,-0.8813559322033903,-0.27137042062415173,1.1249018067556944,-0.5266272189349113,0.8892988929889302,-0.5829959514170039,1.2731376975169297,-1.455
0.28128128128128127,-0.7528230865746554,-0.18592297476759612,-0.2638680659670168,0.16259351620947607,-0.573541963015647,0.0,0.12411847672778573,0.31219110378912684,-0.35938277750124425,-0.46624087591240804,-0.2753807106598985,0.31533477321814246,-0.7843137254901961,-0.11428571428571453,0.8955223880597021,-0.48389630793401506,0.24852071005917148,-0.7749077490774907,-0.07557354925775925,-0.0067720090293453775,-1.586
0.2832832832832833,0.3513174404015061,-0.2177954847277555,-1.27936031984008,-0.2244389027431426,0.23328591749644398,0.0,-1.094499294781382,0.18204283360790655,-0.49676455948232934,0.19799270072992908,-1.2170050761421318,1.0021598272138232,0.282352941176471,0.2169491525423712,-0.0814111261872457,0.30793401413982663,-0.6745562130177516,0.7804428044280445,-1.6194331983805663,1.3160270880361173,-1.573
0.2852852852852853,-0.7176913425345047,-1.3864541832669321,0.9975012493753128,0.3521197007481293,-0.3561877667140823,0.0,-0.6995768688293371,0.39950576606260296,-0.23992035838725706,-0.3677007299270061,0.1865482233502538,0.01295896328293738,0.08784313725490207,-0.4474576271186444,-1.7421981004070561,-0.39591516103692154,0.7041420118343195,0.06273062730627313,-0.5775978407557353,-1.0112866817155755,-1.509
0.2872872872872873,-0.612296110414053,-0.2018592297476758,0.06396801599200408,0.38204488778054807,-0.17069701280227642,0.0,-0.49083215796897023,-0.20345963756178084,-0.5644599303135888,0.00821167883211872,-0.3540609137055837,1.3520518358531322,-0.04078431372549025,-0.27312348668280856,-1.2754409769335149,-0.30164964650432063,0.25443786982248506,0.33025830258302596,-1.0310391363022937,-0.03837471783295689,-1.506
0.28928928928928926,0.5370138017565873,-0.03187250996015938,0.37581209395302395,-0.5077306733167084,0.4358463726884781,0.0,0.0789844851904091,-0.7586490939044499,0.20806371329019427,-0.59397810218978,0.2703045685279188,0.18574514038876913,-0.09098039215686286,-0.5869249394673127,0.7489823609226598,0.5435978004713268,0.8757396449704139,-0.21402214022140204,0.3130904183535765,-0.6930022573363429,-1.454
0.2912912912912913,1.4905897114178175,1.5723771580345283,-0.3298350824587708,0.22842892768079756,-0.38008534850640086,0.0,0.43441466854724975,0.5626029654036249,-0.4430064708810353,0.9133211678832127,-0.3743654822335025,-0.5917926565874733,-0.09098039215686286,0.8213075060532673,0.27137042062415234,0.006284367635505982,-0.7041420118343196,0.11992619926199295,0.26450742240215946,0.72686230248307,-1.619
0.2932932932932933,0.7829360100376416,0.3081009296148738,-0.41579210394802557,0.9246882793017449,-1.0617354196301567,0.0,0.16925246826516235,0.918451400329489,-1.1657541065206571,-0.5301094890510936,0.25761421319796957,-0.42764578833693306,-0.12862745098039197,0.19564164648910395,0.4287652645861607,-1.3637077769049488,0.6153846153846152,-0.5202952029520297,-0.09716599190283348,-0.4356659142212188,-1.85
0.2952952952952953,-1.174404015056462,1.0996015936254977,0.12593703148425825,0.3720698254364086,-0.26287339971550494,0.0,0.4964739069111426,0.17051070840197627,0.012941762070682278,0.5629562043795628,0.25,-0.3196544276457882,-0.37333333333333346,0.46682808716706925,0.8792401628222529,-0.20424194815396815,0.4733727810650887,-0.5461254612546127,0.03238866396761136,0.2528216704288941,-1.34
0.2972972972972973,-0.03513174404015061,-0.11155378486055785,0.01599200399800102,0.6872817955112213,-0.4950213371266,0.0,-0.27644569816643155,0.37479406919275027,-0.5186660029865605,0.02098540145985535,-0.026649746192893353,0.2894168466522682,-0.291764705882353,0.30217917675544714,-0.13568521031207617,-0.7069913589945012,-0.37869822485207105,-0.5276752767527677,-0.7989203778677457,0.18735891647855543,-1.416
0.2992992992992993,0.9535759096612303,0.2177954847277555,0.8275862068965523,0.15461346633416434,0.1320056899004269,0.0,0.04513399153737663,-0.30889621087314845,-0.016923842707814742,0.34945255474452636,0.3794416243654823,-0.449244060475162,-0.2823529411764706,0.2343825665859554,0.6024423337856176,0.3707776904948934,0.5680473372781065,-0.1494464944649446,0.5937921727395417,-0.5801354401805867,-1.504
0.3013013013013013,0.963613550815559,-0.2868525896414342,0.17391304347826128,-0.40997506234413994,0.24125177809388365,0.0,-0.6544428772919605,-0.7471169686985196,0.3135888501742165,0.10857664233576783,0.4276649746192894,-0.18574514038876913,0.8156862745098042,-0.30799031476997607,0.21709633649932186,0.0,-1.1183431952662721,0.33025830258302596,0.3130904183535765,-0.6320541760722346,-1.441
0.3033033033033033,-0.03513174404015061,0.18061088977423653,0.5897051474262869,-1.5551122194513713,1.7308677098150786,0.0,-0.19746121297602243,-1.4423393739703485,1.3051269288203091,0.7436131386861325,0.6687817258883249,0.24622030237581022,1.9200000000000008,-0.36997578692493976,1.2808683853459981,1.407698350353494,0.0,1.0774907749077494,0.07557354925775984,-0.2144469525959367,-1.188
0.3053053053053053,-0.38644918444165616,-0.9136786188579018,0.29385307346326894,0.7870324189526179,-0.7078236130867711,0.0,-0.3215796897038082,0.4143327841845131,-0.411149825783972,0.08302919708029295,0.4733502538071066,-0.8855291576673867,-0.26666666666666666,0.5907990314769966,0.01628222523744914,-0.8012568735271021,-0.24852071005917165,-0.6180811808118082,-0.7989203778677457,-0.10609480812641066,-1.483
0.3073073073073073,0.28607277289836924,-0.13811420982735734,0.3318340829585207,0.18054862842892722,-0.22645803698435268,0.0,-0.27644569816643155,-0.04036243822075891,-0.630164260826282,1.0812043795620458,-0.21192893401015225,-0.660907127429806,-0.6682352941176473,0.9259079903147689,-1.069199457259159,0.23880597014925314,-0.21301775147929003,-0.3062730627306272,-0.7557354925775972,-0.2054176072234762,-1.587
0.30930930930930933,1.0238393977415314,0.6162018592297476,0.0899550224887555,-1.698753117206982,1.7650071123755342,0.0,1.3540197461212977,-1.5197693574958837,1.070184171229468,-0.25821167883211465,-0.41243654822335024,0.021598272138228968,1.1011764705882359,-1.3888619854721551,0.36363636363636415,1.168892380204241,0.26627218934911234,1.0664206642066423,0.3994601889338734,-0.2618510158013542,-1.332
0.3113113113113113,-0.1104140526976162,0.3134130146082337,-0.16391804097951,-0.4498753117206986,0.37439544807965897,0.0,-0.4400564174894215,-0.3056013179571671,0.30363364858138403,0.8512773722627751,-0.22715736040609136,0.10799136069114484,0.9474509803921574,0.40484261501210556,0.3907734056987794,0.32992930086409966,-0.0414201183431953,0.6457564575645759,-0.34547908232118724,0.49887133182844257,-1.398
0.3133133133133133,-0.612296110414053,0.29216467463479406,0.717641179410295,-0.054862842892768215,0.18207681365576125,0.0,0.8011283497884345,-0.3764415156507424,-0.35938277750124425,0.013686131386861831,1.5241116751269035,-0.4233261339092873,-0.5333333333333333,-0.2072639225181601,2.187245590230666,0.04399057344854606,-1.6568047337278107,-1.140221402214022,-0.593792172739541,-0.6230248306997741,-1.537
0.3153153153153153,-0.08030112923462997,0.20717131474103573,-0.11594202898550694,0.3860349127182039,-0.29815078236130826,0.0,0.9590973201692528,-0.11614497528830474,0.16226978596316605,0.17609489051095017,0.3743654822335026,-0.8293736501079914,-0.42666666666666686,0.2305084745762706,0.14654002713704226,0.2576590730557732,0.7810650887573964,-0.9095940959409593,-0.1781376518218619,-0.275395033860045,-1.441
0.3173173173173173,0.8883312421580934,0.40903054448871184,-0.6956521739130433,0.11670822942643341,-0.1786628733997156,0.0,0.06770098730606494,0.36820428336079053,-0.2996515679442507,-0.08850364963503445,-0.5368020304568527,0.4751619870410368,0.3231372549019609,0.027118644067795326,-0.11940298507462703,-0.08169677926158754,0.5621301775147929,0.31734317343173446,-0.3130904183535759,0.4379232505643342,-1.645
0.31931931931931934,0.24592220828105427,0.07968127490039846,1.421289355322339,0.4618453865336653,-0.1911806543385493,0.0,0.028208744710860392,0.5082372322899504,-0.4808362369337977,1.6250000000000004,1.3286802030456852,-0.38012958963282933,-0.2007843137254901,1.3966101694915247,-0.06512890094979656,0.35506677140612636,0.6627218934911241,0.060885608856088826,1.2415654520917683,-0.6704288939051917,-1.493
0.3213213213213213,1.1794228356336265,0.14342629482071723,1.3493253373313352,-0.663341645885287,0.7499288762446658,0.0,0.06205923836389286,-0.7405271828665584,0.6162269785963169,1.106751824817519,0.6687817258883249,-0.45788336933045365,0.7592156862745101,0.3409200968522986,-0.417910447761194,0.8389630793401407,0.4082840236686389,0.5535055350553507,1.2253711201079625,-0.7381489841986454,-1.489
0.3233233233233233,0.21079046424090364,-0.244355909694555,1.8230884557721143,-0.6872817955112221,0.5803698435277382,0.0,0.4400564174894218,-0.9678747940691944,0.775510204081633,1.8439781021897816,2.0545685279187818,-0.8596112311015119,1.066666666666667,1.0440677966101684,0.8575305291723208,0.20109976433621307,-0.02958579881656807,-0.42435424354243545,2.4993252361673415,-1.422121896162528,-1.31
0.3253253253253253,0.47176913425345046,-0.31872509960159356,0.8855572213893057,-0.8149625935162096,0.5348506401137985,0.0,-0.22002820874471074,0.06672158154859935,0.9268292682926834,1.7436131386861324,0.7068527918781726,1.5291576673866094,0.3168627450980393,0.9956416464891022,-0.2930800542740839,0.10369206598585987,0.3491124260355029,-0.09963099630996279,0.3886639676113363,-0.12415349887133167,-1.423
0.32732732732732733,0.6223337515683817,0.04249667994687918,0.9355322338830587,-1.3037406483790523,1.5009957325746803,0.0,0.8970380818053599,-1.7883031301482732,0.968641114982579,0.6669708029197094,-0.1738578680203045,0.6220302375809937,1.4400000000000006,-0.19176755447941915,-0.7327001356852108,1.5208169677926144,-0.43195266272189353,0.9594095940959412,2.1430499325236165,-0.5891647855530472,-1.149
0.32932932932932935,-0.6323713927227104,0.9774236387782202,-0.027986006996501337,-0.6493765586034913,1.1220483641536279,0.0,0.0056417489421720785,-0.7652388797364097,0.4708810353409661,1.9698905109489055,-0.348984771573604,0.043196544276457936,0.22901960784313755,0.6760290556900709,-0.3962008141112618,1.4548311076197946,-0.36686390532544383,0.9704797047970481,1.7058029689608638,0.9841986455981941,-1.306
0.33133133133133136,-0.4818067754077792,0.3665338645418326,-0.1739130434782604,-0.6673316708229429,0.6930298719772406,0.0,0.4005641748942174,-0.4126853377265254,0.8810353409656551,0.6304744525547451,0.09263959390862946,-0.47084233261339103,0.6525490196078436,0.06004842615012044,0.5698778833107193,0.5813040062843668,0.10650887573964489,0.5055350553505537,1.0688259109311742,0.5507900677200902,-1.306
0.3333333333333333,-0.3161856963613549,0.4940239043824702,-0.19390304847576212,1.4014962593516198,-1.0162162162162163,0.0,-0.9534555712270804,0.7586490939044485,-1.2115480338476854,0.44251824817518354,0.0799492385786802,-0.47084233261339103,-1.0133333333333339,1.0111380145278432,-0.7544097693351429,-0.6692851531814611,-0.5266272189349113,-0.3653136531365313,-0.3886639676113357,0.0880361173814899,-1.606
0.3353353353353353,0.5069008782936011,0.09561752988047816,0.47176411794103,-0.02094763092269361,0.09445234708392627,0.0,1.3088857545839212,0.21828665568368952,0.08262817322050792,0.8366788321167897,-0.029187817258883204,0.4103671706263499,0.09725490196078444,0.009685230024212862,0.11397557666214399,-0.12882953652788798,0.6094674556213017,0.01660516605166074,1.133603238866397,0.09480812641083529,-1.528
0.33733733733733734,-0.667503136762861,-0.13811420982735734,-0.04997501249375296,-0.23441396508728202,0.23442389758179236,0.0,1.2129760225669959,0.04530477759472799,0.1941264310602293,0.9990875912408764,-0.9479695431472079,0.45788336933045365,0.12549019607843154,0.4222760290556898,-0.5101763907734058,-0.24509033778476122,0.6923076923076922,-0.32656826568265696,0.960863697705803,0.2279909706546277,-1.62
0.33933933933933935,0.6323713927227104,0.5258964143426292,0.9795102448775619,0.469825436408977,-0.4916073968705554,0.0,1.133991537376587,-0.46046128500823863,-0.5983076157292186,-0.7363138686131374,0.9733502538071066,0.2548596112311018,-0.15686274509803907,-0.45907990314770053,-0.4830393487109906,-0.6158680282796546,-0.49112426035502965,-1.059040590405904,-0.7611336032388658,-1.3566591422121894,-1.583
0.34134134134134136,-0.5018820577164367,0.749003984063745,-0.02998500749625213,0.4678304239401493,-0.4699857752489336,0.0,1.370944992947814,-1.0189456342668883,-0.09258337481333996,-0.41514598540145825,0.4098984771573604,-1.7840172786177113,-1.4807843137254904,-0.4222760290556906,-0.021709633649932187,-0.311076197957581,-1.757396449704142,-1.1162361623616237,0.7449392712550607,-0.9796839729119636,-1.251
0.3433433433433433,-0.3613550815558343,-0.13811420982735734,-0.30784607696151917,0.03690773067331617,-0.2867709815078235,0.0,-0.4118476727785611,-0.018945634266887553,-0.04678944748631132,0.09945255474452715,0.5571065989847716,-0.345572354211663,-0.4768627450980395,0.16271186440677884,-0.6838534599728633,-0.08483896307934052,0.7633136094674556,-0.38745387453874536,-0.9716599190283396,0.13318284424379243,-1.578
0.34534534534534533,-0.10539523212045182,-0.8021248339973439,0.0,0.018952618453865012,0.04438122332859193,0.0,-0.5923836389280677,0.0881383855024707,-0.010950721752115162,0.22901459854014708,-0.11294416243654824,-0.5485961123110153,0.10039215686274523,0.03874092009685145,-0.03256445047489828,0.5373134328358201,-0.57396449704142,-0.038745387453874375,0.8798920377867747,-0.0067720090293453775,-1.427
0.34734734734734735,0.6624843161856966,0.5949535192563079,0.13993003498250936,-1.2698254364089774,1.0617354196301567,0.0,0.8011283497884345,-1.0650741350906117,1.5798904927824795,1.159671532846716,0.27284263959390864,-0.3498920086393088,1.4274509803921576,0.40484261501210556,0.3419267299864319,1.055773762765121,-0.8284023668639053,0.9188191881918822,1.095816464237517,0.30248306997742663,-1.238
0.34934934934934936,-0.6574654956085323,0.7065073041168658,-0.9275362318840582,0.21047381546134641,-0.20142247510668526,0.0,-0.4400564174894215,0.099670510708401,-0.7356893977103037,-0.26003649635036347,-0.199238578680203,-0.5399568034557237,-0.8909803921568629,0.4203389830508465,-0.35820895522388047,-0.6912804399057347,-1.4201183431952662,-0.6236162361623614,0.32928475033738214,0.7855530474040633,-1.728
0.35135135135135137,-0.13550815558343807,-0.8286852589641435,-0.8475762118940531,0.7870324189526179,-1.1573257467994318,0.0,-0.9816643159379408,1.598846787479408,-1.1597809855649577,-0.6377737226277362,-0.2601522842639594,0.44060475161987045,-0.947450980392157,0.34673123486682667,-0.49389416553595666,-0.2136684996072271,0.6745562130177514,-0.7029520295202953,-0.1079622132253706,0.6049661399548533,-1.859
0.3533533533533533,-0.005018820577164373,-1.1580345285524565,0.20589705147426332,-0.431920199501247,0.5769559032716931,0.0,-0.7503526093088855,-1.5164744645799038,0.7376804380288704,-0.5355839416058383,-0.7119289340101522,-0.6047516198704106,0.8721568627450985,-0.8406779661016948,-1.3351424694708283,0.4461901021209736,0.2189349112426034,0.9963099630996312,0.00539811066126856,-0.9751693002257333,-1.403
0.35535535535535534,0.8481806775407784,-0.8552456839309429,0.667666166916542,0.7990024937655854,-0.6327169274537698,0.0,-0.7672778561354018,0.5626029654036249,-0.5286212045793925,1.5009124087591252,1.0621827411167513,-0.7516198704103676,-0.627450980392157,1.3907990314769967,-0.537313432835821,-0.7038491751767482,1.0059171597633134,-0.9907749077490775,-0.642375168690958,-0.1625282167042888,-1.68
0.35735735735735735,-0.15056461731493118,-0.16998671978751642,0.38780609695152424,0.2683291770573562,-0.23100995732574722,0.0,0.3272214386459804,0.22652388797363995,-0.283723245395719,0.6505474452554753,0.22715736040609136,-0.2030237580993523,0.6462745098039221,0.8697336561743333,-0.542740841248304,-0.5498821681068349,-0.10650887573964506,-0.08302583025830246,0.01079622132253712,-0.3544018058690744,-1.594
0.35935935935935936,0.6775407779171898,2.2682602921646744,0.749625187406297,-0.49576059850374077,0.7931721194879093,0.0,2.070521861777151,-1.073311367380562,0.5923344947735195,-0.18339416058394042,0.2956852791878173,1.2829373650107996,0.26352941176470623,-0.6392251815980635,0.8358208955223886,0.8735271013354271,-0.5088757396449705,-0.19003690036900367,0.998650472334683,-0.8239277652370202,-1.459
0.3613613613613614,1.184441656210791,0.02124833997343959,-0.7336331834082961,-0.11072319201995029,0.24807965860597445,0.0,-0.5246826516220027,-0.11779242174629394,0.0706819313091092,0.453467153284673,-0.9428934010152282,-0.17278617710583175,0.3607843137254903,0.43389830508474414,0.0814111261872457,0.3582089552238801,-0.13017751479289943,0.8690036900369007,-0.19433198380566757,0.8826185101580134,-1.452
0.3633633633633634,-0.8030112923462991,-0.5524568393094288,-0.20389805097451252,-0.022942643391521318,-0.22190611664295914,0.0,-0.03949224259520424,-0.03542009884678837,0.20408163265306134,0.5666058394160604,0.36928934010152287,-0.030237580993520554,-0.15999999999999986,0.44358353510895876,0.26051560379918626,-0.7227022780832675,-0.3846153846153847,-0.8394833948339482,-0.14035087719298195,0.0880361173814899,-1.398
0.36536536536536535,1.1543287327478047,0.12217795484727764,-0.0899550224887555,0.43192019950124655,-0.3743954480796584,0.0,0.3328631875881525,0.6960461285008236,-0.39323046291687375,-0.2874087591240855,0.0951776649746193,0.9978401727861773,-0.9317647058823535,0.21501210653752967,-0.30936227951153306,-0.19481539670070777,0.8757396449704139,-0.18081180811808095,0.3400809716599193,-0.16027088036117368,-1.437
0.36736736736736736,-0.0552070263488081,-0.6746347941567065,0.5137431284357825,1.0004987531172063,-0.8113798008534854,0.0,-0.3836389280677007,1.0551894563426691,-1.0522648083623696,0.8202554744525555,0.25761421319796957,-0.4362850971922247,-1.0039215686274512,1.524455205811137,-1.3242876526458622,-0.7321288295365278,0.36094674556213013,-0.5535055350553507,0.00539811066126856,0.056433408577878146,-1.71
0.36936936936936937,0.6072772898368886,0.541832669322709,-0.6316841579210394,-0.7471321695760599,0.8648648648648649,0.0,0.09590973201692533,-0.6614497528830328,1.2095569935291195,0.42062043795620624,-0.6129441624365483,0.7386609071274303,0.6525490196078436,-0.418401937046005,0.7327001356852108,0.32050274941083995,1.0059171597633134,0.5184501845018451,-0.0809716599190278,0.9729119638826182,-1.171
0.3713713713713714,1.22961104140527,1.0411686586985391,0.06396801599200408,-1.3775561097256854,1.0503556187766718,0.0,0.7842031029619184,-1.3929159802306446,1.2095569935291195,-0.35310218978102065,0.7246192893401014,0.44492440604751626,0.43294117647058844,-0.8968523002421313,1.2971506105834472,0.6032992930086398,0.2721893491124259,0.5258302583025831,0.17273954116059392,-0.35665914221218953,-1.21
0.3733733733733734,0.3111668757841911,0.18592297476759612,1.0134932533733139,-0.2463840399002496,-0.03413940256045498,0.0,-1.1622002820874469,-0.26606260296540424,0.28372324539571947,2.0921532846715336,1.4098984771573604,-0.7559395248380134,0.5615686274509808,1.6426150121065362,0.9389416553595665,0.0974076983503525,0.4733727810650887,0.08302583025830287,0.8798920377867747,-0.29796839729119623,-1.432
0.37537537537537535,0.6875784190715185,1.1739707835325364,-0.6916541729135431,-1.8024937655860347,2.055192034139403,0.0,1.1001410437235544,-1.9003294892916012,2.330512692882032,0.30930656934306766,-0.7170050761421319,0.8034557235421171,0.9317647058823535,-0.6585956416464893,-0.5535956580732702,0.5624509033778468,-0.06508875739644976,1.2601476014760151,0.3886639676113363,0.9255079006772009,-0.956
0.37737737737737737,-1.495608531994982,-1.4342629482071712,-0.1559220389805095,0.733167082294264,-0.8830725462304411,0.0,-1.0380818053596614,0.6103789126853382,-0.7675460428073669,0.07755474452554821,0.2601522842639594,0.8034557235421171,-0.2352941176470588,0.66053268765133,-0.6132971506105837,-0.8201099764336214,0.6686390532544377,-0.3966789667896677,0.134952766531714,0.1489841986455983,-1.636
0.3793793793793794,-0.15056461731493118,0.005312084993359898,0.2718640679660173,-0.5775561097256857,0.460881934566145,0.0,-0.22002820874471074,-1.0453047775947302,0.6321553011448486,-0.20711678832116653,-0.2906091370558376,0.1295896328293738,0.9066666666666672,-0.31573849878934657,-0.021709633649932187,0.4713275726630003,-0.6568047337278107,0.8874538745387457,0.5614035087719302,-0.5823927765237018,-1.262
0.3813813813813814,-0.38644918444165616,-0.15405046480743673,0.2678660669665166,-0.08279301745635925,0.2844950213371267,0.0,-0.20874471086036658,0.3467874794069192,0.41712294673967165,0.11040145985401661,-0.20177664974619286,0.1943844492440607,-0.034509803921568674,0.4164648910411617,-1.069199457259159,0.10054988216810688,1.284023668639053,0.33025830258302596,0.22132253711201097,0.14221218961625293,-1.458
0.3833833833833834,0.31618569636135546,0.12217795484727764,0.39780109945027553,0.7531172069825433,-0.5621621621621621,0.0,1.0719322990126943,0.13097199341021343,-0.6679940268790443,0.7600364963503667,0.1865482233502538,-0.7516198704103676,-0.4737254901960787,0.6043583535108943,0.23337856173677102,0.1571091908876663,-0.7100591715976331,-0.48708487084870855,0.01079622132253712,-0.36794582392776515,-1.528
0.38538538538538536,0.707653701380176,0.29747675962815395,-0.14792603698150897,-0.3401496259351622,0.17069701280227592,0.0,0.09026798307475326,0.05848434925864894,-0.07864609258337457,0.5921532846715336,-0.41751269035532995,-0.7516198704103676,0.30431372549019614,-0.04067796610169471,0.36363636363636415,0.2859387274155529,1.254437869822485,0.30627306273062743,0.10256410256410264,0.43340857787810394,-1.487
0.38738738738738737,0.15558343789209556,1.4130146082337316,1.0054972513743134,1.4254364089775549,-1.9197724039829314,0.0,-0.13540197461212958,1.5164744645799022,-1.3628670980587358,-0.2636861313868594,0.9936548223350253,-1.1144708423326137,-0.9349019607843139,0.9046004842615,0.37449118046133023,-1.9010212097407688,0.3195266272189348,-1.0332103321033208,-0.9608636977058025,-0.8735891647855528,-1.844
0.3893893893893894,0.47678795483061487,0.5524568393094288,0.20389805097451252,0.7391521197007475,-0.5325746799431011,0.0,-0.09590973201692503,0.6400329489291599,-0.6480836236933798,-0.4534671532846698,0.03172588832487312,-0.24190064794816443,-0.21960784313725484,-0.19176755447941915,0.005427408412483047,-0.9363707776904946,0.5207100591715975,-0.5608856088560883,-0.8097165991902828,-0.3002257336343114,-1.603
0.3913913913913914,0.34127979924717733,1.1580345285524567,-0.19990004997501273,-0.8389027431421447,1.1470839260312948,0.0,-0.4344146685472494,-1.3451400329489314,0.8491786958685917,0.4516423357664242,-0.7068527918781725,0.8812095032397409,0.5396078431372553,-0.7070217917675544,-0.7489823609226598,1.1186174391201875,-1.195266272189349,1.2361623616236164,0.6585695006747637,-0.05417607223476277,-1.311
0.3933933933933934,-0.747804265997491,-0.642762284196547,-0.28985507246376824,0.09276807980049824,0.11721194879089643,0.0,-0.7390691114245413,0.3303130148270183,-0.33947237431557975,-0.06295620437956119,-1.118020304568528,0.5053995680345573,-0.1223529411764704,-0.06392251815980696,-1.3297150610583452,-0.41162608012568785,0.5562130177514792,0.07749077490774915,0.0,0.33860045146726864,-1.573
0.3953953953953954,0.5269761606022586,-0.12217795484727764,-0.18190904547726092,-2.0299251870324184,2.0460881934566153,0.0,0.22002820874471107,-1.8690280065897888,1.6117471378795427,0.11587591240875972,-2.1662436548223347,0.8207343412527003,1.800784313725491,-1.4082324455205808,-0.7001356852103124,1.1249018067556944,-0.6390532544378699,2.260147601476015,0.5128205128205132,0.11963882618510167,-1.202
0.3973973973973974,0.3713927227101636,0.2177954847277555,0.07596201899050528,-0.15660847880299292,0.2241820768136559,0.0,-0.7165021156558531,-0.48187808896211,0.02090592334494809,-0.08302919708029133,0.019035532994923873,-0.34125269978401723,0.5176470588235298,-0.18014527845036302,0.3962008141112624,-0.17282010997643404,-0.8520710059171598,0.9483394833948341,0.8690958164642376,-0.3002257336343114,-1.353
0.3993993993993994,0.9736511919698877,0.41434262948207173,-1.2053973013493255,0.04887780548628376,-0.17069701280227642,0.0,1.1904090267983076,0.9365733113673805,-0.06271777003484294,-0.12499999999999878,-0.5697969543147208,-0.0691144708423327,-0.3074509803921569,0.2924939467312343,-0.08683853459972875,-0.9332285938727416,0.7633136094674556,-0.26383763837638385,-1.2901484480431844,1.367945823927765,-1.425
0.4014014014014014,0.34629861982434174,1.1049136786188576,-0.7696151924037984,0.529675810473815,-0.6588904694167851,0.0,0.3046544428772921,0.5016474464579892,-0.31358885017421606,0.17791970802919896,0.04187817258883252,-0.2937365010799135,-0.6337254901960786,0.7050847457627112,0.347354138398915,-0.3487824037706211,1.0650887573964496,-0.4040590405904057,-0.14035087719298195,0.3905191873589165,-1.475
0.4034034034034034,0.8933500627352577,1.195219123505976,-0.37181409295352325,-0.1406483790523695,-0.0022759601706967628,0.0,-0.25387870239774324,1.1375617792421746,0.03882528621204595,1.2235401459854023,-0.1535532994923857,1.1015118790496763,-0.4768627450980395,0.8542372881355924,-0.13568521031207617,-0.2199528672427345,0.7988165680473372,-0.3413284132841326,-0.1349527665317134,1.3521444695259595,-1.436
0.40540540540540543,0.4416562107904648,0.33466135458167323,-0.48975512243878094,-0.7251870324189527,0.9695590327169277,0.0,0.6995768688293372,-0.3830313014827036,0.4888003982080639,-0.1377737226277354,-0.7068527918781725,0.8639308855291578,1.2580392156862752,-1.0092009685230026,1.275440976933515,0.5593087195600931,-0.3136094674556213,1.1309963099630997,0.6801619433198379,0.9480812641083521,-1.304
0.4074074074074074,1.1292346298619826,1.4130146082337316,0.06996501749125468,-0.04089775561097292,0.05348506401137999,0.0,0.07334273624823702,-0.04365733113673878,0.0009955201592835583,-0.5720802919708019,0.38197969543147214,0.9071274298056157,-0.4705882352941179,-1.0130750605326873,1.5142469470827689,-0.6095836606441486,-0.36686390532544383,-0.4963099630996309,-0.9446693657219968,-0.07674943566591402,-1.474
0.4094094094094094,-0.20577164366373873,-0.16467463479415653,-0.881559220389805,-0.9087281795511221,0.6873399715504982,0.0,0.34414668547249666,-0.4785831960461301,0.5385764061722255,-0.7655109489051082,-1.5926395939086293,0.056155507559395315,0.15372549019607865,-1.3094430992736072,-1.1343283582089556,0.48389630793401367,0.2603550295857987,0.7232472324723248,-0.6855600539811065,0.4018058690744922,-1.419
0.4114114114114114,0.22584692597239678,0.15405046480743703,-0.6396801599200398,-0.8169576059850375,0.897866287339972,0.0,-0.08462623413258087,-0.5032948929159813,0.37929318068690926,0.09397810218978242,-1.5317258883248728,1.3174946004319659,0.5960784313725495,-0.9181598062953993,-0.3744911804613296,0.5718774548311065,1.0887573964497042,1.1974169741697418,0.9392712550607288,0.6613995485327314,-1.302
0.4134134134134134,-0.07528230865746559,-0.06905710491367867,0.2598700649675161,-0.014962593516209594,0.3174964438122333,0.0,-1.1791255289139633,-0.5082372322899519,-0.05674464907914381,-0.044708029197078204,-0.04187817258883245,-0.6565874730021601,-0.3607843137254903,-0.015496368038740924,-1.8127544097693358,0.5687352710133535,-0.36686390532544383,0.43357933579335817,0.5128205128205132,-0.37923250564334066,-1.432
0.41541541541541543,0.06022584692597247,-0.3134130146082337,1.2013993003498253,0.607481296758104,-0.6236130867709818,0.0,-0.9478138222849083,0.5790774299835257,-1.1219512195121952,0.9425182481751836,0.9581218274111675,-0.32829373650107985,-0.2352941176470588,1.154479418886198,-0.7544097693351429,-0.23566378633150084,0.8047337278106509,-0.39114391143911437,1.0526315789473686,-1.1489841986455978,-1.792
0.4174174174174174,0.33124215809284857,0.010624169986719795,-1.1254372813593205,0.2124688279301741,0.037553342816500634,0.0,-0.7277856135401972,0.12273476112026302,-0.21602787456445963,-0.47901459854014466,0.0951776649746193,-0.6825053995680349,-0.23843137254901958,-0.023244552058112246,0.4341926729986437,-0.009426551453260369,0.7041420118343195,0.060885608856088826,-0.38326585695006715,0.6794582392776524,-1.483
0.4194194194194194,0.5319949811794229,1.0358565737051793,-0.41179410294852575,-0.9885286783042393,1.3075391180654343,0.0,1.8674188998589565,-1.4950576606260324,1.233449477351917,-0.7253649635036479,-0.4911167512690355,-0.7084233261339097,0.0031372549019607885,-1.5709443099273606,0.26051560379918626,1.567949725058915,-0.0414201183431953,0.5959409594095944,0.4696356275303647,-0.18961625282167033,-1.186
0.4214214214214214,0.43161856963613604,0.15936254980079692,0.18590704647676162,-0.07082294264339167,0.22076813655761027,0.0,0.5641748942172076,-0.1721581548599684,0.26182180189148874,-0.3895985401459834,1.0926395939086293,-0.12095032397408222,-0.3984313725490198,-0.47651331719128387,0.8303934871099056,-0.1571091908876677,1.2189349112426033,-1.077490774907749,0.4966261808367075,-0.29796839729119623,-1.497
0.42342342342342343,0.21079046424090364,0.6533864541832668,-0.6236881559220389,-0.5396508728179553,0.6349928876244666,0.0,0.9308885754583923,-0.2331136738056026,0.3773021403683426,0.7691605839416074,-0.8413705583756346,0.0647948164146869,0.6400000000000005,0.3176755447941881,0.526458616010855,0.8043990573448536,0.5207100591715975,0.6199261992619929,0.4750337381916333,0.781038374717833,-1.485
0.42542542542542544,0.8582183186951071,0.5312084993359891,0.2538730634682664,1.3396508728179546,-1.282503556187767,0.0,0.1636107193229903,1.0733113673805605,-1.7511199601791936,0.9680656934306584,0.9048223350253808,-1.779697624190065,-0.9349019607843139,1.5690072639225163,0.1628222523744914,-0.7384131971720352,1.059171597633136,-0.7250922509225094,-1.3873144399460184,-0.1264108352144468,-1.703
0.42742742742742745,1.9723964868255968,0.844621513944223,-1.2773613193403301,0.5596009975062337,-0.5769559032716925,0.0,1.145275035260931,0.7191103789126856,-0.6241911398705823,-0.7034671532846706,-1.0799492385786802,-0.056155507559395315,-0.2823529411764706,-0.3525423728813565,0.542740841248304,-0.6158680282796546,0.5562130177514792,0.12177121771217725,-1.9001349527665314,1.0812641083521444,-1.631
0.4294294294294294,0.7929736511919703,0.8818061088977422,-0.6916541729135431,0.7291770573566081,-0.6304409672830731,0.0,-0.5190409026798306,0.8574958813838548,-0.8850174216027875,0.1322992700729939,-0.348984771573604,1.0410367170626353,-0.5050980392156862,0.45133171912832837,-0.2442333785617365,-0.043990573448547454,-0.5562130177514794,0.09040590405904089,0.0539811066126856,0.72686230248307,-1.718
0.4314314314314314,-1.335006273525722,-0.7596281540504648,0.8055972013993006,-0.42394014962593524,0.35391180654338555,0.0,-1.1904090267983074,-1.3006589785831981,0.6102538576406176,-0.11952554744525405,0.6154822335025381,-0.26781857451403873,-0.32941176470588246,-0.31186440677966176,-0.6241519674355498,0.10054988216810688,-0.9171597633136096,-0.10885608856088552,0.5721997300944673,-1.1331828442437921,-1.374
0.43343343343343343,1.1643663739021333,0.50464807436919,-1.0454772613693155,0.43990024937655825,-0.44153627311522053,0.0,0.04513399153737663,0.6037891268533769,-0.622200099552016,-0.5264598540145968,-1.0672588832487309,0.5399568034557237,-0.3921568627450982,-0.1569007263922525,-0.7706919945725921,0.018853102906519342,0.7514792899408284,0.009225092250922724,-0.8852901484480427,0.7945823927765238,-1.544
0.43543543543543545,0.33124215809284857,0.5471447543160689,-0.2438780609695151,-1.417456359102244,1.6637268847795172,0.0,0.12976022566995782,-0.9349258649093928,1.5281234444997516,0.03010948905109603,-0.6992385786802029,0.6436285097192228,1.5717647058823536,-1.1738498789346246,0.6621438263229311,0.9018067556952075,1.467455621301775,1.3929889298892992,0.34547908232118785,0.7110609480812642,-1.09
0.43743743743743746,1.4002509410288588,0.892430278884462,0.13593203398300865,0.29226932668329136,-0.6452347083926036,0.0,0.28772919605077585,0.854200988467875,-0.4350423096067695,-0.13412408759123948,-0.20685279187817254,1.1015118790496763,0.05960784313725498,0.23244552058111215,0.14654002713704226,-0.5278868813825611,-0.47337278106508884,-0.11254612546125452,0.22672064777327952,-0.1444695259593678,-1.801
0.4394394394394394,0.6875784190715185,0.4355909694555113,0.5797101449275365,0.06882793017456307,0.11607396870554754,0.0,0.38363892806770117,-0.30724876441515775,0.05276256844201135,0.06478102189781158,0.19923857868020306,0.6825053995680349,-0.028235294117647095,-0.16658595641646537,-0.45047489823609227,-0.5027494108405344,-0.28994082840236696,-0.1974169741697417,0.6693657219973008,-0.8171557562076748,-1.471
0.44144144144144143,-0.9786700125470515,-0.19654714475431592,1.5612193903048484,-0.006982543640897869,0.25376955903271686,0.0,-0.400564174894217,-0.5115321252059317,-0.0527625684420109,0.750912408759126,1.3794416243654821,-1.2613390928725707,-1.0635294117647065,0.15690072639225078,-0.3147896879240161,0.9395129615082469,0.0,-0.6199261992619924,1.3765182186234817,-1.2437923250564331,-1.452
0.44344344344344344,-0.17565872020075304,-0.026560424966799487,-0.12993503248375804,0.45187032418952583,-0.184352773826458,0.0,-0.8801128349788433,0.45057660626029605,-0.4131408661025383,0.46076642335766493,-1.0723350253807107,0.1295896328293738,-0.006274509803921577,0.34479418886198515,-1.73134328358209,0.7007069913589937,0.25443786982248506,0.26752767527675286,-0.03238866396761136,0.05417607223476302,-1.792
0.44544544544544545,-0.26599749058971117,0.18592297476759612,-0.13593203398300865,-0.6733167082294265,0.38577524893314374,0.0,-0.5133991537376585,-0.032125205930808504,0.4888003982080639,0.38047445255474593,0.20177664974619292,0.1943844492440607,0.05647058823529419,0.05230024213074912,0.18995929443690662,-0.24823252160251422,0.26627218934911234,-0.08487084870848717,0.4102564102564106,0.21670428893905208,-1.513
0.44744744744744747,-0.08531994981179433,0.13811420982735734,0.30784607696151917,-0.6234413965087284,0.6304409672830725,0.0,-0.27644569816643155,-0.8311367380560144,-0.018914883026380974,-0.29105839416058304,0.20939086294416248,0.3196544276457882,0.0815686274509805,-0.7573849878934629,-1.2103120759837183,0.04399057344854606,-0.047337278106508916,0.0479704797047971,0.1079622132253712,-0.9751693002257333,-1.609
0.4494494494494494,0.47678795483061487,0.6640106241699866,-0.31184407796101987,-1.1321695760598502,0.9206258890469422,0.0,-0.473906911142454,-0.8920922570016486,0.6819313091090099,-0.7107664233576625,-0.348984771573604,0.4665226781857452,1.025882352941177,-1.0363196125907987,0.7164179104477616,0.4336213668499602,-0.06508875739644976,0.7416974169741699,-0.23751686909581604,-0.09932279909706529,-1.454
0.45145145145145144,0.5219573400250942,0.4462151394422311,0.2638680659670168,-0.970573566084788,0.9775248933143673,0.0,1.5571227080394925,-0.8047775947281725,0.6142359382777505,0.781934306569344,-0.11294416243654824,0.660907127429806,0.25725490196078465,-0.03874092009685317,0.9823609226594305,0.7164179104477602,-0.14201183431952666,-0.04428044280442809,0.7611336032388664,0.30699774266365687,-1.371
0.45345345345345345,-0.1304893350062737,0.4674634794156707,-0.4397801099450271,0.060847880299251346,0.061450924608819166,0.0,0.4118476727785616,-0.6762767710049443,0.29566948730711823,0.3129562043795636,0.7068527918781726,-0.5701943844492443,-0.02196078431372552,0.4784503631961254,0.32021709633649975,-0.03456402199528709,-0.4674556213017752,-0.5258302583025829,-0.3886639676113357,0.01128668171557563,-1.409
0.45545545545545546,-0.4617314930991217,-0.40903054448871184,-1.8410794602698652,0.44189526184538597,-0.22304409672830702,0.0,0.2369534555712273,0.7800658978583198,-0.14833250373320023,0.26368613138686264,-1.3007614213197969,-0.6738660907127433,-0.567843137254902,0.023244552058110525,0.3419267299864319,-0.3770620581304008,-0.29585798816568054,-0.1457564575645756,-1.0094466936572195,2.0180586907449207,-1.47
0.4574574574574575,0.9385194479297372,1.1792828685258963,0.3498250874562725,-0.4758104738154615,0.6213371266002845,0.0,0.8124118476727787,-0.46046128500823863,0.40318566450970666,0.6231751824817532,-0.3439086294416243,-0.8941684665226783,0.661960784313726,0.20145278450363202,-0.6078697421981006,0.6064414768263936,0.9999999999999999,0.47047970479704826,1.1443994601889342,-0.20090293453724595,-1.283
0.4594594594594595,-0.8582183186951066,-0.11155378486055785,0.11394302848575703,-0.9047381546134662,1.0503556187766718,0.0,0.011283497884344157,-0.6630971993410234,0.8710801393728228,1.3987226277372273,-0.714467005076142,-0.5658747300215985,0.7498039215686277,0.20726392251815837,0.5970149253731345,0.17596229379418635,0.5207100591715975,0.6531365313653139,0.7233468286099864,0.5304740406320543,-1.181
0.46146146146146144,0.5821831869510666,0.5258964143426292,-0.5697151424287861,-0.6214463840399003,0.5405405405405408,0.0,0.4005641748942174,-0.5494233937397054,0.43504230960676993,-0.059306569343063616,0.006345177664974624,0.38876889848812096,0.4925490196078434,-0.23438256658595713,0.6567164179104481,-0.03770620581304008,0.3846153846153846,0.20295202952029542,-0.14035087719298195,0.45372460496614003,-1.192
0.46346346346346345,0.05018820577164373,-0.010624169986719795,-0.8195902048975513,-1.104239401496259,0.9706970128022765,0.0,0.20874471086036692,-0.7421746293245491,1.106022896963664,-0.31478102189780915,-0.7119289340101522,-0.6781857451403891,0.11607843137254917,-0.418401937046005,-0.5156037991858888,0.9646504320502736,-0.5798816568047337,0.32287822878228795,1.0526315789473686,0.7336343115124154,-1.261
0.46546546546546547,0.37641154328732795,-0.06905710491367867,0.15992003998001017,-0.39800498753117236,0.5883357041251779,0.0,-0.40620592383638904,-1.3929159802306446,0.5047287207565956,-0.3020072992700709,0.019035532994923873,-0.36717062634989195,0.6996078431372551,-1.0053268765133168,-0.03256445047489828,0.7886881382560873,-0.8757396449704142,0.38929889298893006,-0.04318488529014848,-0.4717832957110608,-1.263
0.4674674674674675,1.2145545796737771,0.6746347941567065,0.6556721639180417,-0.5316708229426436,0.022759601706970157,0.0,0.750352609308886,-0.15897858319604746,0.5744151319064217,0.03558394160584076,0.5520304568527918,0.22030237580993547,0.6839215686274516,0.05423728813559237,0.4341926729986437,-0.17282010997643404,0.5976331360946744,-0.07933579335793346,-0.11875843454790772,-0.620767494356659,-1.358
0.4694694694694695,0.09033877038895871,0.6480743691899069,-0.8435782108945529,0.2763092269326679,-0.23442389758179286,0.0,-0.40620592383638904,0.15074135090609558,-0.32553509208561476,-0.21989051094890316,-0.16116751269035526,0.7991360691144713,-0.48941176470588266,0.22276029055689928,0.36906377204884716,-0.10054988216810688,0.1479289940828402,-0.27859778597785984,-0.9824561403508767,0.7020316027088036,-1.525
0.47147147147147145,0.5018820577164367,-0.451527224435591,0.081959020489755,-0.1406483790523695,0.5507823613086773,0.0,-0.4682651622002819,0.07166392092256989,0.3892483822797413,0.8713503649635053,-0.8007614213197969,0.6479481641468685,0.5678431372549023,0.4784503631961254,-0.9986431478968794,0.8169677926158669,-0.24260355029585803,1.271217712177122,-0.053981106612685,0.5259593679458241,-1.44
0.47347347347347346,-0.8080301129234635,-0.8977423638778221,-2.0309845077461275,-0.13865336658354133,-0.08762446657183498,0.0,-0.42877291960507735,0.5939044481054359,0.15231458437033357,-0.542883211678831,-1.9911167512690353,0.7516198704103676,0.6337254901960789,-0.6121065375302666,-1.0474898236092267,0.0,-0.44378698224852076,0.6328413284132843,-0.5775978407557353,1.487584650112867,-1.604
0.4754754754754755,1.7716436637390223,0.11155378486055785,0.05197401299350375,0.2563591022443886,-0.0330014224751066,0.0,0.8519040902679832,0.01894563426688609,0.10054753608760622,0.3695255474452565,-0.3692893401015228,1.1663066954643633,-0.43294117647058844,-0.06973365617433502,-0.5156037991858888,-0.12882953652788798,0.5917159763313607,0.26937269372693734,-0.5236167341430498,0.4604966139954854,-1.397
0.4774774774774775,-0.8481806775407779,0.2177954847277555,-1.1434282858570715,-0.5017456359102244,0.6623044096728308,0.0,0.981664315937941,-0.26771004942339494,0.5246391239422601,-0.5136861313868603,-1.3464467005076142,0.29373650107991395,0.3137254901960785,-0.7980629539951576,-0.542740841248304,0.38648860958365977,-1.2781065088757397,0.5498154981549817,1.1390013495276656,0.9616252821670429,-1.445
0.4794794794794795,-0.23588456712672495,1.0358565737051793,0.537731134432784,0.030922693266832602,-0.23214793741109507,0.0,0.4062059238363895,-0.32701812191103846,-0.5226480836236934,-0.33850364963503526,0.4200507614213198,0.1943844492440607,-0.40156862745098054,-0.4726392251815982,1.530529172320218,-1.2380204241948152,-0.37869822485207105,-0.9409594095940961,0.7395411605937922,-0.5462753950338598,-1.686
0.48148148148148145,0.491844416562108,0.15405046480743703,-0.5617191404297855,-0.06284289276807994,-0.17524893314366996,0.0,-0.541607898448519,0.04036243822075745,-0.5326032852165254,-0.5556569343065677,-0.600253807106599,0.4362850971922247,0.3231372549019609,-0.33123486682808745,0.043419267299864374,-0.6567164179104477,-0.13609467455621305,-0.06826568265682643,-0.7395411605937915,0.6817155756207675,-1.713
0.48348348348348347,1.3801756587202014,1.195219123505976,1.3293353323338335,-0.6374064837905237,0.9650071123755336,0.0,0.6939351198871652,-1.338550247116971,0.8093578894972627,0.7472627737226284,1.4733502538071066,0.16414686825054015,0.30431372549019614,0.333171912832929,-0.1628222523744914,0.7698350353495672,0.1952662721893491,-0.04059040590405908,0.9392712550607288,-1.4537246049661396,-1.335
0.4854854854854855,1.5759096612296115,1.237715803452855,0.0859570214892557,-1.1999999999999997,1.1778093883357046,0.0,0.21438645980253898,-0.9382207578253726,1.2374315579890498,0.4698905109489056,0.4200507614213198,0.47084233261339103,0.6368627450980398,-0.22082324455205946,1.7313432835820903,1.407698350353494,-0.0414201183431953,0.6586715867158675,1.4412955465587043,0.5282167042889392,-1.112
0.4874874874874875,1.239648682559599,1.0624169986719787,-0.0859570214892557,-1.0703241895261846,1.1584637268847797,0.0,1.0324400564174896,-0.9859967051070859,0.9268292682926834,-0.2728102189781001,-0.18654822335025376,0.5615550755939527,0.7247058823529414,-1.1099273607748186,0.37449118046133023,0.9332285938727403,1.5739644970414202,0.7177121771217714,0.960863697705803,0.12189616252821679,-1.128
0.4894894894894895,0.547051442910916,0.6321381142098272,0.22788605697151407,0.5915211970074806,-0.6179231863442394,0.0,0.5077574047954868,-0.28088962108731585,-0.4649079143852661,-0.5976277372262759,-0.021573604060913725,0.2159827213822897,-0.40156862745098054,-0.11234866828087299,-0.30936227951153306,-0.9583660644147683,-0.11834319526627228,-0.5498154981549817,-0.9554655870445339,-0.5079006772009028,-1.486
0.4914914914914915,0.22584692597239678,-1.5192563081009296,1.0974512743628189,0.579551122194513,-0.17411095305832106,0.0,-1.7997179125528913,0.440691927512355,-0.5803882528621204,0.7782846715328481,-0.5215736040609137,0.16846652267818596,0.3168627450980393,0.5210653753026616,-2.0244233378561747,-0.3362136684996077,0.9644970414201182,0.2619926199261993,-0.5344129554655869,-0.3837471783295709,-1.734
0.4934934934934935,-0.7227101631116691,-1.5086321381142098,-0.8195902048975513,0.6134663341645881,-0.8284495021337127,0.0,-1.3653032440056418,1.1029654036243823,-0.6241911398705823,0.06113138686131564,-1.049492385786802,-0.3585313174946004,-0.4078431372549021,0.2963680387409191,-0.6295793758480328,0.02513747054202672,1.3668639053254437,-0.08487084870848717,-0.5668016194331982,0.5869074492099322,-1.689
0.4954954954954955,1.5407779171894613,0.9455511288180609,-1.6971514242878565,-0.743142144638404,0.09103840682788063,0.0,1.3765867418899862,0.22652388797363995,0.44897959183673486,-0.28558394160583833,-1.148477157360406,1.1144708423326137,0.48000000000000026,-0.30411622276029127,-0.08683853459972875,0.832678711704634,0.42011834319526614,0.7380073800738008,-0.6693657219973008,1.4853273137697516,-1.409
0.4974974974974975,1.415307402760352,0.49933598937583007,-1.4112943528235886,-0.32817955112219455,0.3573257467994312,0.0,0.2820874471086038,-0.03706754530477904,0.41114982578397247,-0.2874087591240855,-0.5088832487309644,0.22462203023758126,0.4078431372549021,-0.5501210653753028,0.9877883310719136,0.4619010212097399,0.6213017751479288,0.3856088560885611,-1.1336032388663964,1.379232505643341,-1.317
0.4994994994994995,0.07528230865746559,-0.6586985391766267,-0.21189405297351305,-0.2902743142144641,0.20028449502133738,0.0,0.15232722143864613,-0.31054365733113765,0.14833250373320067,-0.11222627737226215,-0.7626903553299492,-0.017278617710583175,-0.02196078431372552,-0.33317191283292985,-0.23880597014925345,0.16967792615867966,-0.5798816568047337,0.5627306273062732,-0.6801619433198379,0.38600451467268626,-1.504
0.5015015015015015,-0.45671267252195735,-0.18061088977423623,-0.9535232383808095,-0.02094763092269361,-0.2128022759601711,0.0,0.29901269393512003,0.5296540362438218,-0.7555998008959682,-0.770985401459853,-1.4378172588832487,1.3174946004319659,0.4141176470588237,-0.720581113801453,-0.3962008141112618,-0.2796543597800469,-0.7751479289940828,0.5387453874538747,0.10256410256410264,0.8465011286681714,-1.813
0.5035035035035035,-0.958594730238394,-0.35059760956175295,0.16391804097951,-0.5077306733167084,0.567852062588905,0.0,-0.45133991537376567,-0.3171334431630988,0.5505226480836242,-0.2326642335766414,0.06725888324873094,-0.8423326133909288,1.1513725490196085,-0.2072639225181601,0.2930800542740845,1.1626080125687344,-0.12426035502958582,0.7804428044280445,0.1889338731443996,-0.1264108352144468,-1.54
0.5055055055055055,0.5370138017565873,-0.5365205843293491,-1.1214392803598203,0.30623441396508666,0.04438122332859193,0.0,-0.41748942172073317,-0.2742998352553547,0.08063713290194169,-0.25273722627737155,-1.0114213197969542,0.01295896328293738,-0.15372549019607828,-0.39709443099273684,-1.2320217096336503,0.3487824037706197,-0.48520710059171607,0.5239852398523986,-1.1929824561403506,0.7020316027088036,-1.257
0.5075075075075075,0.7728983688833129,-0.2549800796812748,-0.06796601699150388,0.15261845386533618,0.13086770981507853,0.0,-0.06205923836389255,-0.5922570016474481,0.40119462419114,-0.38229927007299147,0.6180203045685279,-1.0367170626349895,-0.009411764705882366,-0.1898305084745776,0.4504748982360929,-0.043990573448547454,0.7869822485207101,-0.038745387453874375,1.921727395411606,-0.329571106094808,-1.212
0.5095095095095095,0.7829360100376416,0.04249667994687918,0.21189405297351305,1.1142144638403981,-1.3485064011379801,0.0,-0.20310296191819452,0.5411861614497521,-1.4644101543056252,-0.5355839416058383,-0.03172588832487305,-1.161987041036717,-1.5498039215686277,-0.013559322033899384,-0.5861601085481685,-1.4234092694422626,0.1834319526627219,-0.9298892988929891,-1.4952766531713897,-0.4379232505643339,-1.724
0.5115115115115115,-1.0138017565872022,0.3399734395750332,0.3638180909545227,0.14862842892768033,-0.11493598862019916,0.0,0.8180535966149508,-0.47364085667215955,0.17819810851169768,0.1815693430656949,0.19923857868020306,-0.1339092872570196,0.053333333333333406,0.08910411622275903,-0.13568521031207617,0.08169677926158614,0.07692307692307682,-0.6586715867158672,0.06477732793522271,-0.4198645598194129,-1.319
0.5135135135135135,0.045169385194479356,1.1580345285524567,-0.29385307346326806,1.4513715710723187,-1.4543385490753913,0.0,-0.1015514809590971,1.5378912685337736,-1.657541065206571,0.4370437956204388,-0.5875634517766497,0.03455723542116635,-0.9254901960784319,0.8736077481840181,-0.5210312075983718,-1.5930871956009423,0.2189349112426034,-1.1088560885608858,0.21052631578947384,0.4785553047404064,-1.9
0.5155155155155156,-0.7979924717691347,-0.695883134130146,0.04397801099450324,0.024937655860348587,0.24238975817923203,0.0,-0.49083215796897023,0.03542009884678691,-0.24589347934295666,0.48266423357664384,-0.31091370558375625,-0.3023758099352051,0.09098039215686286,0.20920096852300163,-0.41248303934871094,-0.24509033778476122,-0.7337278106508875,-0.3560885608856086,0.4210526315789477,0.018058690744921006,-1.67
0.5175175175175175,-0.32622333751568366,-0.7277556440903054,0.16391804097951,1.0982543640897746,-1.095874822190612,0.0,-0.10719322990126919,0.39621087314662307,-1.16973618715779,-0.43886861313868436,0.3743654822335026,-0.5788336933045358,-1.12,-0.10460048426150167,-0.7001356852103124,-0.7824037706205813,-0.10059171597633144,-1.2601476014760147,-1.392712550607287,-0.44018058690744905,-1.752
0.5195195195195195,-0.7377666248431622,-0.5471447543160689,1.2033983008495752,0.5157107231920196,-0.7237553342816505,0.0,-0.5641748942172072,0.523064250411862,-0.022896963663513882,0.7125912408759129,1.3007614213197969,-0.57451403887689,-0.7372549019607846,1.21646489104116,0.5753052917232023,-1.1468970934799687,-0.017751479289940843,-1.169741697416974,-0.3292847503373816,-0.6433408577878102,-1.542
0.5215215215215215,0.16060225846925993,-0.44090305444887123,0.1899050474762623,-1.3336658354114712,1.0867709815078241,0.0,-0.7277856135401972,-0.5741350906095566,1.044300647088104,1.278284671532848,0.10279187817258885,0.514038876889849,1.4368627450980398,0.4222760290556898,0.3256445047489828,0.798114689709347,0.1479289940828402,1.1734317343173435,0.3400809716599193,0.5146726862302484,-1.323
0.5235235235235235,0.4416562107904648,0.2337317397078352,0.1899050474762623,1.1321695760598498,-0.8409672830725464,0.0,0.26516220028208753,0.7108731466227352,-1.0821304131408662,-0.4461678832116779,-0.3185279187817258,-0.5874730021598275,-1.1419607843137258,0.08135593220338942,0.13025780189959313,-0.7195600942655145,-0.09467455621301783,-0.8339483394833949,-0.7017543859649122,0.004514672686230251,-1.751
0.5255255255255256,0.16060225846925993,0.49933598937583007,-1.355322338830585,0.13266832917705687,-0.2776671408250354,0.0,-1.1509167842031027,0.8393739703459634,-0.6082628173220507,-0.6249999999999988,-1.7271573604060912,1.1835853131749465,-0.4298039215686277,-0.39515738498789355,-0.9063772048846676,-0.42419481539670123,-0.06508875739644976,0.4649446494464947,-1.538461538461538,1.1557562076749437,-1.697
0.5275275275275275,-1.1242158092848185,-0.13811420982735734,0.10594702648675652,-1.104239401496259,0.9479374110953064,0.0,0.16925246826516235,-1.0008237232289967,0.7834743653558988,0.27645985401459927,-0.31598984771573596,-0.2850971922246219,0.6462745098039221,-0.36803874092009736,0.4341926729986437,0.9175176747839738,-0.26035502958579887,0.46309963099631024,0.7989203778677463,-0.11963882618510142,-1.314
0.5295295295295295,-0.9786700125470515,0.5471447543160689,-0.6056971514242879,1.0044887780548621,-1.16642958748222,0.0,0.5980253878702401,1.0189456342668861,-0.8432055749128922,0.38047445255474593,-0.1738578680203045,0.6781857451403891,-0.6933333333333336,1.1525423728813546,-0.29850746268656697,-0.9803613511390421,-0.40236686390532544,-0.9944649446494465,0.3994601889338734,1.0790067720090295,-1.608
0.5315315315315315,0.9335006273525728,-0.10092961487383806,0.10794602698650732,0.7192019950124682,-0.5428165007112381,0.0,0.10155148095909741,0.06507413509060868,-0.028870084619213462,-0.6049270072992686,0.19416243654822338,-1.3174946004319656,-0.6462745098039218,-0.40290556900726404,-0.14654002713704226,-0.3676355066771404,1.284023668639053,-0.2730627306273061,-0.34547908232118724,-0.6343115124153498,-1.329
0.5335335335335335,0.6976160602258472,1.2642762284196545,0.7056471764117948,0.804987531172069,-0.757894736842106,0.0,0.5303244005641751,0.06177924217462881,-0.8352414136386264,0.38229927007299475,1.3286802030456852,-0.816414686825054,-1.0227450980392159,0.6721549636803861,2.42605156037992,-0.8860958366064412,0.10059171597633128,-1.4704797047970481,-1.9109311740890682,-0.6568848758465009,-1.743
0.5355355355355356,-1.8971141781681307,-1.6308100929614875,-0.5557221389305349,1.1102244389027422,-1.5203413940256054,0.0,-1.3483779971791257,1.1639209225700164,-1.2951717272274765,0.8713503649635053,-0.25,-0.5961123110151191,-1.0635294117647065,1.5322033898305065,-0.7869742198100411,-1.0369206598586014,-1.2840236686390534,-0.8745387453874539,-0.5398110661268554,0.9164785553047403,-1.816
0.5375375375375375,0.10037641154328746,0.7277556440903054,-0.3738130934532731,1.4912718204488773,-1.533997155049787,0.0,0.5416078984485192,1.6136738056013196,-1.3867595818815333,1.9242700729927023,0.45304568527918776,0.0,-1.392941176470589,2.159806295399513,0.4504748982360929,-1.6967792615868023,-0.650887573964497,-1.6291512915129154,-0.9878542510121453,1.3521444695259595,-1.77
0.5395395395395396,0.10539523212045182,0.4196547144754316,0.4817591204397805,-0.15261845386533707,0.3903271692745378,0.0,-0.45698166431593773,-0.49011532125206037,0.5644599303135892,0.7673357664233585,0.09771573604060915,0.11231101511879063,0.14745098039215707,0.5694915254237277,-0.7164179104477616,0.6472898664571867,0.0059171597633136145,0.41328413284132864,0.9878542510121459,-0.6681715575620765,-1.239
0.5415415415415415,0.43161856963613604,0.749003984063745,0.2678660669665166,-0.2523690773067332,0.11038406827880513,0.0,0.7559943582510581,-0.5115321252059317,0.19611747137879554,-0.2618613138686122,0.8286802030456852,-0.22894168466522705,0.9286274509803927,-0.39709443099273684,0.18453188602442358,0.0974076983503525,0.8047337278106509,0.39298892988929907,0.4858299595141704,-1.0677200902934536,-1.475
0.5435435435435435,0.21580928481806802,-1.397078353253652,-0.3018490754622686,0.2623441396508726,-0.06372688477951644,0.0,-0.8349788434414667,0.6433278418451398,-0.679940268790443,0.6687956204379566,-0.9911167512690354,0.02591792656587476,0.23529411764705913,0.5365617433414026,-1.172320217096337,0.14454045561665294,-0.2011834319526628,0.5424354243542436,0.2914979757085022,0.6794582392776524,-1.583
0.5455455455455456,0.5269761606022586,0.12217795484727764,0.0019990004997499054,-0.8967581047381545,0.7226173541963016,0.0,0.20874471086036692,-0.9382207578253726,0.26381284221005497,0.250912408759126,-0.0647208121827411,0.6868250539956807,0.953725490196079,-0.6314769975786931,-0.09769335142469485,0.2922230950510596,0.17751479289940827,0.3505535055350555,0.3022941970310394,0.1399548532731378,-1.428
0.5475475475475475,-0.40150564617314927,-1.2164674634794155,-2.0169915042478763,0.7850374064837897,-0.8523470839260312,0.0,-0.24259520451339908,1.3204283360790787,-0.7516177202588353,-0.7545620437956188,-1.399746192893401,1.14902807775378,-0.9882352941176477,-0.18208232445520628,-0.7869742198100411,-0.8766692851531822,-0.24260355029585803,-0.7214022140221403,-0.18353576248313044,1.6433408577878104,-1.73
0.5495495495495496,1.1392722710163115,0.06905710491367867,-0.13393303348325786,-0.6433915211970077,0.8967283072546232,0.0,-0.541607898448519,-0.8426688632619461,0.4768541562966652,0.15237226277372407,-0.732233502538071,0.7732181425485966,0.11294117647058838,-0.31380145278450416,-0.9118046132971507,0.7886881382560873,0.17751479289940827,0.822878228782288,0.0269905533063428,0.004514672686230251,-1.327
0.5515515515515516,-0.13550815558343807,1.0199203187250994,-0.10994502748625633,-0.19650872817955156,0.29473684210526313,0.0,1.1847672778561356,-0.47693574958813945,0.0049776007964164645,-0.2636861313868594,-0.4022842639593909,-0.22462203023758126,-0.4705882352941179,-0.10847457627118647,0.26051560379918626,0.3456402199528667,-0.23076923076923078,-0.45940959409594084,0.35627530364372495,-0.08126410835214427,-1.306
0.5535535535535535,0.6373902132998748,0.14342629482071723,-0.6616691654172915,0.37007481296758044,-0.3345661450924605,0.0,-0.9421720733427362,0.03212520593080704,-0.30562468889995026,0.48083941605839503,-0.15101522842639586,-0.6306695464362854,-1.0478431372549022,0.3932203389830494,0.2876526458616015,-0.01256873527101336,-0.07100591715976337,-0.6162361623616234,-0.1781376518218619,0.3340857787810384,-1.663
0.5555555555555556,0.5370138017565873,0.09561752988047816,-0.3258370814592701,-0.5635910224438905,0.5302987197724044,0.0,-0.05641748942172047,-0.44892915980230835,0.357391737182678,0.16149635036496474,0.1104060913705584,0.4751619870410368,0.8219607843137259,-0.21694915254237293,0.20624151967435578,0.46504320502749363,1.165680473372781,0.43357933579335817,-0.5182186234817812,0.04063205417607227,-1.488
0.5575575575575575,-1.023839397741531,-1.1049136786188576,-0.02198900549725162,-0.9286783042394015,0.8170697012802278,0.0,-0.6770098730606489,-0.6499176276771025,1.2055749128919866,0.0958029197080312,0.282994923857868,1.2181425485961128,0.43607843137254926,-0.4203389830508482,-0.1628222523744914,0.21366849960722642,0.27810650887573957,-0.07749077490774915,1.2847503373819167,-0.3047404063205416,-1.482
0.5595595595595596,1.0890840652446678,0.26560424966799456,-0.6736631684157922,-0.938653366583541,0.7829302987197728,0.0,-0.19746121297602243,-0.4555189456342681,1.0721752115480343,0.028284671532847246,-1.2728426395939085,0.42764578833693306,0.7717647058823532,-0.5598062953995157,-0.8466757123473547,0.794972505891594,0.1479289940828402,1.245387453874539,-0.4750337381916327,0.9458239277652369,-1.185
0.5615615615615616,-0.747804265997491,-2.0610889774236387,0.45977011494252884,-0.14463840399002534,-0.1331436699857753,0.0,-1.06064880112835,0.5181219110378915,-0.004977600796416023,1.2399635036496366,0.6941624365482234,1.5853131749460048,0.1882352941176473,1.1738498789346237,0.11940298507462703,-0.19795758051846077,0.8461538461538461,-0.3394833948339483,0.02159244264507424,0.24604966139954873,-1.431
0.5635635635635635,0.35633626097867044,-0.29216467463479406,0.7576211894052975,-0.9346633416458852,0.7522048364153631,0.0,-0.02820874471086008,-0.8014827018121926,0.5943255350920862,-0.11770072992700527,0.12309644670050765,0.4881209503239742,0.025098039215686308,-0.827118644067797,0.3853459972862963,1.2034564021995275,0.8284023668639053,0.2490774907749078,0.6045883940620788,-0.6794582392776521,-1.25
0.5655655655655656,0.1254705144291093,0.9721115537848604,0.16391804097951,0.9546134663341641,-1.1197724039829307,0.0,-0.30465444287729193,0.8294892915980238,-1.4962667994026884,0.45894160583941773,0.7474619289340101,-0.7041036717062639,-0.9850980392156865,0.8232445520581105,1.1343283582089558,-0.9646504320502757,-0.29585798816568054,-1.077490774907749,0.4696356275303647,-0.19413092550790056,-1.816
0.5675675675675675,-0.29611041405269745,-0.7755644090305445,-1.5732133933033485,-0.5296758104738154,0.47908961593172117,0.0,-0.5133991537376585,0.3896210873146619,0.26779492284718787,-0.7855839416058383,-2.1129441624365484,1.1360691144708428,0.3168627450980393,-0.842615012106538,-0.5915875169606515,-0.03770620581304008,0.8994082840236683,0.8948339483394837,1.182186234817814,1.602708803611738,-1.532
0.5695695695695696,0.6825595984943541,0.16467463479415684,-0.30784607696151917,0.6314214463840392,-1.069701280227597,0.0,0.5867418899858958,1.4901153212520604,-0.45097063215530114,1.0538321167883222,-0.1104060913705584,-0.8812095032397409,-0.3168627450980393,1.5418886198547195,-0.42333785617367703,-1.018067556952082,1.2307692307692304,-0.4760147601476016,-0.2159244264507418,0.8487584650112866,-1.601
0.5715715715715716,-1.4002509410288584,-2.140770252324037,0.3598200899550229,0.25835411471321673,-0.44039829302987166,0.0,-1.083215796897038,-0.05354200988467986,-0.5126928820308609,-0.49361313868613005,0.08756345177664974,0.05183585313174952,-0.8125490196078435,0.04842615012106431,-0.8900949796472191,-0.3519245875883741,0.8461538461538461,-0.5571955719557197,-0.1619433198380562,-0.9954853273137695,-1.639
0.5735735735735735,0.35633626097867044,0.5790172642762282,0.31184407796101987,-0.2922693266832918,0.0,0.0,0.48519040902679844,0.030477759472816373,0.5027376804380294,0.5009124087591252,0.24746192893401014,0.34125269978401723,0.11294117647058838,0.4455205811138003,0.08683853459972875,0.42733699921445356,1.3372781065088755,0.2084870848708489,-0.19433198380566757,-0.35665914221218953,-1.499
0.5755755755755756,-1.4454203262233383,-0.2390438247011951,-0.009995002498750414,0.20847880299251825,-0.6088193456614513,0.0,0.11283497884344157,0.29571663920922453,-0.5166749626679938,0.5939781021897824,-0.25761421319796957,-0.2591792656587471,-0.2352941176470588,0.8600484261501204,-0.49389416553595666,-0.5247446975648081,-1.650887573964497,-0.2730627306273061,-0.6801619433198379,0.10835214446952604,-1.605
0.5775775775775776,0.13550815558343807,0.10624169986719795,0.6896551724137937,1.6109725685785523,-1.612517780938834,0.0,-0.39492242595204485,0.590609555189456,-1.1717272274763564,0.03193430656934482,0.48350253807106597,-1.792656587473003,-0.9976470588235297,0.5966101694915247,-0.9335142469470828,-1.266300078554595,-0.47337278106508884,-0.7822878228782287,-0.5344129554655869,-0.6681715575620765,-1.616
0.5795795795795796,-0.747804265997491,-0.8818061088977425,-0.15392303848075958,0.4119700748129672,-0.4825035561877673,0.0,-0.3667136812411845,0.3056013179571656,-0.7436535589845695,-0.19616788321167708,-1.5164974619289338,0.0,0.4611764705882355,-0.08716707021791749,-0.5644504748982363,-0.3676355066771404,-0.4674556213017752,0.08487084870848717,-0.1781376518218619,-0.1264108352144468,-1.863
0.5815815815815816,-0.707653701380176,0.10624169986719795,0.553723138430785,-1.0862842892768079,0.8728307254623046,0.0,0.6431593794076165,-1.18533772652389,1.5540069686411155,-0.4242700729926989,0.3743654822335026,-0.15118790496760276,0.3137254901960785,-0.83680387409201,0.6132971506105837,0.7101335428122534,0.08875739644970405,0.5110701107011071,0.4588394062078276,-0.6343115124153498,-1.195
0.5835835835835835,0.1254705144291093,0.9561752988047807,0.1899050474762623,-0.08678304239401512,0.3095305832147936,0.0,-0.78984485190409,0.2759472817133439,0.21403683424589384,1.9662408759124097,0.6611675126903553,0.056155507559395315,-0.2352941176470588,1.2203389830508464,0.2985074626865676,0.5373134328358201,0.07692307692307682,-0.06457564575645743,0.22672064777327952,0.4492099322799098,-1.452
0.5855855855855856,0.10037641154328746,-0.14342629482071723,0.48975512243878094,-1.565087281795511,1.3928876244665724,0.0,-0.5980253878702397,-2.03047775947282,1.2394225983076161,-0.7436131386861301,-0.34137055837563446,0.31533477321814246,1.4525490196078439,-1.8963680387409199,-0.3799185888738127,1.4045561665357411,0.25443786982248506,1.5369003690036904,0.9176788124156546,-1.3363431151241532,-1.33
0.5875875875875876,-0.8531994981179423,-1.2483399734395748,-0.11194402798600712,0.26034912718204445,-0.38008534850640086,0.0,-0.18617771509167827,-0.4028006589785843,-0.3773021403683426,-0.36040145985401256,-0.8413705583756346,-0.7386609071274303,-0.32000000000000006,-0.40290556900726404,-1.3134328358208962,-0.9206598586017283,-0.48520710059171607,-0.7730627306273065,-0.8852901484480427,-0.2212189616252821,-1.496
0.5895895895895896,0.43663739021330045,-0.6480743691899069,-0.2658670664667667,1.5910224438902734,-1.8514935988620203,0.0,-0.8236953455571225,1.9481054365733124,-1.7789945246391243,-0.00456204379561953,-0.2652284263959391,-0.3930885529157667,-1.6909803921568636,1.036319612590797,-0.9715061058344642,-2.190102120974076,-0.0828402366863906,-1.0608856088560885,-1.489878542510121,0.12189616252821679,-1.927
0.5915915915915916,-0.48682559598494357,-0.037184594953519286,0.18790604697651153,0.3082294264339148,-0.22873399715504944,0.0,-1.2299012693935119,-0.1375617792421761,-0.24191139870582373,-0.1395985401459842,0.4606598984771573,-0.6781857451403891,-0.2792156862745098,0.1898305084745759,-0.27137042062415173,-0.6410054988216813,-0.07100591715976337,0.009225092250922724,0.2537112010796223,-0.8058690744920992,-1.503
0.5935935935935935,-1.0589711417816816,-0.6108897742363877,-0.3558220889555222,-0.5955112219451374,0.5701280227596017,0.0,-0.45133991537376567,-0.26606260296540424,0.01493280238924851,-0.8093065693430644,-1.2220812182741114,0.37149028077753776,0.5835294117647063,-1.2319612590799034,-0.537313432835821,1.329143754909661,0.4556213017751478,0.8413284132841331,-0.14574898785425053,-0.04063205417607201,-1.662
0.5955955955955956,-1.2045169385194483,0.053120849933598974,-0.4817591204397805,1.0563591022443883,-0.9058321479374117,0.0,0.3554301833568408,0.2397034596375609,-0.5664509706321554,0.453467153284673,0.3032994923857868,-1.1101511879049675,-0.4831372549019611,1.6019370460048414,-0.5698778833107193,-0.4681853888452473,-1.2071005917159763,-0.6365313653136532,0.38326585695006776,0.6320541760722347,-1.453
0.5975975975975976,0.19071518193224615,0.844621513944223,-0.6356821589205396,-0.6892768079800499,0.7886201991465153,0.0,0.9590973201692528,-0.6120263591433288,0.7914385266301647,0.1268248175182492,-0.48604060913705577,-0.10799136069114484,0.3011764705882353,-0.29443099273607753,0.09226594301221179,0.4336213668499602,0.5857988165680471,-0.009225092250922313,-0.1619433198380562,0.7900677200902936,-1.273
0.5995995995995996,1.4404015056461739,0.6162018592297476,0.06796601699150477,-0.39002493765586066,0.4244665718349933,0.0,-0.2820874471086036,-0.4192751235584851,0.431060228969637,-0.2801094890510936,0.4098984771573604,-0.4233261339092873,0.602352941176471,-0.44164648910411636,0.651289009497965,0.7792615868028269,-0.22485207100591717,0.4077490774907751,0.12955465587044543,-0.24379232505643322,-1.36
0.6016016016016016,-1.0539523212045172,1.588313413014608,1.763118440779611,-0.06483790523690809,0.34025604551920346,0.0,1.370944992947814,-2.0107084019769386,0.7894474863115982,0.7892335766423375,1.8159898477157361,-1.6889848812095039,0.602352941176471,0.43389830508474414,0.2550881953867032,-0.12254516889238061,-1.9585798816568047,-0.199261992619926,0.9392712550607288,-1.6501128668171554,-1.155
0.6036036036036037,-0.3462986198243412,-0.4302788844621514,1.061469265367317,0.7271820448877799,-0.8682788051209106,0.0,-0.6375176304654443,-0.6663920922570032,-0.7655550024888003,-0.16149635036496152,1.4809644670050761,-1.2915766738660908,-1.2109803921568634,0.2711864406779653,0.11940298507462703,-0.4273369992144542,-1.2662721893491125,-1.1143911439114391,-0.1781376518218619,-1.6004514672686228,-1.716
0.6056056056056056,0.3964868255959854,0.26560424966799456,-0.20189905047476264,-0.27431421446384063,0.07624466571835015,0.0,-0.2820874471086036,0.31054365733113615,0.17023394723743188,0.2837591240875928,-0.5038071065989848,-0.49244060475162,0.7090196078431374,0.5249394673123482,-0.23880597014925345,-0.5530243519245879,0.8579881656804731,0.3081180811808119,-0.41025641025640996,0.5214446952595938,-1.423
0.6076076076076076,-0.10539523212045182,0.11686586985391775,0.601699150424788,-0.603491271820449,0.3971550497866291,0.0,0.3328631875881525,-0.969522240527185,0.4051767048282729,-0.32025547445255387,0.45812182741116747,-0.8077753779697624,0.87843137254902,-0.7941888619854719,-0.0814111261872457,0.35192458758837336,0.10650887573964489,0.0,0.6693657219973008,-0.8735891647855528,-1.449
0.6096096096096096,-1.023839397741531,0.09561752988047816,0.7776111944027992,-0.39800498753117236,0.5177809388335707,0.0,-0.6149506346967559,-0.799835255354202,0.21403683424589384,-0.4060218978102176,-0.600253807106599,-0.19006479481641492,0.18196078431372573,-1.2106537530266346,0.005427408412483047,0.8263943440691274,-0.21893491124260356,0.7693726937269374,-0.5668016194331982,-0.695259593679458,-1.392
0.6116116116116116,0.15558343789209556,-0.2868525896414342,0.08395802098950579,-0.21645885286783087,0.5359886201991468,0.0,0.5867418899858958,0.028830313014825703,0.3812842210054755,1.8166058394160596,0.5977157360406091,-0.5615550755939527,1.0133333333333339,1.429539951573848,0.7381275440976938,0.7227022780832668,0.7337278106508875,0.5295202952029522,1.484480431848853,0.9841986455981941,-1.296
0.6136136136136137,0.06524466750313684,-0.4249667994687915,-1.3613193403298351,-0.4199501246882794,0.4392603129445238,0.0,-0.13540197461212958,0.23640856672158103,0.4708810353409661,0.44251824817518354,-0.7956852791878172,1.3909287257019443,0.454901960784314,0.20726392251815837,0.07598371777476265,0.14454045561665294,-0.5207100591715976,0.27306273062730635,0.4858299595141704,1.1286681715575622,-1.559
0.6156156156156156,0.3111668757841911,0.2709163346613545,0.3518240879560224,0.014962593516209152,-0.03413940256045498,0.0,-0.045133991537376315,-0.11449752883031407,-0.06869089099054253,-0.2801094890510936,-0.10279187817258885,0.17278617710583175,0.35764705882352954,-0.6605326876513317,-0.13025780189959313,-0.10683424980361425,0.378698224852071,0.4889298892988931,-0.6963562753036436,-0.25507900677200884,-1.495
0.6176176176176176,0.6925972396486829,0.09030544488711827,-0.7556221889055472,-0.22244389027431444,0.050071123755334346,0.0,-0.011283497884343845,0.4192751235584836,0.27575908412145367,-0.4735401459853999,-1.0977157360406091,0.07775377969762429,0.41098039215686294,-0.4823244552058119,-0.11397557666214399,-0.49332285938727405,1.662721893491124,0.21217712177121792,0.37246963562753066,0.327313769751693,-1.485
0.6196196196196196,-1.0439146800501884,0.40371845949535196,-0.6596701649175412,-0.054862842892768215,-0.061450924608819166,0.0,0.5303244005641751,-0.03377265238879771,0.4868093578894977,0.21806569343065763,-0.33121827411167504,0.898488120950324,0.44235294117647084,-0.36803874092009736,0.8738127544097699,-0.3676355066771404,-1.1893491124260356,-0.16420664206642063,-0.36167341430499295,0.4920993227990972,-1.379
0.6216216216216216,-0.1455457967377668,0.01593625498007969,-1.2333833083458274,0.4359102244389024,-0.40056899004267477,0.0,-0.37235543018335654,0.7355848434925865,-0.7914385266301645,1.013686131386862,-0.1408629441624366,0.28077753779697656,-0.4517647058823532,0.9820823244552046,-0.005427408412483047,-0.11626080125687463,-0.31952662721893493,0.2527675276752768,0.28609986504723367,1.652370203160271,-1.483
0.6236236236236237,0.7628607277289841,0.5843293492695881,0.6456771614192904,-0.3840399002493766,-0.16842105263157864,0.0,0.9196050775740482,-0.05024711696869999,-0.1961174713787951,0.5666058394160604,0.5241116751269036,0.09071274298056166,-0.018823529411764732,0.4319612590799026,0.5047489823609227,-0.6944226237234877,0.5739644970414199,-0.3468634686346863,-1.1443994601889336,-0.5282167042889389,-1.653
0.6256256256256256,0.10037641154328746,-0.5099601593625496,0.1679160419790107,-0.33815461346633446,0.1650071123755335,0.0,-0.24259520451339908,-0.1655683690280072,0.12244897959183698,0.484489051094891,-0.348984771573604,0.6220302375809937,0.909803921568628,0.33898305084745706,-0.4776119402985075,0.6441476826394337,-0.7100591715976331,0.837638376383764,0.998650472334683,-0.11512415349887117,-1.433
0.6276276276276276,-0.3362609786700124,-0.12217795484727764,-0.23788105947026447,0.2902743142144632,-0.5485064011379805,0.0,-0.06205923836389255,-0.061779242174630274,-0.2677949228471874,-0.10492700729926864,0.2956852791878173,0.29373650107991395,-0.05647058823529419,0.14140435835350987,0.8249660786974224,-0.7289866457187749,0.680473372781065,-0.42804428044280446,0.2914979757085022,-0.08577878103837454,-1.497
0.6296296296296297,0.4065244667503142,0.589641434262948,-1.3513243378310846,1.142144638403989,-0.8819345661450931,0.0,0.7390691114245418,0.8558484349258656,-0.33349925335988057,-0.5100364963503634,-0.6459390862944161,-0.8725701943844494,-0.8345098039215687,0.17627118644067652,-0.8141112618724564,-0.5373134328358214,1.3668639053254437,-0.6365313653136532,0.10256410256410264,1.3724604966139953,-1.484
0.6316316316316316,-0.5319949811794229,0.7861885790172641,1.3493253373313352,-0.9187032418952618,0.9718349928876249,0.0,-0.688293370944993,-0.9711696869851743,0.797411647585864,2.6523722627737243,0.5418781725888324,-0.7818574514038882,0.5552941176470592,1.7046004842615,-0.1628222523744914,1.2568735271013345,-1.0710059171597632,0.797047970479705,2.472334682860998,-0.15575620767494344,-1.174
0.6336336336336337,1.3500627352572152,-0.07968127490039846,0.13193403298350884,0.016957605985037306,0.22190611664295865,0.0,0.22566995768688314,0.20675453047775924,0.04081632653061262,0.013686131386861831,0.1256345177664975,1.0194384449244063,0.7372549019607846,-0.07748184019370462,0.4504748982360929,0.4179104477611932,0.8934911242603548,0.4926199261992621,-0.32388663967611303,-0.0835214446952594,-1.431
0.6356356356356356,-1.3199498117942283,-1.6573705179282863,-1.0574712643678161,-0.2603491271820449,0.5120910384068282,0.0,-1.5401974612129763,-0.09472817133443191,-0.06669985067197585,0.08850364963503768,-1.3515228426395938,-0.22894168466522705,0.6337254901960789,0.09878934624697189,-1.5468113975576672,0.6127258444619003,-0.2011834319526628,0.5387453874538747,-0.2321187584345475,0.927765237020316,-1.516
0.6376376376376376,0.8331242158092853,-0.8977423638778221,-0.31184407796101987,0.23042394014962572,-0.14907539118065466,0.0,-0.7616361071932297,0.2742998352553532,0.3932304629168742,0.9187956204379575,-0.31598984771573596,0.34125269978401723,-0.6149019607843138,0.7399515738498779,-0.2333785617367704,-0.622152395915162,0.1952662721893491,-0.07564575645756445,-0.38326585695006715,0.708803611738149,-1.479
0.6396396396396397,-0.8080301129234635,0.7755644090305444,0.783608195902049,-0.32817955112219455,0.34708392603129473,0.0,1.2581100141043726,-1.6087314662273504,0.9328023892483828,-0.6797445255474437,0.7677664974619289,-0.49676025917926575,-0.10039215686274489,-0.5520581113801453,-0.640434192672999,0.6315789473684202,-1.0355029585798816,-0.31365313653136523,0.577597840755736,-1.6546275395033858,-1.351
0.6416416416416416,0.1254705144291093,0.3134130146082337,-0.36181909045477284,-0.228428927680798,0.12176386913229047,0.0,-0.18617771509167827,0.1342668863261933,-0.8412145345943255,0.6870437956204396,0.5951776649746193,-0.09935205183585324,0.5207843137254905,0.6644067796610165,1.6553595658073277,0.04713275726629905,0.4556213017751478,-0.04428044280442809,1.7867746288798916,0.4762979683972913,-1.615
0.6436436436436437,0.16562107904642429,-0.5843293492695881,-0.7036481759120439,0.3221945137157101,-0.7021337126600287,0.0,-0.2933709449929478,0.06342668863261801,-0.2220009955201592,-0.05018248175182293,-0.7474619289340101,-0.9416846652267821,0.4486274509803924,0.44745762711864356,-0.537313432835821,0.14139827179889924,-0.1952662721893492,0.2749077490774908,-1.770580296896086,0.4604966139954854,-1.565
0.6456456456456456,-0.7929736511919703,0.9136786188579017,-0.20989505247376314,-1.8882793017456354,1.6238975817923194,0.0,0.8236953455571229,-1.6911037891268559,2.2847187655550036,-0.2728102189781001,-0.4835025380710659,0.4060475161987041,1.9670588235294126,-1.1331719128329298,-0.5156037991858888,1.2631578947368414,-0.6568047337278107,1.3376383763837643,1.0094466936572202,-0.004514672686230251,-0.856
0.6476476476476476,-1.023839397741531,0.15405046480743703,1.011494252873564,0.5675810473815455,-0.3163584637268844,0.0,-0.6826516220028209,0.12273476112026302,-0.5684420109507217,0.7107664233576657,0.5647208121827411,-0.15982721382289436,-1.1231372549019611,0.7535108958837755,-0.3256445047489822,-0.48389630793401506,-0.9171597633136096,-0.8284132841328411,-0.5128205128205126,-0.0835214446952594,-1.533
0.6496496496496497,2.097867001254706,1.6733067729083664,-0.5517241379310343,-0.940648379052369,0.8842105263157899,0.0,0.24823695345557145,-0.04859967051070932,0.8073668491786963,1.0666058394160605,-0.18654822335025376,0.07775377969762429,0.9003921568627455,0.4939467312348663,1.2862957937584811,0.7698350353495672,0.1893491124260355,0.9391143911439118,0.577597840755736,0.7223476297968398,-1.593
0.6516516516516516,0.24592220828105427,0.16467463479415684,1.0694652673663174,0.44189526184538597,-0.5359886201991468,0.0,0.2820874471086038,0.0799011532125203,-0.03285216525634637,0.484489051094891,1.4936548223350254,-0.9805615550755942,-0.6807843137254904,1.1079903147699752,0.41248303934871156,-0.25765907305577457,0.7514792899408284,-0.9963099630996312,0.02159244264507424,-0.7878103837471782,-1.538
0.6536536536536537,1.134253450439147,1.49800796812749,1.0074962518740633,-0.9147132169576059,0.5803698435277382,0.0,0.6375176304654444,-0.12767710049423503,0.3215530114484823,0.8074817518248188,1.1205583756345177,0.2591792656587476,1.0949019607843142,0.3912832929782079,1.3134328358208962,0.7886881382560873,0.9289940828402364,0.8966789667896682,0.12955465587044543,-0.5553047404063204,-1.457
0.6556556556556556,0.5520702634880804,1.1686586985391765,-0.15392303848075958,0.006982543640897427,0.45291607396870587,0.0,1.1960507757404797,-0.7520593080724887,0.27376804380288744,-0.6943430656934291,0.8464467005076142,-0.37149028077753776,-0.5427450980392157,-0.8096852300242129,1.1831750339213032,0.4053417124901798,-0.6923076923076923,-0.5239852398523986,0.2159244264507424,-0.04514672686230227,-1.318
0.6576576576576577,-0.4065244667503136,-0.6374501992031871,0.49975012493753135,0.08478802992518653,-0.020483641536272888,0.0,-0.8462623413258109,-0.6993410214168049,-0.3155798904927823,0.2198905109489064,-0.3794416243654822,-1.3952483801295898,0.3639215686274511,-0.07941888619854788,-1.3351424694708283,-0.028279654359781106,0.28402366863905315,0.6162361623616238,-1.2361673414304988,-0.7945823927765235,-1.556
0.6596596596596597,-0.10037641154328746,0.49933598937583007,0.13193403298350884,0.5935162094763088,-0.3516358463726888,0.0,-0.3610719322990124,0.39621087314662307,-0.3892483822797413,-0.06478102189780835,-0.348984771573604,-0.38444924406047515,-0.25098039215686274,-0.47651331719128387,-0.3962008141112618,-0.21052631578947412,0.4852071005917159,0.1402214022140223,0.1997300944669367,0.08352144469525966,-1.528
0.6616616616616616,0.16060225846925993,0.6055776892430278,1.1194402798600704,-0.8049875311720699,0.5689900426742533,0.0,0.41748942172073367,-1.2759472817133468,0.7396714783474369,-0.5447080291970791,0.7423857868020304,0.16846652267818596,0.7811764705882356,-0.9123486682808721,0.010854816824966093,0.21052631578947273,0.7988165680473372,0.046125461254612796,0.8582995951417004,-1.6659142212189613,-1.325
0.6636636636636637,-0.863237139272271,-0.010624169986719795,-0.03398300849575194,-0.030922693266833043,0.38805120910384105,0.0,-0.9760225669957686,-0.10790774299835286,0.33748133399701397,0.40419708029197204,-0.35659898477157354,0.345572354211663,-0.16313725490196065,0.17239709443099172,0.23337856173677102,0.3362136684996063,-0.017751479289940843,0.5479704797047972,0.22672064777327952,0.6162528216704288,-1.568
0.6656656656656657,-0.31116687578419056,-0.9136786188579018,-0.6876561719140429,-0.05087281795511236,0.37211948790896165,0.0,-1.6530324400564171,-0.4967051070840216,0.14634146341463442,-0.5757299270072979,-0.8032994923857868,0.742980561555076,0.5396078431372553,-0.598547215496368,-0.6241519674355498,-0.0628436763550668,-0.7337278106508875,0.7767527675276754,-0.49122807017543835,0.4920993227990972,-1.474
0.6676676676676677,-1.3500627352572145,0.6746347941567065,-1.0154922538730637,-1.1201995012468826,1.4145092460881938,0.0,-0.3159379407616361,-0.8970345963756191,0.8551518168242911,0.8859489051094906,-1.3261421319796953,1.0583153347732184,0.9913725490196083,-0.6334140435835355,-0.021709633649932187,1.5145326001571078,-0.14792899408284027,1.2841328413284137,-1.1551956815114706,1.3566591422121896,-1.228
0.6696696696696697,-0.3161856963613549,-0.5949535192563079,-0.8995502248875564,0.27231920199501203,0.15476529160739705,0.0,-0.7447108603667134,-0.8064250411861632,-0.3235440517670481,-0.5611313868613124,0.03426395939086297,0.3326133909287256,-0.7152941176470587,-1.1138014527845033,1.0420624151967441,0.08483896307933914,-0.7159763313609467,-0.7693726937269374,-1.1551956815114706,0.1399548532731378,-1.449
0.6716716716716716,0.3814303638644923,0.451527224435591,0.7316341829085461,0.7271820448877799,-0.5223328591749642,0.0,0.06205923836389286,0.2479406919275113,-1.0164260826281735,1.6304744525547452,1.3058375634517765,-0.4665226781857452,-0.6149019607843138,1.4256658595641634,1.411126187245591,-0.6504320502749417,-1.3431952662721893,-0.6236162361623614,-1.6140350877192977,-0.10158013544018041,-1.633
0.6736736736736737,0.4466750313676286,-1.0411686586985387,0.31184407796101987,-0.5875311720698256,0.42788051209103845,0.0,-0.6318758815232722,-0.6878088962108746,0.14833250373320067,-0.12864963503649474,0.21446700507614216,0.3628509719222462,0.48941176470588266,-0.46489104116222774,-0.7598371777476259,0.06912804399057278,0.6982248520710058,0.2915129151291514,-0.24831309041835317,-0.6975169300225731,-1.441
0.6756756756756757,-0.1907151819322456,-0.8074369189907039,-0.22188905547226345,0.7930174563591014,-0.893314366998578,0.0,0.13540197461212988,0.8344316309719942,-0.3872573419611746,0.13777372262773865,-0.6357868020304567,-0.6695464362850975,-0.4831372549019611,0.6895883777239703,-1.2428765264586166,-1.2788688138256084,1.1775147928994083,-0.4132841328413284,-0.48043184885290124,0.3002257336343115,-1.558
0.6776776776776777,-1.1543287327478047,-0.5790172642762282,-0.5617191404297855,-0.2962593516209477,0.005689900426742413,0.0,0.1579689703808182,-0.07990115321252177,-0.1622697859631656,-0.5812043795620425,-1.1256345177664975,0.9028077753779699,0.18196078431372573,-0.6818401937046007,-0.955223880597015,-0.311076197957581,-0.25443786982248523,0.30627306273062743,-0.7503373819163286,0.17832957110609493,-1.387
0.6796796796796797,-0.14052697616060245,-0.6905710491367861,1.0494752623688157,-1.0603491271820449,0.9889046941678526,0.0,-0.6826516220028209,-0.5724876441515659,0.7894474863115982,1.8604014598540157,0.7144670050761421,-0.5485961123110153,0.790588235294118,0.5888619854721534,0.4884667571234736,0.6001571091908868,0.26627218934911234,0.35977859778597804,-0.23751686909581604,-0.19187358916478545,-1.516
0.6816816816816816,0.10037641154328746,-0.03187250996015938,-0.8455772113943028,-0.5117206982543643,0.17411095305832155,0.0,-0.3667136812411845,-0.34843492586491126,0.028870084619213903,-0.4461678832116779,-0.8489847715736041,-0.23758099352051865,0.018823529411764732,-0.9200968523002426,0.4830393487109906,0.6975648075412401,0.28402366863905315,0.6070110701107013,-0.37246963562753005,0.46275395033860056,-1.377
0.6836836836836837,1.2446675031367633,0.32934926958831334,-0.6636681659170414,0.1266832917705733,0.08876244665718336,0.0,-0.2877291960507757,0.2973640856672152,-0.7615729218516674,0.26916058394160736,-1.1230964467005076,-0.07343412526997849,0.10666666666666681,0.04648910411622277,-0.40162822252374486,0.5938727415553802,0.01775147928994068,0.8966789667896682,-1.0148448043184881,0.7539503386004516,-1.707
0.6856856856856857,1.184441656210791,0.4833997343957504,0.7156421789105452,0.024937655860348587,-0.21507823613086785,0.0,0.29901269393512003,0.0271828665568365,-0.22598307615729213,-0.28558394160583833,0.5748730964467005,-0.22894168466522705,0.41098039215686294,-0.4145278450363202,0.5535956580732702,-0.5813040062843675,0.6745562130177514,0.12546125461254626,-0.8421052631578941,-0.6749435665914219,-1.561
0.6876876876876877,0.11543287327478056,0.4727755644090306,0.5757121439280366,-0.05087281795511236,0.2970128022759604,0.0,-0.1579689703808179,-0.051894563426689196,0.08262817322050792,1.4370437956204387,0.5418781725888324,-0.3369330453563714,0.41098039215686294,0.9646489104116204,-0.41248303934871094,0.2608012568735262,-0.21301775147929003,0.28228782287822884,-0.5506072874493926,0.09932279909706554,-1.339
0.6896896896896897,0.37641154328732795,1.0358565737051793,0.20189905047476264,0.1266832917705733,0.27539118065433865,0.0,0.34414668547249666,-0.0782537067545311,0.08661025385764083,1.4352189781021916,0.25,-0.4060475161987041,-0.13176470588235276,0.6527845036319604,-0.01628222523744914,1.1751767478397477,-0.6153846153846154,0.41328413284132864,0.04858299595141704,0.5146726862302484,-1.523
0.6916916916916916,1.47051442910916,0.41434262948207173,0.14792603698150986,0.4558603491271817,-0.8796586059743954,0.0,-0.3554301833568406,0.9794069192751232,-0.7476356396217024,-0.5793795620437946,-0.049492385786802,0.6695464362850975,-0.0031372549019607885,0.04261501210653625,-0.44504748982360925,-0.26708562450903356,1.7633136094674555,0.2472324723247235,-0.4642375168690956,-0.7404063205417605,-1.723
0.6936936936936937,1.5106649937264751,0.5524568393094288,-0.03198400799600204,-0.24039900249376558,0.6293029871977242,0.0,-0.5980253878702397,-0.8970345963756191,0.27575908412145367,-0.5556569343065677,-0.3337563451776649,-0.5097192224622031,0.11607843137254917,-0.8387409200968523,0.10312075983717789,0.42733699921445356,0.6686390532544377,0.6273062730627309,-0.4318488529014842,-0.4085778781038373,-1.46
0.6956956956956957,-0.667503136762861,-0.9136786188579018,0.33783108445777127,0.25236907730673275,-0.5587482219061164,0.0,-0.6262341325811001,-0.07001647446458069,-0.19810851169736177,0.6414233576642346,1.1713197969543148,-0.8077753779697624,-0.2823529411764706,1.3152542372881335,-0.09769335142469485,-0.9897879025923024,-1.3431952662721893,-1.1605166051660518,1.641025641025641,-0.5823927765237018,-1.428
0.6976976976976977,0.5370138017565873,-0.8339973439575034,-0.01599200399800102,-0.4139650872817958,0.38918918918918943,0.0,0.5585331452750355,0.028830313014825703,0.5684420109507221,0.0958029197080312,-0.8667512690355328,0.11231101511879063,0.3764705882352943,-0.3486682808716708,-0.5535956580732702,0.3456402199528667,0.12426035502958574,0.6309963099630999,0.3022941970310394,0.3115124153498871,-1.437
0.6996996996996997,-0.26599749058971117,-1.0783532536520581,-0.6096951524237881,-0.19650872817955156,0.10924608819345676,0.0,-0.4344146685472494,-0.20510708401977004,0.11050273768043826,-0.6085766423357654,-1.4276649746192893,0.28077753779697656,0.1349019607843139,-0.9317191283292978,-0.23880597014925345,-0.24509033778476122,-1.21301775147929,0.17158671586715885,-0.9878542510121453,0.6997742663656885,-1.465
0.7017017017017017,0.9987452948557096,1.2324037184594951,-1.193403298350825,0.5995012468827923,-0.47681365576102386,0.0,-0.09026798307475295,0.7125205930807244,-0.3792931806869088,0.7308394160583959,-0.9200507614213196,-0.38876889848812096,-0.7905882352941176,0.5733656174334125,-0.35820895522388047,-0.5781618224666145,-0.3017751479289942,0.2509225092250923,-0.4048582995951414,1.1918735891647858,-1.642
0.7037037037037037,0.707653701380176,0.32403718459495345,0.5037481259370321,0.35610972568578514,-0.30270270270270283,0.0,-1.1904090267983074,0.3929159802306417,-0.13240418118466904,1.0209854014598554,0.4505076142131979,-0.38876889848812096,0.0815686274509805,1.0382566585956403,-0.23880597014925345,-0.3205027494108414,0.7041420118343195,0.43357933579335817,0.3886639676113363,-0.07223476297968377,-1.582
0.7057057057057057,-0.612296110414053,0.2868525896414342,0.5577211394302849,0.23042394014962572,-0.689615931721195,0.0,0.11847672778561365,0.20510708401976857,-0.006968641114982255,0.8604014598540158,1.6763959390862944,-0.449244060475162,-1.0729411764705885,1.4585956416464867,0.09769335142469485,-1.520816967792615,-0.0059171597633136145,-1.4686346863468638,0.4372469635627534,-0.4672686230248306,-1.43
0.7077077077077077,-0.7227101631116691,-0.18592297476759612,-0.11594202898550694,0.7890274314214456,-0.6884779516358471,0.0,-0.473906911142454,0.4934102141680388,-0.7516177202588353,0.5757299270073011,0.9073604060913706,-1.3693304535637152,-0.9600000000000002,1.0595641646489091,-0.5047489823609227,-1.1940298507462692,-0.14792899408284027,-1.5774907749077494,0.6747638326585694,-0.12415349887133167,-1.554
0.7097097097097097,0.2810539523212049,-0.38778220451527223,-1.4512743628185911,0.222443890274314,-0.46657183499288796,0.0,-0.6318758815232722,0.864085667215816,0.11647585863613741,-0.4352189781021884,-0.9479695431472079,1.3995680345572359,-0.32941176470588246,-0.15496368038740924,-0.29850746268656697,-0.5310290652003141,-0.14792899408284027,0.41881918819188213,-0.5883940620782725,1.5914221218961622,-1.493
0.7117117117117117,-1.023839397741531,-0.8339973439575034,0.5977011494252874,-0.8149625935162096,1.0697012802275963,0.0,-0.3328631875881523,-1.3286655683690305,0.8292682926829272,-0.22171532846715195,-0.516497461928934,-0.3326133909287256,1.4619607843137261,-0.8329297820823243,-1.1071913161465403,0.8955223880597009,0.3431952662721893,1.0885608856088564,-0.05937921727395356,-0.5598194130925506,-1.267
0.7137137137137137,-0.4366373902132999,0.4674634794156707,0.8615692153923041,1.3536159600997495,-1.5613086770981512,0.0,0.09026798307475326,0.6070840197693568,-1.5281234444997516,0.47171532846715436,1.135786802030457,-1.1360691144708424,-0.8847058823529413,1.0769975786924935,0.010854816824966093,-1.6810683424980357,1.0887573964497042,-1.3191881918819188,0.01619433198380568,-0.9999999999999998,-1.742
0.7157157157157157,0.9335006273525728,0.398406374501992,-1.7351324337831087,-0.31421446384039925,0.38463726884779537,0.0,0.4626234132581101,0.4209225700164743,0.08063713290194169,-0.48083941605839264,-1.7068527918781724,0.9460043196544278,0.1913725490196081,-0.720581113801453,-0.22252374491180432,-0.3802042419481538,0.0059171597633136145,0.3782287822878231,-0.5128205128205126,1.5936794582392777,-1.49
0.7177177177177178,-0.7327478042659978,-0.19123505976095603,-0.4037981009495253,0.4299251870324184,-0.09445234708392627,0.0,0.6262341325811003,-0.6565074135090622,0.43305126928820326,-0.7217153284671519,0.19416243654822338,-1.1403887688984886,-0.276078431372549,-0.3525423728813565,-0.15739484396200837,-0.0911233307148479,-0.3017751479289942,-0.5738007380073801,0.25910931174089086,-0.2686230248306996,-1.231
0.7197197197197197,0.5972396486825597,0.2018592297476758,0.23588205897051456,-0.11072319201995029,-0.05234708392603111,0.0,1.2355430183356844,0.5988467874794063,-0.12643106022896944,1.7107664233576658,0.33883248730964466,-0.02591792656587476,-0.6086274509803923,1.2087167070217903,1.4599728629579383,0.1916732128829527,0.5384615384615384,-0.4999999999999999,-0.6045883940620781,0.505643340857788,-1.572
0.7217217217217218,0.6725219573400254,-0.5152722443559095,0.4357821089455273,0.6294264339152115,-0.8318634423897583,0.0,-0.14668547249647373,0.9069192751235587,-0.5425584868093579,1.212591240875913,0.5723350253807107,-0.8466522678185746,-0.6400000000000001,1.5864406779661007,0.23880597014925406,-1.3825608798114695,0.8461538461538461,-1.2250922509225093,0.21052631578947384,0.033860045146726886,-1.629
0.7237237237237237,1.058971141781682,-0.07968127490039846,-1.9990004997501254,-0.34613466334164616,0.5268847795163587,0.0,-0.21438645980253868,0.577429983525535,0.4788451966152319,-0.053832116788320505,-2.125634517766497,1.2311015118790503,-0.012549019607843154,-0.3893462469733664,-0.8086838534599734,0.16339355852317297,0.5443786982248521,0.4889298892988931,-0.7179487179487178,2.1241534988713315,-1.289
0.7257257257257257,-0.4466750313676286,0.6002656042496678,0.40979510244877587,0.6593516209476302,-0.5405405405405403,0.0,-0.6995768688293371,-0.28253706754530655,-0.763563962170234,-0.3677007299270061,0.6992385786802031,-0.7170626349892012,-1.0698039215686281,0.07167070217917657,-0.45047489823609227,-0.4776119402985077,-0.36094674556213024,-0.9538745387453874,-0.6693657219973008,-0.7268623024830698,-1.497
0.7277277277277278,-0.1254705144291093,-0.40903054448871184,-0.815592203898051,0.0748129675810471,0.16955903271692754,0.0,0.3892806770098733,0.7520593080724872,-0.07665505226480834,1.17609489051095,-1.3591370558375633,1.1403887688984886,0.053333333333333406,0.8058111380145263,0.03256445047489828,1.0054988216810674,0.08284023668639044,0.33948339483394846,-0.5775978407557353,1.537246049661399,-1.456
0.7297297297297297,-0.12045169385194494,0.6852589641434262,-1.069465267366317,-0.48778054862842907,0.4870554765291608,0.0,0.4739069111424543,-0.5065897858319612,0.5604778496764563,-0.36040145985401256,-0.9352791878172587,0.3196544276457882,0.5019607843137258,-1.1370460048426148,1.0529172320217102,0.4933228593872733,-0.9171597633136096,0.7527675276752769,0.4858299595141704,0.6568848758465011,-1.231
0.7317317317317318,-0.1104140526976162,-0.5630810092961486,0.40779610194902594,-0.06483790523690809,0.3482219061166431,0.0,-0.310296191819464,-0.40444810543657495,0.3056246888999507,0.4297445255474469,0.20177664974619292,-0.5356371490280779,0.031372549019607884,-0.18208232445520628,-0.2442333785617365,0.6095836606441466,0.9112426035502956,0.16236162361623632,0.0269905533063428,-0.44018058690744905,-1.339
0.7337337337337337,-0.7628607277289841,-0.17529880478087634,-1.199400299850075,0.49376558603491216,-0.5291607396870555,0.0,-0.1523272214386458,0.05683690280065827,-0.5604778496764559,-0.5702554744525531,-0.7880710659898477,0.29805615550755926,-1.0917647058823534,-0.524939467312349,0.12483039348711007,-0.5781618224666145,-1.0591715976331362,-0.5996309963099631,-0.6315789473684209,1.1512415349887135,-1.5
0.7357357357357357,0.336260978670013,0.6852589641434262,-0.19590204897551203,0.3960099750623438,-0.2366998577524896,0.0,0.14104372355430198,-0.19357495881383976,0.26580388252862164,-0.00456204379561953,-0.7347715736040609,-0.15982721382289436,-0.0784313725490197,0.11428571428571281,-0.5481682496607871,0.009426551453258974,-0.9881656804733727,0.45940959409594123,-0.6099865047233467,0.08126410835214454,-1.418
0.7377377377377378,0.2358845671267255,-1.4130146082337316,0.48375812093953036,0.050872817955111914,-0.17524893314366996,0.0,-0.9083215796897037,0.7289950576606267,-0.8750622200099555,0.2417883211678837,-0.33629441624365475,0.8552915766738661,0.18509803921568652,0.20532687651331682,-0.8195386702849394,-0.15082482325216032,1.029585798816568,-0.28413284132841315,-1.041835357624831,-0.23250564334085772,-1.809
0.7397397397397397,-0.40150564617314927,-0.4302788844621514,0.9115442278860572,0.23840399002493745,-0.051209103840682724,0.0,0.17489421720733445,-0.8130148270181229,-0.33947237431557975,-0.5757299270072979,0.8210659898477157,0.23326133909287286,-0.3450980392156864,-0.24213075060532674,0.6295793758480328,0.10683424980361286,-0.44970414201183434,-0.6439114391143912,0.9176788124156546,-1.3295711060948079,-1.464
0.7417417417417418,-0.5721455457967379,-1.136786188579017,-0.5697151424287861,-0.22244389027431444,0.23556187766714073,0.0,-0.33850493653032443,0.22652388797363995,-0.17620706819313056,0.3531021897810239,-0.5393401015228426,0.0691144708423327,0.2603921568627454,-0.18401937046004954,0.2876526458616015,-0.4524744697564809,-0.5325443786982249,-0.19188191881918798,0.4696356275303647,1.1738148984198646,-1.6
0.7437437437437437,1.0740276035131746,0.6321381142098272,0.8355822088955528,1.211970074812967,-1.3997155049786638,0.0,0.0,0.7817133443163105,-1.7232453957192637,-0.19251824817518112,0.8845177664974619,-0.4146868250539957,-1.4086274509803927,0.7322033898305065,0.7706919945725921,-0.7729772191673209,-0.13609467455621305,-1.5516605166051662,-1.3603238866396756,-0.8239277652370202,-2.073
0.7457457457457457,-0.26599749058971117,-0.9508632138114211,0.22988505747126486,1.2279301745635904,-1.1891891891891895,0.0,-1.1791255289139633,1.0255354200988474,-0.9109009457441511,0.19799270072992908,0.6535532994923858,-1.1835853131749465,-0.859607843137255,0.7380145278450346,0.021709633649932187,-1.2474469756480757,0.7988165680473372,-1.0166051660516606,-0.07017543859649068,-0.03837471783295689,-1.852
0.7477477477477478,0.34127979924717733,0.8286852589641432,0.22588705647176416,-0.08877805486284326,-0.16842105263157864,0.0,-0.37235543018335654,-0.6268533772652404,0.3613738178198109,-0.37682481751824676,0.19416243654822338,-0.8812095032397409,0.34823529411764714,-0.32929782082324505,0.4450474898236098,-0.3707776904948948,-1.2603550295857988,0.26752767527675286,0.1511470985155197,-0.7381489841986454,-1.405
0.7497497497497497,0.6323713927227104,1.189907038512616,0.23388305847076468,-0.9446384039900249,0.3243243243243246,0.0,1.9576868829337097,-0.722405271828667,1.0084619213539079,0.43339416058394287,0.15101522842639592,-0.12095032397408222,1.2517647058823536,0.20338983050847356,0.5753052917232023,0.2859387274155529,0.04142011834319514,0.16236162361623632,-0.10256410256410205,0.0699774266365689,-1.265
0.7517517517517518,-1.0037641154328734,-0.9827357237715799,-0.38380809595202353,1.2319201995012463,-0.6975817923186352,0.0,-1.0719322990126936,0.77677100494234,-1.530114484818318,-0.6998175182481738,-0.5901015228426396,0.6652267818574518,-0.25098039215686274,0.0,-0.884667571234736,-0.6504320502749417,1.390532544378698,-0.1457564575645756,-0.38326585695006715,-0.12415349887133167,-1.906
0.7537537537537538,-0.4316185696361355,-0.05843293492695888,0.9595202398800602,-1.6089775561097253,1.2267425320056902,0.0,0.7954866008462624,-1.3088962108731492,1.0383275261324045,-0.03558394160583752,-0.09263959390862946,0.4060475161987041,1.3992156862745104,-1.2067796610169488,-0.41248303934871094,0.46504320502749363,0.11834319526627213,0.5996309963099633,0.6909581646423751,-0.620767494356659,-1.274
0.7557557557557557,0.48682559598494357,0.010624169986719795,0.6996501749125441,-0.7830423940149627,0.6588904694167856,0.0,0.2425952045133994,-0.7059308072487661,0.44897959183673486,0.4370437956204388,0.3413705583756345,0.31101511879049665,0.9160784313725495,0.2924939467312343,0.20624151967435578,-0.028279654359781106,-0.4674556213017752,0.2619926199261993,0.6585695006747637,-0.7855530474040631,-1.615
0.7577577577577578,0.3513174404015061,1.9601593625498004,0.33383308345827145,-1.2658354114713215,0.7351351351351353,0.0,1.4330042313117066,-0.7026359143327863,0.3135888501742165,-0.4516423357664226,0.9022842639593909,0.6954643628509722,1.214117647058824,-0.7922518159806295,2.2578018995929456,0.6881382560879804,0.5443786982248521,0.4077490774907751,1.295546558704454,-0.7178329571106092,-1.569
0.7597597597597597,1.1643663739021333,0.21248339973439562,0.6936531734132935,-0.5256857855361595,0.5211948790896164,0.0,0.03385049365303247,-0.3995057660626044,0.010950721752115604,1.0848540145985417,0.4022842639593909,-0.7645788336933049,1.0164705882352947,0.4455205811138003,0.47218453188602444,0.29850746268656625,0.7396449704142012,0.7121771217712178,0.2159244264507424,-0.4085778781038373,-1.499
0.7617617617617618,0.6424090338770392,-0.01593625498007969,0.0879560219890056,0.7431421446384033,-0.9160739687055477,0.0,0.32157968970380835,0.613673805601318,-0.538576406172225,-0.4680656934306552,0.6154822335025381,0.5701943844492443,-0.4203921568627453,-0.12784503631961391,0.6024423337856176,-0.9143754909662223,0.7514792899408284,-0.7546125461254614,-0.5506072874493926,-0.4785553047404062,-1.502
0.7637637637637638,0.2358845671267255,0.9774236387782202,0.4577711144427789,-0.6134663341645885,0.47226173541963035,0.0,0.41748942172073367,-0.3303130148270198,0.30363364858138403,-0.1797445255474445,-0.879441624365482,0.0,0.9254901960784319,-0.7322033898305091,-0.3364993215739483,0.08798114689709352,0.33136094674556205,0.8523985239852401,0.08636977058029696,-0.30699774266365676,-1.506
0.7657657657657657,-0.35131744040150553,-0.6162018592297476,0.24987506246876567,-0.29426433915211997,-0.007965860597439681,0.0,-0.9026798307475317,-0.39785831960461376,-0.0348432055749126,0.20346715328467221,-0.15609137055837555,-0.4751619870410368,-0.02196078431372552,-0.0581113801452789,-0.3853459972862957,-0.22623723487824046,0.1893491124260355,-0.04428044280442809,0.3616734143049935,-0.5372460496613993,-1.332
0.7677677677677678,-1.1141781681304896,-1.9707835325365202,0.013993003498251113,-0.7770573566084789,0.810241820768137,0.0,-2.0197461212976022,-0.023887973640858092,0.753608760577402,1.2600364963503667,-0.6916243654822334,-0.07343412526997849,0.9066666666666672,0.464891041162226,-0.7815468113975581,0.7761194029850739,-0.13017751479289943,1.3874538745387455,0.7503373819163293,0.7291196388261851,-1.247
0.7697697697697697,-0.11543287327478056,0.32934926958831334,-1.485257371314343,-0.7870324189526186,0.9968705547652918,0.0,-0.1805359661495062,-0.6911037891268544,0.8392234942757595,-0.4899635036496333,-1.564720812182741,1.2829373650107996,1.3396078431372556,-1.0828087167070215,-0.3853459972862957,1.4548311076197946,0.7928994082840236,1.2896678966789672,-0.14574898785425053,1.0135440180586905,-1.294
0.7717717717717718,0.24592220828105427,0.0,0.30784607696151917,0.16259351620947607,-0.09331436699857738,0.0,0.2764456981664317,-0.04530477759472945,0.20009955201592844,0.3074817518248189,1.7931472081218274,-0.24190064794816443,-0.7152941176470587,0.47263922518159734,0.8086838534599734,0.05341712490180643,0.6390532544378696,-0.8763837638376383,1.219973009446694,-0.8397291196388259,-1.494
0.7737737737737738,-0.958594730238394,-0.44090305444887123,0.2918540729635181,-0.20847880299251914,0.7294452347083928,0.0,-0.4626234132581098,-0.2512355848434941,0.4728720756595323,0.19251824817518437,0.4682741116751269,0.5701943844492443,-0.015686274509803942,-0.5598062953995157,0.010854816824966093,0.1288295365278866,0.5207100591715975,-0.049815498154981395,0.02159244264507424,-0.3002257336343114,-1.393
0.7757757757757757,-0.4818067754077792,-1.3173970783532534,0.0899550224887555,0.060847880299251346,0.17411095305832155,0.0,-1.08885754583921,-0.0024711696869852695,0.42508710801393745,0.831204379562045,-0.2703045685279188,0.29805615550755926,0.4611764705882355,0.6760290556900709,-0.7598371777476259,0.5404556166535731,0.03550295857988152,0.6014760147601478,1.0256410256410258,0.1580135440180588,-1.245
0.7777777777777778,-0.4667503136762861,-0.5949535192563079,-1.7991004497751129,-0.5216957605985036,0.019345661450924506,0.0,-0.045133991537376315,0.577429983525535,0.5365853658536588,-0.6177007299270061,-2.3388324873096447,0.6004319654427648,0.25411764705882384,-1.0305084745762714,-0.4776119402985075,-0.0062843676355073775,0.4142011834319525,1.1568265682656829,-2.0836707152496623,1.7088036117381489,-1.434
0.7797797797797797,0.7327478042659978,-0.20717131474103573,0.6076961519240387,-0.7271820448877806,0.41422475106685636,0.0,0.4908321579689705,-0.9843492586490953,0.6978596316575415,0.17791970802919896,0.0799492385786802,-0.3023758099352051,0.9254901960784319,-0.31767554479418897,-0.2822252374491178,-0.08798114689709352,-0.6331360946745562,0.37638376383763855,1.2361673414304997,-0.9187358916478552,-1.402
0.7817817817817818,-0.9987452948557091,-0.695883134130146,0.8715642178910546,0.7112219451371564,-0.9285917496443814,0.0,-0.24823695345557115,-0.3830313014827036,-0.8591338974614238,0.1578467153284688,0.2906091370558376,-0.9935205183585315,-0.32941176470588246,0.40096852300242075,-1.2645861601085486,-1.0652003142183812,0.05917159763313598,-0.8099630996309961,-0.8097165991902828,-1.534988713318284,-1.718
0.7837837837837838,-0.547051442910916,-0.4196547144754316,0.13193403298350884,-0.03890274314214477,-0.15135135135135142,0.0,-0.6488011283497884,0.3517298187808897,-0.2777501244400199,0.5702554744525563,0.3083756345177665,0.5961123110151191,-0.11607843137254882,0.7341404358353498,-0.7164179104477616,-0.0628436763550668,-0.36686390532544383,-0.1033210332103318,-0.6585695006747637,0.1828442437923252,-1.699
0.7857857857857858,-0.005018820577164373,-0.6108897742363877,0.537731134432784,0.952618453865336,-0.8864864864864866,0.0,0.13540197461212988,0.9810543657331139,-1.0542558486809357,0.9516423357664242,0.666243654822335,-0.004319654427645794,-0.9349019607843139,1.466343825665858,-0.2442333785617365,-0.5404556166535744,1.3017751479289938,-0.8800738007380072,0.08636977058029696,-0.22573363431151233,-1.663
0.7877877877877878,-0.28105395232120434,-0.37715803452855245,1.1174412793603206,-0.19251870324189568,0.1388335704125177,0.0,-1.1509167842031027,-1.200164744645801,-0.13240418118466904,-0.059306569343063616,0.49619289340101524,-0.639308855291577,0.9254901960784319,-0.30411622276029127,-0.6241519674355498,0.11940298507462623,-1.5266272189349113,0.8099630996309966,1.1983805668016196,-1.4311512415349883,-1.521
0.7897897897897898,-0.2860727728983687,-0.2709163346613545,-0.07796101949025519,-0.8768079800498751,0.9513513513513515,0.0,0.1861777150916786,-1.3533772652388818,1.1657541065206576,0.1961678832116803,0.5038071065989848,0.4233261339092873,0.8156862745098042,-0.8174334140435833,0.13568521031207617,0.6975648075412401,0.35502958579881655,0.6254612546125463,0.19433198380566816,-0.18735891647855518,-1.021
0.7917917917917918,-0.6624843161856966,-0.796812749003984,-0.46376811594202866,1.7566084788029919,-1.9960170697012805,0.0,-1.3596614950634698,2.363261943986823,-1.784967645594824,-0.16514598540145908,-0.5545685279187818,0.04751619870410373,-1.574901960784314,0.9704600484261484,0.1628222523744914,-1.2914375490966217,1.2071005917159763,-1.0498154981549817,-0.593792172739541,0.5778781038374717,-1.876
0.7937937937937938,0.6725219573400254,0.17529880478087662,0.5957021489255375,0.2044887780548624,-0.10924608819345676,0.0,0.3779971791255291,-0.09802306425041325,-0.3115978098556494,0.21806569343065763,0.4403553299492386,0.043196544276457936,-0.29803921568627456,-0.009685230024214583,-0.1736770691994575,0.20738413197171973,0.8579881656804731,-0.18819188191881897,-0.9446693657219968,-0.6794582392776521,-1.384
0.7957957957957958,0.9385194479297372,1.3652058432934926,-0.05597201399300356,-0.11072319201995029,0.14907539118065466,0.0,0.6149506346967561,0.012355848434924883,-0.3733200597312097,-0.3421532846715312,-0.0596446700507614,-0.4838012958963284,0.8031372549019611,-0.3506053268765141,1.5739484396200822,0.5216025137470537,0.1479289940828402,0.20110701107011092,-1.4197031039136299,0.250564334085779,-1.544
0.7977977977977978,0.36135508155583485,-0.2390438247011951,-1.0134932533733134,0.9187032418952613,-0.7453769559032722,0.0,-0.7165021156558531,0.9233937397034596,-0.6082628173220507,-0.7691605839416041,-1.313451776649746,-0.10367170626349904,-0.9066666666666672,-0.49975786924939525,-0.054274084124830466,-0.939512961508249,1.0236686390532543,-0.14022140221402188,-1.8947368421052628,0.8690744920993227,-1.687
0.7997997997997998,0.2509410288582186,0.4196547144754316,-0.42578710644677686,-0.1167082294264343,-0.18321479374110913,0.0,0.9703808180535969,-0.17051070840197774,0.4051767048282729,-0.34762773722627593,-0.06725888324873094,-0.24190064794816443,0.20078431372549047,0.044552058111379515,-0.526458616010855,-0.8012568735271021,-0.6745562130177516,-0.8210332103321032,-0.7017543859649122,0.250564334085779,-1.297
0.8018018018018018,0.5420326223337517,-0.14342629482071723,0.6116941529235385,0.11271820448877756,-0.16955903271692754,0.0,-0.5528913963328631,-0.21499176276771112,0.04081632653061262,0.6578467153284688,1.2728426395939088,-0.31101511879049665,-0.33568627450980404,0.6644067796610165,0.01628222523744914,0.20424194815396604,-0.6923076923076923,-0.5738007380073801,0.00539811066126856,-0.4988713318284423,-1.511
0.8038038038038038,0.5269761606022586,-0.037184594953519286,-0.8195902048975513,0.006982543640897427,0.383499288762447,0.0,-0.6544428772919605,0.3204283360790772,0.22996515679442547,-0.3111313868613132,-0.38197969543147203,0.721382289416847,-0.10666666666666645,-0.9898305084745768,0.20624151967435578,0.5247446975648067,1.21301775147929,0.3247232472324725,-0.5614035087719297,0.5169300225733636,-1.506
0.8058058058058059,0.4265997490589717,0.29216467463479406,-0.5617191404297855,0.016957605985037306,-0.020483641536272888,0.0,0.4062059238363895,0.11285008237232194,-0.36734693877551006,0.14507299270073054,0.1104060913705584,0.2764578833693308,-0.0784313725490197,-0.0038740920096865215,0.17910447761194054,-0.23880597014925384,-0.37869822485207105,-0.5738007380073801,-0.09176788124156492,0.3476297968397291,-1.579
0.8078078078078078,-0.22584692597239622,0.33466135458167323,-0.9915042478760623,0.31421446384039836,-0.5849217638691327,0.0,-0.39492242595204485,0.6400329489291599,0.10253857640617245,-0.04835766423357577,-0.05710659898477155,-0.36717062634989195,-0.16313725490196065,-0.1898305084745776,0.7272727272727276,-1.2788688138256084,-0.12426035502958582,-0.885608856088561,-1.3765182186234812,0.8306997742663655,-1.466
0.8098098098098098,-0.411543287327478,0.4302788844621514,0.341829085457272,-0.10473815461346672,-0.11493598862019916,0.0,-0.1748942172073341,-0.1573311367380568,-0.48282727725236435,0.36405109489051174,0.5977157360406091,-0.6868250539956807,0.14745098039215707,0.6276029055690066,0.9823609226594305,-0.27022780832678794,-0.13609467455621305,-0.6808118081180813,0.4696356275303647,-0.3724604966139954,-1.73
0.8118118118118118,-0.040150564617314984,-0.35059760956175295,0.7056471764117948,0.03690773067331617,0.08534850640113821,0.0,-0.26516220028208737,-0.04695222405271866,0.11647585863613741,1.9151459854014614,0.06725888324873094,-0.3326133909287256,-0.15372549019607828,1.3559322033898282,-0.21709633649932186,0.1571091908876663,1.195266272189349,-0.053505535055350405,-0.2321187584345475,0.07674943566591427,-1.362
0.8138138138138138,-0.7829360100376416,-0.7915006640106241,0.17391304347826128,-0.9945137157107231,1.1243243243243246,0.0,-1.8392101551480957,-1.1161449752883055,0.8252862120457943,1.1177007299270085,0.04441624365482237,0.1425485961123112,0.7811764705882356,0.09297820823244554,-0.8575305291723208,1.2128829536527879,-0.6745562130177516,0.9077490774907753,1.3171390013495274,0.2686230248306997,-1.291
0.8158158158158159,-1.2597239648682559,-1.49800796812749,1.10944527736132,0.39002493765585977,-0.2924608819345659,0.0,-1.303244005641749,-0.719110378912687,-0.07864609258337457,-0.1706204379562038,1.3362944162436547,-1.2311015118790498,-1.1576470588235295,-0.17239709443099344,0.30936227951153367,-0.3299293008641003,-0.30769230769230776,-0.9778597785977862,1.3009446693657223,-1.9774266365688482,-1.532
0.8178178178178178,0.923462986198244,0.2231075697211154,-1.1454272863568218,-1.2957605985037406,1.131152204836416,0.0,0.4118476727785616,-0.6433278418451412,1.106022896963664,-0.5447080291970791,-1.6281725888324872,1.3304535637149033,1.4556862745098047,-0.9995157384987896,0.2876526458616015,0.8923802042419472,-0.0828402366863906,1.898523985239853,-1.0148448043184881,1.0835214446952597,-1.211
0.8198198198198198,0.8732747804266003,0.6055776892430278,-1.4052973513243379,-1.5970074812967578,1.7615931721194886,0.0,0.43441466854724975,-1.5131795716639231,1.5838725734196124,-0.5666058394160571,-1.2017766497461926,0.45356371490280784,0.9254901960784319,-1.5167070217917673,0.40162822252374547,1.825608798114688,-0.3905325443786983,1.4354243542435428,-0.9338731443994597,1.076749435665914,-1.184
0.8218218218218218,-0.1304893350062737,-0.4568393094289509,-0.21389305347326296,-0.713216957605985,0.5689900426742533,0.0,-0.47954866008462604,-0.7174629324546964,0.5923344947735195,-0.10492700729926864,-0.43781725888324874,0.2159827213822897,1.1576470588235301,-0.3622276029055693,-0.3256445047489822,0.4587588373919869,-0.6982248520710059,0.6291512915129154,0.11875843454790833,-0.22573363431151233,-1.395
0.8238238238238238,-0.747804265997491,-0.02124833997343959,0.5437281359320346,0.1266832917705733,0.12403982930298722,0.0,0.14104372355430198,-0.35172981878089116,0.3773021403683426,-0.22171532846715195,-0.1586294416243654,0.5485961123110153,-0.3670588235294119,-0.8813559322033903,0.010854816824966093,0.46504320502749363,-0.09467455621301783,-0.09225092250922519,-1.187584345479082,-0.5936794582392775,-1.413
0.8258258258258259,-0.8682559598494354,0.32403718459495345,-0.2678660669665166,-0.40798004987531183,0.334566145092461,0.0,0.5528913963328634,-0.15238879736408625,0.7814833250373323,0.17791970802919896,-0.8667512690355328,0.47084233261339103,0.55843137254902,-0.013559322033899384,-1.0094979647218454,0.4147682639434402,0.1479289940828402,0.30996309963099644,-0.32388663967611303,0.381489841986456,-1.416
0.8278278278278278,-0.371392722710163,-0.6215139442231075,1.5892053973013496,1.5910224438902734,-1.321194879089616,0.0,0.2820874471086038,0.7734761120263586,-1.4444997511199602,0.3731751824817524,0.7347715736040609,-1.0928725701943842,-1.4400000000000004,0.9026634382566567,-0.640434192672999,-0.9960722702278084,1.165680473372781,-1.4538745387453877,-0.9932523616734138,-1.444695259593679,-1.846
0.8298298298298298,-0.8281053952321203,-1.0464807436918986,-0.8435782108945529,1.549127182044887,-1.6466571834992894,0.0,-0.9252468265162199,1.167215815485998,-1.6874066699850672,-0.3129562043795604,0.08248730964467005,-0.12095032397408222,-0.9600000000000002,0.7263922518159802,-0.18453188602442358,-1.1468970934799687,0.23076923076923064,-0.8505535055350552,-1.2847503373819158,0.5259593679458241,-1.726
0.8318318318318318,0.31618569636135546,1.0996015936254977,-0.1899050474762614,-1.8284289276807975,1.767283072546231,0.0,0.9534555712270807,-1.4357495881383882,1.85465405674465,1.5191605839416065,0.40736040609137053,0.32829373650107985,1.1200000000000006,0.11234866828087127,1.1126187245590238,1.8476040848389619,-0.3431952662721894,0.77859778597786,0.9392712550607288,0.6862302483069977,-1.007
0.8338338338338338,0.41656210790464293,0.4355909694555113,-0.02198900549725162,0.3421446384039894,-0.1911806543385493,0.0,-0.19746121297602243,0.8377265238879741,-0.7536087605774016,0.4698905109489056,0.04187817258883252,0.16414686825054015,-0.552156862745098,0.4842615012106535,0.5535956580732702,-0.7855459544383343,-0.5207100591715976,-0.42250922509225075,-0.5883940620782725,0.43566591422121903,-1.822
0.8358358358358359,0.16060225846925993,-1.2058432934926957,0.9075462268865573,0.27231920199501203,0.03527738264580387,0.0,-0.9139633286318758,-0.1210873146622738,-0.21602787456445963,1.5720802919708035,0.4200507614213198,-1.4600431965442773,-0.454901960784314,1.634866828087165,-0.5915875169606515,0.21366849960722642,-0.5325443786982249,-0.13837638376383757,0.8960863697705803,-0.2799097065462752,-1.541
0.8378378378378378,-0.18067754077791742,0.8764940239043824,0.2518740629685156,-0.40199501246882824,0.43812233285917485,0.0,0.524682651622003,-0.5642504118616155,1.1119960179193633,0.6687956204379566,-0.0596446700507614,0.6522678185745143,0.48627450980392184,0.16271186440677884,0.15739484396200837,0.47761194029850695,0.7869822485207101,0.4483394833948342,0.01619433198380568,0.009029345372460503,-1.336
0.8398398398398398,-0.1304893350062737,-0.053120849933598974,-0.24987506246876567,0.4259351620947625,-0.6463726884779514,0.0,-1.004231311706629,0.4291598023064247,-1.0801393728222999,-0.3950729927007281,-0.12817258883248736,-0.2721382289416845,-0.2603921568627451,-0.31186440677966176,-0.5535956580732702,-0.29222309505106026,-0.08875739644970422,0.01476014760147603,-0.2807017543859645,-0.2618510158013542,-1.792
0.8418418418418419,0.040150564617314984,-0.17529880478087634,-1.0774612693653174,0.29226932668329136,-0.252631578947369,0.0,-0.20874471086036658,0.8064250411861617,-0.4808362369337977,-0.11040145985401337,-1.3540609137055837,1.1965442764578837,-1.1450980392156864,-0.13753026634382678,-0.7869742198100411,-0.5687352710133542,-0.02958579881656807,-0.3302583025830256,-0.12415654520917628,0.8058690744920994,-1.829
0.8438438438438438,-0.3212045169385193,-0.642762284196547,0.8655672163918049,0.7251870324189522,-0.6964438122332862,0.0,-0.9478138222849083,0.5164744645799009,-0.4390243902439024,1.358576642335767,0.7449238578680202,-1.3909287257019445,-0.5992156862745099,1.7975786924939454,-0.5915875169606515,-0.49018067556952105,0.4142011834319525,-0.6180811808118082,0.01079622132253712,-0.46501128668171543,-1.601
0.8458458458458459,0.6424090338770392,-0.3081009296148738,1.3733133433283369,0.7012468827930171,-0.786344238975818,0.0,-1.083215796897038,0.16227347611202586,-0.9009457441513191,0.7454379562043812,1.6840101522842639,0.19006479481641492,-0.5992156862745099,1.0305084745762707,1.0094979647218458,-1.2380204241948152,0.2958579881656804,-1.0516605166051658,-1.516869095816464,-0.7787810383747177,-1.663
0.8478478478478478,-0.4818067754077792,-0.7065073041168658,0.6056971514242879,-0.5735660847880298,0.5291607396870555,0.0,0.09590973201692533,-0.8953871499176299,0.4788451966152319,-0.47171532846715275,0.47081218274111675,0.6825053995680349,0.2509803921568631,-0.9530266343825669,0.22795115332428798,0.3770620581304001,0.5029585798816567,-0.08118081180811816,0.7395411605937922,-0.48758465011286667,-1.383
0.8498498498498499,-0.1455457967377668,1.2483399734395748,0.9355322338830587,-0.7251870324189527,0.9160739687055481,0.0,0.9703808180535969,-0.8855024711696888,0.602289696366352,0.5720802919708035,-0.0901015228426396,-0.6220302375809937,0.5647058823529416,-0.5423728813559323,0.42333785617367764,0.36449332285938674,0.1479289940828402,0.6088560885608858,0.6801619433198379,-0.31376975169300214,-1.366
0.8518518518518519,-0.8682559598494354,-2.045152722443559,0.7736131934032986,0.07082294264339123,0.10697012802275949,0.0,-1.8053596614950633,-0.08813838550247217,-0.47486311597809855,0.8895985401459866,0.833756345177665,-0.04751619870410373,-0.696470588235294,0.7244552058111369,0.41248303934871156,0.10997643362136585,0.1479289940828402,-0.49446494464944657,0.09716599190283408,-0.7020316027088034,-1.678
0.8538538538538538,0.15558343789209556,0.2496679946879149,0.9195402298850577,0.6593516209476302,-0.34025604551920396,0.0,0.3497884344146687,-0.3846787479406928,-0.538576406172225,-0.1012773722627727,0.4758883248730964,-0.514038876889849,-0.37333333333333346,0.011622276029054402,-0.059701492537313515,0.10054988216810688,1.029585798816568,-0.26014760147601484,0.766531713900135,-1.2460496613995482,-1.491
0.8558558558558559,-0.22584692597239622,-0.7436918990703851,-0.9295352323838081,-0.9665835411471321,0.888762446657184,0.0,-0.688293370944993,-0.3023064250411872,0.9407665505226486,-0.5301094890510936,-1.6408629441624363,2.5313174946004326,0.909803921568628,-1.3849878934624695,-0.9335142469470828,0.7289866457187735,-0.06508875739644976,1.1402214022140225,-0.053981106612685,0.8645598194130925,-1.473
0.8578578578578578,0.6976160602258472,1.333333333333333,-0.12593703148425736,1.0882793017456351,-1.0412517780938837,0.0,-0.09590973201692503,0.9464579901153216,-0.9268292682926828,0.037408759124089544,0.27538071065989844,-0.4838012958963284,-0.6682352941176473,0.6256658595641633,0.4776119402985075,-0.6881382560879818,0.1597633136094674,-0.42435424354243545,0.29689608636977083,0.08577878103837479,-1.549
0.8598598598598599,1.0138017565872026,0.4833997343957504,-0.9675162418790607,-1.8663341645885283,1.7934566145092468,0.0,0.7729196050775743,-1.4291598023064276,1.6017919362867103,-0.6961678832116779,-1.2322335025380708,0.5788336933045358,1.5466666666666675,-1.737530266343825,-0.5698778833107193,1.3699921445404541,1.183431952662722,1.252767527675277,0.9392712550607288,0.5011286681715577,-1.178
0.8618618618618619,-0.10539523212045182,-0.2709163346613545,0.07596201899050528,0.24837905236907687,-0.6145092460881937,0.0,0.7165021156558535,-0.04365733113673878,-0.4390243902439024,-0.4224452554744518,0.6814720812182741,-0.8596112311015119,-0.6556862745098041,0.27699757869249336,-0.526458616010855,-0.6755695208169684,-0.2721893491124261,-1.088560885608856,0.7071524966261807,-0.49435665914221205,-1.609
0.8638638638638638,-1.0589711417816816,-0.44090305444887123,0.13993003498250936,0.7271820448877799,-0.738549075391181,0.0,-0.16361071932298996,0.3929159802306417,-0.9248382279741165,-0.6450729927007289,0.6687817258883249,-0.34125269978401723,-0.5270588235294118,-0.16852300242130863,-0.14654002713704226,0.10369206598585987,-0.05917159763313614,-0.6125461254612544,0.04858299595141704,-0.4808126410835213,-1.55
0.8658658658658659,-0.787954830614806,-1.4183266932270915,-1.4792603698150928,0.48977556109725634,-0.3618776671408247,0.0,-1.3596614950634698,1.045304777594728,-0.6002986560477849,-0.770985401459853,-1.681472081218274,0.38012958963282933,0.6117647058823534,-0.83680387409201,-0.8141112618724564,-0.3330714846818547,-0.09467455621301783,0.5664206642066423,-1.1551956815114706,1.0902934537246047,-1.881
0.8678678678678678,-0.3212045169385193,0.4355909694555113,-0.40579710144927517,-0.11271820448877844,-0.5689900426742533,0.0,-0.2877291960507757,0.5296540362438218,0.1801891488302639,-0.3038321167883197,-0.9352791878172587,0.056155507559395315,0.4203921568627453,-0.12397094430992739,-0.6241519674355498,-0.20424194815396815,-0.11834319526627228,0.21033210332103341,0.269905533063428,0.23024830699774285,-1.425
0.8698698698698699,-0.18569636135508122,0.3027888446215139,0.2878560719640183,0.898753117206982,-0.7169274537695591,0.0,-0.2877291960507757,0.07001647446457922,0.19611747137879554,-0.6322992700729915,0.12309644670050765,-0.1425485961123112,-0.49882352941176467,-0.222760290556901,-0.5156037991858888,-0.4336213668499616,-0.6213017751479291,-0.3394833948339483,-1.7435897435897432,-0.2505643340857786,-1.467
0.8718718718718719,-0.6925972396486829,-0.12217795484727764,0.3458270864567718,0.6154613466334158,-0.766998577524894,0.0,-0.25387870239774324,0.1342668863261933,-1.0184171229467396,0.11040145985401661,0.100253807106599,-1.5205183585313184,-0.006274509803921577,0.41840193704600326,-0.5807327001356853,-0.8201099764336214,-0.8698224852071007,-0.5092250922509226,0.5074224021592446,-0.5598194130925506,-1.667
0.8738738738738738,-0.5420326223337517,-0.7808764940239044,-0.7536231884057973,0.3381546134663336,-0.5348506401137979,0.0,-1.9746121297602257,0.6202635914332777,-0.40517670482827245,-0.4516423357664226,-1.0190355329949237,-0.4665226781857452,-0.5301960784313725,0.24019370460048348,-0.6295793758480328,-0.6001571091908883,-0.8461538461538461,-0.36162361623616235,0.37246963562753066,0.7900677200902936,-1.681
0.8758758758758759,-0.12045169385194494,-1.0411686586985387,-0.38380809595202353,0.28428927680797966,-0.514366998577525,0.0,-0.1523272214386458,0.890444810543658,-0.32951717272274766,0.11222627737226377,-0.2956852791878173,1.0367170626349895,0.07529411764705893,0.24406779661016828,-0.542740841248304,-0.2827965435978013,0.6153846153846152,-0.38191881918819165,-0.8960863697705798,0.36794582392776526,-1.758
0.8778778778778779,0.06524466750313684,-0.33466135458167323,0.1899050474762623,0.31421446384039836,-0.4221906116642955,0.0,-0.5133991537376585,0.8723228995057665,-0.4191139870582379,0.907846715328468,0.20431472081218277,-0.043196544276457936,-0.6023529411764706,1.0227602905568993,-0.4830393487109906,-0.631578947368421,0.7869822485207101,-0.37822878228782264,0.02159244264507424,0.056433408577878146,-1.752
0.8798798798798799,-1.375156838143037,-0.7330677290836652,0.539730134932534,0.18453865336658307,0.03869132290184901,0.0,-1.0493653032440058,0.037067545304776114,-0.20209059233449467,1.1140510948905125,0.9149746192893402,-0.8941684665226783,0.5113725490196082,0.9375302663438251,1.2265943012211677,-0.056559308719560816,-0.23668639053254442,-0.8265682656826568,0.9554655870445345,-0.16930022573363418,-1.699
0.8818818818818819,-0.9786700125470515,-0.010624169986719795,-0.23188405797101477,1.008478802992518,-1.1413940256045525,0.0,-0.27644569816643155,1.0123558484349264,-0.45296167247386737,0.8512773722627751,0.6434010152284264,-0.5183585313174948,-0.9505882352941182,0.9801452784503613,-0.22795115332428736,-0.6787117046347214,0.13017751479289935,-0.8413284132841329,0.02159244264507424,0.41083521444695265,-1.578
0.8838838838838838,0.020075282308657492,-0.6852589641434262,0.3478260869565217,-0.7491271820448878,0.7544807965860598,0.0,0.38363892806770117,-0.010708401976937143,0.45097063215530153,1.608576642335768,-0.2753807106598985,-0.963282937365011,0.37960784313725504,0.9627118644067788,-0.9335142469470828,0.29850746268656625,1.0828402366863905,0.3616236162361625,0.01619433198380568,0.44695259593679465,-1.403
0.8858858858858859,1.0740276035131746,1.051792828685259,0.5577211394302849,0.11670822942643341,-0.572403982930299,0.0,1.0719322990126943,0.3204283360790772,-0.004977600796416023,0.07755474452554821,-0.44796954314720816,0.02591792656587476,-0.08470588235294128,-0.027118644067797047,-0.4287652645861601,-0.8546739984289085,0.6331360946745561,0.0516605166051661,-0.01079622132253712,-0.33408577878103823,-1.491
0.8878878878878879,0.4416562107904648,0.9455511288180609,0.10594702648675652,-0.10074812967581086,0.36642958748221927,0.0,1.2129760225669959,-0.1738056013179576,0.03285216525634681,0.10857664233576783,-0.6763959390862943,0.030237580993520554,-0.15686274509803907,0.013559322033897663,0.2930800542740845,0.7886881382560873,-0.5029585798816569,0.2952029520295204,0.1457489878542511,-0.12189616252821654,-1.603
0.8898898898898899,-0.707653701380176,-0.053120849933598974,-0.1739130434782604,1.8683291770573551,-1.4122332859174966,0.0,-0.8293370944992946,1.5032948929159813,-1.3290194126431063,1.9479927007299283,-0.21700507614213196,-0.660907127429806,-1.1796078431372554,1.811138014527843,0.20624151967435578,-0.4713275726630017,0.4556213017751478,-0.8302583025830259,-0.6963562753036436,1.2009029345372462,-1.74
0.8918918918918919,1.5508155583437897,-0.2284196547144753,-0.5297351324337835,-0.9007481296758104,0.6054054054054057,0.0,-0.78984485190409,-0.12602965403624436,0.9706321553011454,0.0045620437956211506,-0.8439086294416244,1.4168466522678191,0.7811764705882356,-0.7903147699757871,-0.14654002713704226,0.05655930871955942,1.2189349112426033,0.6808118081180815,-0.5020242914979755,0.44018058690744927,-1.461
0.8938938938938938,0.336260978670013,1.0996015936254977,-0.9715142428785609,-1.1321695760598502,0.6873399715504982,0.0,0.6093088857545842,-0.10790774299835286,1.0980587356893983,0.5136861313868618,-0.9200507614213196,0.9071274298056157,1.0603921568627457,-0.46682808716707097,0.021709633649932187,0.23566378633149945,-0.47337278106508884,1.3671586715867163,0.17273954116059392,1.4063205417607223,-1.266
0.8958958958958959,0.47176913425345046,-0.026560424966799487,-0.05797101449275347,-0.3002493765586035,0.5029871977240402,0.0,0.9421720733427366,-0.7174629324546964,0.5843703334992537,-0.23631386861313736,0.2119289340101523,0.1382289416846654,0.10352941176470602,-0.6179176755447946,-0.054274084124830466,0.39277297721916643,-0.8224852071005917,0.04428044280442809,1.2145748987854255,-0.11286681715575604,-1.291
0.8978978978978979,-0.4366373902132999,-0.03187250996015938,0.179910044977511,-0.39401496259351654,0.5291607396870555,0.0,-0.03949224259520424,-0.5378912685337737,0.7297162767546046,-0.495437956204378,-0.44796954314720816,0.6479481641468685,0.3701960784313727,-1.3191283292978209,0.1411126187245592,0.3456402199528667,1.4142011834319526,0.5848708487084873,-0.30229419703103877,-0.47629796839729105,-1.288
0.8998998998998999,-0.8281053952321203,0.10624169986719795,0.30784607696151917,-1.2438902743142144,1.4532005689900434,0.0,0.7898448519040904,-1.6268533772652412,1.9422598307615735,-0.011861313868611426,-0.4784263959390862,0.9978401727861773,1.3803921568627457,-0.8910411622276031,0.23337856173677102,1.7062058130400612,-0.40236686390532544,1.1549815498154985,1.7921727395411606,-0.16027088036117368,-0.845
0.9019019019019019,0.14052697616060245,0.2762284196547144,-0.7636181909045477,-0.547630922693267,0.5166429587482223,0.0,0.1636107193229903,-0.009060955518946475,0.42906918865107035,0.15054744525547528,-0.9022842639593907,0.021598272138228968,0.4831372549019611,-0.33317191283292985,0.13025780189959313,0.5781618224666132,-0.49112426035502965,0.6402214022140224,-0.01079622132253712,1.4537246049661399,-1.352
0.9039039039039038,0.2609786700125474,-0.6799468791500664,-0.8535732133933033,-1.0264339152119701,1.1482219061166432,0.0,0.7334273624823697,-1.3039538714991785,1.189646590343455,-0.7363138686131374,-1.6053299492385784,0.7300215982721386,1.201568627450981,-1.5709443099273606,-1.1071913161465403,0.6598586017282,-0.017751479289940843,1.0295202952029523,1.133603238866397,0.21670428893905208,-1.244
0.9059059059059059,-0.16060225846925993,-0.19654714475431592,0.04597701149425315,-0.7990024937655861,0.7772403982930299,0.0,0.4456981664315939,-1.448929159802309,0.9347934295669492,-0.5355839416058383,0.2906091370558376,0.786177105831534,1.0792156862745104,-0.9317191283292978,0.7272727272727276,0.9238020424194805,-0.05917159763313614,0.4077490774907751,-0.03238866396761136,-0.3905191873589163,-1.304
0.9079079079079079,-0.21079046424090309,0.9508632138114208,-0.5597201399300348,0.469825436408977,-0.3869132290184921,0.0,0.0056417489421720785,0.11943986820428315,-0.5505226480836238,-0.3677007299270061,0.013959390862944175,-0.699784017278618,-0.32000000000000006,0.04842615012106431,0.0814111261872457,-0.20109976433621377,0.04142011834319514,-0.5092250922509226,-0.8367071524966256,0.14221218961625293,-1.479
0.9099099099099099,0.5018820577164367,-0.5683930942895085,-1.067466266866567,-0.5057356608478802,0.3573257467994312,0.0,0.09590973201692533,0.07495881383854976,0.484818317570931,-0.18339416058394042,-1.0418781725888324,0.9589632829373652,0.6964705882352943,-0.02905569007264031,-0.5156037991858888,0.6410054988216799,1.4556213017751478,0.9188191881918822,-0.2321187584345475,0.7110609480812642,-1.432
0.9119119119119119,1.0639899623588465,0.09561752988047816,0.1579210394802603,-0.51571072319202,0.7396870554765294,0.0,-0.05641748942172047,-0.4983525535420108,0.5525136884021905,0.48996350364963576,-0.4631979695431471,0.01295896328293738,0.034509803921568674,-0.2847457627118647,0.4776119402985075,0.40848389630793347,0.17159763313609466,0.3745387453874541,-0.7611336032388658,0.27765237020316025,-1.298
0.913913913913914,0.451693851944793,-0.5790172642762282,-1.4552723638180913,0.9645885286783035,-0.8227596017069703,0.0,0.5021156558533146,1.5543657331136744,-0.7436535589845695,0.21806569343065763,-0.7982233502538071,0.15982721382289436,-1.2454901960784317,0.757384987893462,0.2550881953867032,-1.162608012568735,1.0828402366863905,-0.904059040590406,-0.7287449392712544,1.857787810383747,-1.534
0.9159159159159159,0.0,-0.02124833997343959,0.7596201899050474,-1.872319201995012,1.5897581792318638,0.0,0.23131170662905523,-1.4686985172981906,2.045793927327029,0.9790145985401479,-0.17639593908629436,0.017278617710583175,1.628235294117648,-0.24794188861985478,-0.1628222523744914,1.6339355852317348,-0.834319526627219,1.708487084870849,2.2780026990553313,-0.329571106094808,-1.108
0.9179179179179179,0.6976160602258472,-2.0398406374501987,-0.3458270864567718,-0.13466334164588548,0.2389758179231864,0.0,-0.9026798307475317,-0.12438220757825515,-0.2220009955201592,0.041058394160585494,-0.6307106598984771,0.2894168466522682,0.1411764705882355,-0.4493946731234868,-0.5535956580732702,0.11626080125687323,1.0650887573964496,0.20110701107011092,0.8205128205128205,-0.06320541760722327,-1.587
0.91991991991992,1.119196988707654,0.21248339973439562,0.03798100949525264,0.585536159600997,-0.3652916073968704,0.0,0.45698166431593806,0.20510708401976857,0.1124937779990045,0.0045620437956211506,-0.6967005076142131,-0.3326133909287256,-0.05647058823529419,0.20532687651331682,-1.1234735413839894,-1.0054988216810687,0.3195266272189348,0.09040590405904089,-0.3940620782726043,0.1376975169300227,-1.422
0.9219219219219219,-0.5671267252195735,-0.6799468791500664,1.1954022988505748,0.9785536159600993,-1.205120910384069,0.0,-1.647390691114245,0.6845140032948933,-1.434544549527128,-0.013686131386860211,0.5951776649746193,0.004319654427645794,-0.7403921568627451,0.27699757869249336,-0.1628222523744914,-1.9575805184603297,-1.3076923076923077,-0.88929889298893,-1.3279352226720642,-1.079006772009029,-1.882
0.923923923923924,-0.4165621079046424,-0.4727755644090306,-0.41579210394802557,-2.5705735660847875,2.56842105263158,0.0,-0.693935119887165,-2.4242174629324587,2.4977600796416137,-0.5155109489051082,-1.013959390862944,0.5226781857451406,2.625882352941178,-1.7162227602905569,-0.5590230664857532,2.5860172820109955,0.05917159763313598,1.8671586715867161,1.9919028340080969,-0.009029345372460503,-0.951
0.9259259259259259,-0.47176913425345046,0.3930942895086321,-0.38180909545227365,0.14463840399002445,-0.20142247510668526,0.0,0.14668547249647404,0.36326194398682,-0.45296167247386737,-0.6104014598540134,-0.6357868020304567,0.807775377969763,0.22274509803921597,-0.14915254237288117,-0.40162822252374486,-0.009426551453260369,-0.14201183431952666,0.7195571955719559,0.6099865047233473,0.38600451467268626,-1.617
0.9279279279279279,-0.09535759096612308,0.40371845949535196,-0.12593703148425736,0.38004987531172035,-0.28790896159317236,0.0,-0.045133991537376315,-0.3846787479406928,0.09855649576903955,-0.45711678832116737,0.28045685279187815,-0.7386609071274303,-0.16313725490196065,0.29055690072639107,0.35278154681139806,-0.028279654359781106,-0.12426035502958582,-0.042435424354243384,0.9284750337381917,-0.25507900677200884,-1.369
0.92992992992993,-0.005018820577164373,-1.5351925630810093,-0.4337831084457774,-0.21645885286783087,0.24807965860597445,0.0,-0.4626234132581098,0.037067545304776114,0.07864609258337502,-0.2162408759124072,-1.486040609137056,0.35421166306695456,0.37960784313725504,-0.5113801452784505,-1.9158751696065137,0.7478397486252936,0.8284023668639053,0.9169741697416978,0.04858299595141704,0.48306997742663665,-1.444
0.9319319319319319,-0.6624843161856966,-0.5365205843293491,-0.783608195902049,0.5236907730673309,-0.6338549075391188,0.0,-0.3892806770098728,0.7948929159802314,-0.12444001991040322,-0.2892335766423343,-1.1560913705583755,-0.30669546436285083,0.35764705882352954,0.15690072639225078,0.526458616010855,-0.3802042419481538,-0.30769230769230776,-0.01291512915129132,-1.3819163292847498,1.0993227990970653,-1.605
0.933933933933934,-0.8582183186951066,-0.14873837981407714,0.13593203398300865,-0.4219451371571076,-0.11379800853485078,0.0,0.28772919605077585,0.5082372322899504,0.23792931806869128,0.8458029197080303,-0.17131979695431465,1.3304535637149033,0.4768627450980395,0.46682808716706925,-0.1519674355495253,0.656716417910447,0.24852071005917148,-0.23985239852398507,0.7881241565452092,0.024830699774266385,-1.574
0.9359359359359359,1.1141781681304896,0.3930942895086321,0.8395802098950526,-0.11471321695760615,-0.005689900426742413,0.0,1.1847672778561356,0.13756177924217464,-0.4071677451468391,0.3074817518248189,0.33121827411167515,0.03887688984881214,-0.12862745098039197,-0.019370460048427445,-0.5481682496607871,-0.1256873527101336,0.8402366863905326,-0.2749077490774908,-0.1079622132253706,-0.8103837471783294,-1.609
0.9379379379379379,0.06524466750313684,0.6268260292164674,0.3218390804597703,1.233915211970074,-0.6031294452347089,0.0,-0.4626234132581098,-0.18039538714991882,-0.811348929815829,0.39689781021898013,0.28045685279187815,-0.03455723542116635,-0.8156862745098039,0.528813559322033,0.11397557666214399,-0.7855459544383343,-0.24260355029585803,-0.4760147601476016,-0.4318488529014842,-0.3837471783295709,-1.446
0.93993993993994,0.2208281053952324,-0.4462151394422311,-0.8415792103948024,-0.15461346633416478,-0.015931721194878855,0.0,-0.050775740479548394,0.12108731466227235,0.1124937779990045,-0.0994525547445239,-0.3337563451776649,0.3498920086393088,0.07215686274509814,0.09491525423728708,-0.5590230664857532,-0.018853102906520737,0.9289940828402364,0.018450184501845036,0.1079622132253712,0.7494356659142213,-1.503
0.9419419419419419,-0.3362609786700124,0.010624169986719795,-1.5192403798100953,0.4259351620947625,-0.05462304409672838,0.0,0.26516220028208753,0.37314662273476107,-0.6938775510204079,-0.42609489051094773,-1.3337563451776648,0.57451403887689,-0.034509803921568674,-0.46295399515738533,-0.30936227951153306,-0.07855459544383454,0.0,-0.038745387453874375,-0.11336032388663916,0.9661399548532731,-1.558
0.943943943943944,0.19573400250941053,-0.6055776892430278,0.5817091454272864,0.5177057356608473,-0.7624466571834995,0.0,-0.37799717912552866,1.3401976935749593,-0.6839223494275759,2.7417883211678835,0.6535532994923858,0.22030237580993547,-0.09411764705882365,2.547215496368036,-0.6621438263229311,-1.1343283582089554,0.9763313609467453,-0.3302583025830256,0.23751686909581665,0.654627539503386,-1.749
0.9459459459459459,0.336260978670013,0.4568393094289509,-0.22988505747126398,0.6374064837905232,-0.7362731152204842,0.0,-0.3892806770098728,0.9003294892915975,-0.048780487804877995,0.3622262773722646,-0.18147208121827405,-0.2937365010799135,0.07529411764705893,0.8213075060532673,-0.010854816824966093,-0.9269442262372356,0.24260355029585787,0.3284132841328415,-0.11875843454790772,0.5530474040632053,-1.45
0.9479479479479479,0.30614805520702676,1.551128818061089,-0.11194402798600712,-0.41197007481296766,0.9376955903271694,0.0,0.9478138222849086,-0.745469522240529,0.4808362369337981,0.6359489051094899,-0.3591370558375634,0.2764578833693308,-0.5333333333333333,0.04648910411622277,0.3582089552238811,0.977219167321287,-0.6035502958579881,-0.03690036900369007,1.2469635627530369,0.6794582392776524,-1.297
0.94994994994995,0.23086574654956113,-0.9614873837981409,-0.6356821589205396,-0.028927680798005333,-0.00341394025604565,0.0,-0.8349788434414667,0.17874794069192668,0.1801891488302639,-0.05018248175182293,-0.45558375634517767,-0.4017278617710583,-0.009411764705882366,-0.27312348668280856,-0.1736770691994575,-0.27022780832678794,0.011834319526627229,0.26568265682656833,0.37246963562753066,0.44695259593679465,-1.506
0.9519519519519519,0.3864491844416567,0.005312084993359898,-0.23988005997001527,-0.6613466334164588,0.3869132290184921,0.0,0.17489421720733445,0.06836902800658855,0.44897959183673486,0.3841240875912419,0.3083756345177665,-0.42764578833693306,0.3168627450980393,0.09685230024213035,0.46132971506105835,0.5781618224666132,0.6331360946745561,0.1439114391143913,0.07017543859649128,0.5733634311512414,-1.432
0.953953953953954,-1.3651191969887082,-1.0146082337317393,0.0919540229885063,0.24837905236907687,-0.25945945945945925,0.0,-1.9802538787023978,0.38303130148270215,-0.73768043802887,0.4461678832116795,-0.732233502538071,-0.5269978401727863,-0.7184313725490199,0.24600484261501152,-1.3242876526458622,-0.5027494108405344,-0.36094674556213024,0.0,0.5506072874493931,0.27765237020316025,-1.663
0.955955955955956,0.7227101631116691,0.2868525896414342,-0.12993503248375804,0.9705735660847875,-1.0264580369843532,0.0,-0.7559943582510577,0.9102141680395386,-1.1100049776007965,-0.5903284671532832,0.029187817258883274,0.10367170626349904,-1.0321568627450988,0.486198547215495,0.32021709633649975,-1.0934799685781622,0.7218934911242603,-0.5276752767527677,0.22672064777327952,0.08126410835214454,-1.739
0.9579579579579579,1.4855708908406533,0.5949535192563079,-0.9315342328835584,-0.29825436408977585,-0.25376955903271686,0.0,-0.7503526093088855,0.7800658978583198,-0.0945744151319062,-0.5556569343065677,-1.0063451776649746,0.8293736501079919,0.26352941176470623,-0.3467312348668284,0.5861601085481685,-0.9709347996857817,0.16568047337278102,0.8579335793357936,-1.3333333333333328,0.9367945823927765,-1.534
0.95995995995996,-0.15558343789209556,-0.5843293492695881,0.05197401299350375,0.3082294264339148,-0.39260312944523457,0.0,-0.9139633286318758,0.22487644151565073,-0.6779492284718763,-0.08667883211678727,0.501269035532995,0.3023758099352051,0.20705882352941204,0.2266343825665858,-0.640434192672999,-0.3236449332285944,1.3017751479289938,-0.13284132841328386,0.04318488529014848,-0.40632054176072213,-1.678
0.9619619619619619,-0.17565872020075304,-0.08499335989375836,0.2558720639680163,-0.49177057356608495,0.27539118065433865,0.0,0.5190409026798309,-1.3682042833607935,0.5206570433051272,-0.5666058394160571,0.24746192893401014,-1.0021598272138232,0.3545098039215687,-0.5210653753026634,-0.054274084124830466,0.3016496465043199,-0.5798816568047337,0.37638376383763855,-0.2159244264507418,-0.9413092550790064,-1.247
0.963963963963964,0.6825595984943541,1.1845949535192561,-0.5477261369315344,-0.3361596009975063,0.20938833570412543,0.0,0.19181946403385067,0.6663920922570018,0.42508710801393745,0.453467153284673,0.19923857868020306,-0.11231101511879063,0.15372549019607865,-0.1452784503631964,1.8344640434192683,0.07855459544383316,0.7869822485207101,0.022140221402214045,-1.5114709851551953,0.6433408577878104,-1.465
0.965965965965966,0.12045169385194494,0.32403718459495345,0.04197901049475245,1.1401496259351613,-1.0025604551920348,0.0,-0.42877291960507735,0.7866556836902795,-1.2055749128919862,0.22354014598540234,-0.31091370558375625,-0.6436285097192228,-1.1482352941176475,0.3506053268765132,-0.6132971506105837,-0.009426551453260369,-0.0828402366863906,-0.4077490774907747,-0.6477732793522266,0.21444695259593696,-1.748
0.9679679679679679,0.4115432873274786,1.195219123505976,0.10394802598700661,1.688778054862842,-2.0756756756756762,0.0,0.19181946403385067,1.394563426688634,-1.3170731707317076,-0.3914233576642322,0.8718274111675127,-0.17710583153347753,-1.305098039215687,0.9200968523002409,0.4341926729986437,-2.09897879025923,-0.6390532544378699,-1.1439114391143912,-0.6747638326585694,-0.18284424379232495,-1.883
0.96996996996997,0.18067754077791742,-0.5312084993359891,0.7876061969015496,-0.7172069825436409,0.4813655761024184,0.0,-1.0098730606488011,-1.514827018121914,1.0781483325037338,-0.546532846715327,-0.016497461928934025,-0.06047516198704111,0.8815686274509809,-0.9917675544794191,-0.5210312075983718,-0.14454045561665432,0.3846153846153846,0.5479704797047972,-0.20512820512820468,-1.4559819413092547,-1.239
0.9719719719719719,0.31618569636135546,0.20717131474103573,0.2438780609695151,-0.3800498753117208,0.18776671408250367,0.0,0.24823695345557145,-0.696046128500825,0.022896963663514323,-0.6322992700729915,0.5748730964467005,0.004319654427645794,0.17254901960784336,-0.7709443099273605,1.0040705563093628,-0.09740769835035389,0.6508875739644969,-0.503690036900369,0.134952766531714,-0.5823927765237018,-1.583
0.973973973973974,1.2848180677540784,1.0571049136786188,-1.0714642678660673,0.7072319201995007,-0.46770981507823584,0.0,0.15232722143864613,0.7009884678747941,-0.4310602289696366,-0.8038321167883197,-1.6230964467005073,0.29373650107991395,-0.3607843137254903,-0.37384987893462546,-0.8900949796472191,-0.9992144540455614,0.05325443786982236,0.8985239852398527,-0.15114709851551908,0.8329571106094806,-1.536
0.975975975975976,1.1392722710163115,-0.5524568393094288,-0.5197401299350322,-0.16658354114713236,0.1126600284495024,0.0,-0.8180535966149505,0.11614497528830181,0.1801891488302639,-0.15054744525547367,-1.0850253807106598,1.110151187904968,0.4298039215686277,-0.091041162227604,-0.5535956580732702,-0.1256873527101336,-0.2721893491124261,0.9059040590405907,0.6207827260458844,0.7291196388261851,-1.447
0.977977977977978,-1.410288582183187,0.037184594953519286,0.751624187906047,-1.1201995012468826,1.3302987197724045,0.0,1.066290550070522,-1.2940691927512376,1.2991538078646099,0.7271897810218984,0.29314720812182743,-0.15118790496760276,0.7686274509803924,0.18014527845036302,0.5590230664857532,0.9583660644147669,-0.33136094674556216,-0.1033210332103318,2.0350877192982453,-0.5169300225733632,-1.259
0.97997997997998,0.7678795483061485,0.8021248339973438,-1.0114942528735635,-0.8628428927680797,0.8807965860597443,0.0,-0.19746121297602243,-0.47693574958813945,0.7894474863115982,-0.6377737226277362,-0.9708121827411166,0.7688984881209507,-0.2541176470588235,-1.144794188861985,0.1519674355495253,0.5121759622937934,0.680473372781065,0.7435424354243544,-0.1727395411605933,0.7313769751693002,-1.346
0.9819819819819819,0.4215809284818073,0.7702523240371845,-0.10794602698650643,-0.09077306733167098,0.3266002844950214,0.0,-0.3667136812411845,-0.14579901153212652,0.10054753608760622,-0.11405109489050932,-0.5317258883248731,-0.056155507559395315,0.5647058823529416,-0.6682808716707022,0.27137042062415234,1.131186174391201,1.3076923076923075,0.6439114391143914,-1.0850202429149793,0.09029345372460504,-1.432
0.983983983983984,0.47176913425345046,0.08499335989375836,-0.1659170414792599,-0.437905236907731,0.39374110953058344,0.0,-0.5980253878702397,-0.25617792421746466,0.5564957690393234,0.30930656934306766,-0.2347715736040609,-0.26781857451403873,-0.1756862745098038,-0.08910411622276075,0.005427408412483047,-0.19795758051846077,-1.2071005917159763,-0.3154981549815499,1.5006747638326585,0.5282167042889392,-1.375
0.985985985985986,1.0840652446675034,0.32403718459495345,-0.9675162418790607,0.03291770573566031,-0.42788051209103894,0.0,0.5754583921015517,0.26771004942339344,-0.3155798904927823,-0.04288321167883104,-0.6383248730964466,0.16846652267818596,0.09411764705882365,-0.0949152542372888,0.15739484396200837,-0.30479183032207363,-0.18934911242603558,-0.02583025830258305,-0.18353576248313044,0.48984198645598204,-1.557
0.987987987987988,0.43161856963613604,0.50464807436919,-0.7736131934032986,0.16259351620947607,-0.4813655761024184,0.0,0.2820874471086038,0.46540362438220767,-0.2180189148830263,-0.23631386861313736,-0.5317258883248731,0.18574514038876913,0.10039215686274523,-0.04067796610169471,-0.29850746268656697,-0.28593872741555426,-1.2485207100591715,0.37084870848708507,-0.07017543859649068,0.7404063205417608,-1.733
0.98998998998999,1.0890840652446678,0.8658698539176626,0.669665167416292,-0.2384039900249379,0.11493598862019916,0.0,1.066290550070522,-0.012355848434926348,0.01891488302638142,1.1450729927007306,0.8794416243654822,-0.1382289416846654,-0.3388235294117648,0.7941888619854702,-0.010854816824966093,0.5624509033778468,1.14792899408284,-0.26752767527675286,0.5452091767881245,0.060948081264108396,-1.399
0.991991991991992,-0.06524466750313684,0.3081009296148738,-0.865567216391804,-0.5316708229426436,0.2708392603129446,0.0,0.13540197461212988,-0.24464579901153288,0.41314086610253875,-0.5739051094890498,-1.178934010152284,-0.1987041036717065,0.6462745098039221,-1.1196125907990313,-0.12483039348711007,0.6661429693637066,-0.6094674556213018,1.0701107011070115,-0.9716599190283396,0.6139954853273137,-1.493
0.993993993993994,-0.2710163111668756,0.02124833997343959,0.4377811094452772,0.7132169576059846,-0.7100995732574679,0.0,-0.4344146685472494,0.7685337726523895,-0.8312593330014935,0.1651459854014607,0.13324873096446704,-0.7127429805615555,-0.539607843137255,0.7418886198547211,0.5807327001356853,0.009426551453258974,-0.9940828402366864,-0.6512915129151292,-0.37246963562753005,-0.14672686230248294,-1.797
0.995995995995996,-0.547051442910916,-0.26560424966799456,-0.5517241379310343,-0.5077306733167084,0.22873399715504994,0.0,-0.851904090267983,-0.16062602965403666,0.49477351916376355,-0.5520072992700717,-1.049492385786802,0.8725701943844494,-0.047058823529411827,-0.8639225181598061,-1.166892808683854,0.19481539670070638,-0.07100591715976337,0.3542435424354245,-0.07557354925775925,0.24604966139954873,-1.406
0.997997997997998,1.6913425345043922,0.5312084993359891,0.37181409295352325,0.12269326683291744,0.04665718349928869,0.0,1.6135401974612131,0.04365733113673732,-0.18018914883026346,0.3111313868613148,-0.052030456852791854,0.02591792656587476,-0.5929411764705883,0.4571428571428564,0.09769335142469485,-0.39591516103692154,0.603550295857988,-0.6180811808118082,0.16734143049932537,-0.21218961625282157,-1.555
1.0,0.5570890840652448,0.15936254980079692,-0.16191904047976008,0.30423940149625894,-0.2389758179231864,0.0,-0.07334273624823671,0.0535420098846784,-0.22000995520159253,0.1195255474452573,0.1205583756345178,-0.01295896328293738,0.09725490196078444,-0.013559322033899384,0.09226594301221179,0.24194815396700614,0.2721893491124259,0.06457564575645784,-0.6045883940620781,-0.0925507900677199,-1.479
