0,1,2,3,4,5,6,7,8,9,10,11,12,13,14,15,16,17,18,19,20,x20
-1.7303196219213355,-0.42775845532977474,0.6414693382077542,0.5870739181567592,2.0850883873082457,1.2409831651046015,0.9199885133185012,-1.2029379234310411,-1.2524421161641748,0.6498570502079684,0.14158794859598564,0.14940119825891054,-0.19253322641351478,0.039846366446284254,-0.5875676319334051,0.04756828618306285,0.23231545675077225,0.49289589345545903,0.8245329385583166,-0.49623227411651255,-0.902322386803471,2.611
-1.7268555185741457,0.33910264390128025,2.08249146504964,0.8887071547189606,2.0850883873082457,-1.2012142535879267,0.8410605681887259,-0.11697573761048206,-2.0012193955543665,0.2825485243359262,2.0263542746340857,1.2797352417890757,0.7752819579695515,-1.8021639167583379,-1.1714846086664312,-0.35300247461301765,0.24939559179108195,-0.8226247864514924,0.41243215928319693,-0.12382992093363437,-0.46168075097955036,2.369
-1.7233914152269558,1.0309447225553843,0.5689650802534454,1.4643852220602354,2.0850883873082457,0.4253548525278261,0.1438637195423779,-0.10230057293723126,-0.7919641101220786,-0.6713147017658885,-1.164432195805415,1.6578541033258567,-1.0156927604617434,-0.7617965088043661,-2.041880960043274,-0.3367356416872885,-0.8266529157484284,0.4221689751808917,1.8547848867461163,0.5923284505719001,-1.7673608055177115,2.386
-1.719927311879766,0.33910264390128025,1.671634003308557,2.402391018686596,2.0850883873082457,1.883173273282867,2.160911206192189,-1.3937150641833014,-3.2725391078879804,1.7204617457729907,-1.307838329308314,-0.09999634871215791,-0.02376830102287239,-0.9150517643669921,-1.6927831428543607,-0.44857011805167585,-0.1904178854968924,-0.7801886354867515,1.1729067932032635,-0.934111964122754,-1.2333112653255864,2.532
-1.7164632085325762,0.08070379524733778,2.1595272391260925,0.2284246429760919,2.0850883873082457,1.5128592692968599,1.525102759313444,-2.3035752739248507,-1.7609700010976204,2.332642622226394,0.5461981109791657,-1.2866459673648223,0.1725500815744038,0.057529665165047976,-0.0443526428546919,-0.3652025993073132,0.979571364764321,-0.4878507066185409,-0.9449513353394915,-1.277867982445411,0.6409386418886013,2.673
-1.7129991051853863,-1.394670276099366,1.4254216273387172,0.08128647879940798,2.0850883873082457,-1.1309014680209635,0.4946545867858227,1.0179036637875798,-1.1763631412528721,-0.2584485292740582,0.8893485018611011,1.1872167969449696,-1.4909898972762017,0.3257263623996413,-1.321768870774663,-1.5059142582240717,0.35187640203294007,0.8040943338635548,0.48678023801839876,-1.7689480086206357,-0.5205683428638531,2.123
-1.7095350018381965,-0.19436594686814931,1.532667508896132,0.06105498122511373,2.0850883873082457,0.5706679426995505,-0.8821995671446999,-1.149128986295788,-1.358552265382571,0.6868726380865463,0.9303216828619294,-0.38961930648501164,1.1334769016558075,-0.5024414609291579,0.11375892457167706,0.7043416655593782,0.8728205207623855,-1.6477721663214442,-0.94070287369748,0.19127976252880094,1.1790493953141263,2.723
-1.7060708984910065,0.20573549620892287,2.2199474540880164,0.37924126125719254,2.0850883873082457,0.9925446561013308,1.7881959097460283,-0.01424958489772652,-1.7469554530876437,-0.49477882111420934,0.7664289588586162,0.11722086961748232,-2.7102303786698134,-0.3344501231008954,-1.9823934396254328,-1.6035152557784467,0.7447195079600628,0.5589076838450552,1.1049314069310787,-0.49623227411651255,-0.7703329567179648,2.259
-1.7026067951438166,1.1893182104400586,1.750180282759058,2.507226960662482,2.0850883873082457,-0.46527376465371006,2.5906300185654096,-1.4083902288565522,-3.0463042614412115,1.9795708609230358,-0.07864289928346707,0.9780446607756864,-0.17875649781019715,-1.3335565007110803,-2.6038814818855167,-1.0219759786836284,0.7916898793209145,-0.747182740291954,0.9604837111026862,-0.7213106194468243,-0.9713630117712742,2.3
-1.6991426917966268,0.7725458739014418,-0.5382353589238107,1.0560768164699388,2.0850883873082457,0.6644183234555016,1.086614175259137,-0.27840254901624084,-0.5757396551110073,0.6840252851728095,-1.312959976933417,-0.18044717031572838,-1.2740064217739482,-0.48770537866351865,-0.7300245887235001,-1.0036757916421826,0.0700541738678302,0.12983104631268003,-0.061271313801090216,-0.6435562819690799,-0.2606506959262409,2.427
-1.695678588449437,-1.0529169601377,0.7441837036430249,0.06105498122511373,2.0850883873082457,0.18629138160015057,-0.7418832202473217,-0.21970189032323767,-0.31146532120858683,0.24553293645734828,0.2593858439733676,0.2821450539048019,-1.0845764034783316,-1.2746121716485337,-0.9335345269950639,-1.4164466771325603,0.9283309596433921,0.15812181362250696,-0.33317285888982906,-1.5684236645990852,0.6470304617387016,2.444
-1.6922144851022471,0.7642104271706694,-0.2995755098242113,1.4717421302690705,2.0850883873082457,0.32222943369627977,0.45519061422093554,-0.7186574892137648,-1.3225148562140592,0.2284488189749277,-1.866097920444599,0.3867311219894434,0.3619800998700204,-0.971048876976413,-0.8818743118953594,-0.42823657689451483,-0.570450890143783,-0.6764558220173871,0.5590040859325951,-0.13201458803655478,-0.5794559347481559,2.317
-1.6887503817550573,-0.5027774759067258,0.11732397341306415,2.034545608244886,2.0850883873082457,0.14410371025997257,2.020594859294811,-0.850733971273022,-1.430627083719595,1.9567920376131418,-1.4870959961869386,1.7463500070897844,-0.009991572419554735,-0.1487754865538704,-1.713134136681517,0.35257140354048516,-1.0017242999116025,0.7239371598190452,1.519156417027204,0.03577108757331316,-1.6800447209996074,2.706
-1.6852862784078675,0.6975268533244908,0.09617689817639043,2.448371694991809,2.0850883873082457,-0.2355853318016297,0.30171960980192847,0.915177511074824,-1.2884795253326868,-0.053439119485011545,-2.1631534827006056,1.5371778709205013,1.1024792622983446,-3.1048335890406435,-2.228170826614937,-0.3570691828444495,0.048704005067443074,-0.3133909748746076,0.951986787818663,0.7396524584244675,-1.117566688173681,2.281
-1.6818221750606774,0.28908996351664623,0.4481246503295974,0.9420447392330082,2.0850883873082457,1.5456719025614427,0.6305860478426584,-0.3958038664022472,-0.7579287792407062,1.108280869319587,-0.6573890809201663,0.3505282522678367,-1.8560732052641187,0.010374201915009639,-1.6646048437090673,-1.8495511037800991,-0.690011835425951,-0.28981533544975235,0.8840114015464783,-1.9571953519878043,-0.7236290045338626,2.158
-1.6783580717134876,1.2143245506323757,-0.08810475745747737,1.3098901496747182,2.0850883873082457,0.3972297383010407,0.9506827142023021,-0.6941988814250134,-0.9361137467961262,0.35657970009308204,-0.33472528053864287,0.4068438273903361,0.00034097403293235706,-0.879685166929462,-0.9836292810311412,-0.15780047950426765,-0.9376737935104414,0.47875050980054557,0.9796017884917378,-0.09518358607341339,-1.2272194454754863,2.391
-1.6748939683662978,-1.5030310835994065,1.0221166924678746,1.1517166231847824,2.0850883873082457,0.8706691611185942,0.8849094265941565,-1.9709382079978328,-1.7249325919291085,2.0849229187312956,-0.40642834729009353,-0.14022175951394317,2.008299167966479,-1.174406812242203,-0.32143925111674454,1.102879072239742,0.9112508246030824,-0.6151591595127616,-0.2248370870185348,0.8910687998284946,0.12922577448017733,2.802
-1.671429865019108,0.655849619670629,1.3317702941477347,1.8395875407107802,2.0850883873082457,1.447234002767694,1.9065878274406909,-1.423065393529803,-1.7809907839690158,1.6976829224630965,-0.7649436810473401,0.4671819435930139,0.9096050618518975,0.4848760508685201,-1.531540653300737,0.2875040718375685,0.8087700143612242,-0.7990491470266361,1.3810814136618288,-0.24659992747744053,-0.9002917801867709,2.555
-1.6679657616719181,-0.05266335244501961,-0.2859809614577779,0.6882314060282289,2.0850883873082457,0.34566702888526757,0.40257198413441864,-0.5523389562502558,-0.5937583596952632,1.0057761644250633,0.592292939605097,-0.25687545083912033,-0.08576357973780259,-1.2952426868204245,-0.48111627960674097,-0.2025342700500233,0.29636596315193364,-0.7754735076017809,-0.10163169940019992,-1.0077739680490376,-0.01697790192222951,2.462
-1.6645016583247283,0.1723937092858335,1.7350752290185774,0.46936338681541206,2.0850883873082457,-0.7230873117325759,1.1304630336645676,0.1716358342967836,-1.1923797675499883,0.08608117328808985,1.4117565596216621,2.35777625127692,-1.6184246368568895,0.7236005835718388,-1.8759420872987684,-0.9203082728978217,0.12556461274883673,0.30900590594158395,1.2515033335804768,-0.2547845945803609,-1.1723930668245837,2.433
-1.6610375549775385,-1.3779993826378212,-0.28295995070968205,0.36084899073510746,2.0850883873082457,1.3066084316337674,-0.7462681060878652,-0.5865810071545077,-0.5196814630710999,-0.10753882484601004,-0.07352125165836183,-1.2584881798035727,0.5031915680540274,-2.1823548392117704,0.6835867517320565,-0.3936695569273397,1.0820521750061793,-2.5577918481208757,-0.4903659396442563,-0.6067252800059385,0.9719275204107167,2.264
-1.6575734516303484,1.2893435712093269,1.0085221441014418,0.9034209711366289,2.0850883873082457,0.48629260001919433,0.45519061422093554,-0.6452816658475109,-1.3024940733426635,0.9744552823739591,-0.04279136590774174,-0.4982279156498317,1.278132551990645,-0.3079251750227478,-0.19307144389929645,0.5437066904178015,1.0905922425263341,-0.9074970883809732,-0.14836477746232696,-0.20158425841137873,0.16577669358077907,2.546
-1.6541093482831586,-0.2527140739835557,1.1157680256588571,0.5006302467029564,2.0850883873082457,0.6737933615310967,0.9506827142023021,-0.37134525861349593,-1.4266229271453157,0.18858587818261333,-0.5447128331678873,0.6119934224794408,-1.122462407137454,1.3218855235567006,-1.362470858428976,-1.6441823380927687,-0.6686616666255638,-1.006514773965367,0.858520631694409,-0.08290658541903233,-0.9368426992873726,2.331
-1.6506452449359688,0.3891153242859143,0.008567586481600995,2.4244617433130977,2.0850883873082457,1.6019221310150136,0.972607143405017,-0.7480078185602664,-1.945161203514459,1.4983682185015232,-0.6727540237954752,0.1292884928580179,0.46530556439490356,-1.5339672195237446,-1.3875182354470146,0.049601640298777866,-0.19468791925696982,-0.3181061027595793,1.026334866553865,-0.8686346272993917,-1.223158232242086,2.462
-1.647181141588779,-0.16102415994506,0.7743938111239869,0.05553730006848788,2.0850883873082457,-1.018401011113822,0.29733472396138494,0.8760437386128219,-0.5737375768238677,-0.7681247008329385,-0.1042511374089842,0.4631594025128353,-0.750490734847879,-1.3512397994298453,-0.9507545986949657,-0.9447085222864146,-0.22884818933758924,0.6249194742346514,0.017325226576123422,-0.28752326299204256,-0.3743646664614462,2.305
-1.643717038241589,0.23074183640123985,1.1218100471550494,1.2859801979960073,2.0850883873082457,-1.5809032956495288,1.3847864124160658,0.6510245469563097,-1.3345273259368964,0.5900626390194963,0.36181879647543835,2.5146553534038825,-0.02721248317370295,-0.06035899296004787,-2.0528391874886665,0.24480363540752786,-0.8181128482282735,1.0068448329173145,1.7230825758437582,0.4654661104766351,-2.0902272575730265,2.636
-1.6402529348943993,-0.45276479552209176,2.514496002027396,1.3098901496747182,2.0850883873082457,1.2175455699156137,1.3146282389673767,-1.2665303036817948,-2.4476828535864854,0.6868726380865463,0.4949816347281292,0.4510917792722999,1.4193440201746492,0.36404017629029717,-1.2575849671659391,1.1476128627854976,0.46716731355503044,-0.6670255662474448,1.05394986722694,0.08078675663937586,-0.8718632875529695,2.595
-1.6367888315472092,-0.019321565521930255,0.6173012522229846,1.199536526542206,2.0850883873082457,1.3956712933519209,1.5382574168350729,-1.5649253187045609,-1.372566813392548,2.5746676198940186,0.336210558349919,-1.4716828570530345,0.05544788844620297,-0.15172270300699617,-0.20246421028106085,-0.8308406918063104,1.2699336604495857,-0.8650609374162324,-0.5498444026324177,-1.6993783382458119,0.5942346897044991,2.334
-1.6333247282000194,0.07236834851656546,0.7290786499025436,0.5227009713294598,2.0850883873082457,-2.0215300852024995,0.4376510708587632,0.5531901158013044,-1.0242051914302663,1.1652279275943223,1.7292987123780814,-0.039658232509480064,-0.2476401408267854,-0.4140249673353354,-1.0305931129399637,-0.739339756599084,-0.12209734533565383,0.5447623001901417,-0.18235247059841933,-1.5766083317020056,-0.1042939864403336,2.252
-1.6298606248528296,-0.0943405860988813,2.0719179274313033,0.7728358504298225,2.0850883873082457,0.2519166481293164,-0.7155739052040642,-0.10230057293723126,-1.9892069258315292,0.037676173754564876,0.5052249299783375,0.09710816421658974,0.4894148394507098,-1.0182043402264513,-1.140175387393883,0.7938092466508895,1.5474858548546182,-0.5255717296983101,0.20850600046664283,1.1529781471219478,-0.09820216659023333,2.673
-1.6263965215056397,-0.18603050013737704,1.2109298642238868,0.8739933383012921,2.0850883873082457,-0.18402262238585657,0.880524540753613,-1.4377405582030538,-1.4286250054324554,1.6976829224630965,-0.25790056616208923,0.4068438273903361,-0.03410084747536101,-0.26076971177270947,-0.8536960127500658,0.41763873524340184,0.27928582811162395,-0.7566129960618962,0.5844948557846643,0.03577108757331316,-0.6342823133990584,2.53
-1.62293241815845,1.739457694671033,-1.0654017344665971,2.019831791827218,2.0850883873082457,0.6972309567200845,0.10878463281803333,0.024884187564275642,-0.5517147156653327,0.20851734857877036,-1.5229475295626638,1.2153745845062192,-0.5748374451555786,-0.5230719761010487,-1.4955350488373063,-1.133810455048016,-0.3697593034201443,-0.068204324856108,1.1474160233511943,-1.793502009929397,-0.9165366331203717,2.254
-1.61946831481126,0.22240638967046752,0.28952158605454714,2.034545608244886,2.0850883873082457,0.32222943369627977,0.9068338557968714,-1.3203392408170473,-1.6588640084535036,0.7922246958948065,-1.0671208909284495,-0.5666111140128667,0.823500508081161,-0.5319136254604312,-1.0149385023036896,1.3997487731343006,0.5995383601174304,-1.0159450297353094,0.9562352494606745,0.690544455806945,-0.2728343356264415,2.664
-1.6160042114640703,-0.5861319432144492,0.389214940741722,0.9162955605020882,2.0850883873082457,2.009736287303401,0.8015965956238377,-2.0149637020175852,-0.9601386862418007,1.8144243919263034,0.3515755012252302,-0.8683016950262559,0.7821703222712095,-0.7234826949137103,0.02765856607216921,0.08823536849738486,0.3646865033131723,-0.5067112181584255,-0.2970609349327309,-0.696756618138063,0.2957355170495852,2.453
-1.6125401081168802,-1.8114426126379828,1.869510207308858,0.7930673480041168,2.0850883873082457,1.1237951891596625,1.1523874628672834,-0.8556256928307723,-1.6969034959091547,0.6925673439140198,-0.16571090891022666,1.3561635223124677,-0.6988280025854374,-0.4935998115697754,-1.6974795260452429,-0.08256637722277048,-0.5960710927042476,0.05910412803811321,0.907377940577542,0.41635810785911265,-0.9165366331203717,2.606
-1.6090760047696904,-0.7695117712914407,1.387658992987515,0.5852346911045501,2.0850883873082457,0.819106451702821,0.06932066025314519,-0.777358147906768,-1.110294557777267,0.037676173754564876,0.6537527111063395,-0.3172135670417982,-1.2223436895115083,-0.24603362950707283,-1.14800269271202,-0.30216862172011333,0.5781881913170435,-0.26623969602489606,1.0157137124488362,-1.1837443107618268,-0.36827284661134596,2.484
-1.6056119014225005,2.3979579864020475,1.9238884007745898,-0.03458482548973002,2.0850883873082457,1.6159846881284063,0.09124508945586104,-0.6844154383095129,-1.2644545858870122,-0.4122055866158434,1.1915257117422104,-0.8602566128658988,-0.38540742685996043,0.5762397609154697,-0.2509935032535108,0.02723474502590184,0.2408555242709271,-1.4497367951526556,0.22337561621368326,-0.6926642845866023,-0.3114158613437433,2.304
-1.6021477980753107,1.1059637431323353,1.762264325751443,-0.10999313463028115,2.0850883873082457,1.0769199987816869,0.5779674177561416,-1.2371799743352931,-1.4666644928881065,0.5188788161760776,0.868861911360687,-0.8884144004271485,-1.5288759009353257,0.340462444665278,-0.59069855406066,-1.9288519142930283,1.2272333228488115,-1.1243929710896465,-0.7091617142078508,-1.4579306587096603,0.5008267853362948,2.096
-1.5986836947281209,-1.1279359807146512,1.145978133139819,1.1222889903494457,2.0850883873082457,-0.49339887888049544,1.893433169919062,-0.31264459992049276,-1.5267268415022932,-0.20150147099932292,-0.22204903278636615,0.5959032581587266,-1.687308279873478,-0.46412764703849946,-1.8211509500718086,-0.2533681229429258,-0.1519875816561958,0.8606758684832087,1.8462879634620932,0.5882361170204403,-1.4648004196293973,2.532
-1.595219591380931,-1.0112397264838382,2.627783905081003,-1.4967703319955261,2.0850883873082457,0.692543437682287,-0.55333312910397,-0.7431160970025161,-1.2984899167683845,0.023439409185881062,3.7677144671692875,-3.052541501563194,2.104736268189701,-1.660697527008223,2.2631369649321194,0.6291075632778792,2.589374092313509,-1.6006208874717327,-2.7824109955094847,0.19946442963172045,2.821810148224503,2.445
-1.5917554880337412,0.1307164756319718,1.3091127135370138,-0.0934400911604036,2.0850883873082457,0.93629442764776,1.126078147824025,-0.8849760221772739,-1.238427568154198,0.3281061709557144,-0.15034596603491548,0.1051532463769468,-2.248709970458673,1.678498714385115,-1.1464372316483926,-3.0980305308298113,0.9667612634840888,-1.2045501451341556,0.29559946412787935,-1.8876256816129813,-0.29923222164354274,1.934
-1.5882913846865512,0.9392548085168886,-0.807105315504372,2.709541936405423,2.0850883873082457,0.05504084854181895,0.788441938102209,-0.00935786333997625,-1.3105023864912217,0.00350793878972372,-2.6855615404611655,0.8694360516108663,-0.9743625746517904,-1.5487033017893812,-2.1091957857792534,-1.1277103927008671,-1.501318249840661,0.3420118011363821,2.020474890784566,-0.5985406129030181,-1.6455244085157057,2.185
-1.5848272813393613,-0.2693849674451004,1.5387095303923242,-0.3325396079475146,2.0850883873082457,0.734731109022465,0.8892943124346991,-0.6452816658475109,-0.78595787526066,0.7409723434475448,2.0417192175093968,-0.34134881352286933,-0.48528870923401457,-0.7588492923512404,-0.49833635130664256,-0.056132773718460816,0.16399491658953344,-0.34168174218443453,-0.2736943959016674,-0.5903559458000978,0.03784847672867308,2.486
-1.5813631779921715,-0.31939764782973445,1.0961314557962318,1.3613885071365568,2.0850883873082457,0.29410431946949445,2.055673946019155,-0.9192180730815257,-1.5827850335422005,1.0911967518371664,-1.6305021296898374,1.6980795141276421,-0.9399207531434955,0.9593778998220305,-2.121719474288273,-1.1053434974279912,-1.4500778447197318,1.0587112396519973,1.744324884053816,-1.2737756488939516,-2.037431485538824,2.313
-1.5778990746449817,-0.21103684032969403,0.180765199123084,2.154095366638441,2.0850883873082457,-0.04339705125192979,2.2047600645976195,-0.723549210771515,-1.4746728060366647,1.4983682185015232,-0.7086055571712006,0.5717680116776556,0.36886846417167996,0.007426985461882569,-1.163657303348294,0.13500251315885914,-0.1349074466158861,-0.7849037633717232,1.6296164197195042,-0.295707930094963,-1.8282790040187145,2.365
-1.5744349712977919,-1.4530184032147724,1.6791865301787974,0.06657266238173959,2.0850883873082457,0.7581687042114528,0.5691976460750554,-0.47896313288400183,-1.2043922372728257,0.236990877716138,-0.7239705000465118,0.5154524365551562,-1.156904228645749,0.5231898647591758,-1.23879943440241,-1.463213821794031,-0.02815660261395047,-1.1385383547445593,0.43367446749325467,-1.4579306587096603,-0.6708332324996601,2.144
-1.570970867950602,-0.18603050013737704,1.216971885720079,0.5962700534178018,2.0850883873082457,-0.33402323159537844,-0.03591659991988853,0.18141927741228417,-1.2484379595898958,0.16295970195898246,0.6025362348553029,0.11722086961748232,0.16910589942357476,-0.5142303267416662,-0.767595654250558,0.30173755064758084,0.9966514998046307,-0.5302868575832808,0.6779610119089184,0.8092221287992905,-0.29110979517674235,2.457
-1.5675067646034122,1.6477677806325373,-0.32525410118302883,0.9199740146065065,2.0850883873082457,-0.6949621975057905,0.8410605681887259,1.4385917177541026,-0.6117770642795193,-0.5659626439576284,-1.026147709927621,-0.4740926691687606,-0.2648610515809321,-1.7933222673989555,-0.4764198964158587,-0.9081081482035244,0.6507787652383596,0.6862161367392764,0.17451830733055046,-0.5003246076679733,0.03784847672867308,2.367
-1.5640426612562222,-0.5694610497529045,0.44208262883340504,0.5870739181567592,2.0850883873082457,-0.8027751353751343,-1.2066811193448872,0.8613685739395711,-0.8580326935976837,-0.4976261740279461,1.1659174736166933,0.5154524365551562,0.07955716350200924,-1.6076476308519305,-0.5609547938517391,0.09433543084453352,0.8514703519619984,-0.6057289037428193,-0.2163401637345117,0.019401753367472338,0.19420518621458038,2.603
-1.5605785579090323,1.2976790179400992,-0.045810606984130586,1.9481019367910832,2.0850883873082457,0.17691634352455549,0.46396038590202165,-1.2029379234310411,-1.328521091075478,0.5929099919332331,-1.307838329308314,0.9378192499739011,1.226469819728202,-0.6085412532417429,-0.9930220474129058,1.6315511423259388,-0.6814717679057961,-0.4124086604590024,1.2876152575375748,0.8869764662770349,-1.2678315778094882,2.947
-1.5571144545618425,0.7225331935168079,0.9390388968952296,0.7286944011768174,2.0850883873082457,0.4534799667546114,0.18771257794780863,-0.004466141782225979,-0.8920680244790562,0.08608117328808985,-0.43715823304071366,0.3585733344281938,-1.5357642652369836,0.3581457433840417,-1.814889105817299,-1.1317771009323008,0.29636596315193364,0.12040079054273772,0.8117875536322819,-1.1632826430045256,-0.6139762472320575,2.167
-1.5536503512146527,-0.3694103282143684,0.3454102848943267,0.7103021306547322,2.0850883873082457,-0.30589811736859307,0.016702030166628332,0.13739378339253172,-1.1443298886586393,-0.6855514663345723,-1.1132157195543808,1.4969524601187159,-1.3876644327513201,-0.38455280280406207,-1.4642258275647577,-1.7580501685728729,-0.8821633546294348,0.15812181362250696,1.2748698726115402,-0.01742924859566905,-1.326719169693791,2.293
-1.5501862478674628,0.2724190700551016,1.8287265622095592,-0.8309701390960309,2.0850883873082457,-0.8965255161310856,0.941912942521216,0.6852665978605617,-0.679847726042264,-1.5198258700594434,1.109579349740554,-0.09999634871215791,-2.2211565132520374,-0.06920064231943038,-1.0305931129399637,-0.698672674284762,-0.540560653823241,0.9785540656074876,0.643973318772826,0.23629543159486366,-0.44949711127934977,2.39
-1.546722144520273,1.12263463659388,1.520583465903747,1.0597552705743554,2.0850883873082457,-0.11370983681889318,0.9813769150861031,-0.16589295318798478,-1.5207206066408745,-0.24705911761911112,-0.17083255653532964,0.929774167813544,0.8923841510977508,-0.43760269896035453,-0.9758019757130043,1.5908840600116168,-1.1896057853550093,-0.3369666142994639,1.3024848732846155,0.40817344075619133,-1.6313101621988053,2.743
-1.5432580411730832,0.6308432794783121,0.18529671524522845,0.7930673480041168,2.0850883873082457,-0.9480882255468586,-0.39547723884441943,1.4043496668498505,-0.7639350141021249,-0.36380058708231844,-0.5037396521670591,0.7004893262433683,-0.7298256419429018,-0.9857849592420496,-1.1667882254755488,-0.17610066654571183,0.9881114322844758,0.280715138631757,0.47191062227135855,-0.4594012721533712,-0.18754885772503752,2.525
-1.5397939378258931,-0.45276479552209176,1.4420371864532457,0.16773015025320917,2.0850883873082457,1.5737970167882283,0.4157266416560474,-1.530683267800309,-1.1423278103714998,1.9624867434406152,0.9661732162376547,-1.23837547440268,0.8992725153994089,-0.2725585775852204,0.24369219285275262,-0.3753693698858955,1.3382542006108245,-1.8363772817202904,-1.2529648043853285,-1.5970699994593072,1.0754884578624215,2.255
-1.5363298344787033,0.22240638967046752,1.7637748311254908,0.34061749316081325,2.0850883873082457,-0.2262102937260346,1.3804015265755232,0.22055304987428634,-1.4066021442739203,-0.30685352880758315,1.0378762829891033,1.3481184401521107,-1.9352893947331957,0.20194327136829004,-1.7381815136995558,-1.577081652274135,-1.228036089195706,-0.5915835200879063,1.5510198793422907,-0.2752462623376624,-1.5521165041475016,2.124
-1.5328657311315135,-0.80285355821453,0.9073182840402196,1.6850924683252613,2.0850883873082457,2.586301128952501,1.8495843115136315,-2.7340467710068745,-1.6548598518792244,2.6002937961176498,0.0903714723449514,-2.075064019079813,0.5617426646181272,-1.1449346477109297,-0.32143925111674454,-0.6641056543175868,0.5184077186759596,-1.6383419105515018,-0.23120977948155214,-1.6871013375914317,0.40335766773469023,2.317
-1.5294016277843236,0.5141470252474993,0.674700456436812,1.9793687966786293,2.0850883873082457,0.734731109022465,2.63447887697084,-1.17847931564229,-1.6848910261863175,0.906118812444277,-1.7380567298170113,1.3239831936710396,-0.5266188950439675,0.6617090380561639,-2.2673073532056223,0.4420389846319965,-2.346784934335991,0.3420118011363821,2.36035182214549,0.03986342112477382,-2.2344003273587334,2.511
-1.5259375244371338,0.18072915601660583,0.7623097681316021,0.8997425170322122,2.0850883873082457,0.8894192372697843,0.3981870982938751,-0.7284409323292653,-1.438635396868153,0.2740064655947159,-1.2822300911827968,0.3625958755083723,-0.1133170369444379,-0.46707486349162786,-0.8349104799865368,-0.20863433239717016,0.7404494741999854,0.48346563768551676,0.7608060139281434,-0.5248786089767344,-0.6342823133990584,2.455
-1.522473421089944,0.43912800467054836,0.15961812388641095,0.7470866716989024,2.0850883873082457,0.17691634352455549,0.3455684682073592,-0.44961280353750016,-0.7519225443792876,0.1914332310963501,0.2747507868486765,-0.5143180799705458,1.2505790947840099,-2.9073700866811105,0.15602637328961733,0.1512693460845865,0.9411410609236243,0.280715138631757,-0.883348641530324,-0.21386125906575887,0.6409386418886013,2.611
-1.5190093177427542,-0.035992458983474945,1.0281587139640669,0.6054661886788444,2.0850883873082457,0.23785409101592375,0.7051291071318901,0.059126238468527534,-1.1883756109757093,0.4220688171090276,-0.473009766416439,1.0866532699405067,-1.1844576858523843,-0.6026468203354888,-1.3593399363017211,-0.4567035345145413,1.0521619386856373,0.6815010088543053,0.5929917790686875,-0.7090336187924432,-0.6119456406153574,2.579
-1.515545214395564,-0.04432790571424729,1.3559383801325042,1.4956520819477814,2.0850883873082457,1.3769212172007306,1.516332987632358,-1.604059091166563,-2.0492692744457153,1.022860281907484,0.003303462718189539,-0.21262749895715657,0.8062795973270143,-1.6105948473050562,-1.0806878669760411,-0.027665816098432515,0.6080784276375854,-1.3318585980283772,0.3210902339799486,0.39998877365327185,-0.6424047398658588,2.651
-1.5120811110483743,0.9309193617861162,2.073428432805351,0.8464049325181645,2.0850883873082457,0.9503569847611527,0.44642084253984937,-1.198046201873291,-2.199425145981182,0.5587417569683919,0.2337776058478482,-1.507885726774641,-0.5817258094572381,-0.3757111534446796,-0.9773674367766316,0.0923020767288185,0.979571364764321,-0.18136739409541522,-0.05914708298008444,0.12580242570543768,0.7972953513745087,2.668
-1.5086170077011845,-0.05266335244501961,0.47531374706246354,0.34061749316081325,2.0850883873082457,1.372233698162933,-0.36916792380116104,-1.5698170402623113,-1.3105023864912217,1.1139755751470604,0.3413322059750242,-0.9045045647478627,1.7913156924642273,-0.9209461972732462,1.442835367591353,0.4928728375248972,0.9155208583631598,-2.265453919252665,-0.8578578716782548,-0.19749192485991807,0.762775038890607,2.748
-1.5051529043539946,0.31409630370896324,-0.3494221871677984,1.6060057050802936,2.0850883873082457,1.0909825558950794,1.2620096088808597,-1.2371799743352931,-1.1663527498171744,2.025128507542824,0.064763234219432,-1.178037358200002,2.593810133607479,-1.8994220597115403,0.4769458913332376,1.1882799450998196,0.7874198455608371,-0.7236071008670987,-0.7431494073439431,-0.3816469346756277,0.49676557210289457,2.678
-1.5016888010068048,0.1473873690935165,-0.5155777783130884,1.3374785554578457,2.0850883873082457,1.1800454176132331,0.8147512531454674,-1.2078296449887915,-0.7138830569236361,0.5160314632623408,-1.190040433930932,-0.32525864920215525,-0.7022721847362664,-1.1685123793359489,-0.3668376219619395,-0.07443296075990681,0.14691478154922386,0.10154027900285362,0.5228921619754971,-0.905465629262533,-0.5002622766968521,2.686
-1.498224697659615,0.7475395337091248,0.7441837036430249,0.3884373965182351,2.0850883873082457,0.5144177142459797,0.3981870982938751,-1.0219442257942812,-0.7198892917850548,1.034249693562431,0.4386435108519897,-0.5987914426542948,0.4825264751490502,-0.9563127947107762,-0.5312110336428183,-1.2578450561067005,0.6977491365992111,-1.3554342374532327,-0.9640694127285434,-2.07178069142869,0.9881723733443175,2.064
-1.4947605943124251,0.43912800467054836,0.9601859721319026,1.124128217401655,2.0850883873082457,1.2831708364447796,0.29733472396138494,0.29882059479829054,-1.7209284353548293,1.0399443993899047,-0.44740152829092183,-1.113676700917146,-0.6919396382837778,-1.1272513489921645,-0.6736679904329131,-1.1968444326352174,-0.04096670389418275,-0.8179096585665208,0.002455610829083006,-1.1632826430045256,0.15156244726387838,2.362
-1.491296490965235,-0.4027521151374578,0.7200156176582553,0.011395850815482694,2.0850883873082457,-1.1918392155123316,-0.4787900698147383,1.5168592626781068,-0.6538207083094498,-0.6428411726285209,1.5705276359998712,0.8372557229694382,-0.5989467202113848,-0.9828377427889212,-0.9147489942315352,-1.9369853307558937,-0.2715485269383635,-1.2988527028335788,0.18301523061457356,-1.0527896371151004,-0.17536521802483693,2.019
-1.4878323876180453,-0.3444039880220514,2.377040012989019,-0.998339800847009,2.0850883873082457,1.1050451130084722,-0.8471204804203554,-1.423065393529803,-1.242431724728477,-0.019270884520170384,3.6755248099174236,-2.851414447554268,1.636327495676904,-2.0526773152741664,1.5258048039636063,1.0500118652311226,2.1367505137453024,-1.6100511432416749,-2.631590607218074,1.1079624780558868,2.364923659466982,2.661
-1.4843682842708554,-0.877872578791481,1.9465459813853108,-0.13942076746561793,2.0850883873082457,-0.6715246023168027,-0.29900975035247185,0.9445278404213256,-1.2884795253326868,-1.047165286379141,1.4988245692484217,1.7865754178915696,-1.7389710121359194,0.04279358289941132,-1.8211509500718086,-1.324945741925334,-0.24165829061782151,0.9502632982976607,1.1176767918571133,-0.47986293991067175,-1.2495561182591872,2.212
-1.4809041809236656,3.1481481921715577,-0.3041070259463551,0.9144563334498806,2.0850883873082457,-0.0012093799117517598,-0.15869340345509453,0.6216742176098081,-0.5577209505267514,-0.523252350251577,-0.8981065193000309,-0.4217996351264398,-0.9502532995959841,-0.7588492923512404,-0.8865706950862418,-0.4140030980845007,-0.28435862821859575,-0.9216424720358862,0.2871025408438562,-0.7786032891672672,0.16983790681417926,2.351
-1.4774400775764758,0.8559003412091652,-0.06695768222080364,0.4289003916668236,2.0850883873082457,0.500355157132587,-0.03153171407934497,-0.703982324540514,-0.7399100746564503,1.4698946893641556,-0.18107585178553784,-1.5239758910953551,-0.2855261444859078,-0.9563127947107762,0.4612912806969634,-1.8231175002757896,1.5731060574150828,-0.718891972982127,-1.09152326198889,-2.3255053716192227,0.9231929616099145,2.128
-1.473975974229286,-0.4027521151374578,0.2789480484362103,1.6446294731766744,2.0850883873082457,2.8019270046911884,1.4417899283431261,-2.8612315315083814,-1.54074138951227,2.8366240879578006,-0.744457090546926,-0.16033446491483577,0.8786074224944316,0.2078377042745455,-0.6564479187330114,0.7714423513780099,0.4458171447546433,-2.1805816173231842,0.4910286996604103,-1.171467310107446,-0.6586495927994596,2.758
-1.470511870882096,0.12238102890119947,2.6338259265771953,1.7770538209356885,2.0850883873082457,2.0378614015301864,2.0863681469029562,-2.8954735824126328,-3.0863458271840014,2.765440265114382,2.0109893317587755,0.11722086961748232,0.21388026738435675,-0.3786583698978053,-1.5534571081915207,0.06790182734022386,-0.5960710927042476,-0.9310727278058285,0.552631393469578,-1.0691589713209413,-0.6769250523497604,2.526
-1.467047767534906,-0.3527394347528237,1.0810264020557505,1.0156138213213501,2.0850883873082457,-0.0996472797055005,1.7443470513405976,-0.6061478933855087,-1.5687704855322235,0.8776452833069094,-0.47813141404154197,0.6079708813992623,0.2655429996467968,-0.03972847778815577,-1.0932115554850605,-0.43840334747309534,0.006003667466668933,-0.021053046006396438,1.0943102528260495,-0.7417722872041248,-1.0830463756897795,2.425
-1.4635836641877162,0.6808559598629461,0.24722743558120036,1.9315488933212075,2.0850883873082457,1.0347323274415088,0.9506827142023021,-0.9387849593125268,-1.482681119185223,0.47047381664255256,-0.9288364050506533,1.9434545200185322,-0.5059538021389902,-0.349186205366532,-2.373758705532287,0.07400188968737252,-0.9462138610305962,0.5447623001901417,1.8930210415242201,-0.43893960439606966,-2.0029111730549225,2.626
-1.4601195608405264,0.0390265615934761,1.8846152610493387,-0.07320859358610934,2.0850883873082457,0.18629138160015057,1.4812539009080135,0.04445107379527673,-1.5127122934923163,0.4562370520738688,0.3157239678495048,0.4872946489939065,-0.04443339392784963,0.5644508951029601,-0.6376623859694825,-0.9223416270135367,0.8386602506817662,-0.7849037633717232,0.32533869562196016,-0.6230946142117794,-0.42106861864554845,2.111
-1.4566554574933366,0.8475648944783929,0.6293852952153693,1.2344818405341669,2.0850883873082457,0.7909813374760357,1.801350567267657,-1.9122375493048298,-1.4866852757595022,2.2215958585906606,0.4693733966026121,0.10917578745712533,-1.7837453800967014,0.3728818256496797,-1.9197749970803362,-1.9268185601773131,0.6465087314782821,-0.4406994277688293,0.26798446345480453,-2.456460045265949,-0.14084490554093532,2.246
-1.4531913541461468,0.605836939285995,0.9949275957350091,0.9898646425904302,2.0850883873082457,0.8050438945894284,0.23594632219378192,-0.4691796897685013,-1.744953374800504,0.618536168156864,0.4744950442277151,-0.19251479355626394,-0.5025096199881612,-0.959260011163902,-1.0556404899580025,-1.5242144452655157,-0.01961653509379562,-1.9306798394197136,0.09592176695333682,-1.6379933349739093,-0.4271604384956487,2.175
-1.449727250798957,-0.8612016853299364,0.6837634886811009,0.7691573963254043,2.0850883873082457,-0.7652749830727538,-0.09730500168749154,1.3407572865990973,-0.8980742593404748,-1.8045611614331194,0.325967263099713,2.402024203158884,-1.4393271650137602,-1.427867427211157,-1.9510842183528845,0.006901203868740835,-0.8821633546294348,1.7471199108577855,1.5340260327742445,1.038392807681062,-1.5785143901646028,2.504
-1.4462631474517669,-0.4611002422528641,0.8076249293530448,0.5208617442772506,2.0850883873082457,-0.3012105983307955,-0.23762134858486886,0.7684258643423162,-0.7198892917850548,-1.0528599922066144,-0.18619749941064082,1.4527045082367522,-0.6540536346246554,-1.2628233058360228,-1.5190169647917175,-0.5319376367960384,-1.2365761567158609,1.610381202193622,0.9774775576707323,0.4450044427193327,-1.137872754340682,2.432
-1.442799044104577,-0.9945688330222938,0.7094420800399185,1.4699029032168613,2.0850883873082457,0.32691695273407734,1.6961133070946233,-0.32731976459374357,-1.2043922372728257,0.40213734671287027,-0.4115499949151965,0.990112284016222,-0.009991572419554735,-1.7373251547895345,-1.4924041267100514,-0.35300247461301765,-0.4637000461418474,0.8559607405982376,1.4957898779961407,-0.20567659196283847,-1.5318104379805006,2.411
-1.4393349407573872,-0.45276479552209176,1.349896358636312,0.7250159470724007,2.0850883873082457,0.74410614709806,1.6303400194864779,-0.6501733874052611,-1.8370489760089233,0.04621823249577517,0.023790053218603693,0.2137618555417669,-0.20630995501683244,-0.4434971318666087,-0.9601473650767302,0.4400056305162779,-0.21176805429727955,0.3655874405612378,0.6694640886248954,1.120239478710266,-0.8860775338698702,2.743
-1.4358708374101974,0.9392548085168886,2.053791862942726,2.3472142071203392,2.0850883873082457,0.8050438945894284,2.1652960920327318,-0.8409505281575214,-3.3646347090963995,1.00008145859759,-0.8776199287996168,1.3601860633926461,-0.9571416638976438,0.6292896570717621,-3.1377037045824654,-0.5949716143832383,-0.5064003837426216,-0.09649509216593494,2.4793087481218135,-0.23432292682306036,-2.17348212885773,2.277
-1.4324067340630076,-0.9695624928299768,0.26384299469572964,2.179844545369361,2.0850883873082457,0.5566053855861577,1.9679762292082938,-1.4181736719720528,-1.45064786659099,1.4585052777092085,-0.33472528053864287,2.3175508404751346,1.136921083806638,-0.6380134177730161,-1.904120386444062,2.3411917287108737,-1.5696387900018998,0.7522279271288721,2.324239898188391,1.369871825349338,-2.5592973860307486,2.935
-1.4289426307158177,-0.6361446235990832,0.46927172556627117,1.1075751739317772,2.0850883873082457,1.2644207602935893,0.9682222575644744,-0.7675747047912675,-1.168354828104314,1.162380574680585,-1.1029724243041725,0.47522702575337095,-0.7229372776412437,0.7943337784468963,-0.9773674367766316,-0.4567035345145413,0.5482979549965015,0.18169745304736273,1.2026460246973443,-0.7499569543070452,-0.949026338987573,2.478
-1.425478527368628,2.356280752748186,0.7275681445284956,0.805941937369576,2.0850883873082457,1.2128580508778162,1.14800257702674,-0.28329427057399115,-1.2944857601941053,-0.8649346998999883,-0.9800528813016876,-0.4419123405273324,-0.44395852342406156,-0.19003651689765197,-0.8583923959409482,-0.28590178879438416,1.8549282855801925,-0.8980668326110309,0.590867548247682,0.3345114368299086,-0.41294619217874806,2.424
-1.4220144240214379,0.20573549620892287,1.1248310579031453,1.045041454156687,2.0850883873082457,-0.30589811736859307,1.2620096088808597,0.6999417625338125,-1.6268307558592707,-0.09045470736358946,0.7613073112335133,0.22985201986248102,-1.790633744398361,-0.738218777179347,-1.6959140649816156,-1.3269790960410508,0.6166184951577401,-0.08234970851102147,0.8478994775893803,-0.3939239353300079,-0.5672722950479553,2.318
-1.418550320674248,-0.8361953451376193,0.48739779005484835,1.8156775890320693,2.0850883873082457,0.13941619122217502,1.2751642664024894,-0.7333326538870156,-1.6168203644235728,0.6242308739843375,-0.2322923280365721,0.07699545881569711,0.9233817904552136,-1.6135420637581845,-1.0665987174033942,0.031301453257335486,-0.6046111602244024,0.23356385978204547,1.1006829452890672,-0.15247625579385626,-0.9733936183879742,2.409
-1.4150862173270582,2.1395591377481047,1.3725539392470336,1.2528741110562538,2.0850883873082457,-0.30589811736859307,1.4461748141836688,-0.13165090228373288,-1.935150812078761,1.142449104284428,-0.12473772790939835,0.7527823602856891,0.2104360852335262,0.6263424406186351,-1.2294066680206457,-0.09679985603278282,0.4757073810751853,0.18169745304736273,1.213267178802373,-0.01742924859566905,-1.0383730301223775,2.525
-1.4116221139798684,-0.1276823730219707,1.9208673900264932,0.2927975898033914,2.0850883873082457,-0.6527745261656124,0.788441938102209,0.5482983942435542,-1.5547559375222468,-0.4264423511845272,1.2068906546175218,1.058495482379257,-1.074243857025843,0.1164739942275959,-1.849329249217102,-0.75763994364053,-0.4978603162224668,0.808809461748526,1.2260125637284076,-0.3243542649551849,-1.3977904012782942,2.296
-1.4081580106326785,1.489394292747863,0.360515338634808,1.3852984588152693,2.0850883873082457,0.692543437682287,0.10001486113694719,-0.6990906029827637,-1.3165086213526405,1.0484864581311149,0.2184126629725393,-0.0034553627878733464,1.7913156924642273,-1.3689230981486105,-0.42006329812527166,-0.4526368262831077,0.8173100818813791,-1.8363772817202904,-0.40539670680402534,-0.2506922610289012,0.11501152816327664,2.429
-1.4046939072854887,1.6727741208248543,2.245626045446834,0.7139805847591489,2.0850883873082457,-0.18871014142365414,0.9769920292455606,0.4602474062040493,-2.099321231624204,0.3423429355243982,1.3605400833706267,0.3585733344281938,-0.5748374451555786,-0.7765325910700054,-1.3796909301288776,-0.2981019134886815,0.8770905545224629,-0.068204324856108,0.6588429345198666,0.1585410941171193,-0.25455887607614064,2.395
-1.4012298039382989,-0.16102415994506,1.6686129925604611,-0.03090637138531333,2.0850883873082457,0.5987930569263358,-0.8427355945798127,-0.6844154383095129,-1.6448494604435264,0.43915293459144816,1.2683504261187641,-0.7194676750596505,-0.1580914049052199,-0.1988781662570345,-0.03339441540929997,-0.11306668895851199,0.9326009934034695,-1.1951198893642132,-0.9683178743705549,-0.9832199667402765,1.278549119532431,2.617
-1.3977657005911088,-1.844784399561072,0.5553705318870127,1.2951763332570496,2.0850883873082457,1.0487948845549013,1.064689746056422,-0.7920333125800189,-1.0462280525888012,0.8377823425145947,-0.7803086239226513,0.21778439662194546,-0.19942159071517285,-0.35508063827278613,-1.2043592910026069,0.2854707177218535,-0.8778933208693575,-0.15779175467055997,1.3704602595568003,-0.00105991438982823,-0.9652711919211738,2.5
-1.394301597243919,-0.1276823730219707,1.6519974334459318,1.5820957534015827,2.0850883873082457,0.3972297383010407,0.19648234962889477,-0.024033028013226994,-2.11733993620846,0.7722932254986492,0.5410764633540606,0.7004893262433683,0.25176627104347915,-1.8198472154771004,-1.619206472863872,-0.503470679176012,0.2066952541903077,-1.5770452480468764,0.35932638875805256,-0.7663262885128861,-0.28298736870994196,2.487
-1.3908374938967292,-0.035992458983474945,1.6081927775985372,0.45097111629332703,2.0850883873082457,0.2847292813938993,1.6391097911675638,-0.44961280353750016,-1.2984899167683845,0.513184110348604,0.1928044248470199,-0.23676274543822773,-0.6299443595688491,-0.5024414609291579,-1.046247723576238,-0.7454398189462327,0.1725349841096883,-0.20494303352027152,-0.07401669872712485,-1.2819603159968718,-0.11647762614053417,2.317
-1.3873733905495393,-1.1362714274454235,0.34994180101647115,1.3871376858674769,2.0850883873082457,-0.2355853318016297,1.340937554010635,-0.6697402736362622,-1.460658258026688,0.9118135182717503,0.36181879647543835,-0.015522986028408927,-0.4990654378373322,-1.321767634898572,-1.1323480820757457,-0.009365629056990137,0.42019694219417886,0.6909312646242476,0.5398860085435433,-0.3489082662639461,-0.5144765230137528,2.424
-1.3839092872023495,-0.14435326648351532,0.1762336830009402,1.1940188453855802,2.0850883873082457,0.12066611507098476,0.5034243584669088,0.5874321667055562,-0.9140908856375912,0.14302823156282513,-0.6112942522942328,0.8251880997289026,-1.2326762359639953,-0.7352715607262212,-1.8039308783719072,-2.130153971748927,-0.3057087970189829,0.45988999826066096,0.9859744809547554,-2.4646447123688695,-0.8292205486022675,1.899
-1.3804451838551597,-0.4027521151374578,-0.09263627357962183,1.5508288935140382,2.0850883873082457,1.1050451130084722,0.5472732168723395,-1.1344538216225373,-1.4546520231652693,2.5234152674467567,-0.8315251001736855,-0.5022504567300102,1.0749258050917094,-0.711693829101202,-0.19307144389929645,-1.0687431233450992,1.4492750783728374,-1.6289116547815596,-0.5625897875584523,-1.7239323395545731,0.3018273368996855,2.314
-1.3769810805079699,1.1059637431323353,0.7381416821468325,1.3944945940763118,2.0850883873082457,1.5831720548638233,2.029364630975897,-1.6089508127243133,-1.9711882212472729,1.367389984469632,-0.9083498145502392,-1.3510066246476788,0.23454536028933246,-1.0889375351015087,-0.3590103166438024,0.38713842350765854,1.867738386860425,-1.0112299018503388,-0.01666246655996896,-0.5248786089767344,-0.09211034674013303,2.761
-1.3735169771607798,0.9475902552476609,2.440481238699039,-0.7390087864856038,2.0850883873082457,-0.2637104460284151,0.16578814874509276,-0.24416049811198903,-1.398593831125362,0.2113647014925071,2.313166541639884,0.18962660906069576,1.1024792622983446,-0.7175882620074562,-0.12262569603606267,-0.27573501821580365,1.9787592646224377,-1.4403065393827135,-1.3443067296885765,-0.18112259065407724,1.1668657556139257,2.453
-1.37005287381359,-0.33606854129127905,2.165569260622285,-0.8806292695056619,2.0850883873082457,-0.9152755922822757,0.1438637195423779,1.502184098004856,-1.2344234115799189,-1.8017138085193827,0.8944701494862041,0.3625958755083723,0.24143372459099205,-1.0064154744139404,0.41432744878814093,0.7124750820222419,1.0607020062057921,0.5400471723051706,-0.5455959409904062,1.660427507503013,0.20841943253148104,2.717
-1.3665887704664001,0.09737468870888245,0.9647174882540471,1.2694271545261295,2.0850883873082457,1.5597344596748355,1.4724841292269273,-1.7997279534765735,-1.6668723216020618,1.011470870252537,-0.9902961765518958,0.49131719007408503,0.7752819579695515,0.26383481688396504,-0.8474341684955562,0.9727444088339086,0.39030670587363686,0.4551748703756898,0.9987198658807901,1.0997778109529655,-0.7804859898014652,2.774
-1.3631246671192103,0.33910264390128025,1.0387322515824038,1.3797807776586435,2.0850883873082457,-0.17464758431026145,0.5297336735101672,0.29882059479829054,-1.2764670556098494,-0.07337058988116889,0.21329101534743405,1.1550364683035412,-0.22697504792180817,-1.5457560853362529,-1.8555910934716118,-1.4164466771325603,-0.6814717679057961,-0.1106404758208484,0.7799240913171955,-0.5371556096311146,-1.1663012469744833,2.154
-1.3596605637720205,2.1979072648635114,-0.20743468200727672,1.087343676357483,2.0850883873082457,2.2628623153444694,1.8495843115136315,-2.5824034027166163,-1.3024940733426635,2.833776735044064,-0.14010267078470953,-2.3244615660508816,1.7672064174084194,-0.05151734360066535,0.7164614340682322,0.7368753314108365,1.244313457889121,-1.8269470259503482,-1.2041074955021958,-0.8440806259906304,0.8764890094258124,2.501
-1.3561964604248307,-0.2610495207143281,0.8181984669713817,0.21922850771504937,2.0850883873082457,-0.46527376465371006,1.7399621655000541,0.6412411038408092,-1.3305231693626174,0.5416576394859717,0.32084561547461005,0.5637229295172985,-0.9709183925009615,0.2962541978683667,-0.537472877897328,-0.8125405047648662,-0.13063741285580868,0.9691238098375453,0.6206067797417627,0.7355601248730077,-0.9226284529704719,2.479
-1.3527323570776408,-0.7111636441760342,0.8997657571699786,-0.1651699461965364,2.0850883873082457,-0.816837692488527,-0.5445633574228839,1.0717126009228326,-0.5517147156653327,-0.5745047026988387,0.27987243447378174,-0.0637934789905512,-1.0570229462716965,-1.0299932060389596,-0.3120464847349801,-1.1195769762380035,0.3433363345127852,-0.08706483639599262,-0.10800439186321724,-1.5193156619815629,0.38711281480108944,2.257
-1.3492682537304508,0.5474888121705888,1.1535306600100594,0.2891191356989747,2.0850883873082457,1.0722324797438891,1.4067108416187817,-1.0953200491605353,-1.3805751265411061,0.41067940545408055,0.5052249299783375,-0.28503323840037004,-0.840039470769443,0.05163523225879384,-0.6501860744785019,-0.5502378238374827,-0.04096670389418275,-0.7613281239468679,0.3402083113690006,-0.5658019444913365,-0.20379371065863824,2.461
-1.345804150383261,1.76446403486335,1.6625709710642687,0.5355755606949191,2.0850883873082457,0.15816626737336523,-0.05345614328206082,-0.9290015161970263,-1.7689783142461786,2.096312330386243,2.328531484515195,-1.3308939192467861,2.046185171625603,-1.5604921676018921,0.11532438563530449,-0.269634955868655,1.6286164962960892,-1.6902083172861841,-1.7245440466486097,-1.0527896371151004,1.788231380324155,2.29
-1.3423400470360711,-0.0276570122527026,0.9783120366204798,1.8782113088071597,2.0850883873082457,-0.4793363217671028,1.3847864124160658,-0.08273368670623024,-1.4746728060366647,-0.11038617775974681,-0.9595662908012734,1.0102249894171147,-0.6161676309655315,-1.4101841284923946,-2.2610455089511126,-0.11103333484279518,-0.4338098098213057,1.341618912750266,1.6805979594236429,-0.2547845945803609,-1.8465544635690154,2.618
-1.3388759436888813,-1.4863601901378618,-1.1363954870468573,1.5747388451927493,2.0850883873082457,0.776918780362643,0.6788197920886316,0.019992466006525374,-0.3214757126442846,0.09462323202930015,-0.25277891853698625,0.3867311219894434,-0.6333885417196782,-1.7785861851333187,-0.9163144552951625,-0.210667686512887,-0.13063741285580868,0.31372103382655514,0.8542721700523974,-0.062444917661731755,-0.819067515518767,2.606
-1.3354118403416915,0.6141723860167674,1.7411172505147698,0.6404115026708069,2.0850883873082457,-0.17464758431026145,-0.19377249017943815,-0.5670141209235066,-1.6989055741962944,0.0519129383232487,0.5154682252285434,0.8412782640496167,1.4985602096437276,-0.40518331797595286,-0.9241417606132998,1.6315511423259388,0.2750157943515465,-0.9546483672306848,0.39968677435716227,1.717720177223455,-0.3743646664614462,2.896
-1.3319477369945016,-1.244632234945464,-0.8932041218251129,1.4184045457550227,2.0850883873082457,2.478488191083157,2.6257091052897543,-2.274224944578349,-0.7639350141021249,1.657819981670782,-0.8366467477987884,-1.037248420393754,-0.2407517765251258,-0.6114884696948713,-0.05844179242733865,0.16143611666316882,0.0700541738678302,0.11568566265776709,0.6779610119089184,-0.37346226757270734,-0.7378432508507632,2.488
-1.3284836336473116,-0.9278852591761151,0.21399631735214253,1.0229707295301853,2.0850883873082457,1.7191101069599524,1.3804015265755232,-2.0540974744795872,-0.8640389284591025,1.6521252758433083,-0.7495787381720289,-0.8602566128658988,0.6478472183888605,-0.7647437252574946,-0.05687633136371123,0.01096791210017087,0.9753013310042435,-0.9640786230006271,0.15115176829948695,-1.0077739680490376,-0.17942643125823712,2.482
-1.3250195303001218,-0.8361953451376193,2.087022981171784,0.6073054157310535,2.0850883873082457,1.12848270819746,0.941912942521216,-0.9436766808702771,-1.8010115668404114,0.5843679331920227,0.0903714723449514,0.6240610457199763,-1.6322013654602072,0.5084537824935392,-1.7006104481724977,-2.654759333603692,1.31263399805036,-0.6717406941324154,0.7055760125819932,-1.9039950158188221,-0.5835171479815561,1.858
-1.321555426952932,1.422710718901684,1.31968625115535,1.3190862849357607,2.0850883873082457,0.022228215277236035,0.7095139929724337,0.34284608881804296,-1.9491653600887382,-0.23566970596416406,0.6896042444820648,1.3802987687935389,-0.45773525202737925,-0.29613630921023953,-1.6505156941364203,0.22040338601893683,-0.11355727781549899,0.30900590594158395,1.9185118113762893,1.1775321484307097,-1.8160953643185138,2.684
-1.318091323605742,1.222659997363148,2.5416850987602615,0.5153440631206248,2.0850883873082457,0.2800417623561018,1.4637143575458411,0.2792537085672894,-2.417651679279393,-0.059133825312485074,1.662717293251735,0.9820672018558649,0.4997473859031969,-0.2489808459602012,-1.4016073850196615,0.6657079373607712,0.8941706895627726,-0.7754735076017809,0.646097549593832,0.7273754577700864,-0.8312511552189675,2.324
-1.3146272202585523,0.7475395337091248,1.348385853262264,0.6348938215141812,2.0850883873082457,1.0441073655171038,1.2357002938376014,-1.8828872199583282,-1.9151300292073656,1.3787793961245791,0.32084561547461005,-0.20458241679679953,0.7718377758187209,0.543820379931068,-0.4044086874889975,0.7185751443693905,0.9197908921232372,-0.5491473691231654,0.057685612175232895,0.6046054512262812,0.03581787011197298,2.614
-1.3111631169113624,0.5724951523629057,-0.08206273596128497,1.3908161399718935,2.0850883873082457,0.6691058424932992,1.2663944947214034,-1.0072690611210307,-1.078261305183034,0.5530470511409183,-1.3232032721836253,-0.6349943123759015,0.727063407857939,-1.1184096996327821,-0.4498070583341926,0.6209741468150155,0.08286427514806248,-0.4737053229636269,-0.13774362335729806,-0.27933859588912213,0.15156244726387838,2.738
-1.3076990135641726,0.7808813206322142,1.5674091324992383,0.2927975898033914,2.0850883873082457,0.19097890063794815,-0.4261714397282214,0.5727570020323054,-1.1903776892628488,0.5217261690898143,0.3720620917256443,-0.9648426809505404,0.9371585190585328,-1.2480872235703862,0.0542714041538353,-1.089076664502262,1.5645659898949278,-0.13893124313067534,-0.7452736381649488,-1.0118663016004983,1.0592436049288207,2.065
-1.3042349102169826,1.0642865094784735,0.05690375845114018,1.4588675409036096,2.0850883873082457,0.659730804417704,1.1918514354321705,-0.17078467474573503,-1.5027019020566186,0.9915393998563796,-0.40642834729009353,0.3022577593056945,1.6087740384702687,-1.6842752586332421,-0.6721025293692857,0.13906922139028918,0.3219861657123981,-0.7000314614422424,0.027946380681152058,0.09306375729375603,-0.5510274421143545,2.627
-1.3007708068697927,0.6225078327475397,0.6550638865741869,2.8511624194254814,2.0850883873082457,1.8128604877159036,3.371139698182076,-1.349689570163549,-1.8190302714246671,1.2478011620926879,-0.31936033766333166,1.9917250129806745,0.8131679616286723,0.21962657008705508,-2.54752488359493,1.3855152943242846,-1.6080690938425966,1.0870020069618243,3.084714532108458,1.1857168155336293,-2.904500510869765,2.698
-1.297306703522603,-0.9612270460992045,1.0659213483152699,0.7268551741246082,2.0850883873082457,1.7425477021489402,0.7709023947400366,-1.4866577737805566,-1.6528577735920846,1.7261564516004642,-0.19644079466084677,-0.6551070177767941,-0.9330323888418375,0.5025593495872851,-0.5139909619429167,-0.029699170214151145,0.9881114322844758,-0.12950098736073304,0.27435715591782184,-0.04607558345589094,-0.16318157832463637,2.621
-1.293842600175413,-1.2529676816762363,1.0402427569564516,1.0910221304619014,2.0850883873082457,0.017540696239438474,1.2093909787943429,-0.5034217406727531,-1.865078072028877,0.46477911081507906,0.14670959622108862,1.1791717147846126,-1.1706809572490666,-0.4935998115697754,-1.6395574666910286,-0.9060747940878076,0.48851748235541753,-0.28038507967981,0.9201233255035767,-0.7745109556158065,-0.8759245007863697,2.39
-1.2903784968282233,0.2724190700551016,1.177698745994829,0.55948551237363,2.0850883873082457,0.6737933615310967,1.1392328053456537,-1.4426322797608042,-1.3425356390854546,0.4562370520738688,-0.5856860141687157,0.1252659517778394,0.42053119643412157,0.22257378654018214,-0.35744485558017497,0.004867849753025818,0.18107505162984314,-1.6854931894012135,0.0109525341131061,-0.7499569543070452,-0.23628341652583978,2.519
-1.2869143934810334,-0.7611763245606683,0.6656374241925237,1.026649183634602,2.0850883873082457,0.6972309567200845,1.2093909787943429,-1.0464028335830327,-1.634839069007829,0.8890346949618565,-0.3142386900382287,-1.6647648289016035,0.45841720009324394,-1.0417820718514703,0.12158622988981416,1.2167469027198443,0.2066952541903077,-2.020267269234165,-0.10588016104221147,1.0302081405781425,0.15968487373067877,2.813
-1.2834502901338436,0.9809320421707503,1.0508162945747885,1.2142503429598743,2.0850883873082457,0.19097890063794815,0.6568953628859168,-0.15610951007248422,-1.5527538592351073,-0.4406791157532109,-0.27838715666250335,0.3585733344281938,0.45152883579158587,-0.9887321756951754,-1.0572059510216296,-0.056132773718460816,0.16399491658953344,-1.228125784559012,1.2005217938763384,-0.3857392682270875,-0.7419044640841634,2.34
-1.2799861867866535,1.197653657170831,-0.1953506390148919,0.6440899567752236,2.0850883873082457,-0.3574608267843662,-0.8076565078554682,-0.15121778851473397,-0.6277936905766357,-0.39227411621968605,-1.2515002054321744,-0.2971008616409056,-1.5839828153485962,-0.6380134177730161,-0.9601473650767302,-2.361956340940567,0.5013275836356498,-1.2469862960988964,0.38906562025213337,-1.4620229922611199,0.03581787011197298,1.916
-1.2765220834394637,-0.41108756186823014,1.8589366696905212,1.2068934347510394,2.0850883873082457,1.3769212172007306,2.0118250876137247,-1.9905050942288338,-2.4697057147450208,2.321253210571447,0.9815381591129659,0.09710816421658974,0.5204124788081742,-0.3344501231008954,-0.9100526110406528,-0.14966706304140218,2.0086495009429797,-1.6572024220913866,0.3720717736840872,-1.1878366443132866,-0.44949711127934977,2.498
-1.2730579800922739,0.08070379524733778,0.5115658760396179,1.1645912125502433,2.0850883873082457,1.4237964075787062,1.4154806132998679,-2.010071980459835,-1.6908972610477362,1.8343558623224605,-0.2732655090374004,-0.462025045928225,-1.5013224437286903,-0.05446456005379242,-0.8677851623227127,-1.3900130736282508,0.736179440439908,-0.7990491470266361,0.33595984972698906,-1.2901449830997922,-0.3987319458618474,2.339
-1.269593876745084,0.11404558217042714,1.4224006165906207,0.3148683144298931,2.0850883873082457,1.0066072132147232,1.8671238548758036,-1.5160081031270582,-1.2684587424612912,1.3958635136069997,1.1659174736166933,-0.6510844766966156,1.2092489089740552,-0.7765325910700054,-0.006781577327633882,0.3830717152762285,1.1247525126069535,-2.350326221182146,-0.7006647909238277,-0.09109125252195273,0.5434695242869968,2.37
-1.2661297733978942,0.46413434486286526,0.3152001774133647,2.113632371489854,2.0850883873082457,-0.30589811736859307,0.6305860478426584,-0.8800843006195236,-1.5787808769679215,1.9653340963543517,-0.6727540237954752,0.13331103393819643,0.8372772366844802,-0.941576712445137,-1.415696534592308,0.5559068151120988,0.9368710271635469,-0.9593634951156554,0.7501848598231148,0.35906543813866887,-0.46371135759625043,2.574
-1.2626656700507044,0.5224824719782717,-0.6243341652445515,1.433118362172691,2.0850883873082457,-0.019959456062941996,0.8410605681887259,-0.9534601239857776,-0.6878560391908219,0.8320876366871212,-0.5908076617938186,-0.7476254626209002,-0.36129815180415564,-1.3571342323360995,-0.3871886157890959,-0.05206606548702717,0.26220569307131425,0.011952849188401653,0.22974830867670057,-0.8318036253362493,0.03378726349527288,2.54
-1.2592015667035146,-0.23604318052201104,1.3816169714913225,0.2155500536106327,2.0850883873082457,1.7472352211867377,0.9024489699563288,-1.17847931564229,-1.2984899167683845,0.2056699956650336,-0.9134714621753421,-0.7717607091019714,-1.6253130011585493,1.5606100562600194,-0.5860021708697777,-0.5197375121017411,0.21096528795038513,-0.10121022005090609,0.869141785799438,-0.7826956227187268,-0.4941704568467518,2.516
-1.2557374633563245,1.7061159077479435,0.8876817141775939,0.16589092320100166,2.0850883873082457,-0.9715258207358465,-0.018377056557716244,0.42600535529979744,-0.9341116685089867,-1.0357758747241939,0.9661732162376547,-0.6832648053380439,0.6340704897855444,-1.587017115680037,0.07618785904461914,-1.0280760410307772,1.3596043694112117,-0.539717113353223,-0.8132490244371336,-0.6762949503807616,0.5231634581199958,2.143
-1.2522733600091347,1.3310208048631886,0.5432864888946278,1.3098901496747182,2.0850883873082457,-0.3996484981245443,0.8761396549130704,-0.9583518455435279,-1.1943818458371278,0.1287914669941413,-0.4013066996649883,-0.25687545083912033,-0.47840034493235495,-0.8678963011169537,-1.043116801448983,-0.7535732354090982,0.4970575498755724,0.1534066857375358,0.4315502366722486,-0.8481729595420902,-0.3987319458618474,2.427
-1.2488092566619449,-0.6611509637914003,0.9601859721319026,1.8616582653372822,2.0850883873082457,0.9034817943831771,1.7706563663838562,-1.0512945551407828,-1.9231383423559238,0.9773026352876958,-0.3449685757888511,1.3843213098737175,-0.08576357973780259,-0.7028521797418196,-2.1091957857792534,0.16753617901031387,-0.07512697397480216,-0.4124086604590024,1.5340260327742445,0.4859277782339357,-1.6333407688155055,2.595
-1.245345153314755,2.9647683640945663,2.6051263244702816,-0.33437883499972376,2.0850883873082457,-0.6199618929010294,1.2269305221565152,-0.004466141782225979,-1.4546520231652693,0.08608117328808985,1.9187996745069118,-0.09195126655180086,-2.048947405710566,0.5968702760873604,-1.1026043218668249,-0.8572742953106218,0.625158562677895,-0.6623104383624732,0.44004715995627175,0.04804808822769423,-0.19973249742523805,2.478
-1.2418810499675652,-1.5113665303301789,3.651906548685614,-0.46496395570653015,2.0850883873082457,0.6644183234555016,1.5294876451539867,-1.4181736719720528,-2.325556078070973,0.7181935201376507,3.8803907149215653,-1.2102176868414303,-1.4875457151253726,0.12531564358697841,-0.8333450189229096,-2.327389320973394,1.0308117698852501,-0.6953163335572717,0.023697919039140508,-1.6216240007680685,-0.22206917020893913,2.109
-1.2384169466203754,-1.9281388668687955,-0.16211952078583408,1.3448354636666808,2.0850883873082457,-1.1215264299453682,-0.7287285627256929,1.0276871069030802,-0.749920466092148,-0.3524111754273714,-1.1029724243041725,1.3642086044728248,-1.5013224437286903,-1.9731024710397262,-1.9166440749530813,-1.0809432480393966,-0.43807984358138286,1.756550166627728,1.3577148746307657,-0.005152247941288889,-1.0038527176384757,2.335
-1.2349528432731856,0.09737468870888245,0.21701732810023838,1.530597395939744,2.0850883873082457,0.5800429807751455,0.09124508945586104,-0.49853001911500283,-0.9120888073504516,0.8206982250321742,-2.255343139952468,1.151013927223363,0.03133861339039822,-0.817793621413787,-1.7569670464630847,-0.5726047191103605,-0.06658690645464731,-0.06348919697113685,1.183527947308292,0.015309419816012589,-0.8657714677028693,2.313
-1.2314887399259955,-1.0029042797530663,0.8091354347270934,0.19531855603633844,2.0850883873082457,-1.421527648364412,0.21840677883160964,1.6685026309683653,-0.6678352563194266,-0.7111776425582033,0.2747507868486765,1.006202448336936,-0.9433649352943262,-0.7912686733356421,-1.0149385023036896,-1.5282811534969476,0.28355586187170134,-0.5208566018133385,0.3572021579370468,-0.8768192944023121,-0.18348764449163732,2.093
-1.2280246365788057,0.530817918709044,1.9178463792783973,1.0340060918434353,2.0850883873082457,1.4800466360322768,1.2970886956052043,-1.7214604085525695,-2.0913129184756456,2.0194338017153504,0.054519938969226064,-0.9407074344694693,0.24832208889265012,-0.20182538271016287,-0.8223867914775175,-0.6112384473089675,1.2699336604495857,-1.0866719480098772,-0.15686170074635003,-0.4880476070135921,0.26324581118238366,2.295
-1.2245605332316158,0.6975268533244908,-0.5412563696719065,1.8156775890320693,2.0850883873082457,0.13472867218437745,1.6215702478053917,-0.3028611568049922,-0.9761553125389171,0.79791940172228,-0.8520116906740997,0.6200385046397978,1.4710067524370922,-1.5663866005081462,-0.7503755825506564,-0.08053302310705547,-0.16906771669650553,0.08739489534794015,0.7799240913171955,-0.15247625579385626,-0.9855772580881749,2.358
-1.221096429884426,-0.3444039880220514,0.8574716066966319,1.166430439602451,2.0850883873082457,1.8034854496403085,0.6875895637697178,-1.618734255839814,-1.3485418739468733,1.5296891005526272,-0.07352125165836183,-0.5706336550930452,0.43086374288660867,-1.0358876389452136,-0.7926430312685967,0.0008011415215921718,1.393764639491831,-1.6006208874717327,-0.4946144012862679,-0.7008489516895228,0.7038874470063043,2.439
-1.2176323265372362,-1.102929640522334,0.45869818794793427,1.745786961048144,2.0850883873082457,0.03160325335283115,1.064689746056422,-0.5132051837882536,-1.5467476243736886,-0.14455441272458797,-1.01078276705231,0.2620323485039092,-1.0398020355175497,-1.156723513523438,-1.490838665646424,-0.07239960664418818,0.26220569307131425,0.5023261492254013,1.5361502635952502,0.7028214564613261,-1.3713925152611932,2.622
-1.2141682231900464,1.8394830554403012,1.0523267999488366,1.2767840627349647,2.0850883873082457,1.2222330889534112,1.240085179678145,0.7048334840915627,-1.4886873540466417,0.29963264181834676,0.19792607247212515,0.3666184165885508,-1.470324804371226,-1.3866063968673754,-1.863418398789749,-1.2171779737923785,0.7788797780406822,0.219418476127132,0.7926694762432303,-0.6681102832778412,-0.8271899419855674,2.214
-1.2107041198428565,0.3307671971705079,0.4738032416884149,0.897903289980003,2.0850883873082457,1.5878595739016208,0.9638373717239309,-1.897562384631579,-1.4406374751552924,1.6976829224630965,-0.7905519191728573,-0.5263857032110815,0.41364283213246195,0.5172954318529217,-0.39031953791635077,0.9890112417596395,0.24939559179108195,-0.29924559121969463,0.16814561486753313,0.2485724322492429,-0.3114158613437433,2.897
-1.2072400164956665,-1.3696639359070488,0.43301959658911676,1.7071631929517648,2.0850883873082457,-0.28714804121740284,0.6393558195237445,0.5727570020323054,-1.2144026287085234,0.3594270530068188,-0.8110385096732714,1.3682311455530032,0.8613865117402849,-1.2333511413047495,-1.340554403538192,1.4261823766386101,-0.6772017341457187,1.1388684136965068,1.4193175684399328,1.1407011464675685,-1.202852166075085,2.74
-1.2037759131484767,1.0892928496707905,1.2048878427276943,1.2436779757952094,2.0850883873082457,-0.6246494119388271,0.5253487876696247,-0.019141306455476723,-1.7349429833648065,0.5473523453134452,-1.164432195805415,0.8010528532478314,-1.115574042835796,-0.9798905263357954,-1.9448223740983748,-1.501847549992638,1.2016131202883469,0.2382789876670166,0.21700292375066593,-1.531592662635944,-0.043375787939330744,2.145
-1.2003118098012868,-1.9948224407149744,1.7139281537819038,-0.3913948736181882,2.0850883873082457,-1.1824641774367366,0.3806475549317028,2.221267166994145,-1.3165086213526405,-1.8615082197078545,1.4988245692484217,0.2539872663435522,0.3998661035291443,-1.8198472154771004,-0.19150598283566903,0.28343736360613486,0.7874198455608371,-0.011622790236454128,0.16602138404652736,0.10534075794813709,0.04800150981217351,2.416
-1.196847706454097,0.48080523832440997,0.5689650802534454,0.829851889048287,2.0850883873082457,0.8144189326650235,0.8498303398698119,-1.6089508127243133,-1.088271696618732,0.8292402837733844,0.9559299209874466,-0.4378897994471539,0.0210060669379096,-0.738218777179347,-0.692453523196442,0.6209741468150155,0.8343902169216888,-0.20965816140524215,-0.052774390517067116,0.6455287867408823,0.12516456124677713,2.73
-1.1933836031069072,1.8061412685172118,-0.6273551759926487,2.4575678302528514,2.0850883873082457,0.7628562232492503,1.0778444035780508,-1.3986067857410518,-1.1743610629657326,1.3616952786421586,-0.11449443265919014,0.44706923819212135,0.7305075900087664,-1.704905773805133,-1.199662907811725,0.16550282489459886,0.3347962669926303,0.5023261492254013,0.9796017884917378,-0.13201458803655478,-1.0241587838054769,2.804
-1.1899194997597173,-0.3444039880220514,2.034155293080101,1.0579160435221462,2.0850883873082457,0.500355157132587,0.29733472396138494,0.09336828937277943,-2.079300448752809,-0.7994455828840428,0.5564414062293717,-0.12010905411305053,0.868274876041943,-1.8375305141958653,-0.9992838916674154,1.0622119899254199,0.7020191703592886,-0.2520943123699831,0.49527716130242183,1.439441495724163,-0.4819868171465512,2.671
-1.1864553964125275,-0.21937228706046635,1.0659213483152699,0.8905463817711697,2.0850883873082457,-0.2590229269906175,1.5777213893999609,-0.2881859921317414,-1.7509596096619229,0.7495144021887551,-0.04791301353284471,1.681989349806928,-1.55987354029279,0.8680141897750809,-1.811758183690044,-0.4323032851259467,-0.04096670389418275,0.30900590594158395,1.4533052615760251,-0.934111964122754,-1.1317809344905816,2.435
-1.1829912930653375,0.8225585542860758,0.9601859721319026,0.5833954640523409,2.0850883873082457,-0.09495976066770294,0.28856495228029877,-0.28329427057399115,-1.05223428745022,0.031981467927091355,0.8791052066108952,0.7246245727244394,-0.07543103328531398,-0.6704327987574179,-0.8020357976503613,-0.10899998072708016,1.1802629514879601,0.01666797707337281,0.18301523061457356,0.12171009215397792,-0.45355832451274997,2.563
-1.1795271897181476,2.0478692237096094,0.6157907468489366,0.3902766235704443,2.0850883873082457,0.2191040148647335,0.28856495228029877,-0.6354982227320103,-1.0462280525888012,-0.20719617682679645,-0.3756984615394712,-0.6108590658948304,0.13466407791527987,-0.9386294959920112,-0.12106023497243525,-0.914208210550673,-0.12209734533565383,-1.2658468076387812,-0.5668382492004639,-0.823618958233329,0.5556531639871973,2.31
-1.1760630863709578,0.1974000494781505,1.559856605628998,1.052398362365522,2.0850883873082457,0.4909801190569919,1.2006212071132567,-0.9730270102167787,-1.4866852757595022,0.8406296954283314,-0.4934963569168531,1.7745077946510341,-0.5886141737588961,0.7147589342124563,-2.0497082653614114,-0.7942403177234202,-0.09647714277518928,0.17226719727742043,1.4979141088171462,-0.01742924859566905,-1.479014665946298,2.364
-1.172598983023768,0.7642104271706694,0.188317725993325,1.6611825166465504,2.0850883873082457,1.7425477021489402,1.1699270062294558,-1.9953968157865842,-1.4926915106209206,1.691988216635623,-1.1388239576798977,-0.8441664485451847,1.3435720128564044,-1.4720756740080696,0.033920410326678876,1.3814485860928545,0.2408555242709271,-0.6764558220173871,0.3147175415169313,1.3657794917978783,-0.37030345322804603,2.994
-1.1691348796765781,0.43912800467054836,2.0054556909731867,-0.2994335210077611,2.0850883873082457,0.34566702888526757,-0.8997391105068722,0.25479510077853806,-1.1002841663415692,-0.5915888201812594,1.1812824164920022,0.7045118673235469,-2.6172374605974187,0.4612983192435009,-1.708437753490635,-3.065496864978353,0.4586272460348756,0.27128488286181474,0.03644330396517515,-2.8656934004119696,-0.12053883937393436,1.811
-1.1656707763293883,0.8892421281322546,1.2109298642238868,0.8776717924057088,2.0850883873082457,0.43004237156562364,0.9287582849995863,-0.4838548544417521,-1.5167164500665953,0.6925673439140198,0.9047134447364124,-0.34134881352286933,0.8303888723828221,-0.694010530382437,-0.3261356343076268,0.6128407303521518,0.10848447770852702,-0.1625068825555311,0.2531148477077641,0.03577108757331316,0.3322864361501868,2.623
-1.1622066729821983,1.0476156160169288,0.24722743558120036,0.22290696181946607,2.0850883873082457,0.06910340565521161,0.2622556372370404,0.3183874810292916,-0.6398061602994729,-0.9503552873120912,-0.7137272047963036,0.2821450539048019,-0.8021534671103191,-0.3108723914758762,-0.8771779287044772,-2.0020526624588104,-0.42526974230115083,-1.2611316797538095,0.32746292644296593,-1.2614986482395705,-0.6708332324996601,2.238
-1.1587425696350084,-0.07766969263733664,0.5432864888946278,1.512205125417659,2.0850883873082457,0.500355157132587,2.0118250876137247,-1.198046201873291,-1.1823693761142908,1.108280869319587,-1.6817186059408717,1.6578541033258567,-1.194790232304873,0.7854921290875138,-2.289223808096406,-1.851584457895816,-2.957399762027062,1.308613017555468,1.922760273018301,-2.0144880217082473,-2.520715860313447,2.247
-1.1552784662878186,-0.2610495207143281,1.4737577993082565,0.971472372068345,2.0850883873082457,1.2550457222179943,2.5730904752032373,-0.6893071598672632,-1.9872048475443893,1.475589395191629,0.4540084537273009,-0.32928119028233377,-0.5610607165522609,-0.3079251750227478,-0.7394173551052644,-0.09273314780134918,0.18961511914999798,0.040243616498228586,0.7841725529592071,-0.4839552734621324,-0.5022928833135523,2.412
-1.1518143629406288,-0.5611256030221321,-0.4264579612442516,1.554507347618455,2.0850883873082457,-2.5887198887760046,0.29733472396138494,2.3044264334758995,-0.46162119274405305,-0.6456885255422576,0.10573641522026031,1.4728172136376447,-1.5736502688961076,-2.0261523671960187,-2.126415857479155,-1.3961131359753993,-0.9205936584701317,1.9687309214514292,1.2345094870124307,0.39180410655035053,-1.4932289122631988,2.25
-1.148350259593439,1.1142991898631076,-0.7074119608171978,1.528758168887535,2.0850883873082457,-0.18402262238585657,0.27541029475867007,0.22055304987428634,-1.2724628990355704,-0.5061682327691565,-0.5191045950423703,0.483272107913728,-0.10987285479360887,-2.8837923550560913,-1.1057352439940797,-0.41196974396878566,0.8002299468410694,0.5730530674999686,0.6121098564577396,-0.4266626037416895,-1.0830463756897795,2.396
-1.1448861562462491,2.12288824428656,0.855961101322584,0.19715778308854598,2.0850883873082457,0.008165658163843358,1.7487319371811403,-0.024033028013226994,-1.314506543065501,-0.1787226476894288,1.2171339498677276,-0.8964594825875056,-1.2154553252098486,-0.6203301190542512,-0.27760634133517686,-1.613682026357027,1.3425242343709018,-1.3648644932231748,-0.7792613313010412,-1.1305439745928438,0.5861122632376987,2.085
-1.1414220528990593,-0.8695371320607087,1.2033773373536465,0.4399357539800753,2.0850883873082457,1.2737957983691843,-0.0885352300064054,-0.6648485520785119,-0.9881677822617544,0.5302682278310246,-0.1913191470357438,-0.6872873464182224,-0.9399207531434955,-0.7853742404293853,-0.9163144552951625,-1.324945741925334,1.3297141330906697,-0.8367701701064054,-0.3671605520259214,-1.4783923264669607,0.6673365279057026,2.387
-1.1379579495518692,0.13905192236274416,0.6837634886811009,0.9972215507992651,2.0850883873082457,-0.13245991297008342,0.8717547690725268,0.2254447714320366,-1.2624525075998727,-0.007881472865223333,0.4693733966026121,0.5637229295172985,0.07611298135118022,-0.676327231663672,-1.121389854630354,0.5193064410292069,-1.1511754815143125,1.303897889670497,1.2260125637284076,0.38771177299889076,-1.2292500520921863,2.429
-1.1344938462046794,-0.05266335244501961,1.1807197567429255,1.4956520819477814,2.0850883873082457,1.1706703795376379,1.7531168230216838,-0.15610951007248422,-1.9271424989302028,1.4812841010191025,-0.12473772790939835,0.1252659517778394,0.6478472183888605,-1.1773540286953286,-1.1918356024935877,-0.49737061682886335,0.9197908921232372,-0.8744911931861746,0.36569908122106987,-0.7990649569245677,-0.6200680670821578,2.294
-1.1310297428574896,1.3393562515939608,-0.008047972632928266,1.3393177825100548,2.0850883873082457,1.4284839266165037,0.7138988788129763,-0.9485684024280273,-0.7899620318349391,1.8144243919263034,0.003303462718189539,0.41891145063087165,-1.284338968226437,0.4229845053528451,-1.6583429994545575,-2.6852596453394337,-0.9974542661515251,-0.22380354506015615,1.0029683275228016,-2.2150123657297978,-1.241433691792387,1.903
-1.1275656395102998,0.8892421281322546,0.3152001774133647,3.334879134156329,2.0850883873082457,2.6566139145194643,3.8754015698445285,-1.8633203337273272,-2.4957327324778347,1.6321938054471508,-1.5792856534388011,0.8533458872901523,-0.09265194403946066,-0.8266352707731696,-2.827742413984237,-0.3489357663815858,-1.4287276759193446,0.2760000107467859,2.7745768322416153,-0.737679953652665,-2.654735897015653,2.261
-1.12410153616311,2.4979833471713158,-0.2180082196256136,1.1057359468795698,2.0850883873082457,1.864423197131677,1.1129234903023952,-1.7605941810145715,-1.260450429312733,2.3013217401752897,0.6998475397322708,-1.6728099110619605,0.6168495790313977,-1.8375305141958653,0.23743034859824294,-0.05206606548702717,0.7959599130809919,-1.6477721663214442,-0.9088394113823933,-1.44974599160674,0.8561829432588115,2.53
-1.12063743281592,-0.5527901562913597,0.09013487668019803,1.3558708259799324,2.0850883873082457,-1.4918404339313753,-0.3253190653957303,1.370107615945599,-0.9821615474003357,0.26546440685350564,0.40791362510136964,0.8292106408090811,0.44808465364075684,-1.8286888648364827,-1.3123761043928985,-0.39773626515877153,0.8301201831616114,0.15812181362250696,0.35082946547402943,-0.9832199667402765,0.04597090319547341,2.521
-1.1171733294687303,-0.4944420291759535,2.333235357141624,0.5374147877471283,2.0850883873082457,-2.2137183657521993,1.1129234903023952,2.4169360293041557,-1.8210323497118068,-1.212311755375873,1.4322431501220763,2.281347970753528,-0.26830523373176113,-0.8413713530388062,-1.7961035730537702,2.178523399453582,-0.6515815315852541,0.9738389377225164,1.8399152709990756,2.9781589110731983,-1.5602389306143019,2.982
-1.1137092261215402,-0.3527394347528237,0.3650468547569525,1.5342758500441607,2.0850883873082457,-0.9246506303578708,0.29733472396138494,0.2792537085672894,-1.110294557777267,-0.22143294139548025,-0.21692738516126092,0.921729085653187,0.5479659360148095,-2.258982466993082,-1.2810668831203502,-0.11103333484279518,-1.117015211433693,0.43631435883580516,0.726818320792051,0.10124842439667643,-0.8515572213859686,2.489
-1.1102451227743504,-0.9195498124453427,0.6505323704520424,1.013774594269141,2.0850883873082457,0.3550420669608627,1.240085179678145,0.34284608881804296,-1.0442259743016618,0.5160314632623408,-1.0773641861786554,-0.26089799191929886,0.27587554609928544,-1.083043102195252,-0.5124255008792893,0.5945405433107058,-0.2758185606984409,0.35144205690632435,0.5632525475746066,0.3222344361755275,-0.42512983187894865,2.838
-1.1067810194271606,3.2398381062100534,0.07956133906186183,0.9604370097550934,2.0850883873082457,1.1003575939706747,0.8761396549130704,-0.9290015161970263,-0.7699412489635435,0.06330234997819575,-1.0619992433033443,-0.27698815624001294,-1.6218688190077186,0.075212963883813,-1.126086237821236,-1.2293780984866758,0.6208885289178177,-0.5491473691231654,0.5632525475746066,-0.8850039615052324,0.12922577448017733,2.409
-1.1033169160799707,-1.69474635840717,1.6882495624230862,0.9751508261727617,2.0850883873082457,1.030044808403711,3.3448303831388175,-0.99748561800553,-1.9711882212472729,0.5558944040546552,-0.887863224049825,0.7246245727244394,-1.8044104730016788,1.3926187184317567,-1.8399364828353375,0.5599735233435325,-0.7882226119077315,0.7286522877040164,2.428327208417675,0.6782674551525639,-2.1328699965237288,2.775
-1.099852812732781,1.889495735824935,0.8786186819333056,1.609684159184712,2.0850883873082457,1.5503594215992405,2.274918238046309,-1.5649253187045609,-1.7789887056818765,2.312711151830237,-1.7073268440663911,-0.5464984086119741,0.7856145044220371,0.39351234082157044,-0.9507545986949657,-0.9101415023192412,0.9283309596433921,-1.9353949673046842,0.09379753613233105,-2.390982708442586,-0.19567128419183788,2.265
-1.096388709385591,-0.33606854129127905,0.9571649613838068,0.5999485075222185,2.0850883873082457,1.4800466360322768,1.7662714805433126,-1.4328488366453036,-1.0982820880544297,1.4271843956581043,-1.1388239576798977,-1.029203338233397,-2.283151791966966,0.19899605491516298,-0.8552614738136934,-1.83328427085437,0.9027107570829275,0.8371002290583529,0.2212513853926775,-1.7075630053487323,-0.09617155997353323,2.332
-1.0929246060384012,0.22240638967046752,0.8197089723454295,0.5024694737551656,2.0850883873082457,2.1269242632483403,1.4768690150674697,-0.8751925790617733,-1.0582405223116387,0.168654407786456,-0.9646879384263787,-0.17240208815537134,-0.9158114780876908,0.31099028013400337,-0.5750439434243858,-0.5543045320689163,0.6892090690790563,-0.5727230085480217,0.5717494708586297,-0.7335876201012044,-0.33578314074414445,2.588
-1.0894605026912112,0.7058623000552632,1.934461938392926,0.10887488458253561,2.0850883873082457,0.8706691611185942,1.2970886956052043,-0.8751925790617733,-1.2344234115799189,0.9004241066168035,1.4322431501220763,-0.31319102596161963,-1.1672367750982375,1.3837770690723756,-1.0102421191128075,-2.815394308745267,1.3596043694112117,-1.4827426903474532,-0.3268001664268117,-2.8165853977944475,0.2693376310324839,1.699
-1.0859963993440214,-1.2613031284070086,1.2456714878269932,1.6115233862369194,2.0850883873082457,1.1659828604998403,1.4812539009080135,-1.7312438516680702,-2.033252648148599,1.475589395191629,-0.9646879384263787,0.5436102241164059,-0.003103208117896674,-1.5044950549924712,-1.3295961760928003,-0.12933352188424116,0.07859424138798506,-0.5444322412381948,0.5568798551115896,-0.4594012721533712,-0.7947002361183659,2.453
-1.0825322959968315,-0.36107488148359607,0.2562904678254893,0.19899701014075513,-0.47959597592452885,0.9925446561013308,0.37626266909116024,-0.6990906029827637,-0.5777417333981468,0.3736638175755026,0.6127795301055112,-0.4177770940462613,0.03133861339039822,-0.3698167205384228,0.1168898466989319,0.9585109300238962,-0.015346501333718194,0.16283694150747813,0.1065429210583657,0.6005131176748214,-0.3743646664614462,2.745
-1.0790681926496417,0.7892167673629865,-2.4973608290641933,2.159613047795067,-0.47959597592452885,0.15816626737336523,-0.7199587910446068,-0.5425555131347553,0.7496361709753743,0.6071467565019169,-1.7022051964412859,1.4486819671565736,-0.04443339392784963,-1.6105948473050562,-1.456398522246621,-1.268011826685283,-2.193063718973203,1.016275088687257,1.3895783369458519,-0.7581416214099657,-0.7439350707008635,2.289
-1.0756040893024519,-0.31939764782973445,-1.7874233032615876,-0.45392859339327846,-0.47959597592452885,0.13004115314657988,-1.2461450919097754,0.5385149511280536,1.7506753145451488,-0.6969408779895194,-1.0773641861786554,-0.44593488160751094,-1.4255504364104425,0.7766504797281326,0.38458368857922004,-0.4790704297874173,-1.4885081485604286,0.931402786757776,0.16602138404652736,-0.11973758738217462,-0.1449061187743355,2.445
-1.072139985955262,0.18072915601660583,1.0855579181778952,-0.03274559843752249,-0.47959597592452885,-1.3840274960620313,-0.08415034416586183,1.0863877655960834,-0.523685619645379,-0.49477882111420934,0.008425110343294783,-0.015522986028408927,0.727063407857939,-0.694010530382437,-0.05531087030008382,0.03333480737305051,-0.5960710927042476,-1.350719109568262,-0.3437940129948579,0.23220309804340208,0.08049121567937506,2.431
-1.0686758826080722,-0.752840877829896,-0.039768585487938185,-1.956577095047663,-0.47959597592452885,-0.18871014142365414,-0.491944727336367,0.5580818373590546,1.0359333660363297,-0.5517258793889447,1.3246885499949013,-0.6631520999371512,-0.16497976920687948,0.6263424406186351,1.4318771401459611,1.2736808179598973,-0.062316872694569876,-0.10121022005090609,-0.7580190230909835,0.7805757939390704,0.5840816566209986,2.761
-1.0652117792608822,0.5141470252474993,-0.39020583226709726,-1.237439317634121,-0.47959597592452885,0.2097289767891384,-1.5618568724288755,0.2743619870095392,1.0679666186305625,-0.40081617496089633,1.4424864453722832,-1.4555926927323204,0.10711062070864455,0.6705506874155464,1.5727686358724289,-1.150077287973745,0.9368710271635469,-0.8226247864514924,-1.5482328885051309,-0.9463889647771351,1.570956472337245,2.259
-1.0617476759136923,-0.2860558609066451,-0.5699559717788206,0.8776717924057088,-0.47959597592452885,1.9534860588498302,0.9945315726077328,-1.9905050942288338,-0.6598269431708684,1.8884555676834593,-0.07864289928346707,-1.6124717948592826,1.0439281657342434,-0.9622072276170304,0.5270406453693148,-0.798307025954852,1.7951478129391085,-0.8320550422214348,-0.3607878595629041,-0.7867879562701875,0.3932046346511897,2.243
-1.0582835725665025,-0.5194483693682705,0.5599020480091571,0.664321454349518,-0.47959597592452885,0.6222306521153236,1.5689516177188747,0.07869312469952862,-0.6297957688637752,-0.17302794186195528,-1.133702310054795,1.4848848368781804,0.282763910400945,0.60865914189987,-1.0180694244309445,1.8267531374346888,-0.42526974230115083,1.0398507281121125,1.8292941168940469,2.01236819292859,-1.73284049303381,2.919
-1.0548194692193127,-1.3363221489839596,0.05690375845114018,0.2302638700283011,-0.47959597592452885,-0.35277330774656873,-0.6015668733499443,-0.31264459992049276,-0.2994528514857495,1.1452964571981645,0.14158794859598564,0.26605488958408774,2.552479947797527,-0.5112831102885378,0.44720213112431667,2.345258436942307,0.5781881913170435,-0.4642750671936846,-0.6454347895776775,1.3371331569376566,0.5759592301541984,2.987
-1.0513553658721229,-0.6694864105221726,-0.3569747140380387,-1.1178895592405647,-0.47959597592452885,-0.9527757445846562,-0.706804133522978,0.5923238882633065,0.9538481562636082,-1.548299399196811,0.6486310634812366,0.483272107913728,-0.19253322641351478,1.027163878243961,0.3172688628432412,0.41763873524340184,-0.7497923080670347,0.4268841030658629,0.1808909997935678,1.0424851412325236,-0.2606506959262409,2.501
-1.047891262524933,2.4979833471713158,-0.37056926240447213,0.879511019457918,-0.47959597592452885,0.36441710503645786,0.8279059106670962,-0.7088740460982642,-0.24539673773298176,0.9488291061503281,-0.4269149377905077,-1.1337894063180385,2.979558534500373,-0.7588492923512404,0.9309295997851881,2.296457938165118,0.9411410609236243,-2.006121885579251,-1.117014031840959,1.288025154320134,0.9698969137940167,3.007
-1.0444271591777432,1.0476156160169288,-1.4400070672305245,1.5434719853052032,-0.47959597592452885,-1.009025973038227,0.056166002731516465,0.4113301906265466,0.4493244279044418,0.6470096972942315,-0.23741397566167508,0.8613909694505093,1.2092489089740552,-0.6645383658511638,-0.8082976419048709,1.0378117405368252,-1.9325916596084804,0.370302568446209,1.1665341007402459,0.9115304675857969,-1.2048827726917852,2.72
-1.0409630558305532,-0.852866238599164,0.2819690591843068,-0.3086296562688037,-0.47959597592452885,-2.434031760528685,-1.0225159140420783,1.448375160869603,-0.041184752444747674,-2.1120752761166894,0.4796166918528181,0.3103028414660515,-0.08920776188863162,-2.1263577266023495,-0.10384016327253366,-0.38146943223304236,0.0017336337065915078,0.9974145771473722,-0.19722208634545974,0.3754347723445097,0.3343170427668869,2.383
-1.0374989524833633,1.6144259937094478,-1.2058787342530704,-0.010674873811019081,-0.47959597592452885,0.6784808805688943,-0.522638928220169,-0.723549210771515,0.887779572788003,-0.07337058988116889,0.023790053218603693,-1.121721783077503,0.5582984824672981,0.010374201915009639,1.1344395380567522,1.015444845263949,0.1725349841096883,-1.2564165518688388,-0.26944593425965585,1.1325164793646472,0.2896436971994849,2.515
-1.0340348491361735,1.2393308908246927,-0.03221605861769786,-0.7187772889113095,-0.47959597592452885,0.30816687658288716,0.10878463281803333,0.39665502595329594,0.333203887250348,-0.41790029244331695,-0.5037396521670591,0.08906308205623269,-0.5679490808539205,1.3572521209942279,0.09184246968089331,-0.5136374497545925,-0.6174212615046347,0.4457446146057475,0.03007061150215783,-1.114174640387003,-0.019008508538929606,2.434
-1.0305707457889837,0.06403290178579311,-1.8342489698570783,0.4197042564057811,-0.47959597592452885,1.6816099546575718,-0.1981573760199817,-1.6529763067440657,0.5013784633700702,0.47332116955628933,-1.5792856534388011,-0.7637156269416143,-0.003103208117896674,0.43477337116535464,0.6319265366323518,0.3383379247304728,-1.0743148738329187,0.09682515111788247,0.773551398854178,0.6987291229098663,-0.8292205486022675,2.467
-1.0271066424417938,-0.45276479552209176,-1.4596436370931496,1.3135686037791348,-0.47959597592452885,0.4675425238680041,-0.5445633574228839,-0.6990906029827637,-0.14529282337600422,-0.14170705981085122,-1.697083548816183,0.5556778473569415,-0.9950276675567662,-0.614435686147997,-1.0024148137946702,-0.6559722378547231,-0.032426636374027894,0.5023261492254013,1.0518256364059342,0.24448009869778314,-0.9855772580881749,2.48
-1.023642539094604,1.6811095675556267,0.19284924211546878,-0.26632743406800763,-0.47959597592452885,-0.06683464644091758,0.8849094265941565,-0.4153707526332483,-0.6177832991409379,-0.2869220584114258,0.715212482607582,-0.18849225247608542,-1.3773318862988315,0.9475890340095209,-0.3605757777074298,-1.756016814457156,-0.6046111602244024,-0.7990491470266361,0.21487869292966016,-1.126451641041384,-0.1895794643417376,2.036
-1.0201784357474142,-0.111011479560426,-0.7285590360538702,-0.33805728910414046,-0.47959597592452885,-0.7371498688459686,-0.9742821697961049,0.28903715168279,0.7356216229653975,-0.7795141124878855,-0.4934963569168531,-1.1699922760396453,-1.4944340794270308,-0.870843517570082,0.2515194981708897,-2.424990318527769,0.3945767396337143,0.3042907780566128,-0.6581801745037122,-1.351529986371695,0.7749586785908076,2.025
-1.0167143324002241,-0.9112143657145704,1.3045811974148693,-1.1307641486060247,-0.47959597592452885,-2.1996558086388065,-1.0882892016502248,1.2037890829820896,-0.14329074508886466,-0.8051402887115162,1.24786383561835,1.126878680742292,-1.0914647677799898,1.0006389301658134,-0.9758019757130043,-0.875574482352066,0.48851748235541753,1.6009509464236797,0.09167330531132528,0.0685097559849948,-0.1489673320077357,2.347
-1.0132502290530343,0.2724190700551016,2.0114977124693794,-1.5556255976661988,-0.47959597592452885,-1.7684040571614315,-0.4831749556552809,1.7223115681036179,-0.28944246005005175,-1.6451093982638607,3.306766180909969,-0.3333037313625123,1.1644745410132733,-1.1596707299765663,1.0295536467937154,1.416015606060028,0.5482979549965015,-0.12478585947576187,-1.2019832646811899,1.5949501706796498,0.9414684211602153,2.845
-1.0097861257058445,1.37269803851705,0.24269591945905658,-1.0755873370397677,-0.47959597592452885,-0.8590253638287051,-1.2856090644746625,1.2918400710215947,0.5994802994399081,-1.9355393954650102,0.2337776058478482,-0.38559676540483306,-0.06854266898365591,0.3994067737278259,0.6115755428051953,-0.6234385720032648,-0.3697593034201443,-0.27566995179483833,-0.29281247329071936,0.5432204479543776,0.3261946163000866,2.365
-1.0063220223586546,0.555824258901361,-0.35093269254184567,-0.297594293955552,-0.47959597592452885,-1.2059017726257244,-1.5750115299505052,1.3652158943878487,0.23309997289337056,-1.3746108714588685,1.104457702115451,-0.4177770940462613,-0.20975413716766148,-1.5840698992269113,0.18107375030765596,-0.017499045519853818,-0.09220710901511185,-0.049343813316223374,-0.19509785552445397,0.6168824518806623,0.3647761420173884,2.446
-1.0028579190114648,1.5727487600555863,-0.23613428411419077,0.5797170099479242,-0.47959597592452885,-0.8590253638287051,-0.3340888370768164,0.2792537085672894,-0.03117436100904992,-0.13885970689711444,0.36694044410054133,0.9257516267333655,0.7752819579695515,-0.35508063827278613,-0.41536691493438943,0.3973051940862408,-0.21603808805735697,-0.5350019854682524,0.4145563901042027,0.11761775860251725,-0.36421163337794576,2.404
-0.9993938156642749,0.1723937092858335,-0.11680435956439142,-0.03458482548973002,-0.47959597592452885,0.3878547002254456,-1.0444403432447942,-0.4936382975572525,0.09095241450646258,0.5758258744508125,0.028911700843708938,-0.522363162130903,-0.2751935980334192,0.31099028013400337,0.282828719443438,-0.6193718637718312,0.706289204119366,-0.747182740291954,-0.5370990177063831,-0.5862636122486371,0.9049175020596136,2.446
-0.995929712317085,0.7808813206322142,0.5795386178717823,0.4215434834579902,-0.47959597592452885,-1.3605899008730435,0.28856495228029877,1.3211904003680963,-0.15129905823742287,-0.9389658756571441,0.018668405593500723,2.5387905998849534,0.19665935663020853,0.7029700683999467,-1.6285992392456365,-0.07239960664418818,-1.3006266631170222,0.7993792059785837,1.1665341007402459,0.0766944230879152,-1.2800152175096888,2.341
-0.9924656089698952,0.31409630370896324,0.002525564985408598,-0.8787900424534544,-0.47959597592452885,0.09722851988199697,-1.2417602060692319,-0.08273368670623024,0.41328701873592993,-0.5090155856828932,0.1620745390963998,-0.4781152102489391,-0.05821012253116729,0.23141543589956468,0.5552189445146084,-1.2232780361395272,1.252853525409276,-1.2894224470636364,-0.9513240278025088,-0.8809116279537718,1.2419982004318293,2.062
-0.9890015056227053,-0.16102415994506,-1.1333744762987614,0.8703148841968754,-0.47959597592452885,0.5237927523215747,-0.6103366450310305,-0.22459361188098795,0.6655488829155132,0.5644364627958655,-1.553677415313284,-0.4177770940462613,1.6397716778277316,-1.0358876389452136,0.4299820594244151,0.13500251315885914,0.9326009934034695,0.044958744383199745,-0.1674828548513789,0.2854034342123861,-0.17942643125823712,2.495
-0.9855374022755155,-0.18603050013737704,1.460163250941823,-1.224564728268661,-0.47959597592452885,1.6253597262040014,0.3631080115695315,-1.3790398995100506,-0.03117436100904992,1.4072529252619468,0.5205898728536463,-1.1016090776766103,-0.2614168694301015,1.881856649650905,0.7665561881043095,-0.11306668895851199,0.492787516115495,-0.9640786230006271,-0.8323671018261856,-0.2506922610289012,0.7181016933232048,2.286
-0.9820732989283256,1.6227614404402202,-0.7980422832600831,-0.13942076746561793,-0.47959597592452885,-1.2762145581926876,-1.3601521237638943,1.1255215380580854,0.8597504767680494,-1.106959697567613,1.5705276359998712,0.016657342613019262,0.15188498866942654,-2.4829709174307655,0.22177573796196878,-1.3168123254624704,-0.19895795301704725,-0.3181061027595793,-1.0787778770628553,-0.6271869477632391,1.2277839541149287,2.258
-0.9786091955811357,-0.2527140739835557,-1.5472529487879405,0.32590367674314485,-0.47959597592452885,-0.5965242977120417,0.4201115274965909,-0.6599568305207617,1.452365649761356,-0.4919314682004726,-1.3436898626840394,1.3843213098737175,-0.18220067996102618,0.5880286267279793,-0.32300471218037197,0.5762403562692598,-2.637147230021255,2.2893596176294677,1.614746803972464,1.0711314760927435,-1.5196267982803,2.54
-0.9751450922339459,-0.4194230085990025,-0.4445840257328282,0.01875275902431771,-0.47959597592452885,1.7144225879221549,1.03399554517262,-1.4426322797608042,0.0409004573279738,1.2990535145399498,-0.6676323761703723,-1.5320209732557124,1.5881089455652915,-0.349186205366532,0.9231022944670512,-0.6437721131604258,1.6883969689371732,-2.1617211057833,-0.9683178743705549,-1.5766083317020056,0.9719275204107167,2.237
-0.971680988886756,0.09737468870888245,0.4496351557036454,0.19715778308854598,-0.47959597592452885,1.14723278434865,-0.11484454504966382,-0.9387849593125268,-0.5817458899724259,0.7808352842398595,0.03915499609391488,-0.4781152102489391,0.35853591771919135,-1.0005210415076862,0.04018225458118855,-1.2517449937595537,1.2058831540484243,-0.4784204508485986,-0.8536094100362431,-1.3842686547833765,0.5211328515032957,2.371
-0.9682168855395662,1.639432333901765,-0.09263627357962183,-0.9836259844293407,-0.47959597592452885,-1.1590265822477488,-1.0137461423609921,0.949419561979076,0.47334936735011646,-1.0357758747241939,0.5103465776034404,-0.0637934789905512,-0.6919396382837778,0.3257263623996413,0.4049346824063764,-1.0545096445350868,0.02735383626705606,0.02609823284331512,-0.33954555135284636,-0.7499569543070452,0.4216331272849911,2.299
-0.9647527821923763,-1.0862587470607894,0.10826094116877522,0.09048261406045052,-0.47959597592452885,0.1487912292977701,-0.28585509283084315,-1.217613088104292,-0.12126788393032971,0.24553293645734828,-0.4115499949151965,-0.9045045647478627,-0.37851906255830237,-0.4965470280229012,0.03235494926305146,0.1695695331260325,0.433007043474411,-0.8131945306815501,-0.09313477611617682,0.39180410655035053,0.6125101492548,2.59
-0.9612886788451864,-0.16935960667583236,0.28347956455835477,0.21187159950621437,-0.47959597592452885,-1.0980888347563804,-0.4437109830903937,1.0521457146918316,-0.37953598297133145,-1.3831529302000787,0.5103465776034404,0.4993622722344421,0.3619800998700204,-1.3099787690860611,-0.4091050706798798,0.5457400445335202,0.5312178199561918,-0.2285186729451268,0.6036129331737166,0.04804808822769423,-0.6058538207652571,2.309
-0.9578245754979966,-1.6447336780225361,0.4284880804669723,0.14382019857449824,-0.47959597592452885,0.5284802713593724,-0.14553874593346483,-0.19035156097673606,-0.3695255915356338,-0.24705911761911112,0.028911700843708938,-0.09999634871215791,-1.0191369426125725,-0.8148464049606613,-0.27290995814429464,-0.9467418764021314,-0.13917748037596353,0.7239371598190452,0.39331408189414496,-1.0364203029092596,-0.4068543723286478,2.142
-0.9543604721508067,-0.5527901562913597,-0.2089451873813253,-0.41898327940131747,-0.47959597592452885,-1.2340268868525097,-0.46125052645256603,0.8222348014775689,1.0099063483035156,-1.2208538141170833,0.7971588446092386,1.2193971255863978,-1.2740064217739482,-0.34329177246027787,-0.6611443019238937,-0.47703707567170234,-0.6643916328654864,1.313328145440439,0.34870523465302367,-0.7949726233731079,-0.3459361738276449,2.459
-0.9508963688036168,-1.444682956484,-0.12435688643463175,-0.18172298966641395,-0.47959597592452885,1.7191101069599524,1.4724841292269273,-1.9807216511133334,-0.1412886668017251,1.7460879219966212,-0.2835088042876086,-1.3831869532891068,-1.6115362725552316,1.0006389301658134,0.20768658838932205,-1.2232780361395272,-0.09647714277518928,-0.7849037633717232,-0.20571900962948284,-1.2205753127249683,0.041909689962073275,2.296
-0.947432265456427,-0.8445307918683916,-0.38416381077090417,0.26336995696805454,-0.47959597592452885,0.575355461737348,-0.22885157690378272,-0.1610012316302345,0.3151851826660921,-0.1189282365009571,-1.3180816245585223,0.2499647252633736,-1.112129860684967,-0.42876104960097206,-0.37466492728007655,-0.737306402483369,-0.09220710901511185,0.48346563768551676,0.47191062227135855,-0.2752462623376624,-0.4901092436133516,2.318
-0.9439681621092372,0.5474888121705888,1.9284199168967335,-0.9762690762205073,-0.47959597592452885,-1.1402765060965585,0.2666405230775839,0.34284608881804296,-0.6978664306265198,-0.46061058614936823,2.605100456270786,0.2901901360651589,-1.2946715146789256,0.7913865619937692,-0.1789822943266497,-0.5075373874074438,0.7788797780406822,0.3042907780566128,0.29559946412787935,-0.7745109556158065,0.21654185899828143,2.306
-0.9405040587620472,-2.2782276295612336,-0.4521365526030685,1.1958580724377876,-0.47959597592452885,0.46285500483020653,0.38503244077224635,0.43578879841529794,-0.43159001843695977,0.3622744059205556,-0.8776199287996168,1.6216512336042503,-1.3084482432822433,-0.7293771278199671,-1.584766329464069,-0.5482044697217676,-1.317706798157332,1.577375306998824,1.4915414163541292,0.6455287867408823,-1.5094737651967995,2.512
-0.9370399554148574,-0.18603050013737704,0.6565743919482349,0.493273338494123,-0.47959597592452885,0.5144177142459797,0.08686020361531747,0.10804345404603011,-0.7519225443792876,-0.17018058894821853,-1.4410011675610073,0.5717680116776556,-0.3096354195417141,0.6793923367749275,-0.7989048755231064,1.3611150449356935,0.23658549051084968,0.47875050980054557,1.5340260327742445,1.3903334931066405,-1.245494905025787,2.922
-0.9335758520676676,-1.4613538499455447,-0.16665103690797853,-1.471021153264606,-0.47959597592452885,0.15347874833556768,-0.9742821697961049,-1.109995213833786,1.0899894797890977,1.2848167499712662,-0.058156308783052925,-0.7798057912623284,0.09677807425615594,1.9496426280728343,1.3692586976008645,-0.6844391954747479,1.274203694209663,-0.13421611524570418,-1.191362110576161,-0.22613825972013996,0.7952647447578086,2.443
-0.9301117487204776,-0.3110622010989621,-0.9732609066496632,-1.4802172885256486,-0.47959597592452885,0.256604167167114,-1.2724544069530328,-0.16589295318798478,1.6145339910196594,0.06330234997819575,-0.6112942522942328,-0.6189041480551875,-0.19942159071517285,0.49666491668102963,1.5054538101364496,-1.2822453054952951,0.6977491365992111,-1.2328409124439825,-2.0389302081574643,-1.556146663944705,1.999414468460965,2.186
-0.9266476453732878,0.605836939285995,0.14149205939783374,0.33509981200418737,-0.47959597592452885,-1.388715015099829,0.16140326290455018,1.5364261489091078,-0.1412886668017251,-1.1724488145835585,0.40279197747626666,0.7165794905640823,-0.11676121909526693,-1.0093626908670688,-0.5922640151242874,0.6108073762364368,-1.3518670682379514,1.0728566233069108,0.0810521512062964,0.5554974486087587,0.3769597817175889,2.569
-0.923183542026098,-1.9031325266764785,1.984308615736513,-3.286338253794443,-0.47959597592452885,-2.569969812624814,-0.9172786538690445,2.597929726940916,1.21211625530461,-2.3711843912667345,3.5116320859141106,-0.15228938275447873,0.48597065729987926,0.3493040940246605,1.5978160128904675,0.4745726504834548,0.492787516115495,1.4972181329543142,-1.8562463575509676,1.3371331569376566,1.321191858483133,2.654
-0.9197194386789082,1.964514756401886,1.1293625740252897,0.6422507297230146,-0.47959597592452885,-0.3996484981245443,1.3014735814457479,-0.3958038664022472,-1.4746728060366647,0.8491717541695417,-0.7188488524214088,0.39879874522997905,-0.19942159071517285,1.5105073765568526,-1.0493786457034928,-0.29606855937296467,0.28355586187170134,-0.6387347989376179,0.6843337043719355,-0.6517409490720003,-0.5510274421143545,2.312
-0.9162553353317182,0.15572281582428882,0.45114566107769394,0.1346240633134557,-0.47959597592452885,0.7909813374760357,0.6086616186399425,-0.8898677437350241,-0.2994528514857495,-0.07337058988116889,-0.1452243184098125,0.7165794905640823,-1.8595173874149493,0.9063280036657381,-1.2575849671659391,-1.7031496074485366,-1.2237660554356287,0.1864125809323339,1.0199621740908478,-0.5371556096311146,-1.3145355299935904,2.327
-0.9127912319845284,0.9809320421707503,-0.9490928206648938,0.09967874932149307,-0.47959597592452885,0.42066733349002855,0.31925915316410075,-0.703982324540514,0.4953722285086515,-0.8250717591076736,-0.7854302715477542,-0.08390618439144383,-0.48528870923401457,-0.06625342586630201,0.23429942647098811,-1.188711016172352,0.2579356593112368,-0.7707583797168092,0.021573688218134737,-0.4553089386019105,-0.04946760778943103,2.209
-0.9093271286373386,-1.594720997637902,0.32577371503170155,-2.092679896911095,-0.47959597592452885,-2.0637177565426774,-1.443464954734213,2.020706583126384,1.5164321549498216,-1.7504614560721208,2.3438964273905047,-0.23676274543822773,-0.5610607165522609,0.7029700683999467,0.9465842104214622,-0.7291729860205035,-0.07939700773487958,0.5164715328803148,-1.210480187965213,-0.5944482793515574,0.9962947998111179,2.219
-0.9058630252901486,-0.8612016853299364,-0.643970735107178,-0.26816666112021514,-0.47959597592452885,-1.5715282575739338,-0.6234913025526592,0.949419561979076,0.8997920425108403,-1.106959697567613,-0.7495787381720289,1.6699217265663924,0.18632681017772143,1.012427795978323,-0.36214123877105725,1.5237833741929852,-2.180253617692971,2.119615013770506,1.1346706384251595,2.0983071975092553,-1.2170664123919857,2.775
-0.9023989219429588,-1.169613214368513,0.0886243713061501,-0.1302246322045754,-0.47959597592452885,-0.7277748307703734,-0.6059517591904869,0.6656997116295605,0.35122259183460397,0.23983823062987475,1.0686061687397255,0.09710816421658974,1.0990350801475142,-2.618542874274626,0.4957314240967665,-0.09679985603278282,0.492787516115495,-0.4124086604590024,-0.6730497902507526,-0.5248786089767344,0.7140404800898047,2.228
-0.898934818595769,0.28908996351664623,-0.4536470579771171,-0.44657168518444507,-0.47959597592452885,-1.018401011113822,-0.28147020699029957,0.3673046966067943,0.38926207929025536,-0.8193770532802,0.059641586594329034,-1.113676700917146,1.1093676266000028,-0.8207408378669154,1.2534145788924358,1.3001144214642069,0.13410468026899158,1.4359214704496892,-0.7877582545850643,1.0424851412325236,1.122192410046524,2.739
-0.895470715248579,0.5808305990936781,0.0946663928023425,0.22658541592388276,-0.47959597592452885,-0.28714804121740284,-0.7155739052040642,0.11293517560378037,0.11898151052641623,-0.46061058614936823,-0.6369024904197522,0.7688725246064032,-0.17875649781019715,-0.39634166861657033,-0.86935062338634,-0.8003403800705688,-1.1255552789538479,0.1439764299675935,0.41243215928319693,-0.9259272970198336,-0.5246295560972533,2.15
-0.8920066119013892,0.0390265615934761,-0.829762896115093,-0.8806292695056619,-0.47959597592452885,1.3019209125959699,-0.8251960512176405,-1.1002117707182855,1.0419396008977484,0.44769499333265844,-0.621537547544441,-1.6245394180998183,0.3792010106241686,0.26678203333709344,1.3692586976008645,-1.0606097068822355,1.282743761729818,-0.9499332393457132,-1.5163694261900442,-1.9285490171275832,1.3557121709670348,2.254
-0.8885425085541994,0.455798898132093,0.04330921008470745,-0.6893496560759728,-0.47959597592452885,-0.28714804121740284,-0.5577180149445136,1.1988973614243394,1.0279250528877715,-1.2721061665643452,-0.473009766416439,1.6457864800853215,-0.709160549037926,1.0035861466189417,-0.42475968131615394,0.08823536849738486,-1.5610987224817447,0.4221689751808917,0.9201233255035767,0.5063894459912363,-0.7886084162682656,2.188
-0.8850784052070095,1.7561285881325777,0.22910137109262318,-0.6360120715619251,-0.47959597592452885,-2.0965303898072607,-1.6890185618046252,1.4190248315231013,0.022881752743717898,-1.1639067558423482,1.8778264935060835,0.16146882149944614,0.5651868467689561,-0.835476920132552,-0.17741683326302227,-0.30216862172011333,0.9624912297240114,-1.0725265643549633,-1.1127655701989474,0.40817344075619133,1.1364066563634245,2.296
-0.8816143018598196,0.8142231075553035,0.8680451443149687,-0.6378512986141343,-0.47959597592452885,-1.993404970975714,-0.399862124684963,1.1206298165003352,-0.017159812999073123,-1.3689161656313948,0.6588743587314425,0.2580098074237307,-0.6333885417196782,0.14005172585261505,-0.2337734315536092,0.13703586727457417,-0.386839438460454,0.49289589345545903,0.418804851746214,0.8174067959022118,-0.4007625524785475,2.542
-0.8781501985126298,0.430792557939776,-1.421881002741948,1.7439477339959348,-0.47959597592452885,-0.36683586485996134,-0.3253190653957303,-0.45450452509525047,-0.2954486949114704,-0.059133825312485074,-1.7636649679425285,0.06895037665534005,2.614475226512456,-3.113675238400026,-0.017739804773025804,0.8039760172294682,0.8343902169216888,-0.6670255662474448,-0.2736943959016674,0.16263342766857905,0.3525925023171878,2.61
-0.8746860951654399,0.31409630370896324,0.6867844994291968,0.14565942562670742,-0.47959597592452885,-0.09027224162990538,1.0778444035780508,-0.4447210819797499,-0.279432068614354,0.7181935201376507,0.5257115204787516,-0.6349943123759015,0.913049244002728,-0.2195086814289279,0.3125724796523589,0.22040338601893683,-0.6131512277445573,-0.6387347989376179,-0.594453249873539,-0.10746058672779356,0.37289856848418873,2.496
-0.87122199181825,0.13905192236274416,-1.2451518739783205,-2.225104244670111,-0.47959597592452885,-0.28714804121740284,-1.412770753850411,-0.8703008575040231,2.0770140753488953,-0.053439119485011545,2.3080448940147806,-2.449160339536416,0.9371585190585328,-0.17530043463201533,3.0583911852548464,0.3668048823504975,1.1503727151674181,-0.7613281239468679,-2.9927098467890554,0.2854034342123861,2.913187445976008,2.549
-0.8677578884710602,-1.1612777676377406,0.5342234566503389,-0.5274976754816204,-0.47959597592452885,-1.0746512395673926,-1.9345721688750372,0.5776487235900557,0.1630272328434863,-0.7481932304367811,-0.1349810231596043,0.10113070529676828,0.3860893749258267,0.35225131047778757,0.20768658838932205,1.0134114911482306,-0.7967626794278864,-0.7754735076017809,0.1469033066574754,0.40408110720473156,0.08049121567937506,2.642
-0.8642937851238703,0.37244443082436957,-0.5488088965421468,-0.3987517818270232,-0.47959597592452885,-0.3996484981245443,-0.6804948184797196,0.32817092414479215,0.9838793305707015,-0.6428411726285209,-0.5037396521670591,0.3947762041498005,-1.3979969792038072,1.3366216058223372,-0.2149878987900802,-0.08866643956991915,-1.3860273383185704,1.9310098983716601,0.7501848598231148,-0.49623227411651255,-0.9165366331203717,2.697
-0.8608296817766805,-2.1615313753304215,0.22910137109262318,0.06473343532953206,-0.47959597592452885,-1.9277797044465483,-0.4217865538876779,0.7928844721310673,-0.059203457029003634,-0.3040061758938464,1.7139337695027703,1.2314647488269335,1.316018555649769,-0.8413713530388062,0.005742111181385369,1.8999538856004692,-0.6985519029461058,1.5915206906537374,-0.014538235738963186,1.5253805003048269,-0.029161541622430093,3.049
-0.8573655784294906,0.23074183640123985,1.8060689815988376,-1.3698636653931355,-0.47959597592452885,-0.5965242977120417,0.8936791982752427,0.08358484625727888,-0.31947363435714504,-0.44922117449442117,1.929042969757119,-0.05172585575001564,0.2173244495351858,0.7795976961812596,0.4252856762335328,0.6270742091621642,0.5055976173957273,-0.6717406941324154,-0.41814209173006,0.7723911268361491,0.6531222815888019,2.591
-0.8539014750823007,0.5891660458244503,0.39676746761196235,0.31118986032547646,-0.47959597592452885,0.8472315659296065,0.18771257794780863,0.5238397864548028,-0.866041006746242,0.8833399891343829,-0.29375209953781456,-1.0131131739126829,1.0025979799242921,0.6793923367749275,0.38614914964284747,0.10856890965454587,1.4706252471732244,-2.2513085355977513,-0.7601432539119892,-0.8072496240274881,0.5333164912034963,2.345
-0.8504373717351109,0.1473873690935165,-0.2799389399615855,0.07944725174719881,-0.47959597592452885,-0.7746500211483489,-0.9698972839555614,-0.47896313288400183,-0.25340505088153986,-0.016423531606433624,0.17743948197171097,-0.3373262724426908,0.823500508081161,-0.8649490846638254,0.719592356195487,1.0439118028839738,1.393764639491831,-1.0112299018503388,-0.5583413259164408,-0.07062958476465217,0.8338462704751104,2.697
-0.846973268387921,-1.0029042797530663,-0.7210065091836299,-1.9234710081079087,-0.47959597592452885,0.9081693134209746,-1.127753174215112,-0.6746319951940125,1.8047314282979168,0.06045499706445898,1.1966473593673135,-1.1337894063180385,-0.2304192300726372,1.6225016017756944,1.5821614022541932,0.6453743962036101,0.23231545675077225,-0.8509155537613193,-1.5291148111160788,-0.1033682531763338,1.9019453508593605,2.858
-0.8435091650407311,0.7892167673629865,0.5115658760396179,0.6201800050965127,-0.47959597592452885,2.4222379626295862,0.9243733991590437,-1.8926706630738288,-0.6498165517351707,1.162380574680585,0.5718063491046829,-2.1957402514851685,1.0370398014325855,-0.4317082660541004,0.46911858601510054,0.02926809914161686,0.26220569307131425,-2.190011873093127,-0.8472367175732258,-0.28752326299204256,1.0572129983121208,2.535
-0.8400450616935413,0.9642611487092057,-0.3796322946487597,-0.716938061859102,-0.47959597592452885,0.29410431946949445,0.7621326230589506,0.7488589781113151,0.7636507189853511,-0.13031764815590416,-1.026147709927621,-0.4781152102489391,-0.3578539696533251,2.1824727278698988,1.0295536467937154,1.3834819402085696,-0.18187781797673755,0.9078271473329202,0.2531148477077641,0.6578057873952634,-0.2728343356264415,2.89
-0.8365809583463515,0.2974254102474186,1.3650014123767933,-1.0719088829353511,-0.47959597592452885,-0.9668383016980489,-0.2025422618605243,1.3896745021766,0.17103554599204449,-0.9161870523472501,0.8483753208602728,0.3545507933480152,-1.2188995073606776,2.0351119052135296,-0.42475968131615394,-0.26556824763722314,-0.762602409347267,-1.3129980864884927,0.1808909997935678,0.6168824518806623,-0.15912036509123617,2.254
-0.8331168549991615,0.7141977467860355,-0.9022671540694018,-1.6806930372163802,-0.47959597592452885,0.48629260001919433,-1.6363999317181084,-0.3762369801712462,1.4843989023555888,1.1452964571981645,1.421999854871869,-2.3526193536121314,1.0301514371309273,0.8709614062282093,3.0333438082368076,0.9320773265195865,1.5346757535743858,-1.3412888537983196,-2.5487456051988495,0.03167875402185341,2.645147372571595,2.618
-0.8296527516519717,0.0390265615934761,-1.0971223473216072,0.7084629036025231,-0.47959597592452885,-1.3980900531754241,-0.491944727336367,0.783101029015567,1.0739728534919812,-0.272685293842742,-0.19644079466084677,1.0866532699405067,-0.4956212556865016,-1.1655651628828203,-0.8443032463683013,0.2956374883004322,-1.035884569992222,1.8084165733624105,0.9392414028926284,0.7232831242186266,-0.7215983979171624,2.574
-0.8261886483047819,-0.04432790571424729,-1.6665828733377397,2.76471874797168,-0.47959597592452885,0.7066059947956795,1.0252257734915338,-0.5034217406727531,-0.17532399768309748,0.12024940825293101,-2.014625701572601,1.5331553298403227,0.8407214188353077,-1.5545977346956354,-1.6505156941364203,1.8470866785918498,-1.3347869331976419,1.3651945521751219,2.589768750814114,2.028737527134431,-2.1531760626907293,2.918
-0.822724544957592,0.42245711120900364,-0.07299970371699603,0.9181347875542973,-0.47959597592452885,0.03160325335283115,-0.24200623442541241,-0.8409505281575214,-0.5276897762196581,0.3594270530068188,0.5205898728536463,-0.5867238194137592,0.08988970995449787,-1.1950373274140937,-0.7002808285145792,-0.46890365920883686,0.18534508538992056,0.4268841030658629,0.18513946143557933,0.04395575467623357,-0.08804913350673285,2.377
-0.8192604416104021,-0.5944673899452215,-1.3931814006350338,1.1885011642289542,-0.47959597592452885,0.500355157132587,0.4902697009452801,-0.5083134622305033,0.3612329832703017,0.6042994035881801,-0.8571333382992027,-0.3172135670417982,0.4825264751490502,-2.1204632936960954,-0.18680959964478677,-0.5502378238374827,0.7276393729197531,-0.021053046006396438,0.12353676762641189,-1.0896206390782417,0.019573017178372207,2.351
-0.8157963382632123,-0.31939764782973445,-0.5276618213054731,-1.1841017331200723,-0.47959597592452885,-0.4230860933135321,-0.29900975035247185,-0.028924749570977265,1.0039001134420968,0.3394955826106615,-0.27838715666250335,-0.7958959555830424,0.9612677941143375,1.7227069611820252,1.521108420772724,1.277747526191331,0.4799774148352627,-0.05405894120119453,-0.8451124867522201,0.5759591163660592,0.8297850572417103,2.704
-0.8123322349160224,0.1307164756319718,-0.44156301498473227,-1.4912526508389004,-0.47959597592452885,-1.7637165381236337,-1.2154508910259734,1.6342605800641132,1.8227501328821725,-0.8307664649351472,1.2939586642442813,-0.28905577948054856,0.5824077575231028,-0.773585374616877,1.303509332928513,0.5559068151120988,0.9368710271635469,-0.11535560370581956,-1.9964455917373487,0.690544455806945,1.6806092296390498,2.58
-0.8088681315688325,-0.7028281974452619,-0.6318866921147932,-0.18907989787524898,-0.47959597592452885,-1.5340281052715534,-0.18061783265780942,2.1136492927236397,0.8337234590352353,-1.2891902840467655,-1.3846630436848677,1.1791717147846126,2.390603386708543,0.0015325525556271228,0.7540324995952902,2.920697651689975,-0.8351929832685832,0.8512456127132664,0.3699475428630814,2.1555998672296974,-0.8332817618356677,3.113
-0.8054040282216427,0.530817918709044,1.4541212294456307,-0.25897052585917263,-0.47959597592452885,-0.2121477366126419,-0.6673401609580899,-0.12186745916823233,-1.0041844085588707,0.3338008767831879,1.00202474961338,-0.015522986028408927,0.5066357502048565,0.5880286267279793,0.05583686521746272,-0.1639005418514163,1.2357733903689663,-1.3318585980283772,-0.12287400761025766,-0.7990649569245677,0.08049121567937506,2.33
-0.8019399248744529,1.6977804610171712,-0.14399345629725688,-0.7978640521562774,-0.47959597592452885,-0.179335103348059,0.19648234962889477,0.2792537085672894,0.5634428902713962,-0.6940935250757826,-0.027426423032430553,-1.7009676986232103,2.538703219194208,-0.44939156477286285,2.1551201515418272,1.1476128627854976,0.6593188327585144,-1.0112299018503388,-1.8838613582240427,0.39589644010181024,1.8572720052919582,2.481
-0.7984758215272629,1.1393055300554247,0.6142802414748887,-1.0553558394654752,-0.47959597592452885,-0.28714804121740284,-1.0400554574042504,-0.1120840160527318,-0.13928658851458556,-0.11038617775974681,1.1659174736166933,-0.5505209496921526,-0.7849325563561723,0.682339553228056,0.6147064649324502,-1.875984707284409,2.0684299735840637,-1.063096308585021,-1.5843448124622288,-1.3351606521658541,1.4531812885686393,2.152
-0.7950117181800731,-0.9528915993684322,1.8302370675836073,-3.293695162003277,-0.47959597592452885,0.26597920524270907,-0.7506529919284077,-0.11697573761048206,0.4813576804986746,-1.2578694019956613,2.3592613702658163,-1.5963816305385687,-0.06509848683282535,1.2364162464160051,2.2537441985503546,-0.35300247461301765,1.3254440993305923,-1.6619175499763572,-2.0261848232314295,0.7110061235642455,1.599384964971046,2.552
-0.7915476148328833,-1.6030564443686743,-0.3237435958089802,-1.5721786411360765,-0.47959597592452885,-1.1824641774367366,-0.8164262795365543,0.47003084931954986,1.3923033011471695,-0.9019502877785662,-0.5703210712934045,0.567745470597477,-0.523174712893137,0.8798030555875905,0.7916035651223481,0.9239439100567228,0.5909982925972758,2.1573360368502756,-0.6008259423365563,1.038392807681062,0.7505913991904064,2.737
-0.7880835114856933,1.9895210965942032,0.14149205939783374,-0.21850753071058576,-0.47959597592452885,1.1706703795376379,0.5691976460750554,-0.9143263515237755,0.2891581649332779,0.31671675930076737,0.1620745390963998,0.20571677338140987,-0.1374263120002442,1.3543049045411009,0.22960304328010586,-0.4526368262831077,-0.36548926966006684,-1.1809745057093004,0.038567534786180926,-0.655833282623461,-0.3540586002944453,2.224
-0.7846194081385035,0.09737468870888245,0.9556544560097588,-1.575857095240493,-0.47959597592452885,-0.14183495104567853,-0.7506529919284077,-0.0876254082639805,0.28715608664613834,-0.13885970689711444,1.529554454999043,-0.3333037313625123,-0.1959774085643438,1.4103020171505218,1.121915849547733,-0.3448690581501522,0.4970575498755724,-0.8744911931861746,-1.2317224961752706,-0.5535249438369554,1.2318451673483288,2.249
-0.7811553047913137,-0.7111636441760342,0.2064437904819022,0.6919098601326455,-0.47959597592452885,-0.2027726985370468,0.8410605681887259,0.10804345404603011,-0.33549026065426146,0.9801499882014325,-0.6010509570440269,1.2837577828692541,-0.5438398057981142,0.25204595107145544,-1.5143205816008352,-1.5323478617283814,-0.25019835813797636,-0.068204324856108,0.95835948028168,-1.695286004694352,-0.9571487654543734,2.086
-0.7776912014441238,-0.42775845532977474,1.0342007354602594,0.1787655125664609,-0.47959597592452885,-0.24964788891502238,-0.4174016680471353,0.25968682233628837,-0.9661449211032193,0.0006605858759869569,0.6998475397322708,-0.27698815624001294,1.1024792622983446,-0.22540311433518204,0.08088424223550139,1.3834819402085696,0.0017336337065915078,0.07324951169302668,0.13628215255244652,0.9360844688945573,-0.22613038344233932,2.766
-0.7742270980969339,-0.20270139359892167,-0.4732836278397422,-0.14861690272666048,-0.47959597592452885,0.8519190849674039,-0.5927971016688581,-0.6599568305207617,0.4032766273002322,1.131059692629481,0.10573641522026031,-0.9809328452712546,-0.48528870923401457,0.6027647089936159,0.37675638326108296,-0.7454398189462327,1.018001668605018,-0.1106404758208484,-0.5392232485273889,-1.683009004039971,0.7038874470063043,2.206
-0.7707629947497441,-0.4861065824451811,-0.4672416063435505,0.55948551237363,-0.47959597592452885,0.07379092469300919,0.16578814874509276,-0.7871415910222685,-0.0031452649890962654,1.4044055723482103,0.5769279967297859,0.06895037665534005,0.6271821254838863,-0.4140249673353354,-0.16489314475400293,-1.186677662056637,-0.6473114978251767,-1.2658468076387812,-0.43938439994011774,-1.1755596436589066,0.10891970831317636,2.103
-0.7672988914025543,-0.6861573039837172,0.044819715458755384,-1.04799893125664,-0.47959597592452885,-2.218405884789997,-0.22008180522269657,1.5413178704668582,0.9078003556593985,-1.3603741068901847,0.14670959622108862,0.4269565327912287,-1.3738877041480024,0.06047688161817504,-0.21029151559919795,-1.731616565068563,0.7746097442806048,0.12983104631268003,-0.5498444026324177,-0.7663262885128861,0.720132299939905,2.08
-0.7638347880553643,0.28908996351664623,-0.9868554550160954,-0.1725268544053714,-0.47959597592452885,-0.3199606744819858,-0.4787900698147383,-0.20991844720773714,0.7796673452824675,0.6527044031217051,0.715212482607582,0.4510917792722999,0.5066357502048565,0.11352677777446883,0.16072275648049958,-0.5319376367960384,-0.24592832437789894,0.0025225934184593406,-0.2906882424697136,0.24448009869778314,-0.03322275485583028,2.283
-0.7603706847081745,1.7311222479402606,1.0206061870938266,-1.2116901389032009,-0.47959597592452885,-1.009025973038227,-0.5445633574228839,1.2429228554440919,0.6054865343013267,-1.9583182187749042,0.8278887303598587,0.7004893262433683,-0.2855261444859078,0.46424553569662796,-0.2963918740987059,-0.21880110297575248,-1.0230744687119897,0.9455481704126895,-0.17385554731439623,0.4818354446824759,-0.19364067757513778,2.536
-0.7569065813609847,0.7475395337091248,1.147488638513867,-0.3803595113049381,-0.47959597592452885,0.05972836757961651,0.08247531777477489,-0.9436766808702771,-0.5016627584868439,1.236411750437741,2.1543954652616746,-1.1498795706387526,1.1197001730524914,-0.4552859976791196,0.6694976021594098,0.8975103065524132,0.40738684091394656,-1.4025855163029441,-1.1616228790820802,0.440912109167873,1.296824579082732,2.615
-0.7534424780137948,-1.444682956484,0.6882950048032453,-0.9523591245417964,-0.47959597592452885,-1.2762145581926876,0.03424157352880062,1.316298678810346,0.1630272328434863,-1.5027417525770228,-0.5703210712934045,0.7930077710874743,0.13466407791527987,-0.3786583698978053,0.15446091222598993,1.0398450946525402,0.5141376849158821,-0.002192534466511815,-0.35653939792089256,2.036922194237352,0.11501152816327664,2.695
-0.7499783746666049,1.0559510627477011,-0.3992688645113848,-0.9302883999152929,-0.47959597592452885,0.2191040148647335,-0.5445633574228839,0.034667630679776185,1.0079042700163758,-0.17302794186195528,0.3874270346009555,-0.9447299755496478,1.8498667890283254,1.4839824284787064,1.7684512688258558,2.1073560054035165,-0.45943001238177,-0.8179096585665208,-0.556217095095435,1.1857168155336293,0.5881428698543988,2.747
-0.7465142713194151,-1.3363221489839596,0.5312024459022431,0.21922850771504937,-0.47959597592452885,1.2409831651046015,0.37187778325061766,-0.42515419574874885,-0.6858539609036827,1.0855020460096927,-0.5242262426674732,-0.453979963767868,1.9049737034415961,0.9151696530251192,0.7759489544860739,1.5095498953829691,0.5568380225166564,-0.7094617172121847,-0.15473746992534426,0.7314677913215479,0.3769597817175889,2.812
-0.7430501679722252,-0.5944673899452215,-1.1137379064361363,-1.0075359361080516,-0.47959597592452885,0.012853177201640916,-1.947726826396665,0.24501165766303767,1.5965152864354033,-0.42928970409826384,-0.3296036329135399,-0.36146151892376194,0.2724313639484564,1.1892607831659667,1.2221053576198875,-0.16796725008284816,-0.2928986957387506,-0.9687937508855977,-0.34591824381586367,0.6946367893584048,0.7079486602397045,2.286
-0.7395860646250353,-1.3029803620608702,0.7547572412613618,0.7286944011768174,-0.47959597592452885,-0.784025059223944,-0.20692714770106785,1.3798910590610995,-0.7058747437750779,-1.3660688127176581,-0.21180573753615795,1.7905979589717482,-1.3118924254330722,-0.5024414609291579,-1.7162650588087718,-0.133400230115673,-1.3390569669577193,1.7801258060525835,1.3853298753038403,0.3222344361755275,-1.2779846108929886,2.617
-0.7361219612778455,-0.7361699843683512,-0.7451745951683995,-0.8677546801402026,-0.47959597592452885,0.5612929046239553,-0.46125052645256603,-0.6159313365010093,0.9338273733922128,0.7295829317925977,-0.11449443265919014,-0.04368077358965859,0.44808465364075684,1.7256541776351522,1.0859102450843021,0.7856758301880222,0.3988467733937917,0.5023261492254013,0.10229445941635415,0.7232831242186266,0.08861364214617544,2.541
-0.7326578579306556,2.489647900440543,-0.65756528347361,0.8997425170322122,-0.47959597592452885,0.34097950984747005,0.9243733991590437,-1.3105557977015467,-0.5537167939524723,0.017744703358407537,-0.8776199287996168,-1.1418344884783955,0.9337143369077022,-1.1449346477109297,0.542695256005589,-0.005298920825556492,0.8984407233228501,-1.006514773965367,-0.10375593022120569,0.0685097559849948,0.29979673028298537,2.413
-0.7291937545834657,1.5227360796709524,-1.2798934975814262,0.9181347875542973,-0.47959597592452885,1.0019196941769257,0.7752872805805793,-0.7577912616757669,0.67956343092549,1.464199983536682,-1.0415126528029302,-0.6269492302155445,0.33098246051255603,0.6911812025874371,0.058967787344717554,0.4115386728962532,0.014543734986823785,0.44102948672077635,0.47191062227135855,-0.23432292682306036,-0.12460005260733455,2.591
-0.7257296512362759,0.13905192236274416,-0.7527271220386398,0.2817622274901396,-0.47959597592452885,-0.07620968451651268,0.5385034451912534,0.05423451691077727,0.4433181930430232,0.35657970009308204,0.3003590249741959,-0.3333037313625123,0.6030728504280801,-1.2922954703672986,0.2859596415706928,0.7287419149479728,-0.015346501333718194,0.6626404973144207,-0.43301170747710044,0.620974785432122,0.2774600574992843,2.948
-0.722265547889086,0.7975522140937589,0.06143527457328464,0.8022634832651593,-0.47959597592452885,-0.26839796506621266,1.5645667318783312,0.15206894806578253,-0.21736764171302805,0.0519129383232487,-1.0978507766790695,0.3183479236264086,0.282763910400945,0.24025708525894587,-0.6220077753332083,0.8324429748494965,-0.6259613290247896,0.5636228117300264,1.098558714468061,1.0302081405781425,-1.365300695411093,2.806
-0.7188014445418962,-0.9778979395607491,-0.3448906710456539,0.7636397151687799,-0.47959597592452885,0.008165658163843358,-0.04907125744151726,-1.0023773395632802,-0.6818498043294036,1.8998449793384065,-0.11961608028429538,-0.9487525166298263,3.5444044072363954,-1.1390402148046728,1.4647518224821368,1.64781797525167,0.15972488282945613,-2.0155521413491932,-1.2019832646811899,-0.10746058672779356,1.0389375387618198,2.709
-0.7153373411947063,-1.3363221489839596,0.3212421989095571,0.08680415995603383,-0.47959597592452885,0.35035454792306514,-0.6629552751175473,-0.13165090228373288,-0.5336960110810768,0.6327729327255478,-0.6778756714205805,-0.4580025048480465,0.8269446902319916,-0.207719815616417,0.5035587294149036,0.5193064410292069,0.6806690015589014,-0.4359842998838577,-0.3777817061309503,-0.5985406129030181,0.10485849507977622,2.664
-0.7118732378475164,0.7392040869783525,0.13847104864973722,-0.26632743406800763,-0.47959597592452885,0.008165658163843358,0.007932258485542189,-0.24416049811198903,0.2150812683091146,0.31956411221450415,1.2120123022426246,-0.4781152102489391,0.7477285007629162,-0.994626608601432,0.14976452903510767,-1.735683273299995,2.059889906063909,-1.3695796211081455,-1.386791346108692,-1.822148344789618,1.4389670422517384,1.96
-0.7084091345003266,1.8811602890941626,-1.1001433580697029,1.8763720817549505,-0.47959597592452885,0.5378553094349675,1.371631754894437,-0.2735108274584906,-0.4436024881597971,0.6868726380865463,-0.7905519191728573,1.5170651655196086,-0.12364958339692653,-0.12225053847572286,-1.8415019438989653,-0.8084737965334343,-1.5739088237619772,0.5117564049953437,1.6699768053186141,-0.30389259719788336,-1.5988204563316037,2.163
-0.7049450311531367,0.6725205131321738,-0.628865681366696,-0.05113786895960758,-0.47959597592452885,0.8519190849674039,-0.1499236317740084,-1.2469634174507935,0.06292331848650885,0.906118812444277,-0.42179329016540246,-0.5505209496921526,0.5479659360148095,0.8591725404156997,0.8072581757586222,0.02723474502590184,0.12129457898875931,-0.21437328929021385,-0.4096451684460369,-0.336631265609565,0.6084489360213998,2.503
-0.7014809278059468,-0.21103684032969403,-1.5064693036886416,-0.5164623131683703,-0.47959597592452885,0.6503557663421089,-1.0619798866069663,-0.7088740460982642,1.4003116142957277,0.6640938147766522,-0.23741397566167508,-1.2745783441242868,1.4985602096437276,0.06342409807130342,1.5132811154545869,1.2065801321412655,0.2237753892306174,-0.46899019507865625,-1.433524424170819,0.12171009215397792,1.4308446157849382,2.71
-0.698016824458757,0.8809066814014822,-1.574442045520806,-1.2300824094252867,-0.47959597592452885,0.4956676380947895,-1.6714790184424528,0.3379543672602927,1.6765984179209854,1.022860281907484,1.2734720737438672,-1.045293502554111,-0.6471652703229959,1.089055423759636,1.0608628680662637,-1.3310458042724826,1.282743761729818,-0.3888330210341461,-1.77977404799476,-1.1837443107618268,1.4998852407527414,2.323
-0.6945527211115672,0.2724190700551016,-1.0215970786192026,0.48223797618087133,-0.47959597592452885,-0.784025059223944,-0.8339658228987267,-0.058275078917478886,0.29516439979469655,0.6156888152431271,-1.8968278061952215,0.6481962922010475,0.2930964568534321,0.9240113023845018,-0.7128045170235985,-0.6437721131604258,-0.06658690645464731,0.9785540656074876,0.12778522926842342,-0.655833282623461,-0.34390556721094484,2.269
-0.6910886177643772,-0.7111636441760342,-0.2633233808470569,-0.43737554992340255,-0.47959597592452885,-0.7277748307703734,-0.8120413936960108,0.3379543672602927,0.5854657514299312,-0.12177558941469387,0.03915499609391488,1.328005734751218,-1.6425339119126958,1.3248327400098276,-0.8865706950862418,-0.8654077117734855,-0.510670417502699,0.2524243713219301,0.6970790892979701,0.00712475271309218,-0.9652711919211738,2.351
-0.6876245144171874,0.5224824719782717,-0.34186966029755805,-0.23689980123267085,-0.47959597592452885,0.9456694657233551,-0.31216440787410155,-0.37134525861349593,0.47334936735011646,0.00350793878972372,0.8022804922343415,-1.668787369981782,2.4457103011218138,-1.2304039248516236,1.5774650190633108,-0.49940397094458017,1.6328865300561666,-2.171151361553242,-1.609835582314298,-0.5944482793515574,1.9648941559770632,2.222
-0.6841604110699976,0.08903924197811013,2.5265800450197804,-1.642069269120001,-0.47959597592452885,1.0769199987816869,0.5472732168723395,-0.8898677437350241,-0.7759474838249621,0.809308813377227,2.2568284177637454,-1.2061951457612519,0.27587554609928544,2.262047572104339,0.9137095280852866,0.8893768900895459,0.6379686639581273,-0.6953163335572717,-0.46912363143419855,0.3754347723445097,0.6043877227879996,2.675
-0.6806963077228076,0.16405826255506117,-0.7859582402676983,-1.667818447850921,-0.47959597592452885,0.2612916862049115,-1.1759869184610863,-0.10719229449498152,1.172074689561819,-0.6485358784559945,1.3246885499949013,-1.7572832737457096,1.412455655872991,-1.032940422492088,2.549616339575936,0.3383379247304728,1.1076723775666437,-1.9589706067295394,-2.620969453113046,0.6291594525350434,2.4664539903019866,2.547
-0.6772322043756178,-0.852866238599164,-0.6137606276262153,0.2284246429760919,-0.47959597592452885,-1.0793387586051904,-0.4437109830903937,1.2184642476553404,0.3011706346561152,-1.568230869592968,-1.994139111072187,1.987702471900496,-1.3050040611314142,0.481928834415393,-1.2294066680206457,-0.25133476882721084,-2.0094522672898742,2.567552162842766,1.9248845038393065,1.369871825349338,-2.027278452455324,2.302
-0.673768101028428,-1.619727337830219,0.25175895170334484,-0.8438447284614917,-0.47959597592452885,-0.3762109029355565,-0.6980343618418919,1.3945662237343504,0.825715145886677,-1.2293958728582937,-0.3910634044147824,0.5999257992389052,-0.39229579116162,0.8061226442594059,-0.153934917308611,1.1354127380912002,-1.3091667306371773,1.5868055627687663,1.0794406370790095,0.6987291229098663,-0.9835466514714747,2.621
-0.6703039976812382,-0.6194737301375386,-0.6802228640843323,0.18060473961867005,-0.47959597592452885,1.2128580508778162,0.31048938148301464,-0.32242804303599326,0.6755592743512109,0.08323382037435309,-0.6727540237954752,0.6280835868001549,0.14499662436776847,0.7737032632750043,0.17168098392589146,0.4034052564333895,-1.13836538023408,1.0351356002271415,0.4464198524192893,0.7969451281449113,-0.6363129200157585,2.521
-0.6668398943340482,-1.4780247434070894,-0.11529385419034283,-1.2466354528951633,-0.47959597592452885,-2.237155960941187,-1.6276301600370222,2.5000952957859104,0.9918876437192597,-2.5733464481420443,0.4335218632268868,2.478452483682276,-0.8055976492611496,0.3610929598371701,-0.038090798600182225,0.49693954575633087,-2.876269120585591,2.199772187815016,1.1452917925301882,1.7259048443263763,-1.3185967432269905,2.749
-0.6633757909868584,0.005684774670386751,-1.8886271633228104,-0.7187772889113095,-0.47959597592452885,-0.05277208932752491,-1.0707496582880525,0.32327920258704185,1.620540225881078,-0.42359499827079045,0.8278887303598587,-0.8361213663848277,-0.2614168694301015,-0.4140249673353354,1.062428329129891,-0.5909049061518065,0.6507787652383596,-0.36997250949426147,-1.1467532633350397,-0.4839552734621324,1.447089468718539,2.421
-0.6599116876396686,-0.3777457749451408,-1.0789962828330293,0.4987910196507489,-0.47959597592452885,0.03629077239062871,-0.2639306636281273,0.1276103402770312,0.22108750317053324,0.7324302847063344,-1.2054053768062434,0.04079258909409043,-0.20975413716766148,0.340462444665278,0.39710737708823934,0.8344763289652115,-0.2886286619786732,0.3891630799860936,0.20213330800362553,0.3058651019696867,-0.055559427639531325,2.82
-0.6564475842924786,-0.777847218022213,0.28952158605454714,-0.6709573855538877,-0.47959597592452885,-1.2293393678147122,-0.5050993848579968,0.5727570020323054,0.12698982367497444,-0.16163853020700822,-0.017183127782224614,2.2290549367112074,-1.0398020355175497,1.9614314938853439,-1.0525095678307477,-0.013432337288420172,-1.2408461904759385,1.516078644494199,1.1091798685730903,-0.36118526691832625,-1.1520870006575827,2.473
-0.6529834809452888,-2.2032086089842826,0.8922132302997383,-1.956577095047663,-0.47959597592452885,-0.3293357125575809,-0.5314086999012552,0.2645785438940386,0.537415872538582,-1.4315579297336036,0.5410764633540606,-0.2689430740796559,-1.8112988373033367,1.0006389301658134,0.7055032066228403,-0.1232334595370925,-0.12209734533565383,1.1011473906167377,-0.2078432404504886,0.8624224649682746,0.26324581118238366,2.609
-0.649519377598099,0.12238102890119947,-0.6379287136109849,1.1296458985582807,-0.47959597592452885,0.6691058424932992,0.972607143405017,-0.19524328253448633,0.12298566710069533,-0.2556011763603214,-1.5229475295626638,1.6055610692835363,-1.604647908253572,-0.5731746558042128,-1.708437753490635,-0.9020080858563757,-1.5995290263224418,2.138475525310391,1.4405598766499905,0.12989475925689742,-1.4180964674452952,2.631
-0.646055274250909,0.22240638967046752,-1.6152256906201048,2.959676815505786,-0.47959597592452885,0.3034793575450896,2.029364630975897,-1.623625977397564,-0.3214757126442846,0.5245735220035511,-1.1695538434305202,2.5548807642056675,-0.6127234488147024,-1.4897589727268346,-2.8825335512111967,-0.190334145355726,-2.983019964587526,1.7754106781676124,3.04860260815136,0.11761775860251725,-2.8090619998848605,2.422
-0.6425911709037192,1.0726219562092458,-0.9747714120237105,0.8887071547189606,-0.47959597592452885,-0.4887113598426979,-0.1323840884118361,-0.058275078917478886,0.3532246701217435,-0.1331650010696409,-0.2630222137871945,0.8251880997289026,-0.12020540124609597,0.31393749658713177,-0.6736679904329131,0.2732705930275562,-0.7754125106274993,1.4406365983346603,0.905253709756536,0.47774311113101436,-1.0018221110217755,2.597
-0.6391270675565294,0.43912800467054836,-0.41437391825186687,-0.7739541004775664,-0.47959597592452885,-0.9574632636224537,-1.588166187472134,1.4679420471006042,0.8897816510751426,-0.6428411726285209,0.2849940820988847,1.0263151537378288,-0.9881393032551081,1.1745247009003301,-0.2055951324083157,-0.27370166410008684,-0.5149404512627765,0.5070412771103725,0.4442956215982833,0.27312643355800503,-0.3987319458618474,2.382
-0.6356629642093395,0.8559003412091652,-2.773783312514995,0.2688876381246804,-0.47959597592452885,-0.39027346004894914,-0.7945018503338385,0.23522821454753715,1.6826046527824041,-0.06767588405369536,-1.0210260623025158,-0.3574389778435834,1.0198188906784387,-1.6223837131175671,1.276896494846847,0.45627246344200884,-0.16052764917635065,-0.3369666142994639,-0.819621716900151,0.4490967762707943,0.4683370794690932,2.671
-0.6321988608621496,0.505811578516727,-1.3252086588028695,-0.6838319749193469,-0.47959597592452885,0.34566702888526757,-1.1628322609394566,-0.43493763886424935,1.7346586882480324,0.7836826371535962,-0.5754427189185097,-1.3952545765296425,1.488227663191239,-0.5112831102885378,1.8702062379616378,0.5599735233435325,0.5440279212364241,-0.30867584698963696,-1.8222586644148755,-0.475770606359212,1.0897027041793224,2.61
-0.6287347575149598,-0.0276570122527026,-0.35848521941208733,-0.6065844387265883,-0.47959597592452885,-2.471531912831065,-1.4610044980963854,2.221267166994145,0.3171872609532316,-1.9013711605001693,0.7203341302326849,1.0625180234594354,-0.32685633029586075,-0.534860841913557,-0.05687633136371123,-0.21270104062860382,-1.1639855827945447,0.9879843213774299,0.26798446345480453,-0.3284465985066446,-0.538843802414154,2.268
-0.62527065416777,1.8311476087095289,0.7109525854139664,1.0928613575141088,-0.47959597592452885,1.0769199987816869,1.156772348707826,-1.3643647348367998,-1.09628000976729,2.4579261504308114,-0.8622549859243079,-0.4338672583669754,0.17943844587606186,1.4604046968536872,-0.6893226010691873,-1.383913011281102,1.31263399805036,-2.2984598144474626,-0.10588016104221147,-3.1521567490141833,-0.21800795697553893,2.086
-0.62180655082058,1.564413313324814,-0.11378334881629489,-0.9725906221160889,-0.47959597592452885,-0.010584417987346878,-1.5004684706612725,-0.45450452509525047,0.4032766273002322,-0.4976261740279461,0.7356990731079961,-0.9970230095919687,-0.03065666532453198,-0.6350662013198904,1.1360049991203796,-1.5323478617283814,1.282743761729818,-0.7849037633717232,-1.7479105856796733,-0.7908802898216473,2.0542408471118674,2.234
-0.6183424474733902,0.2974254102474186,-1.186242164390445,-0.35461033257401803,-0.47959597592452885,1.1941079747266259,-0.9698972839555614,0.13250206183478147,0.5874678297170708,0.04052352666830164,-0.5498344807929904,-2.1555148406833835,0.3654242820208509,-0.6733800152105462,1.6181670067176237,-0.6681723625490187,1.7823377116588763,-1.171544249939358,-1.4016609618557323,-1.2287599798278888,1.6420277039217481,2.313
-0.6148783441262003,-1.6280627845609914,-1.19832620738283,0.18428319372308674,-0.47959597592452885,-0.2824605221796053,-0.29023997867138573,0.42111363374204713,0.577457438281373,-0.07906529570864242,-0.6676323761703723,0.8734585926910449,-0.7608232813003661,0.1754183232901438,0.0041766501177579515,-0.6885059037061815,-0.6729317003856412,0.5023261492254013,0.5207679311544912,-0.12792225448509503,-0.42512983187894865,2.347
-0.6114142407790105,-0.1276823730219707,0.7985618971087565,-1.1767448249112382,-0.47959597592452885,-0.02464697510073955,1.2927038097646617,0.13250206183478147,-0.09123670962323645,-0.9731341106219851,1.3605400833706267,0.4390241560317643,-1.2188995073606776,1.8140706712289747,-0.01930526583665322,0.06383511910879382,-0.5362906200631636,0.9455481704126895,0.8245329385583166,-0.037890916352970525,-1.2190970190086858,2.517
-0.6079501374318206,1.0892928496707905,0.03575668321446712,-1.103175742822896,-0.47959597592452885,-0.9668383016980489,-0.9655123981150188,2.015814861568634,0.657540569766955,-1.8842870430177487,0.3771837393507473,0.5234975187155133,1.5571113062078257,-0.7057993961949479,0.7180268951318596,0.8731100571638185,-0.05377680517441503,-1.5346090970821364,-0.7771371004800355,2.3520318776997873,0.45006161991879245,2.427
-0.6044860340846308,1.3393562515939608,-1.3856288737647935,-1.8480626989673585,-0.47959597592452885,-0.05277208932752491,-1.136522945896198,0.5923238882633065,2.028964196457546,-0.3780373516510022,0.26962913922357357,-0.20458241679679953,-0.08231939758697357,0.9888500643533038,1.7841058794621298,-0.25743483117435767,-0.02815660261395047,0.25713949920690127,-1.620456736419327,-0.05426025055881135,1.2907327592326316,2.306
-0.6010219307374409,-1.569714657445585,-0.6077186061300236,-0.5293369025338296,-0.47959597592452885,0.44879244771681387,-0.6848797043202622,-0.06316680047522916,0.43731195818160457,0.4306108758502379,0.2901157297239877,-1.2504430976432157,0.7408401364612551,0.12826286004010548,1.1657487593293006,0.5152397327977768,0.46716731355503044,-0.5491473691231654,-1.0872748003468784,0.3508807710357494,1.0064478328946185,2.614
-0.597557827390251,-0.08600513936810895,-1.878053625704473,2.8346093759556035,-0.47959597592452885,0.8050438945894284,1.3365526681700926,0.21566132831653606,-0.2113614068516094,0.35373234717934526,-2.357776092454539,1.1067659753413992,-0.28897032663673683,-1.2333511413047495,-1.927602302398473,-0.4729703674402705,-3.2947324290731776,0.9549784261826318,2.647122982981269,0.08487909019083562,-2.5796034521977496,2.452
-0.5940937240430612,0.7725458739014418,1.1021734772924243,-0.5035877238029095,-0.47959597592452885,-1.0465261253406075,0.29294983812084235,0.3330626457025424,-0.23338426801014445,-0.2185855884817435,0.9815381591129659,-0.27698815624001294,1.3573487414597205,-0.21656146497579953,0.22960304328010586,0.4054386105491045,0.6080784276375854,-1.0395206691601657,-0.9831874901175953,0.2649417664550837,0.935376601310115,2.47
-0.5906296206958713,-0.9528915993684322,0.29556360755073957,-1.053516612413266,-0.47959597592452885,-0.7418373878837661,0.19648234962889477,1.0276871069030802,0.9898855654321201,-0.32963235211747727,-0.3756984615394712,1.183194255864791,-1.5736502688961076,1.5871350043381656,-0.42632514237978136,-0.6661390084333036,-0.5320205863030862,1.1152927742716512,0.2191271545716717,-0.29980026364642365,-0.1469367253910356,2.427
-0.5871655173486814,-1.1279359807146512,-0.6787123587102838,-1.1785840519634474,-0.47959597592452885,0.4394174096412188,-0.45686564061202245,-0.028924749570977265,1.532448781246938,-0.09899676610479975,0.08524982471984616,-0.3172135670417982,0.10366643855781552,1.4309325323224138,1.2534145788924358,0.4318722140534142,-0.062316872694569876,0.3797328242161513,-0.5880805574105217,0.14626409346273822,0.7160710867065048,2.492
-0.5837014140014916,-0.4861065824451811,-1.6378832712308258,-1.1473171920759013,-0.47959597592452885,-1.8059042094638118,-0.15869340345509453,1.3114069572525957,1.9849184741404762,-0.39227411621968605,-0.08888619453367301,-0.1844697113959069,0.3482033712667027,0.9299057352907572,1.5085847322637045,1.143546154554064,-0.48505021494223455,1.2190255877410165,-0.6794224827137699,1.1939014826365506,0.6510916749721019,2.667
-0.5802373106543017,1.5310715264017245,-1.0744647667108849,0.0077173967110660035,-0.47959597592452885,0.040978291428426274,0.23156143635323934,-0.5083134622305033,1.2401453513245637,-0.13031764815590416,-1.3641764531844536,0.8010528532478314,-1.074243857025843,1.6283960346819484,-0.027132571154790307,-1.0423095198407895,-1.1810657178348545,1.4123458310248334,0.41243215928319693,-0.04607558345589094,-0.19161007095843768,2.46
-0.5767732073071119,1.4310461656324565,-0.5563614234123871,-0.07320859358610934,-0.47959597592452885,-1.4777778768179828,-0.9830519414771911,1.1108463733848346,0.5334117159643029,-1.9156079250688531,-0.892984871674928,0.5838356349181911,0.9199376083043861,-0.5643330064448329,0.26247772561628163,2.139889671254975,-0.8608131858290478,0.1864125809323339,0.6397248571308145,1.8814135192818633,-0.7297208243839628,2.945
-0.573309103959922,-1.0445815134069276,0.8378350368340067,-0.09895777231702944,-0.47959597592452885,0.13941619122217502,0.06055088857205905,-0.26861910590074034,-0.5577209505267514,-0.13885970689711444,0.04427664371901785,-0.42582217620661833,-0.19253322641351478,-0.02793961197564618,0.18733559456216564,-0.31640210053012746,1.6542366988565538,-1.0253752855052516,-0.05065015969606134,-0.737679953652665,0.4683370794690932,2.238
-0.5698450006127321,0.15572281582428882,0.6762109618108606,0.19715778308854598,-0.47959597592452885,0.3316044717718749,0.09124508945586104,0.31349575947154135,-0.9000763376276143,0.26546440685350564,0.04939829134412309,0.09308562313641122,0.28620809255177404,0.40824842308720843,-0.1069710853997885,-0.5400710532589021,-0.12209734533565383,-1.0253752855052516,-0.04427746723304402,-0.7990649569245677,0.3972658478845899,2.208
-0.5663808972655423,0.7642104271706694,0.9254443485287969,-1.9216317810557004,-0.47959597592452885,-2.134030542109641,-0.3560132662795323,2.12343273583914,0.5394179508257215,-2.476536449074995,1.2324988927430387,0.39075366306962195,-0.6884954561329488,-0.03972847778815577,0.38928007177010227,-0.739339756599084,0.18961511914999798,1.1907348204311896,-1.023547875716705,0.551405115057299,0.7871423182910082,2.544
-0.5629167939183524,-0.9945688330222938,0.9420599076433255,0.5227009713294598,-0.47959597592452885,0.8050438945894284,0.6262011620021148,-0.3566700939402451,-0.6558227865965893,0.11170734951172072,0.023790053218603693,1.589470904962822,0.5100799323556855,0.2373098688058188,-1.0744260227215314,1.1537129251326461,0.24939559179108195,-1.157398866284444,0.8054148611692649,0.9933771386150011,-0.8434347949191682,2.745
-0.5594526905711625,1.1809827637092865,0.5040133491693769,0.8390480243093295,-0.47959597592452885,0.4253548525278261,-0.0008375131955439551,-0.3762369801712462,-0.866041006746242,1.4385738073130514,0.6947258921071678,0.7487598192055106,1.0990350801475142,0.07816018033694007,-0.5202528061974264,0.9422440970981653,-0.6046111602244024,-1.3412888537983196,0.36782331204207563,-0.22613825972013996,-0.21191613712543864,2.763
-0.5559885872239727,-0.7945181114837576,-0.17873507990036333,1.433118362172691,-0.47959597592452885,2.1316117822861376,1.8276598823109156,-2.8612315315083814,-0.9621407645289403,2.5518887965841244,-0.03766971828263877,-0.48616029240929615,1.6328833135260736,-0.711693829101202,-0.21968428198096246,0.031301453257335486,0.7746097442806048,-2.199442128863069,-0.4606267081501755,-0.8890962950566922,0.3546231089338879,2.585
-0.5525244838767829,-1.3529930424455041,-0.8509099713517667,0.22106773476725855,-0.47959597592452885,-0.11370983681889318,-0.5927971016688581,-0.4006955879599975,0.231097894606231,0.9032714595305402,-0.2630222137871945,-0.9205947290685766,1.2987976448956193,-0.12519775492884994,1.1923615974109665,2.052455444279182,-0.30143876325890545,0.6815010088543053,-0.2099674712714944,1.3043944885259748,0.23481731854858226,3.021
-0.5490603805295929,-0.7278345376375789,-1.3780763468945532,-0.8383270473048658,-0.47959597592452885,0.6034805759641333,-1.228605548547603,-0.23437705499648848,1.550467485831194,-0.36949529290979194,-0.6522674332950611,-0.0637934789905512,-0.4749561627815259,1.0507416098689801,0.9919825812666574,0.10450220142311584,-0.8821633546294348,0.29957565017164167,0.06405830463825021,1.2962098214230553,0.31604158321658615,2.472
-0.5455962771824031,-1.0695878535992447,-0.38416381077090417,-0.4741600909675727,-0.47959597592452885,0.48160508098139676,0.9156036274779575,-0.6306065011742601,0.48736391536009327,0.7808352842398595,-1.3846630436848677,0.34248317010747964,-0.8572603815235896,1.195155216072222,0.2108175105165769,0.02926809914161686,-1.2194960216755513,0.11568566265776709,0.21063023128764863,0.13807942635981874,-0.2708037290097414,2.476
-0.5421321738352133,-0.7945181114837576,-0.755748132786737,-0.5624429894735831,-0.47959597592452885,0.18160386256235306,-1.9301872830344926,-0.9338932377547765,0.9838793305707015,1.1225176338882703,0.29523737734909067,-0.08792872547162234,0.8097237794778449,0.3994067737278259,0.8573529297946997,-0.14356700069425352,0.45435721227479814,-0.8980668326110309,-1.4356486549918248,-0.07062958476465217,1.2318451673483288,2.476
-0.5386680704880233,-1.3613284891762765,-0.5895925416414457,-0.0676909124294835,-0.47959597592452885,-0.6433994880900172,0.9243733991590437,0.9983367775565787,0.41328701873592993,-0.25275382344658465,-0.0069398325320164005,0.17755898582016022,0.4687497465457326,0.11057956132134175,0.33761985667039757,1.1903132992155345,-0.4765101474220797,0.5023261492254013,0.11716407516339457,1.7463665120836769,-0.5997620009151567,2.757
-0.5352039671408335,-0.9778979395607491,1.4118270789722838,-2.236139606983362,-0.47959597592452885,-1.5246530671959584,-0.25516089194704117,1.1988973614243394,-0.05720137874186408,-1.058554698034088,1.8880697887562905,-0.05574839683019417,-0.8951463851827136,0.7177061506655846,0.7806453376769562,-1.231411452602391,1.2186932553286567,0.16283694150747813,-1.3103190365524844,-1.2410369804822698,1.0754884578624215,2.392
-0.5317398637936437,-1.7364235920610318,0.029714661718274724,-0.45760704749769676,-0.47959597592452885,1.137857746273055,0.07370554609368875,-1.3056640761437965,-0.1052512576332133,1.9881129196642457,0.6127795301055112,-1.9664554099149927,0.13121989576445084,0.7825449126343867,1.2596764231469455,0.5498067527649502,0.5141376849158821,-0.8131945306815501,-0.762267484732995,-0.37346226757270734,0.9231929616099145,2.8
-0.5282757604464539,1.3476916983247331,-0.89622513257321,-0.593709849361129,-0.47959597592452885,-0.31058563640639064,-0.3340888370768164,-0.19524328253448633,1.021918818026353,-0.6485358784559945,-0.04279136590774174,0.048837671254447476,0.33442664266338507,1.4132492336036488,1.1015648557205764,0.6779080620550685,-1.9069714570480158,0.610774090579738,0.32746292644296593,0.6496211202923439,-0.3865483061616468,2.633
-0.5248116570992639,1.3060144646708716,-2.1665601521476607,-0.052977096011815106,-0.47959597592452885,-0.455898726578115,-1.342612580401722,0.7586424212268157,1.4163282405928441,0.39359528797166,-0.9544446431761705,-0.715445133979472,0.6168495790313977,0.6882339861343101,1.186099753156457,0.8588765783538062,0.8557403857220758,0.35144205690632435,-0.7665159463750065,0.8951611333799562,1.3110388253996326,2.736
-0.5213475537520741,-0.5361192628298153,0.6278747898413214,-0.0676909124294835,-0.47959597592452885,-0.7277748307703734,-0.36039815212007487,0.8271265230353192,-0.2153655634258885,-0.5431838206477343,2.128787227136156,0.41488890955069313,0.24487790674182108,-0.8089519720544045,-0.21029151559919795,1.2919810050013432,-0.25019835813797636,1.1388684136965068,0.0406917656071867,0.15444876056565954,-0.027130935005729995,2.771
-0.5178834504048843,-0.16935960667583236,0.6852739940551489,-0.6286551633530917,-0.47959597592452885,-1.7449664619724436,0.05178111689097291,1.3456490081568475,0.5153930113800469,-1.3831529302000787,1.7805151886291168,-0.08390618439144383,1.0749258050917094,-2.0526773152741664,0.7555979606589176,1.1171125510497542,0.5354878537162693,-0.30396071910466527,-0.7771371004800355,1.5417498345106675,0.5048879985696949,2.895
-0.5144193470576943,-2.72834175302294,1.003990627979298,-1.6641399937465036,-0.47959597592452885,0.3362919908096725,-0.9392030830717604,-0.6208230580587595,0.4152890970230695,-0.31539558754879343,0.3720620917256443,-0.9407074344694693,-0.9846951211042791,1.133263670556547,0.8182164032040142,-0.5990383226146702,0.8557403857220758,-0.5114263460433961,-1.0893990311678838,-0.7008489516895228,1.0064478328946185,2.395
-0.5109552437105045,0.23907728313201218,-1.9143057546816273,0.10887488458253561,-0.47959597592452885,-1.168401620323344,-1.6057057308343063,1.4972923764471058,1.5704882687025892,-0.725414407126887,-0.27838715666250335,2.1928520669896003,-0.437070159122402,0.3728818256496797,-0.8364759410501644,0.6799414161707835,-2.047882571130571,2.3506562801340927,1.2748698726115402,0.41635810785911265,-1.0261893904221768,2.546
-0.5074911403633147,0.43912800467054836,0.6384483274596576,-0.3858771924615623,-0.47959597592452885,-0.029334494138537115,0.2578707513964978,0.6510245469563097,-0.5517147156653327,0.054760291236985455,1.3963916167463508,-0.3976643886453687,0.2552104531943097,-0.3079251750227478,0.09966977499903032,-0.4953372627131465,0.21950535547053998,-1.1102475874347324,-0.39689978352000227,-0.6190022806603187,0.08049121567937506,2.395
-0.5040270370161247,-0.5194483693682705,0.5538600265129647,-0.23689980123267085,-0.47959597592452885,0.7675437422870479,-0.11484454504966382,-0.5621223993657563,-0.6818498043294036,1.1481438101119017,-0.29887374716291754,-2.2560783676878464,1.0198188906784387,0.216679353633928,1.1532250708202814,1.1252459675126179,1.675586867656941,-1.4733124345775108,-1.0086782599696646,-0.18112259065407724,1.3516509577336346,2.61
-0.5005629336689349,0.9392548085168886,0.8876817141775939,-0.4741600909675727,-0.47959597592452885,-0.84965032575311,-0.9304333113906742,0.5238397864548028,-0.35551104352565693,-1.972554983343588,0.336210558349919,0.44304669711194283,1.264355823387326,-0.46707486349162786,0.29691786901608475,2.2578242099665107,-0.18187781797673755,0.06381925592308436,0.2998479257698909,2.8062809019118684,-0.023069721772329802,2.766
-0.49709883032174507,-1.6363982312917638,-1.202857723504973,-1.4912526508389004,-0.47959597592452885,-1.0277760491894172,-0.9523577405933891,1.502184098004856,1.802729350010777,-1.844424102225434,0.08012817709474318,1.3682311455530032,-2.3864772564918493,1.1155803718377821,-0.2697790360170398,-0.8125405047648662,-0.6088811939844799,1.9404401541416023,0.29559946412787935,0.7969451281449113,-0.09617155997353323,2.474
-0.4936347269745552,0.8892421281322546,-0.5291723266795217,-2.03566385829263,-0.47959597592452885,-1.0559011634162023,-0.9523577405933891,1.4239165530808517,1.6685901047724272,-2.3056952742507892,0.059641586594329034,-0.25687545083912033,-1.3704435219971718,0.9122224365719922,1.2001889027291037,-0.678339133127601,-1.7916805455259257,0.615489218464709,-0.5434717101694004,0.07260208953645546,0.5982959029378992,2.3
-0.49017062362736535,-2.378252990330502,-0.5911030470154943,-0.7426872405900204,-0.47959597592452885,-0.2590229269906175,-1.2768392927935763,1.0179036637875798,1.2641702907702383,-0.5175576444241035,-0.739335442921823,0.8734585926910449,0.6788448577463264,0.5231898647591758,0.34075077879765236,1.0866122393140145,-0.6430414640650993,0.18169745304736273,-0.001792850812928542,0.49411244533685517,-0.16521218494133647,2.887
-0.48670652028017547,0.8809066814014822,-0.9717504012756147,-0.1945975790318732,-0.47959597592452885,-1.7965291713882168,-1.7328674202100558,2.4120443077464055,0.9258190602436546,-1.1525173441874013,0.07500652946964022,0.29823521822551596,-0.3647423339549847,-0.8855795998357188,0.18733559456216564,0.4786393587148849,-0.10928724405542156,1.266176866590728,0.14477907583646962,1.1447934800190283,-0.10835519967373379,2.737
-0.4832424169329856,-0.7361699843683512,-0.6983489285729089,-1.9418632786299947,-0.47959597592452885,-1.5527781814227437,-1.987190798961554,1.6685026309683653,1.4803947457813096,-1.9355393954650102,1.4629730358726973,-0.7798057912623284,-0.4715119806306969,-0.7470604265387295,1.510150193327332,-0.0032655667098414744,0.23658549051084968,-0.3558271258393485,-1.2763313434163919,1.1570704806734073,1.5039464539861416,2.422
-0.47977831358579576,-1.6530691247533085,0.3982779729860103,-1.428718931063809,-0.47959597592452885,-0.2590229269906175,-0.37355280964170456,0.7292920918803141,0.7075925269454437,0.44200028750518494,1.52443280737394,-1.7210804040241028,-0.6299443595688491,0.10468512841508631,1.0953030114660667,-1.1988777867509326,1.1076723775666437,-0.7094617172121847,-1.7606559706057079,-1.2369446469308092,1.6745174097889495,2.072
-0.4763142102386059,-0.002650672060385594,0.562923058757253,-0.6544043420840101,-0.47959597592452885,0.2284790529403286,-0.7024192476824345,-0.8751925790617733,0.09695864936788116,0.49325263995244667,1.3759050262459378,-1.2263078511621444,1.316018555649769,0.39645955727469884,1.1720106035838103,0.5457400445335202,0.6635888665185918,-0.8084794027965785,-1.5779721199992114,0.22401843094048257,1.126253623279924,2.589
-0.47285010689141604,0.23074183640123985,-3.1695357205155976,-0.2957550669033444,-0.47959597592452885,0.48629260001919433,-0.7945018503338385,-0.5327720700192548,2.2912364520728272,1.1823120450767428,-0.0018181849069134307,-1.4475476105719631,0.16910589942357476,-0.5908579545229778,1.9672648239065376,-0.5685380108789286,0.5397578874763467,-0.8980668326110309,-1.5885932741042403,-1.5275003290844833,1.3963243033010366,2.488
-0.46938600354422616,1.022609275824612,1.396722025231803,-1.3514713948710506,-0.47959597592452885,-0.9152755922822757,-0.9479728547528465,0.9396361188635755,-0.3695255915356338,-1.2635641078231348,1.0378762829891033,0.2620323485039092,0.041671159842885316,1.4692463462130696,0.45189851431519895,0.18176965782032983,0.5995383601174304,-1.2894224470636364,-0.5094840170333083,0.2117414302861015,0.5048879985696949,2.609
-0.46592190019703633,-0.43609390206054705,-0.8025737993822275,0.5098263819640005,-0.47959597592452885,0.8894192372697843,0.1438637195423779,-0.32242804303599326,0.6255073171727221,0.40783205254034377,0.6383877682310283,0.15342373933908907,-0.03410084747536101,0.5968702760873604,0.17011552286226408,-0.07849966899133684,-0.42526974230115083,-0.3463968700694062,1.0072167891648132,-0.823618958233329,-0.6342823133990584,2.432
-0.46245779684984645,0.4891406850551823,0.13545003790164134,-0.659922023240636,-0.47959597592452885,-0.7980876163373367,-0.6629552751175473,0.23033649298978687,0.11697943223927668,-0.7567352891779914,0.8432536732351699,0.3505282522678367,-0.3681865161058137,-0.11340888911634034,0.008873033308640203,0.05773505676164516,0.8472003182019211,0.1864125809323339,-0.35229093627888103,1.038392807681062,0.24090913839868255,2.589
-0.45899369350265656,-1.444682956484,-0.7753847026493621,1.479099038477904,-0.47959597592452885,0.7487936661358576,1.2269305221565152,-0.3028611568049922,-0.21336348513874895,0.7950720488085433,-1.2258919673066575,0.27007743066426626,0.5514101181656385,-0.269611361132092,-0.44667613620693775,2.0483887360477486,-1.1597155490344673,0.16755206939244927,1.5361502635952502,1.0875008102985844,-1.499320732113299,2.991
-0.45552959015546673,-1.4946956368686342,1.659549960316172,-0.49439158854186693,-0.47959597592452885,-0.455898726578115,-0.7550378777689514,0.3330626457025424,-0.7178872134979152,-0.1360123539833777,2.4207211417670584,0.052860212334626004,0.32064991406006743,-1.5575449511487638,0.19672836094393015,1.2452138603398726,0.7190993053995983,0.33258154536643975,-0.13774362335729806,0.7723911268361491,0.1759297266642795,3.055
-0.45206548680827685,-1.319651255522415,0.5387549727724834,0.443614208084492,-0.47959597592452885,1.372233698162933,0.4990394726263662,-1.0953200491605353,-0.42358170528840156,0.17150176070019274,-0.2732655090374004,0.8010528532478314,1.0508165300359016,0.7795976961812596,-0.4231942202525265,2.316791479322279,-1.2493862579960933,0.6720707530843629,1.3131060273896442,1.9550755232081478,-1.221127625625386,2.996
-0.448601383461087,2.4479706667866816,-0.5790190040231095,0.05553730006848788,-0.47959597592452885,3.181616046752791,0.24910097971541162,-2.460110363772859,0.11297527566499757,1.7176143928592535,0.3003590249741959,-2.018748443957314,1.732764595900126,0.07816018033694007,1.7387075086169346,0.1797363037046112,1.2144232215685793,-1.2092652730191273,-1.3081948057314783,-0.5207862754252738,1.2988551856994321,2.371
-0.44513728011389714,1.689445014286399,0.09315588742829456,0.4068296670403218,-0.47959597592452885,-0.15120998912127367,0.8761396549130704,-0.7431160970025161,-0.34550065208995917,2.10770174204119,0.3054806725992989,-1.2665332619639298,1.2299140018790324,1.3572521209942279,0.7148959730046047,-1.2334448067181076,2.4014926068701024,-1.6147662711266455,-1.0362932606427395,-2.2027353650754167,0.8521217300254113,2.068
-0.44167317676670725,-0.2610495207143281,0.15508660776426647,0.5061479278595823,-0.47959597592452885,0.7862938184382381,1.8495843115136315,-1.5698170402623113,-0.4996606801997044,1.1367543984569546,-0.6420241380448551,-0.8320988253046492,0.6512914005396911,0.6705506874155464,0.36736361687931846,0.9320773265195865,0.0017336337065915078,-0.45012968353877164,0.12990946008942922,-0.09109125252195273,-0.34796678044434504,2.711
-0.4382090734195174,0.42245711120900364,-0.40228987525948207,-1.2043332306943666,-0.47959597592452885,0.9081693134209746,0.16140326290455018,-0.37134525861349593,1.4283407103156813,-0.6029782318362064,-0.7598220334222371,0.3022577593056945,-0.4164050662174263,2.3209919011668867,0.38614914964284747,0.2692038847961225,-0.45088994486161516,1.369909680060093,0.0980459977743426,0.03167875402185341,-0.35202799367774523,2.424
-0.43474497007232754,0.6808559598629461,0.45718768257388637,-0.33989651615634964,-0.47959597592452885,-1.8809045140685725,-0.522638928220169,1.2184642476553404,0.10496696251643937,-0.7652773479192018,0.9354433304870324,-0.19251479355626394,0.5341892074114918,-0.9297878466326287,0.10906254138079481,0.25497040598611015,0.21950535547053998,0.6060589626947668,-0.6156955580835968,0.6537134538438036,0.5373777044368965,2.438
-0.4312808667251377,-1.3696639359070488,0.28499006993240267,-0.6121021198832141,-0.47959597592452885,-1.0324635682272147,0.2534858655559542,0.3477378103757932,0.40928286216165083,0.08038646746061633,-0.12473772790939835,-0.6510844766966156,-0.9640300281993018,0.1164739942275959,-0.36527216089831205,-1.5140476746869354,0.3476063682728626,0.2760000107467859,-0.40539670680402534,-0.8890962950566922,0.3343170427668869,2.194
-0.42781676337794783,-0.6028028366759939,-1.9898310233840333,-0.6911888831281819,-0.47959597592452885,-0.6293369309766246,-0.8515053662608989,0.25479510077853806,2.0229579615961275,0.04906558540951193,-1.0466343004280352,-0.3212361081219767,0.31376154975840936,0.6764451203218005,1.3489077037737083,0.3627381741190639,-0.356949202139912,1.4547819819895738,-0.4988628629282794,0.24448009869778314,0.44803101330209233,2.639
-0.424352660030758,-0.17769505340660469,-0.49443070307641596,1.0009000049036818,-0.47959597592452885,0.1628537864111628,0.12193929033966205,0.13250206183478147,-0.28944246005005175,-0.19865411808558614,-0.44740152829092183,0.6683089976019401,-0.4921770735356726,-1.2009317603203478,-0.8129940250957529,-0.6153051555403993,-0.18187781797673755,0.6060589626947668,0.7310667824340625,-0.5617096109398758,-0.6830168721998607,2.278
-0.4208885566835681,-0.08600513936810895,0.32577371503170155,0.13646329036566487,-0.47959597592452885,-1.86684195695518,-1.342612580401722,1.6587191878528647,0.14100437168495128,-1.6308726336951769,0.9405649781121377,-0.24883036867876326,0.8441656009861382,-2.256035250539956,0.13567537946246092,1.0723787605039985,0.5824582250771209,0.2854302665167282,-0.001792850812928542,1.5703961693708894,0.43381676698519167,2.787
-0.41742445333637823,-0.0943405860988813,0.2804585538102589,-1.0608735206220994,-0.47959597592452885,1.0909825558950794,-0.7550378777689514,-0.7822498694645184,0.18505009400202135,0.031981467927091355,0.5974145872302,-2.050928772598742,1.0025979799242921,0.007426985461882569,1.8842953875342843,1.1903132992155345,1.4748952809333018,-1.38844013264803,-1.5715994275361944,0.10534075794813709,1.8369659391249573,2.401
-0.4139603499891884,-0.7278345376375789,0.562923058757253,-0.6065844387265883,-0.47959597592452885,1.3253585077849577,0.38941732661278894,-0.7675747047912675,-0.4055630007041456,0.11170734951172072,-0.18107585178553784,-0.5706336550930452,0.8028354151761868,-0.2283503307883078,0.47851135239686504,-0.3306355793401398,0.6465087314782821,-2.062703420198905,-0.7367767148809258,0.35906543813866887,0.2774600574992843,2.257
-0.4104962466419985,1.247666337555465,-0.568445466404772,-1.2834199939393345,-0.47959597592452885,0.10191603891979455,-0.7725774211311236,-0.3958038664022472,1.412324084018565,0.037676173754564876,-0.4832530616666449,-0.5183406210507243,1.316018555649769,1.0183222288845784,1.6995709820262495,0.6270742091621642,-0.1007471765352667,-0.5727230085480217,-1.5694751967151883,0.6823597887040255,1.4531812885686393,2.604
-0.4070321432948087,-1.3613284891762765,-0.39624785376328897,-1.2944553562525853,-0.47959597592452885,0.003478139126045803,-1.035670571563708,0.6314576607253086,1.4823968240684493,-0.007881472865223333,-0.5754427189185097,-0.38157422432465454,-0.20286577286600188,1.8730150002915227,0.8432637802220528,-0.9020080858563757,-0.01961653509379562,0.040243616498228586,-0.4988628629282794,-0.2916155965435032,0.44600040668539226,2.203
-0.4035680399476188,1.3560271450555053,0.8408560475821033,-1.562982505875033,-0.47959597592452885,0.1628537864111628,-0.22008180522269657,-0.41047903107549805,0.2190854248833937,-0.6001308789224696,1.4732163311229045,-1.3469840835675002,1.4090114737221604,-0.7264299113668387,1.920300991997715,0.4440723387477115,2.094050176144528,-2.0155521413491932,-2.3320740614562605,0.38361943944743104,2.2045057367476746,2.677
-0.4001039366004289,-0.9778979395607491,-0.2950439937020668,0.7820319856908651,-0.47959597592452885,-0.6152743738632319,1.003301344288819,0.5531901158013044,-0.5377001676553559,-0.523252350251577,-0.6573890809201663,0.4591368614326569,0.9888212513209729,-1.215667842585987,-0.1633276836903755,1.6396845587888025,-1.0102643674317575,0.8323851011733817,0.646097549593832,1.5171958332019055,-0.4434052914292495,2.881
-0.3966398332532391,-2.678329072638306,-1.4671961639633913,-0.31966501858205537,-0.47959597592452885,-0.9996509349626318,-0.26831554946867087,0.2645785438940386,1.3662762834143554,0.404984699626607,-1.4666094056865242,0.0367700480139119,-0.037545029626190045,1.8464900522133765,0.2953524079524573,0.7714423513780099,-1.2920865955968674,1.6009509464236797,0.5271406236175087,0.27312643355800503,-0.21191613712543864,2.495
-0.3931757299060492,-0.42775845532977474,-0.5986555738857346,-1.2668669504694576,-0.47959597592452885,-0.7137122736569808,-1.3031486078368348,1.1793304751933384,0.94583984311505,-0.42074764535705367,0.09549311997005437,-0.6913098874984009,-0.20630995501683244,0.260887600430838,1.148528687629399,-0.6661390084333036,0.9368710271635469,-0.3982632768040884,-1.3846671152876862,0.3017727684182269,1.276518512915731,2.455
-0.3897116265588594,-0.6194737301375386,-1.0820172935811252,0.0628942082773229,-0.47959597592452885,-0.7371498688459686,-0.07538057248477568,1.7418784543346189,1.2241287250274473,-0.7766667595741488,0.008425110343294783,1.0182700715774717,-0.37163069825664274,0.05163523225879384,-0.21029151559919795,0.5620068774592475,-0.9632939960709059,0.8653909963681798,0.48890446883940475,0.19537209608026068,-0.40482376571194767,2.562
-0.3862475232116695,-0.16935960667583236,0.7381416821468325,-0.420822506453525,-0.47959597592452885,-1.7262163858212534,-1.1145985166934833,1.3652158943878487,-0.2273780331487258,-1.0642494038615615,0.5615630538544747,0.5234975187155133,-1.3738877041480024,0.747178315196858,-0.7535065046779112,0.26107046833325886,-0.38256940470037654,0.870106124253151,0.2127544621086544,1.050669808335443,-0.20379371065863824,2.813
-0.38278341986447967,0.6725205131321738,-0.5986555738857346,-0.1596522650399122,-0.47959597592452885,-0.540274069258471,-1.7504069635722281,1.296731792579345,0.128991901962114,-0.5858941143537858,1.4271215024969721,-0.4338672583669754,-0.02721248317370295,-1.6577503105550946,0.5771353994053923,-0.9711421257907242,0.625158562677895,-1.2045501451341556,-1.348555191330588,-0.7704186220643467,1.426783402551538,2.384
-0.3793193165172898,-0.2610495207143281,0.7683517896277945,-1.3992912982284724,-0.47959597592452885,1.3862962552763256,-0.6629552751175473,-0.9045429084082749,0.2371041294676496,0.8776452833069094,0.9456866257372406,-1.4797279392133915,0.6134053968805672,1.1303164541034187,1.59625055182684,0.07603524380308753,1.5816461249352376,-2.581367487545732,-1.7585317397847022,-0.7622339549614263,1.6318746708382477,2.46
-0.3758552131700999,-0.7861826647529854,0.08560336055805423,-0.14309922157003463,-0.47959597592452885,1.5269218264102526,-0.645415731755375,-0.7675747047912675,-0.061205535316143186,0.7722932254986492,-0.0018181849069134307,-1.1257443241576814,0.8613865117402849,-0.2401391966008187,0.7493361164044079,0.3668048823504975,0.381766638353482,-0.7283222287520693,-0.9598209510865319,-0.36118526691832625,0.9069481086763137,2.716
-0.37239110982291007,0.28908996351664623,-1.5215743574291223,-0.44841091223665425,-0.47959597592452885,1.4331714456543012,-0.48755984149582443,-1.0610779982562835,1.3602700485529369,0.4135267583678173,-1.2156486720564514,-1.2423980154828587,-0.4474027055748906,1.2835717096660435,1.0107681140301863,-1.3127456172310368,0.27928582811162395,0.6060589626947668,-0.5073597862123025,-1.0282356358063391,0.3485312890837876,2.23
-0.3689270064757202,1.589419653517131,-0.5140672729390411,0.6790352707671863,-0.47959597592452885,0.500355157132587,0.36749289741007407,-0.004466141782225979,-0.48965028876400674,0.6470096972942315,-0.9595662908012734,0.306280300385873,0.6547355826905217,0.42003728889971803,0.2609122645526542,1.5237833741929852,-0.44234987734146025,-0.13893124313067534,0.5186437003334856,2.1965232027442987,-0.5693029016646555,2.88
-0.36546290312853036,0.33910264390128025,-0.163630026159882,-1.3385968055055906,-0.47959597592452885,0.1159785960331872,0.30610449564247105,0.7537506996690654,0.999895956867818,-1.3774582243726052,2.1543954652616746,-0.8401439074650062,0.3998661035291443,0.42003728889971803,1.2784619559104744,-0.5136374497545925,0.3945767396337143,-0.6104440316277909,-1.0129267216116762,-0.19749192485991807,1.1181311968131236,2.31
-0.3619987997813405,1.5060651862094077,-0.22556074649585392,0.5208617442772506,-0.47959597592452885,1.7847353734891183,0.09562997529640363,-1.2469634174507935,-0.5797438116852864,1.0143182231662737,0.023790053218603693,-2.2037853336455258,-0.06854266898365591,0.27267646624334757,0.45972581963333603,-1.3208790336939022,0.8557403857220758,-1.8788134326850303,-0.6241924813676198,-1.6789166704885112,0.82572384400831,2.081
-0.3585346964341506,-0.6028028366759939,-0.2738969184653931,-0.35644955962622554,-0.47959597592452885,-0.5730867025230539,-0.2507760061064986,1.1450884242890864,0.09295449279360213,-0.46061058614936823,0.5410764633540606,-0.5625885729326882,1.0301514371309273,-1.9642608216803437,1.1297431548658698,0.7043416655593782,0.5397578874763467,-1.3837250047630596,-0.7643917155540008,0.00712475271309218,0.46224525961899293,2.578
-0.35507059308696076,0.7892167673629865,0.09013487668019803,-0.5256584484294129,-0.47959597592452885,0.13472867218437745,-1.1058287450123971,0.3721964181645446,0.22108750317053324,-0.20719617682679645,0.6076578824804082,-1.1659697349594669,-0.30274705524005446,-0.738218777179347,0.606879159614313,0.27937065537470485,0.18107505162984314,-0.1625068825555311,-1.2147286496072245,0.13398709280835716,1.3800794503674358,2.906
-0.3516064897397709,0.22240638967046752,0.34087876877218287,-0.9946613467425923,-0.47959597592452885,-2.25121851805458,-0.9304333113906742,1.1206298165003352,0.44732234961730233,-1.5539941050242845,1.8522182553805664,0.7930077710874743,-0.8813696565793959,0.07816018033694007,-0.016174343709398385,-1.0077424998736162,0.21523532171046256,0.615489218464709,-0.12499823843126343,0.37134243879304996,0.001297557628071334,2.212
-0.34814238639258105,0.7892167673629865,-0.8418469391074778,2.463085511409477,-0.47959597592452885,1.4659840789188843,1.0909990610996805,-1.2322882527775427,-1.1022862446287087,1.3189849849361073,-1.4666094056865242,0.2861675949849804,2.979558534500373,-1.3129259855391895,-0.6439242302239921,1.0784788228511473,-0.05377680517441503,-1.2375560403289543,0.9456140953556459,0.6005131176748214,-1.0586790962893784,2.525
-0.34467828304539117,0.18906460274737816,0.9299758646509406,0.9898646425904302,-0.47959597592452885,1.0675449607060916,1.2620096088808597,-1.2812054683550451,-1.0362176611531035,1.6407358641883614,-0.21180573753615795,0.20571677338140987,1.4021231094205024,-0.5466497077260679,-0.8036012587139885,-0.4079030357373538,0.5611080562767338,-0.7566129960618962,-0.2843155500066962,-0.3693699340212467,-0.17739582464153703,2.321
-0.34121417969820134,1.3393562515939608,-1.4702171747114872,1.7825715020923143,-0.47959597592452885,2.3847378103272057,2.2486089230030504,-2.748721935680125,0.18505009400202135,2.677172324788542,-0.7649436810473401,-0.8683016950262559,2.3768266581052266,-0.23129754724143617,0.27813233625255573,0.5904738350792722,0.2536656255511594,-1.595905759586761,-0.22058862537652327,-0.684479617483682,-0.19567128419183788,2.601
-0.33775007635101145,1.1559764235169694,-1.6303307443605854,-0.2902373857467186,-0.47959597592452885,-2.124655504034046,-0.9742821697961049,1.6049102507176116,1.7286524533866137,-1.4429473413885507,-0.36033351866415997,2.035972964862638,0.2001035387810391,0.8680141897750809,-0.2149878987900802,0.8365096830809265,-1.5055882836007384,2.0630334791508522,1.0008440967017955,1.4885494983416854,-1.0160363573386764,2.32
-0.33428597300382157,0.9559257019784333,1.1837407674910214,-0.2792020234334669,-0.47959597592452885,-0.18871014142365414,0.14824860538292048,0.05423451691077727,-0.5076689933482625,-0.36380058708231844,0.6281444729808223,-0.39364184756519016,-0.7642674634511967,0.14005172585261505,-0.1883750607084142,-0.3306355793401398,0.6934791028391337,-0.21908841717518446,-0.02728362066499783,0.10534075794813709,0.24090913839868255,2.595
-0.33082186965663174,-0.05266335244501961,1.0810264020557505,0.3001544980122247,-0.47959597592452885,1.0394198464793063,0.2841800664397562,-0.9877021748900295,-0.9481262165189633,1.4471158660542613,0.6639960063565454,-0.8441664485451847,0.33098246051255603,0.45835110279037383,0.15446091222598993,-0.02359910786700248,0.8984407233228501,-0.4737053229636269,-0.5009870937492852,-0.5944482793515574,0.43178616036849155,2.599
-0.32735776630944186,0.6808559598629461,-0.19081912289274813,-0.10999313463028115,-0.47959597592452885,-0.18871014142365414,-0.5445633574228839,1.555993035140109,0.4493244279044418,-0.6485358784559945,-0.6727540237954752,0.31432538254623005,-1.029469489065061,0.0545824487119209,-0.47955081854311354,-1.01587591633648,-0.9334037597503639,-0.2709548239098677,0.17451830733055046,-0.9259272970198336,-0.15099793862443578,2.224
-0.323893662962252,1.4143752721709117,-0.14701446704535273,-0.13206385925678293,-0.47959597592452885,-2.86528351200606,-0.9698972839555614,1.4434834393118527,0.34721843526032486,-1.1866855791522422,0.7869155493590304,0.8855262159315804,0.8062795973270143,-0.6822216645699287,0.2859596415706928,1.6112176011687778,-0.4466199111015377,0.9879843213774299,0.16602138404652736,1.4312568286212417,-0.17739582464153703,2.856
-0.32042955961506214,0.25574817659355686,-0.9672188851534702,1.6170410673935451,-0.47959597592452885,0.09722851988199697,-0.05345614328206082,-0.29796943524724195,-0.2193697200001676,0.3736638175755026,-0.4525231759160248,1.167104091544077,2.1150688146421897,-1.914158141977177,-0.46233074684321196,0.7572088725679975,-0.22457815557751182,0.16755206939244927,0.4379229291352662,0.17900276187441988,-0.4718337840630508,2.7
-0.31696545626787226,0.6225078327475397,-0.0775312198391405,0.20819314540179767,-0.47959597592452885,-1.135588987058761,-0.03591659991988853,2.050056912472886,-0.05319722216758498,-1.1325858737912438,-0.07864289928346707,1.1872167969449696,0.007229338334591949,0.0044797690087555,-0.7989048755231064,0.7246752067165392,-0.5277505525430088,0.898396891562978,1.043328713121911,0.9238074682401762,-0.6992617251334615,2.786
-0.31350135292068243,-0.5777964964836768,0.5614125533832051,-0.12286772399574039,-0.47959597592452885,0.26597920524270907,0.37187778325061766,-0.11697573761048206,-0.3895463744070292,0.7552091080162285,0.9815381591129659,0.08906308205623269,-1.2636738753214611,0.623395224165508,0.13097899627157866,-1.577081652274135,-0.28008859445851836,0.14869155785256466,-0.003917081633934316,-1.322883651511474,-0.08398792027333266,2.135
-0.31003724957349255,1.3060144646708716,1.4707367885601599,-1.4912526508389004,-0.47959597592452885,-0.09027224162990538,-0.27270043530921345,0.9738781697678273,-0.35551104352565693,-1.511283811318233,1.2581071308685559,-0.4821377513291176,-1.9318452125823666,1.8700677838383954,-0.022436187963908054,-0.8206739212277299,-0.6131512277445573,0.27128488286181474,0.32746292644296593,0.5391281144029179,-0.10835519967373379,2.384
-0.3065731462263027,-0.45276479552209176,-1.7360661205439527,-0.5753175788390439,-0.47959597592452885,-1.5574657004605412,-2.1231222600183877,1.2478145770018423,1.7606857059808465,-0.9019502877785662,-0.09912948978388123,-0.09195126655180086,1.4090114737221604,-1.156723513523438,1.4882337384365483,0.5091396704506281,-0.002536400053485918,0.11568566265776709,-1.210480187965213,0.060325088882074385,0.9313153880767149,2.53
-0.30310904287911283,1.8978311825557073,0.621832768345129,-0.11183236168248868,-0.47959597592452885,-0.46058624561591255,-0.8076565078554682,1.1988973614243394,-0.24539673773298176,-0.9560499931395647,0.8278887303598587,-0.7436029215407217,0.8510539652877963,-0.959260011163902,0.48164227452411984,0.8405763913123602,0.676398967798824,-0.039913557546281064,-0.5286020944223601,1.3944258266581002,0.7363771528735058,2.617
-0.299644939531923,-0.3444039880220514,0.3574943278867115,-0.46864240981094685,-0.47959597592452885,0.2800417623561018,-0.39547723884441943,-0.18545983941898578,0.006865126446601489,-0.4264423511845272,0.034033348468811904,-1.1458570295585742,1.6397716778277316,-0.6881160974761829,1.3066402550557679,1.3611150449356935,1.4236548758123728,-0.44541455565379995,-1.1743682640081148,0.5022971124397765,1.4795791745857405,2.576
-0.2961808361847331,0.07236834851656546,-0.27087590771729725,-0.30679042921659616,-0.47959597592452885,0.2753542433183042,-0.013992170717172684,-0.3958038664022472,0.5694491251328148,0.846324401255805,0.7766722541088245,-0.9889779274316116,0.3964219213783153,0.14594615875887051,0.5270406453693148,0.6392743338564615,1.1332925801271083,-1.4921729461173956,-0.8982182572773645,0.203556763183182,1.1384372629801247,2.553
-0.29271673283754324,-0.7111636441760342,-0.15607749928964168,0.633054594461972,-0.47959597592452885,-0.34808578870877116,0.5516581027128831,-0.19035156097673606,0.07293370992220662,0.5302682278310246,-0.29887374716291754,1.5291327887601442,-0.4026283376141086,0.4848760508685201,-1.0180694244309445,-1.658415816902781,-0.8949734559096671,0.6579253694294495,0.8011663995272533,-1.0978053061811621,-1.1013218352400802,2.026
-0.2892526294903534,-0.4944420291759535,0.24571693020715243,0.34797440136964825,-0.47959597592452885,1.5362968644858477,0.45080572838039196,-1.295880633028296,-0.46562534931833216,1.3075955732811604,0.0903714723449514,-1.3791644122089284,0.04511534199371588,0.37877625855593383,0.18890105562579304,-0.346902412265869,0.979571364764321,-0.4737053229636269,-0.02728362066499783,-0.4266626037416895,0.2835518773493846,2.245
-0.2857885261431635,-1.6530691247533085,0.9586754667578546,-0.470481636863156,-0.47959597592452885,-0.7277748307703734,-0.12799920257129255,0.6412411038408092,-0.31947363435714504,-0.6257570551461004,-0.18619749941064082,0.6803766208424757,-1.3015598789805836,0.11942121068072296,-0.4952054291793877,-1.7397499815314268,0.16826495034961086,0.8135245896334972,-0.010289774096951637,-0.5003246076679733,-0.6017926075318568,2.269
-0.2823244227959737,-0.0693342459065643,-0.33129612267922054,0.278083773385723,-0.47959597592452885,0.415979814452231,-0.4130167822065917,1.0912794871538336,0.25512283405190556,-0.9702867577082483,-0.3244819852884369,0.6240610457199763,0.906160879701067,-0.8885268162888446,0.24056127072549777,1.2919810050013432,-0.9248636922302091,-0.13421611524570418,0.5929917790686875,2.2088002033986798,-0.8129756956686668,2.866
-0.2788603194487838,0.9309193617861162,-0.462710090221406,0.0021997155544401514,-0.47959597592452885,1.0441073655171038,0.4201115274965909,0.3673046966067943,0.5894699080042103,-0.14455441272458797,-1.435879519935902,-0.5867238194137592,-0.46806779847986635,0.8238059429781709,0.08401516436275623,-0.21473439474431882,-0.18614785173681497,0.7097917761641317,0.3210902339799486,-0.21386125906575887,-0.20988553050873854,2.511
-0.2753962161015939,0.9059130215937992,-0.1077413273201025,0.0941610681648672,-0.47959597592452885,-1.7215288667834556,-0.6410308459148315,-0.1610012316302345,0.45332858447872093,-0.8649346998999883,1.2581071308685559,2.2411225599517426,0.24487790674182108,-0.7293771278199671,-0.8787433897681045,-0.8145738588805812,-0.9462138610305962,-0.3888330210341461,0.038567534786180926,-1.142820975247225,-0.37030345322804603,2.19
-0.2719321127544041,-2.753348093215257,-0.6998594339469575,-0.018031782019854094,-0.47959597592452885,-1.0043384540004294,-2.2722083785968534,0.7782093074578168,0.5093867765186284,-0.15879117729327177,0.4693733966026121,-0.47007012808858206,0.4687497465457326,-1.7432195876957888,0.15132999009873507,0.1207690343488432,1.2485834916491987,0.2854302665167282,-1.163747109903086,0.015309419816012589,1.1567127225304252,2.605
-0.2684680094072142,-0.47777113571440877,0.593133166238215,-0.18907989787524898,-0.47959597592452885,-0.06214712740312002,-0.22885157690378272,0.8369099661508197,-0.599764594556682,-0.36949529290979194,0.14158794859598564,-0.6591295588569727,-0.17875649781019715,-0.393394452163442,0.15915729541687218,-0.17406731242999682,1.1546427489274955,0.030813360728286276,-0.4754963238972159,0.3140497690726062,0.5739286235374982,2.519
-0.2650039060600244,-0.8195244516760746,0.6006856931084553,-0.7537226029032722,-0.47959597592452885,-0.06683464644091758,-0.4787900698147383,-0.12186745916823233,0.275143616923301,-0.22712764722295378,1.0686061687397255,0.483272107913728,0.6857332220479845,-0.13993383719448788,0.40023829921549414,1.7372855563431775,0.3305262332325529,1.4547819819895738,-0.42239055337207154,2.1392305330238566,0.3505618957004877,2.995
-0.2615398027128345,-0.11934692629119834,1.1550411653841073,-0.4594462745499043,-0.47959597592452885,-0.2121477366126419,0.5779674177561416,-0.19035156097673606,-0.771943327250683,1.0855020460096927,1.2376205403681417,-0.11608651303287201,-0.843483652920272,0.5909758431811063,-0.5312110336428183,-2.1565875752532366,1.4023047070119856,-0.36525738160929083,-0.9470755661604973,-1.4988539942242622,0.7363771528735058,2.004
-0.2580756993656447,-1.0362460666761553,-0.5397458642978579,-2.4770783508226817,-0.47959597592452885,-1.6371535241030997,-1.649554589239737,1.9815728106643822,2.038974587893244,-1.7333773385897002,0.5257115204787516,-0.7596930858614358,-0.5541723522506028,1.1981024325253493,1.9876158177336938,0.4522057552105752,-0.28008859445851836,1.3840550637150064,-0.9109636422033991,0.09715609084521669,1.0998557372628228,2.474
-0.2546115960184548,-1.244632234945464,-0.5820400147712054,-0.35093187846960133,-0.47959597592452885,-1.2715270391548903,-0.8734297954636138,0.6999417625338125,0.7816694235696071,-1.6109411632990194,-0.8059168620481684,2.00379263622121,-1.1327949535899426,0.25204595107145544,-0.8818743118953594,-0.289968497025816,-2.0649627061708804,1.6763929925832182,1.0157137124488362,0.8583301314168129,-1.1317809344905816,2.468
-0.2511474926712649,-0.9778979395607491,-0.8554414874739112,-1.41584434169835,-0.47959597592452885,-0.11839735585669076,-0.6761099326391761,0.5580818373590546,1.3842949879986113,-0.3751899987372655,-0.621537547544441,-1.1941275225207162,0.05544788844620297,1.1185275882909091,1.416222529509687,0.33020450826760556,-0.24165829061782151,0.24770924343695894,-0.8047521011531105,0.38361943944743104,0.6490610683554017,2.514
-0.24768338932407508,1.397704378709367,1.1897827889872137,0.3056721791688506,-0.47959597592452885,-1.0043384540004294,0.7314384221751485,-0.033816471128727536,-0.9561345296675215,0.32241146512824087,1.140309235491174,1.006202448336936,-0.5507281700997723,0.5703453280092142,-1.262281350356821,-0.33266893345585663,0.7148292716395208,0.4693202540306033,0.47191062227135855,0.1871874289773412,-0.3418749605942447,2.473
-0.2442192859768852,0.10571013543965481,0.031225167092322655,-0.15229535683107717,-0.47959597592452885,-2.537157179360231,-0.5840273299877721,1.648935744737364,0.6475301783312571,-1.7789349852094885,1.6524739980015277,1.3239831936710396,-1.3084482432822433,-0.39634166861657033,-0.8850052340226141,-1.2964787843053076,-1.582448891282132,1.3840550637150064,0.9201233255035767,-0.7704186220643467,-0.9551181588376734,2.166
-0.24075518262969534,-0.39441666840668543,1.005501133353346,-1.003857482003635,-0.47959597592452885,-0.6855871594301953,-0.29900975035247185,1.1304132596158356,0.2371041294676496,-1.403084400596236,0.868861911360687,-0.13619921843376462,0.03822697769205629,-0.9828377427889212,0.2812632583798106,0.7877091843037408,0.1725349841096883,0.1769823251623916,-0.7389009457019315,1.509011166098986,0.49473496548619444,2.603
-0.23729107928250548,0.4724697915936376,-0.7768952080234094,-0.19275835197966568,-0.47959597592452885,0.659730804417704,-0.24200623442541241,-0.4838548544417521,0.5894699080042103,-0.016423531606433624,0.059641586594329034,-1.1539021117189312,0.5066357502048565,-0.5908579545229778,0.9011858395762673,0.35663811177191884,0.1768050178697657,-1.360149365338203,-0.7516463306279662,-0.025613915698589458,0.9130399285264139,2.404
-0.23382697593531562,-0.15268871321428765,-0.8992461433213059,-0.2277036659716283,-0.47959597592452885,-0.9715258207358465,-0.21131203354161043,1.2722731847905935,0.9078003556593985,-1.0073023455868262,0.04939829134412309,-0.2930783205607271,0.007229338334591949,-0.6910633139293086,0.5896590879144115,-0.027665816098432515,0.07859424138798506,1.3840550637150064,-0.20571900962948284,0.7764834603876088,0.4683370794690932,2.629
-0.23036287258812577,0.5641597056321334,0.6928265209253892,0.616501550992096,-0.47959597592452885,0.22379153390253106,1.4987934442701856,0.08847656781502916,-0.9020784159147539,0.4562370520738688,-0.4013066996649883,0.4671819435930139,0.9406027012093634,0.7825449126343867,-0.6220077753332083,1.5339501447715638,0.6806690015589014,0.7145069040491029,0.9604837111026862,1.676796841708854,-0.9348120926706726,2.799
-0.2268987692409359,0.530817918709044,-0.2678548969692007,-0.2700058881724243,-0.47959597592452885,0.5566053855861577,-1.2154508910259734,-0.5523389562502558,-0.07922423990039915,0.26831175976724236,-0.25790056616208923,-0.723490216139829,-0.6437210881721668,0.5939230596342334,0.2687395698707913,-1.3208790336939022,0.5611080562767338,-0.8650609374162324,-0.3268001664268117,-1.4538383251581997,0.20841943253148104,2.173
-0.22343466589374603,-0.08600513936810895,0.21248581197809457,0.2596915028636379,-0.47959597592452885,0.1159785960331872,-0.8690449096230712,0.675483154745061,-0.4035609224170061,0.05760764415072222,0.8330103779849617,0.7206020316442608,-0.23386341222346776,0.5055065660404122,-0.4216287591888991,0.2468369895232465,-0.036696670134105325,1.23317097139593,0.6312279338467914,-1.171467310107446,-0.390609519395047,2.578
-0.21997056254655617,-1.1446068741761959,0.09768740355043903,0.616501550992096,-0.47959597592452885,1.0253572893659135,0.4771150434236504,-1.0072690611210307,-0.41957754871412245,0.738124990533808,-0.22717068041146912,0.9257516267333655,-0.2200866836201501,0.7383366658374755,-0.9084871499770256,-0.09476650191706781,-0.30143876325890545,0.19112770881730506,0.6864579351929415,-0.3243542649551849,-0.989638471321575,2.495
-0.2165064591993663,-0.07766969263733664,-0.02617403712150546,-0.32702192679088876,-0.47959597592452885,0.37379214311205294,0.4157266416560474,-0.5132051837882536,0.40928286216165083,0.4989473457799202,1.1505525307413822,-0.6148816069750089,-0.1408704941510732,0.13121007649323255,0.3564053894339266,-0.0256324619827175,0.21950535547053998,0.6720707530843629,-0.286439780827702,-0.005152247941288889,0.08861364214617544,2.66
-0.21304235585217646,-0.0693342459065643,-1.6983034861927497,0.7691573963254043,-0.47959597592452885,0.9034817943831771,0.5604278743939692,-1.4670908875495554,0.4953722285086515,1.1908541038179528,-0.3910634044147824,-0.7556705447812573,0.6926215863496455,0.7560199645562405,0.9058822227671494,1.9568878008405222,0.01881376874690121,0.6862161367392764,0.5632525475746066,0.8624224649682746,-0.27892615547654176,3.032
-0.2095782525049866,1.397704378709367,0.673189951062764,0.21371082655842352,-0.47959597592452885,0.8003563755516309,0.7533628513778644,-0.4887465759995023,-0.5557188722396118,0.4590844049876055,0.3413322059750242,-0.42582217620661833,-0.757379099149537,-0.06625342586630201,-0.609484086824189,-0.9833422504850216,-0.1349074466158861,0.5919135790398533,0.049188688891209795,-1.0077739680490376,-0.18551825110833742,2.325
-0.20611414915779674,-1.0362460666761553,-1.3901603898869381,1.4974913089999906,-0.47959597592452885,2.2487997582310766,1.411095727459324,-1.5698170402623113,-0.3294840257928428,0.9744552823739591,-0.8264034525485826,-0.377551683244476,0.6754006755954959,-1.038834855398342,0.11062800244442224,0.4278055058219805,-0.9120535909499768,-0.11535560370581956,0.8967567864725129,0.1135254250510575,-1.4729228460961978,2.527
-0.20265004581060686,0.9142484683245715,-0.08810475745747737,-1.4857349696822744,-0.47959597592452885,-1.7777790952370265,-1.9345721688750372,1.6782860740838657,0.839729693896654,-1.5426046933693374,0.8278887303598587,-0.3976643886453687,0.6444030362380331,-0.596752387429232,1.5774650190633108,0.4806727128306035,-0.48932024870231194,-0.18136739409541522,-1.2954494208054437,1.8855058528333248,1.4673955348855399,2.607
-0.199185942463417,2.1395591377481047,-0.8720570465884404,-1.6531046314332527,-0.47959597592452885,-1.5855908146873263,-1.3996160963287825,1.3749993375033491,2.141080580537361,-1.736224691503437,1.6371090551262177,-0.18849225247608542,-0.31652378384337215,-0.28434744339772866,0.7148959730046047,-0.796273671839137,0.1938851529100754,-0.43126917199888704,-1.6714382761234654,-0.9914046338431969,1.5872013252708457,2.251
-0.19572183911622715,-1.2529676816762363,1.2985391759186768,0.34613517431743906,-0.47959597592452885,1.840985601942689,0.2578707513964978,-2.3867345404066054,-1.4226187705710367,1.5268417476388907,0.7049691873573738,-1.0050680917523258,0.034782795541227256,0.76780883036875,-0.0443526428546919,0.5884404809635572,0.9753013310042435,-1.1385383547445593,0.14902753747848116,0.2649417664550837,-0.004794262222028929,2.644
-0.1922577357690373,-0.111011479560426,-0.8191893584967568,0.32958213084756155,-0.47959597592452885,-0.9855883778492391,1.0252257734915338,-0.4691796897685013,0.47535144563725595,0.7039567555689669,-0.08888619453367301,0.7206020316442608,-2.110942684425496,1.0507416098689801,-0.930403604867809,-0.6661390084333036,-1.044424637512377,2.0960393743456507,1.2791183342535517,-0.6149099471088589,-1.0160363573386764,2.366
-0.18879363242184743,0.24741272986278454,-0.8237208746189013,0.401311985883696,-0.47959597592452885,-0.6433994880900172,-1.1233682883745693,-0.04849163580197834,0.3131831043789525,0.4562370520738688,-0.7086055571712006,0.07699545881569711,0.9853770691701453,-0.21656146497579953,0.46911858601510054,0.8365096830809265,0.06578414010775277,-0.6057289037428193,-0.34804247463686944,0.9442691359974786,0.4886431456360942,2.772
-0.18532952907465755,-0.3777457749451408,0.16112862926045887,-0.2350605741804617,-0.47959597592452885,-0.5215239931072808,0.047396231050430324,0.7537506996690654,-0.04518890901902678,-0.3780373516510022,0.06988488184453724,1.142968845063006,-1.6631990048176717,0.8650669733219538,-0.906921688913398,-0.7922069636077052,-0.8095727807081187,1.1813045646612472,1.1856521781292981,-0.21386125906575887,-0.9266896662038722,2.446
-0.1818654257274677,-2.3699175435997297,0.2502484463292969,0.8353695702049128,-0.47959597592452885,-0.8965255161310856,1.042765316853706,0.11293517560378037,-0.5737375768238677,0.26261705393976886,0.36181879647543835,0.7125569494839039,0.27587554609928544,0.031004717086901737,-0.8114285640321257,0.15330270020030154,-1.13836538023408,1.4453517262196316,1.2302610253704191,0.21583376383756125,-1.4241882872953955,2.513
-0.17840132238027784,0.06403290178579311,-0.31921207968683574,1.4000122752329376,-0.47959597592452885,0.10191603891979455,0.8586001115508981,-0.4936382975572525,-0.6818498043294036,1.5069102772427332,-1.133702310054795,1.5291327887601442,1.6845460457885135,-0.4523387812259912,-0.6220077753332083,0.9280106182881529,-0.3398690670996023,-0.3133909748746076,0.7608060139281434,-0.1401992551394752,-0.7256596111505627,2.702
-0.17493721903308798,0.530817918709044,-0.807105315504372,0.02610966723315109,-0.47959597592452885,-0.9340256684334659,0.29733472396138494,0.13250206183478147,1.0359333660363297,-0.33817441085868755,0.023790053218603693,1.2274422077467548,-0.09609612619029122,0.25499316752458384,-0.20402967134468827,0.5864071268478421,-1.3902973720786478,0.9125422752178914,0.42305331338822555,0.5022971124397765,-0.6931699052833612,2.579
-0.17147311568589813,1.2560017842862374,1.8060689815988376,-0.5422114918992889,-0.47959597592452885,0.08785348180640186,0.5779674177561416,-0.20991844720773714,-0.8400139890134278,0.5103367574348673,0.7664289588586162,-0.36146151892376194,0.7821703222712095,1.4427213981349234,-0.08662009157263216,0.0821353061502362,0.5013275836356498,-0.4737053229636269,-0.9555724894445203,0.19946442963172045,0.9800499468775171,2.424
-0.16800901233870827,1.3476916983247331,0.14149205939783374,-2.7915861767503434,-0.47959597592452885,-1.5668407385361363,-1.0488252290853366,1.3407572865990973,1.7366607665351719,-1.6963617507111224,2.20561194151271,-0.12413159519322906,-0.19253322641351478,2.291519736635612,1.9265628362522247,0.5071063163349132,1.2101531878085017,0.45988999826066096,-1.1658713407240917,0.899253466931416,1.107978163729623,2.461
-0.16454490899151838,1.8728248423633902,-1.5457424434138918,1.670378651907593,-0.47959597592452885,0.6691058424932992,1.2137758646348864,-1.1442372647380379,-0.4055630007041456,1.8315085094087242,-1.1080940719292778,0.06895037665534005,-0.7608232813003661,-0.28434744339772866,-0.42632514237978136,-0.6254719261189798,-1.0828549413530737,0.10625540688782477,0.6949548584769646,-0.7499569543070452,-0.7622105302511644,2.492
-0.16108080564432853,-1.1279359807146512,1.2094193588498388,-1.0645519747265177,-0.47959597592452885,0.18629138160015057,0.28856495228029877,-0.21970189032323767,-0.24940089430726076,-0.06767588405369536,0.6639960063565454,-0.9527750577100048,1.3332394664039158,0.7059172848530751,0.6460156862049985,0.2773373012589862,1.735367340298025,-1.1149627153197041,-1.4760090405909345,-0.062444917661731755,1.6054767848211464,2.389
-0.15761670229713867,0.24741272986278454,-0.38416381077090417,-0.0640124583250668,-0.47959597592452885,-0.9387131874712635,0.9156036274779575,0.2645785438940386,0.2971664780818361,-0.42928970409826384,-0.05303466115794768,2.281347970753528,0.7373959543104276,1.6932347966507517,-0.7143699780872259,2.286291167586539,-1.5354785199212804,2.3129352570543236,1.7252068066647643,2.061476195546112,-2.114594536973428,2.913
-0.15415259894994882,0.05569745505502078,-1.358439777031928,-2.158892070790603,-0.47959597592452885,1.5175467883346574,-0.8427355945798127,-0.611039614943259,2.153093050260198,-0.4776947036317888,0.013546757968397754,-2.4250250930553445,-0.38540742685996043,0.8768558391344634,2.7249479787022066,0.6270742091621642,0.5269477861961144,0.6579253694294495,-1.6629413528394423,1.1939014826365506,1.577048292187345,2.743
-0.15068849560275896,-2.403259330522819,0.3861939299936255,-1.4048089793850982,-0.47959597592452885,0.32691695273407734,-0.3560132662795323,-0.9730270102167787,0.34721843526032486,1.5467732180350477,2.389991256016437,-2.062996395839278,1.7224320494476375,0.057529665165047976,2.211476749832414,0.9422440970981653,2.0385397372635214,-1.487457818232425,-3.075554848808281,-0.13201458803655478,2.998472923877412,2.794
-0.1472243922555691,0.2640836233243292,-0.9641978744053744,-1.1307641486060247,-0.47959597592452885,-0.6293369309766246,-1.1145985166934833,0.39176330439554563,1.5044196852269842,-0.7168723483856767,0.5308331681038546,-1.0895414544360749,-1.0707996748750142,1.1244220211971647,0.998244425521167,-1.385946365396819,-0.1007471765352667,0.3608723126762667,-0.6688013286087411,-0.9300196305712942,0.868366582959012,2.082
-0.14376028890837922,0.605836939285995,-0.7451745951683995,0.04634116480744534,-0.47959597592452885,2.1456743393995303,0.8673698832319843,-0.7675747047912675,0.5113888548057678,0.8121561662909639,-0.8981065193000309,-1.5038631856944626,1.412455655872991,0.07226574743068463,1.175141525711065,0.6148740844678668,1.099132310046489,-2.1664362336682705,-1.0893990311678838,-0.4716782728077513,0.7384077594902059,2.684
-0.14029618556118936,-0.29439130763741744,-0.5593824341604844,-1.1050149698751053,-0.47959597592452885,-1.219964329739117,-1.250529977750318,1.2331394123285913,1.0639624620562833,-0.7481932304367811,0.5974145872302,-0.4217996351264398,-0.5369514414964546,0.17247110683701675,0.6961104402410758,0.2814040094904198,0.11275451146860445,0.10625540688782477,-0.3119305506797713,1.1570704806734073,0.8805502226592127,2.52
-0.1368320822139995,0.08070379524733778,0.3318157365278939,-0.44841091223665425,-0.47959597592452885,0.7300435899846673,0.5516581027128831,0.4162219121842969,0.20106672029913777,-1.3746108714588685,0.018668405593500723,-0.1965373346364425,-0.437070159122402,-0.1487754865538704,0.43311298155166994,0.6352076256250279,-0.23311822309766667,0.02609823284331512,0.4273017750302371,0.7682987932846893,-0.3804564863115465,2.68
-0.13336797886680965,1.0059383823630674,-0.163630026159882,0.8280126619960778,-0.47959597592452885,-0.24964788891502238,0.5428883310317969,0.9200692326325743,-0.28143414690149354,-1.6963617507111224,-0.7649436810473401,0.44706923819212135,-0.9433649352943262,-0.8944212491950987,-1.0337240350672185,-0.8410074623848927,-0.8437330507887381,0.6343497300045937,1.1665341007402459,-0.18112259065407724,-1.2962600704432896,2.275
-0.1299038755196198,-0.8111890049453023,-0.35848521941208733,0.46200647860657706,-0.47959597592452885,0.026915734315033593,0.6568953628859168,-0.6697402736362622,-0.16731568453453927,1.3132902791086338,-0.3449685757888511,-0.9608201398703619,0.6306263076347138,0.06637131452443049,0.27813233625255573,-0.7312063401362203,-0.1519875816561958,-0.8414852979913771,-0.3501667054578752,-1.3146989844085535,0.26527641779908373,2.122
-0.12643977217242994,2.664692281786762,1.145978133139819,-0.9854652114815499,-0.47959597592452885,-0.699649716543588,0.5560429885534257,0.6852665978605617,0.34321427868604576,-0.30685352880758315,-0.0632779564081559,-0.2810106973201915,-1.6907524620243068,2.1146867494479684,-0.05531087030008382,-1.40627990655398,-0.036696670134105325,-0.6387347989376179,-0.22058862537652327,-1.0405126364607193,0.6998262337729041,2.282
-0.12297566882524007,0.7892167673629865,0.31671068278741327,-1.2061724577465749,-0.47959597592452885,0.38316718118764803,-0.1630782892956371,-0.5474472346925056,0.5454241856871402,0.1287914669941413,0.745942368358202,-1.6848775343024962,-1.4462155293154197,1.0978970731190185,0.7289851225772515,0.35663811177191884,0.5952683263573532,-0.12007073159079072,-0.7049132525658393,-0.2220459261686793,1.25418184013203,2.457
-0.11951156547805021,1.6060905469786755,0.42546706971887643,-0.6452082068229675,-0.47959597592452885,-1.051213644378405,0.4376510708587632,0.4113301906265466,0.18905425057630046,-0.48623676237299907,1.6575956456266319,0.06895037665534005,0.43086374288660867,-0.17235321817888957,0.4706840470787279,0.3241044459204605,0.07859424138798506,1.0728566233069108,-0.5179809403173311,0.25266476580070446,0.5333164912034963,2.603
-0.11604746213086034,-0.1276823730219707,-0.6424602297331293,0.2836014545423488,-0.47959597592452885,0.8237939707406187,0.38941732661278894,-1.2616385821240443,0.24511244261620782,0.8947294007893299,-0.5293478902925784,-0.9246172701487552,1.2092489089740552,0.22846821944643628,0.49729688516039394,1.0195115534953791,-0.19895795301704725,-0.24266405660004078,-0.31617901232178286,0.551405115057299,0.11298092154657655,2.702
-0.11258335878367048,-0.7945181114837576,-0.3630167355342305,-0.4226617335057341,-0.47959597592452885,-1.5527781814227437,-0.37355280964170456,1.1842221967510886,0.6895738223611877,-0.904797640692303,-0.6266591951695439,0.7688725246064032,1.3780138343646977,-0.17530043463201533,0.4080656045336312,1.9548544467248072,-0.6814717679057961,0.615489218464709,0.20000907718261976,2.0573838619946523,-0.19364067757513778,2.833
-0.10911925543648063,-1.394670276099366,-0.49896221919856043,-0.3031119751121778,-0.47959597592452885,-1.7027787906322656,-0.6103366450310305,1.595126807602111,0.3772496095674181,-1.7305299856759635,0.9508082733623436,-0.3735291421642975,0.3516475534175333,-1.215667842585987,0.7681216491679369,0.9300439724038679,-1.0529647050325317,1.4689273656444872,0.27223292509681607,1.742274178532217,0.07439939582927477,2.756
-0.10565515208929076,-0.5111129226374982,-1.4974062714443526,-0.20747216839733407,-0.47959597592452885,-0.2965230792929979,-1.456619612255842,0.7195086487648135,1.2041079421560519,-0.48338940945926234,-1.8251247394437708,0.18560406798051723,-0.6781629096804617,0.5379259470248139,0.3000487911433396,0.03536816148876552,-0.31424886453913775,0.431599230950834,0.36145061957905833,-0.5985406129030181,-0.12053883937393436,2.508
-0.1021910487421009,0.5975014925552227,0.02065162947398579,0.011395850815482694,-0.47959597592452885,-1.5949658527629216,-0.06661080080368954,1.1108463733848346,0.10296488422929982,-0.007881472865223333,-0.07352125165836183,-0.12413159519322906,-0.2579726872792725,0.481928834415393,-0.3464866281347831,-1.0850099562708284,0.45008717851472074,-0.44541455565379995,-0.09101054529517105,-1.6093470001136874,0.22060307223168163,2.019
-0.09872694539491104,-0.0693342459065643,-0.3025965205723071,0.02610966723315109,-0.47959597592452885,0.5519178665483602,0.5516581027128831,-0.45450452509525047,0.38525792271597625,0.3964426408853967,0.25426419634826236,-1.0734512901153606,0.5376333895623209,-0.5761218722573412,0.3814527664519652,0.4420389846319965,0.9923814660445532,0.08739489534794015,-0.8111247936161278,0.04395575467623357,0.9150705351431141,2.664
-0.09526284204772117,1.639432333901765,-0.3448906710456539,0.2927975898033914,-0.47959597592452885,0.8894192372697843,0.6437407053642871,-0.024033028013226994,0.293162321507557,-0.534641761906524,-0.8059168620481684,0.4712044846731924,-1.5529851759911304,0.40530120663408004,-1.0352894961308459,-1.0382428116093576,-0.37829937094029914,1.1435835415814781,0.6503460112358436,-0.29980026364642365,-0.8089144824352666,2.289
-0.09179873870053132,0.6891914065937185,0.6399588328337062,0.5061479278595823,-0.47959597592452885,0.969107060912343,1.4724841292269273,-1.2567468605662941,-0.5537167939524723,-0.05059176657127478,-0.19644079466084677,-0.4740926691687606,0.18632681017772143,-0.001414663897499946,-0.42632514237978136,0.48473942106203355,-0.5533707551034733,-0.19079764986535752,0.37632023532609876,0.17900276187441988,-0.5672722950479553,2.54
-0.08833463535334146,0.8892421281322546,-1.5230848628031708,0.4197042564057811,-0.47959597592452885,-0.5637116644474588,1.2663944947214034,0.8760437386128219,1.2321370381760055,-0.7339564658680974,-1.543434120063078,0.4551143203524784,-1.4841015329745437,1.2423106793222605,-0.6329660027786003,-0.9284416893606854,-1.612339127602674,2.147905781080333,1.2918637191795863,-0.2752462623376624,-0.9165366331203717,2.331
-0.08487053200615159,-1.5780501041763573,-0.44760503648092403,0.16956937730541835,-0.47959597592452885,-0.010584417987346878,-0.7243436768851493,-0.24416049811198903,0.6134948474498848,-0.2499064705328479,-1.5178258819375585,1.4527045082367522,-0.19253322641351478,-0.2725585775852204,-0.41693237599801686,-0.5970049684989551,-0.7028219367061832,0.7522279271288721,0.066182535459256,-0.8890962950566922,-0.5835171479815561,2.505
-0.08140642865896174,0.31409630370896324,-0.6802228640843323,1.7696969127268551,-0.47959597592452885,0.2894168004316969,0.7665175088994931,-0.4593962466530007,-0.56372718538817,1.5296891005526272,-1.5844073010639061,0.4712044846731924,-0.4749561627815259,0.4318261547122276,-1.4407439116103467,-1.365612824239658,-0.6345013965449444,0.1864125809323339,1.2387579486544422,-1.5888853323563867,-1.1520870006575827,2.272
-0.07794232531177188,-0.05266335244501961,0.9722700151242875,0.2744053192813063,-0.47959597592452885,0.7862938184382381,1.2970886956052043,-1.129562100064787,-0.7439142312307294,1.3332217495047909,-0.7034839095460976,0.2539872663435522,-0.22697504792180817,1.09494985666589,-0.6501860744785019,-0.18016737477714548,1.1461026814073405,-0.1860825219803869,0.09379753613233105,-0.3939239353300079,-0.031192148239130187,2.554
-0.07447822196458201,0.1473873690935165,1.2048878427276943,-0.7150988348068928,-0.47959597592452885,-0.5215239931072808,-0.1367689742523787,0.5776487235900557,-0.4516108013083553,0.24268558354361153,1.1147009973656568,-1.290668508445001,0.9922654334718034,0.260887600430838,0.9137095280852866,1.5075165412672542,0.6977491365992111,-0.36054225372431914,-1.2593374968483457,-0.1483839222423956,1.4125691562346372,2.705
-0.07101411861739215,-1.0945941937915618,0.05086173695494778,-1.2098509118509924,-0.47959597592452885,-0.02464697510073955,-0.8427355945798127,-0.10719229449498152,0.45332858447872093,-0.053439119485011545,0.2901157297239877,-0.5666111140128667,0.3860893749258267,0.7324422329312213,1.212712591238123,0.44610569286342655,0.2920959293918562,-0.733037356637041,-0.9513240278025088,0.6373441196379628,0.8866420425093129,2.518
-0.0675500152702023,-0.0276570122527026,-0.7134539823133895,-2.269245693923116,-0.47959597592452885,-0.5777742215608516,-1.8907233104696055,0.5972156098210567,1.8748041683478007,-1.0044549926730895,0.6998475397322708,-0.8441664485451847,-0.9295882066910085,0.76780883036875,1.6166015456539962,0.08010195203452118,0.035893903787210794,0.01666797707337281,-1.5482328885051309,0.019401753367472338,1.2643348732155304,2.617
-0.06408591192301243,0.7808813206322142,-0.22253973574775804,0.5079871549117915,-0.47959597592452885,-0.42777361235132966,0.21402189299106705,-0.058275078917478886,-0.439598331585518,0.47332116955628933,-0.15034596603491548,-0.32928119028233377,-1.3601109755446847,-0.06035899296004787,-0.6877571400055599,-1.6746826498285101,1.3510643018910569,-1.0112299018503388,-0.1526132391043385,-0.7499569543070452,0.36680674863408846,2.114
-0.06062180857582257,-0.8195244516760746,-0.14097244554916036,0.6514468649840587,-0.47959597592452885,-1.8996545902197628,-0.009607284876630099,2.553904232921163,0.26313114720046377,-2.117769981944163,0.5001032823532322,1.8951840270563898,-0.481844527083184,-1.2716649551954053,-1.461094905437503,-0.346902412265869,-2.786598411623965,2.727866510931785,1.8038033470419776,0.5882361170204403,-2.100380290656527,2.395
-0.057157705228632706,-0.7194990909068065,-0.12435688643463175,0.3847589424138184,-0.47959597592452885,0.017540696239438474,0.14824860538292048,-0.1414343453992334,-0.28143414690149354,0.8947294007893299,-0.5037396521670591,-0.12815413627340758,1.143809448108296,0.7353894493843484,0.42685113729716023,1.3834819402085696,-0.5277505525430088,0.6202043463496802,0.28072984838083914,0.03986342112477382,-0.24034462975923998,2.833
-0.05369360188144284,0.7808813206322142,1.6338713689573547,-1.967612457360914,-0.47959597592452885,-1.1918392155123316,-1.1540624892583704,0.8613685739395711,0.3171872609532316,-1.0073023455868262,2.615343751520993,-0.0637934789905512,-1.2154553252098486,1.6136599524163118,0.43311298155166994,-1.2334448067181076,1.274203694209663,-0.8744911931861746,-1.0957717236309015,-0.7172182858953636,0.8013565646079088,2.23
-0.050229498534252986,1.0642865094784735,-0.44760503648092403,-1.8517411530717751,-0.47959597592452885,0.7066059947956795,-0.7418832202473217,0.18631099897003445,1.3122201696615876,-0.9161870523472501,0.5513197586042687,-1.9584103277546356,-0.037545029626190045,0.8149642936187884,1.901515459234186,-0.9203082728978217,0.9411410609236243,-1.1149627153197041,-1.7394136623956502,-1.4129149896435975,1.8369659391249573,2.393
-0.04676539518706312,-0.5861319432144492,0.025183145596130257,0.5686816476346725,-0.47959597592452885,0.6128556140397284,0.7752872805805793,-0.20502672564998686,-0.15930737138598108,0.22560146606119094,-0.12985937553450133,1.082630728860328,0.38953355707665566,1.0153750124314513,-0.39031953791635077,-0.0540994196027458,-1.3732172370383382,0.20527309247221853,1.075192175436998,0.023494086918933,-1.4911983056464986,2.395
-0.04330129183987326,0.1307164756319718,0.19889126361166118,0.3167075414821023,-0.47959597592452885,1.372233698162933,-0.307779522033558,-1.0464028335830327,-0.32748194750570325,0.4277635229365011,0.17743948197171097,-1.439502528411606,1.1989163625215666,-0.6851688810230545,0.8761384625582287,0.10450220142311584,0.6294285964379724,-0.8509155537613193,-0.5902047882315274,0.3058651019696867,0.5942346897044991,2.458
-0.039837188492683404,0.7975522140937589,-0.36603774628232766,0.9806685073293876,-0.47959597592452885,-0.17464758431026145,0.4990394726263662,-0.06316680047522916,-0.05319722216758498,-0.31254823463505665,-1.190040433930932,0.0005671782923051808,1.1265885373541493,-0.870843517570082,-0.48111627960674097,1.2086134862569806,-0.2587384256581312,-1.2092652730191273,0.47191062227135855,2.135138199472397,-0.32766071427734406,2.732
-0.03637308514549354,-1.244632234945464,-0.9430507991687006,-0.6341728445097176,-0.47959597592452885,-0.46996128369150764,-1.3075334936773775,-0.06316680047522916,1.3522617354043787,0.27115911268097914,-1.015904414677413,-0.6390168534560801,-0.6540536346246554,2.211944892401172,0.5379988728147068,0.10043549319168218,-1.3091667306371773,1.5019332608392855,0.33595984972698906,-0.9422966312256744,-0.004794262222028929,2.367
-0.03290898179830368,0.42245711120900364,0.7094420800399185,-0.14493844862224378,-0.47959597592452885,0.026915734315033593,-0.5270238140607116,0.29882059479829054,-0.17732607597023703,-0.6542305842834679,1.2273772451179359,0.2419196431030166,0.9027166975502394,-0.02793961197564618,0.14037176265334317,0.004867849753025818,0.05724407258759792,-0.7566129960618962,0.08530061284830795,0.5186664466456173,-0.13069187245743483,2.384
-0.029444878451113817,-1.0612524068684723,-0.5276618213054731,0.8684756571446662,-0.47959597592452885,-0.06214712740312002,0.056166002731516465,-0.0729502435907297,-0.31146532120858683,1.1054335164058497,-0.032548070657533526,-0.4419123405273324,1.7017669565426603,-1.4750228904611953,0.4769458913332376,0.9849445335282059,0.6507787652383596,0.15812181362250696,-0.4882417088232505,0.7723911268361491,0.6673365279057026,2.535
-0.025980775103923957,0.6975268533244908,0.25175895170334484,-0.3582887866784347,-0.47959597592452885,0.46285500483020653,-1.0488252290853366,0.48470601399280067,-0.021163969573352225,0.14872293739029865,0.003303462718189539,-1.6567197467412464,-0.38885160901079097,0.1164739942275959,0.5364334117510794,-0.737306402483369,0.603808393877508,-1.143253482629531,-0.9598209510865319,-1.0486973035636398,0.8236932373916099,2.287
-0.022516671756734098,-0.4027521151374578,-0.10018880044986216,-0.33070038089530707,-0.47959597592452885,-1.1215264299453682,-1.0312856857231645,1.4141331099653511,0.5113888548057678,-1.72483527984849,-0.8981065193000309,1.352140981232289,-1.0053602140092548,-0.6380134177730161,-0.6564479187330114,-0.05003271137131215,-1.9112414908080932,0.808809461748526,0.5420102393645488,0.47774311113101436,-0.754088103784364,2.773
-0.019052568409544234,-1.5363728705224955,0.2578009731995372,0.46016725155436955,-0.47959597592452885,-1.2434019249281048,0.13509394786129175,0.7684258643423162,-0.5156773064968208,-0.7965982299703059,-0.36033351866415997,1.3481184401521107,1.3332394664039158,-0.2902418763039854,-0.038090798600182225,2.9450979010785696,-1.2664663930364028,0.9455481704126895,1.306733334926627,2.437970882280451,-1.391698581428194,3.316
-0.015588465062354374,-1.177948661099285,-0.43703149886258785,-0.32150424563426455,-0.47959597592452885,0.6222306521153236,-0.5445633574228839,-1.4328488366453036,1.021918818026353,0.8036141075497536,0.17743948197171097,0.5114298954749776,-0.9778067568026195,1.5606100562600194,-0.005216116264006465,0.09636878496025215,-1.0102643674317575,-0.09177996428096379,0.34233254219000636,0.5841437834689805,-0.26268130254294103,2.689
-0.012124361715164513,-2.2532212893689167,-1.2980195620700041,0.21003237245400683,-0.47959597592452885,0.9269193895721649,-0.044686371600974675,0.19609444208553498,0.8437338504709331,0.3281061709557144,-0.7290921476716148,-1.1699922760396453,2.070294446681408,-0.6851688810230545,1.3755205418553742,1.7454189728060447,-1.057234738792609,-0.18136739409541522,-0.23758247194456944,1.8077515153555805,-0.19567128419183788,2.895
-0.008660258367974653,-0.4861065824451811,-0.2814494453356341,0.2946368168556005,-0.47959597592452885,1.4800466360322768,0.7095139929724337,-0.7382243754447658,-0.025168126147631326,0.6583991089491786,-1.9326793395709445,0.2378971020228381,0.20699190308269716,0.6734979038686734,-0.17741683326302227,0.5335399198392229,-0.5619108226236282,-0.2568094402549537,0.374196004505093,0.40817344075619133,-0.48807863699665155,2.748
-0.0051961550207847915,0.30576085697819094,-0.38869532689304864,1.7108416470561814,-0.47959597592452885,-1.1590265822477488,0.27541029475867007,0.9396361188635755,-0.6578248648837289,-0.027812943261380674,-1.3488115103091423,2.1486041151076365,2.6764705052273845,-1.3512397994298453,-0.8129940250957529,2.920697651689975,-0.26300845941820866,0.6484951136595072,1.075192175436998,2.20470786984722,-1.3003212836766898,3.246
-0.0017320516735949306,0.5141470252474993,-0.5956345631376387,0.5889131452089668,-0.47959597592452885,-0.530899031182876,0.15263349122346404,0.3183874810292916,-0.1332803536531669,-0.5460311735614711,-0.7342137952967177,0.9619544964549722,-0.1374263120002442,-0.05151734360066535,-0.6220077753332083,-0.44857011805167585,-0.7711424768674218,0.719222031934074,0.951986787818663,0.6578057873952634,-1.1013218352400802,2.411
0.0017320516735949306,-0.677821857252945,-0.8493994659777181,-0.8898254047667045,-0.47959597592452885,-0.33402323159537844,-1.0137461423609921,0.9053940679593235,1.3642742051272159,-1.069944109689035,1.5193111597488358,-0.7395803804605431,-0.6919396382837778,-0.09867280685070369,1.1923615974109665,0.49490619164061583,-0.05804683893449245,1.053996111767026,-0.1844767014194251,0.39589644010181024,0.21654185899828143,2.736
0.0051961550207847915,-1.2279613414839192,0.09315588742829456,-1.0130536172646774,-0.47959597592452885,-0.8965255161310856,-1.7723313927749431,0.9347443973058251,0.9078003556593985,-0.5260997031653137,-0.6676323761703723,0.4229339917110502,0.35853591771919135,0.8945391378532285,0.561480788769118,0.3810383611605099,-0.9889141986313703,0.7758035665537278,-0.23545824112356367,0.9483614695489384,0.12516456124677713,2.535
0.008660258367974653,-0.5861319432144492,-0.8358049176112861,-0.6047452116743807,-0.47959597592452885,1.32067098874716,-1.281224178634119,-0.08273368670623024,0.8917837293622821,-0.9104923465197765,-0.6983622619209947,-0.3091684848814411,-0.4715119806306969,-0.19593094980390874,0.8855312289399931,-0.5319376367960384,-0.16906771669650553,-0.5727230085480217,-0.2715701650806616,-0.42257027019022886,0.22263367884838173,2.349
0.012124361715164513,-0.9445561526376598,0.7864778541163717,-2.306030234967287,-0.47959597592452885,-1.6371535241030997,-0.5621029007850562,1.8103625561431227,1.0459437574720276,-0.9503552873120912,1.2376205403681417,-0.31319102596161963,1.13003271950498,0.8768558391344634,1.939086524761244,0.7002749573279445,0.8386602506817662,-0.09649509216593494,-1.6353263521663672,0.6005131176748214,1.6257828509881473,2.61
0.015588465062354374,1.222659997363148,0.7290786499025436,0.10703565753032808,-0.47959597592452885,-0.699649716543588,0.10439974697748977,-0.10230057293723126,-0.38754429611988966,-0.6513832313697312,-0.5242262426674732,0.03274750693373337,0.8441656009861382,-0.8885268162888446,-0.08505463050900475,1.0378117405368252,-0.6473114978251767,0.9266876588728049,-0.03153208230700938,0.5473127815058392,-0.25455887607614064,2.766
0.019052568409544234,-0.752840877829896,0.3741098870012407,0.682713724871603,-0.47959597592452885,-0.8215252115263245,0.9068338557968714,1.2331394123285913,-0.7078768220622175,-1.511283811318233,-1.2002837291811403,1.581425822802465,0.4790822929982212,-0.8060047556012787,-1.0384204182581007,0.6819747702864986,-0.6729317003856412,-0.006907662351482971,1.6168710347934696,0.8419607972109722,-1.539932864447301,2.538
0.022516671756734098,1.7978058217864394,-1.1439480139170977,1.3926553670241026,-0.47959597592452885,-0.07620968451651268,0.37626266909116024,-0.4691796897685013,0.26913738206188237,-0.23566970596416406,-1.3180816245585223,1.066540564539614,-1.0156927604617434,-1.2009317603203478,-1.340554403538192,-1.3412125748510633,-0.19468791925696982,1.1671591810063338,1.0624467905109634,0.25675709935216423,-0.8860775338698702,2.222
0.025980775103923957,2.231249051786601,-1.3493767447876392,-0.6194590280920491,-0.47959597592452885,-0.20746021757484434,-1.4610044980963854,-0.15121778851473397,1.6485693219010318,0.6213835210706007,0.034033348468811904,-1.1659697349594669,-0.006547390268725705,0.5172954318529217,0.9403223661669525,0.17566959547318117,-0.5277505525430088,-0.28981533544975235,-1.3464309605095823,-0.07472191831611191,1.5973543583543461,2.578
0.029444878451113817,-0.39441666840668543,-0.04278959623603405,-1.2466354528951633,-0.47959597592452885,-1.4777778768179828,-1.2461450919097754,1.648935744737364,0.7796673452824675,-1.3290532248390803,0.40279197747626666,-0.19251479355626394,-0.5093979842898193,-0.3285556901946412,0.6820212906684291,-0.5583712403003481,-0.37829937094029914,-0.23323380083009845,-0.6836709443557815,0.4204504414105724,0.8216626307749099,2.318
0.03290898179830368,-0.3777457749451408,-0.7028804446950533,-2.649965693730285,-0.47959597592452885,-0.9387131874712635,-1.6232452741964787,1.521750984235857,2.481433889351084,-1.440099988474814,0.8944701494862041,-0.2810106973201915,-0.9330323888418375,1.5576628398068908,1.2925511054831214,-0.6458054672761426,-0.6216912952647121,0.2618546270918724,-1.5843448124622288,-0.8113419575789488,1.5831401120374453,2.094
0.03637308514549354,-0.5694610497529045,-0.47026261709164635,-1.244796225842955,-0.47959597592452885,0.24722912909151884,-1.566241758269419,0.6167824960520578,1.1700726112746795,-1.5881623399891256,1.1556741783664852,-1.0774738311955392,-1.9042917553757313,-0.1576171359132503,0.5771353994053923,-1.8902181860944212,0.1042144439484496,0.9974145771473722,-0.8493609483942316,-0.4880476070135921,0.9719275204107167,1.97
0.039837188492683404,0.6225078327475397,0.3091581559171723,-0.8677546801402026,-0.47959597592452885,0.26597920524270907,0.8629849973914407,-0.5034217406727531,0.23910620775478916,0.9687605765464855,0.745942368358202,0.048837671254447476,-0.03410084747536101,1.233469029962878,0.20612112732569465,-0.15983383361998268,0.6294285964379724,-0.8980668326110309,-0.464875169792187,-0.475770606359212,0.4520922265354925,2.483
0.04330129183987326,0.30576085697819094,-1.5804840670169975,-1.139960283867067,-0.47959597592452885,-0.010584417987346878,-2.609844588318669,-0.3566700939402451,2.1010390147945697,-0.6969408779895194,-0.7239705000465118,-0.7033775107389364,-2.4622492638100955,0.13121007649323255,0.5176478789875504,-2.6039254807107897,-0.31424886453913775,0.24299411555198777,-0.9704421051915607,-2.5792300518097555,0.7749586785908076,2.04
0.04676539518706312,1.7144513544787159,-0.7708531865272177,1.4055299563895618,-0.47959597592452885,1.1659828604998403,0.6130465044804861,-1.3252309623747975,-0.5477105590910536,0.5359629336584981,-1.994139111072187,0.5033848133146206,1.8567551533299866,-0.007309096803754083,-0.32143925111674454,1.1882799450998196,0.1042144439484496,-0.9122122162659438,1.1410433308881767,0.34678843748428784,-0.7581493170177642,2.596
0.050229498534252986,-0.4444293487913194,-1.008002530252769,-0.8052209603651124,-0.47959597592452885,-2.2934061893947577,-1.9301872830344926,1.7516618974501195,1.3963074577214485,-2.154785569822741,0.336210558349919,0.09710816421658974,-0.20975413716766148,-0.552544140632322,0.43311298155166994,1.4282157307543253,-0.5064003837426216,0.7993792059785837,-0.14836477746232696,1.8527671844216431,0.6653059212890025,2.759
0.05369360188144284,-0.2610495207143281,-0.06695768222080364,0.4362572998756586,-0.47959597592452885,-1.2480894439659025,0.038626459369344175,1.1695470320778378,-0.6678352563194266,-1.2749535194780817,-1.2054053768062434,1.6980795141276421,-0.671274545378802,-0.22540311433518204,-0.7190663612781082,0.6840081244022171,-1.8258408156065453,1.8037014454774394,1.8144245011470064,1.5581191687165084,-1.9968193532048224,2.717
0.057157705228632706,-0.5444547095605875,-0.5125567675649925,1.4588675409036096,-0.47959597592452885,0.5706679426995505,0.8103663673049238,-0.9877021748900295,-0.9120888073504516,1.1680752805080585,-0.12473772790939835,0.7728950656865817,0.4618613822440745,0.5084537824935392,-0.6580133797966389,0.4013719023176709,-0.7540623418271121,0.5730530674999686,1.5467714177002791,0.17900276187441988,-1.6150653092652045,2.373
0.06062180857582257,0.7475395337091248,-0.2754074238394417,-1.2006547765899498,-0.47959597592452885,1.4519215218054915,-0.23762134858486886,-1.0659697198140337,0.8977899642237008,0.2512276422848218,-0.1913191470357438,-1.2866459673648223,1.0818141693933674,0.8532781075094442,1.9860503566700665,1.1394794463226339,0.4970575498755724,-0.85563068164629,-1.2550890352063342,0.4286351085134919,1.193263641631027,2.659
0.06408591192301243,0.1723937092858335,-1.6801774217041732,0.10887488458253561,-0.47959597592452885,0.20504145775134083,-0.4042470105255056,0.20098616364328525,1.1640663764132608,0.8890346949618565,-0.9390797003008593,-0.09195126655180086,-0.39918415546327807,1.2924133590254259,0.5630462498327454,0.37087159058193114,-0.4637000461418474,0.11568566265776709,0.3402083113690006,0.43272744206495345,-0.1895794643417376,2.544
0.0675500152702023,-0.5694610497529045,0.5734965963755898,0.2891191356989747,-0.47959597592452885,0.7581687042114528,0.18332769210726507,-0.537663791577005,-0.2874403817629122,-0.17302794186195528,-1.0722425385535523,1.074585646699971,1.5433345776045095,0.8238059429781709,-0.21029151559919795,2.3086580628594153,-0.8394630170286607,0.35615718479129554,0.9179990946825707,2.253815872464742,-0.9855772580881749,3.001
0.07101411861739215,0.030691114862703758,-0.02164252099936099,-0.6249767092486733,-0.47959597592452885,-0.2262102937260346,-0.7462681060878652,1.0374705500185808,0.3171872609532316,-1.0642494038615615,0.17231783434660575,-0.5424758675317956,-0.5610607165522609,-0.472969296397882,0.21864481583471398,-1.011809208105048,1.0009215335647081,-1.2658468076387812,-1.0809021078838608,-0.06653725121319151,1.3130694320163327,2.281
0.07447822196458201,-0.6694864105221726,0.21399631735214253,-0.0897616370559869,-0.47959597592452885,0.08785348180640186,-0.8032716220149246,-0.777358147906768,-0.2954486949114704,0.47047381664255256,0.9149567399866183,-0.4016869297255472,0.7890586865728676,-0.5171775431947946,0.41432744878814093,0.34850469530905154,0.552567988756579,0.082679767462969,-0.7282797915969026,-0.08290658541903233,0.785111711674308,2.529
0.07794232531177188,0.4141216644782313,-0.7225170145576785,1.7549830963091866,-0.47959597592452885,-0.09495976066770294,0.7051291071318901,-0.5865810071545077,-0.5116731499225416,0.07184440871940603,-0.9493229955510675,2.3175508404751346,-1.115574042835796,-0.05151734360066535,-2.082582947697587,-1.2212446820238103,-0.4039195735007637,0.8936817636780068,2.224401049601121,-0.3939239353300079,-2.199880014874832,2.103
0.08140642865896174,0.022355668131931412,0.22456985497047938,-0.501748496750702,-0.47959597592452885,-0.35277330774656873,-0.14115386009292225,0.3330626457025424,0.44131611475588367,-0.01357617869269686,0.7561856636084102,0.13331103393819643,0.6926215863496455,1.3042022248379355,0.5943554711052937,0.18176965782032983,-0.006806433813563343,0.4740353819155744,0.40818369764118534,-0.557617277388416,0.05815454289567399,2.267
0.08487053200615159,-0.0276570122527026,-0.2648338862211048,-0.03090637138531333,-0.47959597592452885,-0.5637116644474588,0.24910097971541162,0.7244003703225638,0.7055904486583041,-0.19295941225811264,-0.2425356232867803,1.344095899071932,-0.4715119806306969,0.9623251162751576,-0.7331555108507549,0.1512693460845865,-1.3518670682379514,0.6202043463496802,0.9604837111026862,0.3099574355211464,-0.8738938941696696,2.498
0.08833463535334146,0.30576085697819094,0.058414263825188106,-0.790507143947444,-0.47959597592452885,0.7909813374760357,-0.4261714397282214,0.10315173248827983,0.5874678297170708,-0.07906529570864242,-0.33984692816374584,-1.5119082678548197,0.8338330545336496,-0.12519775492884994,1.212712591238123,-0.03173252432986616,-0.28008859445851836,-0.021053046006396438,-1.1212624934829705,-0.5535249438369554,1.1384372629801247,2.423
0.09179873870053132,0.39745077101668663,1.5251149820258916,0.05553730006848788,-0.47959597592452885,0.8144189326650235,1.6961133070946233,-0.5523389562502558,-1.2804712121841286,1.5894835117410995,0.5513197586042687,0.4993622722344421,-0.02376830102287239,1.843542835760248,-0.47328897428860384,0.9076770771309919,-0.6515815315852541,-0.7000314614422424,0.6864579351929415,0.7110061235642455,-0.518537736247153,2.608
0.09526284204772117,0.22240638967046752,-0.7134539823133895,-0.6452082068229675,-0.47959597592452885,-0.8590253638287051,-0.737498334406779,0.65591626851406,1.0899894797890977,-1.8387293963979605,-1.3334465674338312,0.9257516267333655,-0.6574978167754845,0.60865914189987,0.10593161925353999,-0.700706028400477,-1.612339127602674,0.2948605222866705,0.5759979325006412,0.8051297952478308,-0.8637408610861691,2.285
0.09872694539491104,1.489394292747863,-0.5034937353207035,-0.26264897996359093,-0.47959597592452885,0.93629442764776,-0.6103366450310305,-0.033816471128727536,0.4052787055873717,0.629925579811811,-0.3449685757888511,-0.6189041480551875,-1.0639113105733544,0.5084537824935392,0.22177573796196878,-1.7763503556143188,0.5653780900368112,-0.5585776248931077,-0.483993247181239,-1.4088226560921377,0.2876130905827848,2.039
0.1021910487421009,-1.6614045714840808,0.11128195191687176,-0.5789960329434606,-0.47959597592452885,-0.9715258207358465,0.6130465044804861,1.076604322480583,0.5093867765186284,-0.8193770532802,-0.2322923280365721,1.9836799308203175,1.533002031152021,0.45835110279037383,0.1763773671167737,2.3066247087437004,-1.492778182320506,1.7376896550878431,0.8500237084103859,1.938706189002307,-1.3145355299935904,2.861
0.10565515208929076,-1.0862587470607894,-0.15003547779344928,-1.1215680133449821,-0.47959597592452885,-0.5215239931072808,0.17017303458563635,0.5482983942435542,0.555434577122838,-0.5431838206477343,0.3106023202244019,0.4108663684705146,-0.795265102808661,0.6440257393373988,0.45972581963333603,-1.4672805300254648,-0.5491007213433959,0.6060589626947668,-0.0867620836531595,-1.0650666377694806,-0.3175076811938436,2.084
0.10911925543648063,-0.035992458983474945,-1.7270030882996636,-1.5776963222927014,-0.47959597592452885,-0.9527757445846562,-0.8865844529852435,0.84180168770857,2.7036645792235743,-1.1923802849797158,-0.9595662908012734,0.5395876830362274,0.17943844587606186,1.2629411944941527,1.001375347648422,0.9198772018252892,-1.9155115245681706,2.01116707241617,-0.11012862268422301,0.9974694721664609,-0.006824868838729025,2.547
0.11258335878367048,0.28908996351664623,-1.4838117230779193,-0.24057825533708754,-0.47959597592452885,-1.3793399770242338,-1.7591767352533143,1.0521457146918316,1.4683822760584724,-0.6827041134208356,-0.6010509570440269,0.7407147370451534,0.2104360852335262,0.37877625855593383,0.19985928307118497,0.09840213907596718,-0.9974542661515251,0.7097917761641317,0.637600626309809,0.12989475925689742,-0.27486494224314156,2.276
0.11604746213086034,-1.419676616291683,0.64449034895585,0.7103021306547322,-0.47959597592452885,-0.11839735585669076,1.1699270062294558,-0.9338932377547765,-0.7439142312307294,1.3132902791086338,-0.4269149377905077,1.581425822802465,-1.2292320538131662,0.7589671810093676,-1.8775075483623955,-0.6315719884661285,-0.46797007990192485,0.6532102415444784,1.21963987126539,-1.1673749765559862,-1.30235189029339,2.337
0.11951156547805021,-0.6444800703298555,-0.7633006596569774,0.4969517925985397,-0.47959597592452885,-0.057459608365322455,-0.1630782892956371,-0.5180969053460039,0.42529948845876725,0.2512276422848218,-0.30911704241312576,0.10113070529676828,-1.0983531320816493,-0.2990835256633653,-0.6126150089514438,-1.7255165027214145,-0.1733377504565827,0.8936817636780068,0.6397248571308145,-1.4783923264669607,-0.44137468481254943,1.98
0.12297566882524007,1.0392801692861566,0.5357339620243875,-0.2644882070157985,-0.47959597592452885,-0.699649716543588,-0.27270043530921345,0.9836616128833279,-0.31546947778286594,-0.5659626439576284,0.3771837393507473,-0.5062729978101888,-0.9674742103501309,-0.3079251750227478,-0.48111627960674097,-1.6624825251342146,0.8087700143612242,-0.733037356637041,-0.4436328615821293,-0.336631265609565,0.3302558295334867,2.105
0.12643977217242994,-1.027910619945383,-0.37812178927471246,0.12726715510462233,-0.47959597592452885,-0.06683464644091758,0.3631080115695315,1.448375160869603,0.5053826199443493,-1.2863429311330288,-0.16571090891022666,1.4768397547178234,-0.17875649781019715,0.7589671810093676,-0.32143925111674454,2.2639242723136594,-0.10928724405542156,2.676000104197102,1.4575537232180367,2.9331432420071355,-1.6170959158819047,3.126
0.1299038755196198,-1.7114172518687147,-0.44609453110687675,-1.2760630857305002,-0.47959597592452885,-2.134030542109641,-0.6892645901608058,2.2652926610138975,1.1560580632647026,-1.8131032201743296,0.40791362510136964,1.6538315622456785,-0.7711558277528547,0.7147589342124563,-0.20402967134468827,-1.1561773503208936,-0.7583323755871896,1.2143104598560455,-0.023035159022986283,-0.5944482793515574,-0.20785492389203844,2.256
0.13336797886680965,2.1395591377481047,0.8876817141775939,1.2712663815783387,-0.47959597592452885,1.6769224356197743,1.6654191062108223,-2.557944794927865,-1.6648702433149218,1.8713714502010388,-0.2732655090374004,-0.2689430740796559,2.7522425125456325,-0.04562291069441121,0.14506814584422542,2.121589484213529,-0.24592832437789894,-1.1196778432046748,0.017325226576123422,1.1120548116073465,-0.1449061187743355,2.917
0.1368320822139995,0.972596595439978,-0.5699559717788206,-0.3178257915298462,-0.47959597592452885,-1.5012154720069706,-0.36039815212007487,0.8711520170550716,0.7416278578268161,-0.5175576444241035,-0.1349810231596043,1.4647721314772877,0.6444030362380331,0.7707560468218771,0.11062800244442224,0.8222762042709142,-0.6046111602244024,1.6669627368132758,0.14265484501546385,0.05214042177915398,-0.410915585562048,2.506
0.14029618556118936,-0.3527394347528237,-0.6182921437483597,-0.7886679168952349,-0.47959597592452885,-0.08089720355431025,-0.39109235300387685,0.4602474062040493,1.1700726112746795,-0.7481932304367811,-0.5344695379176815,1.6256737746844288,-1.194790232304873,3.240523434542633,-0.33709386175301875,-0.31640210053012746,-2.2443041240941324,1.1907348204311896,1.1346706384251595,1.120239478710266,-1.1663012469744833,2.519
0.14376028890837922,-0.2693849674451004,-0.890183111077017,0.9788292802771801,-0.47959597592452885,1.7941104115647133,1.0471502026942496,-1.750810737899071,-0.26741959889151673,1.293358808712476,-0.7547003857971318,-1.5802914662178547,1.7534296888051033,-0.847265785945063,0.6992413623683306,0.7694089972622948,0.5141376849158821,-1.775080619215665,-0.6071986347995736,-0.5412479431825753,0.9049175020596136,2.403
0.1472243922555691,0.2640836233243292,0.9390388968952296,-1.0388027959955974,-0.47959597592452885,-1.1121513918697732,-1.3689218954449804,1.3211904003680963,-0.04318683073188723,-1.260716754909398,0.7254557778577879,0.7085344084037254,-0.040989211777020605,-0.3344501231008954,0.15759183435324475,-0.4933039085974315,-0.07085694021472473,0.27128488286181474,-0.27581862672267315,-0.07062958476465217,-0.03728396808923045,2.255
0.15068849560275896,-1.244632234945464,-0.5805295093971568,-0.46128550160211346,-0.47959597592452885,-0.5730867025230539,-0.19377249017943815,0.21566132831653606,0.7516382492625138,-0.9361185227434073,-0.05303466115794768,0.3545507933480152,-0.5472839879489432,-0.14582827010074204,0.15915729541687218,0.24480363540752786,0.11275451146860445,1.1341532858115357,-0.10163169940019992,0.5595897821602185,0.09267485537957564,2.607
0.15415259894994882,0.655849619670629,-1.1499900354132908,-0.10815390757807199,-0.47959597592452885,-0.7887125782617416,-2.0310396573669838,1.521750984235857,1.1240248106704698,-0.8649346998999883,-0.8520116906740997,0.37466349874890786,-0.17531231565936659,0.20489048782141842,-0.052179948172828984,-0.5604045944160632,-0.5576407888635507,-0.04462868543125222,-0.052774390517067116,0.13807942635981874,0.49473496548619444,2.421
0.15761670229713867,-0.21937228706046635,-0.7194960038095826,0.6054661886788444,-0.47959597592452885,0.8331690088162137,0.5297336735101672,-0.12186745916823233,0.34321427868604576,0.9459817532365914,-0.07864289928346707,-0.49018283348947467,1.584664763414461,-0.02793961197564618,0.7759489544860739,1.6884850575659918,-0.3526791683798346,-0.5774381364329924,-0.4415086307611235,0.46137377692517356,0.5475307375203969,2.989
0.16108080564432853,0.1307164756319718,-1.011023541000865,-0.45208936634107094,-0.47959597592452885,0.7066059947956795,-0.5401784715823413,0.029775909122025913,0.8237130675995376,0.7836826371535962,-0.467888118791336,-0.699354969658758,0.22765699598767442,-0.03972847778815577,1.089041167211557,-1.3025788466524562,1.1162124450867987,-0.9310727278058285,-1.1658713407240917,-1.126451641041384,0.8439993035586109,2.283
0.16454490899151838,0.7892167673629865,0.411872521352443,-1.108693423979522,-0.47959597592452885,-0.46058624561591255,-1.4171556396909546,-0.17078467474573503,0.16903346770490493,-0.2612958821877949,1.5551626931245612,-1.222285310081966,1.7293204137492955,-0.5672802228979587,1.7152255926625235,0.2773373012589862,2.354522235509251,-1.360149365338203,-1.7500348165006792,0.7437447919759272,1.707007115656151,2.644
0.16800901233870827,-0.6694864105221726,-0.8660150250922474,-0.6856712019715561,-0.47959597592452885,0.20504145775134083,-1.4259254113720408,0.28903715168279,1.2741806822059358,-0.36095323416858166,-0.1913191470357438,-0.9045045647478627,0.6065170325789091,-0.596752387429232,1.3676932365372374,1.0215449076110978,0.01027370122674636,-0.14836149890061764,-0.9513240278025088,0.40408110720473156,1.0166008659781187,2.775
0.17147311568589813,0.1473873690935165,0.9163813162845079,0.4197042564057811,-0.47959597592452885,-0.15120998912127367,0.7533628513778644,-0.1414343453992334,-1.0622446788859177,0.6327729327255478,0.9712948638627578,0.06895037665534005,-0.19942159071517285,0.31393749658713177,-0.8865706950862418,-0.739339756599084,0.47143734731510784,0.0921100232329113,0.45279254488230636,-0.475770606359212,-0.36827284661134596,2.341
0.17493721903308798,1.0309447225553843,0.3333262419019419,-0.8144170956261549,-0.47959597592452885,0.4956676380947895,0.8059814814643813,0.46513912776179955,0.0409004573279738,0.4590844049876055,-0.9646879384263787,-0.1643570059950143,-1.2498971467181434,3.2552595168082696,0.2358648875346155,0.3261378000361755,-0.5362906200631636,0.37501769633118015,0.6864579351929415,0.19537209608026068,-0.9591793720710736,2.625
0.17840132238027784,0.1473873690935165,-0.6892858963286199,-0.3288611538430979,-0.47959597592452885,0.32691695273407734,-1.434695183053127,-0.26861910590074034,0.29116024322041745,-0.4122055866158434,0.22865595822274523,-1.298713590605358,-0.7401581883953904,-0.9238934137263746,0.2734359530616735,-1.0097758539893311,-0.26300845941820866,-0.24266405660004078,-0.7495220998069604,-0.6803872839322223,0.9272541748433146,2.36
0.1818654257274677,0.31409630370896324,-1.723982077551568,1.0579160435221462,-0.47959597592452885,2.061298996719174,1.6522644486891926,-1.3986067857410518,-0.03517851758332902,1.734698510341674,-1.850732977569288,-0.7074000518191149,0.36886846417167996,0.2579403839777109,0.35483992837029915,0.051634994414496496,-0.600341126464325,-0.4124086604590024,0.5335133160805258,-0.3284465985066446,-0.45355832451274997,2.494
0.18532952907465755,0.7475395337091248,-0.21951872499966152,-0.24425670944150424,-0.47959597592452885,-2.466844393793268,-1.4171556396909546,3.04307638869619,0.8217109893123979,-2.106380570289216,0.04939829134412309,2.0239053416221027,-1.666643186968502,-0.6527495000386528,-1.1307826210121186,-0.580738135573226,-1.0913950088732285,2.025312456071083,1.1219252534991249,0.6168824518806623,-0.6708332324996601,2.357
0.18879363242184743,0.46413434486286526,-1.1167589171842323,-0.4134655982446916,-0.47959597592452885,0.15816626737336523,-1.4303102972125834,0.13739378339253172,0.6995842137968855,0.49325263995244667,0.5666847014795799,-1.6607422878214249,-0.5403956236472851,-0.34329177246027787,1.1954925195382213,-1.4347468641740064,1.5218656522941536,-0.7896188912566938,-1.5163694261900442,-1.1632826430045256,1.5912625385042458,2.207
0.1922577357690373,-0.3777457749451408,-0.0004954457626872655,0.4399357539800753,-0.47959597592452885,2.1081741870971498,0.8586001115508981,-1.9024541061893292,-0.4476066447340762,2.489247032481916,-0.5088612997921643,-1.5279984321755338,0.40331028567997335,0.9682195491814131,0.6162719259960776,1.1293126757440515,1.0308117698852501,0.08739489534794015,-1.0384174914637454,-0.336631265609565,1.2013860680978274,2.872
0.19572183911622715,-0.9445561526376598,0.1868072206192764,-0.023549463176478314,-0.47959597592452885,1.5128592692968599,-0.7725774211311236,-1.0757531629295343,-0.35150688695137783,0.3081747005595571,0.8381320256100668,-1.1699922760396453,0.08300134565283827,-1.224509491945367,0.52390972324206,0.4705059422520212,0.5055976173957273,-0.45012968353877164,-1.1807409564711322,1.0097464728208418,0.9861417667276174,2.736
0.199185942463417,-0.8862080255222533,-0.36452724090827904,-2.679393326565622,-0.47959597592452885,-0.13714743200788096,-1.5136231281829022,0.13739378339253172,2.331278017815618,-1.306274401529186,1.3656617309957297,-1.1418344884783955,0.417087014283291,-0.6232773355073795,2.4525577536310363,0.6677412914764862,1.466355213413147,0.7616581828988144,-2.1939990580908852,0.40408110720473156,2.0745469132788683,2.667
0.20265004581060686,1.0559510627477011,-0.643970735107178,-0.2424174823892967,-0.47959597592452885,-0.65746204520341,-0.8997391105068722,0.9053940679593235,0.7135987618068623,0.01204999753093401,0.6947258921071678,0.3827085809092649,-0.23386341222346776,-0.03088682842877325,0.37675638326108296,-0.5116040956388757,-0.39964953974068623,0.6815010088543053,-0.4754963238972159,-0.009244581492748639,0.4886431456360942,2.524
0.20611414915779674,-1.7614299322533489,-1.5200638520550735,0.42706116461461446,-0.47959597592452885,-0.16996006527246388,-0.46125052645256603,-0.850733971273022,0.6174990040241639,0.4505423462463952,-0.5037396521670591,-0.3493938956832263,0.5341892074114918,-0.6556967164917812,0.26717410880716386,-0.9040414399720925,-0.011076467573640768,-0.35111199795437686,-0.3437940129948579,-1.3719916541289963,0.3099497633664859,2.313
0.2095782525049866,-0.010986118791157939,0.5870911447420226,-2.2177473364612768,-0.47959597592452885,0.24722912909151884,-1.6977883334857113,-0.7137657676560145,0.905798277372259,-0.36095323416858166,2.5590056276448534,-2.058973854759099,-0.2131983193184905,-1.3099787690860611,1.906211842425068,-0.4750037215559855,1.735367340298025,-2.0014067576942804,-2.816398688645577,-0.2547845945803609,2.7629225563402007,2.479
0.21304235585217646,1.4810588460170906,-0.4838571654580784,-0.2203467577627933,-0.47959597592452885,1.095670074932877,0.10439974697748977,-1.4719826091073058,0.6255073171727221,2.400979092156076,0.04427664371901785,-0.7033775107389364,-0.20286577286600188,1.7256541776351522,0.37362546113382816,-1.3554460536610755,0.552567988756579,-0.5774381364329924,-0.7856340237640586,-1.3719916541289963,0.6186019691049003,2.215
0.2165064591993663,-0.39441666840668543,-1.1756686267721077,0.254173821707012,-0.47959597592452885,0.4347298906034212,-0.491944727336367,-0.9583518455435279,0.14100437168495128,1.5553152767762584,-0.22717068041146912,-0.3735291421642975,0.06578043489869159,-1.4543923752893044,0.226472121152851,-0.9487752305178482,2.226421222706928,-1.7562201076757802,-1.1828651872921379,-1.7730403421720955,1.3232224650998332,2.305
0.21997056254655617,0.06403290178579311,-1.479280206955776,-0.3104688833210128,-0.47959597592452885,-0.498086397918293,-1.5706266441099617,0.5385149511280536,1.6505714001881713,-0.01357617869269686,-1.1132157195543808,-0.36548406000394046,0.1002222564069865,-0.06330620941317494,0.8730075404309738,-0.18423408300857733,0.3347962669926303,-0.5491473691231654,-0.8875971031723355,0.27312643355800503,0.9171011417598142,2.634
0.22343466589374603,1.3226853581324163,-0.8478889606036709,-1.6935676265818402,-0.47959597592452885,0.2894168004316969,-1.2680695211124902,-0.5425555131347553,2.0529891359032204,-0.20150147099932292,-0.11449443265919014,-0.8280762842244707,0.7925028687236982,1.6136599524163118,1.6009469350177223,1.1476128627854976,0.552567988756579,-0.20022790563529985,-1.1510017249770512,0.6250671189835817,1.3313448915666335,2.625
0.2268987692409359,-1.027910619945383,-1.5412109272917474,0.01875275902431771,-0.47959597592452885,-0.5871492596364467,0.6568953628859168,0.35752125349129377,0.923816981956515,-0.24705911761911112,-0.9390797003008593,-0.3051459438012626,0.7821703222712095,-1.0005210415076862,0.9700661263758736,2.1541231500649873,0.5952683263573532,1.5443694118040259,-0.03153208230700938,1.717720177223455,0.05612393627897389,2.989
0.23036287258812577,-1.0362460666761553,-0.45968907947330884,-0.7187772889113095,-0.47959597592452885,-0.7980876163373367,-0.25516089194704117,1.135304981173586,0.4813576804986746,-0.5631152910438917,-0.24765727091188328,-0.04368077358965859,-0.040989211777020605,-0.8737907340232078,0.8291746306494061,0.3241044459204605,-0.006806433813563343,-0.20494303352027152,-0.4712478622552043,-0.037890916352970525,0.8277544506250101,2.42
0.23382697593531562,-1.169613214368513,-0.574487487900965,-1.108693423979522,-0.47959597592452885,0.5987930569263358,0.2710254089181265,-0.44961280353750016,1.3122201696615876,0.031981467927091355,0.9252000352368265,-0.5344307853714385,-0.28208196233507876,1.133263670556547,1.3442113205828259,-0.23710129001719665,-0.28008859445851836,-0.016337918121425283,-0.5774594033054928,-0.25887692813182156,0.3891434214177895,2.543
0.23729107928250548,-1.8531198462918443,1.106704993414568,0.48959488438970633,-0.47959597592452885,-0.010584417987346878,0.8673698832319843,0.18141927741228417,-1.0262072697174058,-0.6513832313697312,-1.01078276705231,1.8790938627356757,-1.3738877041480024,0.7265478000249659,-1.9182095360167084,-0.38960284869590783,-1.0017242999116025,2.5204008839930547,2.088450277056751,1.1120548116073465,-2.3582673309774393,2.413
0.24075518262969534,1.0309447225553843,-0.8660150250922474,-1.152834873232527,-0.47959597592452885,-0.5824617405986491,-1.3250730370395496,1.595126807602111,1.5024176069398447,-1.3973896947687625,-0.05303466115794768,-0.04770331466983711,-0.7539349169987081,0.7737032632750043,1.1500941486930265,-0.3652025993073132,-0.28435862821859575,0.7475127992439009,-0.07189246790611908,0.4818354446824759,0.09064424876287554,2.449
0.2442192859768852,-0.0943405860988813,-0.3524431979158943,-0.8787900424534544,-0.47959597592452885,0.040978291428426274,0.4288812991776771,0.29392887324054023,0.8217109893123979,-0.07906529570864242,-0.4166716425402995,-1.1860824403603591,-0.03410084747536101,0.38467069146218924,1.186099753156457,0.4623725257891575,-0.2587384256581312,0.5589076838450552,-0.2163401637345117,0.5800514499175209,0.04800150981217351,2.577
0.24768338932407508,-0.7028281974452619,-0.8222103692448527,0.6440899567752236,-0.47959597592452885,-0.3996484981245443,-0.7243436768851493,0.43578879841529794,0.054915005337950656,-0.8734767586411986,-1.292473386433003,0.19767169122105283,-0.7470465526970484,-0.9916793921483037,-0.38092677153458626,-0.5644713026474968,-0.7241721055065701,1.025705344457199,0.6333521646677974,0.21583376383756125,-0.711445364833662,2.425
0.2511474926712649,-0.07766969263733664,-0.2210292303737101,-0.4079479170880657,-0.47959597592452885,0.18160386256235306,-0.5401784715823413,-0.4691796897685013,0.21107711173483548,-0.3467164695998978,-0.5088612997921643,-0.07183856115090825,-0.5162863485914789,0.764861613915623,0.08714608649001106,0.8039760172294682,-0.09647714277518928,0.6626404973144207,-0.025159389843992054,0.9688231373062389,0.5312858845867962,2.714
0.2546115960184548,0.23907728313201218,0.562923058757253,-0.5789960329434606,-0.47959597592452885,0.46285500483020653,0.7621326230589506,-0.1610012316302345,-0.3174715560700055,-0.0335076490888542,-0.1452243184098125,-0.5102955388903673,-1.6184246368568895,0.7118117177593293,0.14819906797148025,-1.812950729697209,0.5995383601174304,-0.8792063210711463,-0.22696131783954057,-1.1182669739384636,0.5556531639871973,2.308
0.2580756993656447,-1.5613792107148126,0.642979843581802,0.35533130957848164,-0.47959597592452885,-0.540274069258471,-0.0578410291226034,0.1765275558545339,-1.242431724728477,-0.14740176563832474,0.18256112959681395,0.47924956683354947,0.7167308614054503,-0.7441132100856037,-0.09601285795439667,2.1520897959492724,0.4415471109945659,1.0398507281121125,0.1957606155406082,1.4353491621727015,-0.33578314074414445,3.138
0.2615398027128345,-1.4780247434070894,0.19284924211546878,-0.1909191249274565,-0.47959597592452885,-1.3840274960620313,0.06055088857205905,0.5776487235900557,0.4953722285086515,0.054760291236985455,1.0276329877388972,0.4631594025128353,-0.8951463851827136,-0.5378080583666853,-0.6736679904329131,-0.405869681621637,0.061514106347675346,1.1671591810063338,-0.15048900828333273,0.1135254250510575,-0.06165124748963161,2.589
0.2650039060600244,-1.9698161005226573,0.21097530660404598,0.787549666847491,-0.47959597592452885,-0.2590229269906175,0.5516581027128831,0.6510245469563097,-0.32347779093142415,-0.19295941225811264,-0.6010509570440269,0.8493233462099737,1.136921083806638,-1.4779701069143236,-0.775422959568695,1.3712818155142723,-0.2373882568577441,-0.5585776248931077,0.3210902339799486,1.7750128469438988,-0.3763952730781463,2.776
0.2684680094072142,-0.80285355821453,0.6203222629710811,-0.9928221196903833,-0.47959597592452885,-1.3652774199108413,-0.6673401609580899,1.9571142028756308,0.355226748408883,-2.22596939266616,0.8842268542359981,0.44706923819212135,-0.6988280025854374,-0.9386294959920112,-0.04591810391831931,0.2814040094904198,-0.26727849317828606,2.166766292620218,0.0109525341131061,1.0997778109529655,-0.06368185410633172,2.637
0.2719321127544041,0.9559257019784333,-0.24519731635847972,-1.5409117812485305,-0.47959597592452885,-0.26839796506621266,-0.7243436768851493,0.8222348014775689,1.244149507898843,-0.5403364677339976,1.00202474961338,0.91368400349283,-0.40607251976493763,1.033058311150215,0.3955419160246119,0.20413655309320586,-0.48932024870231194,-0.7613281239468679,-0.5307263252433658,-0.09518358607341339,0.07439939582927477,2.589
0.2753962161015939,0.09737468870888245,-0.18628760677060366,-1.83334888254969,-0.47959597592452885,-0.30589811736859307,-0.5270238140607116,-0.07784196514847996,1.3082160130873086,-0.3780373516510022,-0.33984692816374584,-1.0654062079550035,-0.8572603815235896,2.827913131104798,1.089041167211557,0.6413076879721765,0.18961511914999798,0.25713949920690127,-0.5923290190525332,0.9770078044091602,0.7688668587407073,2.733
0.2788603194487838,0.8392294477476205,-0.8358049176112861,0.19715778308854598,-0.47959597592452885,1.1144201510840672,0.4858848151047365,-0.32731976459374357,0.012871361308020142,0.43345822876397466,-0.11961608028429538,-1.6164943359394612,1.2884650984431336,-0.5407552748198138,1.7340111254260526,0.7511088102208489,2.316091931668554,-1.8552377932601751,-0.9385786428764742,-0.24659992747744053,0.933345994693415,2.661
0.2823244227959737,0.9809320421707503,0.1565971131383144,-0.5808352599956698,-0.47959597592452885,0.6316056901909187,-0.43932609724985017,0.0053173013332745616,0.6475301783312571,-1.1411279325324541,-0.21692738516126092,0.15342373933908907,0.6719564934446683,0.5791869773685967,0.7947344872496029,2.3818588110251957,-0.47224011366200225,1.0681414954219395,0.36145061957905833,3.088651916962624,-0.4860480303799514,3.015
0.2857885261431635,0.2640836233243292,-0.008047972632928266,-2.0080754525095017,-0.47959597592452885,-1.5246530671959584,-1.3338428087206358,1.0325788284608306,1.091991558076237,-1.4856576350946022,0.6588743587314425,-0.5143180799705458,-0.5955025380605558,0.4495094534309913,1.533632109281743,-0.5197375121017411,0.9496811284437792,0.31372103382655514,-1.5354875035790962,-0.307984930749344,1.2704266930656307,2.459
0.2892526294903534,0.6725205131321738,-1.19832620738283,1.4974913089999906,-0.47959597592452885,1.489421674107872,0.8673698832319843,-0.3860204232867467,-0.3655214349613547,0.20282264275129683,-1.7739082631927365,0.2137618555417669,-1.2671180574722902,0.12826286004010548,-1.0900806333578057,-1.3757795948182383,-1.1298253127139253,-1.143253482629531,1.4490567999340136,-1.4170073231950582,-1.4018516145116944,2.147
0.29271673283754324,-1.3613284891762765,-0.04732111235817851,0.9199740146065065,-0.47959597592452885,0.9269193895721649,0.5779674177561416,-0.3664535370557457,-0.6157812208537984,-0.14170705981085122,-1.3436898626840394,0.37064095766872934,0.5307450252606628,0.08994904614944965,-0.49990181237027,0.7287419149479728,-0.3057087970189829,-0.6010137758578487,1.2175156404443845,0.7969451281449113,-0.9591793720710736,2.503
0.2961808361847331,0.34743809063205255,0.46776122019222255,-1.2356000905819118,-0.47959597592452885,-0.28714804121740284,-0.4831749556552809,0.09336828937277943,0.21107711173483548,-0.25275382344658465,1.7958801315044268,-0.6631520999371512,1.136921083806638,-0.6822216645699287,0.998244425521167,0.26310382244897385,1.799417846699186,-1.3978703884179724,-1.898730973971083,-1.032327969357799,1.8288435126581568,2.541
0.299644939531923,-0.21103684032969403,1.4737577993082565,-0.9155745834976246,-0.47959597592452885,-1.069963720529595,0.10878463281803333,0.11782689716153065,-0.12326996221746926,-0.45776323323563145,0.7715506064837192,0.8332331818892597,-1.3773318862988315,1.318938307103572,-0.37936131047095883,-1.2639451184538493,1.3297141330906697,-0.28510020756478066,-0.11650131514724034,-0.4021086024329283,0.05815454289567399,2.216
0.30310904287911283,-1.0112397264838382,-0.09867829507581423,0.45281034334553455,-0.47959597592452885,0.8097314136272259,0.6832046779291753,-0.24416049811198903,-0.5697334202495886,0.7779879313261227,-0.4115499949151965,-0.5907463604939377,0.18977099232855046,-0.6232773355073795,0.02765856607216921,-0.6254719261189798,0.9881114322844758,0.20055796458724737,0.034319073144169376,-1.613439333665148,0.04597090319547341,2.259
0.3065731462263027,0.8392294477476205,0.6686584349406196,0.25049536760259533,-0.47959597592452885,-1.412152610288817,-0.399862124684963,1.3065152356948455,-0.7459163095178689,-1.3632214598039214,-0.05303466115794768,-0.462025045928225,0.9922654334718034,-1.8139527825708461,0.11375892457167706,1.5583503941601586,0.9539511622038566,-0.7283222287520693,-0.3034336273957482,1.6440581732971722,0.5130104250364953,2.858
0.31003724957349255,-0.677821857252945,-1.8569065504678006,-0.3987517818270232,-0.47959597592452885,0.575355461737348,-1.917032625512865,-0.28329427057399115,1.492407215504147,-0.3524111754273714,-0.7239705000465118,-0.1965373346364425,1.5812205812636335,-0.287294659850857,1.3285567099465516,0.7612755807994311,0.6422386977182047,-0.827339914336463,-0.7027890217448335,0.7478371255273888,0.8643053697256119,2.699
0.31350135292068243,1.1309700833246523,-0.002005951136735868,-0.764757965216524,-0.47959597592452885,0.12535363410878234,-0.7024192476824345,0.6999417625338125,1.1840871592846565,-1.5824676341616521,-0.5498344807929904,0.4671819435930139,0.8613865117402849,-0.614435686147997,0.6898485959865661,1.8430199703604198,-0.22457815557751182,1.369909680060093,-0.49673863210727365,2.1228611988180157,0.25512338471558327,2.975
0.31696545626787226,-0.7278345376375789,-0.0896152628315253,-0.7739541004775664,-0.47959597592452885,0.6691058424932992,-0.8646600237825276,-0.053383357359728614,0.67956343092549,0.11170734951172072,0.9661732162376547,-0.715445133979472,-0.9089231137860312,0.6617090380561639,0.440940286869807,-0.28590178879438416,0.35614643579301747,-1.0866719480098772,-0.2906882424697136,-0.14429158869093586,0.4175719140515909,2.34
0.32042955961506214,-0.42775845532977474,1.6535079388199798,0.7378905364378598,-0.47959597592452885,0.734731109022465,1.8408145398325453,-0.5670141209235066,-1.2524421161641748,1.0798073401822192,-0.3039953947880228,0.27007743066426626,-0.3234121481450317,1.5635572727131464,-1.2544540450386843,-0.9406418140549827,-0.006806433813563343,-0.09177996428096379,1.2111429479813673,-2.4810140465747104,-0.949026338987573,2.3
0.323893662962252,-1.3529930424455041,-0.8645045197182001,0.5135048360684172,-0.47959597592452885,0.16754130544896037,-2.0529640865696988,0.8026679152465679,-0.13528243194030645,-0.22712764722295378,0.013546757968397754,0.43097907387140727,0.47563811084739216,-0.8207408378669154,0.20612112732569465,0.3383379247304728,0.3604164695530949,-0.8792063210711463,0.16814561486753313,0.42454277496203213,0.30385794351638556,2.502
0.32735776630944186,0.4141216644782313,-0.7119434769393422,-1.7340306217304289,-0.47959597592452885,-0.4183985742757345,-1.6758639042829955,0.12271861871928091,1.2641702907702383,-0.9845235222769322,1.3502967881204206,-0.34537135460304785,-0.4508468877257196,0.49666491668102963,1.649476227990172,-1.1826109538252034,1.0308117698852501,0.035528488613257435,-1.6395748138083788,-0.31616959785226445,1.359773384200435,2.155
0.33082186965663174,0.25574817659355686,-0.13039890793082415,1.2381602946385852,-0.47959597592452885,0.23316657197812618,0.31048938148301464,-0.7871415910222685,-0.43159001843695977,0.3907479350579232,-1.2105270244313462,1.40443401527461,-0.02721248317370295,-0.2489808459602012,-1.5440643418097564,0.1594027625474502,-0.9248636922302091,0.3608723126762667,1.1559129466352174,-0.3202619314037242,-1.3592088755609926,2.418
0.33428597300382157,-0.6111382834067662,1.3423438317660716,-2.1404998002685174,-0.47959597592452885,-1.5949658527629216,-0.7681925352905801,1.4385917177541026,0.8797712596394448,-1.7817823381232252,1.3400534928702126,0.2620323485039092,-0.3234121481450317,1.0360055276033422,0.869876618303719,1.1699797580583735,-0.6216912952647121,1.336903784865295,-0.7027890217448335,1.7995668482526592,0.7505913991904064,2.845
0.33775007635101145,0.9642611487092057,-0.8599730035960557,-0.3803595113049381,-0.47959597592452885,-1.2574644820414975,-1.004976370679906,0.3868715828377954,1.1960996290074937,-0.30685352880758315,-0.7803086239226513,0.23387456094265957,0.07611298135118022,0.46424553569662796,0.10123523606265773,0.6718079997079198,-0.33132899957944745,0.9361179146427472,-0.02728362066499783,0.7723911268361491,0.09673606861297583,2.46
0.34121417969820134,1.1643118702477417,-0.2814494453356341,0.897903289980003,-0.47959597592452885,0.819106451702821,1.6654191062108223,-0.4740714113262515,-0.37953598297133145,0.9886920469426429,0.7869155493590304,0.5918807170785481,0.5514101181656385,0.057529665165047976,-0.4764198964158587,-0.4811037839031342,-0.903513523429822,-0.4737053229636269,0.6057371639947221,-0.062444917661731755,-0.8759245007863697,2.539
0.34467828304539117,1.0809574029400182,0.5130763814136658,-0.7003850183892245,-0.47959597592452885,-1.018401011113822,1.0076862301293616,-0.32242804303599326,-0.023166047860491774,0.7665985196711756,-0.09400784215877599,-0.8441664485451847,0.9922654334718034,0.6381313064311447,0.7900381040587207,0.06586847322450884,0.8557403857220758,-0.9593634951156554,-1.0086782599696646,-1.1673749765559862,0.9962947998111179,2.308
0.34814238639258105,1.5227360796709524,-1.0759752720849334,0.19899701014075513,-0.47959597592452885,-0.11839735585669076,-0.6892645901608058,0.5189480648970526,0.4393140364687441,-0.3182429404625302,-0.5037396521670591,-0.6792422642578654,1.681101863637686,-1.6960641244457504,1.107826699975086,-0.133400230115673,0.45008717851472074,-0.6717406941324154,-0.8854728723513298,0.32632676972698726,0.6449998551220015,2.402
0.3516064897397709,0.555824258901361,-0.6228236598705043,-0.5219799943249962,-0.47959597592452885,-2.2793436322813654,-0.37793769548224715,1.3554324512723481,0.9318252951050732,-1.3774582243726052,-0.022304775407327584,2.2008971491499576,0.6719564934446683,0.16068224102450715,0.015134877563149872,1.241147152108439,-1.7447101741650741,1.0587112396519973,0.45279254488230636,0.9319921353430975,-0.390609519395047,2.665
0.35507059308696076,-0.2443786272527834,-0.6666283157178989,0.16589092320100166,-0.47959597592452885,1.630047245241799,0.3148742673235572,-1.2078296449887915,0.19506048543771912,0.9374396944953811,0.12622300572067446,-2.091154183400527,1.4021231094205024,-0.5142303267416662,1.247152734637926,0.8161761419237655,1.8421181842999603,-1.1385383547445593,-1.314567498194496,-0.4021086024329283,1.1688963622306259,2.667
0.3585346964341506,-0.5527901562913597,0.01914112409993786,0.09232184111265967,-0.47959597592452885,-0.2637104460284151,-0.6892645901608058,-0.1805681178612355,-0.06921384846470138,-0.7681247008329385,-0.3244819852884369,-0.2166500400373351,1.681101863637686,0.17836553974327088,0.5129514957966681,1.2757141720756158,0.01027370122674636,-1.213980400904098,0.49315293048141634,1.0997778109529655,-0.10835519967373379,2.432
0.3619987997813405,0.1473873690935165,0.18982823136737292,0.6440899567752236,-0.47959597592452885,-0.38558594101115157,-0.6717250467986334,0.142285504950282,-0.4816419756154485,-0.16733323603448175,-0.9442013479259646,-0.7757832501821499,-0.02376830102287239,-1.083043102195252,-0.0537454092364564,-0.04799935725559713,0.7746097442806048,0.0496738722681709,0.12353676762641189,-0.05426025055881135,0.08455242891277526,2.503
0.36546290312853036,-0.6528155170606279,-1.4656856585893427,0.1787655125664609,-0.47959597592452885,-0.3199606744819858,-1.6539394750802805,1.316298678810346,0.9738689391350037,-1.3518320481489743,-1.5946505963141122,-0.8079635788235779,0.9337143369077022,-1.0358876389452136,0.6147064649324502,0.9849445335282059,-0.5064003837426216,-0.49256583450351155,-0.020910928201980507,1.5008264989960647,0.6531222815888019,2.392
0.3689270064757202,-0.42775845532977474,1.0160746709716821,-0.297594293955552,-0.47959597592452885,0.6128556140397284,-0.03153171407934497,-0.16589295318798478,-0.5757396551110073,0.453389699160132,-0.5242262426674732,-1.0090906328325042,1.495116027492897,0.60865914189987,0.8980549174490124,0.5925071891949908,1.526135686054231,-1.2375560403289543,-0.8132490244371336,-1.0691589713209413,1.022692685828219,2.452
0.37239110982291007,0.530817918709044,-1.1212904333063767,0.015074304919901018,-0.47959597592452885,-1.505902991044768,0.17455792042617893,0.8124513583620684,0.9178107470950964,-1.0272338159829837,-1.1388239576798977,1.6457864800853215,-0.1408704941510732,1.0978970731190185,-0.12106023497243525,0.6636745832450561,-2.457805812098003,1.8697132358670356,1.4150691067979213,1.316671489180356,-1.4911983056464986,2.609
0.3758552131700999,-1.027910619945383,1.0477952838266926,-0.06217323127285928,-0.47959597592452885,-0.8215252115263245,0.04301134520988676,1.135304981173586,-0.541704324229635,-2.1234646877716363,0.04427664371901785,2.2491676421121,-0.8193743778644672,-0.21656146497579953,-1.1652227644119217,0.12483574258027684,-1.441537777199577,1.9498704099115447,1.9312571963023242,1.3616871582464185,-1.7815750518346123,2.504
0.3793193165172898,-1.3613284891762765,-0.7753847026493621,-0.35461033257401803,-0.47959597592452885,0.017540696239438474,-0.5270238140607116,0.3868715828377954,0.7956839715795838,-0.8506979353313044,-0.46276647116623076,-0.47007012808858206,-2.1040543201238364,-0.10162002330383076,0.029224027135796627,-1.2171779737923785,-0.7967626794278864,-0.40769353257403074,0.1554002299414985,-0.737679953652665,0.03581787011197298,2.199
0.38278341986447967,0.36410898409359727,0.4269775750929244,0.15485556088774996,-0.47959597592452885,2.1081741870971498,1.3540922115322647,-1.3643647348367998,-0.235386346297284,0.8434770483420683,-0.6522674332950611,-0.015522986028408927,-0.2131983193184905,1.212838514790986,0.0010457279905031168,0.21430332367178817,-1.1212852451937705,0.0921100232329113,0.467662160629347,0.12580242570543768,-1.0404036367390777,2.495
0.3862475232116695,0.34743809063205255,-0.4173949289999627,0.5318971065905024,-0.47959597592452885,1.311295950671565,1.8320447681514591,-1.7752693456878224,-0.7198892917850548,1.6635146874982554,-0.7086055571712006,-1.0332258793135753,-0.9468091174451552,1.3042022248379355,-0.16802406688125776,0.03536816148876552,0.5696481237968887,-0.36997250949426147,0.7650544755701549,-0.5658019444913365,-0.29110979517674235,2.433
0.3897116265588594,0.5808305990936781,-0.06846818759485224,-0.7537226029032722,-0.47959597592452885,0.1159785960331872,1.0208408876509913,-0.5425555131347553,0.37124337470599944,-0.19865411808558614,-0.38082010916457415,-0.04770331466983711,-0.10987285479360887,1.1008442895721455,0.6491466083322533,0.1695695331260325,0.7020191703592886,0.011952849188401653,-0.5392232485273889,-0.7908802898216473,0.5109798184197952,2.565
0.3931757299060492,-1.319651255522415,0.40734100523029926,-0.5789960329434606,-0.47959597592452885,-0.9199631113200732,-0.34724349459844617,0.675483154745061,0.2371041294676496,-0.5317944089927873,-0.017183127782224614,0.3666184165885508,-0.6196118131163605,-0.6586439329449095,-0.0631381756182209,-0.2818350805629523,0.7020191703592886,-0.26623969602489606,0.09379753613233105,-0.10746058672779356,-0.20785492389203844,2.58
0.3966398332532391,0.5975014925552227,1.7864324117362125,-1.0020182549514258,-0.47959597592452885,-0.2918355602552004,0.6262011620021148,0.3868715828377954,-0.5937583596952632,-1.7504614560721208,1.1966473593673135,0.9740221196955079,0.778726140120379,0.5732925444623426,0.044878637772070795,1.6986518281445706,-0.37829937094029914,0.4457446146057475,-0.05065015969606134,1.148885813570488,-0.012916688688829316,2.889
0.4001039366004289,0.15572281582428882,0.4979713276731845,0.7470866716989024,-0.47959597592452885,-0.9012130351688831,-0.246391120265955,0.8466934092663203,-0.6458123951608916,0.05760764415072222,-0.355211871039057,1.5492454941610367,-0.836595288618614,0.7206533671187118,-1.5346715754279918,0.3200377376890268,-1.411647540879035,1.7188291435479586,1.31523025821065,0.6005131176748214,-1.4627698130126974,2.718
0.4035680399476188,0.4974761317859546,-1.6726248948339315,0.6073054157310535,-0.47959597592452885,-0.690274678467993,-0.6980343618418919,1.1401967027313362,0.7516382492625138,-0.48338940945926234,0.028911700843708938,-0.13619921843376462,1.5571113062078257,-2.4770764845245115,0.7368124278953886,-0.0459660031398785,0.39030670587363686,-0.4642750671936846,-0.8663547949622779,0.7969451281449113,1.1546821159137253,2.374
0.4070321432948087,-1.2112904480223745,0.7381416821468325,0.3056721791688506,-0.47959597592452885,1.9112983875096525,1.8057354531082006,-1.5942756480510625,-0.7319017615078921,0.8719505774794358,-0.1913191470357438,0.41891145063087165,-0.1408704941510732,0.45245666988411837,-0.6392278470331099,1.4810829377629446,-0.062316872694569876,0.2382789876670166,0.42092908256722,0.9606384702033194,-0.4819868171465512,3.024
0.4104962466419985,-0.19436594686814931,-1.8357594752311268,0.7452474446466932,-0.47959597592452885,1.1800454176132331,-0.645415731755375,-0.32731976459374357,1.0579562271948648,0.9402870474091178,-1.5331908248128698,0.13331103393819643,0.2896522747026031,0.888644704946973,0.015134877563149872,0.21430332367178817,-1.3604071357581062,0.7286522877040164,1.0390802514798996,0.35497310458720915,-0.9835466514714747,2.544
0.4139603499891884,1.097628296401563,-0.2089451873813253,0.19715778308854598,-0.47959597592452885,-0.380898421973354,-1.5618568724288755,0.6510245469563097,-0.06721177017756184,-0.9759814635357219,-0.36033351866415997,0.27007743066426626,-0.8917022030318845,-0.5142303267416662,-0.5171218840701716,-1.0240093327993454,-0.11782731157557641,-0.3982632768040884,-0.18235247059841933,-0.6353716148661596,0.23278671193188222,2.169
0.41742445333637823,1.2893435712093269,1.0749843805595583,-0.6102628928310065,-0.47959597592452885,-0.6012118167498394,-0.5884122158283146,-0.5474472346925056,-0.5377001676553559,-0.4406791157532109,1.4271215024969721,0.5074073543947991,-3.164862422579296,1.089055423759636,-1.5800699462731866,-2.656792687719409,1.3681444369313664,0.13926130208262233,0.22974830867670057,-1.2328523133793494,0.08861364214617544,1.997
0.4208885566835681,-1.2529676816762363,-0.32525410118302883,0.09783952226928554,-0.47959597592452885,0.2612916862049115,-0.5357935857417977,0.3868715828377954,-0.17732607597023703,0.24553293645734828,-0.6010509570440269,-0.0637934789905512,-0.29585869093839645,-0.39928888506969873,-0.13984576773596427,-1.1175436221222868,0.9069807908430049,0.6013438348097956,-0.3183032431427886,-1.0978053061811621,0.14344002079707802,2.174
0.424352660030758,1.5977551002479031,-0.14248295092320895,-0.33989651615634964,-0.47959597592452885,-0.5355865502206735,-0.46125052645256603,0.4162219121842969,0.44131611475588367,0.006355291703460483,-0.058156308783052925,0.7165794905640823,-2.2969285205702836,1.5841877878850386,-0.5828712487425229,-0.8064404424177175,-0.6216912952647121,1.1435835415814781,0.6397248571308145,-0.737679953652665,-0.42919104511234885,2.62
0.42781676337794783,-0.23604318052201104,-1.5608474971543724,-0.0051571926543932285,-0.47959597592452885,-1.8715294759929775,-1.1759869184610863,1.003228499114329,1.1100102626604933,-0.9304238169159338,0.08524982471984616,1.4929299190385374,-0.36129815180415564,-0.13993383719448788,-0.5891330929970325,-0.10696662661136333,-1.4586179122398866,1.369909680060093,0.4570410065243179,0.3222344361755275,-0.7723635633346648,2.334
0.4312808667251377,-0.4861065824451811,1.1202995417810016,-0.5624429894735831,-0.47959597592452885,-0.5543366263718638,-0.5840273299877721,0.28414543012503973,-0.7779495621121018,-0.010728825778960095,1.421999854871869,-0.8401439074650062,0.778726140120379,0.039846366446284254,0.44250574793343445,0.38713842350765854,0.40311680715386916,-0.8226247864514924,-0.6348136354726487,0.6987291229098663,0.7384077594902059,2.469
0.43474497007232754,-0.8111890049453023,-0.92794574542822,-0.06585168537727597,-0.47959597592452885,0.6691058424932992,-0.6410308459148315,-0.18545983941898578,0.7256112315296996,0.4192214641952908,0.1928044248470199,-0.5344307853714385,1.8223133318216902,-0.909157331460738,1.121915849547733,1.8796203444433082,0.05724407258759792,-0.37468763737923316,-1.0023055675066472,1.341225490489118,0.7648056455073071,2.957
0.4382090734195174,0.20573549620892287,-0.7633006596569774,0.897903289980003,-0.47959597592452885,-0.6527745261656124,-0.18938760433889557,-0.9387849593125268,-0.3034570080600286,0.5615891098821287,-0.7086055571712006,0.2137618555417669,1.808536603218374,-1.0859903186483804,0.16855006179863666,-0.04799935725559713,-0.20749802053720212,-1.595905759586761,-0.07401669872712485,-0.4716782728077513,0.30791915674978576,2.326
0.44167317676670725,0.5724951523629057,-1.4596436370931496,0.6992667683414806,-0.47959597592452885,0.2847292813938993,0.16140326290455018,0.34284608881804296,0.7736611104210489,-0.06198117822622183,-0.6164158999193381,-0.09597380763197938,-0.09954030834112025,-0.7352715607262212,-0.10070924114527882,-0.5970049684989551,0.07859424138798506,-0.1436463710156465,0.5590040859325951,-0.6599256161749207,-0.043375787939330744,2.389
0.44513728011389714,0.3557735373628249,0.9390388968952296,-1.5151626025176113,-0.47959597592452885,-0.5637116644474588,-0.1674631751361807,0.8369099661508197,-0.14929697995028332,-0.42359499827079045,1.934164617382223,-1.4354799873314277,-0.3234121481450317,0.18131275619639925,1.4710136667366465,-0.060199481949890846,0.9966514998046307,0.16283694150747813,-1.4675121173069114,-1.3106066508570928,1.3232224650998332,2.603
0.448601383461087,1.4393816123632288,-0.045810606984130586,-0.03642405254193918,-0.47959597592452885,0.42066733349002855,1.1216932619834814,-0.34688665082474457,-0.2233738765744467,0.8320876366871212,-0.5549561284180956,-0.22469512219769214,0.4067544678308039,1.3277799564629547,0.3657981558156911,1.0784788228511473,0.3134460981922432,0.3184361617115263,0.13628215255244652,0.9565461366518578,-0.27892615547654176,2.585
0.45206548680827685,0.3224317504397356,-0.9717504012756147,-1.3569890760276764,-0.47959597592452885,-0.8965255161310856,-0.4787900698147383,0.5336232295703034,1.8888187163577776,-1.380305577286342,0.3054806725992989,0.16549136257962466,-0.3337446945975204,0.1547878081182517,0.9622388210577364,0.9707110547181935,-1.2493862579960933,0.9832691934924588,-0.5753351724844871,2.0819378633034145,0.5150410316531955,2.945
0.45552959015546673,-0.5444547095605875,-0.7074119608171978,-0.2460959364937134,-0.47959597592452885,-0.17464758431026145,-0.29462486451192926,0.7341838134380643,0.9698647825607246,-0.30685352880758315,0.5513197586042687,-0.3534164367634049,0.8062795973270143,-1.2834538210079163,0.6303610755687243,-0.2005009159343065,0.8642804532422307,-0.7094617172121847,-0.8344913326471913,-0.6108176135573983,0.5881428698543988,2.394
0.45899369350265656,-0.0276570122527026,-1.4717276800855343,-0.5826744870478773,-0.47959597592452885,0.5659804236617528,-0.8690449096230712,-1.5062246600115576,0.6094906908756058,1.4442685131405244,0.6076578824804082,-2.042883690438385,0.1553291708202571,0.5762397609154697,1.946913830079381,-0.2798017264472355,1.8634683531003473,-0.8933517047260593,-1.5609782734311652,-0.5044169412194329,1.7232519685897518,2.311
0.46245779684984645,-1.0362460666761553,-1.045765164603972,-0.45576782044548764,-0.47959597592452885,1.1331702272352575,0.4946545867858227,-0.2881859921317414,0.7216070749554205,0.2199067602337174,-0.621537547544441,-0.816008660983935,-0.2614168694301015,0.031004717086901737,0.9951135033939121,0.6535078126664738,-0.9205936584701317,0.5164715328803148,0.013076764934111876,0.6414364531894226,0.10688910169647627,2.697
0.46592190019703633,-1.1946195545608298,-0.1953506390148919,-0.4999092696984928,-0.47959597592452885,-0.7090247546191831,0.24033120803432548,0.11293517560378037,0.12098358881355578,0.3992899937991335,0.868861911360687,0.12124341069766086,0.6409588540872024,1.0507416098689801,0.7665561881043095,-0.485170492134566,-0.3911094722205314,-1.1102475874347324,-0.048525928875055566,-0.38983160177854725,-0.07789610042323236,2.259
0.46938600354422616,1.2810081244785545,0.02065162947398579,0.4325788457712403,-0.47959597592452885,0.7628562232492503,0.32364403900464334,0.039559352237526456,-0.24139258115870266,-0.4776947036317888,-0.5088612997921643,-0.17642462923554988,0.4101986499816329,-0.5938051709761062,-0.005216116264006465,0.021134682678753177,0.006003667466668933,-1.0442357970451364,0.32746292644296593,-0.4553089386019105,-0.4027931590952476,2.515
0.47285010689141604,0.39745077101668663,-1.0427441538558748,-1.1749055978590297,-0.47959597592452885,-0.6246494119388271,-1.6407848175586508,-0.32731976459374357,1.5344508595340776,0.47332116955628933,0.325967263099713,-1.0493160436342894,0.4549730179424149,-0.007309096803754083,1.7747131130803655,-0.25743483117435767,1.496245449733689,-1.6383419105515018,-2.0155636691264007,-0.5289709425281942,1.727313181823152,2.665
0.4763142102386059,0.030691114862703758,-0.5593824341604844,-0.10631468052586446,-0.47959597592452885,0.3972297383010407,0.11755440449911947,0.8124513583620684,0.4112849404487904,-0.6257570551461004,-0.3961850520398853,-0.10401888979233644,0.9819328870193148,-0.4582332141322453,0.8683111572400916,1.1415128004383488,-0.9419438272705188,-0.7000314614422424,-0.37353324448893876,0.9974694721664609,-0.24237523637594008,2.839
0.47977831358579576,-1.419676616291683,-1.0533176914742124,0.7047844494981064,-0.47959597592452885,-1.65590360025429,-0.7418832202473217,1.2429228554440919,0.6695530394897923,-0.31254823463505665,0.745942368358202,2.027927882702281,-0.05821012253116729,-0.870843517570082,-1.0133730412400623,0.4400056305162779,-2.5303963860193193,2.5769824186127086,1.2153914096233784,0.6291594525350434,-1.4444943534623964,2.525
0.4832424169329856,0.530817918709044,-0.03372656399174579,0.43073961871903277,-0.47959597592452885,-0.3715233838977589,1.6347249053270203,-0.3860204232867467,-0.24539673773298176,0.4847105812112364,-0.21692738516126092,-0.6872873464182224,-1.243008782416484,0.08405461324319422,-0.5640857159789939,-2.1199872011703462,-0.3526791683798346,0.01666797707337281,0.27435715591782184,-2.239566367038559,-0.2768955488598417,2.102
0.48670652028017547,0.6475141729398567,-0.7315800468019674,-1.2981338103570028,-0.47959597592452885,-0.3199606744819858,-0.5971819875094008,-0.3860204232867467,1.0779770100662605,0.6014520506744434,0.3515755012252302,-1.0493160436342894,0.372312646322509,0.07816018033694007,1.4318771401459611,-0.3936695569273397,0.5952683263573532,0.07324951169302668,-2.0814148245775796,-0.20976892551429913,1.6115686046712467,2.463
0.49017062362736535,0.2724190700551016,-0.8403364337334306,-0.0051571926543932285,-0.47959597592452885,-0.2824605221796053,-0.6541855034364612,-0.24416049811198903,0.9698647825607246,0.8007667546360168,-0.01206148015711937,0.3384606290273011,1.0163747085276083,0.7530727481031134,0.37206000007020074,0.5599735233435325,-0.28435862821859575,0.33258154536643975,-0.1526132391043385,-0.11155292027925422,-0.043375787939330744,2.419
0.4936347269745552,-0.2277077337912387,0.3212421989095571,0.06657266238173959,-0.47959597592452885,1.3019209125959699,1.4023259557782382,-0.7626829832335172,-0.5717354985367282,0.46477911081507906,0.3515755012252302,-0.3976643886453687,1.1024792622983446,0.31099028013400337,0.4565948975060812,1.0683120522725684,0.9838413985243984,-1.0913870758948478,0.10866715187937147,0.8419607972109722,-0.15708975847453607,2.584
0.49709883032174507,-0.80285355821453,-0.48083615470998253,0.246816913498177,-0.47959597592452885,-2.6121574839649915,-0.12799920257129255,2.11854101428139,0.759646562411072,-3.0887173255283984,-0.8468900430489967,2.188829525909422,-1.649422276214354,-0.9297878466326287,-1.6317301613728914,-0.07036625252847316,-3.05988057226892,2.435528582063574,2.218028357138103,1.427164495069782,-2.143023029607229,2.441
0.5005629336689349,1.1643118702477417,1.3846379822394184,-0.3178257915298462,-0.47959597592452885,-1.0887137966807854,0.9989164584482755,1.482617211773855,-1.0822654617573133,-1.568230869592968,1.4271215024969721,-0.02759060926894448,1.5054485739453856,-1.2304039248516236,0.26404318667990906,1.318414608505653,0.4757073810751853,-0.5538624970081371,-0.19509785552445397,2.041014527788812,0.16983790681417926,2.7
0.5040270370161247,-1.102929640522334,-1.5276163789253152,-0.9284491728630838,-0.47959597592452885,-0.8074626544129319,-1.6890185618046252,1.0374705500185808,1.7947210368622188,-1.3489846952352376,-0.8520116906740997,0.8372557229694382,-0.09265194403946066,0.16362945747763424,0.7039377455592128,0.17566959547318117,-1.0956650426333059,0.20998822035718967,0.05980984299623866,-0.041983249904430274,0.13125638109687743,2.406
0.5074911403633147,1.2810081244785545,-1.2224942933675995,1.7807322750401067,-0.47959597592452885,0.7066059947956795,-0.2639306636281273,0.00042557977552429147,0.37925168785455765,-0.036355002002590966,-0.3961850520398853,2.703714784172273,0.8476097831369688,-0.9975738250545578,-1.3765600080016227,0.38713842350765854,-2.026532402330184,0.7710884386687568,1.6402375738245334,0.7887604610419899,-1.7856362650680124,2.543
0.5109552437105045,-0.23604318052201104,0.07502982293971737,0.46384570565878624,-0.47959597592452885,-0.338710750633176,0.4420359566993058,0.12271861871928091,0.012871361308020142,-0.9418132285708809,-1.3539331579342453,0.5074073543947991,-0.4611794341782083,0.41414285599346257,-0.5030327344975248,1.8409866162447013,-0.8907034221495898,1.756550166627728,1.4171933376189272,2.1965232027442987,-1.2394030851756868,3.11
0.5144193470576943,-0.4027521151374578,0.029714661718274724,-0.44657168518444507,-0.47959597592452885,-0.5543366263718638,0.14824860538292048,0.5923238882633065,0.3051747912303943,-0.23566970596416406,0.29523737734909067,-0.976910304191076,0.23110117813850342,0.3994067737278259,0.813520020013132,0.24887034363896152,0.061514106347675346,-0.14836149890061764,0.06830676628026176,1.468087830584383,-0.2342528099091397,2.54
0.5178834504048843,0.6391787262090843,-0.04127909086198612,-0.420822506453525,-0.47959597592452885,-1.2996521533816754,-0.2639306636281273,1.6587191878528647,0.2270937380319519,-1.095570285912666,0.4693733966026121,1.396388933114253,0.372312646322509,0.35225131047778757,-0.2149878987900802,1.6071508929373441,-0.5533707551034733,0.7758035665537278,0.21700292375066593,1.8732288521789437,-0.4474665046626497,2.947
0.5213475537520741,-1.8781261864841614,0.188317725993325,-2.1349821191118923,-0.47959597592452885,0.2284790529403286,-0.645415731755375,-0.24905221966973923,1.2101141770174706,0.4277635229365011,-0.4832530616666449,-1.3831869532891068,-0.9399207531434955,2.0144813900416376,1.5289357260908611,-0.7068060907476257,0.21096528795038513,0.7710884386687568,-1.0872748003468784,-0.934111964122754,0.6206325757216004,2.499
0.5248116570992639,-0.5111129226374982,0.7230366284063512,-1.8278312013930642,-0.47959597592452885,-0.976213339773644,-0.15430851761455097,1.262489741675093,0.7996881281538629,-1.7105985152798062,0.6639960063565454,-1.2102176868414303,0.8476097831369688,0.685286769681183,1.472579127800274,1.731185493996029,0.7447195079600628,-0.5067112181584255,-1.1425048016930281,2.0696608626490334,1.0876720975626222,2.821
0.5282757604464539,0.5891660458244503,0.044819715458755384,-1.3128476267746712,-0.47959597592452885,0.017540696239438474,-0.5007144990174531,0.7733175859000665,1.0079042700163758,0.13448617282161482,-0.1913191470357438,-1.0895414544360749,0.3964219213783153,0.9593778998220305,1.4663172835457645,-0.5014373250602951,0.9667612634840888,-0.9452181114607425,-1.6905563535125174,-0.8154342911304086,1.664364376705449,2.219
0.5317398637936437,-1.027910619945383,-1.1530110461613867,-0.1762053085097881,-0.47959597592452885,-0.0012093799117517598,-1.1014438591718536,-0.2588356627852398,1.1520539066904236,0.3622744059205556,-0.2425356232867803,-0.22871766327787066,0.0933338921053269,0.7206533671187118,0.6522775304595082,0.07603524380308753,-0.3697593034201443,0.02609823284331512,-0.39265132187799073,-0.30389259719788336,0.3810209949509891,2.446
0.5352039671408335,-1.077923300330017,-1.594078615383431,1.628076429706797,-0.47959597592452885,0.3691046240742554,-0.7594227636094939,-0.5034217406727531,0.20707295516055638,-0.0648285311399586,-0.33984692816374584,1.0906758110206851,0.041671159842885316,-2.8837923550560913,-1.0979079386759425,-1.3615461160082243,-0.5533707551034733,-0.56800788066305,0.6184825489207567,-1.3597146534746154,-0.33172192751074425,2.201
0.5386680704880233,-1.6614045714840808,-0.5427668750459551,0.4803987491286638,-0.47959597592452885,1.0159822512903185,-0.0885352300064054,-0.9387849593125268,-0.20335309370305119,-0.07052323696743212,-0.33472528053864287,-0.5263857032110815,-0.45429106987654866,-0.8531602188513171,0.007307572245012785,0.3464713411933365,-0.09220710901511185,-0.56800788066305,0.6078613948157281,-0.295707930094963,-0.14287551215763541,2.548
0.5421321738352133,-0.3527394347528237,0.8997657571699786,-0.8695939071924101,-0.47959597592452885,-0.49339887888049544,-0.5270238140607116,0.6999417625338125,0.4673431324886978,-2.271527039285948,-0.5498344807929904,0.6280835868001549,0.22421281383684386,0.0339519335400288,-0.039656259663809645,0.23057015659751554,0.46716731355503044,0.02609823284331512,0.2998479257698909,0.9770078044091602,-0.3845176995449467,2.606
0.5455962771824031,2.40629343313282,-1.5457424434138918,0.6220192321487219,-0.47959597592452885,-0.3433982696709736,-0.37793769548224715,0.32817092414479215,0.5914719862913499,-0.11323353067348357,-1.0466343004280352,1.1791717147846126,-0.3303005124466898,0.5408731634779409,-0.3151774068622349,-0.033765878445581175,-1.3518670682379514,1.2143104598560455,0.9902229425967669,0.35906543813866887,-1.1845767065247843,2.538
0.5490603805295929,0.8642357879399376,-1.0608702183444527,-0.7408480135378129,-0.47959597592452885,0.23785409101592375,-1.2724544069530328,-0.053383357359728614,0.9358294516793523,-0.4093582337021066,0.3003590249741959,-1.322848837086429,2.5111497619875727,-1.1685123793359489,1.8764680822161475,0.9524108676767475,0.9368710271635469,-1.1668291220543863,-2.0261848232314295,-0.062444917661731755,1.8593026119086582,2.406
0.5525244838767829,-1.5113665303301789,-0.36754825165637495,-1.336757578453382,-0.47959597592452885,-0.6715246023168027,-1.6583243609208231,0.39665502595329594,0.5674470468456753,-0.4549158803218947,0.6230228253557172,-0.6349943123759015,-0.013435754570385296,-0.38750001925718786,1.3770860029190017,-0.5970049684989551,0.5867282588371984,0.3278664174814686,-1.0809021078838608,-0.16884558999969707,0.8846114358926128,2.42
0.5559885872239727,-1.6614045714840808,1.0734738751855102,-1.2208862741642432,-0.47959597592452885,1.3394210648983502,-1.3382276945611793,-1.5698170402623113,-0.2233738765744467,0.2540749951985586,0.6076578824804082,-1.6647648289016035,1.1713629053149315,-0.07804229167881159,1.8842953875342843,0.08010195203452118,0.3945767396337143,-1.8175167701804058,-1.7521590473216848,-0.1483839222423956,1.5851707186541455,2.512
0.5594526905711625,-0.5944673899452215,2.1187435940267942,-1.3864167088630133,-0.47959597592452885,-2.598094926851599,-0.15869340345509453,1.629368858506363,-0.22537595486158624,-1.2293958728582937,3.035318856779482,0.07699545881569711,-2.241821606157013,0.2844653320558571,-0.7597683489324208,-1.1155102680065716,0.6123484613976627,0.47875050980054557,-0.5307263252433658,-1.2983296502027126,0.5658061970706979,2.352
0.5629167939183524,1.1059637431323353,-0.8509099713517667,0.07025111648615627,-0.47959597592452885,-0.28714804121740284,-0.17623294681726587,1.0912794871538336,0.4673431324886978,-0.8506979353313044,0.1620745390963998,-0.07988364331126531,1.6638809528835394,-1.2687177387422797,0.719592356195487,0.8243095583866292,0.5141376849158821,-1.213980400904098,-0.7304040224179084,0.8910687998284946,0.44396980006869213,2.719
0.5663808972655423,1.147640976786197,0.15357610239021854,-0.2847197045900927,-0.47959597592452885,-1.1777766583989389,0.29294983812084235,0.5776487235900557,0.37524753128027855,0.10316529077051043,0.8176454351096527,0.8855262159315804,2.493928851233426,-0.057411776506920795,0.30631063539784925,1.3977154190185819,0.4757073810751853,-0.8980668326110309,-0.5094840170333083,0.4818354446824759,0.14953184064717828,2.611
0.5698450006127321,0.2974254102474186,0.29556360755073957,0.524540198381669,-0.47959597592452885,-0.3996484981245443,0.09124508945586104,0.28414543012503973,-0.3174715560700055,-0.8506979353313044,0.868861911360687,1.5854483638826435,-0.8985905673335426,-0.6999049632886911,-1.1667882254755488,0.9239439100567228,0.4287370097143337,0.7946640780936125,1.3662117979147888,0.9319921353430975,-1.1439645741907822,2.642
0.573309103959922,0.07236834851656546,0.6958475316734857,-1.8407057907585243,-0.47959597592452885,-2.302781227470353,-0.4656354122931086,1.282056627906094,0.8417317721837935,-2.214579981011213,0.9917814543631719,0.3103028414660515,-2.2383774240061842,0.3021486307746222,-0.3261356343076268,-0.6519055296232895,-0.6558515653453315,1.3651945521751219,0.015200995755117649,0.19537209608026068,-0.04946760778943103,2.365
0.5767732073071119,1.3393562515939608,-0.10018880044986216,0.8831894735623347,-0.47959597592452885,1.0675449607060916,1.1216932619834814,-1.2078296449887915,-0.4035609224170061,2.475010267913232,-0.24765727091188328,-0.3976643886453687,0.5479659360148095,0.37877625855593383,-0.3464866281347831,-1.47948065471976,0.2237753892306174,-1.3742947489931172,-0.3437940129948579,-1.0855283055267821,-0.00276365560532886,2.301
0.5802373106543017,0.23074183640123985,0.6203222629710811,-0.4962308155940761,-0.47959597592452885,-2.1902807705632115,-0.7857320786527523,1.8543880501628751,0.0649253967736484,-0.8222244061939368,0.7100908349824789,0.8533458872901523,-0.07543103328531398,-0.03972847778815577,-0.11949477390880783,0.6352076256250279,-0.28008859445851836,0.6013438348097956,0.244617924423741,1.3535024911434972,-0.09211034674013303,2.634
0.5837014140014916,-0.5277838160990429,0.6852739940551489,-1.575857095240493,-0.47959597592452885,-1.219964329739117,-1.49608358482073,0.43578879841529794,0.8177068327381188,-0.7880561712290957,1.160795825991588,-0.4177770940462613,-2.5242445425250244,0.9976917137126863,-0.03652533753655481,-2.414823547949186,0.35614643579301747,-0.006907662351482971,-0.9088394113823933,-1.8016866770323174,0.9231929616099145,2.026
0.5871655173486814,0.10571013543965481,-0.4189054343740113,1.2344818405341669,-0.47959597592452885,-0.34808578870877116,1.2576247230403172,0.5727570020323054,-0.027170204434770875,-0.4463738215806844,-0.35009022341395407,1.1389463039828274,-0.757379099149537,-0.3727639369915512,-1.19653198568447,0.29360413418471715,-1.9966421660096418,2.1290452695404487,1.5765106491943601,0.2976804348667654,-1.521657404897,2.656
0.5906296206958713,-0.0693342459065643,0.33936826339813425,0.7728358504298225,-0.47959597592452885,-0.06214712740312002,-0.07538057248477568,-0.2881859921317414,-0.7659370923892644,-0.2100435297405332,-1.0671208909284495,0.49131719007408503,-0.9433649352943262,0.24025708525894587,-0.5813057876788955,-0.23303458178576483,0.03162387002713337,0.5730530674999686,1.2408821794754479,0.4204504414105724,-0.8414041883024681,2.412
0.5940937240430612,0.5474888121705888,1.781900895614068,-0.6654397043972619,-0.47959597592452885,-0.4746488027293052,-0.737498334406779,0.06890968158402808,-0.7218913700721943,0.31671675930076737,2.7433849421485808,-1.290668508445001,0.3619800998700204,-0.2990835256633653,0.40180376027912157,0.4034052564333895,0.9624912297240114,-0.3133909748746076,-1.1658713407240917,0.4286351085134919,1.5628340458704444,2.486
0.597557827390251,-0.3527394347528237,-1.6409042819789215,0.08680415995603383,-0.47959597592452885,0.008165658163843358,-1.4171556396909546,0.3673046966067943,0.9198128253822359,-0.7823614654016223,-0.5344695379176815,0.10917578745712533,-0.07198685113448494,-0.06625342586630201,0.12941353520795124,0.17770294958889618,-0.39964953974068623,-0.10121022005090609,0.3317113880849775,0.2854034342123861,-0.1469367253910356,2.439
0.6010219307374409,-1.394670276099366,-0.38869532689304864,0.566842420582465,-0.47959597592452885,-0.3293357125575809,0.3148742673235572,-0.42515419574874885,0.4313057233201859,0.4220688171090276,-0.10937278503408716,0.40282128631015757,-0.1408704941510732,0.35519852693091464,-0.29169549090782365,1.2452138603398726,-0.29716872949882805,0.7050766482791611,1.0879375603630326,1.1120548116073465,-0.8576490412360689,2.723
0.6044860340846308,-0.19436594686814931,-0.38869532689304864,-0.23689980123267085,-0.47959597592452885,-0.8824629590176929,0.029856687688258034,0.4798142924350504,0.5474262639742797,-0.7396511716955708,-0.05303466115794768,1.0424053180585429,0.22765699598767442,0.2844653320558571,-0.03182895434567256,0.12483574258027684,-0.9419438272705188,0.12983104631268003,0.43367446749325467,-0.07881425186757257,-0.6017926075318568,2.356
0.6079501374318206,-2.569968265138266,0.8212194777194781,-0.9707513950638814,-0.47959597592452885,-1.1637141012855463,-0.1192294308902064,0.7341838134380643,0.5414200291128611,-1.1155017563088232,0.3464538536001272,0.10917578745712533,-0.29585869093839645,0.19015440555578048,0.5630462498327454,1.2533472768027363,-1.6763896340038353,1.8367073406722374,0.3572021579370468,1.6522428404000935,-0.6809862655831607,2.836
0.6114142407790105,-1.3696639359070488,-1.1152484118101835,0.7084629036025231,-0.47959597592452885,1.3159834697093624,0.46396038590202165,-0.703982324540514,0.4893659936472328,0.5900626390194963,-1.9019494538203245,1.126878680742292,-0.9226998423893489,2.1942615936824086,-1.0853842501669233,-0.424169868663083,-2.210143854013513,1.1813045646612472,1.6020014190464293,-1.5234079955330235,-2.0211866326052235,2.256
0.6148783441262003,0.7225331935168079,-0.6711598318400435,0.07760802469499128,-0.47959597592452885,-0.6199618929010294,1.4768690150674697,0.6803748763028113,0.4773535239243955,0.017744703358407537,-0.05303466115794768,0.3545507933480152,0.18977099232855046,0.9033807872126096,-0.0005197330731242135,0.5274398574920741,-0.43807984358138286,-0.13893124313067534,0.726818320792051,0.3058651019696867,-1.0160363573386764,2.686
0.6183424474733902,0.9392548085168886,-0.9294562508022672,0.15853401499216663,-0.47959597592452885,0.8800441991941893,-0.22885157690378272,-0.37134525861349593,0.2851540083589988,0.7665985196711756,-0.15034596603491548,-0.8361213663848277,0.01411770263625001,0.5909758431811063,0.6287956145050969,0.46033917167343885,0.9326009934034695,-0.539717113353223,-0.21421593291350594,-0.975035299637356,0.6267243955717007,2.631
0.62180655082058,-0.0276570122527026,1.7441382612628658,-0.03826327959414671,-0.47959597592452885,0.7253560709468698,0.08247531777477489,-0.024033028013226994,-1.1763631412528721,-0.1958067651718494,1.2632287784936589,-0.453979963767868,0.5135241145065146,-0.331502906647767,0.05583686521746272,1.281814234422761,0.3219861657123981,-0.16722201044050228,0.19363638471960243,1.5253805003048269,-0.17739582464153703,2.842
0.62527065416777,0.7392040869783525,-0.4747941332137908,0.123588701000204,-0.47959597592452885,0.5706679426995505,-0.14553874593346483,-0.04849163580197834,0.010869283020880591,-0.4378317628394741,-0.3654551662892652,0.4631594025128353,-0.8641487458252493,-0.34329177246027787,-0.14923853411772875,-0.7922069636077052,-0.40818960726084114,0.06381925592308436,0.25523907852876987,-0.267061595234742,-0.3459361738276449,2.366
0.6287347575149598,-2.0698414612919254,1.579493175491623,-0.9229314917064596,-0.47959597592452885,-1.1777766583989389,-0.6366459600742889,1.1793304751933384,-0.24739881602012131,-1.3689161656313948,0.40279197747626666,0.21778439662194546,0.4101986499816329,-0.2401391966008187,0.14663360690785282,0.8629432865852362,0.023083802506978637,0.24299411555198777,-0.1844767014194251,1.3330408233861968,0.484581932402694,2.726
0.6321988608621496,-1.3696639359070488,-0.3751007785266153,-1.07374810998756,-0.47959597592452885,0.8003563755516309,-0.6848797043202622,0.21566132831653606,0.8117005978767002,0.3053273476458203,0.42327856797668084,-1.6124717948592826,1.488227663191239,0.8473836746031901,1.9077773034886958,0.8466764536595088,0.7447195079600628,-0.8839214489561169,-0.930081719592451,0.19537209608026068,0.9130399285264139,2.458
0.6356629642093395,1.6310968871709925,0.29707411292478747,0.2909583627511822,-0.47959597592452885,-0.13714743200788096,-0.430556325568764,0.22055304987428634,-0.3955526092684479,0.5103367574348673,-1.2463785578070716,-0.44593488160751094,-0.2131983193184905,-0.9209461972732462,-0.33083201749850905,-0.7230729236733549,1.9702191971022829,-0.9782240066555401,-0.6496832512196892,-1.2451293140337296,0.7323159396401056,2.264
0.6391270675565294,-0.3110622010989621,-0.6711598318400435,-0.7390087864856038,-0.47959597592452885,-1.093401315718583,-0.9962065989988198,1.6929612387571165,0.8297193024609562,-2.009570571222166,-0.07352125165836183,0.2499647252633736,-0.02721248317370295,-0.5495969241791936,0.9512805936123446,1.3021477755799256,-0.762602409347267,1.1200079021566223,-0.0464016980540498,2.106491864612175,0.01754241056167211,2.88
0.6425911709037192,-0.19436594686814931,0.3771308977493373,0.15301633383554078,-0.47959597592452885,-0.019959456062941996,0.09562997529640363,-0.1610012316302345,0.275143616923301,0.48755793412497317,0.325967263099713,0.06492783557516153,-0.7642674634511967,0.2579403839777109,-0.6517515355421293,-0.14153364657853848,-0.5747209239038604,-0.4359842998838577,0.066182535459256,-0.07881425186757257,0.027695443645172593,2.6
0.646055274250909,0.5724951523629057,-0.5427668750459551,-0.4226617335057341,-0.47959597592452885,-0.2262102937260346,-1.0444403432447942,0.21076960675878578,0.9438377648279105,0.38790058214418643,1.6012575217504925,-0.18044717031572838,-0.20286577286600188,-0.773585374616877,0.5379988728147068,-1.190744370288069,0.381766638353482,-1.5864755038168186,-1.6969290459755346,-1.9039950158188221,1.3983549099177368,2.084
0.649519377598099,0.4474634514013207,-0.6167816383743112,0.9494016474418433,-0.47959597592452885,1.4191088885409087,0.30171960980192847,-1.1246703785070369,-0.4035609224170061,1.4300317485718408,-0.9851745289267928,-0.6349943123759015,0.00034097403293235706,0.546767596384195,-0.13984576773596427,-1.066709769229384,0.014543734986823785,-0.7943340191416655,-0.04427746723304402,-2.1004270262889118,0.062215756129074186,2.166
0.6529834809452888,0.2724190700551016,-1.0805067882070778,0.19531855603633844,-0.47959597592452885,-0.8309002496019197,-0.22008180522269657,0.38197986128004513,0.3171872609532316,-0.5488785264752079,-0.9954178241769988,0.6924442440830113,-1.0363578533667193,-0.22540311433518204,-0.5499965664063471,-0.542104407374619,-0.7583323755871896,2.138475525310391,0.6843337043719355,0.2485724322492429,-0.8678020743195693,2.455
0.6564475842924786,-1.4863601901378618,-1.1363954870468573,0.8942248358755863,-0.47959597592452885,-0.6199618929010294,-0.522638928220169,0.3673046966067943,0.333203887250348,-0.8506979353313044,-0.6112942522942328,1.8428909930140691,-0.28208196233507876,-1.2127206261328587,-0.8818743118953594,2.0951558807092194,-1.6891997352840675,1.1482986694664492,1.5637652642683255,2.0696608626490334,-1.3348415961605913,3.104
0.6599116876396686,0.8308940010168482,-1.6560093357194035,-0.790507143947444,-0.47959597592452885,0.47691756194359924,-1.7021732193262538,-1.295880633028296,1.4683822760584724,1.2563432208338985,0.25426419634826236,-1.2786008852044652,0.4343079250374392,-0.11635610556946872,1.7308802032987978,-0.836940754153459,1.2485834916491987,-0.6953163335572717,-1.9773275143482967,-2.0922423591859913,2.0806387331289686,2.316
0.6633757909868584,-0.3444039880220514,0.2442064248331045,-1.0020182549514258,-0.47959597592452885,-0.3152731554441882,-0.215696919382154,0.9885533344410781,0.5414200291128611,-0.02211823743390715,0.3874270346009555,-0.06781602007072972,2.2459477363737084,0.19899605491516298,1.0874757061479299,1.7637191598474873,0.433007043474411,-1.0442357970451364,-1.2848282667004152,0.5268511137485368,1.1404678695968247,2.932
0.6668398943340482,0.16405826255506117,-0.27087590771729725,0.2817622274901396,-0.47959597592452885,0.6784808805688943,-0.6278761883932027,-1.129562100064787,0.010869283020880591,0.6811779322590727,-0.05303466115794768,-0.36548406000394046,-0.013435754570385296,-0.9268406301795004,0.018265799690404705,-1.83328427085437,1.009461601084863,-0.7754735076017809,-0.556217095095435,-1.8958103487159017,0.2693376310324839,2.085
0.6703039976812382,-0.2527140739835557,-2.0562932598421493,-2.072448399336801,-0.47959597592452885,-1.9371547425221434,-2.3204421228428274,1.3749993375033491,3.0880636103543675,-1.7305299856759635,-0.18107585178553784,-0.02759060926894448,0.34475918911587367,1.3395688222754643,1.9625684407156552,0.9625776382553263,-0.6814717679057961,1.6763929925832182,-0.7495220998069604,1.1284241458131874,0.37899038833428905,2.617
0.673768101028428,0.3557735373628249,-0.5926135523895416,0.123588701000204,-0.47959597592452885,-1.6277784860275044,-0.22885157690378272,1.0081202206720792,0.7876756584310256,-0.9161870523472501,-1.005661119427207,1.8670262394951402,0.3172057319092384,1.147999752822184,-0.7143699780872259,0.7450087478737002,-2.5090462172189323,1.6575324810433336,1.334348335599702,0.01121708626455193,-1.365300695411093,2.57
0.6772322043756178,-0.7861826647529854,0.05388274770304431,-1.649426177328835,-0.47959597592452885,-1.6277784860275044,-1.0839043158096813,1.7467701758923693,1.1600622198389818,-1.7020564565385958,1.0532412258644144,-0.538453326451617,-0.20975413716766148,0.3493040940246605,0.9043167617035222,0.4400056305162779,0.1554548490693787,0.12040079054273772,-0.8493609483942316,0.6373441196379628,0.9475602410103157,2.556
0.6806963077228076,1.022609275824612,-0.2119661981294212,0.5171832901728339,-0.47959597592452885,2.187862010739708,-0.185002718498352,-1.217613088104292,-0.2554071291686794,1.1225176338882703,0.20816936772233108,-2.1675824639239187,1.0060421620751194,-1.9819441203991088,0.85109108554019,0.08823536849738486,1.7609875428584894,-1.2234106566740401,-1.9688305910642736,-1.2819603159968718,2.066424486812068,2.53
0.6841604110699976,0.39745077101668663,0.12336599490925655,0.401311985883696,-0.47959597592452885,1.0675449607060916,1.494408558429642,-1.7948362319188234,-0.2113614068516094,2.2756955639516585,-0.48837470929175014,0.39879874522997905,0.9233817904552136,1.8140706712289747,-0.3167428679258623,0.46847258813630616,-0.09647714277518928,-1.0442357970451364,0.1638971532255216,-0.17293792355115684,-0.30938525472704326,2.473
0.6876245144171874,-0.0943405860988813,0.6399588328337062,-0.2700058881724243,-0.47959597592452885,1.011294732252521,0.6568953628859168,-0.9925938964477798,-0.025168126147631326,0.6156888152431271,-0.6369024904197522,-0.7798057912623284,1.4158998380238217,-0.38750001925718786,0.6835867517320565,1.2838475885384795,0.8642804532422307,-1.020660157620281,-1.0108024907906703,0.21583376383756125,0.8277544506250101,2.617
0.6910886177643772,0.1473873690935165,0.8725766604371132,0.4105081211447385,-0.47959597592452885,2.637863838368274,1.6259551336459341,-3.38464573818766,-1.1042883229158482,2.486399679568179,-0.3859417567896794,-1.914162375872672,0.7098424971037923,1.4191436665099042,0.8354364749039158,1.7962528256989456,1.0308117698852501,-1.4685973066925404,-0.2779428575436789,1.0752238096442053,0.6734283477558028,2.951
0.6945527211115672,0.7308686402475801,0.2789480484362103,0.1750870584620442,-0.47959597592452885,-0.7558999449971588,-0.5357935857417977,0.915177511074824,0.10296488422929982,-1.1439752854461909,-0.2732655090374004,1.436614343916038,0.04855952414454491,-0.15172270300699617,-0.5781748655516407,-0.46687030509312183,-1.5995290263224418,1.5302240281491124,0.28072984838083914,0.4572814433737138,-0.8150063022853669,2.373
0.698016824458757,-0.111011479560426,-1.441517572604573,0.5061479278595823,-0.47959597592452885,0.6550432853799065,0.5034243584669088,-0.004466141782225979,0.5934740645784894,0.02913411501335459,-1.5331908248128698,0.08906308205623269,0.48597065729987926,-0.02793961197564618,0.5693080940872551,1.1537129251326461,-0.7070919704662604,-0.2568094402549537,0.6800852427299244,0.7887604610419899,-1.0505566698225781,2.708
0.7014809278059468,1.6477677806325373,0.6595954026963313,0.5190225172250431,-0.47959597592452885,1.2128580508778162,0.2666405230775839,-0.6648485520785119,-0.24539673773298176,1.0769599872684825,-0.47813141404154197,-0.20860495787697805,-0.1856448621118552,1.374935419712993,-0.6830607568146776,-0.35096912049730083,0.5013275836356498,-0.7236071008670987,0.04706445807020402,-0.47986293991067175,0.13734820094697772,2.521
0.7049450311531367,1.0559510627477011,-0.7995527886341317,0.5227009713294598,-0.47959597592452885,0.46285500483020653,0.4990394726263662,-1.3888233426255512,0.16502931113062586,1.2107855742141105,0.18768277722191692,-0.7516480037010788,1.1024792622983446,-0.3698167205384228,0.7023722844955854,0.7938092466508895,0.32625619947247547,-0.8744911931861746,-0.6475590203986833,-0.029706249250050117,0.8115095976914094,2.715
0.7084091345003266,0.655849619670629,-0.7859582402676983,-0.1191892698913237,-0.47959597592452885,-0.16996006527246388,-0.30339463619301543,-0.004466141782225979,0.4232974101716277,0.9431344003228547,0.6742393016067536,-0.9527750577100048,0.7373959543104276,0.06931853097755755,0.49886234622402137,-0.11713339718994384,1.3382542006108245,-0.46899019507865625,-1.282704035879409,-0.08290658541903233,1.2826103327658314,2.493
0.7118732378475164,-0.7861826647529854,0.269885016191922,-0.1762053085097881,-0.47959597592452885,-0.46527376465371006,-0.4130167822065917,0.1569606696235328,-0.1613094496731206,-1.2407852845132408,-0.04791301353284471,0.652218833281226,0.14155244221693944,0.08110739679006715,0.2765668751889283,1.2228469650669929,-0.8053027469480412,1.2991827617855256,0.8988810172935189,1.1284241458131874,-1.1622400337410832,2.584
0.7153373411947063,0.5641597056321334,-1.3886498845128894,-0.3932341006703973,-0.47959597592452885,1.7144225879221549,0.18332769210726507,-1.0268359473520317,0.7496361709753743,0.3907479350579232,-0.6829973190456835,-1.5360435143358908,0.3860893749258267,-0.16351156881950704,1.6526071501174269,-0.5461711156060508,-0.42953977606122823,-0.5114263460433961,-0.5201051711383369,-1.6093470001136874,0.6084489360213998,2.258
0.7188014445418962,0.405786217747459,-1.1061853795658947,0.4951125655463322,-0.47959597592452885,-0.2121477366126419,-1.2022962335043446,1.1108463733848346,0.8237130675995376,-0.904797640692303,-2.0504772349483265,1.690034431967285,-0.795265102808661,0.7412838822906038,-1.0509441067671201,1.0744121146197172,-1.1298253127139253,1.369909680060093,1.6763494977816311,1.1284241458131874,-1.5561777173809017,2.83
0.722265547889086,1.4810588460170906,-0.5533404126642913,-0.875111588349036,-0.47959597592452885,0.7722312613248454,0.7138988788129763,-1.0023773395632802,0.9598543911250269,0.5188788161760776,0.6588743587314425,-1.3429615424873218,-0.4646236163290373,1.6254488182288214,1.1829688310292021,0.19193642839890854,0.48424744859534014,-0.4642750671936846,-0.4521297848661524,-0.36118526691832625,0.6165713624882002,2.577
0.7257296512362759,-0.14435326648351532,-0.918882713183931,0.7452474446466932,-0.47959597592452885,0.6128556140397284,1.586491161081047,-1.7018935223215685,-0.23738842458442355,1.0143182231662737,-0.887863224049825,-0.9527750577100048,0.38264519277499764,-0.632118984866762,0.08088424223550139,0.02926809914161686,0.492787516115495,-1.0442357970451364,-0.41601786090905424,-1.04460497001218,0.43381676698519167,2.421
0.7291937545834657,0.5975014925552227,-1.6152256906201048,-1.0700696558831435,-0.47959597592452885,-0.49339887888049544,-0.5884122158283146,0.5776487235900557,1.6765984179209854,-0.9133396994335132,0.11597971047046852,-1.0694287490351821,0.9716003405668262,-0.15172270300699617,1.7199219758534057,1.0418784487682589,-0.1007471765352667,-0.18136739409541522,-0.9980571058646357,1.4353491621727015,1.0551823916954206,2.632
0.7326578579306556,0.12238102890119947,-1.76929723877301,-0.4116263711924824,-0.47959597592452885,-1.0043384540004294,-1.2592997494314042,1.5608847566978592,1.5384550161083566,-1.4856576350946022,0.6179011777306141,0.19767169122105283,-0.6747187275296311,-0.9445239288982653,0.3595363115611814,-0.836940754153459,-0.540560653823241,0.9125422752178914,-0.14624054664132116,0.5964207841233616,-0.043375787939330744,2.272
0.7361219612778455,-0.3444039880220514,0.4889082954288963,0.42338271051019777,-0.47959597592452885,0.7019184757578821,0.15701837706400662,-1.2225048096620423,-0.8640389284591025,1.022860281907484,-0.8673766335494109,0.19364915014087428,-0.30619123739088505,0.7353894493843484,-0.6877571400055599,-0.033765878445581175,-0.8864333883895124,0.219418476127132,0.5122710078704681,0.3099574355211464,-0.9794854382380745,2.489
0.7395860646250353,-0.8195244516760746,-0.2180082196256136,-0.4061086900358566,-0.47959597592452885,-0.7465249069215637,-0.9304333113906742,0.5042729002238018,0.7236091532425601,-0.2954641171526361,0.13646630097088266,0.7688725246064032,1.629439131375243,-0.15172270300699617,0.28439418050706544,0.9727444088339086,0.24939559179108195,0.3891630799860936,-0.5052355553912967,0.9974694721664609,0.25309277809888314,2.643
0.7430501679722252,-0.4194230085990025,0.6671479295665717,0.5815562370001334,-0.47959597592452885,0.26597920524270907,0.9813769150861031,-0.723549210771515,-0.5397022459424954,0.14302823156282513,-0.4832530616666449,0.3585733344281938,0.18977099232855046,-0.3698167205384228,-0.6220077753332083,0.3281711541518905,-0.356949202139912,0.16755206939244927,0.5250163927965027,0.08487909019083562,-0.44543589804594963,2.665
0.7465142713194151,-2.2282149491766,-0.844867949855575,-0.764757965216524,-0.47959597592452885,1.7191101069599524,-1.2329904343881457,-0.9436766808702771,1.1420435152547257,0.46477911081507906,0.5871712919799941,-0.5666111140128667,-0.19253322641351478,-0.30497795856962207,0.9935480423302847,-1.5140476746869354,1.0735121074860243,-1.0583811807000503,-1.5418601960421134,-2.05950369077431,1.4775485679690403,2.342
0.7499783746666049,1.2143245506323757,-0.27238641309134515,1.4257614539638561,-0.47959597592452885,-0.3574608267843662,-0.23323646274432627,-0.0876254082639805,-0.5917562814081238,-0.5260997031653137,-0.5037396521670591,0.6240610457199763,-1.246452964567313,-0.1369866207413595,-1.5675462577641674,-0.2981019134886815,-1.206685920395319,1.1247230300415934,1.708212960096718,-0.31616959785226445,-1.2048827726917852,2.367
0.7534424780137948,-0.41108756186823014,-0.24670782173252764,-0.3325396079475146,-0.47959597592452885,0.5191052332837773,0.1789428062667225,-0.3517783723824948,0.3912641575773949,1.022860281907484,-0.022304775407327584,0.2821450539048019,0.33098246051255603,0.08405461324319422,0.6835867517320565,0.06586847322450884,-0.5448306875833185,-0.19079764986535752,-0.37353324448893876,-0.3530005998154058,0.24903156486548292,2.583
0.7569065813609847,-0.9112143657145704,-0.3373381441754136,0.5502893771125874,-0.47959597592452885,0.09722851988199697,0.06055088857205905,0.1569606696235328,-0.24940089430726076,1.0029288115113266,0.7049691873573738,0.4631594025128353,0.4618613822440745,-0.3108723914758762,-0.027132571154790307,0.4318722140534142,-0.7199020717464927,-0.1530766267855888,0.034319073144169376,0.7396524584244675,-0.31953828781054366,2.634
0.7603706847081745,0.4724697915936376,-0.2995755098242113,1.170108893706869,-0.47959597592452885,-0.03402201317633468,1.4198654991404103,-0.37134525861349593,-0.6538207083094498,-0.7937508770565692,-1.7687866155676337,0.5999257992389052,-2.117831048727154,0.007426985461882569,-1.3374234814109371,-0.47703707567170234,-0.1349074466158861,0.6484951136595072,1.7103371909177236,0.9442691359974786,-1.456677993162597,2.521
0.7638347880553643,1.0142738290938396,0.562923058757253,-0.45760704749769676,-0.47959597592452885,-0.5824617405986491,0.056166002731516465,1.3603241728300983,-0.4135713138527038,-0.9617446989670381,0.9764165114878607,-0.5867238194137592,0.6995099506513036,-0.12225053847572286,0.57243901621451,0.18176965782032983,0.6892090690790563,0.4551748703756898,-0.781385562122047,0.8214991294536715,0.6206325757216004,2.576
0.7672988914025543,0.7558749804398971,-1.19832620738283,1.1793050289679117,-0.47959597592452885,0.978482098987938,-0.1630782892956371,-0.977918731774529,-0.22938011143586534,1.1481438101119017,-1.2310136149317603,-0.34537135460304785,1.4606742059846036,-1.704905773805133,0.226472121152851,-0.6071717390775356,1.2186932553286567,-0.2568094402549537,-0.7431494073439431,-0.7335876201012044,0.5495613441370971,2.327
0.7707629947497441,1.4727233992863182,-0.6711598318400435,-0.8530408637225343,-0.47959597592452885,-0.36214834582216376,-1.2549148635908616,0.4602474062040493,0.7115966835197228,-0.059133825312485074,0.2747507868486765,-1.12976686523786,-1.1706809572490666,0.2373098688058188,1.2440218125106712,-1.050442936303655,2.465543113271264,-0.5585776248931077,-1.3995367310347266,-1.2655909817910311,1.577048292187345,2.536
0.7742270980969339,0.31409630370896324,-0.40682139138162654,-0.1945975790318732,-0.47959597592452885,-0.7746500211483489,0.07370554609368875,0.5042729002238018,0.33921012211176665,-0.3495638225136346,0.4335218632268868,0.32639300578676567,0.2689871817976274,-1.277559388101662,0.11375892457167706,-0.9853756046007384,0.381766638353482,0.4740353819155744,-0.5880805574105217,-1.0937129726297024,0.13937880756367782,2.395
0.7776912014441238,-1.1862841078300574,0.6913160155513413,0.088643387008243,-0.47959597592452885,0.13941619122217502,-0.0008375131955439551,-0.7480078185602664,-0.5316939327939372,0.8605611658244888,0.2901157297239877,0.3103028414660515,2.2528361006753665,-0.7794798075231312,0.45189851431519895,0.6596078750136225,0.01027370122674636,-0.28510020756478066,-1.1106413393779415,-0.062444917661731755,0.9983254064278181,2.619
0.7811553047913137,1.589419653517131,-0.5608929395345317,-0.21482907660616746,-0.47959597592452885,-0.42777361235132966,-0.11045965920912026,0.18141927741228417,0.4273015667459068,0.13163881990787807,-0.2886304519127116,1.1952618791053267,-0.38885160901079097,1.7138653118226426,-0.3167428679258623,-0.5258375744488898,-1.2237660554356287,-0.05877406908616569,0.6057371639947221,0.5350357808514581,-0.8576490412360689,2.381
0.7846194081385035,0.08070379524733778,-0.11076233806819903,0.2339423241327178,-0.47959597592452885,0.3175419146584823,-0.0709956866442331,0.024884187564275642,-0.1613094496731206,0.5587417569683919,0.4693733966026121,-0.6510844766966156,-0.5025096199881612,0.25499316752458384,-0.526514650451936,-0.12730016776852435,0.23231545675077225,0.3231512895964974,-0.35866362874189833,-0.05016791700735069,0.7790198918242078,2.54
0.7880835114856933,0.1974000494781505,-0.12284638106058315,-0.906378448236582,-0.47959597592452885,0.07379092469300919,0.025471801847714477,-0.5180969053460039,0.6255073171727221,0.6213835210706007,0.6076578824804082,-1.5440885964962479,-0.5782816273064075,1.1774719173534571,0.6475811472686259,-0.8084737965334343,1.1034023438065663,-0.6198742873977332,-0.9385786428764742,-0.8154342911304086,1.3780488437507359,2.145
0.7915476148328833,0.5474888121705888,-1.924879292299965,-0.7353303323811871,-0.47959597592452885,-0.1465224700834761,-1.3382276945611793,1.5462095920246084,2.0750119970617558,-1.047165286379141,-0.9032281669251362,0.22180693770212398,1.5433345776045095,1.1185275882909091,1.676089066071838,2.4184591851080874,-0.8907034221495898,0.4976110213404302,0.16602138404652736,2.024645193582971,0.07033818259587457,3.014
0.7950117181800731,-0.46943568898363647,-0.5926135523895416,1.5416327582529958,-0.47959597592452885,-0.5824617405986491,2.336306639813912,-0.09740885137948098,-0.01315565642479402,0.17150176070019274,0.3003590249741959,3.3553664391611937,-1.4978782615778614,0.8120170771656614,-2.329925795750719,-0.18423408300857733,-4.323810565251836,2.6901454878520155,3.3056345374930585,0.5800514499175209,-3.4101215584280884,2.416
0.7984758215272629,0.9892674889015226,1.7093966376597594,-1.305490718565837,-0.47959597592452885,-2.194968289601009,0.18771257794780863,2.020706583126384,-0.18533438911879524,-2.1348540994265837,1.6012575217504925,1.0705631056197924,-0.29585869093839645,1.0212694453377056,0.3689290779429459,0.9788444711810572,0.736179440439908,1.8649981079820643,0.418804851746214,1.78728984759828,-0.518537736247153,2.648
0.8019399248744529,0.20573549620892287,0.360515338634808,0.6054661886788444,-0.47959597592452885,0.19566641967574572,1.937282028324493,1.3749993375033491,-0.15730529309884153,-0.272685293842742,-0.6829973190456835,1.4808622957980018,0.15877335297108613,1.0802137744002533,-0.9867602031583961,1.3245146708528015,-2.069232739930958,1.6198114579635643,1.6572314203925795,1.439441495724163,-1.8079729378517135,2.864
0.8054040282216427,-0.010986118791157939,0.2004017689857098,-0.7941855980518607,-0.47959597592452885,0.2425416100537213,-0.8997391105068722,1.277164906348344,0.05091084876367155,-1.0870282271714558,0.9508082733623436,-0.6269492302155445,1.5605554883586563,-1.6341725789300754,1.1093921610387136,0.48677277517774853,1.6115363612557796,-1.1668291220543863,-1.4144063467817671,-0.20158425841137873,1.3333754981833337,2.382
0.8088681315688325,0.4724697915936376,0.49192930617699215,-1.2723846316260827,-0.47959597592452885,1.0441073655171038,0.9243733991590437,-1.0904283276027849,0.4773535239243955,0.49325263995244667,0.863740263735584,-1.515930808934998,0.11744316716113318,1.6755514979319868,1.333253093137434,0.22243674013465184,0.9112508246030824,-0.8179096585665208,-1.0766536462418492,-0.6517409490720003,0.8236932373916099,2.5
0.8123322349160224,0.1723937092858335,-0.6711598318400435,-0.12470695104794954,-0.47959597592452885,1.2316081270290062,0.36749289741007407,-1.0904283276027849,-0.1833323108316557,0.8377823425145947,0.9508082733623436,-1.560178760816962,0.43086374288660867,-0.4405499154134803,1.3285567099465516,0.3444379870776215,0.05724407258759792,-2.1240000827035304,-1.0830263387048669,-0.516693941873814,1.0917333107960223,2.537
0.8157963382632123,2.506318793902088,0.7789253272461314,-0.9744298491682981,-0.47959597592452885,0.8284814897784162,0.07370554609368875,0.142285504950282,-0.21336348513874895,0.13163881990787807,0.8842268542359981,-1.3429615424873218,0.372312646322509,1.1126331553846551,1.046773718493617,-0.6132718014246843,0.7148292716395208,-1.991976501924338,-1.1425048016930281,-0.4921399405650528,0.9638050939439163,2.414
0.8192604416104021,0.655849619670629,0.41791454284863544,-0.48703468033303354,-0.47959597592452885,0.7862938184382381,0.07809043193423133,-0.03870819268647781,0.3291997306760689,-0.867782052813725,-0.27838715666250335,-0.47007012808858206,-0.7298256419429018,0.23141543589956468,0.20612112732569465,-0.5339709909117535,-0.4807801811821571,-1.5440393528520788,-0.09525900693718259,-0.0583525841102711,0.06424636274577428,2.324
0.822724544957592,0.23907728313201218,-1.654498830345355,-1.1050149698751053,-0.47959597592452885,0.7628562232492503,-0.7155739052040642,-0.6990906029827637,1.9689018478433598,-0.25275382344658465,-0.29887374716291754,0.052860212334626004,-0.2924145087875674,1.310096657744191,0.5599153277054906,-1.036209457493641,-1.057234738792609,0.021383104958343963,-0.17385554731439623,-0.7090336187924432,-0.17739582464153703,2.156
0.8261886483047819,0.12238102890119947,-0.8826305842067766,-0.03458482548973002,-0.47959597592452885,-1.1121513918697732,-0.36039815212007487,1.5608847566978592,0.9978938785806784,-1.3176638131841332,-0.5447128331678873,1.0021799072567574,0.6168495790313977,0.20489048782141842,-0.04591810391831931,0.8690433489323849,-2.171713550172816,0.8748212521381221,0.907377940577542,1.439441495724163,-1.0200975705720765,2.59
0.8296527516519717,-0.9778979395607491,-1.6197572067422492,1.0505591353133128,-0.47959597592452885,-0.24027285083942726,-1.3557672379233516,0.9592030050945765,0.621503160598443,-0.71402499547194,-0.9288364050506533,0.34248317010747964,-0.45773525202737925,-3.028205961259332,-0.2509935032535108,-1.0219759786836284,-0.6046111602244024,-0.6434499268225885,0.4315502366722486,-0.37755460112416706,0.16983790681417926,2.212
0.8331168549991615,0.8642357879399376,-1.9127952493075802,-0.35644955962622554,-0.47959597592452885,-0.6808996403923978,-0.8251960512176405,1.003228499114329,1.3782887531371926,-1.3005796957017126,-0.9646879384263787,0.1574462804192676,-0.8297069243169544,0.22846821944643628,0.40650014347000385,-0.75763994364053,-0.07939700773487958,0.5447623001901417,0.1554002299414985,0.1135254250510575,0.16577669358077907,2.274
0.8365809583463515,-0.111011479560426,0.7925198756125641,-0.008835646758809918,-0.47959597592452885,-0.7418373878837661,0.10878463281803333,-0.42515419574874885,-0.621787455715217,0.9402870474091178,0.9047134447364124,-0.2971008616409056,-0.5335072593456256,0.09879069550883217,-0.35744485558017497,-0.26760160175293995,1.0607020062057921,-0.9074970883809732,-0.8259944093631683,-0.5207862754252738,0.9597438807105162,2.594
0.8400450616935413,0.8058876608245312,-1.7557026904065778,0.0058781696588584755,-0.47959597592452885,-1.219964329739117,-1.5223928998639884,1.2722731847905935,1.412324084018565,-0.9731341106219851,-0.9390797003008593,1.2153745845062192,0.00034097403293235706,-0.007309096803754083,0.19672836094393015,0.6779080620550685,-0.37829937094029914,0.2948605222866705,0.4549167757033124,0.5800514499175209,-0.5469662288809544,2.421
0.8435091650407311,0.46413434486286526,-0.009558478006976198,0.6293761403575553,-0.47959597592452885,0.48629260001919433,1.0953839469402231,-0.6403899442897606,-0.31546947778286594,0.4904052870387099,-1.0927291290539665,1.3923663920340745,0.5410775717131499,1.1362108870096743,-0.748810121487029,0.5823404186164085,-1.3860273383185704,0.5023261492254013,1.3895783369458519,1.1734398148792482,-1.558208323997602,2.588
0.846973268387921,-1.7530944855225765,-0.4521365526030685,0.9990607778514726,-0.47959597592452885,-0.8730879209420978,0.038626459369344175,0.5434066726858039,-0.279432068614354,-0.5260997031653137,0.07500652946964022,1.3561635223124677,0.10366643855781552,-1.5310200030706163,-1.0947770165486876,0.4196720893591169,-1.6080690938425966,1.1860196925462185,1.4405598766499905,0.7069137900127859,-1.5419634710640011,2.589
0.8504373717351109,0.16405826255506117,-0.0835732413353329,-0.8530408637225343,-0.47959597592452885,0.5191052332837773,0.4157266416560474,-0.9632435671012782,0.9037961990851194,0.4192214641952908,0.6537527111063395,-0.06781602007072972,-0.7780441920545142,1.439774181681795,0.5599153277054906,-0.133400230115673,0.5440279212364241,0.11097053477279593,-0.35653939792089256,-0.09109125252195273,0.3058885501330857,2.627
0.8539014750823007,1.3310208048631886,0.26535350006977754,0.6201800050965127,-0.47959597592452885,0.575355461737348,0.3280289248451869,0.5972156098210567,-0.5457084808039141,0.009202644617197246,-1.031269357552724,0.012634801532840734,-0.5403956236472851,0.8768558391344634,-0.6689716072420309,-0.46890365920883686,1.2656636266895083,-0.10121022005090609,0.6588429345198666,-0.08290658541903233,-0.32766071427734406,2.326
0.8573655784294906,-0.8195244516760746,-0.7285590360538702,0.7434082175944857,-0.47959597592452885,0.3550420669608627,-0.921663539709588,-0.3811287017289965,0.24311036432906827,0.4590844049876055,-0.3961850520398853,0.2821450539048019,1.1265885373541493,-1.218615059039113,-0.08818555263625957,0.2387035730603792,0.014543734986823785,-0.46899019507865625,-0.1611101623883616,0.02758642047039275,0.3444700758503874,2.522
0.8608296817766805,-0.2527140739835557,0.002525564985408598,-0.3031119751121778,-0.47959597592452885,-0.9715258207358465,-0.9830519414771911,0.6803748763028113,0.5434221074000006,-1.0044549926730895,0.6281444729808223,0.7728950656865817,0.12088734931196221,-0.46707486349162786,0.10436615818991257,0.7368753314108365,-0.7113620042263379,0.5919135790398533,0.04706445807020402,0.9688231373062389,-0.30532404149364306,2.769
0.8642937851238703,0.5724951523629057,-0.941540293794652,-0.6121021198832141,-0.47959597592452885,0.22379153390253106,-1.6890185618046252,1.1499801458468368,1.0459437574720276,-0.380884704564739,-0.5703210712934045,-0.9326623523091122,-0.23730759437429677,-0.4022361015228245,0.7415088110862709,-1.47948065471976,0.7831498118007597,-1.8316621538353188,-1.3804186536456746,-1.032327969357799,1.514099487069642,2.025
0.8677578884710602,0.36410898409359727,0.41942504822268406,-0.7279734241723521,-0.47959597592452885,-0.3996484981245443,-0.018377056557716244,-0.20502672564998686,0.128991901962114,-0.7880561712290957,-1.0927291290539665,0.7889852300072958,-1.3979969792038072,1.4220908829630314,-0.628269619587718,-0.836940754153459,-0.6259613290247896,-0.40769353257403074,0.4103079284621911,-0.47986293991067175,-0.44949711127934977,2.377
0.87122199181825,2.5479960275559494,0.9571649613838068,0.0592157541729062,-0.47959597592452885,-0.38558594101115157,-0.7945018503338385,0.29882059479829054,-1.1203049492129646,-0.9759814635357219,0.12110135809557149,-0.1482668416743002,1.0611490764883902,-0.1870893004445262,0.16385367860775443,2.133789608907826,0.15118481530930128,0.040243616498228586,0.027946380681152058,1.7913821811497397,0.36680674863408846,2.885
0.8746860951654399,-0.6028028366759939,-0.6303761867407446,-0.2277036659716283,-0.47959597592452885,1.4284839266165037,-0.6015668733499443,-1.1589124294112887,0.5053826199443493,0.9175082240992237,-0.4576448235411278,-1.9181849169528504,0.22421281383684386,-1.9642608216803437,1.3864787693007663,-1.4388135724054383,1.1247525126069535,-1.7420747240208674,-2.0644209780095335,-1.2001136449676677,1.8593026119086582,2.42
0.8781501985126298,-0.8612016853299364,0.936017886147133,-0.2166683036583766,-0.47959597592452885,0.03160325335283115,0.27979518059921266,-0.8654091359462728,-0.42758586186268066,0.6071467565019169,0.8791052066108952,0.41891145063087165,1.0990350801475142,0.26383481688396504,0.21551389370745913,1.999588237270563,0.8130400481213017,0.4551748703756898,-0.00604131245494009,1.1979938161880104,-0.05149821440613113,3.105
0.8816143018598196,-1.1279359807146512,-0.5956345631376387,-0.5789960329434606,-0.47959597592452885,0.9503569847611527,-0.39109235300387685,-0.3028611568049922,0.737623701252537,-0.27553264675647876,-0.8212818049234796,-0.9447299755496478,-0.6402769060213378,0.36698739274342423,0.8792693846854834,0.2773373012589862,0.6422386977182047,0.3891630799860936,-0.2482036260495981,0.4368197756164132,0.29979673028298537,2.618
0.8850784052070095,1.9561793096711138,1.7093966376597594,-0.25529207175475593,-0.47959597592452885,1.0581699226304966,1.9635913433677512,-1.7899445103610732,-1.1283132623615229,1.7489352749103584,0.9456866257372406,-1.0251807971532183,0.034782795541227256,1.6667098485726055,-0.24473165899900112,-0.42010316043164936,0.11275451146860445,-1.020660157620281,-0.18660093224043087,-0.2384152603745201,0.013481197328271915,2.494
0.8885425085541994,-0.6694864105221726,0.9496124345135665,-2.317065597280538,-0.47959597592452885,-0.5777742215608516,-1.2242206627070595,-0.033816471128727536,0.5854657514299312,-1.4571841059572346,2.574370570520165,-2.1273570531221337,1.7430971423526147,-1.1714595957890745,2.447861370440154,0.7938092466508895,0.9881114322844758,-0.5491473691231654,-2.684696377743219,0.9851924715120798,2.7405858835565,2.669
0.8920066119013892,-1.619727337830219,-0.6560547780995627,-2.1496959355295604,-0.47959597592452885,-0.84965032575311,-0.9523577405933891,1.0374705500185808,1.8748041683478007,-1.2806482253055553,0.38230538697585253,-0.6872873464182224,-1.2498971467181434,1.3631465539004834,1.2252362797471423,-1.1439772256265963,-0.570450890143783,1.341618912750266,-0.7431494073439431,1.1693474813277884,0.6531222815888019,2.276
0.895470715248579,-0.777847218022213,-0.7149644876874381,1.8782113088071597,-0.47959597592452885,1.7050475498465596,0.9857618009266467,-1.0512945551407828,-0.9461241382318238,1.7432405690828847,-1.3897846913099707,-0.18849225247608542,1.5157811203978742,-0.3727639369915512,-0.6830607568146776,0.3444379870776215,0.32625619947247547,-1.0442357970451364,0.7438121673600971,0.2485724322492429,-0.8779551074030698,2.655
0.898934818595769,-0.5861319432144492,0.1747231776268916,1.3963338211285192,-0.47959597592452885,-0.6527745261656124,0.35433823988844537,0.06890968158402808,-0.9641428428160798,0.5672838157096022,-0.12473772790939835,1.4325918028358595,1.1541419945607847,-0.25782249531958373,-1.2716741167385857,1.6030841847059143,-0.4935902824623894,-0.1436463710156465,1.538274494416256,0.8869764662770349,-1.30235189029339,2.754
0.9023989219429588,0.23074183640123985,0.38015190849743313,0.3148683144298931,-0.47959597592452885,0.7206685519090722,-1.5136231281829022,-0.9192180730815257,-0.3935505309813083,0.43345822876397466,0.7254557778577879,-0.3212361081219767,1.1644745410132733,-1.6105948473050562,0.11532438563530449,0.9056437230152768,-0.04523673765426017,-1.3742947489931172,-0.7983794086900932,0.16263342766857905,1.0064478328946185,2.629
0.9058630252901486,-1.0529169601377,2.0553023683167737,-1.746905211095888,-0.47959597592452885,-1.538715624309351,-0.14115386009292225,1.7859039483543713,-0.28543830347577265,-2.4053526262315756,1.2581071308685559,0.7970303121676529,-1.1327949535899426,0.04574079935253839,0.09810431393540289,0.02926809914161686,-0.2886286619786732,1.6150963300785932,0.049188688891209795,1.1816244819821695,-0.16927339817473666,2.658
0.9093271286373386,1.0059383823630674,0.7169946069101588,0.11071411163474476,-0.47959597592452885,2.009736287303401,0.9462978283617586,-1.2029379234310411,-0.4876482104768672,0.1373335257353516,-0.6266591951695439,0.10113070529676828,2.2080617327145844,0.14005172585261505,0.4252856762335328,1.472949521300081,-0.015346501333718194,-0.5302868575832808,-0.05065015969606134,1.2716558201142931,-0.43325225834574904,2.84
0.9127912319845284,-1.4280120630224553,-1.1635845837797227,-0.8309701390960309,-0.47959597592452885,0.45816748579240896,-0.34724349459844617,0.09826001093052956,1.4643781194841934,0.47047381664255256,-0.7290921476716148,-1.1699922760396453,1.5226694846995323,-0.3344501231008954,1.8717716990252649,0.4440723387477115,1.4877053822135342,-1.0253752855052516,-1.8371282801619158,-0.2752462623376624,1.767925314157154,2.387
0.9162553353317182,1.2976790179400992,-0.7874687456417468,-0.6194590280920491,-0.47959597592452885,-0.11370983681889318,-0.22885157690378272,0.10315173248827983,0.9618564694121664,0.453389699160132,-2.0914504159491547,0.07297291773551859,-0.3544097875024961,1.5311378917287446,0.4205892930426506,-0.6681723625490187,0.32625619947247547,0.7710884386687568,-0.48611747800224475,-0.5003246076679733,0.0520627230455737,2.538
0.9197194386789082,0.07236834851656546,0.3197316935355091,-0.3619672407828514,-0.47959597592452885,0.3175419146584823,0.11316951865857591,-0.37134525861349593,0.02888798760513655,0.2199067602337174,-0.5088612997921643,0.5999257992389052,-0.836595288618614,0.3316207953058955,-0.5734784823607584,-1.3554460536610755,0.35614643579301747,-0.17193713832547344,-0.04002900559103247,-1.7607633415177153,0.009419984094871721,2.103
0.923183542026098,0.7808813206322142,-1.0064920248787206,0.7323728552812341,-0.47959597592452885,-0.3199606744819858,-0.9479728547528465,-0.3566700939402451,-0.16731568453453927,0.32241146512824087,-0.8724982811745139,-0.5424758675317956,0.6788448577463264,-1.0447292883045962,0.27030503093441866,-0.033765878445581175,0.7319094066798306,-0.6293045431676756,-0.5902047882315274,0.3222344361755275,0.7485607925737063,2.448
0.9266476453732878,0.30576085697819094,-1.591057604635335,-0.4153048252968991,-0.47959597592452885,-1.2012142535879267,-1.618860388355936,1.8103625561431227,1.3322409525329832,-1.1155017563088232,-1.026147709927621,0.22180693770212398,1.9394155249498894,-0.5466497077260679,1.3661277754736096,1.395682064902867,-0.02815660261395047,0.3231512895964974,-0.819621716900151,0.7682987932846893,0.7363771528735058,2.832
0.9301117487204776,-0.902878918983798,0.22456985497047938,-0.7757933275297756,-0.47959597592452885,-0.038709532214132224,-1.1759869184610863,-0.42026247419099855,0.21307919002197503,0.8434770483420683,1.0378762829891033,-0.6148816069750089,0.19665935663020853,1.195155216072222,0.8307400917130335,0.20413655309320586,0.9753013310042435,-0.28981533544975235,-0.7091617142078508,-0.41438560308730843,1.2927633658493318,2.589
0.9335758520676676,-0.80285355821453,-0.5805295093971568,0.8831894735623347,-0.47959597592452885,1.1097326320462697,0.31925915316410075,-1.3888233426255512,-0.10324917934607375,1.441421160226788,-0.9646879384263787,-0.8280762842244707,1.0232630728292693,-0.7293771278199671,0.08871154755363848,-0.26353489352150633,1.141832647647263,-0.7377524845220116,-0.8026278703321047,-1.7239323395545731,0.8785196160425125,2.288
0.9370399554148574,-0.019321565521930255,-0.5608929395345317,0.984346961433806,-0.47959597592452885,1.7144225879221549,0.9857618009266467,-1.4181736719720528,-0.35551104352565693,0.9659132236327488,-1.1797971386807262,-0.7033775107389364,0.816612143779503,-0.024992395522519115,-0.06157271455459348,0.6189407926993005,-0.34840913461975714,-0.03048330177633875,0.4910286996604103,-0.12792225448509503,-0.6972311185167615,2.651
0.9405040587620472,-0.677821857252945,-0.28447045608372995,0.7066236765503139,-0.47959597592452885,-0.10902231778109563,-0.4831749556552809,0.5336232295703034,-0.2694216771786563,0.1515702903040354,-0.4320365854156107,-0.07586110223108677,0.375756828473338,-1.4838645398205779,0.013569416499522454,1.4790495836472295,0.21523532171046256,1.1011473906167377,0.11291561352138302,0.8828841327255751,0.062215756129074186,2.85
0.9439681621092372,0.5391533654398164,-0.6530337673514656,-0.33805728910414046,-0.47959597592452885,0.03629077239062871,-1.8687988812668905,0.5482983942435542,0.373245452993139,-1.235090578685767,0.4949816347281292,-0.7958959555830424,1.4400091130796264,-1.3453453665235913,1.073386556575283,0.16753617901031387,1.1076723775666437,-1.157398866284444,-1.0724051845998377,-0.31616959785226445,0.8155708109248095,2.376
0.947432265456427,-1.3113158087916426,-0.3479116817937498,0.09967874932149307,-0.47959597592452885,1.4237964075787062,0.6437407053642871,-1.3888233426255512,0.4513265061915814,0.7637511667574388,-1.0876074814288637,-0.0034553627878733464,0.01411770263625001,0.25204595107145544,-0.017739804773025804,-0.3448690581501522,-1.027344502472067,-0.5208566018133385,0.36569908122106987,-0.20567659196283847,-0.6302211001656582,2.247
0.9508963688036168,-1.4113411695609106,1.1127470149107606,0.3019937250644339,-0.47959597592452885,1.7753603354135232,1.9942855442515524,-1.6431928636285653,-1.2444338030156166,1.3759320432108426,-1.0466343004280352,-0.5545434907723311,-0.6230559952671911,0.8945391378532285,-0.5656511770426214,0.26107046833325886,-0.14771754789611838,-0.3888330210341461,0.5759979325006412,0.09715609084521669,-0.8434347949191682,2.479
0.9543604721508067,-0.7194990909068065,0.5795386178717823,0.45832802450216037,-0.47959597592452885,0.19566641967574572,1.5338725309945302,-0.24905221966973923,-0.7359059180821712,-0.10469147193227328,-1.548555767688181,1.2354872899071119,-0.5025096199881612,0.7000228519468197,-0.9961529695401606,0.48473942106203355,-0.011076467573640768,1.1200079021566223,1.4490567999340136,0.9729154708576987,-1.2089439859251854,2.531
0.9578245754979966,1.2643372310170098,-0.4551575633511657,0.6036269616266352,-0.47959597592452885,0.5706679426995505,-0.3209341795551877,-0.7871415910222685,-0.40756507899128513,-0.08476000153611594,-0.8110385096732714,-0.5947689015741163,-0.5300630771947965,-0.42581383314784366,-0.23064250942635436,0.002834495637307189,1.0564319724457147,0.29957565017164167,0.30197215659089666,-0.02152158214712971,-0.11241641290713399,2.466
0.9612886788451864,0.6141723860167674,0.037267188588515056,0.5852346911045501,-0.47959597592452885,-0.2027726985370468,-0.0885352300064054,-0.004466141782225979,-0.4135713138527038,1.2449538091789516,-0.5856860141687157,0.8815036748514019,-0.3819632447091314,1.6726042814788598,-0.7957739533958516,-0.22896787355433298,-0.1647976829364281,-0.44541455565379995,0.4974013921234279,-0.6803872839322223,-0.6870780854332609,2.336
0.9647527821923763,-0.035992458983474945,-0.1455039616713048,0.21003237245400683,-0.47959597592452885,-0.7371498688459686,-0.6015668733499443,0.6216742176098081,0.34321427868604576,-0.45776323323563145,-0.03766971828263877,0.8010528532478314,-1.1637925929474071,0.14594615875887051,-0.7519410436142838,-0.12730016776852435,-0.9248636922302091,1.4076307031398623,0.9434898645346399,-0.27115392878620176,-0.796730842735066,2.458
0.9682168855395662,-0.16102415994506,-0.10018880044986216,-0.09895777231702944,-0.47959597592452885,-0.65746204520341,0.07370554609368875,0.30860403791379104,-0.17932815425737658,-1.0272338159829837,-0.43715823304071366,0.03274750693373337,-0.5369514414964546,-0.47002207994475625,-0.013043421582143552,-1.0850099562708284,0.38603667211355946,-0.08706483639599262,-0.1611101623883616,-0.4266626037416895,0.26730702441578386,2.27
0.971680988886756,0.7141977467860355,0.5538600265129647,-0.764757965216524,-0.47959597592452885,0.6409807282665138,-0.4261714397282214,-0.6990906029827637,0.11297527566499757,0.043370879582038405,0.14670959622108862,-0.6752197231776869,-0.16153558705604892,0.340462444665278,1.0358154910482251,0.15736940843173516,1.3852245719716763,-1.006514773965367,-0.8153732552581394,0.26903410000654526,1.2683960864489305,2.672
0.9751450922339459,-1.0112397264838382,-1.8221649268646936,-0.36380646783506054,-0.47959597592452885,-0.9480882255468586,-1.0225159140420783,0.8271265230353192,1.4403531800385188,-1.3375952835802905,-0.5242262426674732,0.9699995786153294,-0.5025096199881612,-0.7441132100856037,0.31413794071598633,-0.09679985603278282,-1.783140478005771,1.0775717511918819,-0.07189246790611908,0.43272744206495345,0.16171548034737887,2.559
0.9786091955811357,0.06403290178579311,-0.4506260472290212,1.8487836759718228,-0.47959597592452885,1.1003575939706747,1.6785737637324512,-0.9143263515237755,-0.7599308575278458,2.0165864488016134,-1.128580662429692,0.5194749776353347,0.5135241145065146,0.38467069146218924,-1.0556404899580025,0.28343736360613486,-0.17760778421666013,-0.4737053229636269,1.0157137124488362,-0.8399882924391697,-0.6870780854332609,2.701
0.9820732989283256,0.7975522140937589,1.8770627341790984,-1.4084874334895157,-0.47959597592452885,0.9831696180257357,-0.027146828238802385,-1.3643647348367998,-0.6718394128937057,0.7153461672239139,2.5999788086456816,-1.8940496704717793,-0.2579726872792725,0.11352677777446883,0.6992413623683306,-0.7678067142191105,1.5901861924553924,-1.5911906317017903,-2.0601725163675217,-1.0691589713209413,1.9060065640927606,2.476
0.9855374022755155,-1.1862841078300574,-0.45666806872521293,0.6367330485663902,-0.47959597592452885,-0.9621507826602513,0.45080572838039196,0.7146169272070633,0.09695864936788116,-0.9873708751906689,-1.840489682319082,2.2250323956310285,-2.1453845059337895,0.40530120663408004,-1.9886552838799425,-1.383913011281102,-2.4791559808983905,2.7137211272768713,2.0247233524265775,-0.4880476070135921,-2.2668900332259345,2.313
0.9890015056227053,-0.6194737301375386,-2.296463614315796,-0.7132596077546837,-0.47959597592452885,1.086295036857282,-0.912893768028502,-0.7186574892137648,2.3452925658255945,-0.10469147193227328,-1.4717310533116272,-0.30112340272108407,-0.347521423200838,1.9525898445259626,1.3285567099465516,-0.5563378861846313,-0.4978603162224668,-0.32753635852952157,-0.17385554731439623,-0.22613825972013996,0.10485849507977622,2.358
0.9924656089698952,0.7558749804398971,-0.22556074649585392,-0.4171440523491083,-0.47959597592452885,-0.4324611313891272,-1.412770753850411,0.7977761936888176,0.5794595165685126,0.24553293645734828,0.10061476759515733,0.03274750693373337,-1.4599922579187374,0.2697292497902205,-0.5578238717244842,-1.2822453054952951,0.4458171447546433,-0.011622790236454128,-0.4308874766560946,-1.6216240007680685,0.5861122632376987,2.351
0.995929712317085,0.1723937092858335,0.7970513917347085,-1.1142111051361479,-0.47959597592452885,-0.11839735585669076,-1.1716020326205427,-0.1805681178612355,0.1530168414077886,0.10885999659798395,0.5410764633540606,-1.3188262960062507,0.16221753512191517,1.1686302679940759,1.231498124001652,0.46440587990487253,1.2613935929294309,-1.7562201076757802,-1.2423436502802996,0.608697784777741,1.5811095054207454,2.6
0.9993938156642749,-1.7280881453302595,0.6188117575970324,0.4215434834579902,-0.47959597592452885,-0.44183616946472226,-0.10168988752803412,0.7537506996690654,-0.9100867290633121,-0.9645920518807748,0.745942368358202,1.0383827769783642,0.9819328870193148,-1.5929115485862912,-0.6752334514965405,0.31393767534187816,-0.06658690645464731,0.07324951169302668,0.7331910132550685,0.2935881013153056,-0.8738938941696696,2.498
1.0028579190114648,1.4310461656324565,1.0417532623305004,-0.47599931801978185,-0.47959597592452885,-0.65746204520341,-0.55333312910397,1.2869483494638443,-0.5837479682595655,-1.2407852845132408,1.0481195782393113,-0.5706336550930452,0.30687318545674974,-0.46707486349162786,-0.03026349328204514,0.16346947077888385,0.43727707723448844,-0.28981533544975235,0.04281599642819248,0.14217175991127848,0.4886431456360942,2.438
1.0063220223586546,-0.04432790571424729,0.4934398115510407,0.2836014545423488,-0.47959597592452885,-0.4230860933135321,0.8235210248265535,-0.40558730951774774,-0.19334270226735342,1.0684179285272721,1.678082236127046,0.6763540797622972,1.0025979799242921,-0.4523387812259912,-0.3057846404804704,0.5945405433107058,-0.7369822067868024,0.7758035665537278,-0.41389363008804847,-0.11155292027925422,-0.09414095335683313,2.681
1.0097861257058445,1.6477677806325373,0.7064210692918226,-0.18724067082303983,-0.47959597592452885,0.6737933615310967,0.6612802487264594,-1.8388617259385758,-0.6838518826165431,0.9886920469426429,1.667838940876839,-1.053338584714468,1.9463038892515505,-0.3403445560071495,1.0217263414755782,-0.3103020381829788,1.393764639491831,-0.5727230085480217,-1.3719217303616515,-1.2287599798278888,1.2501206268986298,2.314
1.0132502290530343,0.5891660458244503,-0.19837164976298846,0.32958213084756155,-0.47959597592452885,1.2409831651046015,0.9594524858833883,-0.5278803484615044,-0.19334270226735342,0.5786732273645493,-1.4819743485618355,-0.32525864920215525,1.2609116412364985,1.6195543853225671,0.6256646923778421,2.0036549455019927,1.141832647647263,-0.6575953104775025,0.8245329385583166,-0.08290658541903233,-0.6891086920499611,2.858
1.0167143324002241,0.7808813206322142,-0.1575880046636896,-0.8144170956261549,-0.47959597592452885,-0.2637104460284151,-0.8778146813041573,0.7977761936888176,0.4913680719343724,-0.9788288164494586,-0.022304775407327584,-0.8642791539460773,0.22076863168601482,0.6263424406186351,0.8636147740492093,0.5721736480378298,0.16826495034961086,-1.0678114364699927,-0.38203016777296184,0.6537134538438036,0.8013565646079088,2.495
1.0201784357474142,-0.7194990909068065,1.4239111219646687,-0.5532468542125405,-0.47959597592452885,-0.4746488027293052,0.8279059106670962,0.4015467475110462,-0.5677313419624491,-0.5090155856828932,0.3771837393507473,0.1574462804192676,0.8097237794778449,0.8120170771656614,-0.153934917308611,1.2492805685713027,0.19815518667015286,0.6013438348097956,0.31259331069592555,1.4926418318931451,-0.6484965597159591,2.739
1.023642539094604,-0.3694103282143684,0.7320996606506401,0.11807101984357977,-0.47959597592452885,0.6456682473043114,1.43302015666204,0.4993811786660515,-0.4956565236254254,-0.7965982299703059,-0.11961608028429538,0.2620323485039092,-0.2407517765251258,0.0015325525556271228,-0.7910775702049692,1.1252459675126179,-0.29716872949882805,1.8649981079820643,0.949862556997657,1.8159361824584999,-0.7601799236344643,2.828
1.0271066424417938,-0.07766969263733664,-0.44760503648092403,0.5981092804700093,-0.47959597592452885,-0.30589811736859307,1.937282028324493,0.47003084931954986,-0.03317643929618947,-0.702635583816993,-1.015904414677413,2.0922885399851374,-1.480657350823713,1.2747300603066622,-1.6129446286093627,-0.25540147705864263,-3.610714927318907,2.5534067791878523,2.67686221447535,1.1284241458131874,-2.8334292792852613,2.348
1.0305707457889837,-0.2610495207143281,0.1686811561306992,-1.158352554389153,-0.47959597592452885,0.6784808805688943,-0.5138691565390828,-0.6452816658475109,0.31918933924037113,0.6356202856392845,0.3464538536001272,-1.1176992419973244,-0.26830523373176113,-0.11046167266321327,0.8260437085221513,-0.6661390084333036,1.3596043694112117,-2.0014067576942804,-1.7649044322477194,-0.5126016083223534,1.7354356082899525,2.308
1.0340348491361735,0.2140709429396952,-0.577508498649061,1.8064814537710252,-0.47959597592452885,0.5050426761703846,1.2532398371997737,-0.09740885137948098,-0.691860195765101,1.2734273383163193,-0.05303466115794768,0.7407147370451534,-0.18908904426268422,-0.13403940428823244,-1.5612844135096577,-0.011398983172705155,-2.2443041240941324,1.0021297050323434,1.614746803972464,-0.013336915044209299,-1.7267486731837096,2.57
1.0374989524833633,-0.035992458983474945,-0.29655449907611475,-0.1265461781001571,-0.47959597592452885,2.1034866680593525,1.5031783301107282,-2.6998047201026227,0.0328921441794156,1.680598804980676,-0.5805643665436128,-0.6711971820975083,-0.2924145087875674,1.6283960346819484,0.43311298155166994,-0.4953372627131465,0.07432420762790762,-0.28981533544975235,0.05980984299623866,-1.1632826430045256,-0.01697790192222951,2.279
1.0409630558305532,-1.2112904480223745,-1.556315981032228,1.2252857052731245,-0.47959597592452885,0.44879244771681387,0.08247531777477489,-0.5670141209235066,0.1870521722891609,1.0513338110448516,-0.9902961765518958,0.2419196431030166,0.31376154975840936,-0.4405499154134803,-0.2259461262354721,-0.0012322125941228452,-1.206685920395319,0.0496738722681709,0.5356375469015318,-0.28752326299204256,-0.32359950104394386,2.468
1.0444271591777432,-0.3444039880220514,-2.559291549400166,0.9788292802771801,-0.47959597592452885,1.1753578985754356,0.7226686504940624,-1.217613088104292,1.0859853232148187,0.8434770483420683,-1.0210260623025158,-1.7653283559060666,0.02445024908873863,-0.7883214568825136,0.5787008604690196,-1.3737462407025216,1.282743761729818,-0.6764558220173871,-0.033656313128015154,-1.5643313310476255,0.2957355170495852,2.285
1.047891262524933,-0.8278598984068469,-0.11680435956439142,-0.4925523614896594,-0.47959597592452885,-0.9480882255468586,-0.45686564061202245,0.3721964181645446,0.5234013245286051,-0.6200623493186268,-1.1951620815560373,0.048837671254447476,-0.9536974817468132,-0.06625342586630201,-0.22907704836272696,-0.405869681621637,0.4757073810751853,-0.2568094402549537,-0.30768208903775973,0.1585410941171193,0.5292552779700961,2.569
1.0513553658721229,0.6391787262090843,0.8771081765592577,-0.21115062250175076,-0.47959597592452885,0.5706679426995505,0.7358233080156921,-0.6501733874052611,-0.5377001676553559,0.1601123490452457,1.1556741783664852,-1.5279984321755338,2.0634060823797498,-0.9504183618045194,0.8182164032040142,1.0947456557768782,0.7148292716395208,-1.1668291220543863,-1.4845059638749576,0.15444876056565954,1.193263641631027,2.658
1.0548194692193127,-2.2032086089842826,0.40583049985625064,-0.13758154041340878,-0.47959597592452885,0.1159785960331872,0.27979518059921266,0.1716358342967836,-0.22137179828730716,0.7181935201376507,0.7408207207330991,-0.5827012783335807,0.637514671936375,0.075212963883813,0.42372021516990543,0.9442774512138838,0.8301201831616114,-0.06348919697113685,-0.11225285350522879,0.5268511137485368,0.20029700606468065,2.673
1.0582835725665025,0.07236834851656546,-0.2557708539768159,-0.2277036659716283,-0.47959597592452885,-0.9340256684334659,-0.48755984149582443,0.5776487235900557,0.22909581631909146,-0.4919314682004726,0.3003590249741959,-0.11206397195269348,-1.2981156968297545,0.40235399018095297,-0.2713444970806672,-1.1765108914780547,0.4244669759542563,0.49289589345545903,0.23187253949770636,-1.126451641041384,-0.12256944599063446,2.08
1.0617476759136923,-0.06099879917579195,-0.2769179292134896,0.3865981694660276,-0.47959597592452885,0.44879244771681387,-0.7901169644932959,0.31349575947154135,-0.025168126147631326,-0.6997882309032561,-0.6881189666707864,-0.5746561961732236,0.07955716350200924,-1.1685123793359489,0.22803758221647843,-0.43026993101022987,0.3988467733937917,-0.011622790236454128,-0.05914708298008444,0.1871874289773412,-0.2565894826928407,2.356
1.0652117792608822,-0.9112143657145704,-0.6620967995957545,-0.8088994144695291,-0.47959597592452885,0.4253548525278261,0.0035473726449996037,-0.7626829832335172,0.7976860498667234,0.8776452833069094,0.3771837393507473,-0.630971771295723,0.5031915680540274,1.2894661425722989,1.2894201833558665,1.1089791345868905,-0.3355990333395249,0.39387820787106476,-0.3119305506797713,-0.2547845945803609,0.3180721898332863,2.765
1.0686758826080722,-0.47777113571440877,-0.9354982722984603,0.037145029546402794,-0.47959597592452885,-1.632466005065302,-1.6407848175586508,1.1695470320778378,0.6875717440740482,-0.7282617600406238,-0.3039953947880228,1.5934934460430006,-0.7332698240937308,-0.2401391966008187,-0.4122359928071346,0.7185751443693905,-1.257926325516248,1.8178468291323528,1.1049314069310787,1.742274178532217,-1.0383730301223775,2.733
1.072139985955262,0.43912800467054836,0.7517362305132652,-0.1265461781001571,-0.47959597592452885,1.6112971690906086,1.134847919505111,-2.0345305882485865,-0.928105433647568,2.173190859057135,0.5205898728536463,-2.3646869768526666,0.25176627104347915,0.6204480077123796,1.054601023811754,-0.249301414711494,1.3083639642902825,-1.9495403509595972,-0.9152121038454106,-0.5535249438369554,1.1628045423805256,2.443
1.0756040893024519,-1.2112904480223745,-0.34640117641970253,0.44545343513670116,-0.47959597592452885,0.5284802713593724,0.6700500204075456,-0.4887465759995023,0.37124337470599944,0.6612464618629154,-1.2566218530572797,0.3344380879471227,-1.0191369426125725,0.13710450939948798,-0.5312110336428183,-0.5563378861846313,-0.4209997085410734,0.1345461741976512,0.4315502366722486,-0.7826956227187268,-0.17739582464153703,2.348
1.0790681926496417,-0.8612016853299364,-0.3041070259463551,-0.22402521186721,-0.47959597592452885,0.5144177142459797,1.3233980106484629,-2.0345305882485865,0.3291997306760689,1.3958635136069997,0.2030477200972281,-1.029203338233397,-0.6540536346246554,1.9113288141821785,0.3125724796523589,0.9727444088339086,0.8984407233228501,1.1624440531213627,0.07680368956428486,-0.23432292682306036,0.4520922265354925,2.723
1.0825322959968315,-0.9278852591761151,-1.7270030882996636,-0.04929864190739841,-0.47959597592452885,-0.41371105523793694,-1.465389383936928,1.4777254902161046,1.394305379434309,-0.8506979353313044,-1.5844073010639061,1.1872167969449696,-0.11676121909526693,0.15773502457138008,0.23116850434373326,0.6413076879721765,-1.5995290263224418,1.171874308891305,0.3869413894311276,1.4762724976873043,-0.24034462975923998,2.912
1.0859963993440214,-0.111011479560426,-0.07904172521318843,-0.34725342436518297,-0.47959597592452885,-1.0980888347563804,0.8542152257103546,0.84180168770857,0.0409004573279738,-0.30970088172131993,1.1351875878660709,-0.1844697113959069,0.7683935936678904,0.0958434790557038,0.5019932683512762,0.5172730869134918,0.24939559179108195,-0.07763458062605032,-0.33317285888982906,0.04395575467623357,0.2896436971994849,2.431
1.0894605026912112,-0.8195244516760746,-1.4687066693374387,-0.42817941466236,-0.47959597592452885,0.2519166481293164,-1.5311626715450746,-0.03870819268647781,1.132033123819028,-0.18441735351690233,0.29523737734909067,-0.8642791539460773,0.2379895424401615,0.13121007649323255,1.1688796814565554,-0.2411679982486285,0.5653780900368112,-0.6387347989376179,-0.9789390284755838,-0.20976892551429913,1.319161251866433,2.332
1.0929246060384012,0.22240638967046752,1.7562223042552505,-0.9358060810719188,-0.47959597592452885,-0.4887113598426979,-0.47440518397419473,0.6510245469563097,-0.7919641101220786,-1.0414705805516675,1.662717293251735,0.2499647252633736,-0.16497976920687948,0.60865914189987,-0.05687633136371123,-0.08663308545420413,0.3476063682728626,-1.0253752855052516,-0.4712478622552043,0.440912109167873,0.3302558295334867,2.54
1.096388709385591,-0.7861826647529854,0.8997657571699786,0.02610966723315109,-0.47959597592452885,-0.9340256684334659,1.700498192935167,0.5434066726858039,-0.8820576330433584,-0.19011205934437586,-0.9698095860514816,1.142968845063006,-1.7217501013817729,1.3484104716348468,-0.8599578570045755,-0.4038363275059202,-0.6643916328654864,2.030027583956054,0.8139117844532879,-0.26296926168328133,-0.7865778096515655,2.54
1.099852812732781,0.04736200832424843,-2.088013872697159,0.34429594726522994,-0.47959597592452885,0.5800429807751455,0.03424157352880062,-0.40558730951774774,1.3522617354043787,-0.8478505824175677,-0.9544446431761705,-0.32525864920215525,0.01411770263625001,0.3316207953058955,0.3814527664519652,-0.39773626515877153,-1.1084751439135383,0.31372103382655514,0.289226771664862,-0.4021086024329283,-0.36827284661134596,2.331
1.1033169160799707,1.0059383823630674,-1.9505578836587818,-2.0761268534412185,-0.47959597592452885,1.1191076701218647,-1.6670941326019093,0.42600535529979744,3.0019742440073673,-1.3888476360275521,0.6947258921071678,-1.222285310081966,0.24487790674182108,0.0339519335400288,2.7171206733840694,-0.542104407374619,0.8984407233228501,-0.4548448114237423,-2.1493902108497642,-0.5698942780427962,2.0806387331289686,2.257
1.1067810194271606,0.7058623000552632,-0.4959412084504632,1.045041454156687,-0.47959597592452885,0.4112922954144334,1.3760166407349796,-0.8605174143885225,-0.14929697995028332,0.9545238119778017,-0.15034596603491548,-0.5987914426542948,2.0737386288322384,-1.5958587650394196,0.5176478789875504,0.9422440970981653,0.5397578874763467,-0.4831355787335692,-0.47337209307621014,0.7682987932846893,0.484581932402694,2.655
1.1102451227743504,0.08070379524733778,-0.24670782173252764,-2.857798350629851,-0.47959597592452885,0.07379092469300919,-2.3423665520455423,1.076604322480583,1.6906129659309623,-1.9013711605001693,0.3720620917256443,-1.2504430976432157,-1.5254317187844966,1.2599939780410243,1.9375210636976166,-0.775940130681976,0.9667612634840888,-0.24266405660004078,-1.2635859584903573,0.5227587801970771,1.1851412151642267,2.384
1.1137092261215402,0.6975268533244908,0.8136669508492371,-0.8916646318189136,-0.47959597592452885,-2.584032369738207,-0.2595457777875847,2.9256750713101836,0.42129533188448814,-1.721987926934753,0.6383877682310283,1.344095899071932,-0.5989467202113848,1.7138653118226426,-0.4858126627976232,1.9507877384933736,-1.4073775071189576,2.779732917666468,1.2557517952224884,2.581202556581559,-1.0566484896726784,2.905
1.1171733294687303,0.0390265615934761,2.7304982705162737,-0.7114203807024762,-0.47959597592452885,1.2831708364447796,1.2357002938376014,-0.8067084772532696,-1.4286250054324554,0.11455470242545748,1.1864040641171074,-0.4177770940462613,-1.2602296931706307,2.3946723124950715,-0.39814684323448785,-0.36316924519159816,0.18961511914999798,-0.7283222287520693,0.1808909997935678,0.019401753367472338,-0.13678369230753512,2.283
1.12063743281592,0.4974761317859546,-0.5261513159314258,0.02794889428536025,-0.47959597592452885,-0.8215252115263245,-0.8821995671446999,1.9130887088558783,0.7616486406982116,-2.3968105674903653,0.2747507868486765,1.4084565563547884,1.264355823387326,-1.2981899032735529,-0.18211321645390452,0.6433410420878951,-1.6593094989635255,1.3180432733254104,0.6227310105627683,1.0138388063723016,-1.0241587838054769,2.518
1.12410153616311,-0.0276570122527026,-1.1197799279323282,-0.8898254047667045,-0.47959597592452885,-0.7465249069215637,-1.7767162786154866,1.6195854153908624,1.5825007384254266,-1.047165286379141,-0.0069398325320164005,-0.1844697113959069,0.0037851561837629177,0.10173791196195923,1.2252362797471423,0.5701402939221112,-0.6174212615046347,1.3934853194849488,-0.47337209307621014,0.8787917991741153,0.6896732006894036,2.759
1.1275656395102998,0.07236834851656546,0.9768015312464319,-0.8199347767827808,-0.47959597592452885,-0.380898421973354,0.06055088857205905,-0.32242804303599326,0.034894222466555144,-0.272685293842742,-0.11961608028429538,0.052860212334626004,-0.28897032663673683,1.092002640212763,0.2718704919980461,0.27123723891183754,0.03162387002713337,1.3463340406352373,-0.22908554866054637,0.6741751216011042,0.39523524126788984,2.752
1.1310297428574896,-0.10267603282965365,-0.18175609064845918,0.4160258023013644,-0.47959597592452885,1.2550457222179943,0.7051291071318901,-1.530683267800309,-0.19334270226735342,2.3098637989164996,-1.1746754910556232,-0.44593488160751094,0.48597065729987926,1.0360055276033422,0.12158622988981416,0.25903711421754383,0.63369863019805,-0.37468763737923316,-0.7431494073439431,-1.04460497001218,0.6064183294046996,2.657
1.1344938462046794,-1.7781008257148936,4.085421591037418,-2.8320491718989316,-0.47959597592452885,-0.40902353620013937,-0.1981573760199817,0.08847656781502916,-0.9841636256874753,-0.036355002002590966,6.891919518482443,-0.32525864920215525,-0.8193743778644672,1.678498714385115,0.39710737708823934,0.30987096711044454,0.38603667211355946,-0.2285186729451268,-1.452642501559871,-0.033798582801509866,1.0490905718453203,2.462
1.1379579495518692,0.3307671971705079,-0.23009226261799837,0.798585029160741,-0.47959597592452885,-0.5683991834852564,0.056166002731516465,0.9543112835368263,-0.15530321481170198,-0.11323353067348357,-0.770065328672443,1.3078930293503255,-0.6092792666638734,0.9387473846501384,-1.005545735921925,0.6372409797407464,-1.6037990600825192,1.6198114579635643,1.1707825623822574,0.203556763183182,-1.241433691792387,2.741
1.1414220528990593,1.3476916983247331,-0.7361115629241118,0.8372087972571219,-0.47959597592452885,0.6737933615310967,0.1789428062667225,-0.703982324540514,0.10696904080357893,-0.06198117822622183,-1.2310136149317603,0.07297291773551859,1.1713629053149315,0.17247110683701675,-0.17272045007214,1.1150791969340392,-0.42953977606122823,0.9974145771473722,0.7608060139281434,2.4093245474202294,-0.8332817618356677,2.798
1.1448861562462491,0.6141723860167674,1.4616737563158717,-1.6843714913207977,-0.47959597592452885,-0.22152277468823703,-0.38232258132279073,0.6950500409760622,-0.06721177017756184,-0.2612958821877949,1.1966473593673135,-1.5038631856944626,-1.5874269974994253,1.1686302679940759,0.8229127863948964,-1.8658179367058283,1.637156563816244,-0.4831355787335692,-1.2423436502802996,-2.5669530511553744,1.6237522443714474,1.763
1.148350259593439,0.9059130215937992,0.01158859722969753,0.19531855603633844,-0.47959597592452885,-0.06683464644091758,-1.351382352082808,0.09826001093052956,-0.585750046546705,-0.33247970503121405,-1.2258919673066575,0.6401512100406904,0.0210060669379096,0.07226574743068463,-0.28230272452605915,0.4013719023176709,-0.14771754789611838,-0.4124086604590024,0.7841725529592071,1.1570704806734073,-0.3926401260117471,2.642
1.1518143629406288,-0.16935960667583236,0.2744165323140665,0.3737235801005667,-0.47959597592452885,0.18160386256235306,1.86273896903526,-0.4691796897685013,-0.5977625162695424,-0.06198117822622183,-0.3244819852884369,-0.377551683244476,-0.006547390268725705,0.0044797690087555,-0.12419115709969009,0.42170544347483185,-0.976104097351138,-0.3463968700694062,0.6269794722047798,0.8296837965565929,-0.3601504201445456,2.341
1.1552784662878186,-0.18603050013737704,-1.5804840670169975,1.5931311157148342,-0.47959597592452885,0.17222882448675791,0.7972117097832951,0.84180168770857,-0.17332191939595792,-1.6109411632990194,-1.6612320154404576,2.1204463275463867,-1.3807760684496604,-0.12225053847572286,-1.4016073850196615,-0.3184354546458425,-2.705467770182494,1.4217760867947757,2.88291260411291,0.7846681274905302,-2.6811337830327546,2.443
1.1587425696350084,-1.0445815134069276,-0.0035164565107837996,0.0941610681648672,-0.47959597592452885,1.245670684142399,-0.8865844529852435,-0.32242804303599326,0.07293370992220662,-0.3410217637724243,-1.149067252930106,-0.28905577948054856,-0.17875649781019715,-0.897368465648227,-0.06470363668184832,0.3749382988133612,0.13410468026899158,-1.2092652730191273,0.06193407381724444,0.9770078044091602,-0.09007974012343294,2.715
1.1622066729821983,-2.753348093215257,0.3620258440088559,0.7801927586386559,-0.47959597592452885,-0.3012105983307955,0.7358233080156921,0.25968682233628837,-0.5617251071010305,1.4186423369168937,-0.20668408991105497,0.8694360516108663,0.07611298135118022,-0.28140022694460287,-0.9147489942315352,-0.27370166410008684,0.5739181575569661,0.35144205690632435,0.6291037030257859,-1.306514317305633,-0.7215983979171624,2.418
1.1656707763293883,-0.5361192628298153,0.673189951062764,1.0965398116185272,-0.47959597592452885,0.3925422192632432,2.0381344026569828,0.08847656781502916,-0.8440181455877069,0.8377823425145947,-0.3756984615394712,1.4084565563547884,-0.6850512739821197,1.315991090650445,-1.8383710217717104,0.5091396704506281,-2.039342503610416,0.6909312646242476,2.0332202757106006,1.0956854774015057,-1.9988499598215224,2.754
1.1691348796765781,-0.9195498124453427,0.4360406073372126,-1.053516612413266,-0.47959597592452885,-0.4324611313891272,0.016702030166628332,0.48470601399280067,0.6955800572226064,-0.9418132285708809,0.21329101534743405,0.12124341069766086,-0.36129815180415564,0.826753159431298,0.17168098392589146,0.16550282489459886,-0.6942818691860284,0.5589076838450552,0.08317638202730218,0.6578057873952634,-0.20582431727533834,2.446
1.172598983023768,-0.38608122167591313,-1.0744647667108849,1.2565525651606704,-0.47959597592452885,0.6503557663421089,1.8539691973541739,-0.977918731774529,0.4052787055873717,1.2307170446102673,-0.22204903278636615,0.5275200597956918,0.1656617172727442,-1.4661812411018154,-0.684626217878305,-0.7434064648305176,-1.1042051101534607,0.05910412803811321,0.37632023532609876,-1.04460497001218,-0.8840469272531701,2.293
1.1760630863709578,0.25574817659355686,-1.4249020134900439,0.8169772996828277,-0.47959597592452885,-0.338710750633176,0.08686020361531747,0.7390755349958146,0.5294075593900238,-0.6456885255422576,-1.4410011675610073,1.251577454227826,1.6432158599785622,-0.20182538271016287,0.01043849437226762,1.8836870526747418,-1.411647540879035,1.2708919944756993,1.1155525610361074,0.7928527945934497,-1.351086449094192,2.887
1.1795271897181476,0.6725205131321738,0.18982823136737292,-0.5569253083169572,-0.47959597592452885,0.17222882448675791,-0.45248075477147987,-0.7626829832335172,0.4433181930430232,-0.6855514663345723,0.22865595822274523,-0.9085271058280412,0.7029541328021311,-0.26371692822583787,0.6225337702505872,0.4928728375248972,0.8728205207623855,-0.5915835200879063,-1.0023055675066472,-0.26296926168328133,0.955682667477116,2.559
1.1829912930653375,-0.4944420291759535,-0.6077186061300236,-1.60528472807583,-0.47959597592452885,-0.9340256684334659,-1.719712762688426,0.5825404451478059,1.2101141770174706,-0.27837999967021554,1.0429979306142083,-1.6004041716187474,-1.3118924254330722,0.1754183232901438,1.2706346505923374,-1.461180467678316,1.2272333228488115,-0.28981533544975235,-1.5354875035790962,-1.6502703356282893,1.4978546341360413,2.151
1.1864553964125275,-0.3444039880220514,1.0236271978419231,-0.6709573855538877,-0.47959597592452885,-1.2480894439659025,-0.55333312910397,0.7684258643423162,-0.26141336403009807,-1.0357758747241939,0.22353431059764226,-0.41375455296608277,0.7063983149529617,0.45245666988411837,0.162288217544127,1.1150791969340392,0.3476063682728626,-0.20494303352027152,-0.15048900828333273,1.427164495069782,0.46630647285239313,2.7
1.1899194997597173,0.20573549620892287,-0.5911030470154943,-0.32334347268647207,-0.47959597592452885,0.23785409101592375,0.48149992926419394,-0.2881859921317414,0.43731195818160457,-0.10469147193227328,0.5769279967297859,-0.18044717031572838,0.19665935663020853,0.08994904614944965,0.5567844055782358,0.055701702645926526,-0.4978603162224668,0.044958744383199745,-0.17385554731439623,-0.1770302571026175,-0.07383488718983217,2.505
1.1933836031069072,0.48080523832440997,0.9813330473685764,-0.7132596077546837,-0.47959597592452885,0.776918780362643,-0.9698972839555614,-0.6354982227320103,-0.8119848929934741,0.10885999659798395,0.2849940820988847,-1.3791644122089284,-1.5082108080303485,0.8503308910563172,0.09810431393540289,-1.9227518519458795,2.051349838543754,-1.308282958603521,-0.8387397942892029,-1.351529986371695,1.04096814537852,2.047
1.196847706454097,0.12238102890119947,0.7547572412613618,-1.3183653079312962,-0.47959597592452885,-0.4746488027293052,0.7226686504940624,-0.6208230580587595,0.94583984311505,0.3594270530068188,0.6844825968569596,0.6723315386821187,-0.40951670191576667,2.8485436462766898,-0.050614487109201564,0.4888061292934672,-1.4671579797600414,1.0351356002271415,0.5080225462284566,-0.4471242714989901,-0.5936701810650564,2.685
1.2003118098012868,-0.3777457749451408,-1.1424375085430492,-1.2576708152084144,-0.47959597592452885,-1.538715624309351,-1.136522945896198,0.4113301906265466,1.7827085671393816,-0.6200623493186268,-0.5549561284180956,0.34650571118765816,0.22076863168601482,0.8385420252438076,0.8714420793673464,-0.04393264902416349,-1.5269384524011254,-0.20494303352027152,-0.4011482451620138,-0.43893960439606966,0.18608275974778,2.366
1.2037759131484767,-0.29439130763741744,-0.7617901542829287,-1.2558315881562059,-0.47959597592452885,-0.07152216547871515,-0.34724349459844617,1.5608847566978592,1.5184342332369611,-1.676430280314965,0.7613073112335133,-0.07988364331126531,-1.1672367750982375,0.30509584722774924,0.8041272536313675,-0.15373377127283583,-0.660121599105409,0.33258154536643975,-0.27581862672267315,0.6782674551525639,-0.014947295305529414,2.422
1.2072400164956665,-0.15268871321428765,0.17774418837498812,-1.274223858678292,-0.47959597592452885,-0.8684004019043001,-1.3776916671260666,1.6440440231796138,0.719604996668281,-1.331900577752817,1.00202474961338,-0.7878508734226854,0.32409409621089796,-0.32560847374151286,1.2596764231469455,1.045945156999689,-0.4209997085410734,0.09682515111788247,-0.6581801745037122,2.540279221066956,0.8825808292759127,2.633
1.2107041198428565,-0.777847218022213,-0.583550520145254,-0.5550860812647497,-0.47959597592452885,0.5941055378885383,-0.2507760061064986,0.602107331378807,1.1240248106704698,0.32241146512824087,-0.2835088042876086,1.1791717147846126,-0.709160549037926,1.1863135667128397,-0.27760634133517686,0.17363624135746253,-0.6216912952647121,0.7286522877040164,0.09592176695333682,-0.3489082662639461,-0.08398792027333266,2.76
1.2141682231900464,2.0395337769788373,-0.6892858963286199,-0.4079479170880657,-0.47959597592452885,-1.6090284098763141,-1.71094299100734,1.9815728106643822,1.061960383769144,-1.3034270486154493,0.2747507868486765,0.16951390365980318,0.727063407857939,0.3463568775715321,0.5865281657871566,0.9849445335282059,-0.2587384256581312,0.24770924343695894,-0.10588016104221147,1.0752238096442053,0.43178616036849155,2.652
1.2176323265372362,-0.4944420291759535,0.7200156176582553,-0.6525651150318026,-0.47959597592452885,0.06441588661741407,-0.4437109830903937,0.5238397864548028,-0.24739881602012131,-0.13885970689711444,-0.5498344807929904,-1.1378119473982171,-0.07543103328531398,1.3071494412910625,0.48164227452411984,0.3769716529290798,0.2536656255511594,0.1864125809323339,-0.19084939388244243,0.2854034342123861,0.592204083087799,2.546
1.221096429884426,0.3224317504397356,-0.44609453110687675,0.5484501500603799,-0.47959597592452885,-0.4324611313891272,-0.36039815212007487,0.5580818373590546,-0.19534478055449297,0.32525881804197765,-0.16571090891022666,0.3625958755083723,2.397491751010201,-2.117516077242967,0.36736361687931846,0.25293705187039517,-0.5320205863030862,-0.5727230085480217,-0.6156955580835968,-0.14429158869093586,0.3810209949509891,2.301
1.2245605332316158,-0.14435326648351532,-0.9944079818863357,0.24497768644596948,-0.47959597592452885,1.1519203033864476,-1.2943788361557487,-1.1540207078535385,0.8637546333423285,-0.2869220584114258,-1.0824858338037584,0.5194749776353347,-0.6058350845130429,-0.1664587852726328,-0.2697790360170398,-0.9447085222864146,0.2920959293918562,0.9266876588728049,0.5441344701855549,-0.975035299637356,-0.6586495927994596,2.392
1.2280246365788057,-0.6611509637914003,0.38317291924552965,-0.22586443891941915,-0.47959597592452885,-0.46527376465371006,0.6262011620021148,0.30860403791379104,-0.45761703616977395,0.11740205533919425,-0.19644079466084677,-0.26089799191929886,-1.2981156968297545,-0.007309096803754083,-0.28543364665331394,-1.288345367842444,0.9923814660445532,-0.011622790236454128,-0.11650131514724034,-0.08699891897049299,0.2794906641159844,2.333
1.2314887399259955,-1.2946449153300978,-0.13190941330487208,0.9236524687109232,-0.47959597592452885,0.5941055378885383,1.9635913433677512,-0.39091214484449693,-0.7379079963693107,0.7808352842398595,-1.0517559480531382,0.7206020316442608,-1.2188995073606776,0.744231098743731,-1.0681641784670217,-0.03986594079272984,-1.4500778447197318,1.261461738705757,1.5510198793422907,1.0261158070266827,-1.4120046475951948,2.573
1.2349528432731856,0.455798898132093,1.3060917027889172,-0.4005910088792307,-0.47959597592452885,-0.2027726985370468,0.4201115274965909,0.5727570020323054,-0.15930737138598108,-1.8244926318292767,0.3925486822260585,0.8090979354081884,0.9578236119635101,-0.46707486349162786,-0.4091050706798798,0.6901081867493658,0.5739181575569661,-0.5114263460433961,-0.025159389843992054,0.7846681274905302,-0.5875783612149563,2.666
1.2384169466203754,1.0476156160169288,-3.1574516775232127,0.929170149867549,-0.47959597592452885,-0.4230860933135321,-0.614721530871573,0.13250206183478147,1.8607896203378238,0.4505423462463952,-0.5805643665436128,0.47522702575337095,1.0990350801475142,-0.6969577468355654,0.14506814584422542,-0.9162415646663898,-0.4338098098213057,0.29014539440169934,-0.2078432404504886,-1.7280246731060338,0.08049121567937506,2.218
1.2418810499675652,-0.42775845532977474,-0.5518299072902427,0.10703565753032808,-0.47959597592452885,-0.31058563640639064,-1.4478498405747557,0.3526295319335435,0.5894699080042103,-0.3438691166861611,-1.6356237773149405,1.7704852535708555,-1.5805386331977658,1.310096657744191,-1.0619023342125122,-0.8735411282363492,-1.9411317271286352,1.4312063425647181,0.9753533268497263,-0.6885719510351427,-0.6972311185167615,2.407
1.245345153314755,0.6391787262090843,-0.22556074649585392,-0.5495684001081238,-0.47959597592452885,0.3175419146584823,-0.5138691565390828,-0.8018167556955192,0.231097894606231,0.37935852340297616,0.11085806284536327,-1.3831869532891068,-0.5817258094572381,-0.8236880543200438,0.9888516591394025,-1.3452792830824951,1.3681444369313664,-0.9074970883809732,-1.8859855890450483,-1.1673749765559862,1.6806092296390498,2.389
1.2488092566619449,1.3476916983247331,0.64449034895585,-0.36012801373064385,-0.47959597592452885,-1.8809045140685725,-0.29023997867138573,1.9081969872981281,0.002860969872322387,-1.1155017563088232,0.5257115204787516,1.5331553298403227,0.3964219213783153,0.16952389038388968,-0.9225762995496721,-0.4038363275059202,0.061514106347675346,-0.1436463710156465,0.2361210011397179,-0.7008489516895228,-0.5550886553477548,2.185
1.2522733600091347,-0.13601781975274296,-0.224050241121806,-0.20931139544954158,-0.47959597592452885,-0.7512124259593612,-0.47002029813365215,0.783101029015567,0.37925168785455765,-0.007881472865223333,-0.9237147574255503,1.6417639390051428,0.5135241145065146,1.840595619307121,-0.24629712006262855,0.5701402939221112,-0.903513523429822,1.0634263675369684,0.8245329385583166,0.8828841327255751,-0.8150063022853669,2.497
1.2557374633563245,-0.10267603282965365,-0.7889792510157941,-0.25161361765033924,-0.47959597592452885,-0.14183495104567853,0.4332661850182197,-0.22459361188098795,0.719604996668281,0.11170734951172072,-1.4819743485618355,0.2580098074237307,-1.4014411613546378,2.229628191119937,-0.13671484560870942,0.4115386728962532,-1.5141283511208932,0.9408330425277184,0.8160360152742935,0.5391281144029179,-0.8982611735700707,2.737
1.2592015667035146,0.7475395337091248,0.5583915426351085,-0.8603977719313677,-0.47959597592452885,0.8894192372697843,-1.2110660051854307,-0.464287968210751,-0.1613094496731206,-0.24705911761911112,1.8112450743797381,-1.8135988488682089,0.5617426646181272,0.20194327136829004,1.3880442303643936,-0.5665046567632118,0.40311680715386916,-1.8222318980653764,-1.25721326602734,-0.7704186220643467,1.296824579082732,2.223
1.2626656700507044,-0.7445054310991236,1.8151320138431266,-1.6163200903890815,-0.47959597592452885,0.3691046240742554,0.7972117097832951,-0.01424958489772652,-0.7038726654879384,-0.1502491185520615,1.5654059883747682,-1.6647648289016035,0.27587554609928544,0.6970756354936926,1.4287462180187065,0.4135720270119682,1.0308117698852501,-0.10121022005090609,-1.6055871206722865,0.6823597887040255,1.6075073914378466,2.686
1.2661297733978942,-1.0029042797530663,-1.5865260885131907,-1.4323973851682268,-0.47959597592452885,0.05035332950402138,-0.8032716220149246,-1.070861441371784,1.8808104032092194,0.4818632282974996,0.7664289588586162,-0.968865222030719,-1.5736502688961076,1.5547156233537638,1.5445903367271352,-1.483547362951194,0.5952683263573532,0.4221689751808917,-1.1021444160939184,-1.5888853323563867,1.5912625385042458,2.333
1.269593876745084,-1.2196258947531469,0.1943597474895174,-1.6843714913207977,-0.47959597592452885,-0.6433994880900172,-0.04907125744151726,1.448375160869603,1.1220227323833305,-1.747614103158384,0.8432536732351699,0.19767169122105283,-1.0019160318584257,1.2275745970566239,0.5818317825962744,0.3119043212261632,-0.8693532533492025,1.7801258060525835,0.5250163927965027,0.3754347723445097,-0.924659059587172,2.565
1.2730579800922739,-1.844784399561072,-1.1076958849399432,0.9567585556506767,-0.47959597592452885,0.5331677903971699,-0.40863189636604913,-0.7528995401180166,0.293162321507557,0.5758258744508125,-0.770065328672443,1.251577454227826,0.14499662436776847,-0.3285556901946412,-0.6079186257605615,1.4627827507214985,-1.7105499040844547,1.3274735290953525,1.0730679446159919,1.427164495069782,-1.1906685263748844,2.963
1.2765220834394637,0.8392294477476205,-2.4822557753237127,-0.17804453556199729,-0.47959597592452885,-0.17464758431026145,-1.4610044980963854,0.1276103402770312,1.7606857059808465,-0.027812943261380674,-0.7188488524214088,-0.6711971820975083,0.7442843186120857,-0.4935998115697754,1.420918912700569,0.3444379870776215,0.736179440439908,-0.6481650547075601,-0.7835097929430528,-0.5371556096311146,0.7323159396401056,2.489
1.2799861867866535,-1.7530944855225765,-1.8115913892463573,-1.6604615396420868,-0.47959597592452885,-1.5809032956495288,-1.3382276945611793,1.707636403430367,2.549504551113829,-1.639414692436387,-0.03766971828263877,-0.9205947290685766,-1.835408112359143,0.9947444972595593,1.0921720893388118,-1.9227518519458795,1.039351837405405,1.266176866590728,-0.9279574887714452,-0.7417722872041248,1.2663654798322306,2.203
1.2834502901338436,-0.04432790571424729,1.3846379822394184,-0.6084236657787974,-0.47959597592452885,-0.2121477366126419,-0.11484454504966382,0.6412411038408092,-0.4676274276054717,0.15726499613150893,0.4693733966026121,0.7045118673235469,-0.38540742685996043,1.5311378917287446,-0.6110495478878164,-0.48923720036599966,-0.36548926966006684,-0.05877406908616569,0.0109525341131061,-1.0036816344975779,-0.33172192751074425,2.399
1.2869143934810334,0.8475648944783929,1.9057623362860125,-2.80813922022022,-0.47959597592452885,-1.2246518487769145,-0.5577180149445136,0.5434066726858039,0.29116024322041745,-0.43498440992573734,3.209454876033002,-0.7717607091019714,-1.0398020355175497,2.250258706291829,1.3536040869645904,-0.7800068389134078,1.9616791295821279,-1.242271168213925,-1.5928417357462519,-0.7008489516895228,1.3151000386330327,2.231
1.2903784968282233,0.7725458739014418,-0.024663531747456856,-0.1945975790318732,-0.47959597592452885,-1.782466614274824,-0.4480958689309363,1.648935744737364,-0.05720137874186408,-1.4486420472160242,-0.7854302715477542,0.9699995786153294,-0.05821012253116729,-1.1508290806171837,-0.32770109537125425,-0.8593076494263369,0.1554548490693787,0.431599230950834,-0.25882478015462695,-0.005152247941288889,0.4216331272849911,2.292
1.293842600175413,0.8559003412091652,0.5357339620243875,0.3737235801005667,-0.47959597592452885,-0.13714743200788096,0.2534858655559542,-0.41047903107549805,-0.41156923556556424,0.11455470242545748,-0.6369024904197522,0.18962660906069576,-1.0845764034783316,-0.15172270300699617,-0.8129940250957529,-1.3615461160082243,-0.22457815557751182,0.5400471723051706,0.465537929808341,-0.7826956227187268,-0.14084490554093532,2.188
1.297306703522603,-0.45276479552209176,1.1535306600100594,-0.9118961293932079,-0.47959597592452885,0.4675425238680041,0.19648234962889477,-0.7822498694645184,-0.07922423990039915,0.581520580278286,1.2683504261187641,-1.4354799873314277,-0.3199679659942027,0.5143482153997947,0.6397538419504888,-1.0870433103865451,1.72682727277787,-0.7283222287520693,-1.777649817173754,-1.6911936711428914,2.021751141244666,2.114
1.3007708068697927,-0.7361699843683512,-0.5352143481757148,0.6698391355061437,-0.47959597592452885,-1.1074638728319757,-0.2595457777875847,0.2058778852010355,0.22108750317053324,-0.8336138178488839,-0.23741397566167508,1.8469135340942475,-0.05476594038033826,-1.365975881695482,-1.0039802748582978,-1.0138425622207647,-0.9462138610305962,0.4551748703756898,0.3402083113690006,-0.7745109556158065,-0.31953828781054366,2.344
1.3042349102169826,1.197653657170831,0.3620258440088559,-0.7445264676422296,-0.47959597592452885,-0.19339766046145165,-0.013992170717172684,0.22055304987428634,0.39326623586453446,0.24553293645734828,0.40791362510136964,-0.2930783205607271,-0.6437210881721668,1.1273692376502917,0.3219652460341234,-0.5990383226146702,0.8856306220426178,-0.85563068164629,-0.2078432404504886,-0.5780789451457167,0.291674303816185,2.317
1.3076990135641726,-0.8612016853299364,0.42546706971887643,0.7213374929679823,-0.47959597592452885,1.456609040843289,1.1216932619834814,-0.5621223993657563,-0.5737375768238677,0.4277635229365011,0.034033348468811904,-1.053338584714468,-0.037545029626190045,-0.01320352971000953,-0.2885645687805688,0.2773373012589862,-0.31424886453913775,-0.5255717296983101,0.7119487050450108,0.633251786086503,-0.33172192751074425,2.609
1.3111631169113624,-1.4863601901378618,0.6867844994291968,-0.5697998976824181,-0.47959597592452885,-1.3512148627974485,0.9243733991590437,0.5189480648970526,0.3592309049831621,0.2797011714221894,0.17743948197171097,1.8911614859762114,-1.5495409938403013,1.5576628398068908,-1.4830113603282868,-0.934541751707834,-1.8258408156065453,1.1765894367762761,1.3640875670937826,-0.5494326102854956,-1.5785143901646028,2.338
1.3146272202585523,-0.5444547095605875,0.029714661718274724,0.4472926621889087,-0.47959597592452885,0.32691695273407734,0.6832046779291753,-0.7675747047912675,-0.3475027303770987,0.8491717541695417,-0.8366467477987884,-0.15228938275447873,0.9199376083043861,0.11352677777446883,-0.07722732519086765,0.051634994414496496,0.7489895417201403,-0.6670255662474448,0.2871025408438562,-0.7499569543070452,-0.33172192751074425,2.36
1.318091323605742,0.5724951523629057,0.5070343599174735,-1.0148928443168865,-0.47959597592452885,-0.35277330774656873,-0.10607477336857768,0.6656997116295605,0.3091789478046734,-0.6229097022323635,0.5001032823532322,-0.9125496469082197,-0.8813696565793959,0.6292896570717621,0.320399784970496,-0.836940754153459,0.7404494741999854,-0.27566995179483833,-0.762267484732995,-0.9995893009461173,0.592204083087799,2.268
1.321555426952932,-0.45276479552209176,-1.2693199599630902,-2.337297094854832,-0.47959597592452885,-2.25121851805458,-1.3908463246476963,1.3065152356948455,2.447398558469712,-1.4201685180786565,1.4373647977471793,-0.816008660983935,-1.6735315512701603,0.21373213718079964,1.815415100734678,-1.0219759786836284,-0.002536400053485918,1.4547819819895738,-1.032044799000728,-0.41438560308730843,0.9110093219097138,2.377
1.3250195303001218,-0.852866238599164,0.1747231776268916,0.09600029521707637,-0.47959597592452885,1.287858355482577,1.1304630336645676,-1.672543192975067,-0.04719098730616633,1.2791220441437927,0.8330103779849617,-0.08390618439144383,1.59844149201778,1.2629411944941527,0.6287956145050969,2.093122526593504,-1.206685920395319,-0.15779175467055997,0.22974830867670057,1.0302081405781425,-0.42106861864554845,2.741
1.3284836336473116,0.5975014925552227,-1.2662989492149943,-0.7390087864856038,-0.47959597592452885,0.7909813374760357,-0.9918217131582772,-0.4593962466530007,1.1120123409476326,1.1937014567316897,-0.06839960403325886,-1.045293502554111,0.24143372459099205,1.0212694453377056,1.3348185542010613,-0.3387689958030035,1.8976286231809667,-0.3322514864144922,-1.386791346108692,-0.9504812983285948,1.552681012786944,2.46
1.3319477369945016,-2.036499674368836,-0.44156301498473227,-0.9652337139072555,-0.47959597592452885,1.3956712933519209,-0.645415731755375,0.7977761936888176,0.8717629464908867,-0.5260997031653137,-1.6202588344396294,-1.2745783441242868,0.689177404198815,0.543820379931068,1.4130916073824322,1.281814234422761,-0.3398690670996023,-0.13893124313067534,-0.31617901232178286,1.1325164793646472,0.16171548034737887,2.598
1.3354118403416915,-1.2779740218685531,-0.6817333694583796,-1.5096449213609853,-0.47959597592452885,-1.5152780291203631,-1.588166187472134,0.8075596368043181,1.6485693219010318,-0.9019502877785662,0.5718063491046829,-0.04368077358965859,-0.2993028730892255,0.3876179079153163,0.9465842104214622,0.49490619164061583,-0.356949202139912,1.1907348204311896,-0.6921678676398046,-0.17293792355115684,0.567836803687398,2.486
1.3388759436888813,1.76446403486335,-0.7950212725119872,1.013774594269141,-0.47959597592452885,-0.08558472259210781,-0.4831749556552809,-0.4593962466530007,-0.1833323108316557,0.79791940172228,-0.7495787381720289,0.2258294787823025,0.8200563259303335,0.7501255316499851,-0.3464866281347831,0.7145084361379569,0.1554548490693787,-0.3133909748746076,0.355077927116041,0.3508807710357494,-0.2281609900590394,2.741
1.3423400470360711,-0.902878918983798,-2.2164068294912473,0.15853401499216663,-0.47959597592452885,0.5144177142459797,-0.430556325568764,-1.036619390467532,1.4944092937912865,0.14872293739029865,-1.302716681683211,0.2580098074237307,-0.5403956236472851,0.14299894230574214,0.28752510263432024,0.08416866026595483,0.14691478154922386,0.6579253694294495,0.19788484636161396,0.26903410000654526,-0.059620640872931514,2.564
1.345804150383261,-3.7369308074463934,-1.6877299485744135,-0.10815390757807199,-0.47959597592452885,0.9878571370635332,0.36749289741007407,-1.4426322797608042,0.803692284728142,1.1253649868020075,-0.4166716425402995,-1.5400660554160694,0.6857332220479845,-0.7146410455543278,1.8357660945618346,1.2330137356455753,0.5867282588371984,-0.6010137758578487,-0.7601432539119892,-0.8890962950566922,0.7465301859570063,2.729
1.3492682537304508,-0.7611763245606683,-0.22253973574775804,1.0156138213213501,-0.47959597592452885,0.27066672428050664,0.7358233080156921,0.4064384690687963,-0.337492338941401,-0.27837999967021554,-0.6983622619209947,1.2555999953080046,-1.883626662470754,-0.2195086814289279,-1.3311616371564274,-0.9040414399720925,-1.6977398028042225,1.200165076201132,1.4341871841869736,-0.26296926168328133,-1.1663012469744833,2.388
1.3527323570776408,-0.19436594686814931,0.1943597474895174,-2.386956225264463,-0.47959597592452885,-0.816837692488527,-1.487313813139644,0.5140563433393023,1.536452937821217,-0.677009407593362,1.7344203600031844,-0.8683016950262559,0.47563811084739216,0.6764451203218005,1.7950641069075217,-0.5136374497545925,0.8770905545224629,-0.28038507967981,-1.8392525109829214,-0.5535249438369554,1.838996545741657,2.222
1.3561964604248307,-1.5113665303301789,-1.1409270031690018,-0.03274559843752249,-0.47959597592452885,0.23785409101592375,0.6568953628859168,0.7048334840915627,1.0579562271948648,-1.0528599922066144,-1.0824858338037584,0.7728950656865817,-0.6953838204346083,0.3994067737278259,-0.12106023497243525,0.8548098701223725,-1.8301108493666227,2.704290871506929,1.436311415007979,1.3084868220774364,-1.4627698130126974,2.606
1.3596605637720205,-0.5277838160990429,1.297028670544629,-0.5164623131683703,-0.47959597592452885,0.17691634352455549,0.31925915316410075,-0.8311670850420209,-0.8820576330433584,0.47047381664255256,0.2184126629725393,-0.24883036867876326,0.4618613822440745,1.0684249085877437,0.17950828924402853,0.7755090596094435,-0.1904178854968924,0.7475127992439009,-0.4924901704652621,0.34678843748428784,0.1799909398976797,2.73
1.3631246671192103,-0.05266335244501961,0.8181984669713817,-0.8236132308871975,-0.47959597592452885,-1.4027775722132216,-0.8865844529852435,2.1429996220701413,-0.17131984110881837,0.08892852620182662,0.6127795301055112,1.7262373016888917,-1.918068483979049,0.5998174925404889,-1.1949665246208425,-1.9064850190201503,0.3433363345127852,1.4029155752548912,-0.052774390517067116,-0.8399882924391697,-0.09007974012343294,2.169
1.3665887704664001,1.0392801692861566,-0.5941240577635901,-1.1234072403971904,-0.47959597592452885,-0.6480870071278149,-1.4610044980963854,1.282056627906094,1.4063178491571462,-1.0386232276379306,0.22865595822274523,-0.34537135460304785,-0.09609612619029122,0.12531564358697841,0.8902276121308754,-0.08053302310705547,0.2878258956317788,-0.5255717296983101,-1.0872748003468784,-0.3816469346756277,1.2298145607316286,2.404
1.37005287381359,-1.1946195545608298,-0.19837164976298846,-1.0259282066301383,-0.47959597592452885,-1.210589291663522,1.0734595177375081,1.1206298165003352,1.1340352021061677,-0.8905608761236191,1.1556741783664852,-0.2971008616409056,0.8269446902319916,1.4161964500567759,1.0264227246664606,1.2797808803070458,-0.356949202139912,0.8040943338635548,-0.08251362201114795,1.6154118384369505,0.11907274139667684,2.809
1.3735169771607798,-2.011493334176519,-0.7602796489088814,-0.6121021198832141,-0.47959597592452885,1.522234307372455,-0.4437109830903937,-0.8605174143885225,0.8137026761638397,0.32241146512824087,-0.35009022341395407,-1.1418344884783955,-0.4267376126699134,0.8532781075094442,0.8495256244765625,-0.5929382602675215,0.006003667466668933,-0.5208566018133385,-0.7792613313010412,-0.9627582989829759,0.4216331272849911,2.402
1.3769810805079699,1.5394069731324969,-0.844867949855575,0.9567585556506767,-0.47959597592452885,0.8987942753453795,0.9024489699563288,-2.2204160074430965,-0.05119514388044543,1.6720567462394653,-1.8200030918186678,0.37064095766872934,-1.1706809572490666,1.5370323246350002,-0.9742365146493768,-1.0036757916421826,-0.10928724405542156,0.17226719727742043,0.6312279338467914,-0.9382042976742146,-0.3885789127783469,2.443
1.3804451838551597,-0.19436594686814931,0.6505323704520424,-0.16149149209211972,-0.47959597592452885,0.3362919908096725,-0.8383507087392692,-0.8262753634842706,-0.005147343276235816,-0.12462294232843063,-0.33984692816374584,-0.0637934789905512,0.5135241145065146,0.039846366446284254,0.22803758221647843,0.4806727128306035,0.76606967676045,0.030813360728286276,-0.22271285619752904,0.23220309804340208,0.2957355170495852,2.57
1.3839092872023495,0.5391533654398164,-1.8629485719639924,-0.16700917324874556,-0.47959597592452885,-0.46527376465371006,-0.23323646274432627,0.509164621781552,1.8627916986249635,-0.26983794092900526,-0.22204903278636615,1.4124790974349668,-1.4117737078071249,1.6107127359631848,-0.3777958494073314,-0.5644713026474968,-2.069232739930958,1.8272770849022952,0.9987198658807901,0.25266476580070446,-0.8901387471032703,2.515
1.3873733905495393,0.5391533654398164,-1.6590303464674994,-1.7082814429995088,-0.47959597592452885,-0.6668370832790051,-2.101197830815673,0.5874321667055562,2.3773258184198274,-1.0186917572417733,-0.8417683954238937,-0.4217996351264398,-1.428994618561273,0.6440257393373988,1.1125230831659685,-0.9975757292950357,-0.6857418016658735,-0.2709548239098677,-1.3400582680465651,-0.5944482793515574,0.9739581270274169,2.223
1.3908374938967292,-0.17769505340660469,-0.8554414874739112,1.5103658983654498,-0.47959597592452885,2.2909874295712545,1.8145052247892868,-2.3133587170403516,-0.24139258115870266,1.4499632189679978,-1.2873517388078999,-0.38559676540483306,1.1265885373541493,-0.5996996038823603,-0.1962023660265512,0.13500251315885914,-0.6259613290247896,-0.30396071910466527,0.6758367810879129,-0.8931886286081528,-1.005883324255176,2.499
1.394301597243919,1.1059637431323353,0.34994180101647115,-1.1601917814413614,-0.47959597592452885,-0.8355877686397173,-0.10168988752803412,0.5042729002238018,0.5314096376771633,-0.523252350251577,0.08012817709474318,-0.26089799191929886,0.4446404714899263,1.5871350043381656,0.9512805936123446,1.6986518281445706,-0.6131512277445573,0.1864125809323339,-0.42239055337207154,1.2839328207686742,0.23887853178198246,2.869
1.3977657005911088,-0.5194483693682705,-0.08206273596128497,-0.4226617335057341,-0.47959597592452885,1.3300460268227552,-0.6278761883932027,-1.2567468605662941,0.31918933924037113,1.2050908683866368,-0.4422798806658166,-1.4475476105719631,0.18632681017772143,-0.17235321817888957,0.5286061064329423,-0.5095707415231606,1.2272333228488115,-1.4073006441879148,-0.9237090271294337,-0.6353716148661596,0.8521217300254113,2.254
1.4012298039382989,0.8142231075553035,1.2502030039491376,-0.3159865644776387,-0.47959597592452885,-0.9996509349626318,0.6788197920886316,1.0668208793650824,-0.4476066447340762,-0.8478505824175677,1.109579349740554,0.306280300385873,-1.4255504364104425,0.21373213718079964,-1.0540750288943748,0.041468223835914184,-0.036696670134105325,0.9879843213774299,0.7246940899710455,0.6046054512262812,-0.6383435266324586,2.655
1.4046939072854887,-2.078176908022698,-1.654498830345355,-0.979947530324924,-0.47959597592452885,-0.5543366263718638,-0.7199587910446068,0.9640947266523268,1.6826046527824041,-0.7624299950054649,-0.7649436810473401,0.5074073543947991,-1.769968651493384,1.2305218135097509,0.599051854296176,-1.2720785349167147,-1.432997709679422,0.9125422752178914,0.4485440832402948,-0.823618958233329,-0.5368131957974539,2.249
1.4081580106326785,1.1309700833246523,-0.801063294008179,-0.7684364193209406,-0.47959597592452885,0.18160386256235306,-0.15430851761455097,-0.06805852203297942,1.2081120987303309,-0.7168723483856767,-0.032548070657533526,1.2274422077467548,-0.6574978167754845,1.7492319092601714,0.08244970329912882,-0.7657733601033937,-1.6678495664836805,0.2618546270918724,0.8840114015464783,1.2675634865628334,-1.1906685263748844,2.202
1.4116221139798684,-0.7111636441760342,2.3075567657828064,-1.0020182549514258,-0.47959597592452885,-0.8824629590176929,-0.38232258132279073,0.28414543012503973,-0.9381158250832656,-0.39512146913342283,3.1940899331576924,-0.5827012783335807,0.9543794298126794,-0.994626608601432,0.27969779731618316,0.27937065537470485,0.2579356593112368,-0.4784204508485986,-1.0532871072107859,-0.6681102832778412,0.9089787152930138,2.424
1.4150862173270582,-1.444682956484,1.197335315857454,-0.5146230861161611,-0.47959597592452885,-0.6246494119388271,-0.7462681060878652,0.5434066726858039,-0.24739881602012131,0.29678528890461003,2.6921684658975455,-1.246420556563037,0.33442664266338507,-1.2569288729297687,0.09184246968089331,-0.14153364657853848,1.0478919049255597,-0.6670255662474448,-1.2317224961752706,-0.029706249250050117,1.2744879062990309,2.608
1.418550320674248,-0.4611002422528641,1.377085455369178,-0.37852028425272893,-0.47959597592452885,0.09722851988199697,-0.6804948184797196,-0.024033028013226994,-0.5797438116852864,-0.024965590347643913,1.3246885499949013,-0.28905577948054856,0.8097237794778449,-1.2068261932266047,0.08558062542638364,-0.2838684346786691,0.5824582250771209,-0.19551277775032921,-0.8047521011531105,-0.20158425841137873,0.8236932373916099,2.374
1.4220144240214379,-2.3699175435997297,-0.7255380253057743,-0.16333071914432887,-0.47959597592452885,-0.6715246023168027,-1.3996160963287825,1.6000185291598614,0.8797712596394448,-0.3552585283411081,-1.6458670725651487,2.08424345782478,-2.2073797846487198,1.5252434588224906,-1.2669777335477037,-0.4729703674402705,-2.923239491946443,1.516078644494199,1.6338648813615158,0.2813111006609245,-1.7450241327340106,2.385
1.425478527368628,0.08903924197811013,-0.2663443915951528,1.2675879274739221,-0.47959597592452885,0.2284790529403286,0.056166002731516465,-0.07784196514847996,-0.33949441722854057,0.09177587911556338,-0.04791301353284471,0.9740221196955079,-0.9881393032551081,-1.0152571237733228,-1.4657912886283855,-0.34283570403443714,0.023083802506978637,0.8418153569433241,1.177155254845275,-0.14429158869093586,-0.5713335082813555,2.614
1.4289426307158177,0.7892167673629865,0.300095123672884,-0.33805728910414046,-0.47959597592452885,0.7816062994004406,1.0822292894185943,-0.8849760221772739,-0.06921384846470138,0.3110220534732938,1.2734720737438672,-1.0734512901153606,0.31031736760758033,0.4229845053528451,0.5661771719600003,0.2082032613246395,-0.07085694021472473,-0.068204324856108,-0.2970609349327309,-0.43893960439606966,0.3444700758503874,2.25
1.4324067340630076,-0.16102415994506,-1.8584170558418478,-0.04010250664635587,-0.47959597592452885,-1.1777766583989389,0.08247531777477489,0.5727570020323054,1.350259657117239,-0.3723426458235287,-1.292473386433003,1.4406368849962166,-0.3303005124466898,0.5762397609154697,-0.4216287591888991,-0.14356700069425352,-2.269924326654597,1.4547819819895738,0.5632525475746066,-0.12792225448509503,-1.0505566698225781,2.392
1.4358708374101974,0.5141470252474993,-0.9657083797794216,-0.014353327915435771,-0.47959597592452885,-0.33402323159537844,-0.1192294308902064,1.0521457146918316,0.9978938785806784,-1.2664114607368715,-1.4973392914371444,1.259622536388183,-2.283151791966966,0.49666491668102963,-1.083818789103296,-2.044753098888849,-1.3091667306371773,1.4406365983346603,1.1367948692461651,-0.8440806259906304,-0.8678020743195693,2.12
1.4393349407573872,-0.752840877829896,0.09617689817639043,-0.998339800847009,-0.47959597592452885,-1.4262151674022094,-0.4656354122931086,-0.16589295318798478,0.7516382492625138,-0.09330206027732622,0.7100908349824789,0.2419196431030166,-0.4921770735356726,0.2697292497902205,0.19516289988030272,-0.387569494580191,-0.3740293371802217,0.5541925559600841,-0.4032724759830196,0.34678843748428784,0.1901439729811802,2.331
1.442799044104577,0.24741272986278454,-0.778405713397458,1.596809569819251,-0.47959597592452885,-1.4168401293266144,0.5648127602345118,1.1255215380580854,-0.35150688695137783,-1.8187979260018032,-0.35009022341395407,3.649011938014226,-0.5162863485914789,-1.2569288729297687,-2.4598590640317943,-1.0626430609979522,-3.9053472567642493,2.105469630115593,3.0209876074782853,0.8951611333799562,-3.4141827716614888,2.215
1.4462631474517669,0.12238102890119947,0.09164538205424663,-0.4171440523491083,-0.47959597592452885,0.48629260001919433,-0.19377249017943815,-0.24416049811198903,0.3612329832703017,0.35373234717934526,-0.17083255653532964,-0.8683016950262559,-0.06854266898365591,1.2275745970566239,0.46442220282421826,0.35257140354048516,-0.8608131858290478,-0.827339914336463,-0.10375593022120569,0.7764834603876088,-0.11038580629043389,2.549
1.449727250798957,-0.7111636441760342,-0.7965317778860358,0.04634116480744534,-0.47959597592452885,1.0581699226304966,0.17017303458563635,0.08847656781502916,0.559438733697117,-0.9190344052609868,-1.0671208909284495,-1.1176992419973244,0.5031915680540274,-0.7264299113668387,1.0405118742391073,1.6295177882102239,0.09140434266821733,1.3887701915999777,0.35082946547402943,1.7995668482526592,-0.2342528099091397,3.158
1.4531913541461468,0.1473873690935165,-0.5895925416414457,-0.9284491728630838,-0.47959597592452885,-1.6699661573676825,-1.7767162786154866,1.1695470320778378,1.1340352021061677,-1.1866855791522422,-0.5242262426674732,-0.11206397195269348,-1.428994618561273,0.6381313064311447,-0.24003527580811887,-2.774727226430945,0.8343902169216888,0.35144205690632435,-0.6178197889046025,-1.7034706717972725,0.6145407558715,2.007
1.4566554574933366,1.1809827637092865,0.6565743919482349,0.0628942082773229,-0.47959597592452885,-1.6277784860275044,0.18332769210726507,0.28414543012503973,-0.337492338941401,0.06045499706445898,-0.017183127782224614,0.6843991619226543,0.11744316716113318,0.5349787305716854,-0.7190663612781082,-0.5705713649946454,1.3596043694112117,0.45045974249071863,-0.3777817061309503,-0.545340276734035,0.3221334030666865,2.434
1.4601195608405264,-2.5199555847536317,-0.4264579612442516,-0.6746358396583044,-0.47959597592452885,0.21441649582693592,-0.7594227636094939,0.05423451691077727,1.186089237571796,-1.4742682234396551,-0.30911704241312576,0.551655306276763,-0.39918415546327807,-0.05446456005379242,0.3094415575251041,0.2814040094904198,-0.9889141986313703,0.6673556251993918,0.39543831271515073,0.7232831242186266,-0.5611804751978551,2.678
1.4635836641877162,0.07236834851656546,-1.8282069483608865,0.8206557537872444,-0.47959597592452885,0.3925422192632432,0.4288812991776771,0.45535568464629905,1.1740767678489585,-0.5260997031653137,0.008425110343294783,-0.09999634871215791,-2.5449096354300016,-0.7853742404293853,-0.7816848038232047,-1.164310766783759,-1.044424637512377,1.3557642964051795,1.119801022678119,-0.9136502963654535,-0.8393735816857679,2.451
1.467047767534906,0.06403290178579311,0.824240488467574,0.7709966233776133,-0.47959597592452885,0.8003563755516309,1.2093909787943429,-0.3419949292669944,-1.1423278103714998,0.3081747005595571,0.018668405593500723,0.10917578745712533,-1.1500158643440894,1.086108207306509,-1.4470057558648564,-1.3147789713467535,0.18961511914999798,-0.29924559121969463,0.8500237084103859,-0.5821712786971773,-0.5713335082813555,2.241
1.470511870882096,0.23074183640123985,-0.2799389399615855,0.2284246429760919,-0.47959597592452885,-1.0371510872650123,-0.10168988752803412,0.8026679152465679,0.43330780160732546,-0.9645920518807748,-0.4115499949151965,1.1148110575017562,-0.48873289138484355,-0.9622072276170304,-0.6674061461784034,-0.7088394448633425,-0.7284421392666476,0.6484951136595072,0.505898315407451,-0.09518358607341339,-0.3296913208940441,2.388
1.473975974229286,-0.2443786272527834,-1.2345783363599843,-0.23322134712825415,-0.47959597592452885,1.287858355482577,0.29733472396138494,-0.3517783723824948,0.9438377648279105,1.0370970464761677,-0.631780842794647,-1.0734512901153606,-0.2200866836201501,1.071372125040871,0.9403223661669525,-0.33266893345585663,-0.45088994486161516,-1.279992191293694,0.00457984165008878,0.01121708626455193,0.11704213477997674,2.523
1.4774400775764758,-1.3696639359070488,-0.5216197998092814,-0.1191892698913237,-0.47959597592452885,1.9722361350010205,0.6832046779291753,-1.7899445103610732,0.231097894606231,1.882760861855986,0.08524982471984616,-1.2786008852044652,0.7063983149529617,0.04868801580566546,0.9998098865847944,-0.5766714273417923,-0.46797007990192485,-1.1479686105145017,-0.9704421051915607,-1.7362093402089542,0.4886431456360942,2.291
1.4809041809236656,0.9559257019784333,0.47531374706246354,-0.2424174823892967,-0.47959597592452885,-0.3949609790867467,-0.4174016680471353,-0.17567639630348525,-0.09924502277179466,0.38505322923044966,0.5257115204787516,-1.2423980154828587,-0.8917022030318845,-0.3786583698978053,-0.089751013699887,-1.676716003944227,1.2656636266895083,-1.3837250047630596,-0.6942920984608104,-1.5438696632903242,0.7221629065566051,1.987
1.4843682842708554,-0.0276570122527026,-0.11680435956439142,-1.0921403805096452,-0.47959597592452885,0.07847844373080674,-0.737498334406779,0.709725205649313,0.8597504767680494,-1.3746108714588685,-1.005661119427207,-1.407322199770178,0.6685123112938378,0.5379259470248139,1.86864077689801,2.0260218407748725,0.5781881913170435,0.219418476127132,-0.40539670680402534,2.8185579025662495,0.6774895609892031,2.831
1.4878323876180453,-1.2112904480223745,-0.8886726057029697,-1.8186350661320216,-0.47959597592452885,-1.5621532194983387,-1.4785440414585578,2.3191015981491505,1.6806025744952646,-0.4463738215806844,0.14670959622108862,0.7246245727244394,-1.067355492724185,2.954643438589276,0.9152749891489139,0.3932384858548072,0.3177161319523206,0.8795363800230933,-0.0464016980540498,-0.6149099471088589,0.43381676698519167,2.398
1.491296490965235,-1.9281388668687955,-1.6182467013682005,-0.20379371429291737,-0.47959597592452885,0.2519166481293164,0.4858848151047365,-0.5132051837882536,1.0018980351549576,0.8861873420481197,-1.415392929435488,-1.4596152338124988,0.8889399689469203,0.47603440150913756,1.2080162080472407,-0.5156708038703093,-0.47224011366200225,-0.6340196710526462,-0.4818690163602332,-0.7949726233731079,0.09470546199627573,2.339
1.4947605943124251,-0.9862333862915215,-0.8841410895808253,0.7691573963254043,-0.47959597592452885,-0.10433479874329807,-1.250529977750318,0.34284608881804296,0.3211914175275107,0.3736638175755026,0.10061476759515733,0.8654135105306878,-1.3532226112430252,-2.2678241163524646,-1.0853842501669233,-1.8678512908215452,-0.11782731157557641,0.6720707530843629,-0.1526132391043385,-0.9832199667402765,-0.10632459305703369,2.314
1.498224697659615,0.405786217747459,-1.3765658415205047,1.2381602946385852,-0.47959597592452885,-0.2590229269906175,0.7226686504940624,-0.4936382975572525,0.2971664780818361,0.4847105812112364,-1.3897846913099707,1.5774032817222865,-0.5679490808539205,0.7324422329312213,-1.2372339733387825,-1.0565429986508037,-1.6678495664836805,1.7235442714329297,1.8038033470419776,-0.5126016083223534,-1.8993502356032177,2.112
1.5016888010068048,-1.6697400182148532,0.06143527457328464,1.120449763297238,-0.47959597592452885,0.2425416100537213,2.2135298362787057,-0.5719058424812569,-1.0302114262916848,0.7694458725849124,-0.2886304519127116,1.2998479471899682,-1.0019160318584257,0.5143482153997947,-1.3483817088563292,-0.0256324619827175,-1.5909889588022867,1.016275088687257,2.0098537366795375,-0.3284465985066446,-1.8526462834191157,2.361
1.5051529043539946,0.2140709429396952,0.48739779005484835,0.5337363336427116,-0.47959597592452885,-0.30589811736859307,1.2663944947214034,-0.3419949292669944,-0.47563574075402987,0.5245735220035511,0.44376515847709497,0.7930077710874743,0.02445024908873863,1.3454632551817185,-0.8583923959409482,0.7958426007666045,-1.582448891282132,2.0630334791508522,1.3088575657476325,1.6849815088117734,-1.5115043718134995,2.699
1.5086170077011845,0.3307671971705079,-0.03372656399174579,-1.2116901389032009,-0.47959597592452885,-1.135588987058761,-1.7153278768478837,1.3065152356948455,0.8177068327381188,-1.3746108714588685,1.1864040641171074,-1.314803754926072,2.204617550563757,-1.967208038133472,1.9703957460337924,1.2858809426541946,1.4877053822135342,0.20055796458724737,-2.5360002202728147,0.13807942635981874,2.230903622764776,2.668
1.5120811110483743,-1.0612524068684723,0.005546575733505132,-0.899021540027747,-0.47959597592452885,0.8284814897784162,-0.5401784715823413,-0.24416049811198903,0.9478419214021896,0.2284488189749277,1.00202474961338,-0.8200312020641136,1.5605554883586563,-1.2834538210079163,1.2299326629380245,0.20210319897749082,2.119670378704993,-1.8080865144104634,-2.15151444167077,0.510481779542696,2.10703661914607,2.327
1.515545214395564,-0.7361699843683512,0.7487152197651694,-0.023549463176478314,-0.47959597592452885,1.3066084316337674,0.21840677883160964,-0.8800843006195236,-0.6017666728438215,-0.10753882484601004,1.3246885499949013,-1.1860824403603591,-0.21664250146931954,-1.0918847515546346,0.3031797132705944,-0.27370166410008684,2.042809771023599,-0.56800788066305,-0.7983794086900932,-0.14429158869093586,1.0572129983121208,2.501
1.5190093177427542,1.314349911401644,0.022162134848033723,0.36084899073510746,-0.47959597592452885,-0.38558594101115157,0.3631080115695315,-0.15610951007248422,-0.021163969573352225,-0.21289088265426998,-1.5844073010639061,1.750372548169963,-1.284338968226437,1.1745247009003301,-1.4047383071469164,0.27530394714327117,-2.052152604890648,1.582090434883795,1.6253679580774927,0.17081809477150037,-1.7389323128839103,2.686
1.522473421089944,0.2974254102474186,-0.37812178927471246,-0.9155745834976246,-0.47959597592452885,-0.65746204520341,-0.027146828238802385,1.0961712087115838,0.6695530394897923,-0.9332711698296706,0.04939829134412309,-0.015522986028408927,-1.73208264783426,1.1892607831659667,0.2327339654073607,-1.0972100809651257,-0.732712173026725,0.8748212521381221,0.24249369360273523,-0.009244581492748639,-0.00276365560532886,2.141
1.5259375244371338,-0.46943568898363647,-0.4219264451221072,0.35349208252627246,-0.47959597592452885,1.3253585077849577,-0.1981573760199817,-0.557230677808006,0.1329960585363931,-0.09899676610479975,-1.6509887201902518,0.7487598192055106,-0.7918209206578319,0.9269585188376288,-0.34805208919841046,-1.3371458666196314,-0.6772017341457187,-0.7094617172121847,1.2642487185065114,-1.2164829791735086,-1.1277197212571815,2.022
1.5294016277843236,-0.36107488148359607,0.64449034895585,0.04266271070302865,-0.47959597592452885,0.4534799667546114,1.126078147824025,-1.0121607826787808,-0.7018705872007988,-0.30685352880758315,-0.892984871674928,-0.791873414502864,0.7477285007629162,-0.1664587852726328,0.29691786901608475,0.9280106182881529,-0.20749802053720212,-1.1904047614792426,0.19788484636161396,0.9483614695489384,-0.06368185410633172,2.559
1.5328657311315135,-0.0276570122527026,-0.0004954457626872655,-0.46312472865432264,-0.47959597592452885,-0.5215239931072808,-0.4349412114093076,0.5923238882633065,0.2270937380319519,-0.6542305842834679,-0.355211871039057,0.6763540797622972,0.6857332220479845,0.7265478000249659,0.7399433500226434,2.2496907935036474,-0.8010327131879638,1.2756071223606704,-0.014538235738963186,1.5622115022679681,-0.04946760778943103,2.896
1.5363298344787033,1.0809574029400182,-0.5865715308933498,1.1811442560201193,-0.47959597592452885,-0.6199618929010294,0.8147512531454674,-0.5719058424812569,0.010869283020880591,0.40213734671287027,0.38230538697585253,-0.1442443005941217,1.271244187688984,-2.804217510821651,-0.1617622226267481,-0.3957029110430565,-0.9547539285507511,0.3231512895964974,-0.38840286023597914,-0.336631265609565,0.23278671193188222,2.354
1.5397939378258931,1.1309700833246523,-0.9626873690313258,-1.231921636477495,-0.47959597592452885,-1.2059017726257244,-0.8471204804203554,1.0081202206720792,1.674596339633846,-0.7396511716955708,-0.7239705000465118,-0.4338672583669754,0.6960657685004731,0.747178315196858,1.4835373552456659,0.34037127884618784,0.4586272460348756,1.1247230300415934,-0.7537705614489719,0.03167875402185341,0.5576837706038975,2.584
1.5432580411730832,0.7058623000552632,-1.1303534655506642,-0.34909265141739215,-0.47959597592452885,0.11129107699538965,-0.7199587910446068,-0.4887465759995023,0.9818772522835619,-0.03920235491632773,-0.5293478902925784,-1.3550291657278573,-0.48528870923401457,0.44361502052473717,1.0185954193483235,0.45627246344200884,0.76606967676045,0.7899489502086413,-0.8047521011531105,0.1749104283229601,1.018631472594819,2.625
1.546722144520273,-0.8111890049453023,1.084047412803847,0.2284246429760919,-0.47959597592452885,0.8144189326650235,0.9331431708401299,-0.06316680047522916,-0.7959682666963577,-0.5090155856828932,-0.5242262426674732,0.7728950656865817,-0.5300630771947965,0.14889337521199758,-1.2106211352571166,0.9280106182881529,-0.5277505525430088,1.308613017555468,0.8372783234843513,1.120239478710266,-0.7886084162682656,2.869
1.5501862478674628,-0.035992458983474945,-2.1892177327583817,-0.6580827961884285,-0.47959597592452885,0.4909801190569919,-1.1058287450123971,-1.2371799743352931,1.638558930465334,1.034249693562431,-0.5139829474172672,-0.9728877631108975,-0.9433649352943262,0.22257378654018214,1.0765174787025378,-0.9752088340221579,0.9582211959639338,0.643779985774536,-1.3251886522995244,-1.0814359719753215,1.1851412151642267,2.576
1.5536503512146527,-0.29439130763741744,-1.36448179852812,-0.08792241000377775,-0.47959597592452885,-0.8355877686397173,-1.833719794542546,0.8026679152465679,0.7796673452824675,-0.09045470736358946,1.647352350376425,-1.922207458033029,1.3194627378005965,-2.633278956540263,1.5289357260908611,0.002834495637307189,1.4492750783728374,-1.0536660528150785,-1.9412155903911985,-0.37346226757270734,1.8633638251420583,2.682
1.5571144545618425,0.9225839150553439,-0.6892858963286199,-2.065091491127967,-0.47959597592452885,-1.4168401293266144,-2.5835352732754098,2.808273753924177,2.117055641091686,-2.22596939266616,0.3874270346009555,0.1292884928580179,-0.9330323888418375,0.9741139820876672,0.8401328580947981,-0.8084737965334343,-0.6985519029461058,0.44102948672077635,-1.042665953105757,0.0685097559849948,1.25824305336543,2.378
1.5605785579090323,-0.7278345376375789,0.07049830681757291,0.7489258987511116,-0.47959597592452885,0.026915734315033593,-0.3340888370768164,-0.29307771368949165,-0.6558227865965893,1.3987108665207368,-0.3449685757888511,-0.17642462923554988,0.0037851561837629177,0.028057500633774667,-0.3558793945165476,-0.45060347216739266,0.8472003182019211,0.21470334824216084,-0.07614092954813063,-0.8563576266450106,0.06830757597917447,2.421
1.5640426612562222,0.12238102890119947,0.12034498416116002,-0.012514100863228243,-0.47959597592452885,-0.816837692488527,-0.33847372291736,-0.10719229449498152,-0.27742999032721444,-0.18441735351690233,-0.7495787381720289,0.2620323485039092,-0.4646236163290373,0.24320430171207424,0.07931878117187398,-0.11103333484279518,0.023083802506978637,1.1011473906167377,-0.2163401637345117,-0.4921399405650528,-0.09820216659023333,2.636
1.5675067646034122,2.0478692237096094,-0.6122501222521667,-1.7266737135215946,-0.47959597592452885,-1.3090271914572704,-2.8247039945052794,1.5119675411203566,1.0759749317791205,-1.0443179334654042,1.2888370166191783,-2.296303778489632,-0.6299443595688491,-0.994626608601432,2.180167528559866,-1.5160810288026523,2.3929525393499476,-2.2230177682879244,-2.8928709982017846,-1.3269759850629337,3.2868190634488252,2.213
1.570970867950602,-1.6614045714840808,0.02065162947398579,-0.6452082068229675,-0.47959597592452885,0.29410431946949445,-0.6892645901608058,-0.058275078917478886,0.3812537661416972,0.2910905830771365,1.5858925788751823,-0.6913098874984009,0.689177404198815,1.5900822207912926,0.8996203785126399,0.42983885993769916,0.3604164695530949,-0.27566995179483833,-0.22058862537652327,0.12580242570543768,0.6734283477558028,2.474
1.5744349712977919,-0.7445054310991236,0.01158859722969753,1.2179287970642911,-0.47959597592452885,0.415979814452231,2.029364630975897,-0.03870819268647781,-0.8640389284591025,0.10031793785677368,-2.070963825448741,1.2918028650296112,-0.44395852342406156,0.3493040940246605,-1.227841206957018,-0.3570691828444495,-1.7874105117658483,0.8653909963681798,2.0332202757106006,0.12171009215397792,-2.3115633787933367,2.324
1.5778990746449817,-0.6694864105221726,-0.023153026373408925,1.1627519854980342,-0.47959597592452885,1.137857746273055,0.9287582849995863,-0.8947594652927744,-0.5657292636753096,1.1225176338882703,-1.3897846913099707,0.43097907387140727,0.8648306938911154,-0.8030575391481504,-0.5202528061974264,0.7104417279065268,-0.9889141986313703,-1.0159450297353094,0.4464198524192893,0.35497310458720915,-0.7561187104010642,2.838
1.5813631779921715,0.18072915601660583,-1.2829145083295221,0.7820319856908651,-0.47959597592452885,0.026915734315033593,0.047396231050430324,0.2743619870095392,0.5574366554099774,-1.4258632239061302,-0.8110385096732714,1.1952618791053267,-1.6149804547060607,-0.7205354784605845,-0.925707221676927,-0.25540147705864263,-1.672119600243758,1.2567466108207859,1.8569091175671217,1.259378819459914,-1.6861365408497078,2.33
1.5848272813393613,-0.3027267543681898,0.5599020480091571,-1.1105326510317304,-0.47959597592452885,0.08785348180640186,-0.00522239903608654,0.2254447714320366,0.12698982367497444,0.14018087864908835,1.662717293251735,-0.6711971820975083,-0.09265194403946066,0.546767596384195,1.065559251257146,-0.5522711779531995,1.3894946057317537,-0.6340196710526462,-1.4186548084237787,-1.601162333010767,1.5811095054207454,2.307
1.5882913846865512,0.6475141729398567,-0.6046975953819264,-0.4061086900358566,-0.47959597592452885,0.8050438945894284,-0.39109235300387685,-0.10230057293723126,0.5894699080042103,-0.10753882484601004,-0.5703210712934045,-0.8884144004271485,1.4331207487779682,0.37877625855593383,1.3723896197281193,1.0581452816939863,0.5013275836356498,-0.7094617172121847,-0.35653939792089256,0.40817344075619133,0.7444995793403062,2.568
1.5917554880337412,-1.0112397264838382,0.4435931342074536,-0.8291309120438234,-0.47959597592452885,0.32222943369627977,-0.4437109830903937,0.16674411273903336,0.37925168785455765,0.17719646652766627,1.1351875878660709,-1.7251029451042814,0.7615052293662323,-1.2628233058360228,1.1187849274204782,-0.062232836065609476,2.6662346999949027,-2.024982397119136,-1.8201344335938696,-0.8972809621596126,2.040026600794967,2.324
1.595219591380931,-1.6697400182148532,0.055393253077092246,0.31118986032547646,-0.47959597592452885,-0.27777300314180775,-0.4217865538876779,0.8515851308240705,-0.337492338941401,-1.6536514570050709,-1.4819743485618355,1.3159381115106825,-0.4611794341782083,0.04574079935253839,-0.7582028878687934,0.5660735856906811,-1.6891997352840675,0.6720707530843629,1.3237271814946732,0.9647308037547792,-1.4424637468456962,2.54
1.5986836947281209,-0.11934692629119834,-0.7406430790462549,-0.10815390757807199,-0.47959597592452885,-0.24496036987722483,-1.3031486078368348,-0.7871415910222685,0.2371041294676496,0.5473523453134452,-1.3539331579342453,-1.105631618756789,-0.9468091174451552,0.7029700683999467,0.3955419160246119,-1.0606097068822355,0.3219861657123981,-0.3888330210341461,-0.4415086307611235,-0.9013732957110724,0.36680674863408846,2.26
1.6021477980753107,0.34743809063205255,0.19889126361166118,0.1346240633134557,-0.47959597592452885,0.7956688565138332,0.31925915316410075,-0.81649192036877,-0.5697334202495886,-0.6229097022323635,0.10061476759515733,-1.6848775343024962,2.3871592045577152,-2.005521852024128,1.2221053576198875,2.2984912922808327,0.18107505162984314,-0.6953163335572717,-0.9598209510865319,1.8527671844216431,0.8622747631089118,2.921
1.6056119014225005,1.3060144646708716,0.25931147857358516,0.27072686517688793,-0.47959597592452885,-0.5027739169560906,1.003301344288819,-0.09740885137948098,-0.4255837835755411,0.1828911723551398,-0.8776199287996168,0.8654135105306878,-1.3325575183380494,0.5497148128373235,-0.9288381438041818,-1.3188456795781853,-0.19895795301704725,0.5259017886502572,0.38906562025213337,-1.3351606521658541,-0.6119456406153574,2.387
1.6090760047696904,0.33910264390128025,-0.8705465412143919,-0.16149149209211972,-0.47959597592452885,0.861294123042999,-1.0532101149258801,-0.21481016876548742,0.8076964413024211,0.8206982250321742,0.24914254872315938,-0.8964594825875056,-0.013435754570385296,-1.2687177387422797,0.7759489544860739,-2.1403207423275075,0.8386602506817662,-1.171544249939358,-1.769152893889731,-2.3173207045163022,1.2237227408815285,2.099
1.6125401081168802,-0.4861065824451811,-0.7421535844203035,0.1714086043576275,-0.47959597592452885,-0.0996472797055005,-0.7813471928122098,0.3770881397222948,0.07293370992220662,0.453389699160132,-0.032548070657533526,-1.439502528411606,0.7856145044220371,-0.6615911493980353,0.9403223661669525,1.113045842818324,0.7233693391596757,-0.9735088787705695,-0.7049132525658393,0.2976804348667654,1.1181311968131236,2.466
1.6160042114640703,0.2974254102474186,-0.3856743161449528,-1.003857482003635,-0.47959597592452885,-0.6668370832790051,-0.12799920257129255,0.8662602954973213,0.8157047544509793,-0.571657349785102,1.2324988927430387,-0.6390168534560801,0.2724313639484564,-0.6851688810230545,0.9340605219124429,-1.1724441832466228,-1.117015211433693,-0.3794027652642038,-0.6709255594297469,-1.126451641041384,0.14953184064717828,2.109
1.61946831481126,1.0892928496707905,-2.030614668483331,0.485916430285288,-0.47959597592452885,-1.1027763537941782,-1.0444403432447942,0.9983367775565787,1.087987401501958,0.21421205440624388,-1.015904414677413,1.1550364683035412,1.1334769016558075,-0.4552859976791196,0.14663360690785282,-0.6356386966975603,-1.2237660554356287,0.10154027900285362,0.2042575388246313,-1.073251304872401,-0.3804564863115465,2.322
1.62293241815845,-0.42775845532977474,0.1943597474895174,0.5925915993133851,-0.47959597592452885,0.5472303475105627,-0.6059517591904869,-0.34688665082474457,-0.7479183878050085,0.12594411408040454,0.2593858439733676,0.40282128631015757,0.30687318545674974,-0.9268406301795004,-0.4764198964158587,0.7450087478737002,0.06578414010775277,-0.12007073159079072,0.2276240778556948,-0.3407235991610257,-0.13678369230753512,2.753
1.6263965215056397,-0.47777113571440877,-0.6167816383743112,-0.8585585448791602,-0.47959597592452885,-1.1637141012855463,-1.5136231281829022,0.949419561979076,1.061960383769144,-1.1838382262385054,1.00202474961338,-0.09999634871215791,0.5686310289197852,-2.1882492721180244,1.024857263602833,0.14516928373743784,0.4415471109945659,-0.2379489287150691,-1.3506794221515939,0.5432204479543776,1.3983549099177368,2.57
1.6298606248528296,0.9809320421707503,-0.9067986701915463,-0.17804453556199729,-0.47959597592452885,-1.2574644820414975,-0.8997391105068722,1.5168592626781068,0.9278211385307941,-1.0898755800851925,0.14158794859598564,0.07699545881569711,-1.0225811247634016,-0.11340888911634034,0.07618785904461914,-0.4526368262831077,-0.8437330507887381,1.025705344457199,0.07255522792227331,-0.8563576266450106,0.23075610531518212,2.473
1.6333247282000194,-0.80285355821453,-0.9717504012756147,-0.35093187846960133,-0.47959597592452885,-0.8402752876775148,0.10439974697748977,0.8662602954973213,0.9598543911250269,-0.39227411621968605,0.14670959622108862,0.13733357501837495,-0.347521423200838,0.36404017629029717,0.6021827764234308,0.8039760172294682,0.2750157943515465,1.5962358185387084,0.2361210011397179,1.9755371909654484,-0.3743646664614462,2.783
1.6367888315472092,0.5391533654398164,-0.7134539823133895,0.37004512599615,-0.47959597592452885,-0.7793375401861464,-0.34724349459844617,0.32327920258704185,0.09295449279360213,-0.08191264862237918,-1.574164005813698,0.024702424773376315,0.6202937611822252,-1.2687177387422797,0.12784807414432384,0.8426097454280752,0.21523532171046256,0.16283694150747813,-0.2099674712714944,0.9319921353430975,0.062215756129074186,2.399
1.6402529348943993,0.7058623000552632,1.3695329284989377,-0.08056550179494436,-0.47959597592452885,0.4722300429058017,0.17017303458563635,0.11782689716153065,-0.505666915061123,-0.5374891148202608,0.2645074915984706,0.567745470597477,0.4446404714899263,0.5290842976654313,-0.432586986634291,0.7348419772951215,-0.6473114978251767,0.521186660765286,0.646097549593832,1.0424851412325236,-0.7134759714503622,2.593
1.643717038241589,-0.9278852591761151,-0.3071280366944516,-0.5900313952567123,-0.47959597592452885,-1.3277772676084607,-1.0707496582880525,1.4679420471006042,0.8957878859365612,-1.0386232276379306,0.7561856636084102,-0.09597380763197938,1.6604367707327088,-1.1095680502733996,1.0107681140301863,2.387958873372344,0.9923814660445532,-0.32282123064454993,-0.7495220998069604,1.6522428404000935,0.9089787152930138,3.107
1.647181141588779,0.1974000494781505,-0.8222103692448527,2.4722816466705195,-0.47959597592452885,0.7206685519090722,0.6481255912048307,-0.19524328253448633,-0.8360098324391487,0.404984699626607,-1.9173143966956356,1.2274422077467548,0.7442843186120857,-1.389553613320501,-1.4830113603282868,1.2452138603398726,-0.9590239623108285,0.4976110213404302,2.1266864318348544,1.1939014826365506,-1.8343708238688148,2.658
1.6506452449359688,-0.0943405860988813,-0.05034212310627505,0.5502893771125874,-0.47959597592452885,1.1894204556888284,0.8015965956238377,-0.7724664263490177,-0.37953598297133145,0.6356202856392845,0.059641586594329034,-0.3091684848814411,-0.20286577286600188,0.39351234082157044,-0.266648113889785,-0.5339709909117535,-0.13917748037596353,-0.7660432518318385,0.34445677301101213,-1.3392529857173148,0.08658303552947534,2.297
1.6541093482831586,0.405786217747459,0.02065162947398579,0.33877826610860406,-0.47959597592452885,-0.6433994880900172,-0.6234913025526592,0.9885533344410781,0.02888798760513655,-0.6371464668010474,-0.9595662908012734,0.6160159635596193,0.7890586865728676,-0.6262245519605079,0.20925204945294948,2.131756254792111,-0.7284421392666476,1.2190255877410165,0.6397248571308145,2.380678212560009,-0.7520574971676639,3.098
1.6575734516303484,-2.703335412830623,0.21701732810023838,0.8739933383012921,-0.47959597592452885,0.19566641967574572,0.5779674177561416,-0.850733971273022,-0.7559267009535667,0.7068041084827036,-0.12473772790939835,1.328005734751218,0.1553291708202571,-0.6822216645699287,-0.9617128261403575,-0.346902412265869,-1.0999350763933833,-0.025768173891367596,0.8415267851263628,-0.45121660505045075,-1.2089439859251854,2.457
1.6610375549775385,0.48080523832440997,-2.518507904300867,0.23762077823713446,-0.47959597592452885,1.2925458745203746,-0.06222591496314696,-1.2665303036817948,1.6866088093566831,-0.1189282365009571,-1.0671208909284495,-0.9366848933892907,-0.5541723522506028,0.5880286267279793,0.7602943438497998,1.1211792592811878,-0.7754125106274993,0.7380825434739586,0.4974013921234279,1.6931661759146948,0.050032116428873605,2.722
1.6645016583247283,-1.0195751732146106,-0.9098196809396422,0.9861861884860135,-0.47959597592452885,2.8769273092959495,1.64787956284865,-2.430760034426358,-0.019161891286212672,2.5974464432039124,-0.8007952144230654,-0.7355578393803646,0.6581797648413492,1.3543049045411009,0.27969779731618316,1.5217500200772665,-0.6515815315852541,0.1958428367022762,0.7395637057180856,-0.29980026364642365,-0.6992617251334615,2.881
1.6679657616719181,-0.10267603282965365,1.1580621761322039,-1.9492201868388288,-0.47959597592452885,-1.46371531970459,-0.7111890193635206,0.509164621781552,-0.1913406239802139,-0.7453458775230444,3.14799510453176,-0.9567975987901833,0.5617426646181272,0.3257263623996413,1.4882337384365483,0.1512693460845865,1.0350818036453275,-1.5298939691971647,-2.002818284200366,-0.2834309294405828,1.8471189722084576,2.355
1.671429865019108,1.7727994815941224,-0.335827638801365,-0.8861469506622878,-0.47959597592452885,-1.1027763537941782,-1.1935264618232586,0.5678652804745551,0.5794595165685126,0.4590844049876055,0.6691176539816507,0.2137618555417669,-0.5920583559097252,1.5399795410881272,0.2765668751889283,-1.1012767891965576,1.3297141330906697,-1.4073006441879148,-0.94070287369748,-0.6722026168293018,0.866335976342312,2.147
1.6748939683662978,-0.5944673899452215,-0.9385192830465562,0.2872799086467655,-0.47959597592452885,0.8753566801563917,0.2534858655559542,-1.7801610672455725,0.2771456952104406,1.90553968516588,-0.9800528813016876,-0.41375455296608277,0.5789635753722738,0.9475890340095209,0.5708735551508826,0.8283762666180629,0.8429302844418436,-0.35111199795437686,0.021573688218134737,-0.905465629262533,0.5048879985696949,2.703
1.6783580717134876,1.1393055300554247,0.9798225419945285,-0.22218598481500246,-0.47959597592452885,0.969107060912343,-0.39547723884441943,0.4308970768575477,-0.40155884412986653,-0.534641761906524,-0.48837470929175014,-1.222285310081966,-0.5920583559097252,-0.5201247596479204,0.2515194981708897,0.031301453257335486,1.4023047070119856,-0.05405894120119453,-0.42876324583508885,0.690544455806945,0.4561534397688926,2.592
1.6818221750606774,-0.5861319432144492,-0.7874687456417468,0.37004512599615,-0.47959597592452885,0.12535363410878234,-0.11484454504966382,0.30860403791379104,0.19506048543771912,0.04052352666830164,-0.9083498145502392,-0.9085271058280412,1.0163747085276083,-1.5457560853362529,0.6209683091869598,0.17363624135746253,-0.5064003837426216,-0.8414852979913771,-0.8408640251102086,-0.28752326299204256,0.3891434214177895,2.528
1.6852862784078675,-1.2279613414839192,-0.28749146683182647,0.033466575441986106,-0.47959597592452885,0.05504084854181895,1.1830816637510844,-0.557230677808006,0.4012745490130927,0.10316529077051043,-0.08888619453367301,-0.1965373346364425,-0.24419595867595484,0.09289626260257673,0.06209870947197239,0.30987096711044454,-0.8266529157484284,0.6249194742346514,0.4974013921234279,-0.02152158214712971,-0.66880262588296,2.642
1.6887503817550573,0.8308940010168482,0.3620258440088559,-0.37116337604389393,-0.47959597592452885,0.22379153390253106,-0.9172786538690445,0.5042729002238018,-0.27142375546579584,-0.7709720537466752,0.08012817709474318,-0.7596930858614358,-0.7711558277528547,-0.5260191925541745,0.030789488199424044,-2.0366196824259837,1.7140171714976378,-0.8367701701064054,-1.0851505695258723,-1.392453321886297,1.1567127225304252,1.744
1.6922144851022471,-1.8614552930226167,0.24722743558120036,-0.34173574320855715,-0.47959597592452885,-0.05277208932752491,-0.6322610742337453,0.5385149511280536,0.1630272328434863,-1.7760876322957517,-0.27838715666250335,0.37064095766872934,-0.843483652920272,-0.6586439329449095,-0.3730994662164492,0.28343736360613486,-0.8992434896697445,0.22413360401210314,0.5080225462284566,0.41635810785911265,-0.42106861864554845,2.565
1.695678588449437,-1.1446068741761959,-1.4067759490014673,-0.6323336174575084,-0.47959597592452885,-0.9105880732444781,-0.7725774211311236,0.8466934092663203,1.850779228902126,-0.11608088358722034,-0.3859417567896794,1.0866532699405067,0.33442664266338507,0.9475890340095209,0.43780936474255217,1.1191459051654729,-1.087124975113151,0.6815010088543053,0.18301523061457356,0.6046054512262812,-0.059620640872931514,2.701
1.6991426917966268,-0.2277077337912387,0.45869818794793427,-1.1988155495377408,-0.47959597592452885,-0.4746488027293052,-1.0926740874907674,0.6950500409760622,0.2971664780818361,-0.8820188173824088,0.3413322059750242,-0.44593488160751094,-0.4267376126699134,-0.5761218722573412,0.6820212906684291,-1.1033101433122743,1.193073052768192,0.30900590594158395,-1.1786167256501263,-1.3719916541289963,0.7038874470063043,2.316
1.7026067951438166,0.2724190700551016,-0.37812178927471246,-0.1339030863089921,-0.47959597592452885,-1.1637141012855463,-0.07976545832531924,0.09826001093052956,0.7636507189853511,0.14872293739029865,0.013546757968397754,0.6321061278803334,-0.1064286726427783,0.45540388633724677,-0.003650655200379048,0.27530394714327117,-0.19895795301704725,-0.5208566018133385,0.5250163927965027,0.28949576776384583,-0.27486494224314156,2.56
1.7060708984910065,1.2560017842862374,-0.2784284345875376,0.77467507748203,-0.47959597592452885,1.137857746273055,1.5031783301107282,-0.5132051837882536,-0.15330113652456243,0.6156888152431271,-0.9390797003008593,0.7889852300072958,-0.39918415546327807,2.264994788557466,-0.7582028878687934,1.1252459675126179,-1.087124975113151,1.6811081204681892,1.3173544890316558,1.3371331569376566,-1.2515867248758874,2.939
1.7095350018381965,-0.3027267543681898,0.6943370262994378,-0.13758154041340878,-0.47959597592452885,-1.454340281628995,-0.737498334406779,1.9326555950868796,-0.25340505088153986,-1.0300811688967204,-0.4986180045419561,0.5959032581587266,-0.4129608840665957,-0.11930332202259579,-0.6126150089514438,-0.26556824763722314,-0.48932024870231194,0.29957565017164167,0.597240240710699,0.5923284505719001,-0.5936701810650564,2.43
1.7129991051853863,1.76446403486335,-0.039768585487938185,1.32092551198797,-0.47959597592452885,-0.8684004019043001,0.81913613898601,0.709725205649313,-0.6938622740522407,-0.10469147193227328,-0.46276647116623076,1.4808622957980018,0.6271821254838863,0.11942121068072296,-1.069729639530649,2.3005246463965516,-0.8650832195891252,0.8936817636780068,1.79743065457896,0.6414364531894226,-1.7856362650680124,2.782
1.7164632085325762,1.3560271450555053,0.13696054327568927,0.6588037731928921,-0.47959597592452885,0.256604167167114,1.1874665495916281,-0.6893071598672632,-0.2273780331487258,0.7552091080162285,0.4284002156017838,0.004589719372483708,0.3619800998700204,0.17836553974327088,-0.36527216089831205,0.004867849753025818,-0.8181128482282735,-0.2473791844850114,0.6184825489207567,-0.07062958476465217,-0.5896089678316564,2.542
1.719927311879766,0.7058623000552632,-0.08055223058723704,-0.12470695104794954,-0.47959597592452885,0.7206685519090722,-0.2025422618605243,-1.1246703785070369,-0.07522008332612004,1.0314023406486943,-0.4422798806658166,-1.12976686523786,-1.2946715146789256,0.37877625855593383,-0.06940001987273058,-2.9414622639196684,2.252041425267393,-0.8320550422214348,-0.9237090271294337,-2.517845048537852,0.9374072079268151,1.846
1.7233914152269558,-0.20270139359892167,-0.1953506390148919,0.377402034204985,-0.47959597592452885,0.4347298906034212,-0.28585509283084315,-0.8409505281575214,0.128991901962114,-0.005034119951486569,-1.6817186059408717,0.8935712980919375,-0.16842395135770852,1.454510263947433,-0.5813057876788955,0.19193642839890854,-0.6985519029461058,1.171874308891305,1.21963987126539,1.0302081405781425,-1.1642706403577832,2.472
1.7268555185741457,0.4141216644782313,-2.260211485338642,-1.7763328439312247,-0.47959597592452885,-1.388715015099829,-2.728236506013333,1.3309738434835967,2.561517020836666,-1.9497761600336943,0.4540084537273009,-0.4298447172867969,0.22421281383684386,0.5880286267279793,2.0064013504972227,1.2248803191827116,-0.39537950598060884,1.6339568416184778,-1.1106413393779415,2.1555998672296974,1.2176309210314282,2.788
1.7303196219213355,1.8311476087095289,0.04784072620685192,-0.8824684965578711,-0.47959597592452885,-1.3699649389486388,-0.7243436768851493,1.6195854153908624,0.3772496095674181,-0.5204049973378403,1.7856368362542199,-0.38559676540483306,1.5261136668503628,0.5320315141185584,1.2142780523017505,1.1781131745212408,0.48851748235541753,-0.37468763737923316,-1.2890767283424267,0.18309509542587962,1.47145674811894,2.539
