0,1,2,3,4,5,6,7,8,9,10,11,12,13,14,15,16,17,18,19,20,x20
-2.1676223443288483,1.2352031118546132,2.2232030278118176,3.3760998735254657,-0.35844061552590695,-0.5275569608050221,-1.246115301291255,-1.5472131122332278,-0.8400358825897987,-1.3480540384363617,-1.2005339739273624,1.668850150411048,4.60675832036175,2.4094054550974917,1.1272770521577704,3.183964643905165,-0.9003175157055755,-2.6188195324519,2.0450431009794463,-2.849077534700475,-1.7138496705343509,-0.054
-2.149892741672655,1.7485865758873569,1.9154012539544618,2.762301669012888,-0.530694257434025,1.4745402439454944,0.6186299306901252,0.3115861108359497,2.8658469380855416,-2.7777379864838974,-2.971149835114038,1.3389954708767915,4.60675832036175,2.948511705592047,0.6646534296502695,2.766515063228693,1.5407987033433332,0.03198526367193605,-0.5179361690985761,-0.4962240722446705,-1.1363404775084691,-0.249
-2.1346806654853125,-0.38755671445955564,0.9332953337323355,2.1373289663930004,-1.47874067793903,-0.5056305475288675,-0.45079105600030595,-0.021019873697635187,1.3762470317024917,-0.9870115727190159,-2.762367493299258,-1.1133020021378315,4.60675832036175,1.6307283681713616,1.0754277806431916,0.40724876411818267,1.3211545881442188,0.5760385238494135,-0.008484634293786764,-1.6244462382333171,-0.22270750835383196,-0.247
-2.12090290989642,-0.9122935900247918,0.4746732355594713,1.2261075508103452,-0.19063845533047524,0.049795254392273745,0.5251479048123072,0.38406691237314516,-1.1981462210902798,-0.4809388629119664,-1.6892063847914065,-0.13131049926191138,4.60675832036175,1.3805958555450653,0.3445460918175625,1.1685313451141663,0.8794538728674357,0.030502867997310723,0.3786504702907715,-1.228724030661775,0.5831173073236042,-0.355
-2.1081020762559275,1.544074228734531,1.1525106974200503,2.2008189037348043,-0.4660813134823403,2.314548714009008,1.4442798447915643,1.2911123582839346,0.8276576060135133,-1.5112092331855556,-2.564894042851127,0.7607490895098309,4.60675832036175,2.926595268791006,0.3947892893599507,2.2791784839870726,2.46968171113487,1.0612844139241622,-1.7051619772890465,-0.1284618482024042,0.41941193233171536,-0.115
-2.0960295081518927,-1.6662739178064188,0.8992387009550731,2.3516860138470266,0.2304013532676495,-1.5070756196578934,-0.30111150671471926,0.4155915859545348,0.2295728189388895,-0.7426186468695877,-1.9861934356812865,-1.6712668770722265,4.60675832036175,2.5268181397671827,-0.46006401563212196,0.7135979558558362,1.7225188563282092,0.4869872278326067,0.17215713121786097,-0.9870302934130276,0.4893541121678949,-0.513
-2.084530736762049,-0.3382483384860107,2.835582517020404,3.7654377563238848,0.5499039689494559,0.34939909797228225,0.75394660512363,0.1268530058463762,-0.9410220321303909,-2.1411061880615794,-3.483469826879528,-0.07740440747390104,4.60675832036175,5.6821757113807285,2.377609520452002,3.6793236912553353,3.7273969968014478,0.38593672017486214,-0.34815609752972787,-0.003055958662173838,0.7092413892625976,-0.096
-2.073501376838326,1.557926640881126,1.562353115977914,3.029872322323469,-0.37781157780491836,1.8178673920092583,0.75394660512363,-0.8804097265203392,-0.8935333735626879,-1.6336171654188059,-3.1218751772228117,1.3046227415594114,4.60675832036175,3.672264270093498,1.0926984916140416,3.364310617943343,0.693633222997724,-1.4582512094211744,0.3205694272157759,-0.7230244865135111,-0.8963161792388009,-0.088
-2.06286664706095,-0.8596093345682863,2.050931011859416,1.4207577677893721,0.440598677814666,-0.9734230761801546,-0.8371223875336904,-1.4694893737474195,0.4986231254504365,-1.7502288504813597,-1.5263551718999706,-0.6073268444379478,4.60675832036175,1.3563213359113868,-0.2006668801425886,1.586369741163279,-0.09348486895972817,-0.9750113101105355,1.157703883514357,-0.7899930426782942,-0.6331204433261417,-0.273
-2.0525706193346416,0.8389267680904151,2.0151922011546315,2.4254458149734734,1.5994425461605768,1.3868778653622416,0.9722272926945278,-0.941657519975595,-0.32813428159186764,-2.766048788325692,-1.781441771232296,1.1775922333872388,4.60675832036175,3.5861702671882454,1.1619051091776105,2.8127993115711885,1.4183708982664773,-0.9219283205592204,0.5443090240695644,-0.366519315308623,-0.8349679077364565,-0.19
-2.042570059075063,-0.008777516278213148,1.2145549190262166,1.8377343987634445,-0.14978500320221236,1.3430459993877122,-0.047530342455112985,0.5004257974492023,1.7823727785794883,-0.7717050959598374,-2.999907344277582,-0.28245678958916154,4.60675832036175,2.1649742475617253,1.9183317674515792,1.3245940729768892,1.270241796748862,0.38153570404941195,-0.6124802293064016,-0.4251687416730458,-0.34638351165156905,-0.452
-2.0328306553191,0.5923271968196178,-0.14952272523982174,-0.04584058426750578,0.933103441688629,0.40785569627933027,1.8718804114545755,1.6773754432635593,-1.5990652813162063,-0.7658876330878404,-1.9814933794254508,0.12437767009771089,4.60675832036175,1.1754379024001447,0.012477359712638907,0.6657299681939916,1.5407987033433332,0.9839482381764957,-0.9969690852642701,1.0091412902328012,1.7837520781079017,-0.047
-2.0233245911616993,-0.6172728458070537,0.43467902223324956,1.8156589538978907,-0.2228970853029162,-0.9661133429245116,-0.565751492967628,-0.4527110405460184,1.0223201878988002,-1.0568657050155783,-3.0326339143870724,-0.02353872380335503,4.60675832036175,2.0818561636958726,-0.06975357136737746,1.3217536546418178,1.1772904369734063,0.15776460762162475,0.682021223104073,-1.8861540981760907,-0.8320556616857467,-0.463
-2.014028911439718,-1.0295306683537488,1.008406295875807,1.403698933810142,0.9437976394774075,-1.3169979800607514,-0.7924787752881544,-1.609900385470196,0.9079125819754263,-1.2839748564919342,-1.4108098955788242,-0.6100394850628477,4.60675832036175,2.4546689345884842,0.7071082656378738,1.7747166714630382,-0.6247082410697448,-2.5565014371236177,2.700183837775069,-2.4006782924733194,-2.471382161079341,-0.184
-2.0049243877827094,-0.6755761998461993,1.6255150476907245,2.4162039962078645,-1.6802178108109833,-1.2219631790643573,0.16060195510914352,-0.3757608357695231,-0.7268477986716934,-0.22524833727345006,-2.0049647788350375,-0.23114099599700932,4.60675832036175,2.309359015431964,0.46195544900782426,2.000758517494153,1.087199020866629,-0.2985391763620795,0.9230637449998244,-2.365979236794154,0.1559792308262735,-0.289
-1.995994706444346,0.5411204540756073,1.4574612929669402,1.4335684691420738,-0.029423148917211324,1.4891504655889745,0.026365339694045562,0.1932142674856322,0.31196859736587046,-1.5928105946602304,-0.6908890621644163,1.111356741810127,4.60675832036175,1.358750580365452,0.2777305676486208,1.6291357013889762,0.5527028470150421,-0.1478153163857424,-0.1267409682302131,-0.41293858912264786,-0.34084979858215625,-0.018
-1.9872258726985996,0.06031328626931024,0.6488680169060743,0.9037071940025343,1.8679918753978169,-0.9441842348521662,-0.5214852556859754,-0.1731072938390146,0.22652377768042437,-0.5216328947265171,-2.2266786124052036,0.11094398276687169,4.60675832036175,1.4531817896776396,-0.045117386988158176,0.9223416641356087,0.23301467106315576,-0.3973341930939597,0.32917379241704336,0.06181536983653604,-0.4493744845377508,-0.117
-1.9786057647286013,-0.23108620245444542,3.19954486020069,1.697130405270783,-0.13688564482742707,-0.6079549426435379,0.875920117705563,0.07803151461710926,-0.24974439075155327,-2.964804332729983,-3.225935054225129,-0.037001318116833035,4.60675832036175,3.8202969820585446,2.4230629750681434,3.0736105899558086,2.5064732302742123,0.6153671079895813,-0.6146288130579121,-0.4104932880856235,0.5215816187706308,-0.434
-1.9701237932794458,1.3356677078965893,0.09128519057175107,1.0802471597192607,0.3955741645531752,0.38593457382411395,1.3456043083296403,-0.5034111706668964,0.05000874499460765,-0.7717050959598374,-2.162679220554066,1.72941944423674,4.60675832036175,0.9098747590073143,-0.5003014638264168,0.8263565262676817,0.24523204804608634,-0.5534772263506175,0.2904547936588284,-0.366519315308623,-0.5168029710670108,0.241
-1.9617706377639896,1.0446373970572107,1.1456274509431958,1.1092639463101952,0.316221739361529,1.1165741058005827,0.6482968270351959,0.41844633356974115,0.8708574008858181,-0.969549941195014,-2.285624384888105,1.127257947096083,4.60675832036175,2.0308388609057277,0.8862680148918757,1.4952151604538488,1.2537608900035295,0.25216887129944543,-0.6511537388004888,0.19106757192898702,-0.4999000254658908,-0.075
-1.9535380386916263,-1.7996695690292464,1.1525106974200503,0.9200056212066902,-0.7958343341091345,0.5978336696293198,-1.1197537902129822,-1.6414132689897274,2.1658313634574764,-0.9928322859305633,-1.7717844602621506,-1.6164349940497973,4.60675832036175,1.8955150585841967,0.40317411096385186,0.5644703046733299,-0.44733805069539023,-1.628455067841148,1.7994507918084013,-2.4434656511114183,-1.7642948881281992,-0.354
-1.945418632295214,1.0923766880838863,0.5749945342367474,2.1826476378082296,-0.046613302301538616,-0.0817455238990185,0.4227525061315573,-0.03040206264452817,-0.3160835305847798,-0.9113500216236988,-1.4813445465694628,1.5924264635138712,4.60675832036175,1.9165926326662872,0.6053475352397945,2.3482128444493373,0.6300344064239042,-0.3254599983126901,-0.06223961482934016,-1.1226725097242753,-1.1633403993798743,-0.035
-1.9374058172536814,-0.2860885006799943,2.644473224763582,2.3195417465167423,1.0400220476959061,-0.7102822379935657,-0.7701797761730644,-1.4039799666699568,0.07735618247977606,-1.977712143512075,-2.3126751714314566,-0.20414661175011548,4.60675832036175,3.70364971328742,0.07848888214140684,2.977889017049384,1.0811880037811377,-1.4888819025390403,1.0565223941219613,-1.0070757024110235,-1.335861309069769,-0.293
-1.9294936461598045,-0.7865124427110913,1.4993612807915335,1.5667770831031684,1.7167044563937575,-2.8013660565855707,0.593171307336783,0.6000144692797059,-0.20747610978992329,0.4827721959661486,-1.491369310616528,-0.7457803809752592,4.60675832036175,2.486275275441317,0.269392731938651,1.1543600795637161,2.022324020338094,0.7938197914932507,-0.44487099351743364,-0.45209652433758246,0.8492478865648387,-0.072
-1.9216767363016651,-0.5415666058380199,0.2820798852208226,2.546156990018419,0.08657233966890375,-0.5421746430932767,-0.6455888756272662,-0.5956944987472411,0.32418706844266504,0.5059617679249878,-2.98759665963183,-0.25814500937294516,4.60675832036175,2.148847616126039,0.5630797364431771,0.8912735982024274,0.24217800134842263,-1.2717619088224184,1.6379038365985616,-1.4934697912457326,-0.655981512541288,0.023
-1.9139501956876706,1.3384543144603827,2.338717464922271,1.8288995090858635,1.7806406255741596,0.2763271234613921,0.8129070265348244,-0.3957425205512785,-0.08648800666961111,-0.4983786295913482,-1.7669512696347451,1.5291331831320665,4.60675832036175,1.9025441679854451,-0.1271275970308359,2.541238674823583,-0.07964006848955192,-0.7116784180939698,0.3399293636002591,-0.08256840272509074,-0.7739849435838947,0.107
-1.9063095612260008,0.4613429004762522,3.3119506278085735,3.5945731451539578,-2.073016870456629,0.1594091097646923,0.5251479048123072,-0.8947744867710471,0.4649134424383327,-2.403828709467058,-2.263007497672994,0.016833595557920925,4.60675832036175,3.8472584887936385,0.7666758005172375,2.190095018167692,1.364546847820244,-0.8885907577858708,0.8003831055734596,-2.6641788485684486,-0.7855725127245479,-0.561
-1.8987507466863778,0.6122240479055467,1.1387463163925762,1.113415543241211,-0.4639279184379688,0.9485386289931457,0.2640627573146485,0.9468551974692351,0.7660024159942581,-1.3247513688988248,-2.8172276671832415,0.6915056961634582,4.60675832036175,1.4120933742600177,1.1272770521577704,1.4724434851694563,1.0887016782490686,0.5920678626247402,-0.7757537722017376,-0.5256867550574328,0.29017449326354067,-0.134
-1.8912699986030157,-0.4165824677283496,2.4111843173410534,1.2765633474458618,-1.2018125126885906,-0.3813833573005689,0.4313018042588861,-0.06494419553813723,-0.2376718819269092,-1.6394469948428454,-1.2212965685733492,0.11094398276687169,4.60675832036175,2.272817664277633,-0.05333260152979,1.932019404081607,1.231279685371442,-0.03478199423311501,-0.07514029124858067,-1.7044397441402916,-0.06857075619739111,-0.305
-1.8838638586755385,-0.12991707283589982,2.108221603160463,0.8145207036679502,0.3205118297451662,-0.06712965675600278,2.2573755708879415,1.8929028377014518,0.028749520478028943,-3.5147298679601127,-2.070302844666932,-0.9089439351063129,4.60675832036175,2.4749946514174717,0.5546355376038622,1.2734830151852021,2.7928549021671163,1.9291569667694315,-1.8402526452037886,0.36003395685311756,1.5244996729268405,-0.416
-1.8765291315262154,0.09482213164795202,3.0132311224489183,1.6491696773021662,1.6314289441273184,1.4453196510627877,1.726005145570013,0.7448523207941288,-0.364266240607493,-1.977712143512075,-1.8630439002061587,-0.3960124247574159,4.60675832036175,3.0641687462639684,1.2052597453668425,2.6942459963535623,1.5795683811034202,0.3639254762946234,-0.7542726212051658,1.0738993644380614,0.7689707681964822,-0.289
-1.869262856902714,-1.0471351648290872,1.3114077937326294,1.618748370607174,-0.3197044098659086,-1.1634815417188864,-0.41991371126264687,-0.6371308941251413,0.13514160309450832,-2.2753675034354983,-0.768049736435729,-0.582916977211571,4.60675832036175,1.0816787059775919,-0.6764016490578405,0.9082181532813497,-0.2893411453061258,-0.686027911526552,0.8692546298460911,-2.0799329587992887,-0.887529830821682,-0.194
-1.8620622855940179,1.5523862807620927,1.2421849949426835,2.0516546720797555,0.6120328819878844,-0.9880425886010552,1.0598362266378223,0.6380897143312079,-0.9736348181133926,-0.928809104333552,-2.121249007712536,1.5976990076667121,4.60675832036175,2.8165574173556145,0.269392731938651,2.624925366133677,2.0030686343185895,0.7011145563885677,-1.151559228327968,0.6149868109940355,0.6246291025497188,-0.14
-1.8549248584662879,0.8841108727726535,1.787700672591905,2.0966759537746373,1.8488199886864012,-0.1109774277945762,-1.0207898624863343,-0.7418547221301178,1.068767310555947,-0.6844522554641865,-3.4488968930417587,0.5287964952213825,4.60675832036175,3.8140688555067883,0.46195544900782426,2.541238674823583,0.7042255846697806,-1.4475343229001152,1.1878448895210794,-0.41538413318621853,-1.430785272880227,-0.14
-1.8478481881348472,-0.9240073462535918,0.8584406801825627,3.1169100604826867,-0.2228970853029162,-1.7117867930401869,0.6906132585080814,2.163379777411972,0.7999041783916409,-1.1966102188420924,-3.125905471302517,-1.739844570242476,4.60675832036175,3.770406169792216,0.02896135278690574,1.503756292085296,3.999666486814534,1.850754075123053,-1.5593073441667549,0.267357256157043,1.1547227478142217,-0.23
-1.8408300428751472,0.5382738140482816,1.1456274509431958,0.7341106573712383,1.8189939512845983,0.5613001491304976,0.5506793793320985,0.34652130415264054,-2.6217554970397576,-1.3014500116041303,-0.6798060558665033,0.8565217149413048,4.60675832036175,2.3730995465153684,-1.1799014092541145,2.604717527472445,1.234277663514776,0.15333299101171713,-0.22993244431428123,1.1960645155847378,1.3179161171205254,0.202
-1.8338683324447493,-0.43690961270645956,2.7104681482462305,2.205365629681648,-0.19278886834642348,0.8827837523023024,1.7178790784027371,0.6462009771697764,-0.3371701291381324,-1.6802580301967587,-2.0563489534992807,-0.7702360889234804,4.60675832036175,2.0401274057299763,0.3111132602679038,1.4013259405327332,1.2642492581668248,0.3639254762946234,-0.20843531871975318,-0.39827042486293224,0.35128715069666927,-0.338
-1.8269610955439468,0.7568958593921854,2.7104681482462305,3.390900850490618,-0.9447338982397623,-0.19136633374109963,0.10439074787121312,-0.9852021433867285,-0.8043285334294697,-2.269529222045368,-2.8214307063623387,1.3839246378500254,4.60675832036175,3.072863714214753,1.1705698542162324,3.0213858493094037,0.5329722715990677,-1.4858181007114304,1.1038827516044984,-2.0510162645417522,-1.467736258481534,-0.086
-1.8201064886876006,-1.4888005785294312,1.5413369308891651,2.0112694430394824,0.8924607325601195,-2.2382467450426735,-0.1565571521188336,-0.4258372136498787,-0.714913868450226,-0.8589773831816782,-0.7350706261876991,-0.6697393264664604,4.60675832036175,2.2247255577532705,1.4757807054376235,1.3842676623530712,0.11525785551415464,-1.3756302832717344,2.176476211442128,-2.2145218794670383,-0.9757269351649757,-0.269
-1.8133027762973384,1.137248746274699,3.0578289751127765,1.5581372570971905,-1.3640232070394334,1.1677139887776067,1.407318959162736,-1.1507814694557872,-1.0328555295456616,-1.8027144276937566,-1.8391329466608184,0.9920015950280368,4.60675832036175,2.3867242103469115,-0.33077097831903973,2.711584991726884,0.8734208503693003,-0.5113837408970369,-0.322363382268589,-1.1604920382391357,-0.004521284111671161,-0.165
-1.806548321853198,0.32710253474542633,2.1872140391945143,1.6927624719466787,1.322040381668802,1.3211298965681402,-0.06059124462201431,-1.0510008898811414,-0.2286153223571676,-0.36469427854803105,-2.3081734637732745,-0.36355121422287195,4.60675832036175,2.148847616126039,-1.0630718220810544,1.21106144133168,0.7223790164958425,-0.487348356556687,0.5873419758904472,0.07141194468622346,-0.06053689661475821,-0.218
-1.7998415799684044,0.025780006570075693,1.6255150476907245,2.3516860138470266,-0.5371567355711233,0.0424875525935375,1.0264973541448998,1.905162772377491,0.6398281483693448,-0.6321099548632527,-2.7198864115740684,-0.7593660546263962,4.60675832036175,2.9703980291145258,0.9462924098848235,1.4013259405327332,2.7092502405863748,1.4408344763920287,-1.2073737310048036,0.4050655397658551,1.3328561694646808,-0.267
-1.7931810892713405,-0.26002766105054137,0.994730705353439,0.2612538210752556,0.5863265613441138,-0.6371910156324198,-0.05623693070708162,-0.1731072938390146,0.8646839366779361,-0.17877800583115472,-2.2312293089217947,-0.5178585925717702,4.60675832036175,1.2294466225399778,0.6392179144713103,0.8828028185662612,0.6027541093636725,0.09271104209087341,-0.19553676417186167,-0.3226234828403783,-0.11693944931670634,-0.217
-1.7865654659956727,-0.5182926241675985,1.8160199952045553,1.7980268719262624,-0.369202025503564,-0.5641012768738974,0.16492097590686902,-0.0807182506432456,0.7505994947371166,-1.5986398649895612,-2.0423694267190777,-0.7892618354477181,4.60675832036175,1.6140234710274481,0.7411281838794148,0.6122690648629293,0.8900100857414277,0.2094245585517857,-0.15039018560257983,-1.4142303542756327,0.46944424277948554,-0.372
-1.7799933981937297,0.16376573878817086,2.115392312004148,2.833495027397304,0.440598677814666,0.11556394295273135,1.9928846492906482,1.3989278077312721,-0.5504554403179034,-2.345432752173576,-1.8773548431044473,0.04104575776679597,4.60675832036175,3.642917050464722,-1.0474399153240253,2.181479196209525,3.0519255618916756,1.1938257105455603,-1.364054915451826,0.5043366540362776,1.0923502673582377,-0.24
-1.7734636405000528,0.1867247742713531,-0.07174529851292812,-1.4561970370332296,0.12951690780628866,-0.6445000709450284,1.571206732133794,1.9928511958617936,0.03178596140415528,-0.2891545778992276,1.1198931313054608,-0.32569665968781014,-0.21707238158772646,-0.7863915292894255,0.18618691768313647,-0.35117697844190415,0.5982060000383597,1.5331992971206811,-1.3254252222863925,0.9349451377316733,1.5910751554201796,0.064
-1.7669750093820162,-0.6580790508825279,1.5273366432352884,0.23841670060085543,0.011397621518067398,-0.07443758326784047,0.1389962914251089,-0.18275226177887807,0.4710408319832774,-1.8260433951285076,-0.5230418710818409,-0.582916977211571,-0.21707238158772646,-0.04838373312502805,0.6053475352397945,0.3679996382123183,0.12597550373539448,0.08087019562130225,0.19151384774895763,-0.13813427688932073,-0.16288082904392573,-0.184
-1.7605263788228338,-0.1472463226296587,0.381472903047041,1.1217234924699033,0.07798234497454472,-0.41061761154890736,-2.2494199159262247,-1.3695055075244738,0.963541396100437,-0.06843455167115776,-0.16490667697248992,1.1590514604307558,-0.21707238158772646,0.5523051673049565,-0.5565004105125706,1.697610462188186,-0.9365057913508057,-1.6561019420145628,1.6400576521263561,-1.3352685696021724,-2.7976385324719537,0.033
-1.7541166763894178,0.1723766838159294,0.4280207869285332,0.46938659164682833,1.1404784554255951,1.1384912752155432,1.4524865181330462,1.6906552992167394,1.0935544571970428,-1.31892590644221,0.7375330489523084,-0.7756716032492661,-0.21707238158772646,0.8143811407653402,-0.32266321443288815,0.2531862826285556,1.5929832448454562,1.7264608470575822,-1.8273885627891477,2.4252088231776323,0.9191592269287234,-0.246
-1.7477448796436463,-1.0412664546851405,-0.9287942372915248,1.0843876580302205,-0.9145128247365631,-2.1504973089634554,-0.6100805972970087,0.632672845090048,-1.236403754353321,1.553568783392091,-1.0906317284652147,-0.8926144280652352,-0.21707238158772646,0.6086874909890029,-1.7230400192975466,-0.11511641198144995,1.1382677378865016,0.7127205512889234,-0.07729038434377186,-0.4496473230402925,1.0269319840093543,-0.413
-1.7414100128607888,2.4430797599855314,0.31515745954847435,1.0389294152349267,-0.42947683101032397,1.0362101634573857,1.6772136689202277,-0.07755978705072422,0.5139529969969887,-0.5739601687304109,-0.5849869607411478,2.5110229556289734,-0.21707238158772646,0.554872851242929,0.33618318491404986,1.4809820659757076,-0.08733106986676133,-0.2507236596824487,-0.5738046146939444,-0.07532968420157812,-0.8992466122813945,0.299
-1.7351111440233105,1.8422009546175084,0.5013786969036482,0.2803289136952919,-1.9275100699402112,1.4087936288961953,0.4612010321450461,-0.7735870020668761,1.3887037707394099,-0.7775226452606788,0.23402579353083702,1.963452129674141,-0.21707238158772646,-0.7073654879479744,-1.3960443989643092,0.6713598051810419,-1.154539885898841,-0.6543615425941939,0.4367351882254215,-1.0849146960181748,-1.514086301485173,0.195
-1.728847382062102,0.8276224272535351,-0.4384233859141005,0.3608823846741205,0.49847321340490924,1.876303364494395,-1.3185241561998742,-1.10997346003806,0.7167284698282744,1.0967501796235508,-0.8499147168363643,0.9017070884608093,-0.21707238158772646,0.65720253053305,0.7326185352045353,0.04088121404714459,-0.7324920729396122,-1.472033004956954,1.3579418013337194,-0.21807420285356352,-1.507895955126688,-0.008
-1.7226178743204983,0.04304968868800091,-0.5590895022062576,-0.4895897830376309,0.07798234497454472,0.34939909797228225,-0.33626284553742053,0.986328074316992,1.4790910416899266,0.8941488997791426,-0.8607676664248572,-0.031615972748676974,-0.21707238158772646,-0.37661627700666706,-1.1410385981243292,-0.8288750974339846,0.6012381172739846,0.9638548297241584,-1.228839437614535,0.5302747885563561,0.0007932892236644369,-0.034
-1.716421804219307,0.8925769307124329,0.729750784695215,-1.420248226233822,2.0809085724667575,-0.34484086570209016,1.4975789737405392,0.0718957869430445,-0.544462410003969,-0.8415213779092653,0.9568610653566058,0.7367873642083779,-0.21707238158772646,0.30884022886250007,1.2747878165099402,0.4437145943853536,0.4798133484485663,0.27131232708766495,-0.4534672710219354,1.5730258061720062,0.6100087091439882,0.091
-1.710258389103559,-1.0031331353132849,-0.19474972620745104,-0.45822208103321166,0.4298794293368414,-1.9238226610916673,-0.07801528769597332,-0.43590133853746477,-0.8578768846301751,0.40159630836935073,-0.6575946728032493,-0.6996047212183767,-0.21707238158772646,0.13269712153444577,-0.7955855820834303,-0.5835905204036232,-0.2785214582425646,-0.6468251340138033,1.3816282437664402,-1.077370503092085,0.019366503869873285,-0.028
-1.704126878253851,0.4299614474013986,-0.08472971881867786,0.33395262895506983,0.8817640284878037,-0.4763955350506647,-1.4501349988403642,-0.7912788173461103,0.04697112231251779,0.7377698849259252,0.25882024061655445,0.9149920290493148,-0.21707238158772646,-0.07252899019004509,-0.44394680459370806,1.1061981484645587,-0.8688828415783209,-1.088947603385487,0.8089917897267344,-0.6611830047485746,-1.4492464092611899,-0.097
-1.6980265510470354,1.2296132571760485,-2.5509709283502033,-2.3255338906094396,-0.16698543975855978,0.37862750585160904,0.25115260328364875,1.5785737662242691,-1.0062182883873627,1.8769685562005582,3.062026424420534,0.06793818211545208,-0.21707238158772646,-2.4168510973625197,-1.094297095690996,-2.2624070513245096,0.39464150139466964,1.5457633747826123,-1.7416188424407162,1.7810724215059923,1.960394807941025,-0.031
-1.6919567152526698,-1.2558226483947739,0.019386405205690137,-0.9637466315880718,1.4138337685296034,-1.9750058358240217,1.9082342682766882,0.8460489062301366,-1.473777558870848,-1.06850923988218,-1.9673758355501834,-1.4794751554603067,-0.21707238158772646,0.7385419082269037,-0.7479981867281045,-0.1985319052139474,1.0736733592757786,0.6444639715031737,-0.21703423888600065,1.2006640467967316,1.2053719467116066,-0.269
-1.685916705453072,-0.9210786985227902,0.5080603918460864,0.5162726003602953,0.43845487174730896,-0.6664273259962799,-0.7969404030462286,-0.017896135555955307,1.037798380091659,0.036070455468282726,-1.3447415678781796,-1.4411575887639825,-0.21707238158772646,0.6342422708718786,1.1272770521577704,-0.28461352486781033,0.16576189005355077,-0.08084710361293389,0.2775488303257431,-0.017494257860188153,0.19752893087846674,-0.25
-1.6799058815761123,-0.06931095236109767,0.3947616242924105,-0.26367017514218666,0.8710668008201558,-0.3009903526925226,-0.7211757861936245,0.2852099625482176,-0.4604678784544322,-0.7600702566937108,0.10503153187887013,-0.18525631468355253,-0.21707238158772646,0.1459191163383969,0.3529121306811273,0.3119687537562098,-0.5359160076062126,-0.5534772263506175,0.466854621094364,-0.04880540879948727,-0.452174234611117,-0.071
-1.6739236275309795,0.8558770604073578,-0.9721544853169058,-0.5000163840782983,-0.5026926756279688,0.21786855737336805,-0.7033745733453228,-0.6440621538552749,0.38532427418147913,0.34940169405497795,-0.4606252330181568,1.3284206503676235,-0.21707238158772646,-1.8383723203241205,-0.21697418387241954,-0.2735127812950904,-2.1733748961909116,-1.0935102884498473,0.8240571638011773,-1.1050445415119248,-1.5699423217023842,0.042
-1.6679693499381572,-1.36483888419354,-0.43205088963492233,0.9037071940025343,-2.0795350612519723,-0.6518091411033401,0.4099230249622426,1.4031495567285241,-1.6803663063183167,0.3029998795265934,0.1908090222750764,-1.9210875829497565,-0.21707238158772646,0.3609941069061635,0.15299249277378568,-1.2809203937546867,1.3166639877295614,1.1098378409330176,-1.1429719165245562,-0.20594569800394144,1.728420644629948,-0.452
-1.6620424769457098,-1.7018220020915282,0.13061212459973362,-0.5415762074487603,-0.8540853199300393,-1.5070756196578934,-0.384663863977241,0.7762949876974715,-0.06528172670587978,0.5001645229262246,0.062467249944668575,-1.599990726904264,-0.21707238158772646,-1.3888116836041906,-2.416855405823301,-1.2481649035767215,-0.09502345759787217,0.6517334254092544,-0.09664096893754955,-0.3494394596710377,0.11420066724284976,-0.307
-1.656142457124766,0.14366745624087224,0.11749456943345528,-0.4337338656012358,-0.48977023124028923,0.9047021616841426,0.4825353366509546,1.5126290267643996,0.18995017459088662,1.050452628017457,-0.24129357355229397,-0.42578013878752174,-0.21707238158772646,-0.013581698220783032,-0.4197471797669429,-0.5835905204036232,1.4616955528247981,1.4071445037311212,-1.5185463101441647,1.1385063022101216,1.0901082838621372,-0.209
-1.6502687584377564,-0.1212546421830437,0.9674049228098419,0.4732849595913481,0.6827093495210486,0.13017905403638294,-0.2967205275570202,0.8203744682745304,0.7536797296178305,0.1347417196055643,0.1478115322146137,-0.5151489277829684,-0.21707238158772646,0.5060073361414433,-0.24141142430381596,0.398836334505104,0.9698711601483474,0.664813607587978,-0.5372757335795656,0.6032373323076291,0.34875123813887443,-0.134
-1.6444208672735912,1.4913887767651082,-1.6394255650872909,0.06898312304719917,0.47275315460926975,1.0069865255093944,0.2554567044593501,0.2675427240486614,0.33946437286790576,0.905729552564305,-0.22372797372063147,1.1934811526900344,-0.21707238158772646,-0.010908248209395826,0.21111570981629646,0.32597213154040056,0.5845592731121598,0.6502796877880371,-1.280353888829263,0.5914826826538135,0.4868686062477439,-0.049
-1.6385982875445042,-0.8391332941341271,-0.2591765509219886,0.5398019691758368,-0.5285401459837129,1.094656821101509,-0.8773533836430573,-0.5716430093119399,0.23567147271345695,-0.34144966824693596,-1.5413013040958814,-0.5558031729950961,-0.21707238158772646,0.2853076866252277,-0.03689901995641847,-0.2429756983620237,-0.22446652689614965,-0.4693304932641931,0.15065017080589022,0.2173174785550308,-0.452174234611117,-0.115
-1.632800539839767,-0.4863065900544366,0.40140918758820887,0.5594537377274917,-0.733288449927556,-1.4924538789603994,0.4270275245112233,0.1932142674856322,0.05912279210556387,0.25079045203559786,0.42809733381947135,-0.6724539384261746,-0.21707238158772646,0.8898232264814788,0.7156085756658812,0.16930056826700002,1.2162875528234551,0.9279304445381935,-0.599588590499713,0.07381052648799795,0.8632995175603115,-0.228
-1.6270271606319289,-0.41077608900262913,-1.1812380545881842,-0.19170746118056398,-0.6944772226754454,1.0508219050614396,-1.4046984635829465,0.10555144620039175,2.0147010975901454,2.009688225453345,0.4598161822332366,-0.5124393516657644,-0.21707238158772646,-1.1189189030815048,-1.1332563853632223,-1.0238266337549702,0.4372456897818476,0.6996634537548747,-0.60818304231603,0.20300264807059262,-0.1601714251682875,-0.121
-1.621277701531615,0.34712141406249636,-1.3273016171072272,0.17025240045250048,0.4470299652017104,-1.7117867930401869,0.25115260328364875,1.392582437223604,-0.7119298140433318,0.8999392778408548,0.062467249944668575,-0.47180639613591197,-0.21707238158772646,0.5805242348810684,-3.821483354110981,-0.75732261749311,1.425842795159766,1.0827185970708642,-1.185907238015352,1.0808287400925252,1.6308577108501499,-0.036
-1.6155517285872731,1.0109006733264239,-0.15599018684194388,1.043054050603605,-0.8174066747115619,0.7439644242442409,-0.06059124462201431,-0.002304888928671857,-0.9588144453054123,-0.08585498502716817,-0.0039878455597874216,1.5897900826379718,-0.21707238158772646,0.256491976311674,0.3194667687085372,0.6882520234411759,0.29254456830160386,-0.16420300300657636,-0.08374062989761703,-0.4569956608550041,0.035251953951408455,0.025
-1.6098488216265736,0.48415157669892145,0.2688638248968119,-0.2958419360996197,0.8068724110704711,0.7074322327353799,1.8920826050308663,2.133007493125085,-1.330389351490734,-0.24848569588581002,-0.3632220753560282,-1.2962247182551814,-0.21707238158772646,0.8420890533888256,0.07022642667880254,-1.1224254329364636,1.7715869951170822,1.9030490288756894,-1.9109985368905023,2.1994489762369827,2.263110329249134,-0.12
-1.6041685736364435,0.6292709078725499,-0.006694199821213873,-0.9050296698598066,1.063537195695717,0.9704566873259985,1.1388411929602922,1.051833847055124,0.2997531307778399,-0.02779012449076404,-1.1901322743257605,0.22906677315189655,-0.21707238158772646,-0.5841204804454996,-0.732110178651959,-0.41213147766598335,0.7722692618599711,1.0312411291014576,-1.258890094270371,1.221352577589926,0.9330371564395133,0.179
-1.5985105901789871,-0.38175340954166964,-0.40015596489414296,0.30710146042294856,0.16601272733361136,0.0936411721102227,0.2640627573146485,0.7184432189751767,1.1090518227232695,0.2681944609202534,0.008055902150860312,-0.5286981371115366,-0.21707238158772646,-0.005562899372541315,-0.01222500835376291,-0.8261246730173335,0.443329009224767,0.2374356176022107,-0.09019082478976063,-0.28610290737307054,-0.1601714251682875,-0.118
-1.5928744888407576,-1.5035728432225433,-0.9101785432347911,0.33395262895506983,0.06294898530746063,-1.3901034894002278,-0.6944776639500994,-1.4540294224654158,-1.2599251893251855,0.25079045203559786,0.20313421672065665,-0.33380681236977655,-0.21707238158772646,-0.5423630914797513,-1.3883685800942518,-0.3095830665670384,-1.2912552900324938,-1.11937302254041,1.5216036669092259,-0.8397209552895137,-0.0258148237759005,0.051
-1.5872598987130633,-0.2629226784738466,1.2145549190262166,0.6742214590391092,0.25400549451437604,2.4314069622275847,0.8423334161114184,1.3347727424469773,0.8399969586541471,0.05348501007122826,0.5044205096157753,-0.6860282715256513,-0.21707238158772646,0.7436103267951,0.5546355376038622,0.32037043252362873,1.2717398389598364,1.156856574215895,-1.1794671376632093,1.8283530691542031,0.6875940530833318,-0.311
-1.5816664599011863,-0.08373442468339898,-0.40015596489414296,-0.5242881229144427,0.39128561267475964,-0.7760656147311662,-1.4819738486063716,-2.4100115590646847,0.3211321693436241,0.5059617679249878,1.4980699188796438,0.13512267644520565,-0.21707238158772646,-1.2649004043995533,0.6986110693283697,0.20843413304139743,-2.4745651166927596,-2.3807422808262784,2.506194425169054,-1.7510216696968004,-2.2567341706002977,-0.039
-1.5760938230605472,-0.2629226784738466,0.5951163079158054,-0.5034886612511071,-0.3648973908230046,-2.6331504438171933,0.21238354694582773,-0.20855226899481413,0.4863625041308159,-1.6919190413579748,-1.2316575210217326,-0.968843336818119,-0.21707238158772646,-0.4758198629920292,-1.858137632543063,-1.0895779989583707,-0.2337279731082305,-0.24475068674722517,0.6755655276632513,-1.017104854251229,-0.4886483506294879,-0.205
-1.5705416489580208,0.3528394608656061,-0.7668065779793677,-0.05319532788640418,-2.4819914433785586,-0.16213380526131663,0.013339324483443157,0.6838305948293163,-0.28594193098339277,0.5639287750710518,2.753758300484098,0.5101015517500056,-0.21707238158772646,-1.7435135808802342,0.302762885510067,-0.5255691556851655,-0.6278277485414572,0.42551790870333006,-0.3739479441811341,-1.396376145993618,0.3816470278277478,0.047
-1.5650096080567377,-1.379584403819158,0.3681927236926753,-0.24574024185032983,-1.0138290682013587,-0.2132908798256194,-0.03447556623646539,-0.19886361743827596,-1.505876969943239,0.4131940392763697,0.03824098144175028,-1.2006263294510193,-0.21707238158772646,-0.4758198629920292,0.3947892893599507,-1.111478386491544,-0.01048281981011514,0.21679815133639765,0.13344498499829788,-0.6636536131409102,0.7427628448771958,-0.116
-1.5594973801228431,0.4927017310817844,2.56404062129894,1.7058709910969865,-0.554391065956505,1.4234040752865118,-0.2835515182353979,-1.0657012808929758,-0.9172853554104429,-0.969549941195014,-0.3632220753560282,0.2397945945922844,-0.21707238158772646,0.8093376102171698,0.20280297298073488,0.9873454219180612,-0.2460798460606202,-1.2153276538208821,0.8692546298460911,-0.6982687885491952,-0.4102674234799871,-0.009
-1.5540046538528005,2.078059331819872,-2.0327667920309223,-1.359801139941029,-0.10893987907486667,3.5122078412773425,-0.9400317197706305,-0.510201884667203,0.6090990814952848,1.998149865617017,0.5492575270499903,2.2415062807481267,-0.21707238158772646,-1.5199196607301944,-0.26582019572907845,-0.10676890366385465,-1.4142597597454876,-0.44531831335678906,-0.8273057424403847,0.5373444287095193,-1.1153860348264413,0.287
-1.5485311265199249,0.22974277471105145,-0.8168057666036752,0.26506562851851717,-0.629809371031587,1.3722672936258213,-0.814792994676088,-0.06809535364666575,0.08039576616822439,0.5581325206486791,-1.8678171776498684,-0.22574134628919643,-0.21707238158772646,0.30622744894134485,0.5799774963095254,-0.9058349738700479,-0.00741172045392067,-0.47833849260318256,0.64974317164879,0.011374155541853255,-0.04983736849181368,-0.274
-1.5430765036389453,-0.2860885006799943,-0.40015596489414296,-0.06054361352003621,0.856089801487137,0.020564363288391556,-0.832655297320421,-1.4078193114309816,0.3058604881205332,0.7667345791502078,-0.5961994911443934,-0.0693219618627172,-0.21707238158772646,0.3140643311612835,0.103295121986292,0.3539875769748866,-0.8924559555898406,-1.4873499813190603,1.4699184392329487,-1.0974938019841494,-1.5761644040264435,-0.065
-1.5376404986474712,-0.049125016175168346,1.6044421796784372,-0.005274095945040538,-1.6932243264569589,0.2617125643463454,1.36207547339961,0.3407172763269436,-0.7953964404285141,-2.2753675034354983,-1.0906317284652147,-0.5232781878976811,-0.21707238158772646,0.5677043227974444,-0.0779593257749134,0.5560386388806274,0.39311924157109046,0.4738257462212552,-0.11384110461664551,-0.9344925050990435,0.8021598037255736,0.01
-1.5322228326033258,0.15515322957540734,1.0220903503821566,0.9854535876000942,-0.76995077488973,1.1969364982035526,-0.41991371126264687,-1.665121923681132,-1.3919206125888806,-1.3713580174031699,-0.5737590315484229,0.9866929298061706,-0.21707238158772646,0.35578741024614274,0.6307456429998761,1.3927963199324755,-1.7026161921566072,-1.9348015282534627,1.8446878130264523,-1.4934697912457326,-1.0735967990894595,-0.07
-1.5268232338967827,-0.9005820624021916,0.5816996631121618,-0.46520407310854467,0.4684661739801455,-1.4924538789603994,-1.2235175702486143,-0.7983680921562751,0.5476946766854737,-1.1558464360939598,0.3273800095866015,-0.7077516038524282,-0.21707238158772646,-0.08327381349478391,1.4670079967408574,0.309168426205486,-1.1862740860867729,-1.0190366676995253,1.2933449583233922,-1.0748563165053078,-1.884905467641916,-0.07
-1.5214414379768098,-1.2528787412348783,-0.4575278932849656,1.0843876580302205,-1.095913101354094,-1.075760952985065,-0.26600202134877976,0.6569897755921378,-0.183304640786151,-0.05101495351610499,0.08676338484398653,-0.713183279946538,-0.21707238158772646,0.6393477410354282,-0.5565004105125706,0.1581237718233392,0.5875921905357501,0.4284478344949102,-0.322363382268589,-0.25449507133868715,0.937655376341189,-0.223
-1.5160771870904945,-0.4281970622335929,0.13717411785013242,0.8387679219038972,0.2153791353705492,0.3274776490435083,-0.2747754565694528,-0.25724103532075165,1.2114378756172421,-1.0219371201533034,-0.8932391791021775,-0.3148844336136242,-0.21707238158772646,0.18550999964265788,0.21111570981629646,0.2531862826285556,0.0018002847613470723,-0.2417645327133708,0.06462767130162098,0.17673820420960468,-0.37410350705046314,-0.19
-1.5107302300348677,0.6917156293800139,-0.5337510903501989,0.18913468731167274,-0.45962119974373356,1.3211298965681402,0.21238354694582773,-0.3924077137710568,1.3140017033736087,-0.10908352606818777,-0.7240477383393876,0.8059897506960625,-0.21707238158772646,0.14327572147478,1.66955820493204,-0.10120329782680791,-0.4426818413162527,-0.38235024937216633,-0.04073803989046973,-0.024716482742277997,-0.887529830821682,-0.187
-1.5054003219204144,-1.577481242112392,2.659124268776246,0.03548757931241088,1.0036755386933227,-2.947648421363202,-0.09109043342424447,-1.2405638509523251,-0.8013514020130034,-2.316237582811148,-0.8986384027315371,-0.5341184396830103,-0.21707238158772646,0.7967210507438185,0.3111132602679038,1.5607215605511089,-1.3008192395989444,-1.674540256698305,2.051506708059385,-1.6786036052601536,-1.616685098845097,0.014
-1.5000872239455978,1.1960550325189758,0.5147442182060379,0.8874342044805978,-1.2969584277146624,-1.2292734540956956,-0.42432283698433765,-1.15450196228187,0.8739443905004979,-0.10908352606818777,0.7968047808233393,0.16466248085184887,-0.21707238158772646,0.08499362181761501,0.11157015829096108,-0.09007064645086897,-1.6217172335598173,-1.6514932451292714,1.1899978505462425,-1.8340803976351254,-1.00529033446961,-0.046
-1.4947907031817669,-1.4267916157533644,0.006341806924204344,-0.2958419360996197,1.4052964123183431,-1.7775895356890197,-0.48169972920493304,0.3984241321743828,1.3855893469831198,-1.109264255530875,0.09284837335170049,-1.1897065798158708,-0.21707238158772646,0.8622068851942354,0.9119741339113617,-0.1762983879722984,0.9126238096913409,0.6604542391791961,-0.09449092653166156,0.17673820420960468,-0.37965778204561107,-0.502
-1.489510532367873,-2.290833889338984,0.1568729576454913,0.15894232594652755,-0.10464087542250224,-0.40330902620196435,-0.4949558583080791,0.8306668993388762,-0.813258528326329,-0.7251678171165015,-0.1294135899500229,-2.2017358485441987,-0.21707238158772646,-0.09940679105004364,-0.43588343696232257,-0.5891134931013838,0.6436692052441674,0.6619074390215945,0.09258404011156865,0.4689255025117762,0.656190946503442,-0.409
-1.4842464897144398,-0.4746798293779159,0.49469913359117057,0.6583116125519346,-0.7268193625067716,-0.4983217724401906,-0.2396975100165684,0.7422198696334187,0.8893819104610394,-0.4809388629119664,0.062467249944668575,-0.7430634960594007,-0.21707238158772646,0.8219431276452022,-0.19250848659422312,-0.15405714287419414,1.1127389401114207,0.6401013815667361,-0.191237199613614,0.09778400598738315,0.21046614136795613,-0.138
-1.4789983587162832,-0.060658845875701216,-0.5147245283910398,-1.8550586765942634,0.5777570997266137,1.416098858349936,-1.0432567098693264,-0.4628185511719106,-0.2527619985942119,1.01572504379709,1.5339098688966537,0.043735474263336065,-0.21707238158772646,-2.6739074289065092,-0.3793510135249337,-1.012860774086473,-1.9959419727157222,-0.7373429840624226,0.5701285630875994,0.15044702343705058,-0.28295329927322227,0.167
-1.473765927973506,-1.8234099841733455,-0.18183849653294237,0.6265685165860057,-1.0462262972582266,-0.286373630316001,-1.522949585112784,-1.4849776015773342,1.0347024065309163,0.7145963038429648,-0.9524323628728844,-0.9334435899756778,-0.21707238158772646,0.9048644804436831,1.563676989566386,0.47458545784787237,-0.6403085243249291,-1.2077059105686434,1.5302180965149614,-1.748431180683027,-1.5855034662974905,-0.552
-1.468548991020316,-1.0265970625897798,1.0357828672372396,-0.4512335811295891,0.5456185483551783,-0.9222552641042311,0.8465342812570349,0.9518159039502351,-1.7758917744324692,-1.7094111529831324,-0.01000325000482399,-1.29895742375238,-0.21707238158772646,0.588210645325956,1.2747878165099402,-0.3982834067911821,0.8372088898176182,1.0197853213860746,-0.9153644189137717,0.6689680720609318,1.5285674666916442,0.01
-1.4633473461612534,0.14941068933608523,0.5682915346605413,0.7501416887506899,-0.8454544074391606,-0.2132908798256194,-0.3055031398292228,-0.9055668348670981,-0.1742369501795215,0.06509424321618196,-1.0748069405556444,0.49407339244772824,-0.21707238158772646,0.07702709269067312,0.445145144766489,0.5953951675098514,-0.8076727644860968,-0.9052567359521698,0.7982309460364136,-1.2135438453483944,-1.2145194376589128,0.065
-1.458160796314436,0.9743171274960236,0.40805888571376014,0.7341106573712383,0.440598677814666,1.3576566716530247,0.5123720050124864,1.0662018966055484,0.9233595028216725,0.19857324672257434,0.823277902203794,0.7021626491707712,-0.21707238158772646,0.7689256222245565,0.2860715387686188,1.2394283939375828,1.1232521406936216,0.8010484600147678,-0.8036782478775173,1.0600354064746214,-0.1142448659770094,-0.094
-1.452989148861454,0.2841751659525473,-0.37460110682533465,1.327246899764515,0.6077487100382704,1.401488386918317,-1.696450382241029,0.7157919739421765,2.8626644582296072,0.9752047631311488,-0.08781343900472281,1.0636351639422006,-0.21707238158772646,0.3401557553758053,-0.09436137134422405,0.9619022113677087,0.22995983024622174,-0.11506070427859864,0.32917379241704336,-0.20352070216026244,-1.5886180701821586,-0.118
-1.4478322155035706,-1.1763834119679737,0.2160851663459781,1.2681382274712067,0.30335093861418955,0.2836343824548436,-0.5568932032271671,0.7448523207941288,2.061893314307079,-0.19620369360830078,0.8698001381888808,-1.0833021866981851,-0.21707238158772646,0.3245067124414656,0.4367446826603022,-0.2873884061942898,1.0315733335339465,1.1753496160604169,-1.1236500157436577,1.0507889053676498,-0.06857075619739111,-0.282
-1.4426898121239051,-0.4281970622335929,-0.2977291218771319,0.7822802304878703,-0.7117256805463369,-0.9880425886010552,0.3585389843706499,0.9912279652592652,0.20213831599551746,-0.5390745239428658,-0.5456216142583469,-0.9824621763391379,-0.21707238158772646,0.4905411060675926,-1.2496516539547688,-0.608439955204814,0.8538089874131168,0.8559187468116743,-0.689825119141218,-0.08256840272509074,0.9744611962115538,-0.386
-1.4375617586552938,-0.48921365798839256,-1.6096728414882089,-1.0955001619854707,0.9694615906781096,-1.2585147110553965,0.5081118701889543,1.6906552992167394,-0.6671416668593958,1.5420122093911495,0.40280654689697093,-0.8273254246794604,-0.21707238158772646,0.6444513867329313,0.49561356566942283,-1.3790714414988896,1.6510824510041058,1.290186043763788,-0.9261024689100815,1.5616758264050603,1.5710231812342594,-0.198
-1.4324478789535429,-0.011658398240392328,-0.916385955908659,0.1250989732759136,0.8111526262338608,-1.5728742509975766,0.27266594057323484,0.11469170799923707,1.2922310134488209,-0.8415213779092653,-0.11754894633406025,-0.37437014272088365,-0.21707238158772646,0.5368893172041149,-0.2088221127184668,-0.49792063397579334,0.8281521788156212,0.8328301208039363,-0.4771065211944077,-0.06326975234917404,-0.1845873668677367,-0.222
-1.4273480006758055,-1.8471580664768241,-1.040075829166449,-1.2956164977614755,0.8689272924109265,-0.00866675189772074,-0.021426928993204527,0.45255847008395644,-1.37435226411018,0.3668007746427686,-0.11754894633406025,-1.860641750398073,-0.21707238158772646,-0.47858594410238636,0.5124613712784695,-1.9184351086458737,-0.15353131464123132,0.24774957969093014,0.5357026663586395,0.6736569624052104,0.9122071865874216,-0.032
-1.4222619551638314,0.6093822229406232,1.1181155863238477,0.4577010901730099,-0.25946318687759373,0.2617125643463454,0.8926962083888834,0.6757980336959649,-0.589388564567914,-1.2199056358949842,0.17850172820753923,0.5181142720707488,-0.21707238158772646,0.22236044312529324,1.5284815712306947,0.7530430637095805,0.9683653942665537,1.0498441971555403,-1.1880539225317024,1.1154496556236657,1.015569340058665,0.027
-1.4171895773318453,2.837658095782782,0.6018278234219031,0.05408010009088583,0.9972608279091882,-0.4983217724401906,2.32513167372178,0.7553633175154255,-0.6402443117915657,-1.062687430425135,0.09284837335170049,2.709490041153639,-0.21707238158772646,0.34536823641724185,0.5040359065551077,1.746149938411579,0.6254886826950208,0.6139114691847551,-1.4005360382989847,1.796841148432648,0.6075687043868565,0.403
-1.4121307055588352,-0.9357233263732054,-0.3169762719288614,0.7863047162553006,-1.9405353971196933,0.1228715054366405,0.7834448514585408,0.7395855381140853,0.04089646712550466,0.07670309987953793,1.4268166531292805,-1.271633658467074,-0.21707238158772646,-0.3272856199688895,1.5989215847211389,-0.7848529912964676,0.7934208959949383,1.3733976655786349,-1.295378065093112,0.3434238627174551,1.5990660068811924,-0.387
-1.4070851815850383,1.5745429002225038,0.02591192562004514,-0.4512335811295891,0.7640656152414,0.16671658907177486,1.863795596443724,0.06267843754806293,-0.9736348181133926,-0.4111878158608267,-1.2368329235432478,1.463157488070058,-0.21707238158772646,0.45955791725585476,0.8605898407834262,0.8263565262676817,0.13362942126506255,-0.018449939414921332,-0.322363382268589,0.9604726805842092,0.5659458649986291,0.35
-1.4020528504124186,0.3614151663766314,-0.8791087696142426,-0.5519295025315308,-0.5242319949448042,-1.529008351470409,0.030705967514525756,-0.510201884667203,-0.780504967581149,0.5697249300796025,0.8166520775369448,0.46467895955003435,-0.21707238158772646,-0.7807311957144016,-1.1721352823459625,-0.5366250826145629,-0.12734671189082764,0.15037826452363284,-0.5093406425491526,-0.27880522878805597,0.23884890594830252,0.108
-1.3970335602089587,0.3213812261616033,0.36155583776104816,-0.675023840671971,0.39128561267475964,-0.00866675189772074,1.481190355519368,0.988778970978552,0.2814355780002996,-0.8880724386659102,-1.7330339931605216,-0.6968892623159412,-0.21707238158772646,0.6775807342411472,2.0346492501033246,-0.3428603988024535,1.118746713864004,1.2633106980651554,-0.7413836049926973,1.4638798242596254,1.0653812067724562,-0.274
-1.392027162216575,0.011383974069979218,-1.1015929775106101,1.3061010842123961,-1.1607421891588405,-0.6079549426435379,-0.45520466602410486,0.050362964384409625,1.043990829360749,-0.30077507557750327,-0.8607676664248572,-0.26624807932859657,-0.21707238158772646,-0.16953605505845376,-0.9690878366678745,-0.6112003773421698,-0.07656405526342425,0.23006655134094875,-0.18263800108897202,-0.48150604780096856,0.23884890594830252,0.04
-1.3870335106624976,0.555350788322646,-0.38099306361750396,0.23081717686518013,0.22610940227911083,0.2617125643463454,-1.1964192704914598,-1.4039799666699568,0.2661761407124282,0.42479137917965704,-1.1692879264253784,0.9017070884608093,-0.21707238158772646,-0.1263372159967435,-0.19250848659422312,0.43810320203953457,-0.6247082410697448,-1.2717619088224184,0.9618080469628485,-0.7825428101423383,-1.4215654815107908,0.101
-1.3820524626739545,-0.3469465615509255,-0.6726829146666351,-0.11544982113622983,0.09301459893055938,0.6489800378959285,0.8675277669850607,-1.2518585843185757,-1.6919622231101894,0.14634830754274417,-0.3804946828033923,-0.3987181234556082,-0.21707238158772646,0.045115155999542036,-2.2205371306190442,0.04924876813379948,-0.6028793361280033,-0.7086599799046811,0.8477317762357597,0.10018012196173157,0.006104334743441899,-0.026
-1.3770838781960024,-0.6493324468085978,-0.1236313488334041,-0.11180071751327404,-0.27452177438329406,-1.1050009011740634,-0.8460583828250432,-0.3063385770591383,1.6414948763294788,-0.1381212810781434,0.008055902150860312,-0.08818241543077641,-0.21707238158772646,-0.823242723040606,0.22775059968705527,-0.20964576138255503,-0.4488902476061115,0.14446805572614646,0.3055119848622741,-0.4374049821958824,-0.5450422768816201,-0.157
-1.3721276199123733,-2.587009432774215,0.13717411785013242,0.543729126164513,-0.6836977285339624,-0.6225729495051918,-2.79564547241187,-0.21502046650969917,1.9989776800503736,0.27399560488772545,0.2712446431532963,-1.271633658467074,-0.21707238158772646,-0.6008598986150108,1.5196904034783019,-0.3567207521759974,-1.0390053352544724,-1.1178513322071857,1.4462301538729365,-2.158998461612989,-2.6555057000834137,-0.704
-1.3671835531691894,-1.4031839137995106,-0.4065392748578893,0.5633888860315317,0.07583478989876252,-0.5275569608050221,0.5379170350084609,-0.2507255696421332,0.263124820624245,0.20437554114295275,0.24641397164521567,-0.914387744451762,-0.21707238158772646,-0.5201454422174282,1.1445848952306543,-0.8673676048107859,-0.397701107382415,-0.17463511176689758,0.3614408870534188,-0.27880522878805597,0.23627315418696587,-0.224
-1.3622515459014317,-0.08084940122309406,0.8109394761034311,1.8024325359224218,-0.5436194294973278,0.7658835807793558,0.7075186403481678,0.3436202158077568,-0.8667942026819666,-0.9928322859305633,-0.6853494459856775,0.07869219057396182,-0.21707238158772646,0.7967210507438185,0.4535487336912188,0.4830071914571089,0.9623419307336831,0.32720606621898185,-0.3331104521326429,0.023393011884839138,0.2594224743138235,-0.173
-1.3573314685620306,2.149113290814038,0.3681927236926753,1.378158053899779,-1.0937525265152712,-1.0099719721627267,1.2713573431268828,1.2038165627030375,0.3364085377817287,0.17536311484650335,0.9031826853776068,1.5238568349173647,-0.21707238158772646,0.7815665668610143,0.9119741339113617,1.4326094458395666,1.3016929430012016,0.8515912662004474,-1.5314185627623988,0.1289160927964335,0.5364031038542323,0.098
-1.3524231940534688,-0.09816200423897331,0.07819337038498299,-0.41619349605357686,-0.42301792870373994,-0.40330902620196435,0.6313489143410996,-0.47970053770362514,-1.2481665436019387,-0.02779012449076404,-0.7240477383393876,0.08675658072465599,-0.21707238158772646,-0.21015900371701204,-0.03689901995641847,0.2252126849357179,-0.5857373859794047,-0.38235024937216633,0.39801163699376996,0.028198968995577653,0.8351616905790579,0.084
-1.347526597661788,-0.41948588685785737,-0.5527581503750245,-0.6682407811077639,0.954491316570577,0.8097215384891391,-2.5894329137664043,-0.5545174290954477,-0.010706214274873059,0.2391872992346795,-0.839047158492372,-0.3229934625735151,-0.21707238158772646,0.47763967888222175,-1.2728437382244617,-0.02323451938874343,-0.9680077865606929,-1.3771592049046928,0.9402832558682825,0.6032373323076291,-1.1153860348264413,-0.118
-1.342641556992893,-0.1819222995213551,-0.4192994077200464,-0.5588235491417832,1.948922694958088,0.4297766967128293,0.7370741576753993,-0.5374369164489955,0.4465356696206864,-0.34144966824693596,-0.046005418479944694,0.01952425368010971,-0.21707238158772646,-0.00823531535043112,-1.1799014092541145,-0.6029187350125642,-0.33729226844429083,-0.2686478831164026,0.157102203249747,0.8814923217846875,-0.1601714251682875,0.078
-1.3377679519110603,0.0890723624539454,-0.40015596489414296,-0.10814999767925913,0.9865692286397449,0.46631142687351224,-0.5037964543781139,-1.5745832373337452,-0.5414655640596866,-0.6495566016149396,-1.0430630157629917,0.20223941027264172,-0.21707238158772646,0.7106335550126802,-0.5003014638264168,0.22800951934947578,-1.488029949383398,-1.8946909262232097,1.652980627647258,-0.5379733867794643,-0.6103131248834625,0.196
-1.3329056644795523,-1.1940282453903168,-0.17537965006627573,-0.6308171447345273,0.6955571169885618,0.4297766967128293,1.3414849261979465,-0.9344250866567139,-0.54745903546907,0.09991968189449542,0.5685451099312778,-0.5774935180212325,-0.21707238158772646,-0.21015900371701204,0.8605898407834262,-0.05666119064866045,-0.28624950787848974,-0.2238522751940429,0.5787352309059499,0.3932226081303365,0.36395305330806826,0.105
-1.3280545789032525,-0.38755671445955564,-1.79324806716171,-2.3328608851250454,0.7555032410949203,0.8900899017998534,-2.6221762150003682,-2.069578103494976,0.7167284698282744,2.0731406820775873,0.6851845043960709,-0.24734225356641545,-0.21707238158772646,-2.866220919939027,0.9892600491629125,-1.9319157693530078,-2.85199700970447,-1.4169257205524577,1.5646764541461624,-0.4300625066349194,-1.7737757210567402,-0.102
-1.323214581473237,-0.049125016175168346,-0.37460110682533465,0.05408010009088583,0.3719860443723345,0.26901985076134305,-0.2396975100165684,1.4031495567285241,0.9790035967593413,0.9752047631311488,-0.24129357355229397,-0.9824621763391379,-0.21707238158772646,0.09030210315441461,0.3947892893599507,-0.9909228177266978,1.3301348040680077,1.386059480444292,-0.9776426089757736,1.0554125425179341,0.5265258201793793,-0.02
-1.3183855605132022,0.8925769307124329,0.10438559083966467,0.32627284590519817,-0.42301792870373994,-0.4252348258687948,0.5379170350084609,1.020467423924448,-0.9410220321303909,-0.9229893249073452,-0.7954302003832879,0.4539870147280336,-0.21707238158772646,0.5445993321500286,-1.9773367824029855,0.45774508448432205,0.843245867983297,0.4796760068529859,-0.44916914467290714,0.4405623894372218,0.8116080425960215,0.241
-1.31356740632767,0.09769675975578178,1.8940707629095521,0.05035837265933789,1.127656759119036,-0.09636144755486205,-0.4728654912976143,-0.4898514040580322,-0.5294759782261572,-0.7600702566937108,-1.1745041410260222,-0.02084651294310898,-0.21707238158772646,0.3505787873947326,1.1013384900345697,0.9308170995056202,-0.3202707134814635,-0.43931735590531357,0.3506850619160067,0.5467676909024708,-0.34638351165156905,-0.049
-1.3087600111519047,-0.5532071844418306,-1.8285328555744809,-1.092319627299202,0.3634078880684666,-0.7249006613619775,-0.5347585017638076,-0.8768230083454956,-0.48448378108843,0.9404690268512431,-0.4320965782747341,0.059871562949738194,-0.21707238158772646,-1.1887850984906658,0.9548797351715311,-1.2809203937546867,-0.8751673156870311,-0.42281904728152087,0.7551887249887939,0.34105013165704934,0.019366503869873285,-0.022
-1.3039632691034648,-0.44852848153835007,1.1662835253428876,-0.38804437977044415,-0.9490515942070457,0.4297766967128293,2.1053766097896247,0.34652130415264054,-1.6426474745544375,-2.1002520372135063,0.7244162719051136,-0.7267639402072676,-0.21707238158772646,-0.4261270925242135,1.563676989566386,-0.3567207521759974,0.2788135342257455,0.59935094060178,-0.35030545134377106,0.4429271466925574,1.4422595143504975,-0.107
-1.2991770761353305,-0.35854636664417644,0.08473820785844896,0.5633888860315317,-1.4895669074920532,0.4224697101126922,0.7918662839312448,2.0448033096458484,1.538382097138228,-0.2542952633721411,0.2712446431532963,-1.0505856966319895,-0.21707238158772646,0.5214567232951841,0.7922514143214991,-0.2624100898705079,2.1880017224436474,2.2771830775940294,-1.8531163626908949,0.22685630658230188,1.0019018269196391,-0.227
-1.2944013299905397,1.2575535077472513,-0.1236313488334041,-1.2925418325814757,-0.23150026889008196,-0.6079549426435379,0.9638675929775953,1.1206419225577378,0.5108866591830195,-0.5390745239428658,1.5554826293765538,0.648862703831487,-0.21707238158772646,-1.4393078673076365,0.5124613712784695,-1.2618153535509897,0.47829369857455406,1.2661414937871285,-1.4219943849400958,0.6314274115226686,0.9168428480668015,0.069
-1.289635930158276,3.34943811242656,-0.07174529851292812,0.6583116125519346,-0.18203703483576666,-0.12559346468936866,0.12169911987080712,-1.9668200215713143,-0.10465695920883816,0.36100117828114864,0.7506696670638545,2.9076333237086636,-0.21707238158772646,0.6928453624939027,1.704950179861774,1.5322336285285114,-1.515349717065762,-2.0800249377480347,1.1684684323108647,-1.2211326820643793,-1.489343998629912,0.233
-1.2848807778313522,0.15515322957540734,-1.5380409997234306,-1.0025952384294248,0.1230757960764218,-0.9807328247355334,-2.328361768317119,-1.3085717813293263,0.3180774577329696,1.119896418858712,1.7372908566897498,0.4459669789101023,-0.21707238158772646,-1.1305372411724364,0.33618318491404986,-0.4259764687709991,-1.524999489298452,-1.291604025399753,1.4203889486897845,-0.9594958352968237,-1.1483323238953633,0.02
-1.2801357758650311,-1.5331268099584219,0.6825319687708024,0.7261047042210114,-0.16913559826344335,-2.0554382108080906,0.0089959438078319,-0.6267474978288226,-1.2628642018825065,-0.9811909441612299,-0.35168690529534175,-0.9171097689435761,-0.21707238158772646,0.3166756540289823,-1.5107935041704512,0.6460290958904132,0.24981274683368654,-0.06152260607663309,0.47976324638620804,-0.5847192699130286,0.2952871685848893,-0.047
-1.2754008287371366,0.22114233932715696,1.1043723296248018,1.146685376542096,-0.9425750877697998,-0.46177811659290796,-0.6500302112888738,-0.8696549392680839,0.5047545286300401,-1.2839748564919342,0.35244823781222195,1.0105792206071023,-0.21707238158772646,0.8848059969562945,-0.9769374774459271,1.4980620981281256,-0.19206794864852642,-1.242774834783793,1.2029157061087736,-0.8173305215594785,-1.6229309110035683,-0.089
-1.270675842509402,0.6434712523662385,-0.8292837942288329,0.883369932438883,0.6034644522039817,0.34939909797228225,-0.9042011436499033,-2.1151379917645903,-0.6761033845399367,0.5639287750710518,-0.5681392817269499,1.3257767506378944,-0.21707238158772646,0.75880485670087,0.6307456429998761,1.0637285391706104,-0.45199483234313476,-1.0418233065057048,1.0780495682025462,-0.2253541296084729,-1.3054050528443866,0.113
-1.2659607247900142,0.6973876767427091,-1.4420377172769347,1.718993666503947,0.10589850918751598,1.3211298965681402,-1.2235175702486143,-0.5613622541456623,-1.1451029864387665,0.6508606251322108,-0.6520323505398467,1.204072146037768,-0.21707238158772646,0.588210645325956,-0.5324342246320602,1.0892073511898328,-0.4256139523615734,-1.0190366676995253,0.25603930440343303,0.4358322386639208,-0.08734710826586375,0.216
-1.2612553846972978,0.4613429004762522,0.729750784695215,0.9404144178567111,-0.7138818475591475,0.2324832813694427,0.495326969408813,-0.7102678033838742,0.6982623229449643,-0.21943922572667893,-0.5117286346490595,0.9813839203659036,-0.21707238158772646,0.19868203395591166,-0.524405802753266,1.4525238550037394,-0.12888653104461187,-0.2119152294116858,0.14849950395017864,-0.053625939573310084,-0.0900329476695934,0.088
-1.2565597328245106,1.4414077166960402,0.19632848777981904,-0.17723719783478314,0.4577483417241599,0.013256605521366855,0.7412933856156526,-1.3733289219624008,-1.5087934395294182,0.39579729644647277,1.3490878171204135,2.2205459244540275,-0.21707238158772646,-0.09133793796222295,-0.5645161110126119,1.594921035461964,-1.2418957530872246,-1.0813440154397846,0.602403964863909,0.24115797331981478,-0.5563616724235789,0.251
-1.2518736812056963,-0.5823190515377036,-1.303045501498192,-1.3078985719173961,-0.0809979964922544,0.4736183323944489,-0.6367080691835512,0.2290357502946159,-1.1067430608480424,1.7326379973902966,1.195635287124511,-0.9879102622771132,-0.21707238158772646,-1.8138238823619237,0.622276489023466,-1.626393967438126,-0.11503018138769398,0.25069583939220635,0.23883205682110722,0.35054376455968234,1.0450611587428085,-0.188
-1.2471971432825644,-0.6697432337930135,-0.47025341134612614,-1.6033989978341203,1.257976441311997,-1.6021185079126319,-0.01707874972268405,-1.477229953614493,-1.1834202543429455,-0.4809388629119664,0.7704119024088644,-1.0942101407220708,-0.21707238158772646,-1.0928154550964737,-0.46006401563212196,-1.3899663773132351,-1.516957738961822,-1.4138657654399847,2.2820633082353114,-0.44719836625144765,-0.08734710826586375,0.045
-1.2425300338723524,-0.8947271357974976,0.994730705353439,0.2574436193757982,0.894600010587351,0.13017905403638294,-0.7568077020254985,-0.651000608605887,1.3264456386316261,-0.7542529668265247,-0.09972033447387767,-0.6317437151023795,-0.21707238158772646,0.3973872120185233,0.7922514143214991,0.5251313017556393,-0.2785214582425646,-0.723754115255196,1.090966081736881,-0.8123577339495271,-1.0527621098677231,-0.103
-1.237872269136642,-0.2224068637918147,0.30192001543730973,-0.3456257604396775,0.6998395357044138,0.2324832813694427,-0.30989542646045176,0.050362964384409625,-0.9143171929706172,0.16375747722862488,1.209476482398401,-0.15018705042095334,-0.21707238158772646,0.08233861998824404,-0.6764016490578405,-0.22353535694214738,-0.37910377832939113,-0.6166918945525028,0.47976324638620804,0.5373444287095193,0.21821768831739194,0.178
-1.2332237665510883,1.0474473628894667,2.1584603415193073,1.2555124113443328,-1.0570266364985403,0.75127082293799,1.6201830837408548,0.810051846044398,0.581458206365288,-1.2606758024293399,1.4837738946079093,0.7873644524047516,-0.21707238158772646,0.8093376102171698,-0.8982968773988976,1.6719253412277977,0.5860757540963004,0.5454121743435049,-0.7821979846690504,-0.18897565520844525,0.5289965313458305,0.045
-1.2285844448760317,0.46419464080440026,0.13061212459973362,-0.008970026213843288,0.5627597128112143,0.2251759262540463,-0.5613220335626538,-0.657946257174051,-0.478481109417031,-0.4111878158608267,-0.016014348158873593,0.8379084667404417,-0.21707238158772646,0.6495532097323453,-0.1598433116540813,0.3679996382123183,-0.7074688754741366,-1.091989349106914,0.6174661889567896,-0.715595094157141,-0.861215379058669,0.182
-1.2239542241279624,0.10919355960957203,0.9810635804519352,0.18535501415250005,-0.2530098564084521,1.0435160407007527,0.8087003419495818,0.7448523207941288,-1.018059510941336,-0.8589773831816782,0.15394067353319793,-0.27975510039702955,-0.21707238158772646,-0.7129946606562663,0.8605898407834262,0.2252126849357179,-0.04581603616303285,0.5220561045140298,-0.2922707913366526,0.8861445459532967,0.7451501302496116,-0.097
-1.2193330255518045,-0.09816200423897331,-2.06172050308062,-2.1270441416077235,2.408431784404187,-1.0903808961437054,-0.9221116466926284,0.5808394278188994,1.5539943842641963,2.1423449859339994,0.6396375227958716,-0.1987488973778266,-0.21707238158772646,-2.3206520543466005,-0.5404594668596833,-1.832074964959664,-0.3048029236581512,0.7069181825636903,-0.27077536993065066,0.9326232727402554,-0.34915165475040666,0.236
-1.214720771593993,0.583797069889404,-0.34901167057738763,-1.3170927078659331,-0.2874300458507269,-0.4690868185145942,1.176179791989876,0.8486059632029064,0.9110016250920798,-0.06262792607722474,0.40280654689697093,-0.18795463624366843,-0.21707238158772646,-1.2678368757463485,0.6561718082167906,-1.1607235351738014,0.39616371400649925,1.0841467853984739,-0.8595237002619514,0.07381052648799795,0.6270625599799468,0.079
-1.2101173858763141,-0.20505249396656805,0.02591192562004514,0.05035837265933789,0.4148715646043637,-0.4398520984193956,-0.44637808533053747,-0.036665998986239116,0.20213831599551746,-1.1034418590341302,-0.4034687401929017,0.4379460168166001,-0.21707238158772646,0.35318333971520527,0.3194667687085372,0.1916597931034568,-0.23835948568296256,-0.22534465716522611,0.013018327236264962,0.00896970410946315,-0.14122997619322322,0.034
-1.2055227931704853,-0.35854636664417644,0.9060457897720139,1.3061010842123961,-0.38426898976333257,0.027872107050290383,0.017682017684818255,-0.1251283879505505,0.3272421549329649,-1.703580369845174,0.23402579353083702,0.5528256600152409,-0.21707238158772646,0.8622068851942354,0.16128638720077149,0.5363687375941696,-0.01662566633905273,-0.19998176615892418,0.2323794247925323,-0.2958364780584584,-0.6502612108082947,-0.26
-1.2009369193734447,-0.38755671445955564,-1.6572506722729254,0.5870333298121991,-0.9404163023013761,-0.16944191601910114,-1.3366491460651098,-0.8303585274689294,-0.5144840515281743,1.6922125479371437,-0.4947294761964715,0.11900451848688758,-0.21707238158772646,-1.1131136177316592,-1.609653106894543,-1.5938447744832462,-1.359873834250773,-0.8704161118135754,0.897235017698641,-0.6587126496759441,-0.9109765914210968,0.161
-1.1963596914833308,0.18959386861089397,0.13061212459973362,0.5084422695343574,0.6570115106479878,1.1896308899595285,-0.13908458067814827,-0.5545174290954477,0.8862940638185338,0.17536311484650335,-0.6631532002910855,0.32555375921324636,-0.21707238158772646,0.27483609787686514,0.809317371955943,-0.03716438818987092,0.13056800853689865,-0.21042335031795553,0.14204753529791941,0.497258211796397,-0.7335333205075847,0.171
-1.1917910375761256,-0.014539447142097525,0.4280207869285332,0.04663825676065942,0.08012987748479648,-1.061141071613244,-0.8594669073762676,1.0923646849444577,0.44347334951369777,-1.1325546778470217,0.9568610653566058,0.05180399280913631,-0.21707238158772646,-0.4096033594483981,-0.02867750087803724,0.2252126849357179,0.23148727552030937,0.7286705544365131,-0.7564207668778257,0.41927002206279373,0.531466315838332,-0.172
-1.1872308867829384,-1.076486862873226,0.4546665298556225,0.06152838913275097,0.23683911296187612,0.7220451489779481,0.1476406667642405,1.2083643329341232,0.3914420877198683,-0.9113500216236988,0.08068278335153074,-1.5424552206261266,-0.21707238158772646,0.1459191163383969,-1.234174148343201,-1.0046350144087959,0.7193538735086076,0.8919514208061184,-0.4685105174629671,0.8838185330063979,0.8819811575297911,-0.496
-1.1826791692679128,-0.3846549849282091,-2.5285832739801983,-2.7546299690587346,-0.37781157780491836,-1.3535505364776939,-0.3934724600980216,-1.1768622602103618,-1.6484535539737715,1.946221380101281,1.2929800505822864,-0.2554441769658157,-0.21707238158772646,-4.1113769624082614,-1.7456295913041044,-2.444165091757546,-1.8049196594038635,-0.5038712678123752,0.6346804462769942,-1.115116022913479,0.40936142161855776,0.222
-1.1781358162067292,0.2841751659525473,0.13717411785013242,0.08391192214231806,-0.9943934525714615,-0.2205990904210267,-0.11725896100872489,-2.1985157007379246,-0.1016293053592954,-0.14392910868146463,0.8365446772696483,-0.10165718976878499,-0.21707238158772646,-0.4426710425746834,0.6392179144713103,-0.30403513358286316,-1.5298258562954634,-1.7914460892965922,1.5991358298146332,-2.2834704476906857,-1.4215654815107908,-0.017
-1.1736007597656903,-1.4976635591340708,0.9264797698501794,0.5949275911936172,-0.24225477165154177,0.5613001491304976,-1.115249284001518,-0.359159232165544,0.9264493981727308,-0.7949758112468804,-1.8055322809628387,-1.2415859949882655,-0.21707238158772646,0.8446053165706473,2.0974955059203326,-0.3816616616085548,-0.2986174929395911,-0.6799945516132411,1.217986730953518,-1.0145971626874828,-1.262901446685386,-0.239
-1.1690739330813658,1.5800800514221651,0.5147442182060379,-0.7592602076347558,-0.6556738895990875,1.9128254540538343,0.00030712200002339275,-0.40575780039893794,-0.783483726553572,0.3668007746427686,0.7638261747596157,1.8241493791331957,-0.21707238158772646,-0.6876820903750157,-0.24141142430381596,0.9110426338673122,-1.4302779783772426,-0.6031384363214813,-0.35245479912233907,-0.07291723816689324,-0.6217100598709373,0.136
-1.1645552702407778,-1.276433667738669,-0.2720360385115573,-1.0700096926719138,1.1233826964624565,0.21786855737336805,-0.5347585017638076,-0.8732380792134169,-0.09254513157905042,-0.5855894225603192,-1.0377600875635602,-1.039682667930676,-0.21707238158772646,-1.1044105355299476,0.5293216705395014,-1.588417982775432,-1.584594666930155,-0.7297931283558609,0.8735592550895509,0.14087994340361837,-0.9227197581396218,-0.185
-1.1600447062621126,0.19533153258992997,-1.2726759351711037,0.08764814865304524,-1.1391299422936627,0.07902592197029631,-0.6367080691835512,0.0902809509807621,-1.1037905418878724,1.056240190941043,-1.0271436767172561,-0.18795463624366843,-0.21707238158772646,-1.238502131520584,1.9809000938082084,-1.3245645086704763,-0.3264595206595315,0.20499963053803905,-0.5523172611828127,-0.5748705526326544,0.5364031038542323,-0.254
-1.1555421770759382,-1.2911597472965506,-1.0831608010715146,-0.9115800722282091,1.482121125332798,-0.1986745014947175,0.061071029874030694,0.9219378004446341,-0.5024865652259558,0.036070455468282726,0.1908090222750764,-1.206086651982671,-0.21707238158772646,-0.6512040893475848,-0.0779593257749134,-1.3082019739862674,0.10300601307733616,0.5891541080673086,-0.22348336785772435,2.0524605010088046,0.6924111762924676,-0.107
-1.1510476195069137,0.5980129809866715,-1.1690090606843162,-0.4512335811295891,1.3199052096698727,-1.4558998083346826,-0.814792994676088,-0.5169998174806257,0.5476946766854737,0.5697249300796025,-0.22958729940849926,0.26928695666457875,-0.21707238158772646,0.65720253053305,-0.5484815289740049,0.2979682768822675,-0.4752873624595975,-0.8008092443111982,0.7508846048187087,0.028198968995577653,-0.771090130265635,0.063
-1.1465609712559746,-0.9972685224435455,0.33502965735089874,-0.931191846024544,1.5994425461605768,-0.01597456577256,0.8129070265348244,2.4614956133890002,1.4666159323663592,-0.5797747516069148,-0.022021144998882903,-1.8991036742995653,-0.21707238158772646,0.3245067124414656,0.07848888214140684,-0.9826939428350143,2.8177728661294026,3.150398716768716,-2.585791032172117,2.5484463376139757,1.3114978937883985,-0.344
-1.142082170882975,1.0474473628894667,-0.22699008756104005,-0.2779849482415413,-0.10464087542250224,1.7667352785584676,-0.2396975100165684,0.5753440319548386,-0.05012835890873827,1.1603982504049442,0.9568610653566058,0.49407339244772824,-0.21707238158772646,-1.0407646526275445,1.2052597453668425,-0.7986134063522857,0.3702796635252769,0.7547498106991478,-0.8745582090409789,0.9743867916866848,0.8139677132510496,0.12
-1.137611157789779,-0.8508330433760514,1.5693627111826485,-0.2779849482415413,-0.5393109428963095,-0.00866675189772074,1.0806507563480654,1.1992610919369608,0.8122373034541551,-2.252014830759123,-0.0039878455597874216,-1.761798224039854,-0.21707238158772646,-0.18847843189983265,0.40317411096385186,-1.075886000945041,1.0721703138015055,1.7250762425585322,-1.426285952366876,0.8232723999922837,1.015569340058665,-0.313
-1.133147872203783,-0.34114759067876466,0.02591192562004514,-0.36332860478567547,1.3967587360784675,-1.0245916379459419,0.6440609970109925,0.4241502601805005,-2.48378112139602,-1.243202378004885,0.4980342621077779,-0.23114099599700932,-0.21707238158772646,0.3166756540289823,-1.5260383417753254,0.24199544312564208,0.5071592025609908,0.1370788802451501,0.02161966586722316,1.140810915546975,1.277112322666347,0.152
-1.1286922551618532,-0.020302045333299008,-0.09770553516281079,0.34548433192766925,-0.35628840419963964,-0.9368745626917061,-0.6766912546882329,-0.8125681473994316,0.2661761407124282,-0.10908352606818777,-0.2879543263455924,0.7900254835149926,-0.21707238158772646,-0.46199795939094895,-0.01222500835376291,0.5925832483746803,-0.5670463666428288,-0.4903520580923214,0.8778638984697342,-0.9795176879386751,-1.1094063712580662,-0.22
-1.1242442484946709,-1.076486862873226,-0.7292158074929261,-0.027425477129915467,1.3988931851539899,-0.15482570872996598,-2.7252398850248256,-1.7047772044142822,0.7136503387355337,1.4784430765071275,-1.8630439002061587,-0.8681255910966598,-0.21707238158772646,0.010460757158253408,1.502117294932583,-1.2700040270179742,-1.1323469912121706,-1.5501919045671548,1.396701693503092,-0.4300625066349194,-1.6698751312210205,-0.166
-1.1198037948114707,-0.5299284172524416,1.2767700431176126,0.4654898240296723,1.0100900630243235,0.06441061608735046,0.7286334644926852,1.56472185447902,-0.35523611204363087,-0.8764341597562426,-1.3600373907060852,-1.156954521472407,-0.21707238158772646,0.8747663107676511,-1.4726247187984456,-0.1762983879722984,1.2867182313389416,0.8010484600147678,-0.6060344390853074,1.1569378675377109,1.2468114959634262,-0.29
-1.1153708374851554,0.6093822229406232,-0.8666655998432389,0.37630608727964987,-1.4462659598615581,0.4224697101126922,-0.384663863977241,-0.2214959396661361,-1.444567418027295,1.293438778513158,0.8431856400682989,0.622198388842451,-0.21707238158772646,-0.0671597203949022,1.5372758141099245,0.14136210188644813,-0.34038788655751817,-0.26565996113382795,0.16785569674893097,-0.20594569800394144,0.5265258201793793,-0.059
-1.1109453206377853,-0.6289288276819398,0.07165067837105746,0.08391192214231806,0.1166344821320691,1.8324764578727577,-0.6855832233634769,-0.9742918836339544,-0.9291556121262243,0.6740386458308364,-1.1797169347958738,0.7580870462926489,-0.21707238158772646,0.4336866859884841,-1.6550956268710586,0.8884498939800245,-0.7716276863892951,-1.1696134159016867,0.884320897511739,-0.23263617731540204,-0.47179629958319846,0.172
-1.1065271891264183,-1.246991320697158,-0.39377049288040045,-1.3384876040988758,1.8488199886864012,-1.872640308690901,-0.16966860533930825,0.6757980336959649,0.028749520478028943,0.6682442914881833,1.4268166531292805,-0.7240476403908237,-0.21707238158772646,-0.7524656763728526,0.5293216705395014,-0.6112003773421698,-0.012018450421745338,0.3624575135311464,1.0500643270652625,-0.3494394596710377,-0.11155115616114505,-0.093
-1.1021163885293044,-0.2860885006799943,-1.8520116703074008,-2.2338988238333832,0.4298794293368414,-0.3009903526925226,-0.5613220335626538,-0.14746751838179384,-0.5714240854510099,1.7903788918857768,1.1611266239575768,-0.004695411386139799,-0.21707238158772646,-2.2442367909477796,-0.31455228280078684,-1.2317799785295818,-0.931783228214368,0.34483665988033047,-0.15039018560257983,0.8931213958323281,0.1559792308262735,0.29
-1.0977128651324102,0.6321113681718481,2.0580850346101314,-0.7960001408576173,-0.09819254218952181,0.5320730917846537,-0.07365825977127895,0.31450755123432306,0.4986231254504365,-0.9579092774085761,1.0720294718574528,0.5928564620377236,-0.21707238158772646,-0.4399123107599544,-1.5716950538796983,0.651657351637937,-0.5374718962966177,-0.09274400457142286,-0.027836827441519232,-0.2958364780584584,-0.513983695323821,0.069
-1.0933165659162727,1.2352031118546132,-0.16245549499649034,1.2471031108601471,0.4963299945617542,0.7074322327353799,-0.3186819585160689,-0.6823126611471095,1.9204158286731152,-0.17877800583115472,-0.6520323505398467,0.8113104437369832,-0.21707238158772646,0.8042923129428821,-0.3793510135249337,-0.003727696488317537,-0.3311017624128118,-0.374860271890374,0.24528473569686013,0.26497659402080653,-0.9285962836916534,0.041
-1.0889274385431698,0.2698570784357074,1.3183416659438199,-0.2744086865360016,0.1230757960764218,-0.9588036249582148,1.225880965569986,1.31303371968089,-1.2128657943639667,-0.9229893249073452,0.4471145550442014,0.027595602164272662,-0.21707238158772646,0.3010004303288204,0.33618318491404986,0.0436702801816986,0.8341901521234333,1.2689718651088762,-1.2825002239913184,1.2741539472009187,1.6427085463079254,-0.021
-1.0845454313445975,0.9207834176617731,2.3314822115497824,1.0101014031619988,0.2003558261611859,0.3274776490435083,0.5379170350084609,0.09639465683295309,1.3202233495138822,-1.4937252792410811,-0.35168690529534175,0.978729286389395,-0.21707238158772646,0.7866198352331406,0.8862680148918757,1.5892200670682186,0.05089845904469262,-0.2507236596824487,-0.5458709304416873,-0.07774236024666359,-0.7162469266780308,-0.023
-1.0801704933090446,-0.53574721245091,1.221459273648909,0.9445009446081081,-0.670763138649334,-0.27175696546332057,-0.42432283698433765,0.449726009059374,0.9975638095411367,0.12893828337068836,-1.349843474933671,-0.1609758247450077,-0.21707238158772646,0.5060073361414433,0.08675448347286377,0.6769900935138168,0.3047466157268273,0.2698401473872627,0.1097884124643368,-1.0020627397318638,-0.5620264375248744,-0.14
-1.075802574070059,0.05743644355883808,-1.040075829166449,-0.4091659682847046,0.9630458836781495,0.8681714141585894,-0.41991371126264687,0.7945113353817123,-0.6432338085405614,0.7493560673063436,1.1680176037169043,0.566171723068495,-0.21707238158772646,-0.682063596120504,-0.9926271404289738,-0.014875167219659627,0.0754272021729805,0.5016043002920251,-0.8401931136122105,0.9047455198755922,0.10896229729849008,0.082
-1.0714416238945927,0.7257359445864162,-0.36181071006104704,0.5830885951508219,-0.07884878144727756,0.2324832813694427,-0.7746383561169149,-0.4763205275762783,1.171082609102664,-0.6670040355995819,-0.20612518575851907,1.4420353949476388,-0.21707238158772646,-0.20202476300877253,1.3707114293748404,0.7248657400755272,-0.41475654283528285,-0.6377830767912939,0.42812981481116175,-0.3787264454185338,-1.3970145308846158,-0.038
-1.0670875936716224,0.10344550242569535,0.1503045345916025,0.16271074240706673,0.6441614374390524,-0.00866675189772074,-1.1919049046073604,-0.37908659005415773,0.010535022805940262,0.8362394509804612,-1.3140606193603876,0.6408644202146873,-0.21707238158772646,0.19604862093088918,-0.4278168952007212,0.4689715415439436,-0.20903544444972966,-0.6890448854023786,0.6927808098294687,-0.09946680986709769,-0.7855725127245479,0.085
-1.0627404349010332,0.7993471429107705,1.0220903503821566,0.30327199650150455,1.439443919341126,-0.6152639386710435,0.2812662499001312,0.3926868072499071,0.5569007501334686,-0.07424127006515097,-0.6353225732034867,0.49941651586608515,-0.21707238158772646,0.6495532097323453,-0.9533789389397148,0.8037904890131906,-0.23835948568296256,-0.11506070427859864,-0.35675347655897566,0.5938340267066015,-0.20090375507676425,0.099
-1.05840009968276,0.10057121671957518,0.40805888571376014,-0.8919091544205245,1.991506770321259,0.5174594826206322,-1.5594101416587618,-0.2507255696421332,0.7198067767011151,0.4595810478240285,0.8964959713940682,0.29608665270347057,-0.21707238158772646,-0.5256964142911875,-0.7638734258383388,0.08552048549564076,-0.43181957223088496,0.043842248289833415,0.09258404011156865,1.8080993090609196,-0.47741025324209735,0.142
-1.0540665407061813,0.7682206769286858,1.4784018264287118,0.28414874833233783,-0.45746787608354955,-1.1781018573895525,2.193468513744762,-0.1538665311911837,-2.438602885513406,-1.9252054693751912,0.5621111171306479,1.7925826882862628,-0.21707238158772646,0.8244629083911914,0.6307456429998761,1.7518624505045999,0.017149331095625216,-0.38834318948348795,0.4001629028653218,-0.8671157740295643,0.8656380915081708,0.137
-1.0497397112397537,1.8036798517037487,-0.03274043162448193,-0.47217955644290777,-0.84761209842519,1.6644692572150475,0.5761836448502203,-0.9344250866567139,0.05304656425904123,0.8130727956020531,1.216405192247574,1.552873104590067,-0.21707238158772646,0.1088658310375652,0.02896135278690574,0.49142995544928597,0.15658348203058206,-0.565511262284059,0.008717690878154235,-0.092223251737918,-0.3353195175577084,-0.092
-1.045419565120884,-1.117601951279536,0.6219751398267805,-0.41970482160386074,-1.249379218317518,-0.4325434548605467,0.20376036673820044,0.8460489062301366,-2.200357294798024,-1.0743311333404446,-0.31698452280159817,-1.1978962800433848,-0.21707238158772646,0.8143811407653402,0.3529121306811273,0.12181217297163993,1.313670071480372,0.8833084354832841,-0.7177531113825697,0.26497659402080653,1.825105107477886,-0.169
-1.0411060567460304,0.25553453457274117,-0.7292158074929261,-1.152467495066329,0.09086720171587381,0.027872107050290383,-0.6900301348619923,-0.21502046650969917,2.488076613583356,1.8481082398569506,0.2093035397325264,-0.08279320976947452,-0.21707238158772646,-0.9029649324159087,0.32782341040086066,-0.8013651071106764,-0.3496762048080913,0.03791424099901735,0.1097884124643368,-0.4839584367754229,-0.9109765914210968,-0.2
-1.0367991410610295,-0.0721953176204971,1.2145549190262166,0.4810864960672164,-0.369202025503564,-0.578719106405498,0.238236007226121,-0.9961284660425934,-1.1303541952984468,0.5233529100591975,-0.4378102261062128,0.4593331919925997,-0.21707238158772646,0.2486228517792997,0.36128130107475714,1.0637285391706104,0.14434274915610776,0.25216887129944543,-0.34600673768372187,-0.27880522878805597,0.39677768504173183,-0.027
-1.032498773551635,0.00562438565887632,0.5214301757711928,0.28797018810348796,-0.5974836230006249,-0.04520596184808302,1.142992599514758,1.0733601379256745,0.03178596140415528,-1.3830104970466472,-0.06992126703484645,-0.3689604936131013,-0.21707238158772646,0.8898232264814788,-1.8656120789727928,-0.3234507615254122,1.3196577578490472,0.8703381927338514,-0.7564207668778257,0.1647909886462623,0.5977993442306879,-0.19
-1.0282049102342747,-0.09527616037393613,-0.4638917344874041,0.20048335250486413,0.3591186781555305,0.5028458197104535,0.44839152536096943,-0.41244370163809246,0.960449463448919,-0.14392910868146463,1.6714177682949265,0.38712490582265485,-0.21707238158772646,0.4336866859884841,-0.5645161110126119,0.14415541961644762,-0.28161249931289006,-0.1046446236321211,0.32272051086062487,0.023393011884839138,-0.5904008815688376,0.162
-1.0239175076470066,-0.9738155639096592,-0.7229430682919362,-0.8490860629505603,0.8988785038866994,1.0654335951642502,-0.9759004839304279,-0.9163752740125852,2.105968976250414,0.42479137917965704,0.17850172820753923,-0.7946985056700856,-0.21707238158772646,0.21184165799768528,0.5461944600578447,-0.05666119064866045,-0.2986174929395911,-0.6362762407353274,0.5249448287703395,0.1313093078608863,-1.3236691644048069,-0.211
-1.019636522840679,-0.6085324045866721,0.381472903047041,0.6662633448961903,-0.593173933761957,0.4736183323944489,-0.051883296491376234,0.4948222561562815,1.276685360585674,0.1115274063096804,-0.9577920167471674,-0.9116657998213755,-0.21707238158772646,0.8772768862202412,-0.363170347319347,0.16930056826700002,1.1682874787769537,0.7475081703240956,-0.7542726212051658,0.1169466761888571,0.23111894921519105,-0.278
-1.015361913370283,0.008504263713306485,-0.5780705499227518,-0.7155848852405806,2.1745318501379414,-0.16944191601910114,-0.33626284553742053,-0.28337555608706033,-0.5294759782261572,-0.24848569588581002,-0.466319110778588,0.7820421152653281,-0.21707238158772646,-0.0671597203949022,0.5040359065551077,0.558849080337577,-0.5281375523563536,-0.557989609887945,0.7594928637421521,0.6243826770588068,-0.6359751392488385,0.158
-1.011093637286495,1.2687233186726852,-0.48932545355861684,-1.4112235714068897,0.8582294357646578,0.4224697101126922,-0.3055031398292228,-1.921953170489204,0.7228852592693267,-0.5158191954303669,0.8100312865319089,1.8767386782216613,-0.21707238158772646,-1.7343716040556763,-0.5404594668596833,0.3820145875342187,-2.109185014074903,-1.261080668346639,0.7143003360339092,-0.6760104586011809,-2.197862793640074,0.376
-1.006831653127402,-1.6218636765703067,0.7973867981323741,0.22701982478602864,0.8539501462174429,-1.8360819866500657,-0.292330202796859,1.3217510256051745,-0.3341583912258227,0.0883115795948495,0.24021762389475576,-1.4384211485011538,-0.21707238158772646,0.6546532117988155,-1.2651162673446712,0.026937662870877288,1.4572150722627144,1.1183946016068493,-0.49859609247671566,0.5043366540362776,1.134759502600189,-0.254
-1.002575919910408,-0.4688673569026599,0.1568729576454913,0.4577010901730099,-0.046613302301538616,0.8608652254972756,-0.8907745606432222,-0.6544725337378942,-1.109695329748204,0.0012388144072276435,-1.0748069405556444,0.1727164968421059,-0.21707238158772646,0.3999831289524228,1.7315263689187705,0.41005313769070695,-0.48616215343079855,-0.7569782573208172,0.9747231355535001,0.17912698409237118,-0.23089820878876974,-0.034
-0.9983263971243143,0.5069482170125377,0.381472903047041,0.38402755527415544,-0.25946318687759373,0.34209196196398745,-0.9400317197706305,-1.5433101521175119,1.1307550904760455,0.42479137917965704,-0.9417023176621688,0.8352490713334559,-0.21707238158772646,0.347973753042789,0.6646534296502695,0.6544716490335233,-0.13504637088981897,-0.6694380609723446,0.3076630326993534,-0.4300625066349194,-1.0706179665692424,-0.128
-0.9940830447215666,-1.3471485120379831,-0.2720360385115573,0.20426945579859235,-0.34122358388260254,-0.7760656147311662,0.3027544211862323,0.5643308340911705,0.5108866591830195,0.5813169415947472,-0.08781343900472281,-1.378237431826582,-0.21707238158772646,0.48796176004782066,-0.5324342246320602,-0.18185749233179221,0.8130543344865109,0.40353458985618035,-0.08374062989761703,0.08580006831217589,0.3690130354394158,-0.242
-0.9898458231106729,-0.25713280180348475,-0.3426089103855282,-0.49306694485678065,0.15098582139782007,-0.10366943059728766,-0.5170621052402966,-0.5034111706668964,0.4251032895107425,0.123134752370425,0.35244823781222195,-0.2932644937332662,-0.21707238158772646,-0.43439653623261826,-1.7230400192975466,-0.14015244677244565,-0.6824638506305759,-0.5053736596564457,0.664806129772045,-0.1284618482024042,-0.5393876491879264,-0.131
-0.9856146931487775,0.8530525312062999,1.7664831639600145,0.7421229858021454,-1.5025592583020473,1.0362101634573857,0.13034910775448186,-0.4864659760999739,-1.324523118622278,-0.8473399605528495,-0.534339519397833,1.2411304817085436,-0.21707238158772646,0.826982248711954,1.7138058427817817,1.6747788241072787,-0.6091148041616846,-1.193989492936289,0.41307060335505885,-1.077370503092085,-0.16830224683593067,0.156
-0.9813896161343943,0.42710747251059866,0.16344352353021405,0.12885290939911248,-1.1434521872455892,-0.2571403580610766,0.7032934243810193,-0.008535898071182095,-0.544462410003969,-0.5041920628111531,-0.016014348158873593,-0.17985996459909576,-0.21707238158772646,-0.20744705263708615,0.9978628788202958,-0.1762983879722984,0.024821848170479974,0.12525293997202916,-0.10954110466809432,-1.0421965989117543,1.0405347624598482,0.003
-0.9771705538002928,-2.863188738046604,-0.8168057666036752,0.7181051271153068,-0.9080375166054389,-0.36676631722225006,-1.4364981552930929,-1.1731310992192638,-0.22257658066042268,0.5349465101200569,0.2712446431532963,-1.739844570242476,-0.21707238158772646,-0.1587235848450015,0.8349396227448195,-0.7710893936966524,-1.3582760011194652,-1.3435325573775574,1.9567104572490244,-1.998541132535649,-0.8553768151275208,-0.449
-0.9729574683065316,-0.18481301199322364,-0.3426089103855282,0.24982803361558037,-0.5436194294973278,0.38593457382411395,-0.7122739484550114,-0.41244370163809246,1.2207545529998651,0.5929085546722482,0.7309721833217699,0.25052063781804523,-0.21707238158772646,-0.5896979640153087,-0.5484815289740049,0.10226801717113772,-0.47218085872951293,-0.12994572045523964,-0.33740923805017115,-0.4986779381614115,-0.9904983847459548,-0.067
-0.9687503222336371,0.7767121587227197,-1.4360187813367324,-0.5034886612511071,0.1552793350674004,0.9120082720859752,0.13467305037351418,0.08109662634682467,-1.0772066479480085,1.1488268304451124,-0.8661886728432083,1.0105792206071023,-0.21707238158772646,-0.5368052363508821,-0.31455228280078684,-0.2624100898705079,-0.6059969343132648,-0.2865800303312291,-0.08374062989761703,0.3932226081303365,0.27737696962008956,0.328
-0.9645490785759264,-0.2021606585215465,-1.1322694985435464,-0.2421493940384484,-0.9145128247365631,0.2251759262540463,-0.2309346162890523,-0.03040206264452817,0.1869036184058912,1.923138983965429,-0.5961994911443934,-0.30407371002370476,-0.21707238158772646,-0.40409992951189716,-0.33887557400522994,-0.8728644843824857,0.07236184501293029,0.3888703874212726,-0.15254008016499337,0.04741375519485084,0.43696503359542593,-0.21
-0.960353700734963,-0.20505249396656805,-2.274243282599338,-1.7548663977092336,0.37841943115732385,0.1228715054366405,-1.472874245925534,-0.05864735988467357,1.1772893096010753,1.6402287671673572,1.2929800505822864,-0.1420965059415506,-0.21707238158772646,-2.2125376588780292,-1.5031662250995153,-1.9911883426129133,-0.8908838757039089,-0.11506070427859864,0.12914374185639652,0.20538900280575795,-0.43818399644731565,0.002
-0.9561641525131501,-0.1385809672350576,-0.6726829146666351,0.5870333298121991,0.24542248140520642,0.9777626808466001,-0.30111150671471926,-0.5408494126528451,0.682878714416394,0.007044321963601404,-1.101164183321366,-0.010078699185106706,-0.21707238158772646,0.7866198352331406,0.9720636904193359,0.03530343759616526,0.1504635242170235,-0.04072270095769543,-0.3116161626510933,0.5232032659899541,-0.6188595649083842,-0.211
-0.9519803981074547,-0.21372896007943207,0.4680022008933716,0.7181051271153068,-1.238567507761113,0.9266204538466912,0.25115260328364875,0.7971061336067851,0.6613490870395854,1.1719692439391716,-0.30538464941728793,-1.0642162204433023,-0.21707238158772646,0.6393477410354282,2.651468135228953,-0.4370502417500584,1.1547804800658024,0.7938197914932507,-0.48355345837865743,-0.25449507133868715,0.7523062937036461,-0.435
-0.9478024021032568,0.8587013814029527,1.0906375254973846,0.2118464841140232,-0.17558621247540993,1.328435276773608,-0.18278606581615373,-1.0657012808929758,1.9581140008619409,-0.9171696306548632,0.5878759489055041,0.7154817214359468,-0.21707238158772646,-0.47858594410238636,0.47877825711140204,0.2615806364418313,-1.8293364141536828,-1.3450606027344238,0.7637970210621563,-0.5970357940962283,-1.8466960812289461,-0.087
-0.9436301294683264,-0.725179852591638,0.9264797698501794,0.16271074240706673,-0.3971844513003623,0.9193143694709821,0.09140213824689096,0.654295385761228,0.8801188843485057,-0.5332605590342124,0.9973366349843269,-0.7349133419985092,-0.21707238158772646,-0.051064451892143654,0.3529121306811273,-0.3234507615254122,0.3824620989927405,0.5366558362800402,-0.37609722533645784,0.5938340267066015,0.17158723431542547,-0.024
-0.9394635455469181,0.10631961676034588,0.31515745954847435,0.6384602071196094,-0.9922340654931397,0.5247662939169019,0.8507344226543457,-0.3525312720146207,-0.4814825540734724,-1.1034418590341302,0.17235478070014557,0.06524941488329968,-0.21707238158772646,-0.5813326084464625,2.514197600532152,-0.23186765977101248,-0.7184142763495228,-0.14185786861504643,0.2818507974962019,-0.6957946225446422,-0.03915189148053974,-0.025
-0.9353026160539877,1.8696940338874575,-0.8666655998432389,0.3416388272846883,-0.209993006886478,0.6562866086964113,1.5507743327805583,0.9666524438328086,0.41898140913711074,0.041875400909957144,0.2712446431532963,1.2596537711362688,-0.21707238158772646,0.9048644804436831,0.2860715387686188,0.2531862826285556,1.1577823014089244,1.1369222513345552,-1.516400903732417,1.1454195696100355,0.9006011071387988,-0.164
-0.9311473070695205,-0.37304960916462626,0.7567797081268816,-1.1050318649651594,0.9245477082223372,-0.03059023567752413,0.7201897824983994,1.251183699252771,-1.2628642018825065,-1.5228656056999412,-0.9952097365476543,-0.9525033303393795,-0.21707238158772646,0.4077680158966837,-1.3730072469151775,-0.5366250826145629,0.9397482269130367,0.8991515486595508,-0.7070117094496056,1.5525926089500799,1.718787072133491,-0.244
-0.9269975850329756,-0.0721953176204971,-2.651268939178807,-1.3749752557423147,-1.3467137679871979,0.7220451489779481,-0.5790436415648023,-0.06179486422717715,-2.0633789266584333,2.1538773456155003,1.195635287124511,-0.22034208237485864,-0.21707238158772646,-2.22520745958152,-1.8356947135130521,-2.2945319403805224,-0.8327707388602743,-0.09274400457142286,0.144198186193465,-0.21564803149041484,1.136981628081538,0.272
-0.9228534167378373,0.3585567800043103,1.6184886599010635,-0.07888606831215435,-1.5740343174351572,-0.7541376876286633,0.3456765218298727,0.421299225043316,1.8639086632897743,-1.1034418590341302,-0.08185363039965474,0.26928695666457875,-0.21707238158772646,-0.1290331635943764,0.2777305676486208,0.9505969871355897,-0.04735291604782533,0.015675589929323823,-0.19553676417186167,-1.228724030661775,-0.37965778204561107,-0.326
-0.9187147693262749,-2.0344390239890005,-0.5717457022121782,0.614691193787213,-0.20569183311409855,-2.267497110744722,-1.1062420210075867,-1.4656217346750258,0.8091537621933216,-0.5158191954303669,0.35872681766110964,-1.0342316181384026,-0.21707238158772646,0.09826102329877276,-1.7606730276145115,-0.6250006072205325,-0.6543546711002127,-0.9568051049269162,1.7068278725275279,-1.7406615560764693,-0.9727751069708261,-0.361
-0.9145816102839078,0.790860555627022,-0.6411997208929084,-1.4382526008402565,0.6420196836965962,0.020564363288391556,-1.9351393942964101,-1.5706679270442372,0.9913763974876779,0.8072808758510591,1.9905424304743824,0.675517428793189,-0.21707238158772646,-1.9525405485445797,-1.7907208135517276,-0.4674929266479288,-2.32860755843793,-1.9178285822739873,1.6379038365985616,-0.9995566612921497,-1.9008591581375265,0.003
-0.9104539074346704,0.03441560670418729,0.3284034541527071,-0.07888606831215435,0.3591186781555305,0.0717182760010155,-0.3890678393984128,-1.1173770833056063,1.0254154910619366,-0.08004808120265035,-1.491369310616528,0.6408644202146873,-0.21707238158772646,0.11416520285295156,1.5812931416149374,0.415662230235886,-1.083266141090141,-1.3634004085866283,1.5646764541461624,-1.1277115388272465,-1.754821109381115,-0.185
-0.9063316289357785,-0.18481301199322364,-0.3041469972696593,-0.17723719783478314,0.7704871735804069,-0.3156071326664892,0.28556532548053254,-1.4617558630170087,-0.622302612185775,-1.0568657050155783,0.10503153187887013,-0.20684561460576686,-0.21707238158772646,0.3505787873947326,-0.33887557400522994,-0.009301670025743676,-0.9743120189808095,-1.2061816913338794,1.3493286732791723,-0.16959537507766625,-0.5563616724235789,-0.089
-0.9022147432727926,-1.1969695152982156,-1.7696805217426335,-1.7323053833398878,0.8689272924109265,-0.2571403580610766,-1.9167275135606192,-0.6267474978288226,-0.05012835890873827,1.0909633551592448,1.1267520343795816,-0.4826398858664382,-0.21707238158772646,-1.6372673832503073,-0.6843695782303932,-1.3736231659679026,-0.9774646175959948,-0.21788330530108146,0.5615219725791394,-0.11879313132625077,-0.5535305564482085,0.04
-0.8981032192547764,1.0474473628894667,-0.14952272523982174,-0.17723719783478314,1.1703928827200283,-0.5641012768738974,0.9722272926945278,-0.6232899645463066,-1.677466598366702,-0.5507027190130003,-0.674258887652521,1.365427093230618,-0.21707238158772646,-0.11825254634086729,-0.9769374774459271,0.49985374914909153,-1.159297750159444,-1.0691805857088148,0.017318985573710335,0.9674306173531382,0.49680509151000074,0.439
-0.8939970260095454,-0.9064375473421896,1.207652674310077,1.1009655082701162,-1.7864663633609335,-0.13290150440472692,-0.33626284553742053,0.22010525888201907,0.9697257691181549,-1.5753232640678514,-0.7515769419238263,-0.5286981371115366,-0.21707238158772646,0.037125680967494634,0.6561718082167906,-0.028806824768109873,0.09381495224846176,0.31838713717927636,-0.17618854156484146,-0.5281435857516958,-0.2555170197877402,-0.425
-0.8898961329790113,-0.3527461537864103,-0.20765233670563366,1.9531593395498776,-1.3380596752835163,-0.6591182261171541,-1.441043210358476,-1.0841168565049213,0.7413598395473628,0.5871127979708745,1.1130395508986646,0.16466248085184887,-0.21707238158772646,0.7436103267951,0.09502323023408936,0.9986563814430365,0.08308967877485857,-0.4708316968013703,0.6475913394710444,-1.5216545059715894,-0.943302002221729,-0.226
-0.8858005099146085,-2.4881650970414437,-1.242251484649249,0.614691193787213,-0.2874300458507269,-1.7775895356890197,-0.292330202796859,-0.9344250866567139,-0.5534516244132037,0.4421866548004937,-0.768049736435729,-0.9388888334465479,-0.21707238158772646,0.2039473710284721,-0.6764016490578405,0.11343539875484761,-0.01048281981011514,-0.09274400457142286,0.7745574954824228,-1.1277115388272465,-0.48583755296075715,-0.232
-0.8817101268728115,-2.1446450367120025,-0.08472971881867786,-1.4889393965768298,1.4586496474769801,-1.4412782922914416,0.5336614114570599,0.8867349618137856,-2.0032493723435603,0.5639287750710518,-0.839047158492372,-2.5189095144987697,-0.21707238158772646,-0.28358596152490756,1.696097584226827,-1.2153902768216318,0.3809394606669801,0.4752884181979225,0.22162514237503772,0.6478579203339035,1.5447962857599584,-0.382
-0.8776249542107359,-1.135230773162341,-0.9287942372915248,-0.042160790980170296,-1.8059885381383118,-0.24983207588097545,-0.3934724600980216,-1.1955447256727687,0.09255605500258961,0.760941843523129,-0.05797187615489731,-0.6127522120860155,-0.21707238158772646,-0.8289212482284835,1.344513434481088,-0.7931096224878613,-1.0500643709639184,-0.9537713772205714,1.5000678736280635,-1.9096283240494798,-0.9109765914210968,-0.314
-0.873544962581819,-0.19059491900542583,0.54150083357623,-0.2097588711587926,-0.5996385038033034,-0.7760656147311662,0.3413875778834193,0.9393999005846507,0.38532427418147913,-0.5623312674119024,-0.06992126703484645,-1.039682667930676,-0.21707238158772646,-0.00823531535043112,1.1619051091776105,-0.6691402400576328,0.7420382783802812,0.9739037274690907,-1.0205895285936086,0.16718087418976244,0.939963030681847,-0.28
-0.8694701229315854,-0.43400527657615884,-0.24630843514056588,-0.13003007136258654,0.8154327570878973,0.590526992259001,-0.8863002338227637,-0.7877368686551511,1.504048804031381,0.5059617679249878,0.2712446431532963,-0.21764259528849478,-0.21707238158772646,0.06373937423648658,-0.045117386988158176,-0.38443225981415297,-0.6715298155128241,-0.7222444831738629,0.5701285630875994,0.776606479496002,-0.45497483555244295,-0.108
-0.8654004064934862,-1.8441891378326327,0.5816996631121618,0.37630608727964987,-0.46177454719348676,-0.578719106405498,-0.9579613398276465,1.3691839849064014,1.8482208067216468,-2.071072796656333,0.9031826853776068,-2.4167774526172834,-0.21707238158772646,0.35318333971520527,-2.0956982852144908,-0.27906339667747493,1.226782438176753,1.2406491457164062,-0.7220496252641612,-0.22050060959898354,-0.0712504632984765,-0.51
-0.8613357847848195,-0.6697432337930135,1.3114077937326294,0.6463959815939886,-1.0116694546690386,-0.052513846054962246,0.3027544211862323,1.328269986271212,1.226966486488978,-1.6569369611722975,0.6786631039387825,-1.1869768292284648,-0.21707238158772646,0.801769001258484,1.7315263689187705,0.5504180975121715,1.3076818001561228,1.2661414937871285,-0.8895923730792932,0.03780816915962372,0.7308121978960043,-0.191
-0.8572762296027244,0.2010684961756768,1.0837732936559246,-0.22417085526012667,0.7276731829532879,0.6343668564061175,-1.1603205262998315,-0.9670273028505117,-0.06831179844329566,-0.6437409651604323,-0.0937690054044646,0.29072758721907654,-0.21707238158772646,0.8571800552389257,-0.2006668801425886,0.9195167404264518,-0.7199781899770707,-1.2732879706141653,1.3105704172981543,-0.48150604780096856,-1.1153860348264413,0.065
-0.8532217130202453,0.3528394608656061,-1.9805097505785783,-1.649621185948489,0.5284760018658844,1.2115476765099265,-1.4137812842013615,-0.7488937816035613,1.9298383726732236,1.7268632762598217,0.42809733381947135,0.40317774508241333,-0.21707238158772646,-0.823242723040606,1.651880628980969,-1.4607308155836285,-0.7872946727530373,-0.7856905708612766,0.5120355847161945,-0.24234887786678666,-1.3419621990299493,-0.049
-0.8491722073824743,-1.073551083172805,-0.5337510903501989,-1.1587641640702866,1.2387537084317246,-0.8783977334681033,-0.384663863977241,0.17520405835823158,-0.031937712271909835,1.7557357351453646,0.9165714643065063,-0.879008713140679,-0.21707238158772646,-0.43439653623261826,0.6392179144713103,-0.9415320874149831,0.47677400269000664,0.42551790870333006,-0.15039018560257983,0.6384702924071632,0.37659616849716127,-0.025
-0.845127685302759,-0.6522478353264524,0.5013786969036482,1.7628381280231435,-1.4289485400724609,-0.6518091411033401,-0.4772822918253778,0.11469170799923707,1.3544538814998048,-0.8647962230704901,-0.9148143889381236,-0.8572437616600032,-0.21707238158772646,0.7537417993215302,-0.33077097831903973,0.16091779479051477,0.4357247434937851,0.3991360537784054,0.04742420740875089,-1.2439142770539602,-0.4242150520300582,-0.389
-0.8410881196589788,-0.32085609660465714,-0.7480209794475319,0.614691193787213,-0.49838509864840147,-1.34623999351853,-0.7300800834841876,-0.9525195681027928,-0.774546754100582,0.5697249300796025,-0.37474116063861435,0.16466248085184887,-0.21707238158772646,0.20131495057050106,-0.5484815289740049,0.398836334505104,-0.5810637251489796,-1.0175179184940195,1.5259108737035272,-1.3403545763569267,-0.5847192481743066,-0.183
-0.8370534835898922,-1.7314588355518306,0.4413393912983427,-0.29227378165302687,0.11019296584864809,-1.0538311540709187,0.5251479048123072,-0.3359930860466361,-1.227578950624582,-1.138377492279422,0.7375330489523084,-0.9497802725198707,-0.21707238158772646,0.4466282167523668,0.21111570981629646,-0.3012609839915927,0.8492821841117495,0.23154049437062493,0.4345838374025801,0.19822927835502882,0.7808454338806305,-0.43
-0.833023750491545,0.1379235312200456,1.5203396507206592,0.2080571663691772,0.7940312593982023,-0.2425238080360381,-0.14345171862716438,-1.8167477045593463,-0.7387780619175637,-1.2199056358949842,-0.963148096607322,0.44329342793049714,-0.21707238158772646,0.8571800552389257,0.08675448347286377,0.5925832483746803,-0.7434454882518381,-1.0524605272289713,0.8154483510900025,-0.09463754035827113,-0.6217100598709373,0.034
-0.8289988940137447,1.3495985681314853,-0.3682069888971233,-0.17361558632830962,-0.593173933761957,0.4370836697794635,0.8549338411158356,0.553287772262091,-0.8340870003268267,1.3454825634277015,-0.01000325000482399,0.8538629489145994,-0.21707238158772646,0.12475789281781575,-0.33077097831903973,0.4717784424023085,0.27118346895585227,0.07790936825421207,-0.2750745015853988,-0.12120996287987054,0.5092049149876955,0.137
-0.8249788880566002,-0.052008225539465866,0.6555965541555321,0.2156374089305895,-1.286143869727612,-0.6518091411033401,-0.20903895893506969,-0.1538665311911837,-2.1576191511468727,-0.7775226452606788,-0.768049736435729,0.22906677315189655,-0.21707238158772646,0.21184165799768528,1.651880628980969,-0.20686747889893844,-0.15507209505589936,-0.5173946432988595,0.4302811506930601,-0.8322551311728974,0.8257517189631709,-0.023
-0.8209637067671172,0.8587013814029527,-1.3998589302222402,-1.6611097464584772,-0.4359359467754843,-1.1781018573895525,0.8087003419495818,0.6623729344445775,0.3302974287175021,0.760941843523129,1.3843352971623892,0.4325981928336871,-0.21707238158772646,-1.7465623830223111,-0.0779593257749134,-1.807760134338353,-0.2785214582425646,0.4782135485558607,-0.4964471635824512,-0.7478057831656585,0.24914290315857449,-0.321
-0.8169533245358586,-0.10393418317395862,-1.1690090606843162,0.6981340845656657,-0.10464087542250224,-0.7468284085958823,-0.03447556623646539,-0.5991376305137066,-2.1176751268374603,1.490002101919294,-0.3632220753560282,0.6781823771403619,-0.21707238158772646,0.3192864917019231,-0.3793510135249337,0.47739258785556654,0.1856421720967868,-0.3598843200503272,0.49052056967828805,-0.5674866365426633,0.8445563256038547,0.098
-0.8129477159936614,-0.7456170201805155,0.9537547340673483,-0.3349845728140192,1.3839516211498344,0.9558446614067416,2.0893322377150496,1.242226942047951,-0.5504554403179034,-0.5332605590342124,-0.4492256375803388,-1.1269413305300857,-0.21707238158772646,0.6035710367450848,0.11157015829096108,0.289569384536483,1.327141544545193,1.2548157721868094,-1.3275713864605967,2.103765983511452,1.315777731371706,-0.292
-0.8089468560084115,1.8779384116111182,0.7567797081268816,0.2994441372076095,0.9459364165357773,-0.16213380526131663,0.5591838308786107,0.13292262959731896,-0.05012835890873827,-0.7484357635354183,-0.10566743108019959,2.031721022182333,-0.21707238158772646,0.6750350459410009,-0.9533789389397148,1.7661455566009496,0.5162711973421685,0.3345533264143004,-0.9754951862898803,1.06465749776352,0.06429254137552445,0.308
-0.8049507196818746,0.42425331228361574,-0.03274043162448193,0.02435140944459504,1.6889933442890626,0.049795254392273745,-0.48169972920493304,1.3086641399685475,1.2083326428727217,0.25659188443339287,0.06853472099578498,0.08406855717199266,-0.21707238158772646,0.6673952619420903,0.17788360009151089,0.21123026601322736,1.6957392241431597,1.2264720798479236,-1.2932317784971488,1.7810724215059923,0.5215816187706308,-0.194
-0.8009592823465811,1.2324082976601882,-0.4192994077200464,0.09512543302754478,0.228255388895633,1.5548958476062809,-1.5320614062753652,-1.10997346003806,-0.4063814889820833,0.7030089062211488,-0.4378102261062128,0.8777886235711923,-0.21707238158772646,0.0956085564818907,0.269392731938651,0.5026619090896954,-0.6184700473150764,-1.3343651652004165,1.019927202516815,-0.0705050220534119,-1.0349356571141457,0.026
-0.7969725195627686,0.9207834176617731,0.38811619604058084,0.4577010901730099,0.37841943115732385,1.0508219050614396,-0.40669018959845027,-1.5121500157029346,-0.6641539749357127,-0.7193510474448179,0.9098745142409851,0.6781823771403619,-0.21707238158772646,0.23024434268312866,1.9094056640380226,0.7417707872585043,-1.8277079417263613,-2.004282961411194,1.4548440190616487,-0.879578450037959,-1.2841335198814339,-0.119
-0.7929904071153713,-0.11836749105273164,-0.7292158074929261,-1.2771436335630733,0.32265684185723614,-0.8857072839333695,-0.5082177041759051,-0.6927823652906094,0.5906702182310527,1.0793893891605615,0.6072502008748094,-1.066942556428044,-0.21707238158772646,-1.3562432627757772,0.3696536025687438,-1.1333703782889524,-0.7763270127527461,0.012709411211461678,-0.02353637885433403,-0.5453483425641393,0.5116821062600303,-0.225
-0.7890129210110665,1.0923766880838863,-0.5907137395978794,0.05408010009088583,-0.14548512485225557,-0.5129393372795252,0.2898636809457862,-0.6858007656211514,-0.3913451337003335,1.420641308575382,-0.3689836263297685,1.6583125354074992,-0.21707238158772646,-0.17224050585544587,1.2226232318848256,0.9392935307513343,0.12597550373539448,-0.06746755194877171,-0.5415733447414696,-0.8173305215594785,-0.47741025324209735,0.162
-0.785040037475368,0.8925769307124329,0.5951163079158054,0.883369932438883,-0.9360988063464594,1.0289042733239602,2.1053766097896247,1.5825182217080709,-0.6701291325312295,-1.6802580301967587,0.7375330489523084,-0.010078699185106706,-0.21707238158772646,0.7840934229412203,0.9892600491629125,0.6460290958904132,1.416876412057127,1.5178332303995674,-1.6965834887723121,1.294788350608607,1.8769687380120101,-0.102
-0.7810717329497703,-1.0794227778506942,-1.1995651073151032,0.2574436193757982,2.0468546873663387,0.34939909797228225,-0.3494553421057114,0.6971806809994102,0.14122835746008885,0.755149006219159,-0.41493181304992643,-0.9552264672735108,-0.21707238158772646,0.6240258500608572,1.3270635212051016,-0.514511238222566,0.6300344064239042,0.5891541080673086,-0.4728085318141001,1.90474109502146,0.36395305330806826,-0.182
-0.7771079840889413,0.09194733250956502,0.32177938814674617,0.6821859542108704,-0.24225477165154177,1.0800452338246977,-0.44196575443396424,0.08109662634682467,-0.4184067154526777,0.25079045203559786,-0.6185784918047144,0.016833595557920925,-0.21707238158772646,0.19341471124139728,2.8078648517324454,-0.32622393385733095,0.09841071657113643,0.042360337513392,-0.1697390301679044,0.1169466761888571,0.16638814525415732,-0.127
-0.7731487677579626,-1.2116778508618353,0.6152572395881324,-0.5138957216388929,1.1575729044359595,0.7220451489779481,-1.55029168697402,-1.3085717813293263,-1.1804742958352596,-0.06262792607722474,-1.5611850733635348,-0.914387744451762,-0.21707238158772646,0.8772768862202412,-1.6323889835013903,0.007421678744749658,-0.9648561517543071,-1.823788127816924,1.764985619186529,0.17195998146389296,-0.4661857444802457,-0.212
-0.7691940610296141,-0.219514069651485,-0.5083780083874604,0.2612538210752556,-0.19708976388329413,0.46631142687351224,0.15196180001880286,0.9961202457245997,-0.03800206045285608,-1.3771842164146424,0.3023852653769106,-0.21494320488866878,-0.21707238158772646,-0.08058682151134121,-0.06975357136737746,-0.1457146865588155,0.0815572880649448,0.12820980042847052,-0.07084008821060807,0.23877490952441696,-0.012499755283739054,-0.228
-0.7652438411817081,-0.18770388518775527,-0.019721613261197105,0.5673256323055581,0.01784225604368658,-0.4690868185145942,-0.9489953378629621,0.16316043912634384,0.6244613853938458,0.5291497596021276,0.7835983358146413,0.09482001123110136,-0.21707238158772646,0.11151576939865365,-1.419052458704978,0.8461076640729949,-0.03505940524146621,0.05717670799383008,0.3721968387031467,-0.366519315308623,-1.00529033446961,0.016
-0.7612980856944631,0.8050038438304031,1.8727590892613313,1.0389294152349267,-1.074308495503254,-0.0817455238990185,1.24656183434438,0.11469170799923707,-2.203204354757164,-1.8610391973454028,0.3775902996250948,1.9214183308377857,-0.21707238158772646,0.5394597869870827,0.2860715387686188,2.7173654409103287,0.4418082491768417,-0.2238522751940429,-0.4405728175851696,-0.14539103777156975,0.8328106348154045,0.05
-0.7573567722479257,2.176411605031015,-0.48297027111198865,0.41110316723101736,1.8019488024404757,0.11556394295273135,-0.3934724600980216,-0.36911476028639156,0.6674995238391904,1.2529542081048344,0.5044205096157753,2.4299731673228213,-0.21707238158772646,0.826982248711954,-0.5163742016851132,1.7690024906620854,0.3976858794289631,-0.2940540868939694,-0.21273479044015764,1.310826875479404,-0.9344761023625773,0.22
-0.7534198787194323,-0.5648501476075264,0.8992387009550731,1.4892456275704222,-1.6780501530783234,1.401488386918317,-0.32747109937407654,-1.1359172845915446,-0.41239453145931915,-0.8240661452415845,-0.800895200548984,0.11900451848688758,-0.21707238158772646,0.5779611758662339,-0.1598433116540813,0.24479297803948144,-0.4085536903843981,-0.8522481953964162,1.2007627195461779,-1.2743250619504078,-0.36577851385533844,-0.08
-0.7494873831811134,-2.159549793570493,0.2820798852208226,0.4382572681881842,0.7362366596165818,-1.6386741947554697,-1.5275052188419658,-1.0657012808929758,1.8921562152100788,0.27979665259003333,-0.06394870248632444,-1.1951663052703516,-0.21707238158772646,0.4025785684179752,0.445145144766489,0.20284221812023884,-0.1951524280990648,-0.5971159777648244,1.4914536688696698,-1.0522408626379798,-1.3541736084538603,-0.264
-0.7455592638974393,-1.3117817335577355,-1.8637377581219023,-1.684006417876299,1.257976441311997,-0.023282393696238763,-1.2913537211035282,-0.12194437655945489,0.22042626692373865,2.2230612871679423,2.423505474910885,-1.102391909257755,-0.21707238158772646,-2.1746066694749926,-1.775703436411317,-2.0046497314639846,-0.599762009244386,-0.024388037372436652,0.7078444288764952,0.23162440487954264,-0.0900329476695934,-0.215
-0.7416354993228053,-0.08661961243275945,-0.23343169297431748,-1.4382526008402565,1.245161468555908,-0.20598268351987223,0.4569319390526719,1.8628954043227073,0.6767265074308978,0.22758376283028695,0.24641397164521567,-1.257974525125423,-0.21707238158772646,-0.34918822845917674,1.4319479448571477,-1.0950538819988782,1.4572150722627144,1.7983511143423498,-1.904567551356525,1.857583763029691,1.2943377109337855,-0.237
-0.7377160680991575,-0.34404699839804215,2.043779075724915,-1.1650542223224392,1.4650511983391084,-0.08905347865840145,1.3373649064362203,1.282292014359659,0.8029871995797472,-1.6744276437164392,-0.4492256375803388,-1.5506727197680679,-0.21707238158772646,0.24337431105449495,0.37802903473366223,-0.7628297091552402,1.259754465614104,1.484268672391902,-1.6065002757231572,1.794588995059859,0.6658703730949828,-0.482
-0.7338009490536553,0.5382738140482816,-0.23343169297431748,0.9200056212066902,-0.6578294237598286,1.7082978458426652,0.8843095960401925,1.6735690481912822,0.3211321693436241,0.30880044498662407,0.12945071870401215,-0.713183279946538,-0.21707238158772646,0.23287132210992745,-1.6626580093332426,-0.2429756983620237,1.1232521406936216,1.3254895846814128,-1.3168404835879697,0.7345382595952591,1.1613592006645348,-0.217
-0.7298901211963738,0.27558484907009057,-0.27846254616915683,0.016935357370452042,0.31836679558141295,1.6060304508447083,0.6694645361036881,-0.3030527011736087,-1.1775280827094845,-1.3247513688988248,0.4852759905317995,-0.23114099599700932,-0.21707238158772646,0.8143811407653402,1.187908618400668,-0.256858014285885,0.36723357938538964,-0.2208676785985819,-0.03858785171974999,1.3291454454417737,0.8959519108158027,-0.156
-0.7259835637180421,-0.21372896007943207,1.1938545154036428,0.7341106573712383,0.9951225495287356,0.8170278187985152,-0.5746122973715935,-0.08387854018084871,2.481744051423058,-1.3597058644164768,-0.8118141404888671,0.2585640076989915,-0.21707238158772646,0.7030127482165638,-1.195424006670624,1.094870513049585,0.3138961107068335,-0.2417645327133708,-0.0923408784813749,0.3457973785017631,-1.058710796624889,-0.115
-0.7220812559878163,-0.6930785886219143,-1.1383982345997514,-2.043614242748705,1.3263106652318686,-0.8053030612515139,0.5591838308786107,0.372547766655674,-0.798374037628068,-0.06262792607722474,0.8564827472751338,-0.840923448890789,-0.21707238158772646,-0.7411762860834101,-0.9455196829489934,-0.8426253017455321,-0.07810203424085639,0.5162141777785519,-0.41908156730495194,0.7509059063917896,0.658612212678741,0.005
-0.718183177551093,0.2669929256764202,-0.38099306361750396,0.07271290656969262,0.31407666108106463,0.7731899399424033,0.6906132585080814,1.367046469377734,-0.813258528326329,-0.2020124394177582,-1.7475882013948965,0.059871562949738194,-0.21707238158772646,0.629134974471541,0.36128130107475714,-0.03716438818987092,1.004492776924908,0.8775447351451076,-0.649005266128359,0.532631544330425,0.953788560655662,-0.07
-0.7142893081273515,-0.12991707283589982,-0.5464246309674675,-0.5794665582257935,-0.5630088074255751,0.3932416282141095,-0.8907745606432222,-0.06809535364666575,0.2570227486101067,0.36100117828114864,-1.3396363567749743,0.15660747913722778,-0.21707238158772646,-0.3574108227593388,0.7241119989941083,-0.6994675355780059,-0.6278277485414572,-0.4948579975072345,0.5227932758822736,-0.9120122056573186,-0.8963161792388009,-0.203
-0.7103996276080348,-0.7514575048099139,-1.1690090606843162,-0.02373761402401235,-0.25731205340840774,-0.00866675189772074,0.09573237192550083,-0.1731072938390146,0.08343554537081445,1.108323511113387,-0.2704872769141532,-0.8382036811381319,-0.21707238158772646,0.08499362181761501,-0.08616192591551224,-1.0813631926247986,0.4691748323626358,0.20794964684101422,0.5679769082070555,-0.0898091937540119,0.2978421480583679,-0.174
-0.7065141160544632,-2.631977463808381,-0.9783400747760533,-1.7153140770774788,-0.17343598461699353,-1.6825415572686786,-2.440057672653178,-0.3392970980960294,0.10776080478879259,0.17536311484650335,1.265058228232651,-1.8991036742995653,-0.21707238158772646,-1.8107587073918592,-0.8904152026675984,-1.7103873047395706,-2.1305672402164646,-1.2854979948442051,2.493262769952586,-1.7873208521251076,-1.1783687546624921,-0.205
-0.7026327536957784,0.6661815957443424,-0.3554122705451637,0.2574436193757982,0.954491316570577,0.005948833740493869,-0.8773533836430573,-0.5068056252380977,1.3949330958333968,0.6624498365464786,1.4197223993666308,1.2173090726970572,-0.21707238158772646,0.0743705666950436,-0.05333260152979,0.45493875693844493,-0.9585538424565292,-0.7751103385578066,0.6734136386282545,0.23639162690709795,-0.852458773938192,0.233
-0.6987555209269236,0.13217891520127553,-1.3273016171072272,-1.1556166558470018,-0.5220779553457644,0.9266204538466912,1.225880965569986,-0.005419478466384039,0.18385725409118625,0.007044321963601404,0.5428379182151606,-0.6046142902746128,-0.21707238158772646,-0.7722452200126576,-0.8667509757758567,-1.1962629309335746,0.06623050116826758,0.7069181825636903,-0.9669054229216895,1.002193900917154,0.9881990917948057,0.007
-0.6948823983066519,1.0390168044880017,-0.05225253952126536,0.8996365616058204,-0.7483838436762175,0.40785569627933027,-0.12598719299284777,0.5588130353576198,0.5476946766854737,-0.4518743648273738,-1.3089355111909808,1.4710770327425398,-0.21707238158772646,0.7309359226720965,0.04545793989932778,0.6375875602434182,0.3108464730103438,0.11490196263109737,-0.38684353987245346,-0.3128794083877977,-0.45777628718577945,0.098
-0.6910133665555684,-0.9533014560841516,-0.7292158074929261,-1.0986790465778127,0.10589850918751598,0.2105611747189837,0.6482968270351959,1.2151715451756715,0.05000874499460765,0.5175559615557661,0.6656350156095966,-1.7974819259635084,-0.21707238158772646,-0.3409706111203149,-0.4842160147441672,-1.7022647408191918,1.3046874448622885,1.6335113736986897,-1.3919524629083886,1.67045126438678,1.448485688290479,-0.4
-0.6871484065542005,-0.5677612603498045,1.1662835253428876,-0.2421493940384484,0.684850697385722,-0.6371910156324198,0.4526621032633991,-0.7841967126353039,-1.902750943364097,-1.2490267702359767,-0.7570715925750793,0.140494529578855,-0.21707238158772646,0.1088658310375652,-0.39551899600826174,0.02136107333744171,0.03249303258872135,-0.10166912106438009,0.24098294457793165,0.5420564773659887,1.1525085994294972,0.336
-0.6832874993410996,1.2687233186726852,-0.34901167057738763,1.5408765158005953,-1.0678276083915392,1.649859629465643,-0.38026053426235157,-1.8087041202491059,-0.4544617330200695,0.5813169415947472,0.03824098144175028,1.0954525522490939,-0.21707238158772646,0.19604862093088918,-0.05333260152979,0.41285762640505536,-1.449513502281922,-1.5824053816358943,0.6927808098294687,-0.3250600998087189,-0.5196230936629583,0.08
-0.6794306261109714,1.7844057058209384,-1.0462373852708822,-0.18809232296391165,0.18747783420610858,1.0654335951642502,-1.5001797327008448,-1.954562581685526,0.36086044647686016,1.073602247773346,-1.4461565019733267,2.2205459244540275,-0.21707238158772646,-0.845971460467533,-2.007005772214925,0.24199544312564208,-1.8798672719389748,-1.6852985405324703,0.8003831055734596,-0.7676493241211929,-2.113265045216055,0.251
-0.6755777682128355,-0.1212546421830437,-0.34901167057738763,0.3224353603621015,0.3955741645531752,1.3211298965681402,-2.008871224928767,-1.8006675614169225,0.5231530994989411,0.8941488997791426,-0.3689836263297685,0.6248652543589122,-0.21707238158772646,0.7486769565893482,0.42834734779959527,1.526537312917185,-0.630947530233269,-1.2595549473183731,0.9940960682112902,-0.46189577659941855,-1.7453543883931175,-0.115
-0.6717289071482123,-0.15591313627962794,-0.63489656870047,-1.1018562809473595,0.007101084955871251,0.838946581064454,-0.36265368104459084,-1.5706679270442372,-0.6462230801891127,0.9983598363749528,1.4339165347737028,-0.49076594293737297,-0.21707238158772646,-1.1334434461878762,-0.9140506226521451,-1.1169521722154625,-1.50731124220672,-1.0630999395974918,1.0134693593684256,-0.21564803149041484,-0.23909669752657514,-0.166
-0.6678840245693382,-0.1703610588554767,1.75941484941587,0.694144659715593,-0.5177699479624098,-0.5860280433036265,-0.4684493280371726,-0.4024175640234823,-0.14097299883488468,0.34940169405497795,-0.6353225732034867,0.5101015517500056,-0.21707238158772646,0.2065792955834337,-0.19250848659422312,1.3956394198256956,-1.2259924252004804,-1.3786881681134977,1.3837815814103729,-1.6167203095693483,-1.287169895563795,-0.097
-0.6640431022774078,-1.1469860000430865,1.7311625380758215,1.562456382225808,-1.9644177749314113,-0.7322098954725009,0.9596866910749797,0.784113297383998,-0.5564475876175219,-1.3538799105287054,-0.6297450299131405,-1.0914830374006577,-0.21707238158772646,0.6979299575062927,-0.22512309315470838,0.46055152674293576,0.7768024496486808,0.8905111374800843,-0.7607170378723298,-0.45209652433758246,1.360468667674488,-0.273
-0.6602061222208432,0.9602368060698387,1.0357828672372396,0.7822802304878703,-1.673714918874633,0.6051403336507764,0.9094608605969162,0.6784774293647942,-1.112647348409354,-0.17296962663979337,-0.7899615080564667,0.7421128419175127,-0.21707238158772646,0.629134974471541,-0.4761685246453863,0.5982072001403073,0.7450621406163538,0.59935094060178,-0.8724104431408987,-0.4937704527363472,0.8819811575297911,0.101
-0.6563730664935883,-0.48921365798839256,-1.2909042630530188,-1.6294517136339208,0.9074352395772024,-1.0319014938916058,-2.9839221163897203,-2.2446710108313273,2.216282103367095,1.5593469024899973,1.7372908566897498,-0.15558124047593622,-0.21707238158772646,-3.0142352144665536,-1.1176823132074492,-1.6399502736399998,-2.85199700970447,-1.925542999558343,2.2238816064241953,-1.5011530068843086,-2.652137683353432,-0.057
-0.6525439173334301,-1.2205044386324468,1.159396055620725,0.15517551799846477,0.16386609365150137,-2.362562725494545,-1.3185241561998742,0.5116105361314566,1.133856218482577,-0.26010492188276896,0.5685451099312778,-0.6181779250744294,-0.21707238158772646,0.24074930263099317,0.36128130107475714,0.4296869752513679,0.11525785551415464,0.0008422938870192628,0.5916453772752264,-0.9619976326205044,-0.8145995898785022,-0.203
-0.6487186571203434,-0.10970701635947729,-0.29130908807844114,1.979946465892013,-0.6492074327025177,-0.9222552641042311,0.25115260328364875,0.3115861108359497,1.037798380091659,0.5291497596021276,0.008055902150860312,0.26392570240542995,-0.21707238158772646,0.8873148293453978,-1.1254709568952324,0.49142995544928597,0.9427612433819421,0.4211224967292268,-0.38039576940969405,-0.37384286908224146,0.2619901114158697,-0.269
-0.644897268374863,-0.07796454215617207,-1.1261385727782858,-0.7926683374896633,0.2153791353705492,-2.0993112817894857,0.7834448514585408,1.1969804695092559,0.458786785036222,0.9520480217037702,0.3211244480125411,-1.0478598234433552,-0.21707238158772646,0.0317968032068026,0.11984833870987839,-1.3272911294400263,1.1997918788425128,1.2307262902135456,-0.6146288130579121,0.2744979358214281,1.0110174197130155,-0.248
-0.6410797337564771,2.6029073244943466,0.6018278234219031,-0.020048137273318133,-0.33907156077203904,1.0435160407007527,-0.22655416083290306,-0.06494419553813723,-0.15609604012314554,-0.6204792950507226,2.3840155290546283,2.7225355900614114,-0.21707238158772646,-0.561833709977218,-1.086495595987953,1.572119695396279,-0.9585538424565292,-0.6076558059275488,0.004417076522700572,0.05221519464108334,-0.4019090871982876,0.6
-0.637266036062047,-0.8186641705438312,-1.3212408839866008,-1.0891374426477867,0.6912746130748911,1.7156025677186555,0.4697369878990377,0.08109662634682467,0.6367544395721496,1.484222644702266,0.18465314031925173,-1.080575389716079,-0.21707238158772646,-0.9659437217694529,0.02071778177447853,-1.3627250010832865,-0.13504637088981897,0.44748552572628,-0.6533022049013001,1.0207163808798914,-0.0819780560308767,-0.151
-0.6334561582242478,0.2698570784357074,0.5615906645948872,0.1250989732759136,1.3882207395745099,-0.8564691730259713,0.31993195999960194,-1.4193479614524012,-1.5990652813162063,-0.02779012449076404,-0.9094260037410276,0.7873644524047516,-0.21707238158772646,0.8596936889748411,-2.344425241392851,1.1685313451141663,-0.5826215448340916,-1.0372651698957813,1.233057963460229,0.4830956493434911,-0.11693944931670634,0.24
-0.6296500833100346,0.18959386861089397,0.4413393912983427,-0.4547286445029376,-0.2788244380693487,-0.14020955831064377,1.06400049836527,0.896830799532144,1.4915686670040256,-0.5448885772862275,0.35244823781222195,-0.3527337669239838,-0.21707238158772646,-0.2754078677514333,0.29441564486641775,-0.29016316563672523,0.48285251025013154,0.881867638442659,-0.86811489025334,0.5585420750417179,0.7879588055707729,-0.307
-0.6258477945191294,1.1848616357844735,-0.19474972620745104,0.33395262895506983,-1.866738453648318,1.1019625954893733,0.6609997371057074,0.019445981373071325,-1.3889932252677675,1.2008948582178716,1.6132639665387971,0.5127725589936458,-0.21707238158772646,0.09030210315441461,-0.9455196829489934,0.07993891998063785,0.3626640959824368,0.1474232860082931,-0.02353637885433403,-0.7329339272992522,1.1746051133206497,-0.006
-0.6220492751825312,2.5108671516792738,1.0015674425143553,-0.6171595590665906,-0.5651633028785318,2.811175852706596,0.49106383902933104,-0.18275226177887807,-0.2044553965764607,0.036070455468282726,0.6007872835012755,2.1261747169119065,-0.21707238158772646,-0.06179254221912252,1.4319479448571477,1.726159435647333,-0.044279210918687854,0.04087836601934221,-0.5866967186721639,0.042611413597724364,-0.23909669752657514,0.268
-0.618254508761047,-0.40787312958669747,-1.2300663437938222,-0.9246611613041915,0.10804574876838101,-0.16944191601910114,0.652531893127572,0.7971061336067851,-1.1568974770854918,0.42479137917965704,0.03219529293487509,-1.4356847789663416,-0.21707238158772646,-0.1263372159967435,0.4703652902899227,-1.0539720070330376,0.453973028619674,0.7504050670445803,-0.5716559081881109,0.7906146922633006,1.6446799068426168,-0.069
-0.614463478843844,-0.8128171236126449,-0.09770553516281079,0.1250989732759136,0.5606171427595085,-0.19136633374109963,-1.5092860091974531,-1.6493091087156457,1.1834966662640405,-0.9404489185170528,-0.3111866172407167,-0.17716193623749746,-0.21707238158772646,0.09030210315441461,-0.1434917700123177,0.415662230235886,-1.3774565611277767,-2.1326316872034066,2.2238816064241953,-0.8596413177167072,-1.8308086568802746,-0.053
-0.610676169147025,-0.38175340954166964,-2.5509709283502033,-1.4740815046782427,-0.28958150624371826,-0.9441842348521662,0.8633305124729026,1.1276681419613481,-0.2527619985942119,1.044664959892575,1.2441742726197076,-0.4284868415986652,-0.21707238158772646,-2.439407842657925,-1.932735146731045,-2.047702058322378,-0.05042683985767493,1.298664956830057,-1.0248840589660326,0.5444121884865943,1.203180842321403,-0.125
-0.6068925635122208,-0.43690961270645956,-1.1751246533478332,-1.5037556050493819,0.6098908067465492,-0.3082987354752188,1.6446389880417467,1.5367991852608323,-1.974571961313497,-0.7135343646452202,1.5987838645505863,-1.1269413305300857,-0.21707238158772646,-0.517370814796863,-1.3653217336034895,-1.414472098114395,1.1877921665015003,1.4534538277725213,-0.9432829767362454,1.8755573966405,2.331163396195164,-0.21
-0.6031126459052059,0.05743644355883808,-1.2787542401629588,-0.8853390433291073,-0.6599849821937727,-0.286373630316001,0.9513227793375578,0.986328074316992,-0.2044553965764607,0.16956034362783176,1.9003545650336127,-0.6941738878350334,-0.21707238158772646,-0.6736402892701692,-1.1410385981243292,-1.7185086168648613,0.28491670474763053,0.7098195243142416,-0.5222338944525218,0.054615576273008344,0.9583892940199729,-0.185
-0.599336400414533,1.0390168044880017,1.9509938747209672,1.0224467426647272,-0.5328483928452115,1.160408329542943,1.5630355865959351,0.5753440319548386,-0.7477233471600966,-1.7618917606751687,0.7244162719051136,0.9681098871399444,-0.21707238158772646,0.6393477410354282,1.563676989566386,1.0750513608823875,0.29864598132948733,0.25658757482579564,-0.8208619632109398,0.7719354641311987,0.5977993442306879,0.095
-0.5955638112501858,-1.4385985288484422,1.3252776450507813,-0.5208256181381192,0.09301459893055938,1.1165741058005827,0.3027544211862323,-0.04293724868932586,-1.6252223301017852,-1.231553841497445,1.342054997524215,-1.4028538766900247,-0.21707238158772646,-0.5312496781459671,-1.296006801680861,-0.47025970136123424,-0.06887498838379646,0.37713407055200154,-0.37609722533645784,0.572664464441772,1.0405347624598482,-0.15
-0.5917948627422531,0.623589401223397,-1.1200054575482714,-0.8951917468087124,1.7188359439528702,0.2251759262540463,-1.5457332877613823,-2.3461056231124835,1.5539943842641963,0.8767771462671587,-0.7844891195379812,0.2880478910427908,-0.21707238158772646,0.8420890533888256,0.3529121306811273,-0.23186765977101248,-1.57169623373274,-2.6765106927131215,2.260514228724037,-0.5896451286216509,-2.126246266221228,-0.057
-0.5880295393396207,1.7816515117628986,-2.673458069697725,-2.7503889105747557,0.8004519301740575,0.2544052642080366,-0.15218800481194075,-0.18275226177887807,0.37920720252649187,2.741366352011365,3.530481117997999,1.5502356294420443,-0.21707238158772646,-3.740854563691137,-0.7718062558539153,-1.750981326681938,-2.004133749155418,-0.6634068622877104,0.17645858683681565,0.06181536983653604,-0.6160099106436802,0.289
-0.5842678256086818,1.9356036764241047,-1.1812380545881842,0.610735279469461,-1.3878264199897727,2.1757756467964713,0.3413875778834193,0.369663347125573,0.5262201630507601,1.4668836075073974,-0.9094260037410276,1.5660593817640733,-0.21707238158772646,-0.7439977349708085,0.06196711752442954,0.13019000755596868,-0.172024437564728,0.05125089035018787,-0.48785138519995525,-0.13329759820710158,-0.2555170197877402,0.052
-0.5805097062320647,0.1723766838159294,0.8652350502161933,-0.6137410816657926,2.631492086522068,0.36401332912624534,-1.0702363449858534,-0.3359930860466361,0.9388106808749508,-0.35888299083642816,-1.5413013040958814,0.6141972113300438,-0.21707238158772646,0.4621424403055236,0.17788360009151089,0.6066439787579172,0.23148727552030937,0.12525293997202916,-0.02353637885433403,1.5821025608498378,-0.6274135712146577,0.242
-0.5767551660073809,-0.24555494850717885,0.03896940789219925,0.8509130155941446,-0.9490515942070457,0.8535590237662165,-1.1919049046073604,-1.832855945657719,-1.0978847545021697,-0.14392910868146463,1.0515957508053482,-0.1663708025671122,-0.21707238158772646,-0.15332054553142407,1.0840615883479567,-0.41766984388606676,-2.110829284931389,-2.7311245220758353,2.109680649926536,-1.8861540981760907,-1.5544009810669155,-0.25
-0.5730041898459882,2.491896241056247,-1.2239704827867692,-2.6509121086993552,2.856474557902626,-0.6445000709450284,0.4099230249622426,-0.2964863930733292,-0.875709393055802,1.1025368982995465,1.2720304683703905,2.244126045953545,-0.21707238158772646,-1.7221926192767738,0.8263957644569664,-0.3289969839019261,-0.7778936012443268,0.10750653971115091,-0.2578778332775572,2.094849639689961,0.677948498495031,0.559
-0.5692567627717723,0.48700181640442736,0.5816996631121618,-0.8556922836358931,1.4949227359241448,-0.0013589520629538794,0.061071029874030694,1.0083176385101436,-0.24974439075155327,0.041875400909957144,0.5492575270499903,0.6435306107965236,-0.21707238158772646,0.25124638458089776,1.4582383659380438,0.3792113667761735,0.7858676875394955,0.4782135485558607,-0.48785138519995525,1.2672724449506287,0.27481475200306,0.024
-0.5655128699199453,1.3022113838667868,-1.3575723136893911,-0.8787623646406688,-0.18848806547632732,0.7804962859439704,-0.5259090388610139,-0.7277981393485901,0.1442720248160884,0.9636266006540085,2.081626435718327,1.4129846207710246,-0.21707238158772646,-2.089687714269956,-1.609653106894543,-0.36503549315763306,-1.9910279936122957,-0.8643593904522399,0.6067074335033668,-0.6241542182059667,-1.4955248025855374,0.111
-0.5617724965358597,-0.46305549060714,-0.4384233859141005,-1.8107981512185345,0.7447997967473009,-0.9514939222708858,0.3928067440925427,1.0757423969522761,-0.19841335206137697,-1.0219371201533034,0.4534630169235353,-1.09966457669983,-0.21707238158772646,-1.4244353818094042,-1.7606730276145115,-2.0315617486042887,0.4357247434937851,1.2207983512271428,-1.413411148017929,1.0207163808798914,0.7950635978719862,-0.177
-0.5580356279738424,0.27272105294150706,0.919666324425524,-0.7155848852405806,-0.7181942548303157,-0.8126124605170948,0.8297264700345068,0.421299225043316,-0.7417600536468514,-1.0976195462620504,0.7770026207234639,0.24515783802213284,-0.21707238158772646,-0.8289212482284835,-0.9140506226521451,0.485814665000876,-0.7590993604000817,-0.15228400180543283,-0.17403871019190312,-0.5773323571937199,0.35128715069666927,0.07
-0.5543022496960385,0.8106597240560784,-0.29130908807844114,-0.4547286445029376,-0.9576872864102378,0.46631142687351224,0.10439074787121312,-0.16668642025560979,-0.2708632736741369,-1.0219371201533034,1.1680176037169043,-0.27165060247020173,-0.21707238158772646,-0.4509506199688642,-0.31455228280078684,-0.4508896799966328,0.36723357938538964,0.6008073315242496,-0.6876767653953106,-0.024716482742277997,0.5116821062600303,-0.006
-0.5505723472712772,-1.539039109231236,-0.8230458692485444,-0.6546550544022756,-0.8994041211583346,-0.12559346468936866,-0.043178069079262464,-0.8589162559938107,-2.593643717128581,0.15795451570841534,0.9838240297348837,-0.6805982838695732,-0.21707238158772646,-1.943244601565463,-1.1876643175255164,-1.0484922030923076,-1.1244251114869508,-0.3898415573934236,0.7379723559747658,-0.7354119282695738,1.0450611587428085,-0.109
-0.5468459063739516,-0.6843267403494118,0.2160851663459781,-0.23496283814136373,-0.4833093312528889,-0.62988197515573,-0.7657218069240865,-0.6371308941251413,0.4557237311198079,0.3552014847311848,1.5554826293765538,0.003378744411588634,-0.21707238158772646,-1.6312230747914613,1.2747878165099402,-0.4730263522634299,-2.4430014570436382,-1.6637838878651643,1.3256429125874332,-1.5575775401252396,-2.1424901011425446,-0.132
-0.5431229127829094,-3.342550678268881,-0.716668155208648,0.43437330675400465,0.2754614745911069,-0.7979936770501993,-2.096601807838948,-1.9790932258324547,-1.793225253535537,0.9404690268512431,-0.046005418479944694,-2.135642873513926,-0.21707238158772646,0.3844004569728214,-0.8351538847255684,-0.8536231619549156,-1.539481567572661,-2.182181747847856,3.079617695803066,-1.7743499180305538,-0.6502612108082947,-0.143
-0.5394033523803657,0.6661815957443424,-0.14305311041409788,0.6424272963426887,0.16815933863930815,-0.5129393372795252,-0.23531573283387588,-0.6060292960547747,-0.9054112724277229,-0.6611881368846534,-1.005868531515605,1.06893889968568,-0.21707238158772646,0.6393477410354282,-0.8904152026675984,1.043917820594757,-0.12426724233200154,-0.4798400072347018,0.6691098747390835,-0.07774236024666359,-0.48021850409242833,0.283
-0.5356872111508252,1.5717740247395364,1.1662835253428876,1.4079612740601077,-1.2147840142180346,-1.075760952985065,1.6527862055022826,1.1018210578525813,0.5845286975094748,-1.7327350772060666,-0.37474116063861435,1.2093671583366292,-0.21707238158772646,0.5240299871395203,2.404872480112989,1.1742006126581976,1.282225100730225,1.024081939407392,-0.7950862249140217,-0.16475264224886166,0.6851840775812873,-0.079
-0.5319744751800214,-0.44271874243851644,0.49469913359117057,-0.4302290435591806,1.7103098768301015,0.1594091097646923,0.8507344226543457,1.401039530062827,-0.13492235625638033,-1.0452225065242844,-1.0695250348819652,-1.0642162204433023,-0.21707238158772646,0.8822967291091884,0.386407597140356,-0.34008796062852475,2.0075126513179753,1.4758691564876372,-0.9282500574727413,1.129285938658496,1.0586167253973586,-0.164
-0.5282651306538695,1.2016503531176743,-0.24630843514056588,0.14012437339862072,-0.8001486050842399,-1.6971641423479513,1.7056856030416834,1.8217592150142747,1.4292057433440366,0.007044321963601404,0.4980342621077779,-0.0800987581575781,-0.21707238158772646,0.6342422708718786,-0.4116742911187152,-0.28183852168598006,2.1407041402954476,2.2446052820783433,-2.343821478058947,0.6149868109940355,0.9927705799180664,-0.132
-0.5245591638574341,0.2870382473313683,1.0906375254973846,1.0554374765828498,-0.2788244380693487,2.1830795985599956,-0.4728654912976143,-0.2964863930733292,0.35780330506285696,-0.2020124394177582,1.1198931313054608,0.6301986954364758,-0.21707238158772646,0.826982248711954,0.22775059968705527,1.0099691025411839,0.2879679966387601,-0.49185398630394184,-0.04503839952308845,-0.18412918138420145,-1.1513323157129838,-0.067
-0.5208565611739083,-0.6784929012383816,-0.903968949558585,-1.1113780814292689,-0.23365112291237583,-0.834540748800365,1.6894194469551624,2.0876267350727646,-0.7447418154443092,0.14634830754274417,0.7244162719051136,-1.7727766385342254,-0.21707238158772646,0.23287132210992745,0.11984833870987839,-0.9580003222394053,1.8607105905394603,2.307015555145136,-2.1660235877889082,1.6794973973911855,2.297302809670306,-0.195
-0.5171573090836104,0.03153724186266785,-1.009235262596394,0.5988771177191787,0.11448733252587076,-0.5348657945990091,0.0089959438078319,0.7762949876974715,0.4955576968535526,0.5697249300796025,-0.25298337597433096,0.12706408394378135,-0.21707238158772646,0.8898232264814788,-0.8746422513797585,0.17768439805069436,1.3555716406828502,1.0655729483738599,-0.8316015606082063,0.7532433320241962,0.36648350023378606,-0.086
-0.5134613941629903,1.3412407035430913,-0.27846254616915683,-1.0315761211731072,2.0851649676448045,2.986443433843247,1.0098113751118987,0.654295385761228,-0.031937712271909835,0.5059617679249878,-0.19436927085800562,1.121957876057793,-0.21707238158772646,-0.7552895229047354,0.2527264684791365,-0.4785592825156338,-0.17510742381594707,0.27131232708766495,-0.7456799707819494,2.163881737597386,0.1585828009478842,0.103
-0.5097688030836514,-1.465171522143207,0.3085376685734355,0.30710146042294856,-0.4682347323317546,0.31286328152938647,-0.004038318151061356,-0.1410757951720579,-1.0446879233701407,-1.5345223003918533,-0.5512568399453743,-1.0178803318625063,-0.21707238158772646,-0.14252084711343968,-0.03689901995641847,-0.4259764687709991,0.061631441584498146,0.3051542259340178,0.2969078447943178,-0.015087305456061387,0.5880150499308555,-0.19
-0.506079522611384,-1.0060656473398817,0.02591192562004514,-0.685186172617756,2.2702453739368527,-1.3535505364776939,-1.313994328198328,-1.4231943829345222,-0.9024421550460939,-0.6321099548632527,-1.4511930465064053,0.21565448547170563,-0.21707238158772646,0.4285067546248849,-2.0956982852144908,1.0014843966275293,-1.50731124220672,-1.8422768130833302,2.176476211442128,-0.7428474707655985,-1.6761477632141313,0.14
-0.5023935396052124,0.6349516329211473,-0.5464246309674675,-0.5138957216388929,-0.8130920093573167,-0.29368198430918585,-0.05623693070708162,-0.4258372136498787,-1.5437693725448423,0.9694157339874522,-0.22372797372063147,0.6408644202146873,-0.21707238158772646,-1.3444206312613098,-0.7955855820834303,-0.41213147766598335,-1.2578083412142491,-0.8552757128503713,0.36574325254910367,-0.7255014624613015,-0.16288082904392573,-0.16
-0.4987108410164546,-0.1819222995213551,0.4147107184549709,0.2688790416038226,-0.7958343341091345,0.4590045078596443,0.3756787184597927,0.5032247754073815,0.3455766036654006,-1.1907865719564934,0.8498316613280665,-0.33651038346238055,-0.21707238158772646,0.652103438271985,2.305042024708585,-0.22909034676981427,0.6073018197581227,0.6590009623633272,-1.0613863698819241,0.6994312432747218,0.45946719535913866,-0.322
-0.495031413887793,-0.06354271638360376,0.36155583776104816,-0.32077360105069563,0.6270268079568627,-0.09636144755486205,0.19082027339586988,-1.9300950081258241,-0.8311122071044013,0.2391872992346795,0.38388739276046646,0.04911459187906867,-0.21707238158772646,-0.1236417974429702,0.6392179144713103,0.1748896707993627,-1.692894295851842,-1.9625851292101555,2.2087978841516263,-0.7626868934400652,-0.5365616034622559,0.053
-0.4913552453523592,0.20967262622872881,-1.417948761872749,-1.9530655269823327,0.6291687116143537,-1.1415511849979967,0.749729608484408,0.7131388507054905,-0.24370855158855773,1.7153134905761624,1.4980699188796438,-0.0800987581575781,-0.21707238158772646,-1.9463424785755883,-0.1271275970308359,-1.5069503274787677,-0.11810897733082511,0.8068299173080495,-0.7392354119690966,0.9024210906559559,0.677948498495031,0.073
-0.4876823226328289,-0.5182926241675985,0.919666324425524,0.5515882354199346,1.3839516211498344,0.0424875525935375,-0.45520466602410486,-0.3063385770591383,1.019225052526836,-1.7793867171670408,-0.6408963049356118,0.19418903251977912,-0.21707238158772646,0.6597513946947199,-1.932735146731045,1.1118626216580723,-0.09502345759787217,-0.33144478884206047,0.4496433975653276,0.04981458764373601,-0.7913712845415259,-0.082
-0.48401263304053016,-1.1616830398368512,0.9401130158662958,0.8145207036679502,-1.3791703394434929,0.9339265252206193,-0.21341676551479333,-0.1731072938390146,0.8801188843485057,-0.07424127006515097,-0.6908890621644163,-1.2525113867902962,-0.21707238158772646,0.8068151825257418,-0.7479981867281045,0.1581237718233392,0.6694141575130569,-0.11506070427859864,0.4173732102261439,-0.5109509673989344,-0.43818399644731565,-0.333
-0.4803461639745617,0.623589401223397,-0.8791087696142426,-0.5415762074487603,-0.05305998652397333,1.021598370293086,-1.0342682028311565,-1.7926380290533006,0.437349260446663,0.9404690268512431,1.320989764306051,0.507430443910266,-0.21707238158772646,-1.4066111612262064,-0.7479981867281045,-0.9744639013662729,-1.7042368745193122,-1.2687099128882946,1.1641625999454246,-0.5158619074834719,-1.1904060278331021,0.092
-0.47668290292092397,0.5012501891814746,1.5413369308891651,-0.06054361352003621,-0.27452177438329406,-1.4851430327304032,1.3538411622740216,1.1135984603611142,-1.5583307956367836,-1.5578366549513378,-0.5625156693801491,-0.02353872380335503,-0.21707238158772646,0.42332492382646597,-0.9219226922194371,-0.028806824768109873,0.5891085824505073,0.8905111374800843,-0.689825119141218,0.20777513756923596,1.3963147537750742,0.009
-0.4730228374516604,-0.11548050297021789,-0.5083780083874604,0.9936631751198557,-0.8281937700300497,-0.6664273259962799,-0.814792994676088,-0.4392596633047589,0.40673986232873066,-0.021984150086668198,-0.5399825088478464,0.5154434657357597,-0.21707238158772646,0.35318333971520527,0.8520366613222538,0.37360527154959106,-0.3311017624128118,-0.5264125336086704,0.4711574764473198,-1.012089740271183,-0.8904577883506926,-0.138
-0.46936595522401015,-1.3235685859780872,0.8312844073190218,0.16271074240706673,0.13810474243863502,-2.0993112817894857,-1.0477518463833453,-0.47294232370363026,0.7259639174482652,-0.17296962663979337,-0.2704872769141532,-1.2443172322157672,-0.21707238158772646,0.33754879047465786,-0.03689901995641847,0.04645946488625626,0.13209874059732288,-0.22534465716522611,1.1404808284559989,-1.2160731786978232,-0.4999000254658908,-0.295
-0.46571224397957167,0.37284688752873296,1.422602464825011,1.242900833966803,-2.1947320541137403,-0.48370426621061274,0.8255227017369555,0.5394419686013734,2.0430124813275548,-0.6611881368846534,0.39649551086219853,0.06256054179616068,-0.21707238158772646,0.7866198352331406,0.5293216705395014,0.9732092019668936,0.8477731670849448,0.6415556545645739,-0.42982726955002076,-1.165539327044116,-0.10885832006199851,-0.186
-0.4620616915434771,2.266379433562504,0.2688638248968119,-0.5519295025315308,-0.7850490874442375,1.7521259936614566,0.9931143038342289,1.047029225323827,-0.09557339143059261,0.26239322074853144,0.12945071870401215,1.881996116762216,-0.21707238158772646,-0.6232117112942244,-0.0779593257749134,0.9053937835344393,0.5648409576194557,0.8183888763848188,-1.4069736312359464,0.8302653717109537,0.6051277652736484,0.24
-0.45841428582357646,0.34426211810895363,-0.16891864947934276,-0.9864371183088702,0.9566299895494708,1.7302119747632692,0.7708071795867553,-0.848193680592745,-0.6641539749357127,-1.8785381540875783,-0.8824298660079902,0.47536926867286095,-0.21707238158772646,0.037125680967494634,-0.02867750087803724,0.19445522368873908,-0.9554031669726817,-0.891620517593467,0.2474356390537493,0.879165912219375,-0.47460285168070504,0.132
-0.45477001480963286,-0.4863065900544366,0.019386405205690137,0.5633888860315317,-0.32400805683616557,-0.34484086570209016,0.2898636809457862,1.020467423924448,1.5883551024975924,-0.14392910868146463,0.23402579353083702,-0.9307210874429402,-0.21707238158772646,-0.459235276856469,0.37802903473366223,-0.3594924551482252,0.6981730651949943,1.1497393927754105,-0.5652097501626542,0.4358322386639208,0.24657075576077767,-0.139
-0.45112886657252765,2.923736534385674,0.4280207869285332,-1.5859552329846043,1.2771975332426846,0.3274776490435083,1.196900172422172,0.3319973529714155,-0.03800206045285608,0.16375747722862488,1.3561261860737204,2.8346700138966496,-0.21707238158772646,-0.489655947034319,1.7936447726804636,1.0977022579753242,0.24523204804608634,0.4489494718914915,-1.1902005992377314,1.7720578891069203,0.5659458649986291,0.263
-0.44749082926347666,-2.4402831702770107,1.8160199952045553,0.614691193787213,-0.7742644556187588,-0.62988197515573,-1.2958807037227522,-0.3957425205512785,1.3855893469831198,-0.17296962663979337,0.2216556637037601,-1.556151397831163,-0.21707238158772646,-0.19118662579324688,-0.8114224916662949,0.026937662870877288,0.040162887881260066,0.2904446621008908,0.2538883802828888,-0.32993405244179286,-0.0712504632984765,-0.407
-0.44385589111325324,1.2715152128163212,-2.1597459732718423,-1.7096368774859119,-0.5371567355711233,-0.10366943059728766,0.8213182056032381,0.25572763778105045,1.1679795050983643,1.5420122093911495,2.4472799098609648,1.2199562166383493,-0.21707238158772646,-2.546318510497931,-0.8509588270271854,-1.7563914914676235,-0.5172504742341966,0.5760385238494135,-0.9948217282169266,0.32205252368752474,0.14033904351485232,0.11
-0.44022404043142527,1.1764641713845054,0.5281182643293252,-0.5138957216388929,0.9052960870080813,1.7667352785584676,0.6990674560021001,1.5962778930001924,1.0223201878988002,-0.8473399605528495,-0.0758895747065283,0.7767194110408407,-0.21707238158772646,0.6367952341225134,0.6307456429998761,1.1997176943550565,1.4004347086145834,1.4632635228282231,-1.8809864885692427,1.889030399305151,0.32843119059655124,-0.177
-0.43659526560559836,0.9996481040188969,-0.4065392748578893,1.6100707390592588,-1.2212701123595686,-0.571410184265478,-1.241594607135353,0.5615728678713638,0.15340418633233294,0.041875400909957144,-0.4833771171268742,1.3231327729525395,-0.21707238158772646,0.892331188569362,0.809317371955943,1.0778823400712785,0.443329009224767,0.21237418892177734,-0.5243827476357962,-0.5330579904120076,-0.3325556645155772,0.029
-0.4329695551006698,-0.28029609933303984,0.5816996631121618,-0.973480997711372,0.5906111630551575,-0.49101301200394987,0.6101467789032856,0.6272484892506873,-0.48448378108843,-0.5972190284943796,0.9031826853776068,-0.33651038346238055,-0.21707238158772646,-0.5757586023854531,-0.5003014638264168,-0.20964576138255503,-0.17664900280198173,0.4782135485558607,-0.2664762146431641,1.0160869279538596,0.8773165255850677,-0.003
-0.4293468974580914,1.0362061781355276,1.366937753314833,0.20426945579859235,-1.8927807659439266,0.6051403336507764,1.9888591952975472,1.349883309005235,-0.3462040737524781,-0.5739601687304109,0.7178653086628547,0.25052063781804523,-0.21707238158772646,0.11681413166140552,-1.2264305621849976,0.43810320203953457,1.0496199558117412,1.3127879417002473,-1.2460114326665583,0.00656502575270445,1.4897529564736771,-0.065
-0.4257272812951431,0.26412859478719813,0.6825319687708024,0.25363502352194905,0.46632265104425563,0.7658835807793558,1.2506960471282924,0.7789029744094517,-1.4270282350193595,0.10572359136699101,0.40280654689697093,-0.38519054777138045,-0.21707238158772646,0.5933326157055041,-0.10255766161580311,-0.3095830665670384,0.5071592025609908,0.21974713712053154,-0.3030182794246631,0.9210109938252778,1.218497443328533,-0.055
-0.42211069530421247,0.16663622775217293,-0.09121870259732069,-0.3597912832752266,0.9138525719265953,-0.15482570872996598,0.7328541842543829,1.282292014359659,-0.30704325598080473,0.16956034362783176,0.6007872835012755,-0.05585324588990014,-0.21707238158772646,-0.07790035381768227,-0.1434917700123177,0.3147691973433196,0.693633222997724,1.0369668193682338,-0.8058262364266886,1.457044330873998,0.7260253078221367,-0.194
-0.4184971282520854,2.307215626309879,0.07165067837105746,-1.2586110915919424,0.8496707726853707,-1.2950666359539464,2.6380958350045596,2.3493330699745063,-1.265802954502866,-0.5216328947265171,0.4661740566041126,0.37909706814523375,-0.21707238158772646,-0.1263372159967435,-1.0474399153240253,-0.4149007223860984,1.7819907845253753,2.05384777787173,-2.253858974411275,2.170553811202654,2.4696305545466517,0.002
-0.4148865689792456,-0.39626282701097165,1.0426322985349894,0.7541534304308408,-0.30033915914388726,-0.264448654585475,-0.3670544236432796,-0.5922531678526227,-0.2648303488808956,-0.5914041815397453,-0.29376850857953174,-0.031615972748676974,-0.21707238158772646,0.21973148867449505,1.3096259449824423,0.7586798748589552,0.26965730871209304,0.08235051705110165,0.11408955927678922,-0.3372467795709547,0.03260658916092793,0.049
-0.4112790063991808,-0.06354271638360376,-1.8988627181307847,-2.221335954843176,0.3891413038788932,-0.35945781891186823,-2.221593218257582,-1.2669430758774418,0.7259639174482652,0.6740386458308364,1.6641280413834403,0.6861766527596184,-0.21707238158772646,-2.5658593052091443,0.16128638720077149,-1.5639906237099492,-2.142086737583376,-1.242774834783793,1.1361751076678652,-0.7478057831656585,-1.6042029569043026,0.064
-0.4076744294977,-0.3469465615509255,-0.7354863725762275,1.4164906911376525,-0.9166713106286029,0.35670622035695415,-1.3275855162040329,1.003444392600101,0.6152434672654595,0.6334760551799459,-0.0758895747065283,-0.20954471446743533,-0.21707238158772646,-0.22372683335482366,-0.33887557400522994,-0.6305198208908422,0.12903722505739035,0.4079325032632175,0.05602589585748943,-0.7478057831656585,-0.550700285084988,-0.295
-0.4040728273322556,-0.24555494850717885,1.0152472652332265,0.9936631751198557,-1.9948184287790998,0.8681714141585894,1.0139839078910238,0.17219591390037775,-0.16516741557154915,-1.0510440636998353,0.22783847523659115,-0.5558031729950961,-0.21707238158772646,0.48280165934646313,0.622276489023466,0.6094564651241026,0.09841071657113643,0.15185565928738187,-0.2879717544831912,-0.6933207113470078,0.2619901114158697,-0.141
-0.40047418903127907,-1.4474550501259404,1.8089370246564063,-0.35625233797335776,-2.7632235765079765,-0.4690868185145942,1.9243769962653483,1.846873214381648,-1.7151400128832675,-1.6161281557864198,0.8898143659788433,-2.278888503333158,-0.21707238158772646,0.2459988273538466,-0.8588565008331712,-1.1525189703887813,1.337617315934827,1.593162474400215,-1.194493929195225,-0.1986714148583125,2.2696491779309778,-0.345
-0.3968785037935179,-1.2970510923495133,0.7906136426213933,0.6265685165860057,0.32694679994409875,-0.14751762641606672,-0.9759004839304279,-0.2507255696421332,0.8832063884209395,-1.1674928152793087,-0.7515769419238263,-0.21224391125504766,-0.21707238158772646,0.5805242348810684,-0.21697418387241954,0.49985374914909153,0.19022871580625286,-0.5143890895378048,0.5981005154178407,-0.4667968723676713,-1.0706179665692424,0.061
-0.39328576088738604,-0.2224068637918147,0.381472903047041,-0.5138957216388929,1.2729263211501511,-1.54363025332417,1.7625437009142635,0.5449858854955935,0.20518583000427554,-1.3771842164146424,-0.6520323505398467,-0.849083239984271,-0.21707238158772646,0.15912857284098392,0.40317411096385186,-0.4370502417500584,0.5557376441937741,0.8775447351451076,-0.4233798666788239,1.2167564485631617,0.658612212678741,0.094
-0.3896959496503204,-0.4281970622335929,-0.06524986243102637,0.6662633448961903,0.18318499162361188,-0.1109774277945762,0.6779262972488652,0.6650617030454247,0.16253808484848414,-0.6902685031592088,-0.3919897087489621,-0.9470572938678556,-0.21707238158772646,0.756273551073584,0.7241119989941083,-0.36503549315763306,1.2282815579245685,0.881867638442659,-0.599588590499713,1.0438519987524713,0.9422697142452238,-0.157
-0.3861090594881436,-0.5881432059288345,-0.17537965006627573,0.04663825676065942,0.24542248140520642,-1.1781018573895525,-0.165297452844813,-1.3047784867716883,0.06823860556255318,0.5465397138224618,-0.046005418479944694,-0.32839995040822867,-0.21707238158772646,-0.34918822845917674,-0.31455228280078684,-0.39551342336676093,-0.4659686216921423,-0.2462438469099927,0.7229082778333918,-0.7329339272992522,-0.3991246829803837,0.049
-0.3825250798744362,1.0080878576487802,0.08473820785844896,-0.049518763271780335,0.9309645396036201,0.3055560772789938,0.3756787184597927,-0.5579389403458339,-0.9617790034180566,-0.8240661452415845,0.7968047808233393,1.3918510051771884,-0.21707238158772646,-0.15061982382677347,-0.06975357136737746,0.46055152674293576,-0.5608181683008376,-0.5354322639110003,0.2926058055640981,0.15522923181588777,-0.21725137072297115,0.239
-0.3789440003499178,0.5183420014756359,0.5615906645948872,0.8225967430677765,0.06294898530746063,0.10094877629810918,-0.7612644487485402,-0.42919011355288883,1.4073936544253378,-1.1034418590341302,-0.3632220753560282,0.3764209114831055,-0.21707238158772646,0.053100027506947894,1.5724835290119092,0.6291470427504486,-0.47218085872951293,-0.6016327465435602,0.5378542484898665,-0.4374049821958824,-1.26593218220277,-0.032
-0.3753658105218297,-0.12702943317698,0.8177189981482369,0.16648076727680103,1.1554361698804574,0.8243340859924329,-0.2967205275570202,-1.0730621670593004,0.30891444880421703,-1.2897998259304448,0.7572454316748224,0.5608335944243956,-0.21707238158772646,-0.1209469076514639,-1.8207164562610065,0.6826208329984308,-1.2992250091375201,-1.3206169104200287,0.9661130586958379,0.07860701639815923,-1.3054050528443866,0.089
-0.37179050006333225,0.8219690171037438,0.2094974656637893,0.7782573373989835,-1.307773634901034,1.847085475206608,-0.7078239528789074,0.6757980336959649,1.370019618861411,1.5188977204805088,-0.4320965782747341,1.1617003870169154,-0.21707238158772646,0.11681413166140552,1.4231906295951875,1.094870513049585,0.2604993148908563,0.2904446621008908,-0.8852969329131491,-0.5601049646820415,-0.7884714831643632,-0.149
-0.3682180587129033,0.7200678910605213,-0.22054632622830483,-0.38451842794374747,0.8068724110704711,-0.06712965675600278,0.03504590588602424,-0.9633976905986886,-0.8370615588741149,0.6624498365464786,-1.1745041410260222,0.5795153199639627,-0.21707238158772646,0.03446149837262834,0.4367446826603022,-0.09563721201521704,-1.149782816093242,-1.2900774541869746,0.946740646311425,-0.42027595078627256,0.06956112789831373,0.199
-0.36464847627374947,-0.33245030105233614,0.6286951678883174,0.6384602071196094,-0.15838503677132235,-1.9457582064614547,-0.5701815810383343,-0.021019873697635187,0.113844067382825,1.0678150008921552,-0.5793749231276449,0.3978272178644796,-0.21707238158772646,0.7866198352331406,-0.19250848659422312,1.041088156686631,-0.04735291604782533,-0.6242233402321191,1.1017299624533854,-2.1273366498255375,-0.7421877791499903,0.084
-0.361081742613218,0.7625586735931246,0.3947616242924105,0.7501416887506899,0.015694067237894325,1.9712601705189128,-0.09545016773510474,0.47796696361119706,0.1747193133905271,-1.2665004423023358,-0.3804946828033923,0.3228754713764062,-0.21707238158772646,-0.5312496781459671,0.4535487336912188,-0.33176991163028263,-0.35896672511906375,0.008259692306094468,-0.28152315469712014,0.4571112412558538,-0.37965778204561107,-0.029
-0.35751784766221945,-1.7522118512123186,0.5548919242512237,-0.25291707665089685,0.5606171427595085,-2.0481260919226423,0.580431701209167,1.2690053203193974,-0.29498661441127555,-1.138377492279422,0.3775902996250948,-2.1466559218838404,-0.21707238158772646,0.8496365268640353,-0.9926271404289738,-1.0238266337549702,1.419865348848294,1.2732166246487508,-0.37179865695142306,0.4263693898979872,1.2359416710943945,-0.371
-0.3539567814146594,-0.3933606355919706,-1.8109004435673426,-1.6782923091732205,0.7683466752945131,-0.6006459614129429,0.46546938195576365,1.6429209616748757,0.17167371757927538,1.2760888969470714,0.15394067353319793,-1.5945098507814894,-0.21707238158772646,-0.8687393354517562,0.5124613712784695,-2.1927303799970987,1.4602020945757694,1.7886859025381012,-1.638674738213917,1.0253450566486562,1.3731542779144705,-0.363
-0.3503985339268686,-0.3556461826837509,0.54150083357623,-0.6239916169223504,-1.4960629634551352,-0.5421746430932767,1.4155368657104819,1.2534180818362002,0.4159207455517556,0.18696837150374274,1.1611266239575768,-0.968843336818119,-0.21707238158772646,-0.5562677952775005,-0.27395012431986976,-0.6911979692223457,1.0721703138015055,1.4758691564876372,-1.1687334814177208,0.05221519464108334,1.390010661613568,-0.318
-0.34684309531705043,0.7172335637388596,-0.04575065313789901,-0.18447556626144007,-0.19924024641401114,1.2919082495919678,1.2382914498278312,0.8664524458525681,-0.5264780319359567,-0.5274466826116249,-0.8661886728432083,0.4780415911066143,-0.21707238158772646,-0.016255665656164233,1.187908618400668,0.08552048549564076,0.3184702040998228,0.5132927799466389,-0.6425598087256866,0.4948983107133145,0.7355952996883045,0.197
-0.34329045576472494,-0.7426969932774834,-0.32338767074155705,1.378158053899779,-0.6082582683599906,-0.4690868185145942,-0.31428836616898936,-0.017896135555955307,0.7660024159942581,-0.32982790417532154,0.8631389041462831,0.09750760769108308,-0.21707238158772646,-0.19118662579324688,0.445145144766489,0.3231712240653241,0.22995983024622174,0.2816157405092262,-0.6124802293064016,-0.35431821450093004,-0.6846333052682876,-0.172
-0.33974060551018676,0.08332191004351552,-0.18183849653294237,0.610735279469461,-1.1110378370676122,0.0936411721102227,0.6863850276378408,0.0902809509807621,-1.0683408744746496,-1.388836859255578,-0.6073966568397492,-0.07201600923926324,-0.21707238158772646,0.3583909992292829,1.66955820493204,0.3147691973433196,0.24981274683368654,0.343367814856022,-0.08804076545988745,-0.19139924348245313,0.8773165255850677,-0.462
-0.336193534853965,0.5411204540756073,0.019386405205690137,-1.8578106326842414,-0.19063845533047524,-0.14020955831064377,1.9364781978374703,1.8735243233657122,-1.1598454673542398,-0.7775226452606788,1.620512743293924,-1.901851438118341,-0.21707238158772646,-0.34644847008752905,-0.1598433116540813,-1.4199163292699648,1.3839886752903,1.860395378421658,-1.6558335994080189,1.7427413667093514,2.5293282095073732,-0.223
-0.3326492341562894,1.3802274392159477,-0.49567847074047494,1.9620821097030243,-2.209952768045601,-0.17675004101231814,0.12602446408239718,0.3926868072499071,0.935720105162828,-0.2891545778992276,0.6201905650235815,1.2728823084237928,-0.21707238158772646,0.4724758167959365,0.03720807230879894,0.7502248263299601,0.4980455658464451,0.34483665988033047,-0.6855284050064528,-0.9870302934130276,-0.5393876491879264,0.006
-0.32910769383656735,0.5126454881511623,-0.16891864947934276,0.3724477573050691,0.8004519301740575,1.401488386918317,-0.7612644487485402,-0.5888136379818293,1.4697344735886442,-0.39375206607596736,-0.9309579300781753,0.39515179720865007,-0.21707238158772646,0.5394597869870827,-1.5564891206812037,0.2699760387767132,-0.5203607402101171,-0.997778288648854,0.44749201692500074,0.4334668449911134,-1.299323448397132,0.067
-0.3255689043728599,-0.1356928399668889,-0.6411997208929084,0.20426945579859235,0.21323301519194612,-1.5582522198022712,-0.7790975463776068,-0.22473640419799548,1.7823727785794883,-0.4809388629119664,0.20313421672065665,-0.015462399946374567,-0.21707238158772646,-0.15061982382677347,-0.5565004105125706,0.3427800095524089,-1.0959242611403435,-0.9098029767051831,1.0328430076544184,-0.9970508512962517,-0.6217100598709373,0.207
-0.322032856301369,-1.2352180565790551,-0.18183849653294237,0.5045295030844412,-0.49623134598528473,0.013256605521366855,0.41420025578189357,0.0039187992517043125,-1.6077868666274162,-0.26591467136331043,-0.20612518575851907,0.1727164968421059,-0.21707238158772646,0.2695973696844864,0.5461944600578447,0.5419881396941613,-0.04581603616303285,-0.1448364782039075,0.5249448287703395,-0.42272222451957214,-0.09809571669549265,-0.028
-0.31849954021592747,0.12068761386762318,-2.410457290886323,-2.992549483927093,0.08227738743417878,-0.33753241078410673,0.8633305124729026,1.3477299878365459,0.37309087351557124,1.5477905523315698,2.1659196940739234,-0.887171900829461,-0.21707238158772646,-2.973681946282821,-0.10255766161580311,-3.321297365698656,-0.5421399584178775,1.0154878775713798,-1.1687334814177208,0.4429271466925574,1.0450611587428085,0.141
-0.31496894676749976,0.3814187591968953,-0.40015596489414296,-0.9929053045298832,1.7785097013845568,-0.5129393372795252,-1.3729263128201823,-1.3618639908687808,-0.8251619172588995,0.22178185092786196,-0.8227183599993916,1.1934811526900344,-0.21707238158772646,0.12475789281781575,0.5208899594147578,0.7164147332599304,-1.5668611718971062,-1.8391949868922945,1.8145296124688808,-0.09463754035827113,-1.3023638484057003,0.072
-0.3114410666636796,0.5781093531906208,-0.6222837527470984,-0.4302290435591806,0.6912746130748911,1.5695057960749315,0.2812662499001312,0.5588130353576198,-0.6731163718064099,1.189324933378492,1.024424349963307,-0.037001318116833035,-0.21707238158772646,-0.24546342197019952,-0.5163742016851132,-0.5835905204036232,0.5481503137773458,0.42551790870333006,-0.8917400825611045,0.9790232630080243,0.6197593797355812,-0.084
-0.3079158906682027,2.583971895942465,-1.1200054575482714,0.09886649068260853,0.6591531146809403,0.5247662939169019,0.980584192067501,0.8022900749829927,-0.13189672984509812,0.7493560673063436,-0.028023645493853937,1.968705160738601,-0.21707238158772646,-0.10209746085158927,-0.3550752589601632,0.6544716490335233,1.0345814963167805,1.0684315009815506,-1.7180294234717892,1.6047819153207592,0.5953546701251986,0.147
-0.30439340960045835,-0.9327941231106277,0.6085414673829418,-1.2925418325814757,1.4031620232702495,0.4224697101126922,1.1512934034138722,1.9381628544610818,-0.5744187204128557,-0.46349989679198206,-0.5060661600280374,-2.469213745853138,-0.21707238158772646,0.5984527455807582,0.24439804159545572,-1.264545044485987,1.9675063844626597,2.0470113992386674,-1.5700333952340342,2.587953479663299,2.059159375062663,-0.351
-0.3008736143350106,0.6008555824937347,2.1369169472282867,-0.21336429616899183,0.8732062882654501,0.5174594826206322,-0.00838444381415562,0.3638889496886933,-0.6611660569047871,-1.4471049585162115,0.4534630169235353,0.8272703435098269,-0.21707238158772646,0.05842072121627316,-0.4197471797669429,0.9025695246499092,-0.07195044965528292,0.08531097524811371,-0.2471297241144335,0.6572422612224382,0.27737696962008956,0.347
-0.29735649580112133,1.0446373970572107,-0.43205088963492233,1.8509985109283333,-1.4765755115289445,1.2042420937179537,-1.441043210358476,-1.4540294224654158,1.3015603422732172,0.9346793736395655,-0.7954302003832879,1.4525970438403715,-0.21707238158772646,0.010460757158253408,-0.2495508452696435,0.3147691973433196,-1.219633668558914,-1.3465886899571942,0.7250602749816037,-1.5216545059715894,-2.4880263733907464,-0.26
-0.2938420449822822,-0.7368573706886639,-1.3454706298577102,-1.620782537795208,0.7169683592538929,-0.834540748800365,-0.09981057745688338,0.632672845090048,-0.2527619985942119,1.4957814480768379,1.4623724846514299,-0.9035004456381095,-0.21707238158772646,-1.3296576012052124,-0.8509588270271854,-1.6507928330261363,-0.6855884917889967,0.2978002746633498,-0.19983630555959384,0.20061607328121217,0.6270625599799468,-0.156
-0.29033025291575043,1.4275120929467249,0.4746732355594713,-0.7559103876893544,1.356200396303744,0.4005486690297884,0.22100388326478582,-0.09020459641100372,1.438556157738924,-1.1616695840527236,-0.5173872035505483,1.7504783101812922,-0.21707238158772646,-0.7270780129905589,1.651880628980969,0.7812316011543976,-0.45044250814205794,-0.44531831335678906,0.23883205682110722,0.07860701639815923,-1.4031474714878363,0.161
-0.28682111069208555,-1.802636700679854,0.5348084836683364,0.3724477573050691,1.9063309774650286,-0.48370426621061274,-0.7389868372582512,-1.2971972166589,-1.5204565415450755,-0.9229893249073452,-1.461256441178301,-1.2880270398489484,-0.21707238158772646,0.4905411060675926,0.4703652902899227,0.0827296436416409,-1.081684259375184,-1.6008209744983868,2.372573279908753,-0.46189577659941855,-0.2582567641719879,-0.105
-0.28331460945470155,0.5012501891814746,-0.6789730383460875,-0.839164428128139,-0.09604314369143238,0.049795254392273745,0.833929511316872,0.09639465683295309,1.1121517931351352,-0.033596192092767714,1.6350277861078757,0.7154817214359468,-0.21707238158772646,-1.537902783214094,-0.7638734258383388,-0.845374958830316,-1.2418957530872246,0.1474232860082931,-0.6833800379789003,0.487817345387617,-0.3049643846579872,0.088
-0.2798107403994114,-0.4659613479383829,1.1456274509431958,-0.42321452144709726,-0.5048464999548096,0.020564363288391556,0.7792330314297622,0.9369110059815727,-0.4484547217900993,-0.6960848379745573,-0.20024930375216665,-1.3016902021891292,-0.21707238158772646,0.16968713211494418,0.269392731938651,-0.41213147766598335,0.3474293815426048,0.5512482683889955,-0.2858222271518883,0.6947468477768011,1.0314701727722257,-0.19
-0.2763094947739869,-0.5444765266383471,1.0289355511182459,-0.30297337952929637,-1.4830710902406354,0.027872107050290383,1.0431722888185526,1.4553575962533007,-0.619311543728408,-0.39375206607596736,0.0020318701611502124,-1.674009180745332,-0.21707238158772646,0.037125680967494634,0.8007828385727445,-0.6691402400576328,1.3944548347559225,1.3452308628451717,-1.2825002239913184,0.6853756083790314,1.8157539798346412,-0.334
-0.27281086387771714,0.1695065428005982,-0.2720360385115573,0.702125104096778,-0.9641643184769808,-1.1561714072513418,-0.6944776639500994,-0.47970053770362514,-1.6542584791419028,-0.6088489861262951,-0.0937690054044646,1.3204887172540853,-0.21707238158772646,-0.3985987360017032,0.012477359712638907,0.7361353223398843,-0.9916553067977021,-0.6498395491422846,1.000553792164969,-1.4244391121418485,-0.37965778204561107,0.202
-0.26931483906097575,1.2631388605504192,-1.0154077465768365,-2.2389120024047724,1.4052964123183431,-0.7029730487158364,1.9727518890410123,2.36711254628669,-0.2919719294681616,-0.016178268937597298,1.0515957508053482,-0.18525631468355253,-0.21707238158772646,-0.9946704985401611,0.6476933030170877,-1.381795377411921,1.5393070962671043,2.380119562667081,-2.504432159642873,1.9271703955025887,1.9098709139681276,-0.198
-0.26582141172478957,-0.9327941231106277,-1.1138701530976607,-0.4372370614826551,-0.851927554665056,-0.12559346468936866,-0.030125337735247136,0.8486059632029064,0.8801188843485057,1.3107876848476514,-0.35168690529534175,-1.1978962800433848,-0.21707238158772646,-1.168368639789748,-0.27395012431986976,-1.2727333185453322,0.5663580195125641,1.2137038712966692,-1.2760611942947273,0.3813743360141157,0.5339351734201226,-0.191
-0.2623305733204144,0.16089507602594436,-0.29130908807844114,0.9526787647884357,-1.6932243264569589,1.1165741058005827,0.3713948811925434,0.028740314540597132,1.2642517490606524,-0.7193510474448179,0.3211244480125411,0.4700243181834084,-0.21707238158772646,0.21973148867449505,1.0926984916140416,0.398836334505104,-0.028913957183110146,0.10750653971115091,-0.3331104521326429,-0.5502662217665688,-0.771090130265635,-0.252
-0.2588423153489141,-0.219514069651485,0.2094974656637893,1.8997544716396757,-0.7246630489323187,1.3722672936258213,-2.4167638340734623,-1.1359172845915446,1.8544955005278403,-0.9637295668807485,0.4980342621077779,0.46200612693569704,-0.21707238158772646,-0.15332054553142407,-0.7082542329564627,0.42407673217410313,-1.0658701026001844,-0.944671293620754,0.5894936741769873,-0.7949611587953629,-2.223997228368397,-0.176
-0.255356629360746,-0.3933606355919706,-0.8728882745130477,-1.4681266805007884,-0.06810304977753848,-1.3535505364776939,1.5916240470629432,2.168144877484979,0.8801188843485057,1.432202545458875,1.216405192247574,-2.408499960906423,-0.21707238158772646,-0.6344016316286147,-0.7400557785754698,-2.133695899909326,2.0830183130811024,2.49081040287875,-2.2774220484034706,1.0461644944973274,1.6308577108501499,-0.1
-0.2518735069553475,0.555350788322646,1.207652674310077,1.8598491031584712,-2.4449671831309057,-1.4412782922914416,0.6736957959636216,1.251183699252771,0.6859550830288484,-1.2082577615565782,-0.34591327713149644,0.8166307731399665,-0.21707238158772646,0.7992452472622743,1.3619756816121011,1.3132330449942526,1.391464682859943,1.2406491457164062,-1.5464357865216822,-1.0497293906223368,0.7140415222829041,-0.285
-0.248392939780731,-1.1469860000430865,0.2622590033296208,-0.41619349605357686,-0.1798867375799138,0.2251759262540463,0.10439074787121312,-0.014774226789045697,-1.403627471899168,-0.37050565626177034,-0.5681392817269499,-0.44472896407338247,-0.21707238158772646,-0.09133793796222295,0.386407597140356,0.16091779479051477,0.2360693130540939,0.4123297929283738,0.2796998113329346,0.08100492467757046,0.7950635978719862,-0.353
-0.24491491953308028,1.4525204431369685,0.012863032233451515,-1.2400189007445508,1.0058137341820905,0.4005486690297884,1.7341288846986291,1.1088932429281984,-0.02587256597376696,-1.1907865719564934,0.9165714643065063,0.419226821330403,-0.21707238158772646,0.09826102329877276,-0.0615446631375506,-0.02602073170332729,0.7344778774573549,1.0612844139241622,-1.3018168761561992,1.9630217914145598,1.4026095304536539,-0.035
-0.2414394379563532,-0.20794448944028604,0.13717411785013242,-0.868885034521252,-0.14333522026893908,1.3576566716530247,-1.7056038521648988,-0.5853759092869474,1.2052275734404976,-0.10908352606818777,0.7572454316748224,0.2478392933170519,-0.21707238158772646,-1.4691047990516979,0.9548797351715311,-0.042735500386557164,-1.294442891384137,-0.3030247566802558,0.41522190429084355,-0.2885359427935862,-0.969824099713052,-0.015
-0.23796648684188768,0.02002209786365032,-0.6852609897872924,-0.789334895646448,-0.12398711589649397,-1.6898528416126666,0.2640627573146485,0.5945452287281727,-1.0831159224660516,0.4479848839591152,-0.03402185460489216,-0.479931379044516,-0.21707238158772646,0.35318333971520527,0.7837230996178591,-0.5228048628569707,0.34895306822880884,0.21532356166243483,0.2818507974962019,-0.37384286908224146,0.9675790823737158,-0.187
-0.23449605802801188,0.7738818681026235,-0.6033482533951282,-1.2400189007445508,0.7619250534659731,0.05710294222065513,1.7341288846986291,0.27638465389208305,-2.452727834413195,0.6798328995077512,0.1478115322146137,0.4566601546227643,-0.21707238158772646,-0.564617532876441,1.8025310870608375,-0.12902652282304605,-0.4163074127495066,0.18286633669075594,-0.2772240585420702,1.3154076341362662,1.4318617066416655,0.298
-0.2310281433996582,1.685135919405337,0.2820798852208226,0.2917932329073161,-2.238223556400232,0.4590045078596443,2.1494546066834475,1.7891220687208962,1.223860438269195,0.018655056393763025,-0.0937690054044646,0.2558829948950923,-0.21707238158772646,0.7840934229412203,0.9892600491629125,0.5391783816497777,2.1318324055573967,2.0415410839611763,-2.356672038908947,0.20300264807059262,1.6367879845070081,-0.192
-0.22756273488798295,-0.8917998820564668,-0.1882951886548636,0.39562177587846176,0.3762749908337957,-0.13290150440472692,-2.4680267737988353,-1.1843299147031243,0.28754067493252555,0.6740386458308364,0.5492575270499903,0.1834536466713254,-0.21707238158772646,-0.045703535333693084,-2.154564238784288,0.11343539875484761,-0.8861680992743118,-1.032707437274914,1.1512452056662459,-1.2616489835408777,-1.6042029569043026,-0.016
-0.22409982446998772,-0.219514069651485,-0.24630843514056588,-0.13003007136258654,1.4586496474769801,0.75127082293799,-0.6944776639500994,-0.7102678033838742,0.20213831599551746,0.012849735978295135,-0.2763137151443955,-0.0020039225753718842,-0.21707238158772646,-0.7270780129905589,0.7496409446012616,0.13577581935015492,-1.4238694554933748,-1.1239383576954496,0.9424357148783029,0.1097623501563505,-0.8262336552983341,0.256
-0.22063940416814862,-1.050069723899391,-0.7292158074929261,-0.634227459580571,0.4363110438702064,0.005948833740493869,-0.7969404030462286,0.29695117684702627,0.7660024159942581,0.11733112666377753,0.9165714643065063,-1.4493673335008708,-0.21707238158772646,-0.7017386929875229,-0.8351538847255684,-1.1743951734991307,0.012545179699874804,0.5264367878790255,-0.13104087727434444,0.028198968995577653,0.22596114373855272,-0.316
-0.21718146605004368,-0.12991707283589982,2.2016033869020584,0.2460226497586135,0.26044252133164625,1.5183707595559761,0.03504590588602424,0.3984241321743828,0.6736506692295013,-0.8938917063348224,-0.25882211198243515,0.7980080279523033,-0.21707238158772646,0.5651389541489681,0.29441564486641775,1.3643712096936262,0.28491670474763053,0.10898574857408228,-0.4362746169056991,0.07141194468622346,-0.5393876491879264,0.256
-0.2137260022279899,0.3585567800043103,0.5884069210755521,-0.001576552561673847,1.5930447357907034,0.15210161661613453,0.47826996583498904,-0.510201884667203,0.6890316282734922,-0.9986530837489227,1.0652129640559123,0.23443090660971322,-0.21707238158772646,0.715711842557546,0.6901169871559095,0.6263337632897602,0.11985144289791463,0.18729414626362595,-0.22993244431428123,1.4547654684340698,-0.07393104702741642,0.003
-0.21027300485868025,-0.559028368294447,-1.7106065437362414,-1.8742869487545062,0.9480751727703068,-1.0026621623042111,-0.021426928993204527,0.8460489062301366,0.8677705829180815,0.8130727956020531,1.335027720221702,-0.42307352690633904,-0.21707238158772646,-1.2531611856770366,-1.3883685800942518,-1.572134311544022,0.28644237512071896,0.9724684387008014,-0.9282500574727413,0.8861445459532967,0.4519747476333267,-0.084
-0.20682246614282693,-0.48921365798839256,-0.4638917344874041,0.02435140944459504,0.46203553990818036,0.7220451489779481,0.061071029874030694,0.9518159039502351,0.263124820624245,0.38999818696093713,-0.15309241679107222,0.14586594827868674,-0.21707238158772646,0.11681413166140552,-0.27395012431986976,-0.5808288464762921,0.8523000942585566,0.7359173851367503,-0.8316015606082063,1.2167564485631617,-0.21179869829957568,-0.105
-0.2033743783248064,-0.32085609660465714,-1.490109898661782,0.5515882354199346,-0.6664518031884745,1.978564455967495,-1.182877905045669,-0.5545174290954477,-0.2527619985942119,-0.4983786295913482,-0.11161030008298659,0.18076952432711452,-0.21707238158772646,0.14063182482122025,-0.4197471797669429,-0.34563271451533584,-0.7716276863892951,-1.0570200073413318,0.7056924692052583,-0.8945423391527396,-1.232638463314239,-0.188
-0.19992873369230973,1.019337811126628,-0.43205088963492233,0.46938659164682833,0.2840432462979985,0.7220451489779481,-0.8773533836430573,-0.9308115500539201,-0.364266240607493,1.3512646619351156,0.9568610653566058,1.3627842788913014,-0.21707238158772646,-0.1317296405177113,-0.5805379670444629,0.25878240196699687,-0.32800687391012384,-0.5534772263506175,0.26034116819520603,-0.42761550234527756,-0.5535305564482085,0.141
-0.19648552457599608,0.9574200968272015,-0.34901167057738763,0.005823373125353901,1.3711437848308685,0.4370836697794635,0.311344637403182,-1.2217748019546393,-1.2099223923143727,1.1025368982995465,-0.6575946728032493,1.434113365647531,-0.21707238158772646,0.7663960989656453,1.8114204644533336,1.0920388774468768,-0.4426818413162527,-0.7192253645760686,0.3786504702907715,1.0484767966804216,0.14033904351485232,0.498
-0.19304474334914765,-0.2252998173709764,0.045501369308834354,-0.049518763271780335,1.96382798925155,-0.33022397031168504,-0.42873260458424106,-2.206891875532827,0.08647551998140056,-0.8357028811106153,0.12945071870401215,-0.06662801576322064,-0.21707238158772646,0.3010004303288204,0.3445460918175625,0.35678975802237456,-1.5829819714331406,-1.8515231987857854,1.351481949094369,-0.010274083956061336,-1.476991940926329,0.15
-0.1896063824273337,0.06606646253576894,-1.4540689818254748,-0.6512545385038189,-0.28958150624371826,0.29094162775004057,0.3413875778834193,0.986328074316992,0.5415581971249437,0.7667345791502078,0.8831378628311523,-0.35002963708400336,-0.21707238158772646,-0.682063596120504,-0.11894077490509654,-0.7655830644273863,-0.276976026994109,0.24922274217766824,-0.2879717544831912,0.21016105244350733,0.48438217764677327,-0.284
-0.18617043426807153,-0.6347577000941966,-1.0277461590218362,-1.9745473046118343,1.985119645146746,0.4882321029898657,-0.8952494881307432,0.5227654722709727,2.074483452226331,1.3628285314532493,1.803645903535375,-0.8953358121523881,-0.21707238158772646,-2.061510955887762,-1.775703436411317,-2.224901181741128,-0.5748331179578265,0.43723593379655784,-0.2879717544831912,1.5275989082135588,-0.22270750835383196,-0.018
-0.18273689137049562,-1.199910917696288,0.7770736995874953,-0.3915687069066811,0.3612632940957574,-0.7468284085958823,1.034836199048721,0.799699046880876,0.113844067382825,-1.6044692153149398,1.512388745586309,-1.3919125198864462,-0.21707238158772646,-0.22644201616061743,0.809317371955943,-0.5393887531008205,0.21621058077815383,0.805384676338135,-0.23638146816684028,0.42400314658339194,0.5610313627882635,-0.334
-0.17930574627502804,-0.1356928399668889,0.44800189391027556,0.09512543302754478,0.6869920239301491,0.5832203015318983,-0.01707874972268405,1.31521577292265,0.16253808484848414,0.15795451570841534,-0.19436927085800562,-1.1678706727977481,-0.21707238158772646,0.4905411060675926,0.41995314061158034,-0.06501517040629196,1.3555716406828502,1.3930903100396463,-1.3425943053452,1.7652951585469405,1.1613592006645348,-0.219
-0.17587699156305198,-0.30636685580801265,-1.0585539383323532,-2.3620142678816407,1.7529370986367614,-0.5860280433036265,0.1951343468769622,0.7867156332073284,-0.18934874184588985,-0.2426762194782276,1.8704886299776526,-0.5558031729950961,-0.21707238158772646,-2.0646385335040063,0.04545793989932778,-1.5015147785519056,-0.22137984500030475,1.099850564477071,-1.1000335195190696,1.470713677989525,0.656190946503442,0.141
-0.1724506198565905,0.875642925454188,-1.0770123664168427,-0.6953337928350529,-0.8432967412016424,-0.1109774277945762,1.831433733334706,1.8271605064518732,0.9851896596866921,0.4943671792241253,1.1267520343795816,-0.23114099599700932,-0.21707238158772646,-0.5007350507530297,1.8114204644533336,-0.9634886995966873,1.8473494831776465,2.28396573250776,-2.1146007324159313,0.9070697514376047,1.3328561694646808,-0.306
-0.1690266238179883,-2.1178236768607417,-0.6096622562578692,0.15517551799846477,-0.17343598461699353,-0.9953523677871374,-2.5894329137664043,-1.3924725499662403,-0.010706214274873059,1.3454825634277015,-1.8821192370548867,-1.523283478693208,-0.21707238158772646,0.26435668296815634,-1.3960443989643092,-1.051232170285805,-1.1402710517620223,-1.6177069533279864,2.4415373803916465,-1.722543160559083,-1.2962838529635992,-0.156
-0.16560499614959287,0.5097969472384307,-0.5083780083874604,-1.1807504390497627,-1.6130329879402896,0.9923746290470401,1.4852884331926346,1.2556505487956084,-0.08648800666961111,0.6276809980393452,-0.5286926415856052,-0.5720704074876332,-0.21707238158772646,-1.2942952043673883,-0.32266321443288815,-1.4362457787721654,0.19940044287809167,1.4576585544463727,-1.7973709632680825,0.5820752336044523,1.5346612202906795,-0.272
-0.16218572959344496,0.4413754909151082,1.5413369308891651,-1.444240740880395,0.9480751727703068,-1.645985381001466,2.1374397164406114,1.7891220687208962,-0.5264780319359567,-0.26010492188276896,0.2154773536327493,-0.7892618354477181,-0.21707238158772646,0.045115155999542036,-0.7876623344484608,-0.33731540002253724,1.5020056407729154,1.3748049370269249,-1.308255613997991,1.5752952637630584,1.709126089035264,-0.334
-0.15876881693096803,0.7257359445864162,-0.34901167057738763,0.5515882354199346,-0.22504784633426358,-1.1342410971907049,0.9429560518804985,-0.4392596633047589,-0.6013604347418884,-0.31820650139338147,-0.1294135899500229,0.8033292676170755,-0.21707238158772646,0.6265806408784501,-0.7718062558539153,0.1888644796746314,0.2788135342257455,0.05273243618590473,-0.2922707913366526,0.011374155541853255,0.26455684581147104,-0.03
-0.1553542509826615,0.5894840144535514,-0.18183849653294237,-0.4407386310898708,0.03073091241700056,0.06441061608735046,-0.40669018959845027,-0.33269088688994924,0.8307421852028002,-0.16135314369040363,0.36501001758240836,1.0371114298099828,-0.21707238158772646,-0.4371541420831961,-0.8430579548330456,-0.012088478179283593,-0.41165499124619853,0.09419087029864319,-0.34170799990984796,-0.11396016300760864,-0.9109765914210968,0.005
-0.15194202460779815,0.9376971346261376,0.9605787697235691,1.3824109189693112,-0.6923212751393839,-0.06712965675600278,0.8171129808106654,0.5615728678713638,2.3583703863167873,-1.0917973172606028,0.20313421672065665,0.8884199392837545,-0.21707238158772646,0.8571800552389257,-0.6604562271248894,1.1968820287872595,0.5071592025609908,0.13855684090043163,0.146348842411795,-0.6661244749586702,-0.6788962466304375,-0.223
-0.14853213070412416,-0.1328048751332092,0.5348084836683364,0.03177391059608603,0.13381087001294514,0.8316403400785362,0.2554567044593501,1.4157742718323512,-0.11373870692966882,0.8362394509804612,0.9973366349843269,-0.5341184396830103,-0.21707238158772646,-0.0028910000046162786,-0.0779593257749134,-0.33176991163028263,0.8296617344261317,0.9207389787075863,-0.7693094983334534,0.6713126195882136,0.6707044457947842,-0.171
-0.14512456220756142,1.6464640167997142,2.3459547973756716,1.105113934622796,-2.3382980045210107,-0.4325434548605467,1.7178790784027371,-0.6094778295259426,-1.0476454063524496,-2.1702900136542786,0.7309721833217699,1.6135149029143832,-0.21707238158772646,0.7486769565893482,-0.5083394218891019,1.6804861045772774,0.1060692845426076,-0.3090062928580821,-0.20843531871975318,-1.082399692728604,0.014064284876993578,-0.134
-0.14171931209191485,0.6945517525164452,-1.0462373852708822,-1.6033989978341203,0.5434758056687801,1.5695057960749315,-0.4861178030213533,-0.5340262237150684,0.9944700192716224,0.47697455653818055,2.9108109944112543,1.111356741810127,-0.21707238158772646,-2.8461808380556093,1.118627770712679,-1.0923160059525163,-1.7675240667866,-0.428817697261905,0.08828300085919975,0.4429271466925574,-0.7826743733842522,0.05
-0.13831637336857844,0.6718572109580258,-0.48297027111198865,-0.11544982113622983,-0.670763138649334,1.2992136802733096,1.4032090649770232,2.2371023299117923,-0.33114644200202403,0.8825678339221195,0.020116934948059863,-0.9225540572962816,-0.21707238158772646,0.5085834023031246,1.0840615883479567,-1.0402715191670004,1.925994232814041,2.1521083457302095,-2.590072766969709,1.4479277863485887,2.146621545499131,-0.212
-0.13491573908625037,-2.37150211788726,0.7500192912968382,1.8112485769924656,-1.511221356659699,0.108256366576081,-1.2099658285542605,-0.651000608605887,-0.4334334127604347,0.012849735978295135,-0.7570715925750793,-1.6109532988510142,-0.21707238158772646,0.8295011488163015,0.9205490483057706,0.4689715415439436,0.4509321123150037,-0.2343001188301448,0.5378542484898665,-0.7428474707655985,0.2952871685848893,-0.436
-0.13151740233064507,-0.5881432059288345,1.0975038708880864,1.697130405270783,-0.2917329900257371,-0.2132908798256194,0.9220268737542574,0.18721822901251173,-0.11676555117972658,-1.8260433951285076,0.020116934948059863,0.1995560618633473,-0.21707238158772646,0.8219431276452022,-0.33887557400522994,1.4610602004818485,0.5117154049106888,0.3066248164319191,-0.36750006428306886,0.15044702343705058,0.07482616565996349,-0.185
-0.12812135622421258,-0.023183594407761868,0.7432609983091709,-0.20254316382513896,-0.4854629407287096,0.4224697101126922,-1.4865244852500688,-0.5408494126528451,1.0563777343524356,-0.9055304978614963,2.0892576715310933,1.0105792206071023,-0.21707238158772646,-0.2672346782312811,-0.9769374774459271,0.6713598051810419,-0.41165499124619853,-0.3778561030347689,0.32272051086062487,-0.5724089977391026,-1.7453543883931175,-0.061
-0.12472759392585657,-1.4415505754279703,0.5816996631121618,0.49280080076729366,-0.22719863060595485,0.4590045078596443,-0.17404042530626324,-0.5647873703418935,-0.4304285038390416,-0.7833402809413975,-0.18259673344613184,-0.9906344229228102,-0.21707238158772646,0.005121601147019252,0.8520366613222538,-0.3816616616085548,-0.11041240746768004,-0.1076203577034249,0.41522190429084355,-0.5921084333547773,-0.03114701233626064,-0.203
-0.12133610863066005,0.4185444363570115,-1.3273016171072272,-1.0636205821160745,1.2195293318498375,-1.397414127688561,0.10006190863619097,1.122985911894805,0.13818488351827463,1.293438778513158,0.5172072565539276,-0.13131049926191138,-0.21707238158772646,-0.5729724676705121,-2.2716651751236054,-0.5642561787246919,1.1112369005051392,1.4954627888440675,-1.6772813340036192,1.5071332718139774,0.8163264277540485,-0.247
-0.11794689356960919,-0.11836749105273164,1.8585617635022171,-0.7726431135389438,-0.0724012737535504,-1.1634815417188864,1.7138151704432592,0.3261748185398491,-0.5983678015202419,-1.9893811453323076,0.8898143659788433,0.3068034792902739,-0.21707238158772646,0.3505787873947326,0.445145144766489,0.8207143473619332,-0.43492276114502454,-0.11357251948417384,0.10763784710701096,-0.33480896397597415,-0.07661250718908746,-0.003
-0.11455994200932297,0.07181895918470703,-0.006694199821213873,0.005823373125353901,-0.5220779553457644,0.2105611747189837,0.5294050345241592,0.7474828913796049,-0.9054112724277229,1.2008948582178716,-0.26465674407671874,-0.442021717152005,-0.21707238158772646,-0.15061982382677347,1.4757807054376235,-0.09007064645086897,0.4980455658464451,0.7981572385211404,-0.8702626702100955,0.5161298589693017,1.1303122646421846,-0.192
-0.11117524725178264,0.5069482170125377,-0.43205088963492233,-1.6954145098754194,1.2109846361503827,-0.7468284085958823,-2.2308667403875027,-1.1992865499124723,1.9675418703600143,1.119896418858712,1.4552500192067586,0.9468669299369477,-0.21707238158772646,-1.2209331540515682,0.06196711752442954,-0.22353535694214738,-1.6297950423283794,-1.3282544095002864,1.228751875874308,-0.07532968420157812,-2.090577551022244,0.194
-0.10779280263406868,-0.909365499002657,-0.8168057666036752,-1.9476781598687911,1.6698067957809373,-2.004253735110297,1.1139186446036422,0.9985635314318311,-1.5466822182982076,0.47117681866268996,0.9838240297348837,-1.9265842012579788,-0.21707238158772646,-1.2766502963667266,-0.9455196829489934,-1.9076480218925753,0.29406999463834865,1.0569950346266512,-0.8981831685435344,1.4775458936627974,1.5990660068811924,-0.133
-0.10441260152809284,-0.4659613479383829,-1.009235262596394,-0.299408468762026,-0.007937508939866647,0.0717182760010155,-0.8460583828250432,-0.18597089244415452,-0.5234798659853166,1.2182489417847493,-0.2119969216077761,-0.15288409613027923,-0.21707238158772646,-1.740465517328539,0.17788360009151089,-1.075886000945041,-0.5904116528021551,0.20352452601377147,-0.1331908232522835,0.4689255025117762,-0.0819780560308767,-0.154
-0.10103463734034149,-2.652970780581737,1.6184886599010635,0.6344947140213555,-0.8799804368294397,0.45169757534475147,-0.45520466602410486,-0.6232899645463066,-1.0860701868568474,-0.6204792950507226,-0.35168690529534175,-2.058579191633,-0.21707238158772646,0.7486769565893482,1.563676989566386,0.16650619303879702,-0.028913957183110146,-0.565511262284059,1.622827237903362,-0.8496790438522149,0.3360580274065235,-0.244
-0.09765890351161502,-0.9650229754371528,1.3114077937326294,0.06525495053330752,-0.8756643358951326,-0.33022397031168504,0.9178389131253336,0.6677485974819103,-0.9380557873945295,-0.9229893249073452,0.5044205096157753,-0.3770751057375676,-0.21707238158772646,-0.08327381349478391,-1.7004211586260198,0.4689715415439436,-0.05042683985767493,0.15481025966399498,0.051725040747285636,-0.26421628765246824,0.64649649156782,0.027
-0.09428539351677068,0.7455678035576004,0.006341806924204344,-0.47217955644290777,1.063537195695717,0.4955389680804817,1.6242605556635932,1.2264783663742522,-0.6850630620376427,-0.5216328947265171,-0.23544249778783846,0.38444906521138006,-0.21707238158772646,0.49827632958360063,-0.2495508452696435,0.35959205469542677,0.8281521788156212,0.8876303135692428,-0.9991164349926906,1.5230522542745815,1.1591480487386898,-0.066
-0.09091410086447117,1.4913887767651082,-1.2361600111635596,-2.3377369625453874,-1.4224549425379291,0.5978336696293198,3.7817095714174096,2.316439050928139,-3.295385129283353,0.9173097917146472,0.12945071870401215,-0.23924119253838086,-0.21707238158772646,-0.6428002204094884,-1.4802649528683363,-1.0676692329089668,1.625763500268848,2.2527530134660902,-2.812681602262525,1.8216033752869207,3.2277863467049865,0.159
-0.08754501909693427,-0.9298650586209445,-0.6726829146666351,-1.6033989978341203,0.04791451833195409,-1.8214587743540815,0.22100388326478582,1.962224482629497,1.059474878167173,0.6218858407640028,0.33990491640290726,-2.2871576553871953,-0.21707238158772646,-0.6933029528685445,-2.402395791520098,-1.6914327101410411,1.4079087458945911,1.9277835128106757,-1.4863642902319754,0.8605474870592007,1.315777731371706,-0.529
-0.08417814178968036,-0.7310183235824494,0.31515745954847435,0.614691193787213,-0.5436194294973278,-0.5129393372795252,-0.5259090388610139,-0.5716430093119399,-0.7924186105679752,0.0883115795948495,-0.29376850857953174,0.014142833276745662,-0.21707238158772646,0.5368893172041149,0.6561718082167906,0.36519699481595197,0.11066380296950382,-0.2507236596824487,0.718604297570756,-1.2009013569417692,-0.4102674234799871,-0.301
-0.08081346255129099,-0.5415666058380199,-0.4511618879687448,-0.675023840671971,-1.6000324648868978,0.5832203015318983,0.6609997371057074,0.4041540379666846,1.6946791124860057,-0.1555450400432181,-0.2821360634098338,-1.3180884020397108,-0.21707238158772646,-0.5229206419420678,0.8862680148918757,-1.4389668802328885,0.3077966414132419,0.7475081703240956,-0.7736056877286505,-0.3201871053097844,-0.17915551726471898,-0.343
-0.07745097502316145,1.563466196476519,-1.242251484649249,-0.789334895646448,0.15957275913974267,0.8973960382579482,-0.16966860533930825,-0.34922000999713526,-1.1274036818457178,-0.14392910868146463,0.15394067353319793,1.5792438326389888,-0.21707238158772646,-1.7252362614589967,-0.524405802753266,0.19725077140416608,-0.9176197865152711,0.07790936825421207,-0.3782465004138338,0.8232723999922837,0.5364031038542323,0.21
-0.07409067287926109,-0.5619391835608412,-0.47025341134612614,0.28797018810348796,-0.29388449720177434,-0.2425238080360381,-0.8192576608621092,0.14201327972069863,0.9140908388145266,0.02446028315238983,-0.8553430157420794,-0.887171900829461,-0.21707238158772646,0.7663960989656453,-0.8193361526682098,-0.30403513358286316,1.0075023595383006,0.7228716608411578,-0.4620634491816819,-0.38361098838525576,-0.17101426037221482,-0.267
-0.07073254982589407,1.5828483275179086,0.7635422485908688,1.8068397709725745,-1.4116328064447354,1.4672351144346476,0.07840726046873805,-0.8911806138630655,-0.08951666995423371,-0.04520860666237853,-0.17670421942965617,1.9345557218154805,-0.21707238158772646,0.5317469820940204,0.07022642667880254,1.5920704985080947,-0.8861680992743118,-1.4705015311927805,0.8520363105571285,-1.077370503092085,-0.9021778701788573,0.191
-0.06737659960146179,-1.5567790103724812,-0.02623209693820577,-1.12088502525847,1.3327159395453905,0.21786855737336805,-0.1565571521188336,-0.4864659760999739,-1.1627932042988167,-0.32982790417532154,0.5749839089580187,-1.745332586058933,-0.21707238158772646,-0.05910973679792946,0.20280297298073488,-0.9717202951238261,0.024821848170479974,0.34483665988033047,0.004417076522700572,1.3291454454417737,1.0405347624598482,0.057
-0.06402281597622775,0.3928453557865312,-0.019721613261197105,-0.3385332585131079,-0.38857404911287513,0.37132042428839157,0.6779262972488652,1.1041803670668164,-0.240690320509771,0.24498892361582558,0.24641397164521567,-0.49076594293737297,-0.21707238158772646,-0.8488153007577334,-1.1488175946911163,-1.001892834706393,0.5101967163684491,1.008323641328394,-0.887444656528367,0.9186879467747302,1.2900374703016697,0.018
-0.06067119275208721,-0.8186641705438312,0.3284034541527071,-0.11180071751327404,1.5674517218518706,-1.0245916379459419,0.9847615935343789,1.31521577292265,-0.3883372209726683,-0.06843455167115776,-0.19436927085800562,-1.1105743646185264,-0.21707238158772646,0.5933326157055041,-0.26582019572907845,0.09110252367533403,1.3735207553163338,1.2675567325462913,-0.7757537722017376,1.9024972240523912,1.1392027574927344,-0.509
-0.05732172376233511,-0.21083664484407433,0.5080603918460864,0.571263976451997,-1.4765755115289445,0.8827837523023024,1.275487653416369,-0.6302068306200735,-0.13189672984509812,0.4943671792241253,-0.2763137151443955,0.00876099660765407,-0.21707238158772646,0.6367952341225134,-0.0779593257749134,0.9308170995056202,0.2681310993487463,0.03346759883940661,0.4087680164916788,-0.9095157181440976,0.2876167978522006,-0.096
-0.053974402871438926,-1.4681247113299325,-0.8230458692485444,-0.5277489985548546,1.6420900952239759,-0.09636144755486205,-0.814792994676088,-0.7067671233412759,0.5937412476313759,0.33200173988874543,0.5172072565539276,-0.6805982838695732,-0.21707238158772646,0.6877589614404797,-0.8904152026675984,-0.2873884061942898,-0.04120572423260376,-0.589589032865081,1.2265988384245283,0.37900403987027986,-1.1453331440163859,-0.108
-0.050629223974811885,-0.9210786985227902,-0.6033482533951282,0.042919752499874154,0.45346105645751783,-0.36676631722225006,-0.5480374313825463,-1.5628425983699894,-0.8816516691404377,0.5523361668775062,-0.9791949305522601,-0.9960829793082537,-0.21707238158772646,-0.6288055014206203,-1.4802649528683363,-0.8426253017455321,-1.9877524614717001,-1.8022249028626476,1.7671396637359296,-0.6364908360026258,-0.576203119000233,-0.065
-0.047286180998590575,1.5745429002225038,-0.8479845008062477,-1.283307887256654,0.7940312593982023,0.44439062932072887,-0.20903895893506969,-0.3359930860466361,0.4863625041308159,0.6334760551799459,-0.01000325000482399,1.3046227415594114,-0.21707238158772646,-1.2560949911791697,-0.7241613874277654,0.04924876813379948,-1.5958866518277726,-1.0600598841739588,0.42812981481116175,-0.17928364391123552,-0.7826743733842522,0.31
-0.04394526789941269,-0.521201347559802,-0.779319433063169,1.2135292065941332,-1.5155525653372568,-0.07443758326784047,-1.0972370928645538,-1.04733024738264,-0.27387942305724844,0.9694157339874522,-1.1901322743257605,-0.3229934625735151,-0.21707238158772646,0.7739833337740345,0.15299249277378568,0.06598707551052937,-0.10271723551422043,-1.0114433728125192,0.5658252581606277,-0.9720074900607362,-0.413055242856154,-0.198
-0.040606478664196935,1.204447669840226,1.492372694011053,1.1092639463101952,-0.6621405649062845,-0.9953523677871374,0.3928067440925427,-1.113674381730619,-0.9143171929706172,-1.7443975137467624,0.5108115058625387,1.5475980809375764,-0.21707238158772646,0.34536823641724185,0.22775059968705527,1.0241124788879687,-1.2403050049472717,-1.1452484831690943,0.5679769082070555,-1.3428980073139791,-0.5337364033803033,0.239
-0.03726980730992604,-0.32375441368043506,-1.266595434811754,-1.7238172861769787,1.298552380820065,-0.7175914422056411,-0.5480374313825463,-0.3857435309145447,0.9913763974876779,1.998149865617017,0.0020318701611502124,-0.9661198051013975,-0.21707238158772646,-0.8573504943353727,-0.9455196829489934,-1.7888407309196594,-0.008947243163835604,0.21679815133639765,0.06677812873432998,0.5373444287095193,-0.01782314119184632,-0.02
-0.03393524788343149,0.5097969472384307,-0.43205088963492233,-0.05319532788640418,0.5177612075240459,0.29094162775004057,-0.10853342124283895,0.18721822901251173,1.8764616389438478,0.3204012859483323,-0.35168690529534175,0.5715094571285017,-0.21707238158772646,0.2905405511407495,-0.290200485964275,1.0043125218873594,0.6527570993975023,0.21827267650051338,-0.78434604182583,0.5019773833817321,-1.1603371613024533,-0.237
-0.030602794461179358,-1.6129849589208163,-0.09770553516281079,0.25363502352194905,0.2625881525776666,-0.67373644075054,0.20376036673820044,0.6757980336959649,0.09559661520151357,0.17536311484650335,0.8034155230150842,-1.6548144703264978,-0.21707238158772646,0.5984527455807582,0.9119741339113617,-0.18185749233179221,0.8930257786926262,0.5687494885906103,0.4173732102261439,-0.3274969563105774,0.32334209042328055,-0.367
-0.027272441149059808,-1.432694817533856,0.11093900795545292,0.07644430099611314,0.4470299652017104,-1.8287703721914865,-0.5347585017638076,-0.4966276767173711,1.4728531722613922,1.212464354522464,-1.4813445465694628,-1.5588908403333053,-0.21707238158772646,-0.37387097501418776,-0.06975357136737746,-1.075886000945041,-0.048889850602787874,-0.15228400180543283,0.5679769082070555,-0.3250600998087189,-0.15475522840903103,-0.058
-0.02394418208217772,-0.9240073462535918,-0.9783400747760533,-1.1776145023883287,1.264383654147649,0.13017905403638294,0.3585389843706499,1.0852523193978167,0.056084579998444524,0.40159630836935073,-0.3401356141489251,-1.0015318488074223,-0.21707238158772646,-0.5118232755877868,-0.6365141922647826,-0.8151216978974802,0.6542715954276821,0.936557318072383,-0.1697390301679044,1.3176977342694032,0.8210409872479489,-0.326
-0.020618011424642736,-0.32665288684270144,0.8788301510171888,0.9895575874079044,-0.24440574202352022,1.021598370293086,0.3070498907218517,-0.359159232165544,-0.21351691753473434,-0.6030339633734616,-0.839047158492372,-0.13939985560885107,-0.21707238158772646,0.7815665668610143,-0.020452830196191898,0.26437898741905735,-0.5219159714455495,-0.6784863342138951,0.5120355847161945,0.20300264807059262,-0.38243620286406677,-0.163
-0.017293923369367505,-0.037593835281029366,1.2490977871784523,0.6028282413384075,-0.7354448613184271,0.6124469843312861,1.7300673058673548,-0.6371308941251413,-1.265802954502866,-1.3946633029978772,-0.44351991106226113,0.26660638453444047,-0.21707238158772646,0.8873148293453978,-2.249772906381185,0.7220486253938297,-0.4085536903843981,-0.6453180006604363,0.8219049537480198,-0.5232301719849562,0.07482616565996349,0.184
-0.013971912137859978,-0.9210786985227902,-0.48932545355861684,-0.5794665582257935,0.9523526227837318,-2.208996656745314,0.6482968270351959,-0.47970053770362514,-1.9372479472148731,0.755149006219159,-1.3854646003600477,-0.3906013025598634,-0.21707238158772646,0.3766026590373527,0.6138104529630314,0.06598707551052937,-0.048889850602787874,-0.5986215172450122,1.5409862235375598,-0.7180713024689976,0.9075676552673163,0.078
-0.010651971980023888,1.3133669991735748,0.736504829372416,0.528030089940727,-1.02894706857978,-0.5348657945990091,0.3070498907218517,-0.6025825630001416,-1.1627932042988167,-0.9171696306548632,-1.2471735990023565,1.6214218758090047,-0.21707238158772646,0.6418997918318732,1.722664572597239,1.182705329119426,-0.7794602630083461,-1.022074301338996,0.3141162069383002,-0.8422100854492482,-0.5847192481743066,0.148
-0.007334097173959224,0.6803691508358597,-0.6915467687557887,2.402352967818337,-1.6412041108976037,2.24151078744393,-1.7834956642644137,-1.8409206004705594,0.458786785036222,0.20437554114295275,-1.1483887870895106,1.121957876057793,-0.21707238158772646,0.8672319659095717,-0.3874365904599276,1.01562612322093,-0.9680077865606929,-1.8037648858917787,0.9531980769649481,-1.5293474252188934,-1.9520416219388594,0.166
-0.004018282025761299,0.7484001205431148,-0.18183849653294237,-1.480029662321903,0.6998395357044138,0.838946581064454,-0.2396975100165684,-0.09970737109591392,0.5845286975094748,-0.2426762194782276,0.39649551086219853,0.48605794832602495,-0.21707238158772646,-1.658445227622811,-0.8430579548330456,-0.4591918599382263,-1.422267582575437,-0.5429501081023025,0.44534064124830713,0.22208733135965383,-0.7884714831643632,0.092
-0.0007045208693276911,-1.577481242112392,1.2906188204744478,0.4499187588130295,-0.4337828844609356,-0.01597456577256,-0.30989542646045176,-0.9452764164070081,0.42816450611150986,-1.4063164349085762,-0.13533959698021628,-0.3770751057375676,-0.21707238158772646,0.5651389541489681,-0.2006668801425886,1.3047134038419976,-0.13658647181632022,-0.44231772999025154,0.6669579998892191,-0.715595094157141,-1.1213689527560184,-0.206
0.0026071919338387455,0.24693887561956354,0.9674049228098419,0.2118464841140232,-1.1996506857576403,-0.8637786780246071,0.44412020592810253,1.9433368935217648,0.7690835238838873,-1.1500233714484749,0.008055902150860312,-1.0723954592198908,-0.21707238158772646,0.15120440172887234,0.07022642667880254,-0.1985319052139474,2.0519374635823726,2.339527282183551,-2.189590648974667,0.36714934622246115,1.4835895982470746,-0.231
0.005916861994821248,-0.5619391835608412,0.3681927236926753,0.02806185393837289,0.019990422153005984,-0.38869189908716145,-0.45079105600030595,-0.31291577169317236,0.7999041783916409,0.20437554114295275,-0.22958729940849926,-0.6046142902746128,-0.21707238158772646,0.5368893172041149,1.231309608967477,0.09947646672208162,-0.09810080172693963,-0.3838484046249708,1.0995771776357963,-0.8372320862644824,-0.15475522840903103,-0.285
0.009224494897482477,-0.9767467023400153,-1.2178724283889995,-1.0315761211731072,0.19820954995382561,-0.9514939222708858,-0.38026053426235157,-0.6267474978288226,-0.8965032054522475,1.6055678146519285,-0.6408963049356118,-0.3148844336136242,-0.21707238158772646,-1.391776548899382,-0.7479981867281045,-0.6139606741330134,-0.9506777513133149,-0.5294189061572511,1.1727742817889504,-1.062289461097928,-0.6131610972457053,-0.239
0.012530096198649416,-0.3092643910429352,-0.6915467687557887,-1.1018562809473595,1.838168266412177,0.10094877629810918,0.00030712200002339275,0.4948222561562815,0.5599698020195262,0.6450658687925743,1.0584017258974394,-0.35002963708400336,-0.21707238158772646,-0.459235276856469,1.5989215847211389,-0.7187587673596726,0.06776341588868602,0.453340887604446,-0.6425598087256866,1.3360118427606926,-0.0018635565667112306,0.162
0.015833671428306696,-0.2252998173709764,-0.7980723950549071,0.9936631751198557,0.6313105938428092,0.34209196196398745,0.38852583733339374,-0.3558443461240267,-1.5728851873623513,-0.40537580961689434,-0.4378102261062128,0.5768467973318875,-0.21707238158772646,0.5008538000123992,1.0840615883479567,0.5700919840735997,-0.1643179721276345,-0.7252637958329432,0.9273685958212505,-0.017494257860188153,-0.0018635565667112306,0.071
0.019135226089777562,-1.9154762636242706,0.38811619604058084,-0.7859998154491208,1.9510520800032742,-0.8930168495746063,0.0089959438078319,1.997922309982579,1.8105852396395208,1.4726633974151275,-0.4492256375803388,-2.223774635005495,-0.21707238158772646,0.018465629437127734,0.6476933030170877,-1.4498499320204266,1.613845312791749,1.999109257904461,-1.578614073730013,2.0524605010088046,0.9950548582512405,-0.349
0.022434765659910434,-0.5328377400352512,0.019386405205690137,-0.07888606831215435,-0.8325087810469757,0.7220451489779481,1.275487653416369,0.9691185509906144,-2.458376091063648,-0.9753704003042107,0.6072502008748094,0.10825692237599566,-0.21707238158772646,0.22761686987779625,1.5812931416149374,0.2224159673634674,0.6981730651949943,0.7808030380869999,-0.7564207668778257,0.5255606494616907,1.9388380277878419,-0.13
0.025732295589261857,0.2440733012652361,-0.00017727050105095934,-0.6274051971426088,0.03073091241700056,0.8827837523023024,-0.15218800481194075,-0.5238049678712392,-0.8935333735626879,0.15795451570841534,-1.0377600875635602,0.9840384681482037,-0.21707238158772646,0.013129562546779964,-0.19250848659422312,0.096685034305253,-0.8217880209860058,-0.8477072713379203,0.5055810287188794,0.13848761805694088,-0.2884509032194686,0.167
0.029027821302276584,0.249804272703824,-0.48932545355861684,0.5988771177191787,-1.6542077044621006,0.2836343824548436,-0.292330202796859,0.3378124859005296,1.8450836844099474,0.6682442914881833,1.6277673472936547,0.2773280141873043,-0.21707238158772646,-0.7863915292894255,-2.161907706746973,0.2224159673634674,-0.1381266291920941,0.259533049994956,-0.48785138519995525,-0.25449507133868715,-0.5790409857087845,-0.142
0.03232134819746657,-0.6493324468085978,0.5951163079158054,-1.174476912253847,0.29476996309580067,-1.5509412284793802,1.7381898826062647,1.1416688250625544,-0.798374037628068,-1.0219371201533034,-0.03402185460489216,-1.556151397831163,-0.21707238158772646,0.9023586905299124,0.5040359065551077,-0.7655830644273863,1.282225100730225,1.4225927186895941,-1.35761681953411,1.3885988621833936,1.8063751043034313,-0.165
0.035612881647589675,0.7682206769286858,0.2886911235450474,-0.675023840671971,0.6120328819878844,1.4380144716359893,0.7032934243810193,-1.7886258981070433,-0.7119298140433318,-0.8415213779092653,-0.21786451602319726,0.5020879260633174,-0.21707238158772646,-0.11825254634086729,-0.9533789389397148,0.37360527154959106,-1.8586655964293495,-1.660710991941488,1.1813860320267102,0.1217351114264156,-0.48583755296075715,-0.072
0.03890242699982499,0.9912063944294871,0.9537547340673483,0.20048335250486413,0.32265684185723614,-0.37407483001537545,0.15196180001880286,0.9468551974692351,0.9140908388145266,-0.04520860666237853,-0.05797187615489731,0.680847230527534,-0.21707238158772646,0.3869987648284254,-0.24141142430381596,0.6910677877113647,0.9999781059777241,0.9394322408356133,-0.8401931136122105,0.6619332004896632,0.5831173073236042,-0.054
0.042189989575948425,0.24120754976297407,-0.2720360385115573,-0.675023840671971,-1.1153594191110539,-0.4398520984193956,1.109762528405336,1.4199690772442786,1.2704682310730766,-0.004566786633354224,0.5300130441414653,-0.648025496999809,-0.21707238158772646,-0.0752144101363284,-0.00399403579333722,-0.6691402400576328,1.1202485612092823,1.301490405065946,-1.033473031027055,-0.20837092876614163,0.5561131415044014,-0.419
0.0454755746725044,0.4556388590750384,1.1938545154036428,-0.4407386310898708,-0.6125682955201752,-0.41792621143471803,2.642037861673416,1.584488255641215,-0.4304285038390416,-0.9346289688859483,1.8332932311194463,-0.7675184559677759,-0.21707238158772646,0.5317469820940204,1.563676989566386,-0.24575240451414582,1.5855308850080974,1.8466209673350735,-1.6901495224775456,1.579833641044353,1.7245705083002665,0.107
0.04875918756097805,0.6775320354738124,-0.779319433063169,0.33395262895506983,0.7576438663968392,0.108256366576081,-2.4587017436143364,-1.504377637583862,1.4541433433260633,1.0099367459920254,-0.2879543263455924,0.8565217149413048,-0.21707238158772646,-0.11825254634086729,-1.094297095690996,0.10505968562567143,-1.2037431680152721,-1.4077463503162515,0.9833332834985085,0.14566392752315124,-1.86578674161795,0.167
0.0520408334879658,-0.34404699839804215,0.9060457897720139,0.8024185842148063,0.03717493451836504,-0.05982174435465786,-0.7924787752881544,0.694514416328445,1.7322475264816348,-0.21943922572667893,-0.3919897087489621,-0.5991894415863114,-0.21707238158772646,0.26435668296815634,-0.13531126221548795,-0.014875167219659627,0.29254456830160386,0.42991269261232434,-0.20413582375088443,0.025796103598144365,-0.6331204433261417,-0.285
0.05532051767534248,-0.3643471993850302,0.2358611127451519,1.5495037344321967,-1.775621670914813,1.1677139887776067,-1.007316834801737,-1.3466022101454718,0.1290556232171591,-0.5507027190130003,-0.5793749231276449,0.3710682813810973,-0.21707238158772646,0.6928453624939027,-0.020452830196191898,1.318913343851795,-0.698089872375516,-1.5578601810823411,1.5129893014214946,-1.470435956477104,-1.8689712477107578,-0.246
0.058598245320428524,1.3941410685595375,-0.7668065779793677,-0.042160790980170296,-1.5848664096781184,2.9499298880421954,0.5379170350084609,0.6811549498131787,-0.03496998618248818,1.9289097595190485,-0.4320965782747341,0.978729286389395,-0.21707238158772646,-0.30268729736375843,1.032305189797675,0.11343539875484761,0.5800095626913184,0.9466180077308756,-1.6965834887723121,0.7111386660675048,0.49680509151000074,-0.129
0.061874021596157694,1.2128382486522504,-0.8292837942288329,-1.0891374426477867,-1.511221356659699,-1.1634815417188864,0.43984814554650636,0.3407172763269436,0.7290427511533724,0.11733112666377753,1.2580914535038337,1.2861088676807666,-0.21707238158772646,-2.1179289837551933,-1.1410385981243292,-0.8811088412548556,-1.051644566946124,-0.03775222933038844,0.17645858683681565,-1.1075620014028966,-0.25277813909627705,0.153
0.0651478516512383,0.47274873865795625,2.122565105756207,-0.593195946021889,0.0006561097006806978,1.160408329542943,1.234155276748318,-0.1698959464320112,0.5968124562734962,-0.39375206607596736,-0.05797187615489731,0.2397945945922844,-0.21707238158772646,-0.2400260305775781,-0.28207688788232366,0.4465204628287284,-0.07964006848955192,0.08679111195319165,0.08613248932378051,-0.03675808838733931,0.2952871685848893,0.089
0.06841974061031704,0.6036979900868182,0.675794925694012,0.4304909465390035,0.09945665539505065,1.2992136802733096,0.8633305124729026,0.597280783481933,1.607105220042345,-0.31820650139338147,-0.29376850857953174,0.41120275220718944,-0.21707238158772646,0.6648477601796356,0.5968877362752483,0.7530430637095805,0.8598441476415537,0.5672914594045149,-0.5071917451339341,0.6502043135329393,0.035251953951408455,-0.158
0.07168969357413964,-0.300572255384656,0.11093900795545292,-0.33143426410665533,1.3818170318814142,-0.16213380526131663,-0.25284680089405986,0.18421744778925347,-1.139204225933471,1.582458257596768,0.39649551086219853,-0.38248530833495537,-0.21707238158772646,0.07171353211619563,-0.7082542329564627,0.018572956737086876,0.11525785551415464,0.22564433347329932,-0.18478780938808786,1.365746954362277,0.8562780263022387,0.305
0.07495771561971241,0.5610415819323683,-0.078238584049661,-0.7592602076347558,-0.28958150624371826,2.3875854690292253,0.8044929262270714,0.4241502601805005,0.6521247619577935,-1.0568657050155783,1.4410220515144183,0.635531750489438,-0.21707238158772646,-0.5368052363508821,1.6784015963717633,0.004634156484796787,0.07849234978403806,0.5614586037297221,-0.7241978721394081,1.1661490775340884,0.3791220545828689,-0.062
0.07822381180045818,-0.7368573706886639,0.4880217021211926,-0.19893288172028697,0.3526846984855843,-0.2352155545171407,-0.10417166211680885,-1.6335244757865104,-0.8519308259994168,-1.4704144714505032,-0.8553430157420794,0.1995560618633473,-0.21707238158772646,-0.4813525927455869,0.8948336167920365,0.8009702367991675,-0.9506777513133149,-0.7660434344197578,0.8929302928987364,0.054615576273008344,-0.5337364033803033,0.07
0.0814879871463755,0.26412859478719813,0.36155583776104816,0.15517551799846477,1.0122281963856592,-1.0465212519435698,0.44839152536096943,-0.5476798148556931,-0.1742369501795215,-1.126731946910231,0.28991534116132733,0.5715094571285017,-0.21707238158772646,0.29315625179838667,0.8777055179816594,1.338797777064449,-1.4671593019544837,-1.1787531421331512,1.3923949730584126,-0.20594569800394144,-0.8670572506631701,0.32
0.08475024666419241,-0.3672478479811183,-0.7041118083361041,-1.5273747930013173,0.7191093664931774,-0.8199218748570293,-1.1603205262998315,0.034927377032847484,0.2753312361115201,1.8596527160783582,0.5492575270499903,0.3121612421509408,-0.21707238158772646,-1.819956482491844,-0.5565004105125706,-0.8426253017455321,-0.3775544040208288,0.3080953402590111,-0.23638146816684028,0.14327204653103576,-0.2747133576577008,0.259
0.08801059533752308,2.16003460914778,-0.43205088963492233,-1.6236739370548088,0.7876103986327068,2.2561184667740224,1.275487653416369,1.2712244766364424,-1.356774284007564,0.755149006219159,1.335027720221702,1.0477219366888006,-0.21707238158772646,-0.845971460467533,-0.11075079628470677,-0.4065926186828399,0.7223790164958425,1.1995072237783362,-1.6987281251914692,2.1483077795135452,1.7052540326761179,0.175
0.09126903812701843,0.05168224954072567,-0.14305311041409788,-0.30297337952929637,1.6122376358359514,0.3932416282141095,-1.8661385463474165,-1.0657012808929758,1.4416732788773172,0.6334760551799459,-0.14126140058934564,0.4539870147280336,-0.21707238158772646,0.31145252285410135,-0.4116742911187152,0.62070754407036,-0.2599802011160265,-0.42581826714164794,0.20656936656601632,0.4618375797835892,-0.8291442441528573,0.122
0.09452557997051869,-1.3884332580510452,-0.00017727050105095934,-0.47566485704671213,-1.154258246692848,-1.397414127688561,-0.24407994738701067,0.8434899600708071,0.6736506692295013,0.7319766415939621,1.0652129640559123,-1.580808858388983,-0.21707238158772646,-0.18577077359512378,-0.03689901995641847,-0.8481244879147791,0.24828589670630005,0.453340887604446,-0.10094103680382797,-0.5674866365426633,0.4018139245099097,-0.272
0.0977802257832047,0.9743171274960236,0.006341806924204344,0.5084422695343574,-0.4660813134823403,0.3055560772789938,-1.38653956957035,-1.1992865499124723,1.053280757488346,0.5639287750710518,-0.6631532002910855,1.2437769049428267,-0.21707238158772646,-0.22644201616061743,-0.8035056346469848,0.558849080337577,-1.0247925550007568,-0.9825991667774979,0.8778638984697342,-0.7032178854063886,-1.097456812031301,0.095
0.10103298045774659,-1.149925141010289,0.019386405205690137,1.6057342854423833,0.23898498840106863,0.6928192635682787,-1.38653956957035,-1.5863397504743948,0.49249245037368744,-1.0277583403033017,-1.19533482731388,-0.914387744451762,-0.21707238158772646,0.5805242348810684,-0.8114224916662949,0.5110870746841896,-1.6540447269556429,-2.3186308658582266,2.3855037786476636,-1.226193301822512,-1.5637234080112872,-0.128
0.10428384886444925,0.6973876767427091,0.183168075986954,-0.510428330146395,1.1148343251326924,1.0289042733239602,0.5846789974871694,-0.3657944394062464,-0.780504967581149,-1.3480540384363617,-0.22958729940849926,1.1775922333872388,-0.21707238158772646,0.49827632958360063,-0.8035056346469848,1.4752895723984585,-0.21212119606846225,-0.2746243871969527,-0.09019082478976063,0.5090545654494936,-0.2637388432776981,0.308
0.10753283585140315,-0.53574721245091,-0.8977571751193348,0.08017730622183883,-1.6260344790931844,-0.5056305475288675,-0.41109738714592314,-0.8804097265203392,-0.1258448673554105,0.7203898509849365,0.829908766716509,0.10825692237599566,-0.21707238158772646,-1.528908047740582,-0.43588343696232257,-0.834375562808543,-1.4254714314310186,-0.5670157445523438,0.9510455956158238,-1.4550932067246227,-0.8204149642670859,-0.15
0.11077994624462621,0.068942795868371,1.0426322985349894,0.694144659715593,-0.40364250115361083,0.838946581064454,-0.7790975463776068,-0.7841967126353039,0.49249245037368744,-1.1558464360939598,-0.2471405313881507,0.5528256600152409,-0.21707238158772646,0.06373937423648658,1.0840615883479567,0.33437554930877644,-1.1719892876886662,-1.1117650115456317,0.8692546298460911,-1.0472181894085797,-1.3236691644048069,-0.071
0.11402518484820955,0.37284688752873296,1.4993612807915335,0.4771849277643999,0.8817640284878037,-0.2352155545171407,0.7201897824983994,-0.5374369164489955,-1.4912904686474588,-0.28334446508155947,-0.01000325000482399,0.20492264769979987,-0.21707238158772646,0.7131729236728042,0.7922514143214991,0.5195132684143359,0.3809394606669801,-0.028842234543860017,-0.04288822249258054,0.643164517543132,0.6489215133415597,-0.097
0.11726855644445876,0.45849097318763415,-0.7103910684783284,0.08391192214231806,-1.5198838804156107,1.0800452338246977,-0.051883296491376234,0.6489009863402849,0.7228852592693267,1.0041483434939122,-0.028023645493853937,-0.21494320488866878,-0.21707238158772646,-0.564617532876441,0.5884310564911486,-0.6994675355780059,0.7480858327105734,1.1824578221684368,-1.8638358469421092,0.05941566378476471,0.3207961783089208,-0.243
0.12051006579403771,0.2841751659525473,-0.14305311041409788,-0.08254971396499494,-0.24225477165154177,0.4590045078596443,-0.08237299293006103,1.8145406156452533,1.0130352854639109,0.22178185092786196,-0.5681392817269499,-0.7050358920467731,-0.21707238158772646,0.0610803026797909,-0.6524787352993411,-0.4564245902772789,1.5691326791680844,1.6835004292542013,-1.4734909311467448,0.4571112412558538,0.6900030860707598,-0.198
0.12374971763610731,-1.9481723179794033,-1.8402767020919268,0.5201901645397657,-1.578367073963915,-0.03789809172520595,-1.6370058447544145,-1.3123668487096125,-0.4544617330200695,1.0851764249803706,0.014084255410204489,-0.8354839947845939,-0.21707238158772646,-0.22101218989564442,-0.32266321443288815,-0.44812203943615775,-0.6574767986622873,-0.7887139242603429,0.9402832558682825,-2.077302536415935,-0.8495415601459045,-0.283
0.12698751668846536,1.2296132571760485,1.2836933778475892,-1.076392206963199,1.0442977148506727,0.6708997104477791,1.1056057365493266,0.044194227842515796,-0.40036758905484143,-1.7793867171670408,2.1967637143308214,1.2808184808691627,-0.21707238158772646,-0.8090570557598813,0.03720807230879894,1.1061981484645587,-0.8076727644860968,-0.05557859907294858,-0.2449800846543737,0.6314274115226686,0.006104334743441899,0.51
0.130223467647685,1.0586850187007983,0.2094974656637893,-0.10084370980852668,-1.3791703394434929,0.13017905403638294,1.5507743327805583,1.3989278077312721,0.037859434835957204,-0.5158191954303669,-1.3038070746670107,-0.24464180396712176,-0.21707238158772646,-0.38485552043100063,0.06196711752442954,-0.7242694093940305,0.7148158376155016,1.2477337697195023,-1.4370147216337052,0.7321992138580107,1.3243251382018526,-0.304
0.13345757518925033,-1.945199360464847,-0.5780705499227518,0.8468630598320593,-1.1304857586899522,-0.6445000709450284,-1.0792342521020182,-0.5716430093119399,-1.3010476398218098,0.18696837150374274,-0.5568881902183657,-1.1214853712088917,-0.21707238158772646,0.6648477601796356,-1.442031412638829,-0.2263129124840637,0.024821848170479974,-0.5414464374202924,1.4871465906590733,-1.4244391121418485,0.35128715069666927,-0.331
0.1366898439676933,0.4128348206913779,0.4813464027063696,1.1842351452817919,-1.2623541235779954,1.1019625954893733,-1.115249284001518,-0.8374872169678533,-0.7953964404285141,-0.6379254162264412,0.7309721833217699,1.7188883317056018,-0.21707238158772646,0.3401557553758053,0.5040359065551077,2.072424605360478,-0.6824638506305759,-1.1802765819726135,1.125410881062297,-1.3530745847098278,-1.6824235453491592,-0.084
0.13992027861672862,-1.6307435064818652,-0.8604407458432983,-1.429257903960424,0.13810474243863502,0.4590045078596443,0.24254225412967526,0.694514416328445,0.113844067382825,1.7499614728955468,1.342054997524215,-1.6328817128119393,-0.21707238158772646,-1.5980308281664652,-0.33077097831903973,-1.8617775964185237,-0.09810080172693963,0.7648847316728679,-0.44916914467290714,0.6290793727526637,0.08008765303133716,-0.363
0.14314888374938556,-1.0559392496857551,0.2622590033296208,0.40723041641944013,-1.4246194487136599,-0.05982174435465786,-0.10853342124283895,-0.5510977205476499,-0.7715672998969342,0.24498892361582558,-0.7790130307911856,-0.4609743424406892,-0.21707238158772646,0.6163587320388713,-0.8667509757758567,0.5279404896080429,-0.25071276744058796,-0.47683702976645553,0.8455795159111891,-1.2641836364850596,-0.5422145403850847,-0.161
0.1463756639581425,-0.5502968160255075,0.2029119060692344,1.8244844200287011,-0.9987123021495526,-0.052513846054962246,-1.7010268460019429,-0.36911476028639156,1.5321382737439515,-0.18458647675984866,-0.9148143889381236,0.36839180773275665,-0.21707238158772646,0.47763967888222175,1.1272770521577704,0.6657299681939916,-0.1643179721276345,-0.6242233402321191,0.1807600635842517,-1.5114014040416277,-1.7832636045953834,-0.36
0.14960062381505657,-0.663910850588504,-0.5083780083874604,0.22701982478602864,-0.6513628940757921,0.5174594826206322,-0.2747754565694528,0.10860003676766594,-0.36727585848805105,0.7203898509849365,-0.42637896312349116,-0.07740440747390104,-0.21707238158772646,0.4207332955483745,-0.2495508452696435,-0.05666119064866045,-0.3218178244748403,-0.487348356556687,0.5443090240695644,0.15044702343705058,0.38417108800707656,0.09
0.15282376787189458,0.6661815957443424,0.8109394761034311,0.3109325288707922,-1.6282014885054774,0.19594636805534868,-0.01707874972268405,-0.2507255696421332,0.5323548336882307,0.4421866548004937,1.2720304683703905,1.375997580115039,-0.21707238158772646,-0.6568096065120609,-0.3793510135249337,0.9675554859638611,-0.19823713825700695,0.10454793578828696,-0.11169110747691487,-0.6414272482545962,-0.028480478170842278,-0.014
0.15604510066026162,0.04880489845555339,-0.8292837942288329,-0.3385332585131079,-0.5651633028785318,-0.18405818024997692,1.0473393023811002,-0.017896135555955307,-1.616505885022008,-0.31820650139338147,0.17235478070014557,0.6061951605241758,-0.21707238158772646,-0.7665909152511755,0.9034023232693681,0.16091779479051477,-0.46441572270112663,0.026055318229761544,-0.1933869847874346,-0.3226234828403783,0.6197593797355812,0.078
0.15926462669173078,1.4219523709904398,-1.6156278061728364,-1.6582401197179326,0.42344761835890843,0.7878026187917465,2.2533852804155554,2.168144877484979,-0.7953964404285141,0.12893828337068836,-0.06992126703484645,-0.3013712644529823,-0.21707238158772646,-0.1263372159967435,-1.6323889835013903,-1.3109293974561504,1.563168665246337,2.1289384265366356,-2.189590648974667,2.232755021240852,2.3134677612633734,-0.007
0.16248235045796697,0.06031328626931024,0.6555965541555321,0.18157694878402714,-0.8756643358951326,-0.20598268351987223,0.652531893127572,0.6272484892506873,-0.9321225772283023,0.007044321963601404,0.613717959428963,-1.0424083090422334,-0.21707238158772646,0.2774547281469138,0.4367446826603022,-0.2540817941254664,0.3260927262482422,0.34630543726620044,-0.31376561853412055,-0.18412918138420145,0.8749827644246571,-0.206
0.1656982764308558,1.2882619035647402,0.6354173235622657,-0.2097588711587926,1.0293325183602986,0.5174594826206322,1.0681640864694422,-0.6025825630001416,0.7906561562915984,-1.173316129728311,-0.11161030008298659,1.1881851706551527,-0.21707238158772646,0.1459191163383969,0.5040359065551077,0.7727738638929222,-1.3694629177704518,-1.533325225883166,1.112493951508033,0.13848761805694088,-0.9197827306758756,0.012
0.16891240906262692,-0.982609392177208,0.019386405205690137,-1.1713376687773946,0.5649022613027517,-0.5494835062974346,-1.3457150432153584,-1.2518585843185757,1.823128026243473,1.5188977204805088,1.017644591948637,-0.27165060247020173,-0.21707238158772646,-1.1917043583427889,-0.8904152026675984,-0.18463686331968399,-1.0469042296398834,-0.8310608388533841,1.3127236184295819,-0.8945423391527396,-1.458487746664206,0.099
0.1721247527859791,-1.1469860000430865,-0.2141004092014361,-0.3491695764436062,-0.18848806547632732,-0.3521493350749144,0.83813182640332,1.332606952180872,-0.06528172670587978,-0.35888299083642816,-0.6185784918047144,-1.6493308748192264,-0.21707238158772646,0.7334716991701854,0.2777305676486208,-0.9058349738700479,1.0496199558117412,0.8631295274374342,-0.4792555065110913,0.6102876394433686,0.8726480401665042,-0.35
0.1753353120142014,1.2575535077472513,-1.5260714578289747,0.9445009446081081,0.22396339341356156,1.591420626000294,-0.37585785068221755,-2.1692540602901715,-0.920253278708879,0.314600913814359,-0.4833771171268742,0.9442111690263855,-0.21707238158772646,0.3140643311612835,-1.0083039754426288,-0.08450360135532374,-1.5282169572960767,-2.2643288329510796,2.157083594917219,-1.1478786461699368,-1.0646627492652316,0.193
0.17854409114129635,0.8728198572968143,-1.3515225710733698,0.02806185393837289,-0.13903548026137055,0.7731899399424033,-0.5967752889050602,-2.0160073922505655,0.682878714416394,0.26239322074853144,0.3023852653769106,0.8618389782449805,-0.21707238158772646,-1.0378790096508588,1.1272770521577704,-0.6415567412600742,-1.4671593019544837,-1.165044140267225,0.6561986966734649,-0.4545459702426771,-0.8291442441528573,-0.044
0.18175109454210014,-0.34984628004461077,-0.7542850207640869,-0.6512545385038189,0.3312366698775465,0.7951089384934177,-1.1873911160140713,0.20518424342831645,-0.7596471702024853,1.1141100179911254,0.008055902150860312,-0.3148844336136242,-0.21707238158772646,-0.7355351836096844,-2.0809489804391608,-0.8811088412548556,0.05396528921264717,0.4606585020432036,-0.11814108187642704,0.49017787758521325,0.043182740165157024,-0.195
0.18495632657240357,-1.7047851371258305,0.032439593255763705,0.8509130155941446,0.7447997967473009,-0.2352155545171407,-1.0747350054845564,0.09333872174898061,0.5722478108634863,-0.4925652851670171,-0.32277837069176457,-1.1133020021378315,-0.21707238158772646,0.8521514743904883,1.5196904034783019,-0.31513051109466894,0.5071592025609908,-0.21489915550437702,0.6131626724113747,-0.25206535945310854,-0.6445442644669789,-0.337
0.1881597915690684,-1.3235685859780872,-2.8824489698398787,-1.4978341247996214,0.4706096751670434,-0.6883547149238184,-0.13471811344515106,0.9043827944479402,-1.473777558870848,2.4189860971640336,-0.2995786147322889,-1.8029727126794386,-0.21707238158772646,-0.8744374409023423,-1.326845719737361,-2.7340546567233104,0.4372456897818476,0.5045268527629615,-0.027836827441519232,1.1338965026039947,1.3710425856865471,-0.19
0.1913614938501496,0.23260923358725225,0.4880217021211926,0.16271074240706673,-1.2818182281375297,0.510152657887825,-1.7330772633404954,-1.1396306625670747,-0.520481480510066,-1.2140816572953017,0.823277902203794,0.8086501427100936,-0.21707238158772646,-0.911535228556376,-0.6843695782303932,0.33437554930877644,-1.9975801470543666,-1.3939800838620322,1.1340222537300628,-1.472994102177444,-0.861215379058669,0.127
0.19456143771500728,0.7540641486210944,1.752348629361362,-0.685186172617756,0.7062630041049704,-0.739519144547151,0.9178389131253336,0.8203744682745304,1.4978084218202738,-0.40537580961689434,0.4407707909737012,0.006069922404425628,-0.21707238158772646,0.6724889046036882,-0.49226032795792307,0.9138672252690176,0.7163285591262688,0.5556245679415173,-0.3008687937116445,0.6290793727526637,0.5610313627882635,0.042
0.1977596274444261,0.40141337440610586,1.0906375254973846,0.6782029090444657,1.5397227510573834,2.234206930116869,-0.8728808610150505,-0.3924077137710568,0.8646839366779361,-0.27753444301692476,-0.6353225732034867,0.5875202990655615,-0.21707238158772646,0.892331188569362,0.21943158552990258,0.9986563814430365,-0.3543211892066893,-0.959839015662903,0.47330891153144167,0.4712877210450556,-0.7364173062363353,0.115
0.20095606730072987,-0.7748251761266414,0.4880217021211926,0.4615946568387557,-2.031740913081155,-1.7556551397533755,0.47400384938805956,0.8177966425818957,-1.3655644752288385,-1.126731946910231,0.12945071870401215,-1.0887560105899452,-0.21707238158772646,-0.19389535556291826,0.3445460918175625,-1.4824860687565562,0.5936574912463736,0.8746623734127362,-0.4534672710219354,-0.8347434782627259,1.5407454404132401,-0.195
0.20415076152789421,0.25553453457274117,-0.13010742198720743,-0.14821900645466077,-0.49192391228641946,0.8097215384891391,-0.5524650023654957,0.17520405835823158,1.5508716152572712,0.6624498365464786,-0.9201991691317012,0.9017070884608093,-0.21707238158772646,-0.17224050585544587,-0.7400557785754698,0.17209506086266363,-0.6231485900513493,-0.4828431917954905,0.043123395864763,-0.3177509671212373,-0.9639245486287488,0.107
0.20734371435166213,0.08044642791456766,0.3085376685734355,-0.6308171447345273,0.8988785038866994,1.5622008280303166,-1.7789094814364976,-1.0657012808929758,0.1199281073898719,0.5639287750710518,0.7572454316748224,0.11363093564832223,-0.21707238158772646,-0.4096033594483981,0.5715270561526774,0.1860692834285933,-0.45044250814205794,-0.45282068622001265,0.2796998113329346,0.4571112412558538,-0.7884714831643632,-0.001
0.21053492997965398,0.6832060680619716,-0.4511618879687448,-0.1953209808023813,-1.3272426462624864,1.5622008280303166,0.36711031271283656,-0.0965379543819007,-1.1981462210902798,-0.8938917063348224,0.0746065637681334,0.49407339244772824,-0.21707238158772646,-0.3601527949318919,-0.6843695782303932,-0.39274331692757575,-0.34657985444515166,-0.00509270295158407,-0.5415733447414696,0.018586149163548265,0.2952871685848893,-0.035
0.21372441260148026,1.6298786632100104,1.1800647985429351,-0.41619349605357686,0.4341671941789941,2.840387566703851,1.481190355519368,0.016344207168135592,-0.5414655640596866,-0.35307179318017906,-0.3632220753560282,1.7583742340365338,-0.21707238158772646,0.0956085564818907,-0.08616192591551224,1.1713659245282753,-0.11964845939487012,-0.3868448747035237,-0.2922707913366526,0.5914826826538135,0.22596114373855272,-0.035
0.2169121663888519,-0.09816200423897331,0.6152572395881324,-0.020048137273318133,1.5546541500567863,0.4297766967128293,-1.2370744866235195,-1.1694017159137498,1.071865121414314,-0.7251678171165015,-0.7790130307911856,-0.26354696063183686,-0.21707238158772646,0.2065792955834337,-0.3874365904599276,0.20284221812023884,-1.9076168953156434,-2.329496378565171,1.8382252788446634,-0.249635884256884,-1.86578674161795,-0.118
0.22009819549569032,-2.040392065153661,0.1503045345916025,0.3878906930939193,-0.8648745179285615,-0.46177811659290796,0.5038509855832222,0.7051682139161476,0.07431679441173487,-0.4344367360971583,0.014084255410204489,-1.9458243788267764,-0.21707238158772646,0.007791436781574054,3.5934314758822423,-1.433524541978125,0.5041215063166904,0.7083688927600681,-0.2686257952393166,-1.0748563165053078,0.8959519108158027,-0.514
0.2232825040582345,-0.16458140545560496,1.4993612807915335,-0.8126345763228299,1.6762024878262274,0.8462528089578119,0.9220268737542574,-0.41578936618594237,1.164876565355179,-2.252014830759123,0.24641397164521567,0.36303854271873187,-0.21707238158772646,-0.139822250063995,-0.2088221127184668,0.47458545784787237,-0.19361015955185756,-0.013996990660701857,0.12269191721526787,1.2810337644428549,-0.37965778204561107,0.134
0.22646509619515176,-1.3235685859780872,1.3738884750997977,-0.2779849482415413,-0.8023057775172264,-0.6225729495051918,0.18650549158318744,-1.3389819481993153,-0.10465695920883816,-1.960209221110376,-0.3689836263297685,-1.4384211485011538,-0.21707238158772646,-0.4096033594483981,-0.5404594668596833,-0.5725430747445821,-1.9027179111900574,-2.120249889276697,2.245430083570404,-2.2251145043747997,-0.9227197581396218,-0.4
0.2296459760076421,1.2184308275133957,-0.22699008756104005,1.1258798445856038,-0.5651633028785318,0.5247662939169019,-0.22655416083290306,0.5835843242680919,-0.8340870003268267,0.8420308585730485,0.7572454316748224,1.1060556775674268,-0.21707238158772646,0.6979299575062927,-1.094297095690996,0.485814665000876,0.5982060000383597,0.6444639715031737,-0.5716559081881109,-0.2715096897311482,0.504247758315782,-0.087
0.23282514757954648,0.7314031955683036,-0.7980723950549071,-0.07155393137983589,0.14454538281836696,-0.24983207588097545,1.509863988210354,-0.6648990983584793,-1.3010476398218098,0.5581325206486791,-0.7185306789137748,0.2853680857626806,-0.21707238158772646,0.771454700423216,-1.3960443989643092,0.096685034305253,0.3398102289117618,0.07642886237886125,-0.4685105174629671,0.43110123902422953,0.8936258642030482,0.199
0.2360026149774494,0.7795422458143514,-0.24630843514056588,-1.5067138431807305,0.20894070800158693,-0.8418502084240123,1.0098113751118987,-0.7313095926539148,-0.6073450316993987,-0.06843455167115776,-0.2995786147322889,0.48071381179562234,-0.21707238158772646,-0.9001094049765946,0.23607275185354898,-1.4171942812328053,-0.8704538453046256,-0.26565996113382795,0.3356271198536088,0.00656502575270445,0.36648350023378606,0.223
0.23917838225078766,0.21827517501712662,-0.7480209794475319,0.12885290939911248,-0.30033915914388726,0.7147386974683426,-0.6100805972970087,0.889261761037513,-0.4214124851940949,1.773057831917792,0.5685451099312778,0.059871562949738194,-0.21707238158772646,0.7106335550126802,1.5196904034783019,-0.2596341128770801,1.1907923207517705,0.7373665125758323,-1.258890094270371,1.094682293575157,0.504247758315782,-0.356
0.2423524534319503,0.7342365197089771,1.3530426264393192,0.543729126164513,-0.11108941536460429,1.6060304508447083,0.10006190863619097,-0.5785058560337875,2.6560900757499692,-0.8473399605528495,-0.06992126703484645,0.3898006412905712,-0.21707238158772646,0.29315625179838667,0.386407597140356,0.23640072337823598,-0.2429915257921282,0.15481025966399498,-0.6812316643169063,-0.08739536631693284,-0.49145999688862635,0.04
0.24552483253638283,-1.36483888419354,-0.9721544853169058,0.5791454579720763,0.058653536375081514,-0.12559346468936866,-1.9627730503349405,-1.4308925323240276,1.0130352854639109,1.5477905523315698,0.472536645676297,-0.8545235066850297,-0.21707238158772646,0.708093736360913,0.9205490483057706,-0.8151216978974802,-1.5040966129839684,-2.0939462024685627,2.2087978841516263,-1.5293474252188934,-1.8054293985437548,-0.404
0.2486955235626899,0.3899889819219558,0.1503045345916025,-0.7960001408576173,0.11448733252587076,-1.0684510045810984,1.357958635369269,0.5144020646557058,0.10167832044772877,-0.9346289688859483,1.2580914535038337,0.2746477713786821,-0.21707238158772646,-0.3628953213134183,1.4319479448571477,-0.05666119064866045,-0.26615967167575755,0.22122153316216367,0.004417076522700572,-0.09946680986709769,0.10896229729849008,-0.091
0.251864530492735,-0.3034694772237706,-0.22054632622830483,-1.0219306501692065,1.1426153331495632,-0.27175696546332057,1.2920024203483007,1.2867059132773733,-0.8727378996047285,0.778319745101019,0.35244823781222195,-0.6371706328189012,-0.21707238158772646,0.042452509513857345,-1.5716950538796983,-0.20686747889893844,0.8824701382585615,0.8068299173080495,-0.5845480507739631,1.3176977342694032,1.5407454404132401,0.215
0.2550318572917438,0.7030589278420605,1.3252776450507813,0.11384682198943806,0.8132927021975128,2.8038728959348456,-1.0028270078039245,-1.1731310992192638,-0.5744187204128557,0.5291497596021276,0.5814275200123749,1.346925770528378,-0.21707238158772646,0.7537417993215302,0.17788360009151089,1.8890875931785163,-0.21675025889429578,-0.6272362670889622,-0.012785160404425984,0.6478579203339035,-1.2689637238953164,0.199
0.25819750790840107,-1.3530447866824291,0.032439593255763705,2.4671111995406667,-2.1947320541137403,-0.19136633374109963,-1.1197537902129822,-0.3293905007864746,0.9233595028216725,0.40159630836935073,-0.8281649596057681,-1.2470485432891727,-0.21707238158772646,0.5137341319730118,1.2747878165099402,-0.5476790170876189,-0.32336499597816337,-0.5730341789019507,0.7293642833012818,-1.828879914675405,-0.6474023181298951,-0.517
0.2613614862749502,-0.9240073462535918,0.012863032233451515,-0.6614511853690453,0.45346105645751783,-0.5202481417017207,-0.3406596945186093,-0.8196789254986991,-2.5486158634808103,0.123134752370425,0.2712446431532963,-0.06393417102836425,-0.21707238158772646,-0.5507041865473122,-0.19250848659422312,0.0018467531744854227,-0.6777774153114297,-0.9052567359521698,1.0285377216865772,-0.22292725181961714,0.5757637045274853,0.17
0.2645237963072925,1.2687233186726852,0.5749945342367474,0.9240842019455447,-0.6944772226754454,0.9777626808466001,1.0431722888185526,-0.616380297111743,0.4955576968535526,0.10572359136699101,-0.2704872769141532,1.0158863437107861,-0.21707238158772646,0.652103438271985,0.758156816952856,1.2848380108430357,0.2100985048357847,0.07642886237886125,-0.2965698044218976,-0.3274969563105774,-0.14122997619322322,-0.158
0.2676844419050829,0.8474028488711115,1.0700511714341587,2.0471611577310456,-1.623867496611866,-0.571410184265478,-0.043178069079262464,-0.8054645358965957,-0.16214382813747644,-0.6844522554641865,-0.4776950484330336,1.5291331831320665,-0.21707238158772646,0.9048644804436831,0.1364141301390366,1.293355389874802,-0.03659590326555907,-0.7252637958329432,0.41522190429084355,-2.0405108719468026,-0.9668739135471586,-0.143
0.2708434269518289,0.068942795868371,-0.16891864947934276,0.7782573373989835,-0.4423952761376717,0.34939909797228225,-0.030125337735247136,0.30866282138649137,-0.7387780619175637,0.22758376283028695,-0.028023645493853937,0.9070213292135482,-0.21707238158772646,0.5420297918930382,-0.05333260152979,0.46616475529785967,0.05243190052923173,-0.3419202508737489,0.3851041472457458,-0.5134063138837315,0.040540029655075076,-0.009
0.2740007553149841,0.8247958253493999,0.36155583776104816,-0.6034758569784273,0.35482938035486017,-0.06712965675600278,1.3908756112635507,1.080501181402532,-1.0328555295456616,0.07670309987953793,0.22783847523659115,0.09482001123110136,-0.21707238158772646,0.629134974471541,0.103295121986292,-0.3345427170134694,1.0917068768541418,0.7605416773093385,-0.9282500574727413,0.6970891474822669,1.3392436835596035,-0.012
0.2771564308460449,-0.17614135714434093,-0.2012021089659902,0.4810864960672164,-0.28958150624371826,-0.14020955831064377,-0.3450571935194441,-0.3657944394062464,-2.151916136892805,0.9578373632023126,0.6851845043960709,0.3201970758601363,-0.21707238158772646,0.405173530653387,-0.7797358922145694,0.08831144551581094,0.06776341588868602,-0.25819112042484577,0.37434804418745465,0.04501269720825797,0.7618345524925819,0.221
0.28031045738064375,1.369092681731556,-0.7103910684783284,-1.8907025196757652,-1.108877084227261,-1.1927222354462763,3.86555845575451,2.882502302943327,-2.4442536045841803,0.9983598363749528,1.9003545650336127,-0.601901822636238,-0.21707238158772646,-0.09133793796222295,1.2573872706763678,-1.8374767124676337,2.7576635309194124,3.0616080845293756,-3.2555340209054595,2.1950053780355674,3.4823602723756415,-0.232
0.2834628387386448,-1.6781213204045637,-0.4447937187685579,0.38402755527415544,0.7319549637430136,-0.5641012768738974,-1.6644303476483546,0.1932142674856322,1.544626544484699,0.2681944609202534,-0.5399825088478464,-1.3891773592029701,-0.21707238158772646,0.14063182482122025,-1.1643659372902468,-0.5863520692887739,0.2375965595516123,0.4782135485558607,-0.12889092559927776,0.0017549879173631348,-0.5620264375248744,-0.095
0.28661357872423404,-0.9035097351173523,0.7838426097037973,-0.2779849482415413,0.5584745511433783,-0.8053030612515139,0.5549319833105432,1.047029225323827,0.5446263465715623,-0.9055304978614963,-0.4492256375803388,-1.2525113867902962,-0.21707238158772646,0.23549780840948004,-0.33077097831903973,-0.5228048628569707,1.0736733592757786,1.4001186469924634,-1.1215030996164634,0.7345382595952591,0.7284192262666853,-0.265
0.2897626811260141,-0.037593835281029366,-0.2977291218771319,0.7943584654465556,-1.4376070389954827,0.40785569627933027,0.12602446408239718,-0.002304888928671857,-0.4304285038390416,-0.09746907051167683,-0.028023645493853937,0.4325981928336871,-0.21707238158772646,0.1485620096703931,0.7922514143214991,0.5223222280161176,0.5542202680887824,0.23890923601487934,-0.012785160404425984,-1.1958463091435396,-0.10885832006199851,-0.404
0.29291014971709417,0.24693887561956354,1.0906375254973846,-0.5863345145710757,-1.714904024124171,-0.8857072839333695,1.7341288846986291,0.5171917303208158,0.6060271567680802,-1.9252054693751912,-1.2109220624286006,-0.6317437151023795,-0.21707238158772646,-0.040344701580088224,-1.8656120789727928,-0.5725430747445821,0.5663580195125641,0.7301200795340865,-0.4018881240973044,-0.8397209552895137,0.3715416587011915,-0.353
0.29605598825518203,0.6888793074887687,-1.3817492931618323,-1.0251474544935053,0.7854700694718899,0.24709795033803883,-1.1783652720366622,-2.452832932929841,-0.36125641015545334,0.3029998795265934,0.33364016390051965,0.8166307731399665,-0.21707238158772646,-1.758764987218406,0.12812966280511698,-0.5117464480610828,-2.6912358663632707,-1.928629027048715,1.596982089127718,-0.12362702615014792,-1.6887024765500125,0.034
0.2992002004826725,0.6775320354738124,0.2424573756052336,-0.9377159562061516,1.0742250747258628,0.2982488593553169,1.1803251940513215,0.40987652307741845,-0.8875929964032071,0.27979665259003333,-0.44351991106226113,-0.20144770598068737,-0.21707238158772646,0.33233341069685285,-1.2419145124304634,-0.20686747889893844,-0.03813245575241718,0.3022128450723097,-0.6554506644266233,1.415996847894448,0.8351616905790579,0.046
0.30234279012674,-0.6668269692940938,-0.14952272523982174,-0.18809232296391165,0.02428668630102718,-0.5933369949695432,-0.3670544236432796,-0.10605167913377983,0.48329780455095633,0.6566552810723191,0.7770026207234639,-0.07471015780541887,-0.21707238158772646,-0.4537116074590589,1.0840615883479567,-0.6967111397494496,-0.02430544155570968,0.42405284110989877,-0.3008687937116445,-0.13329759820710158,-0.30771964395563944,-0.07
0.30548376089942386,-0.6959961616188017,1.366937753314833,0.6782029090444657,-0.45100804778891324,-0.4763955350506647,-0.5391841806753448,-0.14427074549321342,0.37920720252649187,-1.5869814043688593,-1.57606470909385,-0.38789587920363405,-0.21707238158772646,0.892331188569362,-2.132514127873796,0.2867699862060551,-0.5203607402101171,-0.6272362670889622,0.602403964863909,-1.0698287591958324,-1.1513323157129838,-0.136
0.3086231164977184,-0.6522478353264524,0.7095013983089793,0.19291596815866524,0.6634362586400465,-0.2279073153151717,-0.48169972920493304,-0.2964863930733292,-0.007672347225675572,-0.7135343646452202,-0.6520323505398467,-0.26354696063183686,-0.21707238158772646,0.8345376292101732,1.3969371646655457,0.5419881396941613,0.5663580195125641,0.03346759883940661,0.0001164841932704177,0.1839038812933942,-0.38243620286406677,-0.021
0.31176086060365943,-1.0970411046505961,-0.47025341134612614,0.24982803361558037,0.32480183192206413,0.6270602457010653,-0.9176331228377874,0.050362964384409625,-0.5264780319359567,0.7030089062211488,-0.6464662293147861,-0.479931379044516,-0.21707238158772646,0.3218968444246402,-0.1761822183762707,-0.009301670025743676,0.04936496473121452,0.05569534503815052,0.16785569674893097,0.00656502575270445,0.23369650187118818,-0.207
0.31489699688441236,0.0372938028624403,-0.16245549499649034,0.6265685165860057,-0.0809979964922544,1.1457969727691617,-1.8937245697116194,-0.6788263537792134,1.657132697309787,0.8304479408178478,0.23402579353083702,0.0006874627210696,-0.21707238158772646,0.07702709269067312,0.9720636904193359,0.09110252367533403,-0.2260099552925184,-0.2462438469099927,0.04742420740875089,0.03540620815930996,-0.8963161792388009,-0.109
0.318031528992358,0.7342365197089771,-0.20765233670563366,1.7014999116826195,-1.8363607927800856,-0.09636144755486205,-1.0028270078039245,-1.5160388536123397,0.5906702182310527,-0.4344367360971583,-1.7862658976820716,0.7953472712102285,-0.21707238158772646,0.7537417993215302,-1.0004671616725436,0.35959205469542677,-0.8500367429069399,-1.6207776457087462,1.3191832467965168,-2.922978644995105,-1.7422003837406246,-0.241
0.32116446056517595,-1.0970411046505961,-1.0030605937662178,-1.7829163882643726,1.1212456343878774,-0.8857072839333695,0.33280750869147824,2.1394296168022464,0.6244613853938458,0.6334760551799459,1.7299479279700816,-2.1797009489041077,-0.21707238158772646,-0.9458722957556583,-1.9847589392546545,-2.2838260080290205,1.639168867624977,2.4827237832488547,-1.8852740463554067,2.2349741126328295,1.840009740880668,-0.377
0.3242957952259316,1.352384089514442,0.7906136426213933,0.9731511165260672,-0.018680044219689926,-0.8199218748570293,0.026365339694045562,-0.8410542477375548,1.4416732788773172,-0.9229893249073452,-0.8499147168363643,1.3416389816875562,-0.21707238158772646,0.3792024043169575,-0.045117386988158176,1.3700553746850566,-0.5826215448340916,-0.6965881761199834,0.337778239183039,-0.5060410153696495,-1.2538140786448273,0.237
0.3274255365831613,-0.5794071965844109,0.032439593255763705,1.446393375748148,-0.9037207690824274,0.9777626808466001,0.32422453481067554,-1.3695055075244738,-1.0446879233701407,-0.10327625205904443,-0.5905951486589133,-0.02892345379618126,-0.21707238158772646,0.5266027847347026,-0.05333260152979,0.46616475529785967,-0.1504499241780643,-0.4153219186943423,0.2538883802828888,-0.6068935235830429,-0.0098393836690607,-0.137
0.33055368823095244,0.1695065428005982,-1.5500017159849822,-2.5477453771043193,1.1832121260888029,1.90552106028957,-0.3406596945186093,0.17219591390037775,-1.3362545264165073,0.5059617679249878,1.4481332105787366,-0.15018705042095334,-0.21707238158772646,-2.6837786358628106,-0.2495508452696435,-1.799652660700569,-0.9081810156533785,0.20499963053803905,-0.3975897020126496,1.1131429382228046,0.6392157975482424,0.169
0.3336802537490291,-0.014539447142097525,0.4880217021211926,-1.58012726680067,0.8090125291928704,0.9339265252206193,0.6440609970109925,-0.20209134844140889,-0.875709393055802,-1.336402539813371,-0.046005418479944694,0.1512369317355544,-0.21707238158772646,-0.5729724676705121,-0.732110178651959,0.04088121404714459,-0.4675215847500214,-0.04072270095769543,0.008717690878154235,0.36003395685311756,0.5585727169108419,0.117
0.336805236702834,0.0027443400154494443,-1.7814687283749298,-1.7011084907970275,0.1745990383436521,-0.33753241078410673,0.9764060920417499,2.120118001453117,0.5200862172456515,0.7956967297439543,3.0704978204324247,-1.2224694059459038,-0.21707238158772646,-1.4422844389011338,-0.24141142430381596,-2.1363808154942117,1.1022238538933067,1.994999453751827,-1.748052117160627,1.557134577241052,1.3647013248863884,-0.297
0.3399286406436095,-1.1558038235671233,0.8177189981482369,-0.25650306341943646,0.8582294357646578,-0.0817455238990185,0.2812662499001312,-0.3558443461240267,-1.224636833869574,-1.8027144276937566,0.03824098144175028,-0.17716193623749746,-0.21707238158772646,-0.04838373312502805,0.386407597140356,0.1525360783352909,-0.07502613152689669,-0.08828223023943406,0.602403964863909,0.20538900280575795,-0.06321397266003054,0.006
0.3430504691084792,0.5951701857129392,-0.5400889442153286,-0.698713063079954,-0.06810304977753848,-1.1342410971907049,1.4196448793199883,2.1506323328441677,-0.022839693807700068,0.082507386884898,-0.6964249085507831,-1.2689016848374577,-0.21707238158772646,0.3609941069061635,-0.6764016490578405,-0.837125603702736,1.515436668435374,1.8080125516677097,-1.5507263415662447,1.3176977342694032,1.9800306962046492,-0.083
0.3461707256205281,-1.3618901664451915,-0.20765233670563366,-0.675023840671971,0.9459364165357773,-0.3960004553845068,-1.8845271036715057,0.40987652307741845,1.607105220042345,-0.32982790417532154,-0.18848508233787425,-1.102391909257755,-0.21707238158772646,-0.6876820903750157,0.16128638720077149,-0.658108350704141,-0.11964845939487012,0.3639254762946234,0.5464606256505407,0.2530700128264526,-0.5027150643446818,-0.381
0.3492894136888825,-0.24555494850717885,-1.1015929775106101,-1.835747776981058,-0.6793861012790452,0.32017047211479405,-0.2879405328756326,-0.07124833838200358,-1.5990652813162063,1.6748856438062913,1.1611266239575768,-0.32569665968781014,-0.21707238158772646,-2.7200432489563062,-0.13531126221548795,-1.6589233010613114,-1.0137427929240668,0.3683289556316396,-0.23638146816684028,0.4216366906642432,0.9491839374881326,0.074
0.35240653680879114,-1.4769850385645227,-0.476612923631051,-0.22057028832915196,-0.47254164146637734,-0.08905347865840145,-0.07365825977127895,0.694514416328445,-0.2557793984496973,-0.21943922572667893,-0.4776950484330336,-2.0393208845870707,-0.21707238158772646,-0.24546342197019952,-1.5107935041704512,-1.1388420623792976,0.9096091754542028,1.1554333359447109,-0.7564207668778257,0.4523840566426315,0.7523062937036461,-0.108
0.3555220984616996,-1.2675995881214064,0.8312844073190218,1.4549512041241002,-0.2981875817558522,-0.16944191601910114,-0.4155052278420181,-0.4224861223494207,-1.018059510941336,-1.0044739661271946,0.22783847523659115,-0.18255809077492793,-0.21707238158772646,0.8647196441036791,-0.3469770010371468,0.668544830257175,-0.11041240746768004,-0.5760436989547947,0.9682655712391541,-0.7899930426782942,-0.8699794264445891,-0.19
0.3586361021153337,0.1752466506804798,-0.16245549499649034,1.2849947939652364,0.3612632940957574,-0.8199218748570293,0.21238354694582773,-0.28337555608706033,-1.0624291197457982,0.7030089062211488,0.8631389041462831,0.8485451477338453,-0.21707238158772646,0.5933326157055041,-1.2651162673446712,1.2621297462086107,0.06623050116826758,-0.15824304712653822,0.2323794247925323,-0.5453483425641393,0.18197466774080928,0.249
0.36174855122377253,-0.05777514049539015,-1.6156278061728364,0.22701982478602864,0.41058340659822024,-0.5494835062974346,0.41420025578189357,-1.5121500157029346,-1.2216944596760715,0.02446028315238983,-0.8499147168363643,-0.14749010343094596,-0.21707238158772646,0.4077680158966837,-0.524405802753266,-0.5504421891588258,-1.0042747687981575,-1.0813440154397846,1.0586750918870151,-0.8024152768086436,0.03789643418328179,0.143
0.36485944922752855,-1.7225665072912613,-3.6803470984931352,-2.9185157011150658,0.2153791353705492,-0.7102822379935657,1.7828226728344412,2.619720106295083,-0.691035044993967,2.764377892566497,5.075377775584496,-2.8230041500382654,-0.21707238158772646,-2.716741893450973,-0.39551899600826174,-4.654523555318561,1.8280454946301163,3.2059606296257397,-2.9624706331493873,2.105994652800536,2.7331120010346264,-0.29
0.3679687995536233,0.10344550242569535,0.24905577846719298,-0.37746165066937154,-2.7021379421513636,0.2982488593553169,0.4227525061315573,1.0228916654766993,0.6951852483170208,-0.29496478141587096,0.11723229994740712,-0.7294803237869025,-0.21707238158772646,-1.3296576012052124,-0.8193361526682098,-0.9305506811802787,0.024821848170479974,1.0441218477327479,-0.730642572450721,-1.2717892832765476,0.4868686062477439,-0.163
0.371076605615661,1.6630423444791131,0.2820798852208226,0.11009932426804206,-0.23580200019473066,1.0435160407007527,0.6398244021553119,0.0902809509807621,-0.05012835890873827,-0.11489089248297006,-1.2161110115023155,1.196129022274611,-0.21707238158772646,-0.22101218989564442,1.0150778366578808,0.33997840701673027,0.3062716528430059,0.38593672017486214,-0.8638193092810151,1.1385063022101216,0.3715416587011915,0.072
0.3741828708139081,-1.3530447866824291,0.08473820785844896,1.1842351452817919,0.019990422153005984,-0.7468284085958823,-1.0702363449858534,-2.0118988159994755,0.5016887360730099,-1.126731946910231,-0.42637896312349116,-0.7457803809752592,-0.21707238158772646,0.7689256222245565,0.3947892893599507,0.06040716601396428,-0.5639321340418348,-1.2366742592674436,1.1318694040988162,-1.0698287591958324,-1.0201027650124828,0.003
0.3772875985353643,1.8614480228436847,0.4613332989210528,0.5045295030844412,-0.7181942548303157,1.7082978458426652,0.8968884418112891,-0.033533116559189904,-0.9380557873945295,-1.062687430425135,0.6461295753471683,1.7320520471443022,-0.21707238158772646,0.8420890533888256,0.06196711752442954,0.9053937835344393,0.639124667172952,0.33308400897567303,-0.8659671032753946,0.6525505013653069,1.0041821934144655,0.16
0.38039079215383687,-0.4136792017465788,0.5749945342367474,0.28414874833233783,-0.29603602777681365,-1.2877562194757182,0.3285163845594189,0.6054762331828294,0.6029554109300137,-1.2024339487238238,-0.6520323505398467,0.40317774508241333,-0.21707238158772646,-0.25634470726781555,0.04545793989932778,0.5700919840735997,-0.5156954394094111,-0.002125084879806109,0.051725040747285636,-0.5060410153696495,-0.8320556616857467,-0.005
0.38349245503001966,-0.6056192189433125,-0.006694199821213873,-0.1663675092728793,0.1252228557818382,-0.35945781891186823,-0.814792994676088,-0.3657944394062464,0.9017350078780328,-0.2891545778992276,0.23402579353083702,-0.7240476403908237,-0.21707238158772646,-0.016255665656164233,2.623959491699014,-0.006514742786331254,-0.5048120240947297,-0.4468186834653659,0.3399293636002591,-0.6587126496759441,-0.4325938621938566,-0.296
0.3865925905115569,0.028658708447981615,0.6152572395881324,0.18157694878402714,1.1062856255749205,-1.0903808961437054,-0.13471811344515106,-1.3199623014040778,-0.7924186105679752,-0.9928322859305633,-0.42065737620126104,0.12437767009771089,-0.21707238158772646,0.6775807342411472,1.2922007090153333,0.9901729965713658,-0.7481408901380604,-1.1117650115456317,1.6874425839187113,-0.7602060647321272,-0.6046197039427431,0.054
0.3896912019331258,-1.4563127151053343,1.3044760286172437,0.6424272963426887,-0.06810304977753848,-0.1109774277945762,0.06540612817975448,-0.22797868714615788,-0.7447418154443092,-1.1966102188420924,-0.06992126703484645,-1.2279309181486406,-0.21707238158772646,0.5958929105940145,-1.3114327147235527,-0.34840490773816,0.05396528921264717,-0.30601541593214765,0.7616449400823602,-0.4667968723676713,0.4068465044968363,-0.029
0.3927882926165009,0.7058942544031718,-0.63489656870047,-0.020048137273318133,-0.7721076029739368,0.17402405454588932,1.3949873916546194,1.4136743576951685,-2.0089814030119957,-0.1497370283550419,-1.2523388790529646,0.9866929298061706,-0.21707238158772646,0.7106335550126802,0.5968877362752483,0.5700919840735997,0.6254886826950208,0.4445574222510823,-0.3782465004138338,-0.003055958662173838,1.2900374703016697,-0.062
0.3958838658706302,-1.1146642839916339,-0.058752276026372265,-0.22417085526012667,0.6869920239301491,-1.1927222354462763,-0.2967205275570202,-1.3695055075244738,-1.7296165764747236,1.2471702661536823,-0.22958729940849926,-0.4068357690914467,-0.21707238158772646,-0.20473563916402718,-2.0883252728419577,-0.1262447410866991,-0.5156954394094111,-0.9765287903953761,1.0888133186140818,-0.12362702615014792,0.11943547449513885,-0.129
0.39897792499170387,-0.10682051803703435,-0.5083780083874604,-0.6546550544022756,0.661294697343564,-0.7906843079030744,-1.0252820527732713,-0.7172745510645574,-0.39435283270883226,0.8941488997791426,-0.13533959698021628,0.1324365872177168,-0.21707238158772646,-0.07252899019004509,-2.7457692705886325,-0.1985319052139474,-0.9191931884941961,-1.1315481292126846,1.3385623562616884,-0.7750949049417116,-0.8291442441528573,0.204
0.40207047326322576,2.0534370432414075,-0.006694199821213873,-1.4142334535738637,-1.6130329879402896,0.6562866086964113,0.6948407343366635,-0.5068056252380977,-0.5414655640596866,1.073602247773346,0.33364016390051965,1.7504783101812922,-0.21707238158772646,-2.1147878667156474,-0.1271275970308359,-0.5863520692887739,-1.4286756927712536,-0.45282068622001265,-0.012785160404425984,0.00896970410946315,0.6367870241314677,0.271
0.4051615139560836,0.43852225871337897,1.5343357366904553,0.5476578816118232,0.2497140323585322,-1.2292734540956956,1.3497230534743725,0.22606076340777392,-0.6850630620376427,-1.8085465518182282,0.2093035397325264,0.28268817126764806,-0.21707238158772646,0.5830868326458927,0.5630797364431771,0.6544716490335233,1.0135210500948066,0.39033711787611997,0.04097299827288814,-0.03675808838733931,0.4219222694298799,-0.292
0.4082510503286183,-0.20505249396656805,0.421364685597853,-0.9017520046520703,1.4095651304128476,0.8535590237662165,-0.2703884104311812,1.3649072100552886,0.31196859736587046,0.8883584184494894,-0.11161030008298659,-0.8191675891884873,-0.21707238158772646,-0.3409706111203149,-0.7082542329564627,-1.3027467261006067,1.3166639877295614,1.2207983512271428,-1.4627628930931675,2.3479318227079067,1.0676340612833395,-0.094
0.4113390856266922,-0.46305549060714,-0.3169762719288614,0.48498966440107355,-0.49838509864840147,0.013256605521366855,0.4825353366509546,0.6784774293647942,-0.3973603178698328,0.22178185092786196,-0.01000325000482399,-0.5016019352494847,-0.21707238158772646,0.2879243628319475,1.058169453546406,-0.605679407751449,1.1157429038920963,0.8544763375079784,-0.8960354802980636,0.6126373284900701,1.2402926335387081,-0.046
0.414425623083758,1.1764641713845054,1.1731731063843338,0.9895575874079044,-1.0224677742915813,-0.07443758326784047,-0.2221743669169138,-0.3990791373548607,0.963541396100437,-1.3597058644164768,-0.800895200548984,1.705722860508771,-0.21707238158772646,0.5651389541489681,-0.28207688788232366,1.9606535011314092,-0.815513828317953,-0.5564854313424069,-0.05148889715503109,-0.710643444416999,-0.8729024286665494,0.185
0.4175106659209277,1.3300938414319543,-0.3554122705451637,-1.450222219983415,-1.2991214171915284,0.35670622035695415,0.5889255330686143,0.40987652307741845,-1.3274563671986646,1.8481082398569506,1.216405192247574,1.1193077166139518,-0.21707238158772646,-1.7770911340503177,-1.5031662250995153,-0.15127644458825498,-0.4194093410116216,0.5541658749405439,-1.0077057606135016,0.0881973038380579,1.1812145564623548,0.133
0.42059421734704067,-1.7492467709260189,-2.285643776125449,-3.002119649115215,1.0763625887526707,-2.347937053807669,0.7708071795867553,1.9398886300733902,-0.28895703495121394,1.9346804174539518,2.5109756167915913,-2.4222960725918345,-0.21707238158772646,-2.680487324751333,0.26105803207122535,-3.425769204769759,0.5784929033280573,1.8906729774994464,-0.7929382020042419,0.8698582891449491,1.3942144243119163,-0.494
0.42367628055872697,1.6878967474466804,0.4413393912983427,0.28797018810348796,-0.33691956116575833,0.8170278187985152,1.481190355519368,0.47515123609407955,0.38532427418147913,-0.7891580029530827,0.4091222416484956,1.0371114298099828,-0.21707238158772646,-0.0671597203949022,0.4535487336912188,0.5223222280161176,0.8719124922045608,1.0598547145973314,-1.2223998085578982,0.7976160833944914,1.1258610460458092,0.199
0.4267568587404781,-0.23108620245444542,-0.6726829146666351,-1.3201541010963018,0.06509667587413319,0.1886389440291935,-0.5746122973715935,-1.3199623014040778,-0.9410220321303909,0.42479137917965704,1.0515957508053482,-0.1420965059415506,-0.21707238158772646,-2.336632400046614,1.0236899640194888,-0.5366250826145629,-1.7788997215679505,-1.1589523829106076,1.3557885131232859,-0.16233162591078112,-0.39634113299766344,0.23
0.42983595506471195,0.34426211810895363,-2.1654920821771793,-3.21917309368979,1.0336083920767494,-1.3316189551361401,1.1471433360977628,1.633270779032333,-0.9350893023724118,1.6691097815244147,2.487038879480042,-0.8654050124176516,-0.21707238158772646,-3.0243955647864333,-1.0004671616725436,-2.5880073273444886,-0.07195044965528292,1.7389186811219333,-1.8381086567522547,2.0636213957782545,2.114303198704068,0.148
0.4329135726918373,0.14366745624087224,1.4156370101246996,1.251306970015853,-0.642741194071982,-0.8710881981685864,-0.3186819585160689,-0.36247592997947664,-0.382320754872352,-0.3821286814831088,-2.0749484580376936,0.5154434657357597,-0.21707238158772646,0.6903023878311119,1.1619051091776105,1.1571941150631821,0.2910190932053236,0.03939633383784146,-0.2600274374594007,-0.2447776435574121,-0.16830224683593067,0.094
0.4359897147703188,-0.3614467055753456,-1.79324806716171,0.36473590590205984,-0.7311320629989511,-0.7760656147311662,-1.513839979985465,0.03183476186522622,1.939262250432265,2.274937678287332,-0.534339519397833,-0.27435200676081434,-0.21707238158772646,-0.018930150787355174,-2.4385200418759947,-0.461959005906751,0.23912375641674108,0.15628746521153533,-0.004184086086714323,-0.8422100854492482,-0.310475763448412,-0.249
0.4390643844367458,1.137248746274699,-0.20765233670563366,-0.5794665582257935,0.15957275913974267,0.34939909797228225,0.9972896141847385,-0.21825729371514221,-1.330389351490734,1.3281356138542983,0.5814275200123749,0.8990498356061486,-0.21707238158772646,-0.1587235848450015,-0.01222500835376291,0.8037904890131906,-0.30171008821287343,-0.24923033340250947,0.11193898318852152,0.042611413597724364,0.38417108800707656,0.162
0.4421375848158902,-0.12991707283589982,0.892433731419459,1.4250264230658907,0.7148273307566337,-0.2352155545171407,0.20807231206307855,-0.4560784036159076,-1.3860655693662893,-1.458759552954697,0.9434106034143287,0.29340717440241765,-0.21707238158772646,0.8446053165706473,0.269392731938651,1.3927963199324755,-0.12580694899709677,-0.5685202773688575,0.7078444288764952,0.5844274069412476,0.03789643418328179,0.144
0.4452093190207749,0.14079558016312071,0.40805888571376014,1.3909213872714943,-0.5242319949448042,-0.16944191601910114,-1.1603205262998315,-0.13150188129048024,0.963541396100437,0.39579729644647277,-0.06394870248632444,0.3335879777267214,-0.21707238158772646,0.8345376292101732,0.17788360009151089,0.7417707872585043,0.2757616552111215,-0.35239835147710563,0.4001629028653218,-0.7949611587953629,-0.9964127057018262,-0.3
0.4482795901527362,0.3899889819219558,-0.10419021629224103,0.1740256418310046,0.7790489552152378,-0.10366943059728766,-2.3097740179363013,-1.2669430758774418,0.8770315516815569,-0.12650590230524586,-1.0906317284652147,0.7181452541862794,-0.21707238158772646,0.2039473710284721,1.5284815712306947,0.44932644608548505,-1.7253152152121967,-1.7637377417711912,1.7434453851244003,-1.2211326820643793,-2.8691986690128632,-0.039
0.45134840130148646,-1.3589415775686782,1.0494838448074528,0.662286680951085,-0.8842966371153663,0.16671658907177486,-0.23531573283387588,0.4723336485079977,-1.353843687370764,-1.231553841497445,2.8858398914128336,-0.5774935180212325,-0.21707238158772646,0.042452509513857345,-1.7907208135517276,0.7868706521986049,0.22690479040520548,0.23154049437062493,0.2732468837898493,-0.21564803149041484,0.45946719535913866,-0.321
0.4544157555451753,0.4185444363570115,1.6114643704983473,0.571263976451997,1.1212456343878774,-0.5275569608050221,0.8843095960401925,0.8816756851504174,0.7598407236026044,-0.30658546033019557,-0.3919897087489621,0.21565448547170563,-0.21707238158772646,0.36880054451168404,-1.203180476199547,1.2990341814183954,0.5101967163684491,0.7460596018399899,-0.9261024689100815,1.131591316205896,0.5831173073236042,-0.1
0.4574816559504539,-1.0236635932946756,0.2094974656637893,0.4304909465390035,-1.2320807911222957,-2.1066235200183008,0.8465342812570349,0.7945113353817123,-0.03800206045285608,1.154612593690766,0.536423092496797,-1.3946477520197385,-0.21707238158772646,0.7055534675010716,-1.3653217336034895,-0.31513051109466894,1.0887016782490686,0.9236158267749796,-0.60818304231603,-0.3591979320829825,1.072136809619317,-0.193
0.46054610557253517,-0.527019244188299,0.16344352353021405,-0.681800363114012,0.4598919516993311,-1.0172817973731458,-0.3055031398292228,0.0902809509807621,-0.45746491402759526,-0.16716133924108023,-0.5737590315484229,-0.18795463624366843,-0.21707238158772646,-0.37661627700666706,1.0150778366578808,-0.4065926186828399,-0.7872946727530373,-0.5609981189747394,0.7767096042562597,-0.26421628765246824,-0.13042546213200454,0.139
0.46360910745525535,1.0109006733264239,0.43467902223324956,-0.7122137917476498,1.4778537628787403,1.2042420937179537,1.3126313614714356,0.0039187992517043125,-1.2981120216905848,-0.6553723255397355,-0.5456216142583469,1.3178445834849788,-0.21707238158772646,0.44404085796001214,0.5208899594147578,1.2819991001291697,0.24675899711860327,-0.1910340276267279,-0.25357860725307224,1.7630405659223667,0.20529395094632136,0.383
0.4666706646311355,-1.017797064394301,1.5693627111826485,1.365408936076516,-0.6793861012790452,-0.4252348258687948,-0.02577579182590408,0.7684597292937243,0.7906561562915984,-0.5623312674119024,-1.0324536424712156,-1.7151517898951667,-0.21707238158772646,0.8420890533888256,-0.46811785812150225,0.3287731549231378,1.1202485612092823,0.7011145563885677,-0.191237199613614,-0.6957946225446422,0.16118547686589652,-0.707
0.4697307801214393,1.5773115757201466,-0.07174529851292812,0.4499187588130295,0.2861886338947125,0.7585772084471218,0.12602446408239718,-2.261507077326585,0.2295728189388895,-0.20782127674394857,-0.9470691311309687,0.7767194110408407,-0.21707238158772646,0.8244629083911914,1.4494718134254454,-0.4591918599382263,-1.5668611718971062,-2.0954931901249605,1.0651332113948762,-0.6685955903076621,-1.2447339714427703,0.007
0.47278945693623675,-0.559028368294447,-1.2117721808469497,-0.8754715627559034,0.2003558261611859,-2.2894350675833386,-0.13035231739440234,-0.3030527011736087,0.28754067493252555,-0.6844522554641865,0.8034155230150842,-0.29866891316386707,-0.21707238158772646,-0.9286925658599358,-0.9140506226521451,-1.1607235351738014,-0.8735960823019409,-0.4618252548918795,0.4517947831669139,-1.0095825868848327,-0.6846333052682876,-0.061
0.47584669807446023,-1.0031331353132849,-0.984523480591572,0.11009932426804206,-1.3813343202609438,-0.18405818024997692,-1.8937245697116194,-1.680962912585989,-0.004638281530088398,2.0500687341766497,-0.4034687401929017,-0.479931379044516,-0.21707238158772646,-0.25906638499281365,-0.8825303271690564,-0.8948468672710322,-1.5862074739320957,-1.737580168365106,1.9717912004399087,-2.3526490302466185,-1.5202798264198183,-0.337
0.4789025065239661,0.09194733250956502,-0.7480209794475319,-0.9181239030406588,0.9288256166668907,0.5028458197104535,-0.20903895893506969,-0.7137702793411287,0.14122835746008885,0.314600913814359,-0.6908890621644163,0.35500784933024826,-0.21707238158772646,-0.11017263048472872,0.22775059968705527,-0.24019887078319876,-0.35586963984871073,-0.14036864960952258,-0.03428745868443624,0.5561876150222456,-0.3879956102463157,0.036
0.48195688526159153,-1.539039109231236,0.09783431830531185,0.17025240045250048,-0.5070003481799554,-0.0817455238990185,-1.0028270078039245,-0.657946257174051,-0.0410339349719366,-0.6030339633734616,-0.6297450299131405,-0.4203670060253883,-0.21707238158772646,-0.07790035381768227,-0.6444980568570986,0.096685034305253,-0.5514778687496411,-0.4123234361559032,0.5981005154178407,-1.1554458539124408,-1.2235753134614153,-0.103
0.4850098372532135,0.7568958593921854,0.6690600087593798,0.20048335250486413,0.8261327155831661,0.8827837523023024,0.38852583733339374,-0.9380404100113994,-0.24974439075155327,-0.8473399605528495,1.1887227880707727,0.6461967053066493,-0.21707238158772646,0.3947908173778668,1.6077404144387204,1.4610602004818485,-0.5343601848528386,-0.7660434344197578,0.9295210279607268,0.24830585259146293,-0.0712504632984765,0.105
0.48806136545380724,-0.5561177018931437,-2.2913406626396804,-1.9905875264853605,1.8530805427200678,-0.12559346468936866,0.23392904615317664,-0.20209134844140889,-1.2422856661483483,0.778319745101019,0.33364016390051965,-0.1663708025671122,-0.21707238158772646,-0.7158101395182359,0.12812966280511698,-1.1333703782889524,-0.36825945550094935,-0.3838484046249708,0.21947430155968772,0.7929486902723676,0.05110555990640737,0.065
0.4911114728075034,1.1904587940689275,-0.8604407458432983,0.85496456242949,-1.552372140213506,1.0362101634573857,1.030667121359872,0.553287772262091,-0.6103369951539105,0.42479137917965704,-1.2109220624286006,0.8751305723072939,-0.21707238158772646,0.8647196441036791,0.6986110693283697,0.33437554930877644,0.9984731363909732,0.4767510189901398,-0.8938877849689731,0.04981458764373601,0.5929090628785489,-0.219
0.4941601622476439,1.5966867205057147,-0.27846254616915683,-1.3293283226352526,-2.3034825150578704,-0.62988197515573,1.656858926022596,1.9826805462419295,-1.819205120398269,1.0041483434939122,0.6982420477400327,0.419226821330403,-0.21707238158772646,-0.2726829267217783,0.8948336167920365,-0.15683772063694817,1.2657474483009739,1.6487973357859707,-1.887417809903654,0.6689680720609318,2.2696491779309778,-0.071
0.497207436696841,0.2039367150229718,-0.15599018684194388,0.08764814865304524,-0.9360988063464594,0.37132042428839157,-0.09981057745688338,-0.6267474978288226,0.5753177629534817,-0.5041920628111531,1.3280059781618532,0.34697619837124727,-0.21707238158772646,-1.1829485479568758,-0.2983209181132411,0.13298285459700493,-1.4366881560890683,-0.7902256725157236,0.46900604630084214,-1.0974938019841494,-0.8029787961839907,-0.052
0.5002532990670313,0.12068761386762318,-0.058752276026372265,0.8590177002441062,-0.4833093312528889,1.5110657047120262,-1.2913537211035282,-0.9344250866567139,-1.1598454673542398,0.041875400909957144,-1.205729717767065,1.1881851706551527,-0.21707238158772646,0.06905598868985356,1.1705698542162324,0.7953300675937863,-1.3502883189186246,-1.8515231987857854,1.547447147685478,-1.1025273550589938,-1.3023638484057003,-0.117
0.5032977522595331,-0.7514575048099139,0.8992387009550731,0.13260845486311587,1.9829905653297661,-0.7906843079030744,-0.823722933613009,-1.2593972809657075,-0.3401816556136678,-0.9113500216236988,-0.7844891195379812,-0.042387072839073864,-0.21707238158772646,0.4466282167523668,0.5461944600578447,0.8432857387053273,-1.6023416542958333,-1.7345035389572534,1.3557885131232859,-0.38849649876134795,-1.6824235453491592,0.111
0.5063407991651012,0.48130114893345183,-1.296975980455292,-0.47914853012251846,-0.638430489505885,2.2634222887893714,0.6016605694608407,0.8460489062301366,0.05304656425904123,1.7268632762598217,0.9770755175346517,0.4325981928336871,-0.21707238158772646,-1.1305372411724364,-0.01222500835376291,-1.2181222251689674,-0.17048303023458639,0.5818684165068866,-1.0785631818173285,1.3863145011134284,0.8726480401665042,-0.119
0.5093824426639822,2.4810523940795846,0.05203547728526774,-0.07522080741474195,1.2814686644361633,0.0717182760010155,0.022024022919450496,-0.5238049678712392,-0.5384684977731286,-0.02779012449076404,0.2093035397325264,2.832063392879595,-0.21707238158772646,-0.40409992951189716,-2.1985757547388314,1.0495774775841418,-1.149782816093242,-0.9825991667774979,0.34853391209719753,0.042611413597724364,-0.47179629958319846,0.462
0.5124226856259699,-0.7368573706886639,-2.1884541699074935,-0.41970482160386074,-0.23365112291237583,0.9850686614177981,-0.48169972920493304,0.6299616028909556,-0.4484547217900993,0.8304479408178478,0.5428379182151606,0.10556975457447393,-0.21707238158772646,-0.9458722957556583,0.21943158552990258,-1.3136566872305742,-1.3008192395989444,-0.5023689273973968,0.32272051086062487,-0.10671244614766916,-0.547870858505543,0.054
0.5154615309104588,0.5809533079838545,0.9128549976641649,1.6230895483662588,-1.286143869727612,1.094656821101509,0.0089959438078319,0.372547766655674,0.7259639174482652,-0.6262945811212122,0.6917108170035425,1.0291526600132834,-0.21707238158772646,0.6010121208898147,0.17788360009151089,1.4269205746370663,0.8039936261120115,0.7156212630729218,-1.1451187560224623,0.520845673134444,0.0958507964734521,-0.202
0.5184989813664995,-0.6784929012383816,-0.8355195413070136,-1.0508225763067962,0.20894070800158693,-1.514386514148375,-1.1693417412370197,0.46951420105094144,0.5507631873768813,1.8307906531074682,1.811048684655668,-0.5259881183017993,-0.21707238158772646,-1.9835773534880403,-0.4116742911187152,-1.3926897745487576,-0.4008015331318997,0.3609894826726946,0.019469322977410643,0.013778380136976935,0.07219409047604111,-0.048
0.5215350398328504,-0.44562353586196957,0.5682915346605413,0.8752461594170824,-1.9144857462456066,0.4736183323944489,-1.1377776385359828,-0.46956592624143,0.1503599393557783,0.8420308585730485,-0.9417023176621688,0.2800081474463702,-0.21707238158772646,-0.25090298008551565,-0.9140506226521451,0.16091779479051477,-0.1504499241780643,-0.033296965454686786,-0.04503839952308845,-1.3836317822104474,-0.08734710826586375,-0.05
0.5245697091380319,0.07469495237269848,-0.5337510903501989,0.9690534692596127,-1.8537187929348127,-0.9076360264259635,-1.2958807037227522,0.19920293944472603,-0.5534516244132037,1.3686103023065284,-0.32277837069176457,0.7953472712102285,-0.21707238158772646,0.3140643311612835,-0.02867750087803724,0.9449450378698251,-0.5125855658758405,-0.5670157445523438,0.5937970851829331,-1.9880616035462777,-0.8787509117960318,-0.307
0.5276029921003802,-0.17903174787180112,-1.5440224611854494,-0.5588235491417832,0.14669221809431282,-1.5728742509975766,-0.39787772564885043,-0.40575780039893794,-1.494208321949519,1.4032986277677102,0.5108115058625387,0.5875202990655615,-0.21707238158772646,-0.6961142730517619,-1.2805679845696816,-0.6691402400576328,-0.28779529673042054,-0.042208025398773746,0.1807600635842517,0.1886798956286427,0.3182493584699817,0.12
0.5306348915280995,-0.20794448944028604,0.14373825458697198,0.0392028599820757,-0.38426898976333257,-0.2205990904210267,0.311344637403182,0.763226810656387,-0.2286153223571676,-0.8066116864856798,0.5749839089580187,0.06256054179616068,-0.21707238158772646,-0.05642745345337664,-0.8509588270271854,0.20004643622342866,0.19328615952719244,0.16810283388817385,-0.07084008821060807,0.19822927835502882,0.18197466774080928,-0.082
0.533665410219313,-0.20505249396656805,-0.8791087696142426,-0.809310967151129,1.264383654147649,-0.19136633374109963,-0.3890678393984128,0.7343112348649785,0.8770315516815569,1.108323511113387,0.7704119024088644,-0.38248530833495537,-0.21707238158772646,-0.47028940210706094,0.23607275185354898,-1.338196273099139,0.6482133491449644,0.8717796712896905,-0.8058262364266886,1.6749746845168565,0.41187542319004855,0.149
0.5366945509621168,-0.7835904120603618,1.056337505850676,0.87118665862436,-1.1996506857576403,-0.05982174435465786,-1.0792342521020182,0.10250101923670134,0.8955581171601981,-0.05101495351610499,0.18465314031925173,-0.8137294410656685,-0.21707238158772646,0.5008538000123992,0.9205490483057706,0.8376422221282674,0.2788135342257455,0.21827267650051338,-0.1933869847874346,-0.6587126496759441,0.06692727813034197,-0.13
0.5397223165346301,-0.42529318420028817,0.29530450035588085,-0.17361558632830962,0.32265684185723614,-2.5819562953997504,0.5889255330686143,-0.5956944987472411,-1.5787049688258588,0.29719921749565065,-0.6908890621644163,-0.13131049926191138,-0.21707238158772646,0.3583909992292829,-0.8114224916662949,-0.009301670025743676,-0.4442338475902452,-0.3778561030347689,0.9209113263217515,-0.5650258300340177,0.5831173073236042,0.235
0.5427487097050455,-0.9533014560841516,0.05857173160120435,-1.3567613321242165,-0.5737815251909902,-0.8126124605170948,1.234155276748318,0.27638465389208305,-1.726721853778354,-0.4344367360971583,0.33990491640290726,-1.1051193181295351,-0.21707238158772646,-1.394742099344495,0.02896135278690574,-0.8975940868687297,-0.3063494315344943,0.2978002746633498,-0.02998704341051246,0.054615576273008344,1.3328561694646808,0.282
0.5457737332316838,0.5411204540756073,0.02591192562004514,0.5476578816118232,-0.7936772355559875,0.75127082293799,-0.33626284553742053,0.46951420105094144,1.0935544571970428,-0.7658876330878404,-0.2879543263455924,0.4566601546227643,-0.21707238158772646,0.010460757158253408,1.1445848952306543,-0.06779959109376968,-0.57794828733206,-0.6588839804857147,0.3700456382670142,-0.8446994768551965,-1.26593218220277,0.057
0.5487973898630392,-0.6027061808202663,0.3284034541527071,0.46938659164682833,-0.6082582683599906,0.14479410961758388,-0.7078239528789074,-0.5272102492722389,-0.18934874184588985,0.29719921749565065,-0.15309241679107222,-0.27165060247020173,-0.21707238158772646,-0.24818293004109782,1.1532434560474631,-0.3982834067911821,-1.070613461865509,-0.8885907577858708,1.0048589635718277,-0.6809549737295273,-0.5168029710670108,0.046
0.5518196823378333,-0.2166214350479842,-0.7542850207640869,-0.25650306341943646,0.25185977453388647,1.2480753998847567,0.22962137144596279,-0.25724103532075165,-0.9380557873945295,-0.32982790417532154,0.823277902203794,0.29340717440241765,-0.21707238158772646,0.5111590008368985,0.8434865885046907,0.727682967135003,0.5860757540963004,0.13560085687496895,-0.5329780969872185,0.6290793727526637,0.5240541825755316,-0.031
0.5548406133850633,1.1064053963416176,0.2622590033296208,-0.30297337952929637,-0.09819254218952181,-1.3901034894002278,1.5016745917724088,1.4470735562138692,1.5009285345347594,-0.5797747516069148,0.5685451099312778,0.3710682813810973,-0.21707238158772646,0.1644088519369514,-2.278956011689488,0.015784958950480373,1.097716809851803,1.1753496160604169,-0.9261024689100815,0.9047455198755922,0.4544731499526465,-0.16
0.5578601857240535,-0.06931095236109767,0.7229988644863227,0.7221041186148245,-0.369202025503564,-1.2219631790643573,1.3373649064362203,-0.0807182506432456,-0.7626275492550587,-1.2839748564919342,0.12333930041284706,0.5287964952213825,-0.21707238158772646,0.3401557553758053,1.1359294271322968,1.2592916989234644,0.68606595575245,0.21679815133639765,0.2538883802828888,-0.21564803149041484,0.531466315838332,-0.142
0.5608784020644996,-0.16747115149428368,-0.39377049288040045,-0.6478523891527378,0.25615119230449535,-0.5202481417017207,-0.42873260458424106,-0.17632046231008147,-0.3582463672586482,0.059289673674796935,0.5685451099312778,-0.3311033346603245,-0.21707238158772646,0.0317968032068026,0.5968877362752483,-0.5062164949928,-0.09810080172693963,-0.21489915550437702,0.05817633156982928,-0.2447776435574121,-0.3353195175577084,-0.263
0.5638952651065247,-0.8391332941341271,-0.6663906189832741,0.7181051271153068,-1.1326467663181414,-0.45446942927612216,-0.38026053426235157,-0.06179486422717715,1.438556157738924,0.9578373632023126,-0.7625625227233163,-0.39330681776833154,-0.21707238158772646,0.6724889046036882,0.5040359065551077,0.24759062961195993,-0.0642622095732096,-0.6001271068446664,1.1813860320267102,-2.4890257465860794,-0.9344761023625773,-0.294
0.5669107775407218,0.9827627339182936,-1.3333601526253525,-1.562603250709374,-0.7613237080494175,0.5832203015318983,-0.58347561321593,-1.0951875748543036,0.9944700192716224,0.5581325206486791,2.0056604792496597,0.9521781904911125,-0.21707238158772646,-2.829506740819902,-0.7241613874277654,-1.0786246621749918,-3.2666534578960635,-1.9888361919924145,1.2222927762199498,-1.1579688080774584,-1.7801001935682426,-0.167
0.5699249420482048,1.5523862807620927,0.2886911235450474,1.0471802726790036,-0.5802454445985139,2.022389916820924,0.3756787184597927,-2.190146505647297,-1.2422856661483483,0.3552014847311848,-0.2119969216077761,1.4077016745988484,-0.21707238158772646,0.5805242348810684,-0.5645161110126119,0.6601005827467349,-0.8029690179957687,-1.5026710189234955,0.664806129772045,0.04501269720825797,-0.03915189148053974,-0.06
0.5729377613006562,1.0024615728072552,-2.1769775961640243,-0.8457804917265298,0.3591186781555305,0.1594091097646923,0.1476406667642405,0.41273498239228584,0.1503599393557783,1.1314689022666828,-0.15309241679107222,0.8219507395249556,-0.21707238158772646,-0.24818293004109782,-1.039619146151685,-0.5393887531008205,0.835699541702638,1.0541349800631599,-1.280353888829263,0.9651115010127062,0.531466315838332,0.147
0.5759492379603748,0.8247958253493999,-1.0339120870026994,0.009525755217464127,0.7362366596165818,0.7001257547712874,-0.3055031398292228,1.5864568301576236,1.823128026243473,1.7268632762598217,1.1267520343795816,-0.26624807932859657,-0.21707238158772646,0.410362024385676,-0.5725286300110441,-0.4813255618061705,2.0548981286078583,2.0456439215909024,-2.896139698878357,2.137178556511514,1.2315866683037695,-0.165
0.5789593746803209,0.7002234019032012,0.6354173235622657,0.05408010009088583,0.8304125516107056,0.6928192635682787,1.5180509357998946,0.988778970978552,1.5134105525493464,-0.9404489185170528,-0.7130098703419482,0.30948241483207695,-0.21707238158772646,0.4025785684179752,0.103295121986292,0.5363687375941696,1.2582561273331043,1.2236354221089403,-1.0892984450228809,1.285619373983558,0.6319266656607531,-0.045
0.5819681741041667,-0.026065309991683893,-0.7730640934058505,-0.40213193904546884,0.060801272142667534,0.8827837523023024,0.4270275245112233,-1.4308925323240276,-1.1510007373100428,0.26239322074853144,1.5195567282199332,1.0928015628659162,-0.21707238158772646,-0.6316032738484042,0.20280297298073488,0.39603242175348885,-0.7841606884598183,-0.5534772263506175,0.29905887211418014,-0.710643444416999,-0.12772651406127014,-0.015
0.5849756388663406,0.8643493980926785,-0.9783400747760533,-0.049518763271780335,-0.76995077488973,0.36401332912624534,-0.9445132306535274,-1.7966519168645907,0.09559661520151357,0.19857324672257434,1.0584017258974394,0.638198133474568,-0.21707238158772646,-1.046537848752613,1.8025310870608375,-1.012860774086473,-2.915801200989743,-2.937450224455038,2.4975733080492137,-2.233062504506051,-2.061463410935331,-0.216
0.5879817715920737,-0.9298650586209445,-0.6978303750169675,-1.4082120255330957,0.07798234497454472,0.14479410961758388,-1.5001797327008448,-1.6335244757865104,-0.7328133892618266,1.773057831917792,1.8779459549500763,-0.4149542375458316,-0.21707238158772646,-2.5040888348324595,-1.1488175946911163,-1.0046350144087959,-3.1516611599044073,-2.2023218603881096,2.157083594917219,-0.7428474707655985,-1.363340586816954,-0.186
0.5909865748974471,-1.1587433650216155,-1.1383982345997514,-0.9832005564901307,1.6079726845871638,-0.5129393372795252,0.16060195510914352,1.3883436576346238,-0.6013604347418884,0.7030089062211488,0.2774636578931727,-1.8084637616216725,-0.21707238158772646,-0.4647612075679318,-0.0615446631375506,-1.2235857242918915,1.270241796748862,1.580625585171434,-1.4842187521558348,1.5185048777191181,1.6090304581234076,-0.54
0.5939900513894362,0.3556982114575375,0.6085414673829418,0.774236037083497,-0.10893987907486667,-0.5494835062974346,-0.41109738714592314,0.27049188048388245,0.10471946528406675,-0.16135314369040363,-0.19436927085800562,0.9601444292233275,-0.21707238158772646,0.7106335550126802,0.6392179144713103,0.995828476356854,0.1886999183456012,-0.3868448747035237,0.06032677271652875,-0.2690783183886642,-0.44377753769933354,-0.095
0.5969922036659576,1.7375589074022835,-0.6726829146666351,-0.18809232296391165,-0.869190370679887,-0.40330902620196435,0.7623783730749729,0.7945113353817123,-0.4604678784544322,0.9346793736395655,0.5300130441414653,1.7004561791041783,-0.21707238158772646,-0.49242486897238924,-2.12515752369011,0.40444450571282975,0.1948148058382653,0.37566672237376003,-0.27292493871380097,-0.7974456055114097,0.629495081098764,0.204
0.599993034315913,0.7172335637388596,-1.4961090042816743,-0.49654247857525124,-1.910144527748883,1.6790788358253008,-0.03447556623646539,-0.13150188129048024,-0.4033746461351992,2.101977917325794,-0.5961994911443934,0.5901884294680042,-0.21707238158772646,-1.2766502963667266,0.15299249277378568,-0.6387976996158137,-0.48460841840180713,0.1104648953292067,-0.3331104521326429,-0.3323713882982668,0.7308121978960043,0.05
0.6029925459192338,0.0890723624539454,-1.3212408839866008,-0.8259126197544736,-0.7634804379459782,1.4964555577353977,-2.6971082001042284,-0.9961284660425934,0.5875993681609234,2.0327635174127736,1.4410220515144183,0.8219507395249556,-0.21707238158772646,-1.7801480928649467,-0.1434917700123177,-0.8893520423733956,-1.8293364141536828,-1.0995944886711877,1.0134693593684256,-0.7999303114791341,-1.57927663308261,0.041
0.6059907410469274,0.6917156293800139,0.3681927236926753,0.2688790416038226,-2.181686849815597,-0.7541376876286633,-0.35385413984383823,-0.008535898071182095,1.4884490250355638,-0.6379254162264412,0.5236077674052884,0.7793808090782693,-0.21707238158772646,-1.1073109173410216,-0.16801434460405257,0.20284221812023884,-0.4737340784597687,-0.15973295079754865,0.2753978544771927,-2.030010672861014,-1.0319674426914998,-0.246
0.6089876222611205,-0.40206767110022945,0.33502965735089874,0.4732849595913481,1.7849024158332205,0.05710294222065513,0.7708071795867553,0.5116105361314566,0.40062019739893423,-0.8706151486113713,-0.8824298660079902,-0.042387072839073864,-0.21707238158772646,0.8295011488163015,0.9548797351715311,0.5082785718821786,1.1592831550204632,0.6560941780087853,-0.4685105174629671,0.8069484600244491,0.0774573532463575,-0.128
0.6119831921151028,-0.31795793570910463,-0.37460110682533465,-0.4617138906064308,0.15098582139782007,0.0424875525935375,0.4313018042588861,0.3494205411711044,0.8461676700427889,-0.1206983512473227,0.8034155230150842,-0.07471015780541887,-0.21707238158772646,-0.39035113364655155,0.18618691768313647,-0.4149007223860984,0.661843421039771,0.7315695252057595,-0.7392354119690966,0.3552892904655088,0.47193620257874935,-0.017
0.6149774531533706,0.6690195021117183,0.4813464027063696,0.9731511165260672,0.3891413038788932,-0.34484086570209016,0.6609997371057074,1.4697923358980245,0.7413598395473628,0.036070455468282726,-0.7405764628127253,0.4138775460021006,-0.21707238158772646,0.8697438508181681,0.7666758005172375,0.8715100005184674,1.6778801352135921,1.339592574918225,-1.291085483790994,0.5279178236252915,0.43696503359542593,-0.215
0.6179704079116721,-0.199268983203975,-0.38738285904533715,-0.5725920779184827,0.1917705874655827,-0.17675004101231814,0.2898636809457862,0.1510873829236664,-0.27991109518620827,0.7203898509849365,-0.534339519397833,-0.27975510039702955,-0.21707238158772646,0.029131595202356197,-1.0552574741283556,0.19725077140416608,0.22384955134163956,-0.20445639422211376,0.35928971189507297,0.133702300369675,0.5684017208523261,-0.021
0.620962058917048,-1.3147282518999568,-0.058752276026372265,0.0392028599820757,-0.57809078072135,-0.4763955350506647,-0.2835515182353979,0.06575272149534532,-0.3251219101203272,1.293438778513158,-0.8499147168363643,-0.968843336818119,-0.21707238158772646,-0.5312496781459671,-1.4802649528683363,-0.22075768017243064,-0.24762409435607166,0.14446805572614646,0.20441856240815484,-0.18897565520844525,0.27737696962008956,-0.159
0.6239524086878749,0.1350513095275251,-1.5977562839652724,0.39562177587846176,-0.7677939713606541,0.41516270997090987,-1.3366491460651098,-1.3237626864514356,1.4822102123116832,1.01572504379709,0.6201905650235815,1.079545364355678,-0.21707238158772646,-0.8204043736418819,-0.8430579548330456,-0.2624100898705079,-0.9097539490682409,-0.6121736255188782,0.7745574954824228,-0.9670020274799535,-1.7895927755326295,-0.095
0.6269414597339102,-0.2397669734282347,0.5080603918460864,-0.08254971396499494,-0.733288449927556,-0.6591182261171541,1.382650159877052,0.2527692520125154,-1.514625546249723,-0.16135314369040363,0.3461742725513129,-0.6181779250744294,-0.21707238158772646,0.08499362181761501,-0.7638734258383388,-0.49238943937003943,0.09841071657113643,0.34924278897137695,-0.33096105016090355,-0.1308796071654014,1.1701938109478625,-0.178
0.629929214556331,0.9546031730248902,-0.903968949558585,-0.2851326078507653,1.1554361698804574,0.9923746290470401,-0.42432283698433765,-1.926023212902134,0.4710408319832774,-0.056821393339975976,0.38388739276046646,0.7367873642083779,-0.21707238158772646,-0.037666065069280344,-1.41138633876943,-0.03716438818987092,-1.148197302353528,-1.073741538149034,1.0888133186140818,0.36003395685311756,-1.259871517489184,0.092
0.6329156756477793,-0.8186641705438312,-0.32338767074155705,0.4382572681881842,0.05221019340893054,-0.2132908798256194,0.27266594057323484,1.0994598347832494,-0.1802822823352378,0.9925712247072461,-0.17080753552782332,-2.0338190740956223,-0.21707238158772646,0.16968713211494418,-0.7638734258383388,-1.3872428453547803,0.835699541702638,0.9509284092380598,-0.8101221928629856,1.131591316205896,1.2402926335387081,-0.327
0.6359008454924017,-0.4921208768533572,0.18974721101315134,-0.8225955681283799,0.19391693061057302,-1.2292734540956956,1.3332442484001865,1.6506160422252678,-1.7643301250410706,-1.5928105946602304,-0.2471405313881507,-1.2525113867902962,-0.21707238158772646,-0.33823250992018555,0.17788360009151089,-1.2945628524336352,0.867387171340679,1.4043344578709112,-1.1687334814177208,1.2006640467967316,1.8232370912578422,-0.121
0.6388847265658908,-0.6668269692940938,0.6018278234219031,0.6782029090444657,-1.2688419253779957,-2.26018449326575,1.0139839078910238,1.4697923358980245,2.5672802423083323,-0.2310575401174304,0.7506696670638545,-0.6534534424700925,-0.21707238158772646,0.405173530653387,-0.10255766161580311,0.485814665000876,1.4661757160946305,1.416976559820134,-0.9819374325244725,-0.7899930426782942,-0.40748045762627233,-0.291
0.6418673213355295,0.16089507602594436,1.1731731063843338,0.5201901645397657,-0.12398711589649397,0.9850686614177981,-0.6500302112888738,-0.780658349432963,-0.7507046486441658,-0.9928322859305633,0.026153945781303888,1.0503743520399769,-0.21707238158772646,0.8973458084190485,-1.3037213714581568,2.417304969399002,-0.07656405526342425,-0.6603915584557519,0.35928971189507297,-0.16717389194064264,-0.452174234611117,0.201
0.6448486322602278,0.4499340709228455,0.8992387009550731,-0.17723719783478314,0.804732271862584,1.2919082495919678,0.49958935179146857,-0.4594475738766383,-0.5024865652259558,-0.2020124394177582,0.04429101634297496,1.0105792206071023,-0.21707238158772646,0.6852150831042183,0.12812966280511698,1.3416388402118296,0.26202577021540135,-0.23280740274558193,0.06677812873432998,0.24115797331981478,-0.2555170197877402,0.046
0.6478286617905663,0.04304968868800091,-2.4555746166375814,-1.5096704131277463,1.0592618998594678,1.1019625954893733,0.2941613157499107,0.8048792176919327,0.5415581971249437,0.9520480217037702,1.56268505907051,-0.15827848337507966,-0.21707238158772646,-1.6735940058326861,-0.7876623344484608,-1.3763473710056724,-0.4659686216921423,0.7576459048887871,-1.0162949687160796,1.143115337992175,0.4893541121678949,0.237
0.6508074123688354,-0.8596093345682863,-0.6852609897872924,1.2135292065941332,-1.0138290682013587,0.10094877629810918,-1.9627730503349405,-1.039994309667535,0.6336809087888409,0.0883115795948495,-0.14717900559098496,0.01952425368010971,-0.21707238158772646,0.5240299871395203,0.6476933030170877,-0.18185749233179221,-0.29707128527839594,-0.90071091220603,0.9940960682112902,-1.5139642381084186,-1.5886180701821586,-0.15
0.6537848864290763,-0.789434615902268,0.08473820785844896,-0.020048137273318133,-0.37781157780491836,-1.3754822605610697,-0.2835515182353979,0.14201327972069863,1.3855893469831198,-0.7658876330878404,-1.0800853555620304,-1.2033564534463852,-0.21707238158772646,0.8143811407653402,-0.00399403579333722,-1.073147208968422,1.3436026711818696,0.4504133476203524,-0.025686605921803274,-0.06085845502979564,0.4619628379848941,-0.397
0.6567610863971218,-1.3913831328302806,-1.5320573318532213,-0.36332860478567547,0.4020068281533076,-0.6445000709450284,-2.1845196149931736,-0.794822558561884,0.8214889660667628,1.333918039308918,-0.34591327713149644,-1.0533116470788297,-0.21707238158772646,0.3010004303288204,-0.8035056346469848,-1.012860774086473,-0.6809016353832754,-1.3465886899571942,1.5366789607372469,-1.3887286648336854,-1.8212855736428013,-0.059
0.6597360146906323,0.7229020180623472,-0.48297027111198865,0.1476467280531802,0.9865692286397449,-0.08905347865840145,0.1735569014059031,0.7893160849615226,0.6705750080035848,0.778319745101019,0.0746065637681334,0.5047592353796774,-0.21707238158772646,-0.0752144101363284,1.3532430165144607,0.49985374914909153,0.8869942294054342,1.0197853213860746,-1.2009338654063253,1.513956778079657,0.9767532845740008,-0.002
0.6627096737191402,1.352384089514442,1.2352743118084115,0.32627284590519817,-0.42301792870373994,0.7001257547712874,0.022024022919450496,0.2290357502946159,-0.016773351994346278,-0.5565169490719507,0.7968047808233393,0.8166307731399665,-0.21707238158772646,0.5984527455807582,-0.11894077490509654,1.055237573319044,0.7359900428962538,0.860245468605407,-1.4434518805343834,0.8465753136073421,0.4818948265980194,0.035
0.6656820658840861,-1.1852052312734556,1.0220903503821566,0.23081717686518013,-0.2659167272214596,0.32017047211479405,0.4270275245112233,0.1298887366356416,-0.9499193229742426,-1.365531900055881,0.11112971215190375,-0.9988073749444627,-0.21707238158772646,0.5137341319730118,2.1785174426083316,0.40724876411818267,0.29559537223938126,0.4445574222510823,-0.3288116421851543,0.338676185241078,0.9191592269287234,-0.116
0.6686531935788584,0.6860427869978054,-0.00017727050105095934,-0.8292280316895424,0.25185977453388647,-0.4325434548605467,-0.4596189149833806,-1.2067755284501684,-0.36125641015545334,0.5987042116334179,-0.29376850857953174,0.635531750489438,-0.21707238158772646,-1.2854697355188598,0.8605898407834262,-0.5835905204036232,-1.58943342204145,-1.072221176142844,0.918758912134698,-0.4667968723676713,-0.4102674234799871,0.108
0.6716230591888315,0.6519891064410499,0.2886911235450474,0.42273103016401425,-1.8081578060120225,0.7731899399424033,0.4612010321450461,-0.6927823652906094,-0.8786806496209073,-0.4925652851670171,-0.022021144998882903,0.9760745661486969,-0.21707238158772646,-0.41235591384778725,0.41995314061158034,-0.10398616075601924,-1.0737761235457823,-0.6815028180635128,-0.10524108205557323,-0.8521692196667262,-0.22816710969457393,0.094
0.6745916650914059,1.0923766880838863,-0.11067274576260111,0.6424272963426887,-0.3089457028858959,0.020564363288391556,0.7455118689332325,1.6659399490376903,0.06823860556255318,0.7030089062211488,0.3775902996250948,-0.02084651294310898,-0.21707238158772646,0.9023586905299124,1.3619756816121011,0.17209506086266363,2.017880935748653,1.8328390602402138,-1.8595480839127438,1.1085289283569737,1.360468667674488,-0.201
0.6775590136560454,0.7738818681026235,0.4147107184549709,0.8428146952372828,0.29476996309580067,-0.6883547149238184,0.5038509855832222,-1.5706679270442372,-1.3655644752288385,-0.05101495351610499,-1.4158691623773716,0.6861766527596184,-0.21707238158772646,0.8672319659095717,0.16958342311874883,0.9477709572458864,-0.2460798460606202,-0.8159326729973833,0.3334760056144672,0.24115797331981478,-0.2747133576577008,0.206
0.6805251072443137,-1.6277834396891406,0.19632848777981904,0.7181051271153068,0.17030592757316418,0.2105611747189837,-1.5457332877613823,-0.2214959396661361,0.1199281073898719,-0.40537580961689434,-1.3396363567749743,-0.35543798963105094,-0.21707238158772646,0.7613357164166233,0.3445460918175625,0.11064337644424194,0.01868394129321869,-0.776621656874262,1.0672859266289378,-1.2895456552162126,-1.1153860348264413,-0.132
0.6834899482099155,0.8728198572968143,-0.5464246309674675,-1.018712198691128,2.068138933250386,0.9047021616841426,0.4270275245112233,-0.05864735988467357,-0.4694754709299573,-0.19039503937062507,-0.6073966568397492,0.7580870462926489,-0.21707238158772646,-0.459235276856469,2.1244753785588903,-0.5089815336411847,-0.01048281981011514,0.4606585020432036,-1.1129153588456215,2.39873597035238,0.5017677933857709,0.18
0.6864535388987308,-1.97493422048367,-1.79324806716171,0.15517551799846477,-0.7181942548303157,-0.8637786780246071,-1.8983240986057641,-1.4231943829345222,0.5170195163814498,1.8192450147044876,1.4552500192067586,-1.5369772336341878,-0.21707238158772646,-0.8147294994650537,-1.3114327147235527,-1.5205368142780709,-0.6887134141546805,-1.040303882774857,1.8231461652151468,-1.163015544520359,-0.8641359014814467,-0.482
0.6894158816488544,0.7002234019032012,-0.5464246309674675,0.6821859542108704,-0.17128577988129717,0.2032537782824593,-0.6100805972970087,-0.510201884667203,-1.309852918497465,-0.016178268937597298,0.7244162719051136,1.5053872865497737,-0.21707238158772646,0.6979299575062927,1.3183431907620593,1.6861938045242055,-0.549921384695344,-0.8189579277706087,0.23668117426952304,-0.6933207113470078,-0.9727751069708261,0.033
0.692376978790631,0.12356069757487205,0.5147442182060379,0.8266371504137254,-0.0036406541323884935,0.2105611747189837,-0.33186664701074065,-0.37908659005415773,1.447907995257868,-0.6960848379745573,-0.7074853085071978,0.04911459187906867,-0.21707238158772646,0.7891458039481888,0.33618318491404986,0.4296869752513679,0.06929627808460262,-0.4948579975072345,0.5808869099233501,-0.5478071578959987,-1.3084470615683592,-0.145
0.6953368326466948,0.00562438565887632,1.6184886599010635,1.5495037344321967,-2.5212029841637356,-2.4430051788132934,-0.06059124462201431,-0.8161226406973314,-0.08951666995423371,-1.1209092995147607,-0.9791949305522601,0.2424762718187869,-0.21707238158772646,0.6903023878311119,-1.3037213714581568,1.0297705988304333,-0.549921384695344,-0.6573764518390508,0.8584931461897655,-2.5993291935151306,-0.7768805886514776,-0.166
0.6982954455320028,0.583797069889404,0.49469913359117057,0.1476467280531802,-0.3735067544840206,0.838946581064454,0.36711031271283656,-0.27029376670136535,0.3333528896993598,-1.6044692153149398,0.062467249944668575,0.5848520707406826,-0.21707238158772646,-0.00021961697577542718,-1.4496845936557246,1.1005341122014707,-1.2976308743396896,-0.9234441963765527,0.7358203308073792,-0.33480896397597415,-1.055736044934627,0.091
0.7012528197538737,1.0137132709244105,-0.7668065779793677,0.18913468731167274,-0.033720550365866776,0.16671658907177486,0.31563866067961194,0.5945452287281727,1.9549716729497757,-0.16716133924108023,1.174913953145995,0.9734197595737125,-0.21707238158772646,0.46731007122542795,-1.6550956268710586,0.49985374914909153,0.453973028619674,0.2448030590410514,-0.35245479912233907,-0.5478071578959987,-0.6961174633651969,-0.173
0.7042089576120243,1.2826805620691824,0.2820798852208226,0.41110316723101736,0.17245249413975605,-0.3521493350749144,0.6694645361036881,0.0749645680901873,2.1122678224422424,-0.6902685031592088,-0.42637896312349116,0.9388993855810317,-0.21707238158772646,0.018465629437127734,0.15299249277378568,0.37360527154959106,0.40225209278365315,0.3007420547816603,-0.5630610179980885,0.5279178236252915,-0.9875424541988808,0.028
0.7071638613986007,0.5752652056553934,-1.1445247807024475,-0.038479383516305074,-1.1845186163831676,0.838946581064454,-1.011807253149304,-0.3359930860466361,0.4618500221732313,0.5639287750710518,0.5300130441414653,0.8751305723072939,-0.21707238158772646,-1.2795894401410401,-0.2495508452696435,-0.7380437982338625,-1.6831761814082256,-0.9825991667774979,0.09043351778939777,-1.165539327044116,-1.0885031942918413,0.273
0.7101175333982226,0.1580242395826821,-1.7755757334091862,1.105113934622796,-1.063507143669486,-0.7175914422056411,-1.0837340844931564,-1.255627045291728,-0.6372545900851774,0.27979665259003333,-1.5810182828408599,0.24515783802213284,-0.21707238158772646,0.12740480564791137,-1.8207164562610065,-0.38443225981415297,-1.0737761235457823,-1.4337584181938674,1.1964567591783648,-1.8757293109952027,-0.771090130265635,-0.047
0.7130699758880105,1.0727271069996098,0.994730705353439,1.289212889456017,-1.6151998358651214,1.635249952523364,-1.6552866645923723,-0.9742918836339544,-0.12887090017302502,0.33200173988874543,-0.35745650318952554,1.3601413873923291,-0.21707238158772646,-0.25634470726781555,1.1532434560474631,1.0071407571995628,-1.205331808775122,-1.245825379521438,0.6260732794243768,-1.0396862093914283,-0.9875424541988808,-0.106
0.7160211911376246,-0.10104801187348203,-0.16245549499649034,0.09138598564958104,1.3070937543977632,-0.9368745626917061,-0.2046618157083238,-0.9742918836339544,0.241770887496034,-0.6030339633734616,0.05640414553313723,0.20492264769979987,-0.21707238158772646,0.8345376292101732,-0.8430579548330456,0.7417707872585043,-0.15969477741679008,-0.5414464374202924,0.6626542643897185,0.18151554309260917,-0.7421877791499903,0.019
0.7189711814093007,1.5135811033081756,1.1249903838802282,-0.027425477129915467,-1.6043658650919868,1.072739420921097,0.9387716303224634,-0.7629934308145705,-0.7208812913384801,-0.969549941195014,0.3023852653769106,1.52649504593375,-0.21707238158772646,0.410362024385676,0.46195544900782426,2.204456747724254,-0.033522961650633544,-0.15675320036542884,-0.3288116421851543,-0.7577254936340614,0.13250689500392746,0.147
0.7219199489578842,1.3579544833881394,1.3738884750997977,-0.038479383516305074,-1.2926325266587149,1.5475908547960073,2.6065423643755286,0.9740450636208566,-1.1922566002961206,-0.8357028811106153,-0.4720090477824454,1.204072146037768,-0.21707238158772646,0.554872851242929,-0.3712622656594545,1.3075531765790538,0.6830387461600622,0.7822496700401752,-1.295378065093112,0.3932226081303365,1.2749545727411713,0.085
0.7248674960308633,-0.1819222995213551,0.5682915346605413,1.4720857952571906,-0.8260363015804352,-0.9441842348521662,-0.8594669073762676,-1.4155033089535844,0.8832063884209395,0.3668007746427686,0.2154773536327493,0.6115299582116812,-0.21707238158772646,0.5214567232951841,0.26105803207122535,1.3842676623530712,-0.06887498838379646,-0.2746243871969527,-0.1783383671741371,-0.9945453096272163,-0.8904577883506926,-0.129
0.7278138248684044,0.31565919554386546,-0.7605468870200501,-1.4770564168870228,0.6634362586400465,-0.8857072839333695,0.1087188891219948,1.160228976631376,-0.4063814889820833,1.3165704365456306,1.541095041718728,0.4539870147280336,-0.21707238158772646,-1.3355607816045938,0.9634701621532724,-0.2873884061942898,0.5466327126245437,1.2307262902135456,-1.2116669354284453,1.3520269448522537,0.749921854919738,0.144
0.7307589377033888,-0.1212546421830437,2.2808936678987983,-0.012664343262157872,0.18533142408251738,0.0424875525935375,0.6821560408455373,-1.1210815646250651,-1.3010476398218098,-1.0859751720758017,-0.6297450299131405,0.22906677315189655,-0.21707238158772646,-0.04302385824350736,0.07022642667880254,1.1628625125228325,-0.3620640559523863,-0.4048281536263612,0.18936308037860905,0.369520713605095,0.17418543607405595,-0.143
0.7337028367614423,-0.23108620245444542,-1.2544278489808192,-1.2431217402795038,1.1362046385698017,-0.3960004553845068,1.4360706838294455,2.541720737973227,0.09559661520151357,1.0388771866393105,1.4410220515144183,-1.6301404231230896,-0.21707238158772646,0.6214706017966347,-1.1643659372902468,-0.2735127812950904,2.877837785577999,2.866098710957637,-2.752756290751059,2.5044898606867667,2.3359740294160907,-0.203
0.736645524260971,2.012368976757375,1.8869647806153713,-0.8589929328520016,1.2964169869668338,1.2407698805972303,1.1056057365493266,-0.4560784036159076,-0.6073450316993987,-1.9193717825355667,-0.3862441973379107,2.1078152372031824,-0.21707238158772646,0.8622068851942354,-0.7559374026393436,2.1384137837644683,-0.492377739922976,-0.609161695819804,-0.18263800108897202,0.8489045072290264,-0.4242150520300582,0.535
0.7395870024131964,-1.7611078184941096,1.4714195460221156,-0.3385332585131079,0.9822924437197036,-2.4283791192738176,-0.10417166211680885,1.0277344311196879,-0.7089455311917195,-1.1616695840527236,-1.0324536424712156,-1.9238358600981156,-0.21707238158772646,0.7106335550126802,0.02896135278690574,-0.6250006072205325,0.94728046615997,0.6575476086234066,0.42382715800506376,0.08340260862045099,0.9904853243377832,-0.339
0.7425272734221875,-0.37304960916462626,-1.0708617442467607,-1.2617039916490906,-0.40148979421970826,0.0424875525935375,-0.3890678393984128,0.5808394278188994,0.7167284698282744,1.333918039308918,-0.2763137151443955,-0.8953358121523881,-0.21707238158772646,-0.9716840506872774,-1.2651162673446712,-1.5422680952131906,0.19022871580625286,0.9063495228338633,-0.7456799707819494,-0.09463754035827113,0.4818948265980194,-0.347
0.7454663394848923,-0.7397771100872416,-0.013208980815043259,0.5633888860315317,0.47489661231115765,-0.4398520984193956,-1.5639701965266624,-2.165080807993966,1.1928089302870644,-0.20782127674394857,-1.0271436767172561,-0.42578013878752174,-0.21707238158772646,0.6673952619420903,-0.6684305318668088,0.2391980248965261,-1.7090995477782185,-2.2426199948045897,2.359642906359946,-1.8913683823836516,-2.760285808355151,-0.219
0.7484042027911736,1.5662356730571108,0.8177189981482369,1.1884152610707166,-1.078629213664853,2.2634222887893714,1.225880965569986,0.6027462859154222,-1.056516375388199,-0.7426186468695877,-0.6464662293147861,1.52649504593375,-0.21707238158772646,0.8118595962271082,0.5715270561526774,1.6348396200788857,0.27270958010418683,-0.1433471448220535,-0.41693240839106305,0.3766335296361851,0.629495081098764,0.117
0.7513408655238408,0.06031328626931024,-0.903968949558585,0.6782029090444657,-0.22504784633426358,0.35670622035695415,-0.165297452844813,0.7184432189751767,1.0068461904889079,0.7725272130322483,-1.6008011398499602,-0.39330681776833154,-0.21707238158772646,0.08764811611861867,1.9540667572497212,-0.9826939428350143,0.867387171340679,0.6371926067568336,-0.5566147830916105,0.4665630728416489,0.22596114373855272,-0.427
0.7542763298586815,-0.497935767027315,-1.303045501498192,-0.07522080741474195,-1.0505463570825313,0.3055560772789938,-0.9400317197706305,0.6380897143312079,1.2145432716015512,1.212464354522464,0.6917108170035425,-0.6914585978360261,-0.21707238158772646,-0.8147294994650537,-0.6365141922647826,-1.3518246863312835,-0.09348486895972817,0.366861197383272,-0.35675347655897566,-0.619221334021384,0.11420066724284976,-0.323
0.7572105979644955,1.5357603578490087,-1.8226576036077535,0.41110316723101736,1.0015373224875423,2.190383538497258,0.5379170350084609,-0.5545174290954477,-1.3831376450923745,0.04768025246359759,-0.028023645493853937,1.3680698304665244,-0.21707238158772646,0.7309359226720965,-1.2496516539547688,0.09110252367533403,-0.6200294932198516,-0.8265218927629717,-0.18478780938808786,1.258094484587993,0.02466518945019772,0.388
0.7601436720031258,-1.3618901664451915,0.9401130158662958,0.8387679219038972,-1.9665890680121014,0.0717182760010155,0.16060195510914352,0.372547766655674,-1.1745816151513209,-1.5170373791493166,-0.3111866172407167,-1.1105743646185264,-0.21707238158772646,-0.034987948437165836,1.2922007090153333,-0.06501517040629196,-0.02430544155570968,0.39033711787611997,-0.047188570978999256,-0.3250600998087189,0.9261025526969209,-0.266
0.7630755541294904,0.3414026406255236,0.40140918758820887,1.403698933810142,-2.2012550444884913,0.3347848123238162,0.6355870415665388,-0.19886361743827596,-0.9321225772283023,-1.388836859255578,-0.800895200548984,0.043735474263336065,-0.21707238158772646,0.32711609599652197,-0.49226032795792307,-0.23186765977101248,0.07695980215844597,0.029020411845471786,-0.18048818701658398,-1.2236628523318505,0.2207997394673073,-0.119
0.7660062464916152,-0.8069706440678703,-0.13658134258864615,-0.769299843385574,-0.05950687642090796,-0.11828543915562802,0.787655935346249,1.852224512425838,0.5231530994989411,-0.30077507557750327,0.4091222416484956,-2.044822945496542,-0.21707238158772646,-0.0296332737145361,-0.5163742016851132,-1.2891062691721855,1.5676417272592278,2.0456439215909024,-1.8574041870523936,1.0369133494876803,1.6189680711894958,-0.373
0.7689357512306658,-0.8157405761932777,-1.4239743033831338,-1.9985847678661177,-0.3476797942903326,-0.264448654585475,1.2630947756370083,1.9502203113256664,-0.41239453145931915,0.22758376283028695,1.8704886299776526,-2.1246308088144246,-0.21707238158772646,-1.670562796965253,-0.7002958706481004,-3.0747402267223407,0.9382416582441334,1.9771830886145272,-1.9624431693800042,1.7111366220635167,2.1635079757345834,-0.061
0.7718640704809777,0.21827517501712662,-0.22699008756104005,0.4033592675236592,-0.5414651742033002,-0.2205990904210267,-0.35385413984383823,-0.9561438230830486,-0.004638281530088398,1.432202545458875,-0.0937690054044646,0.30144528310024554,-0.21707238158772646,-0.7411762860834101,-0.4116742911187152,0.2951685299004511,-0.5328044279937911,-0.518897497046467,0.4324324915576628,-0.7453264984865031,-0.8992466122813945,0.102
0.7747912063700879,-0.219514069651485,0.14373825458697198,-0.940975545533455,0.2582968679087543,0.0424875525935375,-0.3934724600980216,0.15712758992239184,1.4105091912578724,0.123134752370425,0.8764664556609516,0.23174889562301468,-0.21707238158772646,-1.4601584266271566,1.651880628980969,-0.3289969839019261,-0.2893411453061258,0.3976697368991234,0.10548728711932215,0.00656502575270445,-0.6989905937591108,0.037
0.7777171610187663,-0.5706725217030783,-0.13658134258864615,-0.2493294694244923,0.2304013532676495,0.9850686614177981,0.3413875778834193,-0.8983701480033072,-1.4796162968483046,-0.4925652851670171,-1.7378884408330144,-0.10165718976878499,-0.21707238158772646,0.10356443855015374,0.809317371955943,-0.6884411945858158,-1.4318803674097358,-1.616171666430972,1.6400576521263561,-0.5355155645814484,-0.7076150003774003,0.129
0.7806419365410474,-1.076486862873226,-0.779319433063169,0.7943584654465556,-2.536454532864286,-0.35945781891186823,-0.6900301348619923,0.45255847008395644,0.17167371757927538,1.8134720215990046,1.1336162668007812,-1.184247153463745,-0.21707238158772646,-0.8829892132897562,-1.6172349797163927,-0.5006860451302142,-0.1566129323019943,0.1887699551671161,-0.13964062697199353,-1.4602062909819455,0.49432235503257005,-0.448
0.7835655350442582,0.26412859478719813,0.6488680169060743,-1.4172416718956604,1.0998738853581767,-0.7979936770501993,0.41420025578189357,0.7131388507054905,-1.5670642762740814,-0.5100055847747114,0.014084255410204489,0.20760577403920755,-0.21707238158772646,-0.6148254079551938,0.6901169871559095,-0.3234507615254122,0.1458730196296043,0.39033711787611997,-0.9261024689100815,1.2167564485631617,1.1812145564623548,0.171
0.7864879586290523,-0.5182926241675985,-0.08472971881867786,-0.5312082449439771,-0.9771190593430336,-1.0684510045810984,0.2898636809457862,0.41273498239228584,-0.13492235625638033,-0.7484357635354183,0.33990491640290726,-0.9089439351063129,-0.21707238158772646,-1.394742099344495,1.231309608967477,-1.4607308155836285,-0.5234712682355831,0.4548045517772661,-0.1783383671741371,-0.4839584367754229,0.677948498495031,-0.195
0.7894092093894384,0.9940205146432629,0.40805888571376014,0.12885290939911248,-0.2788244380693487,0.34209196196398745,0.9136502423349395,1.264561331161815,0.1199281073898719,-0.22524833727345006,-0.0937690054044646,0.5955243968642727,-0.21707238158772646,0.5060073361414433,0.5799774963095254,0.8743330383743779,0.28186521734054304,0.5059880209669609,-0.4857024249219829,0.23877490952441696,0.5536526368080325,-0.19
0.7923292894128094,1.4108303936283513,-1.303045501498192,-0.46520407310854467,0.6869920239301491,0.9558446614067416,1.440175575570557,0.30573768307452726,-1.7874486293060337,0.9173097917146472,0.062467249944668575,1.5634222726355207,-0.21707238158772646,-0.459235276856469,-0.8667509757758567,-0.2929378031664025,0.2650785331665194,0.47236300310213253,-0.6726381034093477,0.9395882774661639,1.1214058492330297,0.439
0.7952482007799739,0.5638866910002693,1.0975038708880864,0.2917932329073161,1.5162571660792976,-0.05982174435465786,-0.7345331535022283,0.7078269704783936,-0.3883372209726683,-0.7833402809413975,-0.9524323628728844,0.9282747701854478,-0.21707238158772646,0.2459988273538466,1.5460731317216496,0.6010193462414954,0.21926631876891395,0.2919159172985039,-0.1675891815232394,1.1638465604742685,-0.0098393836690607,-0.007
0.7981659455651865,1.4414077166960402,-0.4384233859141005,1.0595684582278662,-0.7764213328296848,0.5174594826206322,-0.8505272871629127,-0.6405956245374003,0.8893819104610394,0.15215145912666247,0.13556655998500516,1.4842747762164337,-0.21707238158772646,0.5445993321500286,0.4703652902899227,0.9251666985673611,-0.6122329460357134,-0.5910943214439103,0.09043351778939777,-1.0221210452914904,-0.9227197581396218,0.13
0.8010825258361757,1.170864712314725,-0.6159740894528699,0.5949275911936172,-0.4768486458831659,0.15210161661613453,-0.08237299293006103,-0.8196789254986991,0.4802332874544067,0.6044997687888477,-1.4963768821059291,0.6701872468802131,-0.21707238158772646,0.5779611758662339,1.5372758141099245,-0.20964576138255503,0.18105517402259327,-0.2880747322756211,0.23022855787236107,-0.10429700299866233,-0.4661857444802457,0.053
0.8039979436541755,0.2669929256764202,-0.5147245283910398,-1.133537833976156,-1.2320807911222957,-2.0481260919226423,0.061071029874030694,0.3407172763269436,-0.5863950402880789,0.041875400909957144,3.9852538714553853,0.18613765876698882,-0.21707238158772646,-1.9556407425479492,-1.2419145124304634,-0.7022238050751964,-0.5623751178356861,0.4152609723178448,-0.294420300852006,-0.6488337604706688,0.6002430849524724,-0.123
0.8069122010739512,-1.7462818118020837,0.18974721101315134,-0.09353095838436608,-0.45100804778891324,-0.44716075655477167,-1.4501349988403642,-0.5716430093119399,0.9202697777587402,0.6972150558758504,-0.5456216142583469,-1.4904255603565355,-0.21707238158772646,-0.6680277037880105,-0.10255766161580311,-0.9991505251540361,-1.0232137705833286,-0.8749591435909692,1.7434453851244003,-1.3734414637758119,-1.166344448649027,-0.317
0.8098253001438328,0.8587013814029527,-0.23343169297431748,-0.4826305755559286,0.3719860443723345,0.7001257547712874,0.238236007226121,-1.9750004063497741,-1.459175909396981,0.6566552810723191,0.4344317190997894,1.3601413873923291,-0.21707238158772646,-0.0296332737145361,-1.3499410160263978,1.109030330456303,-0.5872954075284905,-0.9188967073791978,0.7444284594436521,-0.21807420285356352,-0.11963490598749867,0.334
0.8127372429057401,1.4414077166960402,-2.0963913746736695,-0.3950914092397765,2.138363539660496,0.6855127591185595,0.6990674560021001,1.2444690221465362,0.19299692254417408,0.9115197238790743,0.12333930041284706,1.1669979952029252,-0.21707238158772646,-0.2972270378732872,-2.424080256448938,0.17209506086266363,0.8975490120687399,0.9954222771185895,-1.396244267458093,2.15275830910984,0.42443168984063206,0.211
0.8156480313952148,-1.589313828088131,-1.8988627181307847,-0.23496283814136373,0.9844308465559789,-1.8799520231349782,-2.1891520202508876,-0.5682142887815942,0.7752462626339391,2.2230612871679423,-1.0906317284652147,-1.1651415221160715,-0.21707238158772646,0.2957714650514084,-1.9401769279606844,-1.5096678975425537,-0.6434294065975961,-1.4705015311927805,2.1829404815562374,-1.3658017367654667,-1.9360257340286042,-0.288
0.8185576676414469,-0.26871318746429557,1.221459273648909,-1.0444136830979558,-1.00303125232785,-1.54363025332417,1.034836199048721,0.9244380761472119,-1.773001810914916,-1.336402539813371,1.2859913725985468,-0.9661198051013975,-0.21707238158772646,-0.459235276856469,0.7837230996178591,-0.17907800053994988,0.0815572880649448,0.6924067666122018,-0.5652097501626542,-0.14781042319162585,1.5750421174298848,-0.016
0.8214661536673026,-0.48921365798839256,0.35492108794611915,-0.9669930653470856,1.4245050141115778,0.05710294222065513,0.9722272926945278,1.1509642542122287,0.007499965522514517,0.5755209856092313,0.17235478070014557,-0.8735669907631655,-0.21707238158772646,-0.00021961697577542718,-0.9690878366678745,-0.6498331119710767,0.8658786488724808,1.1255225696892412,-0.8595237002619514,1.1338965026039947,0.7020341044918654,-0.265
0.8243734914893546,-1.9362811939171385,-0.3169762719288614,0.7903307946064513,0.47918346251120825,-1.0245916379459419,-2.036555283218604,-1.04366138726489,0.3639177741248383,-0.23686683420390625,-0.18259673344613184,-1.151496897688497,-0.21707238158772646,0.34536823641724185,-1.3653217336034895,0.06877720780364585,-0.23681558958847487,-0.24325758200669653,0.21947430155968772,-0.5502662217665688,-0.48021850409242833,-0.217
0.8272796831179108,-1.465171522143207,-0.9411937917900839,0.5594537377274917,-0.7462272853973553,-1.5070756196578934,-2.4960138200222226,0.6000144692797059,2.6624377225312794,2.2403545234422517,-1.3038070746670107,-1.4630516520464578,-0.21707238158772646,0.21447209636313697,-0.7559374026393436,-1.111478386491544,0.8930257786926262,0.7692270596078403,-0.5974399613535446,-0.6463646704133927,-0.48583755296075715,-0.406
0.8301847305570376,0.7172335637388596,1.3114077937326294,-0.14094828353288696,-0.8368238909244976,-0.13290150440472692,0.33709790665155914,-1.7685916006960103,-1.0831159224660516,-1.4179698924312232,0.14168682942827338,0.9813839203659036,-0.21707238158772646,-0.4841198092376977,-0.290200485964275,0.9166919274631622,-1.8651874580473253,-1.7421954019009616,1.2976512980308574,-1.1277115388272465,-0.28020578997678336,0.038
0.8330886358045934,0.3099364439061733,-0.8728882745130477,0.3917554333286699,-0.3154008567318486,1.0362101634573857,-0.881826508034251,-1.1619482829061674,-0.6372545900851774,0.9230997560004102,-0.3689836263297685,0.9840384681482037,-0.21707238158772646,-0.25090298008551565,0.5884310564911486,-0.003727696488317537,-1.1196730266413761,-1.3496449899448297,0.8068396117917285,-0.8696077840493253,-1.476991940926329,0.121
0.8359914008522518,-1.6721973738754823,1.0220903503821566,1.113415543241211,-0.6836977285339624,0.5613001491304976,-0.3582535863008951,0.40987652307741845,0.13514160309450832,-1.1034418590341302,-0.6631532002910855,-1.6767515517119171,-0.21707238158772646,0.9023586905299124,-0.06975357136737746,0.07993891998063785,0.8854862399258155,0.5600002053052262,-0.16543932712772108,-0.015087305456061387,-0.12772651406127014,-0.153
0.8388930276855323,-0.7397771100872416,-0.22699008756104005,-0.31365837934978724,0.2904793427234663,0.2324832813694427,0.5676852543464195,0.7579863636297375,-0.8162347263261115,0.7899045035253397,-0.4092022692044605,-1.4302122522490013,-0.21707238158772646,-0.29449772921253203,-0.32266321443288815,-0.5697809009518143,0.5405618570997713,0.8472630283821797,-0.649005266128359,0.9859765039808909,0.997338159052603,-0.275
0.8417935182838253,0.18098606148566865,-0.4447937187685579,-1.7689124119311679,0.9095743712506609,-1.2438940511868208,-0.15218800481194075,-1.4078193114309816,-0.589388564567914,0.24498892361582558,0.4980342621077779,0.5261260895743608,-0.21707238158772646,-1.685726121635281,-0.03689901995641847,-0.6360385323190774,-2.109185014074903,-1.2656580872493268,1.5108357200796079,-0.42272222451957214,-0.2967037697650725,0.334
0.8446928746204205,-0.24555494850717885,-0.3554122705451637,1.1884152610707166,-1.279655446233386,-1.6825415572686786,-0.26161628976764006,0.028740314540597132,0.12601292397189479,0.0012388144072276435,-0.6964249085507831,0.43527215648357204,-0.21707238158772646,0.25386942600847856,0.46195544900782426,0.5054701833423709,0.038629022983932275,-0.1239910234904763,0.5443090240695644,-1.238849742016717,-0.6588429212610362,-0.176
0.8475910986625321,0.10057121671957518,-1.0831608010715146,-0.5415762074487603,0.07798234497454472,-0.27175696546332057,-0.7880177563399645,0.0718957869430445,-0.39435283270883226,1.2471702661536823,-0.016014348158873593,0.49407339244772824,-0.21707238158772646,-1.0957132589607101,-0.25768710256181676,-0.18185749233179221,-0.8390482297871407,-0.6905534457526007,0.5357026663586395,-0.2666471843938498,-0.3325556645155772,0.03
0.8504881923713292,0.11781435810279905,1.1318672939707102,-0.6444486064670067,1.3199052096698727,-0.9661133429245116,-1.3411818113893197,-1.3886402840303242,-0.21351691753473434,-0.5390745239428658,-0.984536752776592,0.558164381905257,-0.21707238158772646,0.32711609599652197,-0.6365141922647826,0.4521325441304468,-0.3512244717234217,-1.1345923453175606,1.1598567847067451,-0.5453483425641393,-1.3663978495633586,0.272
0.8533841577019584,0.7115643087664087,0.35492108794611915,-0.1663675092728793,-0.28097580495606916,0.11556394295273135,1.1803251940513215,1.38197262970391,-0.4814825540734724,-0.24848569588581002,0.28991534116132733,-0.5205683459655235,-0.21707238158772646,0.7258630246619224,-0.7876623344484608,-0.6001579370186344,1.613845312791749,1.9291569667694315,-1.7416188424407162,1.0854473608664956,1.595072722708496,-0.194
0.8562789966035735,-1.1528644155408363,1.3044760286172437,-1.1964053156672219,-0.4165592397174626,0.08633355400382428,1.5057695963961115,-0.11876218891213759,-2.129093178010498,-1.5112092331855556,0.9838240297348837,-1.0969373205048762,-0.21707238158772646,-1.7923833775938047,2.0615650492164526,-0.845374958830316,-1.0895945187728684,0.3080953402590111,0.062477219294740254,0.0881973038380579,1.2814247735491437,0.032
0.8591727110193597,-0.7164232277096343,0.5013786969036482,0.528030089940727,-0.3347675850587216,0.40785569627933027,-0.2879405328756326,0.8280966227749892,0.3700329877397959,-1.2140816572953017,-1.8055322809628387,-1.080575389716079,-0.21707238158772646,0.5574400716694493,0.3194667687085372,-0.6911979692223457,0.03556113400369828,0.1326446221189143,0.1269931282970377,-0.6463646704133927,-0.01782314119184632,-0.242
0.862065302886561,1.60775386117021,-0.716668155208648,-0.020048137273318133,0.7490812380704087,2.2488146329942595,-0.32747109937407654,-0.7524160028443331,0.7968213307258826,1.9173680908844912,0.7968047808233393,2.099945930825404,-0.21707238158772646,-0.4979644205141008,0.7241119989941083,0.49142995544928597,-0.5141404699706318,-0.22832958832815092,-0.6447083010867996,0.8931213958323281,-0.9139111471591995,0.123
0.8649567741365053,-0.43690961270645956,1.2490977871784523,0.002122603830392992,1.3369860217771241,-0.7468284085958823,-0.23531573283387588,-0.3392970980960294,-0.5953749453239231,-0.4925652851670171,0.613717959428963,0.22906677315189655,-0.21707238158772646,0.042452509513857345,-1.203180476199547,0.9364679430552879,0.07849234978403806,0.1799141449244072,-0.3610521298114561,1.182261375313494,-0.12233123579679422,0.163
0.8678471266946312,0.8389267680904151,-1.7696805217426335,-1.6925650029223116,0.5734722397523035,-0.6445000709450284,-1.1513016299167176,-0.5716430093119399,0.2844880321352611,0.9925712247072461,0.7244162719051136,0.8831044591474358,-0.21707238158772646,-1.3060718950534203,-1.0474399153240253,-0.608439955204814,-0.9412290651522904,-0.3015295087421661,0.3894066237205238,0.042611413597724364,0.008758534073842642,0.153
0.8707363624805149,-0.1472463226296587,-1.411921019008411,0.16271074240706673,-0.44885481923550563,-0.41792621143471803,-0.6056448693091373,-0.1346913629028326,1.5539943842641963,2.3210416383627663,0.10503153187887013,-0.1609758247450077,-0.21707238158772646,-0.15061982382677347,-0.15166911997429217,-0.3289969839019261,0.1504635242170235,0.2757284712290187,-0.012785160404425984,-0.8397209552895137,-0.528088540837089,-0.052
0.8736244834078919,0.5468131613812424,0.9401130158662958,0.4304909465390035,-0.7246630489323187,0.4809252244305412,0.49106383902933104,1.0422169709150053,-0.21653701182806115,-0.1206983512473227,-0.3804946828033923,-0.29866891316386707,-0.21707238158772646,0.590771860690962,0.2860715387686188,0.5363687375941696,0.6694141575130569,0.7214217394039054,-1.0313257991104763,0.7134795398966858,0.8679757034382667,-0.138
0.8765114913846872,-1.2528787412348783,-0.00017727050105095934,0.3570304665623054,0.8860427729200268,-0.5567923842210973,-0.4949558583080791,-1.477229953614493,-1.0535596325353087,-0.3356387410766973,1.0515957508053482,-1.0233304496973437,-0.21707238158772646,-0.7835610606251024,-0.0779593257749134,-0.6774128342759089,-1.5378720059134687,-1.3786881681134977,1.7736018204096422,-0.48150604780096856,0.022016288436846047,-0.058
0.8793973883130368,-1.3972832670685535,0.7838426097037973,-0.20615182700772983,0.8967392676948749,-0.9588036249582148,-0.14345171862716438,0.7210925855899079,-0.5594433297932305,-0.4344367360971583,-0.8770197686910628,-1.146039575667473,-0.21707238158772646,0.46472649155084134,-0.5163742016851132,-0.06501517040629196,0.2757616552111215,0.10602726877202594,0.8348182827296449,0.04501269720825797,0.040540029655075076,-0.163
0.8822821760893156,0.6463107334115201,0.006341806924204344,-1.092319627299202,-0.046613302301538616,-0.32291554427556407,1.8920826050308663,0.810051846044398,-1.1568974770854918,0.1115274063096804,0.4534630169235353,0.08406855717199266,-0.21707238158772646,0.06905598868985356,1.187908618400668,0.42127178314571917,0.5223449505735394,0.557083187365994,-0.8724104431408987,1.0785191408721946,1.512270926004842,0.003
0.8851658566041606,1.112015308217594,-0.5654186862293039,1.1550186809399463,-0.9965528647883526,1.0654335951642502,-1.2958807037227522,0.05960231968710771,1.1617737899465768,1.2298177941494048,-1.5810182828408599,0.9203053889289163,-0.21707238158772646,0.7866198352331406,0.6138104529630314,0.3315742941878288,0.48285251025013154,0.10454793578828696,-0.4921492869446793,-0.6315554328175407,-0.34084979858215625,-0.033
0.8880484317424966,0.6377917019702875,-0.19474972620745104,0.5555201874910696,0.30335093861418955,1.0142924543573661,-1.1738532173219893,-1.5785003114206357,0.18081108174888513,0.09411567795090386,-0.5849869607411478,0.8272703435098269,-0.21707238158772646,0.5523051673049565,-0.15166911997429217,0.9816906032054143,-0.8924559555898406,-1.995014459071757,1.652980627647258,-0.2885359427935862,-1.7895927755326295,-0.028
0.8909299033835625,0.4698975600322668,0.1568729576454913,0.07644430099611314,0.6484448807292299,-1.1707916917613617,-0.11725896100872489,1.3840980241505854,0.9202697777587402,0.5349465101200569,-0.4776950484330336,-0.26624807932859657,-0.21707238158772646,0.6750350459410009,1.8648210304039967,-0.22909034676981427,2.173224535832738,1.7347667896777428,-1.4842187521558348,1.283326662700548,0.6270625599799468,-0.359
0.8938102734009311,1.6961780773849102,0.3681927236926753,0.5752039183733285,-0.6448965827059648,1.2553809064928727,0.9304006676643313,0.35521346046600605,-0.14399801477091378,0.6624498365464786,-0.5849869607411478,1.6662158534763385,-0.21707238158772646,0.1088658310375652,0.11984833870987839,1.6433962870687702,0.32761708586263777,0.33602257647787104,-0.5243827476357962,0.487817345387617,0.4419719462893857,0.032
0.8966895436625401,0.27844846669754786,-0.48932545355861684,0.702125104096778,-1.182356994849641,-0.29368198430918585,0.4227525061315573,1.5146516571202886,-0.3251219101203272,1.3223530795738387,-0.3111866172407167,-0.4772229617700331,-0.21707238158772646,0.3609941069061635,0.1364141301390366,-0.12346283910651769,1.3824933660430174,1.386059480444292,-1.314694278445398,0.03540620815930996,1.628878796644894,-0.416
0.8995677160307105,-0.7631401951617897,0.4546665298556225,-1.1681967720899595,1.4543818473568526,-1.2146529196946245,1.176179791989876,-0.033533116559189904,0.08647551998140056,-0.4518743648273738,1.7519945719518695,-1.2306617854566198,-0.21707238158772646,0.5343183823158983,-0.1434917700123177,-0.3733491298974367,0.800973055510594,1.025513961571623,-0.4728085318141001,1.2236503590773304,1.3007804298137131,0.252
0.9024447923621763,0.43281523682178463,1.3738884750997977,0.22322407936899108,-0.17128577988129717,-0.1109774277945762,0.8717243017945723,1.3086641399685475,0.4557237311198079,-0.6670040355995819,0.17850172820753923,0.003378744411588634,-0.21707238158772646,0.8471211409932081,0.809317371955943,1.1118626216580723,1.5810590584639155,1.530406285427825,-1.4455975830155179,1.3291454454417737,1.0990702763356135,0.033
0.9053207745081031,-0.26871318746429557,1.2836933778475892,-0.29227378165302687,0.2196713089172741,-0.6225729495051918,0.3928067440925427,-0.0965379543819007,-0.8667942026819666,-0.5623312674119024,-0.2119969216077761,-0.27975510039702955,-0.21707238158772646,0.3036141828452974,-0.7400557785754698,0.28397070414450476,0.4691748323626358,0.22564433347329932,-0.23638146816684028,-0.07291723816689324,0.5413361823304659,-0.244
0.9081956643141154,0.7314031955683036,-0.4065392748578893,0.6265685165860057,0.7704871735804069,0.38593457382411395,-1.0837340844931564,-0.4024175640234823,-0.028905238832065146,1.8423358271733543,0.4344317190997894,0.675517428793189,-0.21707238158772646,-0.2890407525719363,-1.0004671616725436,0.23640072337823598,-0.6746534754825844,-0.6784863342138951,0.2775488303257431,0.22685630658230188,-0.4493744845377508,0.121
0.9110694636203206,1.0080878576487802,1.4714195460221156,0.318599478941378,0.03717493451836504,1.2407698805972303,-0.7345331535022283,-0.5204014905559612,-0.09557339143059261,-1.0917973172606028,-1.4863585332098177,1.0238463888288618,-0.21707238158772646,0.8219431276452022,0.5546355376038622,1.3302752321948867,-0.08886943638236297,-0.6362762407353274,0.6368322499088557,-0.37384286908224146,-0.4886483506294879,-0.058
0.9139421742613308,-0.4863065900544366,1.8160199952045553,-0.927927325419458,1.2729263211501511,-0.7249006613619775,1.7909302364698214,2.3774316962396385,0.028749520478028943,-0.707717768767239,0.8764664556609516,-1.520544935891622,-0.21707238158772646,0.4724758167959365,1.179237690758706,-0.7545688811659477,2.2086847557702196,2.2812528509985937,-1.7330410070648328,1.6885407031709614,1.6584491482206098,-0.347
0.9168137980662873,0.7936896226220223,-1.1445247807024475,0.32627284590519817,-0.5694723659241051,-0.44716075655477167,-0.36265368104459084,0.11773478830631334,1.1928089302870644,1.125682713641986,0.7704119024088644,0.6621912596904272,-0.21707238158772646,-0.5924875762408508,-1.3191408309818171,-0.633279239400534,-0.05964992575558209,0.5687494885906103,-0.73708721219871,-0.15991084283492682,-0.31874928127082847,0.074
0.9196843368588846,0.31852030104353085,-1.9163952019155908,-0.03479636198237904,-0.76995077488973,0.590526992259001,-0.384663863977241,-1.147062755136498,-0.07740080798958827,1.2008948582178716,-0.19436927085800562,0.11900451848688758,-0.21707238158772646,-0.5562677952775005,0.00424008704279858,-0.5587309571771304,-0.3326492977377069,-0.4708316968013703,-0.07729038434377186,-0.7056928164728972,-0.3879956102463157,-0.013
0.9225537924573927,0.39570154590999884,0.35492108794611915,0.662286680951085,-1.1369688581140887,-0.14020955831064377,-1.1783652720366622,-1.0878053151503204,0.11080233885673055,0.8709863555546424,-0.963148096607322,0.5741781764169084,-0.21707238158772646,-0.6148254079551938,-0.6684305318668088,0.2503883978170033,-1.083266141090141,-1.015999214386311,0.7508846048187087,-1.1327516660482209,-1.0349356571141457,0.036
0.92542216667468,-1.1469860000430865,0.6892711377801373,0.8996365616058204,0.3955741645531752,1.2919082495919678,0.9972896141847385,0.3984241321743828,0.2814355780002996,-1.062687430425135,-0.08781343900472281,-0.846363228369699,-0.21707238158772646,0.7233259027195164,4.76207440308067,0.3932286242705686,0.8145643064010604,0.5512482683889955,-0.5673584759184915,0.7976160833944914,0.394258193567718,-0.12
0.9282894613182386,-1.5153929220894782,-1.8461452961185343,-1.2120188357450803,-0.38857404911287513,0.05710294222065513,-2.0134839270305975,-1.4966123239272882,0.37920720252649187,1.8423358271733543,0.7572454316748224,-0.9279986644498146,-0.21707238158772646,-1.371036855969466,-0.8035056346469848,-1.9561719897572907,-1.4896361313821118,-1.4858181007114304,1.7348293993371904,-1.6167203095693483,-1.8181127752438195,-0.305
0.9311556781902032,0.3213812261616033,0.5281182643293252,0.07271290656969262,0.9780155757738378,-0.37407483001537545,0.10439074787121312,-0.04293724868932586,0.05304656425904123,-0.26591467136331043,-0.6408963049356118,0.2263845390804551,-0.21707238158772646,0.41295555635800363,-0.8982968773988976,-0.11233402930434948,-0.48616215343079855,-0.34341696103125813,0.2538883802828888,0.5161298589693017,-0.05518537694966995,0.278
0.9340208190873781,1.1540608360924185,0.14373825458697198,-0.8984726969271198,2.123469126758526,-0.052513846054962246,0.580431701209167,1.4574245451244672,2.0587461440811854,-0.4344367360971583,-0.31698452280159817,0.1995560618633473,-0.21707238158772646,0.8471211409932081,-0.1761822183762707,-0.11511641198144995,1.5243891202164608,1.4422370109684945,-1.6022101910988442,1.9159578823920285,0.32334209042328055,-0.221
0.9368848858012567,0.3699892311510308,0.2556563211142183,-1.6033989978341203,1.3092290473520802,-0.41792621143471803,-0.06494623775670873,0.3115861108359497,0.3700329877397959,-0.17296962663979337,-0.3689836263297685,-0.5991894415863114,-0.21707238158772646,-0.0886493714421456,-1.234174148343201,-0.8893520423733956,0.7768024496486808,0.7648847316728679,-0.42552900713149844,1.2420258266625308,0.6875940530833318,-0.033
0.9397478801180464,1.1764641713845054,-2.3084178778834143,-1.60630043762461,-1.6628773070820153,0.0424875525935375,-0.5790436415648023,-0.1891913435085859,1.5508716152572712,2.0558369007466415,1.7593553740904893,0.2880478910427908,-0.21707238158772646,-2.7862639079984484,-1.2419145124304634,-1.9938809069491252,-1.1466118765869429,-0.08233401241653879,0.0001164841932704177,0.0881973038380579,0.06165691783709807,0.013
0.942609803818688,1.4941635359298293,-0.9101785432347911,-0.8721791193417264,0.05650577800004476,1.2188532465866644,-0.3186819585160689,-1.995482014900737,-0.32813428159186764,1.0909633551592448,1.2302788705321102,1.2173090726970572,-0.21707238158772646,-1.162541255413538,-0.7400557785754698,0.12181217297163993,-2.5144735527379534,-2.244170398174896,1.3450221340555326,-0.5035864096230778,-1.7706146598365375,0.083
0.9454706586788822,-0.4688673569026599,-0.34901167057738763,0.7581667654546137,-1.2753299601764316,-0.9368745626917061,0.11737307563242753,0.282270040106192,-0.6820767298010457,-0.6553723255397355,-0.30538464941728793,-0.44472896407338247,-0.21707238158772646,0.4285067546248849,-2.0956982852144908,-0.3068091611176114,0.38702972971094707,0.018641527929185105,0.1097884124643368,-0.690847054849553,0.514158372509896,-0.145
0.9483304464691068,-2.043368759754588,-0.3554122705451637,-1.8934325400108478,0.8004519301740575,-1.7337208923123317,-2.193784938922316,-1.865156690135808,0.03178596140415528,0.06509424321618196,0.2093035397325264,-1.257974525125423,-0.21707238158772646,-2.024041607507374,-0.8904152026675984,-1.2290486930892601,-2.176670156551745,-1.5455914195666123,1.913623624886828,-1.4091277093449806,-1.8880946486137926,-0.327
0.9511891689546431,-0.3034694772237706,-0.13658134258864615,-0.4861109932324782,1.9872487059154265,1.4307092797128784,-0.12598719299284777,-0.8517660823886457,-1.2010906479735342,-0.14392910868146463,0.03219529293487509,0.12437767009771089,-0.21707238158772646,0.31145252285410135,-0.1271275970308359,0.5729029943612307,-1.2355333153119228,-1.6315263129077835,1.3644016907292096,0.5538329466736304,-0.6359751392488385,0.17
0.9540468278955947,-0.5502968160255075,-0.7041118083361041,0.43437330675400465,-0.27021920411391565,-0.8272313042814124,-1.1783652720366622,-0.9163752740125852,-0.8192106905849365,0.9694157339874522,1.0856783227532307,-0.1609758247450077,-0.21707238158772646,-0.1966046214966519,-0.05333260152979,-0.14849562580713607,-1.515349717065762,-1.4138657654399847,1.6443652949527443,-0.8920476992753683,-0.8495415601459045,-0.136
0.9569034250469115,-0.0058968013634411835,-1.5619536045786198,-0.53466586196636,-1.0203080599633532,0.13748658876051456,-1.2732514943581084,-1.0107218764096133,1.1959133457436821,1.432202545458875,-0.42637896312349116,0.26392570240542995,-0.21707238158772646,-1.1276316847464842,-1.234174148343201,-0.9689765593929145,-1.6152569515366666,-1.0630999395974918,1.2158337146764298,-1.572990896233075,-1.0082511827298857,-0.116
0.9597589621584098,1.1036001032688487,0.5281182643293252,0.87118665862436,-0.09819254218952181,1.072739420921097,-0.8728808610150505,0.22606076340777392,0.9110016250920798,-0.32401715759634847,1.4552500192067586,1.2834637137175857,-0.21707238158772646,-0.09402702988440423,0.6986110693283697,0.8235353810430701,0.1504635242170235,0.11490196263109737,-0.294420300852006,0.15283823852647424,-0.9285962836916534,-0.109
0.9626134409747946,1.3607393563198755,0.40805888571376014,-0.07888606831215435,0.7683466752945131,-0.286373630316001,1.2010422629981905,0.3783110463794625,-0.26784691557471985,-0.08585498502716817,-1.8534884410060597,1.1087062511693122,-0.21707238158772646,0.8068151825257418,-1.3114327147235527,0.5813367072782741,0.5162711973421685,0.12229582968442636,-1.2438649611253931,1.2282453563152111,0.7665929804679985,0.046
0.96546686323568,0.33854298174055,-0.48932545355861684,0.14388474626281186,0.4963299945617542,0.0717182760010155,-0.10853342124283895,-1.4308925323240276,-0.848957443179243,-0.05101495351610499,-1.1745041410260222,0.4406197739324212,-0.21707238158772646,0.18550999964265788,1.1705698542162324,0.05203818989732327,-1.3646679287161845,-1.6392051152487561,1.7003660746976945,-0.7999303114791341,-0.5224440629385767,-0.075
0.9683192306756127,-1.6307435064818652,-0.476612923631051,-0.038479383516305074,1.125519738038224,-1.7775895356890197,-1.4092395930200687,-0.6648990983584793,0.3975606423826448,0.6392710121197385,-2.281106442638187,-0.9606729782745259,-0.21707238158772646,0.9048644804436831,-0.6365141922647826,0.47458545784787237,0.1428124275001805,-0.532425482980762,1.2998044741478387,-0.6241542182059667,-1.0825381902981195,-0.217
0.9711705450240916,-0.4746798293779159,0.7567797081268816,-1.5037556050493819,2.0170535584750295,-2.1212480477913167,1.176179791989876,1.75053808039469,-1.0949314864332944,1.1025368982995465,0.05640414553313723,-1.813955072502681,-0.21707238158772646,0.4310969576179672,1.1619051091776105,-1.1552539570534883,1.9926981707679983,1.9552390383881493,-1.4112653175638077,2.003302644180808,1.9442406398648875,-0.185
0.9740208080055874,-0.2224068637918147,-0.6537995125415258,-1.7661065715114104,1.7188359439528702,-0.6956638743625476,0.1389962914251089,-0.3359930860466361,-0.499486646866822,0.6914211045971674,0.3273800095866015,-0.6833132353354724,-0.21707238158772646,-1.6645025600138579,0.103295121986292,-0.7215141516669672,-1.1735761300595153,-0.4708316968013703,0.3506850619160067,1.2351364387736896,0.06429254137552445,0.183
0.9768700213395677,-0.6347577000941966,0.12405227505454823,-0.06421533432555594,-0.6880094531397007,-0.5860280433036265,1.9243769962653483,0.05960231968710771,-1.018059510941336,-2.1352696516418734,-0.9094260037410276,-0.7376299765120808,-0.21707238158772646,0.6622998045036855,0.8178550140557213,-0.18463686331968399,0.46309466573215446,0.16219565569951208,0.3463827673537331,-0.23506399830850472,0.8257517189631709,-0.261
0.9797181867405133,0.5781093531906208,0.045501369308834354,1.4335684691420738,0.8411117735372604,0.5393798762318956,0.07407424397956312,-0.1124032855232093,-0.691035044993967,-0.11489089248297006,-2.5212581020787437,0.8910775462472873,-0.21707238158772646,0.7258630246619224,-0.5484815289740049,1.2309171712351183,0.13516005056649066,-0.32994851013054255,0.24528473569686013,0.4594745162419008,-0.047164681456151575,-0.008
0.9825653059179429,1.6796136851708698,-0.03274043162448193,-0.9799623490337795,0.26902491329944894,0.5393798762318956,-0.30111150671471926,-0.794822558561884,-0.1258448673554105,0.38999818696093713,-0.09972033447387767,1.855706219472528,-0.21707238158772646,-0.36563840220795785,0.08675448347286377,0.7445886880804782,-0.6762154103906505,-0.6965881761199834,-0.00633436295083321,0.11934100529634828,-1.0230677071233383,0.026
0.9854113805764303,-0.8625350463268513,-0.5400889442153286,-0.12274317931811182,0.5284760018658844,-0.32291554427556407,-1.101739264908568,-0.6025825630001416,2.292026793791022,0.27399560488772545,0.8100312865319089,-0.0800987581575781,-0.21707238158772646,-0.38485552043100063,-1.4649812472378567,-0.3206774669350716,-0.7684951675510009,-0.5685202773688575,1.000553792164969,-1.004569086732444,-1.7422003837406246,-0.049
0.9882564124156272,0.14079558016312071,-0.9225911873407617,-0.9896720343641114,0.5863265613441138,0.3055560772789938,-0.35385413984383823,0.8383664010917697,-0.44244684581712507,0.7088026555659297,-0.4092022692044605,-0.7783894845034721,-0.21707238158772646,-0.4537116074590589,-0.6524787352993411,-1.2017285486035794,0.5299361207522775,1.008323641328394,-0.6554506644266233,1.1385063022101216,1.0923502673582377,-0.004
0.991100403130283,-0.1385809672350576,-0.41292042254283196,0.8671287484354154,-0.7246630489323187,1.978564455967495,-1.4092395930200687,-1.1805951987504752,0.037859434835957204,1.0851764249803706,1.2441742726197076,0.07869219057396182,-0.21707238158772646,-0.1668321378443367,0.20280297298073488,0.3820145875342187,-1.4190641453940067,-1.5946818077715552,1.764985619186529,-1.3479857250378424,-1.3725147791358572,-0.167
0.9939433544102643,0.5525051040687804,1.1043723296248018,0.5594537377274917,0.13166390013453735,0.013256605521366855,0.6271100198293279,-0.9815636051805797,-2.023306475936665,0.16956034362783176,0.020116934948059863,0.5394771193650626,-0.21707238158772646,0.06905598868985356,-0.24141142430381596,0.7389529986703158,-0.8735960823019409,-0.8477072713379203,0.7272122768049349,0.2554517654046424,0.7308121978960043,0.273
0.9967852679405766,-2.246053403077194,0.11093900795545292,-2.043614242748705,3.504844171581908,-1.9530700885409318,-0.7345331535022283,-0.24747056237736434,0.241770887496034,-0.7251678171165015,-0.9309579300781753,-1.6219169616499427,-0.21707238158772646,-1.0205784990239515,0.6561718082167906,-1.3000189017550154,-0.8045368593007052,-0.2940540868939694,0.918758912134698,1.4957571393129645,-0.10078505599594771,0.166
0.999626145401383,0.6065402036183747,0.6286951678883174,0.27269406022947323,0.25400549451437604,-0.5129393372795252,0.07840726046873805,-0.40909984632313495,0.7413598395473628,-2.1819640768138084,-0.4092022692044605,0.9149920290493148,-0.21707238158772646,0.0743705666950436,0.8434865885046907,0.4633580836891547,-0.6278277485414572,-0.3898415573934236,0.3055119848622741,-0.4888639525424432,-0.5111652666065987,0.104
1.0024659884680236,0.3928453557865312,0.40140918758820887,-0.8225955681283799,1.4138337685296034,-0.3960004553845068,1.1512934034138722,-0.14427074549321342,1.760438208537921,-1.1907865719564934,-0.3285681654958808,0.8937350645730129,-0.21707238158772646,0.7004715782906158,0.7922514143214991,0.6404012923633661,0.7616903455454942,0.5191352860838432,-0.4685105174629671,0.9767051251260158,-0.3768802167146048,0.073
1.0053047988110384,0.46419464080440026,0.14373825458697198,-0.16999235677144148,0.43845487174730896,1.649859629465643,0.026365339694045562,-1.0878053151503204,-0.48748479032853137,0.9694157339874522,-0.8553430157420794,1.2331907327437115,-0.21707238158772646,-0.15602179910939756,-0.23326884011528992,0.5279404896080429,-1.0153210837135438,-1.1254602240807856,1.1856919327582693,-0.2934027280414121,-0.7364173062363353,0.185
1.008142578096185,2.2745495586367226,0.8788301510171888,0.7421229858021454,0.7811893477672448,-0.4398520984193956,1.7666006474662648,-0.7137702793411287,-0.2708632736741369,-0.34144966824693596,0.026153945781303888,2.270320296708728,-0.21707238158772646,0.8143811407653402,-0.46006401563212196,2.253305544264494,-0.01508987365715276,-0.28359079066468856,-0.4470200721941204,0.6149868109940355,-0.32150883971813,0.188
1.010979327984456,-0.37014865127161145,-1.5738966634668923,-0.7256883509918287,-0.5888643409769264,0.7220451489779481,0.4697369878990377,0.1932142674856322,-1.1215019011646077,2.11351196908983,-0.2995786147322889,-0.7756716032492661,-0.21707238158772646,-0.7552895229047354,-0.9140506226521451,-1.5096678975425537,-0.6106738410728083,-0.44531831335678906,0.36359206727225163,-0.5011320505872865,0.39929626209782004,-0.06
1.0138150501321035,1.1932570281491184,-1.6334794408451865,-1.5888667080815615,-0.2637655237791568,0.8535590237662165,0.8297264700345068,0.5060218913071202,1.4978084218202738,1.1951099493271913,2.542986705241685,0.5981922340370417,-0.21707238158772646,-2.562600295706391,-1.296006801680861,-2.2463366392891584,-0.9821941199393318,0.3080953402590111,-0.34170799990984796,0.14327204653103576,0.4519747476333267,0.109
1.0166497461906534,0.9461511160780851,-2.325474920888995,-1.912495396611872,1.3540655461970215,0.8535590237662165,-0.13908458067814827,-0.18597089244415452,0.6275343816124359,2.0846759366990706,1.2511301372676065,0.507430443910266,-0.21707238158772646,-2.5821676509209013,-0.24141142430381596,-1.6833072293809501,-1.28966163224013,0.21237418892177734,-0.33955862198898673,0.5632503703930793,-0.0018635565667112306,0.397
1.0194834178069294,-0.2629226784738466,-2.0443549632777605,-0.9377159562061516,0.894600010587351,1.5841156950531243,-1.9627730503349405,0.7343112348649785,1.926697376399004,1.6922125479371437,0.8498316613280665,-0.21224391125504766,-0.21707238158772646,-1.5019618835649073,1.3794502594037492,-1.6345281651956187,-0.0028054756529534122,0.6691722818972639,-0.45561632488474585,0.8605474870592007,-0.24730296953366918,-0.161
1.0223160666230693,-0.9914044582948595,0.11093900795545292,0.5988771177191787,0.8068724110704711,-0.33753241078410673,-1.3411818113893197,-1.076745282320618,-0.1016293053592954,0.25079045203559786,-0.08781343900472281,0.08138042708944436,-0.21707238158772646,0.5368893172041149,-2.249772906381185,0.2252126849357179,-0.7982659385887446,-1.3007643417131605,1.9696367974198417,-0.710643444416999,-1.2750292252223057,0.177
1.0251476942765445,-0.03471145472938002,-0.2848868961002641,-2.093360730616823,2.3063939927743258,-0.8053030612515139,0.6398244021553119,-0.017896135555955307,-0.7328133892618266,0.12893828337068836,0.2712446431532963,-0.1609758247450077,-0.21707238158772646,-1.543902806467436,0.9548797351715311,-1.2126581959963199,-1.1751630616137192,-0.2761186505979718,0.26679400272076786,1.6229125388963317,0.10372036631084731,0.247
1.0279783024001794,-1.350096584798491,-0.09770553516281079,0.6981340845656657,-0.9879153667292401,-1.2585147110553965,-1.627868712690727,-0.14746751838179384,0.4802332874544067,-0.06843455167115776,-0.4034687401929017,-0.8545235066850297,-0.21707238158772646,0.5933326157055041,-1.910390191844668,0.1748896707993627,0.3245683183932457,-0.049635532739881895,0.5787352309059499,-1.3479857250378424,-0.5932429619390982,-0.147
1.0308078926221713,-0.32955151599783594,0.5013786969036482,0.8468630598320593,-1.0375864808879685,0.75127082293799,-0.20903895893506969,-1.5355095264886973,0.113844067382825,-0.8357028811106153,1.0108700577773184,0.140494529578855,-0.21707238158772646,-0.36838203791983076,1.2486916287657486,0.07156745842410636,-1.9844772930991024,-1.9718489933855505,1.4010084303442627,-1.1327516660482209,-1.467736258481534,-0.254
1.0336364665661062,-0.30636685580801265,-0.6915467687557887,0.28414874833233783,-1.253704083336577,-0.41061761154890736,-0.6500302112888738,-0.40909984632313495,-0.4484547217900993,0.29139845895510513,0.5428379182151606,-0.5747819191401273,-0.21707238158772646,-0.9258314567411587,-1.4037169853558942,-1.447129372254116,-0.49082374626121295,0.14151257393708258,0.21517263561820044,-0.3762845364702268,0.680361300036611,-0.204
1.0364640258509819,-0.4746798293779159,-0.64750070225115,0.5045295030844412,-2.1751646354897756,-0.5129393372795252,-0.021426928993204527,0.9666524438328086,0.4986231254504365,1.0273013250387675,0.13556655998500516,-0.4690982479128034,-0.21707238158772646,0.018465629437127734,1.0926984916140416,-0.5946359653874576,0.3062716528430059,0.2536418378642484,-0.35460414086191433,-1.3810837719479148,0.16118547686589652,-0.369
1.0392905720912222,0.5211899736060805,-0.5337510903501989,1.323014575163429,-1.2774926902483836,0.06441061608735046,-1.0342682028311565,-0.8267968690298704,0.9233595028216725,1.9173680908844912,0.6656350156095966,0.38712490582265485,-0.21707238158772646,-0.7439977349708085,1.1532434560474631,-0.36226403548513725,-0.3357445507169194,-0.3598843200503272,0.20656936656601632,-0.9644996966429752,-0.7018645601694489,-0.336
1.042116106896699,-0.5939679524065417,0.9264797698501794,-0.4861109932324782,-0.27021920411391565,-0.36676631722225006,0.9638675929775953,0.8306668993388762,-1.321589605962522,-0.7251678171165015,0.1478115322146137,-0.8681255910966598,-0.21707238158772646,-0.1290331635943764,0.47877825711140204,-0.41213147766598335,0.7677356941945649,1.004024004760646,-0.8122701607409447,0.36240596792545177,1.255489147416032,-0.051
1.0449406318727488,0.8587013814029527,1.2352743118084115,0.5241093277659591,0.09516197361222657,-0.16213380526131663,0.7117431047764206,0.6838305948293163,0.32418706844266504,-0.48675202958994135,-0.04001577728515585,0.4780415911066143,-0.21707238158772646,0.6546532117988155,0.7156085756658812,1.549325117624031,1.868132302701011,1.5331992971206811,-1.417702783471812,1.3703188121010208,0.6124477793013988,-0.231
1.0477641486201912,-0.44852848153835007,-0.07174529851292812,0.26506562851851717,-0.8562431099658216,-0.24983207588097545,0.03938515431288421,-0.05235783278924861,0.6982623229449643,0.23338557895268458,-0.3977312215363586,-0.447436301435903,-0.21707238158772646,0.21710203983789006,-2.139867448809305,-0.19297425117803405,0.3504767070221491,0.15037826452363284,0.24098294457793165,-0.4937704527363472,-0.5196230936629583,-0.305
1.0505866587353472,-0.054891600348115646,-0.5020293224269939,-0.4826305755559286,-0.24655673568025419,0.005948833740493869,-0.6056448693091373,-0.780658349432963,0.06823860556255318,0.22758376283028695,-0.1294135899500229,0.2880478910427908,-0.21707238158772646,-0.7948865613021151,-0.5003014638264168,-0.4813255618061705,-0.4706277032281889,0.058658009928593706,-0.35890280620999926,0.16240088172061393,-0.16559110299651167,-0.157
1.0534081638100585,-0.8625350463268513,0.2622590033296208,0.19291596815866524,-0.8950875727881004,0.5686068799755919,-1.3004082560656562,-2.57799735320099,0.6306075561065342,-0.36469427854803105,-1.5859687095643338,-0.8817296952087363,-0.21707238158772646,0.6010121208898147,0.2527264684791365,0.14694885495227947,-1.7545293832087014,-2.3931711637995923,2.2820633082353114,-2.174847282074766,-1.6104424471154664,-0.495
1.0562286654317035,-0.8771657119419868,0.8720315405632807,0.2080571663691772,1.8317770016947938,0.13748658876051456,-1.0567438836599248,-1.4733587801039592,0.40367993741243513,-0.30658546033019557,0.3273800095866015,-0.664310357696078,-0.21707238158772646,0.5008538000123992,0.18618691768313647,0.3455817278416902,-0.49548592157132926,-0.8219833718863253,0.8584931461897655,0.48073448534408814,-0.925657609197266,0.213
1.0590481651832166,-0.7602193076332996,-0.2720360385115573,0.8064510319536571,0.24327667261822433,0.17402405454588932,-0.9400317197706305,-1.080430178848771,-0.09860144939525495,0.8362394509804612,-1.0536583365301055,-0.32569665968781014,-0.21707238158772646,0.4905411060675926,0.00424008704279858,0.17209506086266363,-0.8327707388602743,-1.280918917244787,1.3277961428264144,-0.8721000565474811,-0.8787509117960318,0.016
1.0618666646431063,-0.052008225539465866,0.34828847446277045,0.9118532282678259,0.4170156108186648,0.590526992259001,1.0390045879544416,-0.6788263537792134,-0.5983678015202419,-1.3131005260447952,-0.5173872035505483,0.40050253378828765,-0.21707238158772646,0.8042923129428821,-1.2728437382244617,1.0495774775841418,-0.2260099552925184,-0.7131877101702399,0.8176005473904072,-0.07532968420157812,-0.04983736849181368,-0.021
1.0646841653854713,-0.439814101356981,-0.13658134258864615,0.6463959815939886,-0.0917444155357773,0.3932416282141095,0.25115260328364875,1.0107514051436621,0.08951568989395932,0.47117681866268996,1.0447950322143011,-0.26624807932859657,-0.21707238158772646,0.837055209916514,-0.7162094053727551,-0.1457146865588155,1.1697880665547378,0.913545335484604,-0.8852969329131491,0.6267311279559025,0.6270625599799468,-0.246
1.0675006689800206,-0.8040476172573123,0.8516484306691338,0.8915000667513596,0.13381087001294514,0.5320730917846537,-1.205449732797917,-0.3757608357695231,-0.5294759782261572,-1.365531900055881,-0.20024930375216665,-0.4149542375458316,-0.21707238158772646,0.19078030463320056,-0.7162094053727551,0.24199544312564208,-0.22755344203278094,-0.39583555987636954,0.24528473569686013,0.025796103598144365,-0.7653029995280841,-0.309
1.070316176992089,0.5297327501778623,-0.34901167057738763,0.4499187588130295,1.4458460080764703,1.2992136802733096,0.7032934243810193,1.146320376955248,-0.3913451337003335,0.25659188443339287,1.1404858352604101,0.11363093564832223,-0.21707238158772646,0.9023586905299124,0.21943158552990258,0.6910677877113647,1.5184209581057044,1.2774604249253831,-1.6343849299326132,1.9965929777085685,1.0178438302144128,-0.064
1.073130690982656,-1.3235685859780872,0.4280207869285332,-0.7122137917476498,2.7376409914512236,-0.6810455703897691,-0.9803867554124154,-0.5750735317802094,-1.0150995720956826,0.17536311484650335,1.0720294718574528,-0.7430634960594007,-0.21707238158772646,0.045115155999542036,1.3794502594037492,0.5447980117025347,-0.37910377832939113,-0.6815028180635128,0.9445881783599919,1.2282453563152111,-0.17915551726471898,-0.049
1.075944212508361,0.9236029020774278,0.29530450035588085,-0.7726431135389438,0.4298794293368414,0.7585772084471218,-1.0477518463833453,-1.4501688538326944,1.2052275734404976,-0.5797747516069148,1.004100740951464,0.9495226037347443,-0.21707238158772646,-1.3355607816045938,1.058169453546406,-0.04552087737727927,-1.623332577307895,-0.7705766708581441,0.35498737676972913,-0.024716482742277997,-1.3847582506000566,-0.067
1.0787567431215237,0.2870382473313683,0.05857173160120435,-0.23855692609882334,2.8819316267967863,-0.4325434548605467,-0.14345171862716438,1.6735690481912822,0.7783278933278897,-0.27753444301692476,1.2302788705321102,0.05180399280913631,-0.21707238158772646,0.2722169784720493,-0.596547093361037,0.43810320203953457,1.2462680853225572,1.5694757112152724,-1.4606172595170486,2.631790985468086,0.44697518491457416,-0.325
1.08156828437016,-2.601996096515535,0.7635422485908688,0.05035837265933789,0.4920434917925306,-2.6770318477742694,-0.7523515671345634,-0.6267474978288226,-0.05922098107264381,-0.4576870862300601,-0.0039878455597874216,-1.6027312674869985,-0.21707238158772646,0.22236044312529324,-0.25768710256181676,0.23640072337823598,-0.3264595206595315,-0.5489652994223735,1.4397697976293764,-0.9670020274799535,-0.4942724915638507,-0.366
1.0843788377979973,-0.7865124427110913,-0.00017727050105095934,0.11384682198943806,0.26687934855707723,-0.32291554427556407,-0.45079105600030595,-1.04366138726489,-1.056516375388199,0.09411567795090386,-0.7899615080564667,0.30948241483207695,-0.21707238158772646,0.8571800552389257,0.6392179144713103,0.5616596356100451,-0.32491222802764297,-1.3741014032283407,1.1856919327582693,-0.9394910440070774,-0.427007136353143,-0.081
1.0871884049444935,-0.41948588685785737,0.2556563211142183,1.1425211009364271,-1.9361935098012326,-0.8930168495746063,-0.7211757861936245,-0.6475304819282427,0.3058604881205332,-0.7251678171165015,-1.2316575210217326,0.1915053517957092,-0.21707238158772646,0.010460757158253408,0.19449337545799336,0.03530343759616526,-0.6840261360830574,-0.6407968976804185,0.3958603761410842,-1.9592693800182808,-1.0765764473189912,-0.312
1.0899969873448556,0.7143990362550211,0.14373825458697198,0.05408010009088583,0.29476996309580067,-1.0172817973731458,-0.08673137499781483,-0.13788266758599937,-1.3714232684189938,0.21597984330569897,0.6591283158301081,1.6899219692041916,-0.21707238158772646,-0.5534857028282234,1.1532434560474631,1.4439884684848179,-0.8704538453046256,-0.48584658327575353,0.3420804931027747,-0.18412918138420145,-0.07929484358851505,0.073
1.0928045865300513,0.40712446635328914,-0.2012021089659902,0.5123566353257439,1.3882207395745099,0.510152657887825,-0.7300800834841876,-0.3293905007864746,0.5139529969969887,-0.16716133924108023,-0.8281649596057681,0.3228754713764062,-0.21707238158772646,0.8471211409932081,-1.5107935041704512,-0.1457146865588155,0.3230438622742955,-0.2686478831164026,0.16785569674893097,0.47837311059112964,-0.7076150003774003,-0.081
1.0956112040268318,-1.491754779247264,0.8516484306691338,-0.04584058426750578,-0.18848806547632732,0.5393798762318956,-0.402283635624313,1.2556505487956084,1.348228705906426,0.1115274063096804,0.4980342621077779,-1.9705663375456208,-0.21707238158772646,0.1088658310375652,1.5724835290119092,-0.875612731703429,1.0691641061567543,1.362135844899676,-0.7027151018756179,0.4594745162419008,0.5240541825755316,-0.455
1.0984168413577433,1.2938423587805874,-0.019721613261197105,0.5358764107436812,0.7148273307566337,-1.207342675975613,1.9364781978374703,1.3755860993800562,1.2487133805866262,-0.3763171239244929,0.7375330489523084,0.5421470262554294,-0.21707238158772646,0.6801259697227717,-0.1434917700123177,0.5897714427593536,1.327141544545193,1.6056923039232984,-1.986020050937926,1.083138146735522,1.0201173399753998,0.033
1.1012215000411487,0.6888793074887687,0.09128519057175107,-0.13731049640634024,0.856089801487137,0.5832203015318983,-0.39787772564885043,-1.1694017159137498,0.8801188843485057,0.1405450610159668,0.1969693793232852,1.0105792206071023,-0.21707238158772646,0.7233259027195164,1.704950179861774,1.2905161557378007,0.12444456583997694,-0.5158918407889063,0.23883205682110722,0.04020990427696101,-1.046816690214828,0.088
1.1040251815912387,-1.1616830398368512,-0.6222837527470984,0.22701982478602864,0.38270824601197373,-0.5494835062974346,-0.21341676551479333,-0.8517660823886457,-0.016773351994346278,0.3841989799753334,0.6072502008748094,-1.151496897688497,-0.21707238158772646,-0.21015900371701204,0.622276489023466,-0.5338612875998032,-0.019697413976781774,0.17843795352598094,0.08613248932378051,0.1360950704069834,0.47940655333431376,-0.056
1.1068278875180524,1.2100416173621864,-0.38099306361750396,0.2460226497586135,0.1552793350674004,0.6928192635682787,1.3414849261979465,0.5505223420867403,-2.8821041540626076,0.6972150558758504,0.0746065637681334,1.5634222726355207,-0.21707238158772646,0.12475789281781575,2.669822369561359,0.896921339561333,0.3230438622742955,0.10454793578828696,-0.31376561853412055,0.9929279873509931,1.227227627717069,0.035
1.109629619327492,0.6292709078725499,-0.7103910684783284,-0.4267225954699913,-0.1282865334442569,-0.27906529070377284,1.3002559285254844,0.7051682139161476,-1.8624502174202144,0.9983598363749528,-0.022021144998882903,0.46200612693569704,-0.21707238158772646,-0.018930150787355174,0.7241119989941083,0.39603242175348885,0.5678750365993869,0.6401013815667361,-0.63826280434354,1.0207163808798914,1.5649867819608647,0.021
1.112430378521339,-2.013607039604755,-0.6726829146666351,0.002122603830392992,-0.3197044098659086,-1.4047247819044024,-1.7743238361183182,-1.893511962534406,0.18995017459088662,1.1777545806090999,0.05640414553313723,-1.8496549582346145,-0.21707238158772646,-0.8772874161095157,0.47877825711140204,-1.1005292411138954,-1.7626503002598701,-1.5824053816358943,1.9610192224495777,-2.2808143464042363,-1.0201027650124828,-0.258
1.1152301665972704,-0.5619391835608412,-0.2012021089659902,0.5515882354199346,-0.28958150624371826,-1.1634815417188864,-0.3890678393984128,-0.3195002224021364,-0.8400358825897987,-0.44024918970861515,-0.3401356141489251,-0.22034208237485864,-0.21707238158772646,0.46731007122542795,0.42834734779959527,-0.02602073170332729,-0.36051535982174004,-0.41982003786046285,0.35498737676972913,-0.2909692163180882,0.0007932892236644369,0.06
1.1180289850488747,1.5191271384925382,-0.8666655998432389,-0.7458511054530623,0.22181736229445853,1.6571644494860929,1.6934868650115777,0.9691185509906144,-0.240690320509771,-0.17296962663979337,1.017644591948637,0.7900254835149926,-0.21707238158772646,-0.24546342197019952,-0.9297915591101754,-0.49792063397579334,0.9276945479117006,0.9882516797281731,-1.767351415081938,1.5957123196153191,1.1303122646421846,0.005
1.1208268353656698,-0.2224068637918147,-0.8043190292696648,-0.10814999767925913,-0.2852786088417751,-1.4339675582686056,-0.8907745606432222,-1.0730621670593004,0.8122373034541551,0.314600913814359,-0.6073966568397492,0.40317774508241333,-0.21707238158772646,0.1459191163383969,0.5715270561526774,0.309168426205486,-1.1704025344245894,-1.5486583694658487,1.5194500695223654,-1.3938266978008171,-1.8244591534691688,-0.221
1.123623719033116,0.7540641486210944,-0.8791087696142426,-0.4407386310898708,0.3719860443723345,0.45169757534475147,-0.2396975100165684,0.553287772262091,1.1617737899465768,1.235602059099498,0.09893775398910802,0.09213230785161532,-0.21707238158772646,-0.21829808549248833,-0.13531126221548795,-0.6718978974958064,0.7722692618599711,0.9581106416543668,-1.039914682307939,0.9697495378674461,0.47442724109235507,-0.201
1.126419637532633,0.7823721292142627,-0.15599018684194388,0.32627284590519817,0.34625052094895653,-0.45446942927612216,-0.5214852556859754,0.5670869338133667,1.9706847885848016,-0.08585498502716817,0.8764664556609516,0.6115299582116812,-0.21707238158772646,0.30622744894134485,-0.6205369064947746,-0.09563721201521704,0.6376097334653433,0.6401013815667361,-1.0764161065914999,0.643164517543132,-0.3546905131720377,-0.162
1.1292145923416161,1.4997124375354671,-3.050513693347024,-1.8191298529044826,-0.39287920294498774,1.2480753998847567,-0.24407994738701067,0.449726009059374,-0.6492121265939714,3.275821685394271,0.9770755175346517,1.3812823620579011,-0.21707238158772646,-3.0108503951846495,-1.4573345386894458,-1.4090273267775033,-0.745010550009253,0.8270546201919996,-1.396244267458093,0.6079377437800298,0.5708566462185103,0.36
1.1320085849334525,-1.6129849589208163,0.006341806924204344,-0.8951917468087124,0.5220471901804348,-1.6606078024653408,0.2898636809457862,1.722634584966012,0.5569007501334686,0.2855976039661837,-0.022021144998882903,-2.5741488371146017,-0.21707238158772646,-0.13442664704882928,0.7241119989941083,-1.6914327101410411,1.8414103756662012,1.8934237218400776,-0.6468567868890758,0.888470360694123,1.5020512831583985,-0.469
1.1348016167775359,0.12930634835684904,-1.009235262596394,-0.18447556626144007,-0.670763138649334,-0.286373630316001,-0.2835515182353979,0.6918462751632628,-0.2768953636020055,1.050452628017457,0.9299807533871689,0.33626583592432024,-0.21707238158772646,-0.38760304840793247,-0.31455228280078684,0.07156745842410636,0.5268997887169911,0.44162903752281135,-0.6575991173722814,0.17434920336117254,0.5191081290008089,-0.037
1.1375936893392806,-0.25713280180348475,-0.26560737335377316,0.020642577220139645,-0.2852786088417751,-0.0817455238990185,0.1476406667642405,1.2933127940614617,-0.798374037628068,0.24498892361582558,-0.5286926415856052,-1.146039575667473,-0.21707238158772646,0.4698931795627111,0.15299249277378568,-1.8887651566267307,0.8960413083942824,0.7677796977681772,-0.3975897020126496,0.6267311279559025,1.4856451014848624,-0.142
1.14038480408014,1.2212267755721062,0.7095013983089793,0.2156374089305895,1.3540655461970215,0.9120082720859752,1.6161050153447882,1.6849720078721786,0.16862831415003685,0.19857324672257434,1.5339098688966537,0.10825692237599566,-0.21707238158772646,0.6801259697227717,0.05371095511795317,0.6291470427504486,1.5914928412622456,1.6251692486675022,-1.4520346389019312,2.2105550945333685,1.6090304581234076,0.212
1.1431749624576195,1.560696519148338,-0.11067274576260111,0.5045295030844412,-0.012234454759546183,0.10094877629810918,0.13034910775448186,-0.14746751838179384,-0.11979219274385734,0.2391872992346795,0.3461742725513129,1.8425587281921398,-0.21707238158772646,0.09030210315441461,0.11984833870987839,0.7445886880804782,-0.1689416800581785,-0.22235994899672948,-0.4599144139683488,0.020989693768912413,-0.887529830821682,0.355
1.1459641659252946,0.16663622775217293,0.892433731419459,-0.4477368910270777,-0.2551609432536794,0.2617125643463454,1.2051836933437037,0.7606075280826732,-1.8134339352944875,0.3204012859483323,-0.5737590315484229,-0.3770751057375676,-0.21707238158772646,0.8169022440414901,-0.8746422513797585,0.8009702367991675,0.94728046615997,0.50891014109652,-0.6060344390853074,0.9256564964547082,1.5468201168788631,-0.167
1.1487524159328226,-0.08084940122309406,-0.8728882745130477,-0.9442334908521433,0.48132685501801403,0.1228715054366405,0.9094608605969162,0.8537144086881552,0.19299692254417408,0.29719921749565065,-0.2119969216077761,-0.45826655391118054,-0.21707238158772646,0.10356443855015374,0.5377565042285051,-1.0539720070330376,0.7647131044677209,0.8429340349602218,-0.9411354383771334,1.0392264263136484,1.2075620454491431,-0.266
1.1515397139259593,-0.40497032358909113,-0.6537995125415258,-1.7238172861769787,-0.4079479859953504,0.7001257547712874,-0.17404042530626324,-0.2997686397911126,0.08647551998140056,0.5813169415947472,0.5621111171306479,-0.13400685218525443,-0.21707238158772646,-1.903042198595689,-0.8509588270271854,-1.6074093475115527,-1.0390053352544724,-0.14036864960952258,0.13774624948611994,-0.31044398765183395,-0.03915189148053974,-0.065
1.154326061346576,-0.22819293029110096,-0.9411937917900839,-0.001576552561673847,-0.6664518031884745,0.8973960382579482,-0.33626284553742053,0.407016208204188,1.4759720283175017,0.7435630268526445,1.4623724846514299,-0.3527337669239838,-0.21707238158772646,-0.7920542792778031,0.9892600491629125,-0.7931096224878613,0.3337140423805881,0.6560941780087853,-0.5415733447414696,-0.0898091937540119,-0.22270750835383196,-0.154
1.1571114596326708,-1.1587433650216155,0.4746732355594713,-0.4512335811295891,-1.1348077994575492,-2.538076298501324,-0.9848736203657295,0.2468469447334066,-0.9469538000851065,0.19277085682286818,-0.5961994911443934,-0.7593660546263962,-0.21707238158772646,-0.5562677952775005,-0.09436137134422405,-0.15683772063694817,-0.6231485900513493,-0.28359079066468856,0.425978483914365,-1.7018547616440778,-0.14122997619322322,-0.229
1.1598959102183868,-0.9767467023400153,-0.29130908807844114,-0.3385332585131079,0.2861886338947125,-1.3827928670281462,-0.01707874972268405,0.9518159039502351,1.5946045226008134,1.0678150008921552,-1.2109220624286006,-1.482212651632313,-0.21707238158772646,-0.3985987360017032,-0.10255766161580311,-1.3954130370256075,0.5906249298605564,0.8313863705567458,-0.14179055013006253,0.40743348609651775,0.2594224743138235,-0.569
1.1626794145340247,-0.4688673569026599,-1.7460775132734403,-0.7223221649821739,-0.022977217735416326,-0.6445000709450284,0.4697369878990377,0.46104470143125836,-2.3961908708511044,0.9288896166656531,1.2859913725985468,-0.6453116525165999,-0.21707238158772646,-1.3267070255537425,-0.6764016490578405,-1.7185086168648613,-0.47218085872951293,0.21679815133639765,0.2280776961679003,0.40743348609651775,1.697496801700863,-0.039
1.165461974006059,0.2268761392949422,-0.5780705499227518,-1.1901483268836608,-0.9857560550321968,1.401488386918317,-0.8505272871629127,-1.5238218264844265,-0.4033746461351992,0.7725272130322483,1.3490878171204135,0.5501561504608408,-0.21707238158772646,-1.561919874163986,-0.8667509757758567,-0.5642561787246919,-1.8700798655030388,-1.1680902804712023,1.2115276948431548,-1.1327516660482209,-0.3380842289736987,0.301
1.1682435900571522,-1.4149867427581149,0.17001623202747415,-0.7960001408576173,1.9297573694097558,-0.67373644075054,-0.42432283698433765,-0.5922531678526227,0.6398281483693448,0.04768025246359759,1.0108700577773184,-1.2607062047415483,-0.21707238158772646,-0.5368052363508821,-0.02867750087803724,-0.3594924551482252,-0.2429915257921282,-0.03032708558138675,0.3442316276880967,0.7625910133420457,-0.15746289155985585,-0.071
1.1710242641061674,1.4719596877635195,-0.019721613261197105,-0.049518763271780335,0.5049027398202017,2.7600549173771443,0.3713948811925434,-0.738337884192509,0.963541396100437,-0.7251678171165015,0.472536645676297,2.1104382114495346,-0.21707238158772646,-0.46199795939094895,-1.3806895292449264,0.651657351637937,-0.6871509177967361,-0.5760436989547947,0.28615278528071797,0.49017787758521325,-1.0825381902981195,0.476
1.1738039975681884,0.2010684961756768,0.10438559083966467,0.34548433192766925,0.13381087001294514,1.7448213329090405,0.5294050345241592,-1.04733024738264,-1.8969972899010137,-0.6437409651604323,0.14168682942827338,0.6301986954364758,-0.21707238158772646,0.15912857284098392,-0.1761822183762707,0.5476079976501269,-0.9066081601254448,-1.4659073544921088,1.157703883514357,-0.3177509671212373,0.2517141489281557,0.035
1.1765827918545273,-1.017797064394301,0.54150083357623,-0.038479383516305074,-0.5888643409769264,-0.8857072839333695,0.3713948811925434,0.372547766655674,-0.9617790034180566,-0.7833402809413975,0.3273800095866015,-1.0206053518719582,-0.21707238158772646,0.746143865181914,1.5724835290119092,-0.18741611347547157,1.3061846408232578,0.6080881601969537,-0.2879717544831912,-0.6982687885491952,0.773723489840167,-0.456
1.1793606483727443,-0.219514069651485,-1.4660914349182348,-0.4861109932324782,1.422370804947354,-0.4763955350506647,-0.8728808610150505,-0.25724103532075165,0.03178596140415528,0.8651954618545017,-0.8444827657432613,0.23174889562301468,-0.21707238158772646,0.15912857284098392,-0.01222500835376291,-0.3899730875029056,0.19940044287809167,0.17696169849511387,0.13129436075773357,0.6806887633213241,-0.0900329476695934,-0.202
1.1821375685266582,-1.1058520886835363,0.29530450035588085,-0.23855692609882334,0.4020068281533076,-0.1109774277945762,0.35425222563305525,0.15712758992239184,0.016605731232706193,-0.37050565626177034,-0.0937690054044646,-0.832764389886212,-0.21707238158772646,0.05842072121627316,-0.15166911997429217,-0.4508896799966328,0.5951737052620201,0.4137954173550966,0.015168653659026,0.28639471763964963,0.17937915299705517,-0.165
1.1849135537163633,-0.19348611334684157,-0.20765233670563366,-1.7379557172625533,1.2771975332426846,0.5466866472666264,-0.384663863977241,-0.4898514040580322,-0.9024421550460939,0.0883115795948495,1.1680176037169043,-0.04508010348477537,-0.21707238158772646,-0.5507041865473122,2.404872480112989,-0.5006860451302142,-0.36361281354828245,-0.436317191279184,0.49912651682455234,0.6126373284900701,0.0958507964734521,0.011
1.1876886053382432,-1.5567790103724812,0.4746732355594713,-1.1398543289774323,1.6079726845871638,0.19594636805534868,-1.0252820527732713,-0.734822840984514,0.4495981733192859,0.3668007746427686,0.40280654689697093,-0.582916977211571,-0.21707238158772646,-1.1450747600100326,-0.7955855820834303,-0.11233402930434948,-0.9585538424565292,-0.7192253645760686,0.7401243858046709,0.39796042109381013,-0.9727751069708261,0.188
1.190462724784983,2.105401263267181,-0.2141004092014361,-0.9799623490337795,0.4920434917925306,0.7731899399424033,2.32513167372178,2.0761631389014537,0.5845286975094748,0.4421866548004937,-0.05199078312667701,0.9282747701854478,-0.21707238158772646,-0.37661627700666706,1.179237690758706,-0.44812203943615775,1.519913050768549,1.9071730693735516,-2.3224032019080543,2.1327257066517893,1.330724948028549,0.006
1.1932359134455859,-1.8234099841733455,1.4993612807915335,-0.056870278004727555,0.513475138268107,-1.4047247819044024,-0.6455888756272662,-0.7277981393485901,-0.7447418154443092,-0.7193510474448179,-1.1745041410260222,-0.5639363965477985,-0.21707238158772646,-0.43439653623261826,0.5884310564911486,-0.10676890366385465,-0.6044381012853557,-0.5294189061572511,0.9123016965390891,-0.8098717300701759,-0.570529915484266,0.022
1.1960081727053842,1.3217314050290392,-0.32979691024012286,0.4304909465390035,0.3869969731727332,1.540285849592674,-0.6012097663789473,-0.6683782158068424,-0.8578768846301751,0.6392710121197385,0.25882024061655445,1.2093671583366292,-0.21707238158772646,0.5933326157055041,0.4703652902899227,1.0071407571995628,0.06469753389581068,-0.37635816080585444,-0.11169110747691487,0.572664464441772,-0.17644089577621982,0.239
1.1987795039460567,-0.40497032358909113,0.5080603918460864,0.8915000667513596,0.39771840764449845,1.2992136802733096,-0.42873260458424106,-0.011654147569784156,-0.5174828756458609,-0.37050565626177034,0.17235478070014557,-0.4149542375458316,-0.21707238158772646,0.22236044312529324,-0.31455228280078684,-0.1679588258956905,-0.36825945550094935,-0.03775222933038844,0.658350547838265,0.40269738020728624,0.32334209042328055,-0.017
1.2015499085456414,2.2990512675957593,-0.22699008756104005,-0.7155848852405806,0.9031569135392976,0.8827837523023024,0.2640627573146485,-0.0744031495735217,0.1320985162927699,1.0273013250387675,0.49165275764211147,1.7636378355221043,-0.21707238158772646,-0.2726829267217783,-0.43588343696232257,0.1748896707993627,0.03402710986461489,0.030502867997310723,-0.7027151018756179,0.727520513808203,-0.2637388432776981,0.27
1.2043193878785456,2.3425779941579523,-0.903968949558585,-0.6716331279708819,-0.49407761719968907,0.41516270997090987,1.7584861772096023,1.1694629758997241,-1.6832657230159946,1.391736291172244,0.23402579353083702,1.2437769049428267,-0.21707238158772646,-0.1993144238824983,-0.1761822183762707,-0.5614936303508486,0.6360947558834437,1.0054573080208418,-1.5871946073606038,1.1477236104648394,1.9729040231515542,0.176
1.2070879433155668,1.117624319727212,-0.6915467687557887,-0.45822208103321166,0.6591531146809403,-0.8272313042814124,-0.6100805972970087,-1.1582242334776622,-0.8370615588741149,0.4943671792241253,0.12945071870401215,1.114007149554701,-0.21707238158772646,0.07968311036713366,0.269392731938651,0.010209319927140392,-1.4832120463445768,-2.0011933138482285,1.601289574454016,-1.0698287591958324,-0.727767851327091,0.246
1.2098555762238985,1.0024615728072552,-0.32338767074155705,-0.3703983759836682,0.7940312593982023,1.6936883653500108,-0.19153437069873594,0.22010525888201907,0.4863625041308159,0.3783996755521684,0.05034540268769364,1.2331907327437115,-0.21707238158772646,-0.9889201107767551,1.3707114293748404,-0.4813255618061705,-0.813945466665137,0.015675589929323823,-0.49000033920878583,1.5957123196153191,-0.36577851385533844,0.257
1.2126222879671498,-1.6544284788612211,-0.13658134258864615,1.0183300422080448,-0.8821385245506494,-1.1488612883479632,-1.246115301291255,-0.6336679627691236,1.090455481923097,-0.8531586289930686,-1.5363224374038849,-1.400118430464324,-0.21707238158772646,0.8496365268640353,-1.487901948944283,-0.27073729097849736,-1.0864301596269221,-1.5624616273417895,2.2023334852484497,-2.4890257465860794,-1.6698751312210205,-0.289
1.2153880799053551,0.249804272703824,-0.6096622562578692,0.3994897206434059,-2.4580335886775324,0.9193143694709821,-1.029774833004914,-0.359159232165544,1.3855893469831198,0.8188646130595203,-0.0039878455597874216,-0.49076594293737297,-0.21707238158772646,-0.016255665656164233,-0.28207688788232366,-0.20686747889893844,-0.11656955133883788,-0.07192687640523256,0.07322953355906796,-1.583272412620005,-0.4493744845377508,-0.151
1.218152953394991,1.6878967474466804,-1.009235262596394,-0.37746165066937154,-0.31109739739387354,-1.0684510045810984,1.7138151704432592,1.8054900843799795,-0.580407324622995,0.6276809980393452,0.4852759905317995,0.5314668009306831,-0.21707238158772646,0.1617689623820899,-0.09436137134422405,-0.20408907535745346,1.4049192382300708,1.591769836363628,-1.799515142454537,0.7017731352263687,1.9352312826090146,-0.019
1.2209169097889856,-0.27450432800624086,0.2358611127451519,0.11009932426804206,-0.5500823393540478,-0.8126124605170948,0.1389962914251089,1.0083176385101436,-0.8697661694270655,0.5987042116334179,0.09893775398910802,-0.23924119253838086,-0.21707238158772646,-0.20744705263708615,-1.7079640322870855,-0.2873884061942898,0.5663580195125641,0.7228716608411578,-0.6790832840247165,0.04981458764373601,1.2792690563776963,-0.05
1.2236799504367348,1.0923766880838863,-0.3682069888971233,-0.3491695764436062,1.6250320180653244,-0.0817455238990185,-0.10853342124283895,0.2498090209348093,0.6674995238391904,0.30880044498662407,-0.3977312215363586,1.1193077166139518,-0.21707238158772646,0.6648477601796356,-1.5488812892580326,0.47739258785556654,0.7934208959949383,0.030502867997310723,-0.2621770357498502,0.9906110214052596,-0.5676945790182926,0.153
1.2264420766841153,0.3414026406255236,-0.7480209794475319,-0.9115800722282091,-0.23365112291237583,0.19594636805534868,1.6527862055022826,1.9724717453811422,-1.236403754353321,0.6740386458308364,-0.4320965782747341,-0.9443343944362746,-0.21707238158772646,0.3010004303288204,-2.3734369262030914,-1.3845191787091091,1.6778801352135921,1.785923717254443,-1.692294187406617,1.611582236885312,2.1245424792829177,-0.025
1.229203289873496,0.42425331228361574,-0.9535846174850462,-0.7726431135389438,0.9117134820324544,0.0424875525935375,0.14331883039403936,0.6650617030454247,0.6705750080035848,1.4379829985639576,-0.9363319186014901,-0.1690684388545913,-0.21707238158772646,0.007791436781574054,-1.031795167094609,-0.29016316563672523,0.9548117000841951,0.8789857882122626,-0.960463024282017,1.3039543405938048,-0.0018635565667112306,-0.297
1.2319635913437528,-0.5619391835608412,0.12405227505454823,-1.1838847221069833,0.9673230424635951,-0.18405818024997692,0.9847615935343789,1.75053808039469,-0.520481480510066,-0.021984150086668198,1.0856783227532307,-1.3973830555599718,-0.21707238158772646,-0.17494549052110536,-0.8588565008331712,-0.9689765593929145,1.5169288306654465,1.6848874743979376,-1.5807592207386114,2.2172167945476833,1.24246659883252,-0.079
1.2347229824302803,1.151259390303905,1.0357828672372396,-0.8622919411534752,1.110560016397757,0.108256366576081,1.8880432892984633,1.4697923358980245,-0.016773351994346278,-0.6728200216344662,2.1659196940739234,0.5207849780928383,-0.21707238158772646,0.6393477410354282,-0.00399403579333722,0.6122690648629293,1.403424430787144,1.3311320314664339,-1.597920069906144,1.550321354987142,1.3114978937883985,-0.144
1.2374814644650072,0.1379235312200456,-0.27846254616915683,1.134197303365096,-0.6772303241446743,0.2251759262540463,-1.3321170475630923,-0.47294232370363026,0.43122590686340473,-0.02779012449076404,-0.19436927085800562,0.5181142720707488,-0.21707238158772646,-0.021605153886394363,0.08675448347286377,0.47739258785556654,-0.6746534754825844,-1.1148080837111751,1.177080148365588,-1.0396862093914283,-1.1543331193196749,0.009
1.2402390387764066,-0.7514575048099139,0.5615906645948872,1.3357162905808944,-0.23150026889008196,-1.4339675582686056,-0.15218800481194075,-1.0180292848429695,-1.9659630997166386,0.760941843523129,0.823277902203794,0.38444906521138006,-0.21707238158772646,0.32972499533374433,0.40317411096385186,0.651657351637937,-0.5250266306224978,-0.9492211291348895,1.4871465906590733,-1.9461948024890483,0.1533747667100945,0.078
1.2429957066895088,-0.37304960916462626,-0.8915432201562071,0.3801660199693835,-1.4246194487136599,0.3055560772789938,-0.5391841806753448,0.38406691237314516,0.1320985162927699,0.755149006219159,0.0020318701611502124,-0.3527337669239838,-0.21707238158772646,0.1088658310375652,0.5040359065551077,-0.08450360135532374,0.488930282662438,0.5308168170559803,-0.5630610179980885,0.29115190941852626,0.12205154159578498,-0.253
1.2457514695259173,1.4858386407092377,-1.5738966634668923,-1.0090469626018888,0.5520466468658679,1.591420626000294,0.34996473793278043,0.4241502601805005,-0.4063814889820833,1.1661838005127476,0.5556819247642848,1.301978138153069,-0.21707238158772646,-0.5507041865473122,0.758156816952856,-0.10398616075601924,0.14893340713393605,0.7388155603241531,-1.447743276908579,1.4638798242596254,0.6996297878487365,0.164
1.2485063286038176,1.8009269596205593,1.3877962343679522,0.35318015166699246,0.16171943758840576,1.1823252689786716,2.2054612630773054,1.28891006581898,-0.2286153223571676,-1.3946633029978772,-1.461256441178301,1.3337082161896687,-0.21707238158772646,0.6214706017966347,1.440708339599562,1.338797777064449,1.2612527668373859,1.0025906105230018,-1.1322376038214597,1.6478235391249925,1.1723999626223636,-0.096
1.2512602852379922,0.3757043610826131,1.709995304185613,-0.17723719783478314,0.2861886338947125,0.6197536216787506,1.5548620228989976,1.0349842822995763,-0.056190307401218824,-0.9171696306548632,0.8100312865319089,-0.5016019352494847,-0.21707238158772646,0.4724758167959365,1.3009117842666493,0.2811715383777296,1.2762337439729505,0.824166370844433,-0.6103316390577505,1.358887781868491,1.225046594045615,-0.366
1.2540133407398335,-0.16458140545560496,-0.4638917344874041,0.8752461594170824,-0.9058791303912489,0.838946581064454,0.7412933856156526,1.155600454787698,0.18385725409118625,-1.2606758024293399,-1.1692879264253784,-0.33651038346238055,-0.21707238158772646,0.6903023878311119,1.4582383659380438,0.018572956737086876,0.7405262834132723,0.6560941780087853,-0.6597475637340915,0.3647777643555666,0.7546897831105119,-0.184
1.2567654964173536,0.583797069889404,-1.5081006013711942,-2.0672548239952753,0.8197128036651358,1.8543899656912577,-0.3890678393984128,-0.6997711515944809,0.8430822281606368,-0.1381212810781434,0.7375330489523084,1.1643492319200097,-0.21707238158772646,-2.0771567699784947,0.04545793989932778,-1.0567117133007047,-2.4430014570436382,-1.1741830833259974,0.5679769082070555,0.14566392752315124,-1.1843857709476415,0.045
1.2595167535752005,1.9931905390130635,0.9469328160464588,0.5006183360743457,0.02428668630102718,1.6060304508447083,0.9722272926945278,0.2998818606166092,0.4863625041308159,-0.7251678171165015,-0.42637896312349116,2.0920760481704335,-0.21707238158772646,0.405173530653387,0.758156816952856,1.683339902126454,0.4083397179596394,0.46212181279631276,-1.00985307366951,0.923333843695911,0.35128715069666927,0.197
1.2622671135146681,-0.2976751903852369,-0.47025341134612614,-0.4337338656012358,-0.9857560550321968,0.7074322327353799,-0.48169972920493304,-0.7594658275970713,-0.11676555117972658,0.5987042116334179,1.3772746598972536,-0.23114099599700932,-0.21707238158772646,-1.2649004043995533,1.1013384900345697,-0.49792063397579334,-1.0153210837135438,-0.6845194980394848,0.7099963932397636,-1.1705877213116245,-0.310475763448412,0.059
1.2650165775337083,1.0474473628894667,1.1869586016166755,0.810485071802882,-0.5285401459837129,-0.27906529070377284,0.5336614114570599,-1.0326655025930278,0.5139529969969887,-0.35307179318017906,0.7835983358146413,0.869814202455273,-0.21707238158772646,0.5317469820940204,-0.18434693252250356,0.8348206309660339,-0.6044381012853557,-0.8598173408008525,0.6196179544048965,-0.8322551311728974,-0.5932429619390982,0.107
1.267765146926946,-0.23397963376339068,1.3322157308535902,0.810485071802882,-0.007937508939866647,0.2251759262540463,0.18650549158318744,0.6462009771697764,0.8677705829180815,-1.2839748564919342,-0.4320965782747341,0.1915053517957092,-0.21707238158772646,0.7106335550126802,1.2922007090153333,0.8150726147246863,0.42507681304381983,0.09271104209087341,0.043123395864763,-0.35431821450093004,-0.5111652666065987,-0.133
1.2705128229856881,-0.1212546421830437,0.07819337038498299,-0.49654247857525124,0.9908459305655649,0.7731899399424033,-0.8549967954696048,-0.17953545167879895,-0.6999913134434741,1.778831633891262,0.3023852653769106,0.10019509713369781,-0.21707238158772646,-0.3218154796868446,1.0926984916140416,-0.41766984388606676,-0.5390278509668125,-0.46482719429081754,0.42382715800506376,0.49017787758521325,-0.413055242856154,0.028
1.273259606997937,0.1580242395826821,-0.22699008756104005,-0.016357046983998293,-1.2428921145297076,0.7366580123581454,0.238236007226121,-0.2964863930733292,1.2487133805866262,-0.8182479062680768,0.9770755175346517,0.3148399613559974,-0.21707238158772646,-1.4066111612262064,0.9291270660405921,-0.2929378031664025,-1.0737761235457823,-0.07787346098226902,-0.14824028531472133,-0.7180713024689976,-0.6046197039427431,-0.101
1.276005500248404,0.16663622775217293,0.1765910829190781,0.4304909465390035,0.37841943115732385,0.9339265252206193,1.0972901229945966,0.372547766655674,1.2331790714912918,0.9809936880134958,-0.8336078911073173,0.12169114824550731,-0.21707238158772646,0.6903023878311119,0.5630797364431771,0.4437145943853536,0.8628614805629569,0.4782135485558607,-0.36535075885153007,0.7087975887578907,0.33351665722450524,-0.169
1.2787505040185203,0.7285696704745492,0.994730705353439,-0.6274051971426088,1.0528488014817543,-0.6956638743625476,1.1180740858598945,1.0566308341531252,-2.4640233658768795,-1.0917973172606028,0.24021762389475576,0.7048266517016182,-0.21707238158772646,0.6393477410354282,0.3445460918175625,0.9336424659656458,0.8945335639412033,0.8544763375079784,-0.7714575964377279,1.4547654684340698,1.6799792028030514,0.063
1.2814946195864463,-1.0911677891435445,0.54150083357623,0.8225967430677765,0.011397621518067398,-1.075760952985065,0.11737307563242753,1.4429217507509855,0.5630390341248361,-0.21943922572667893,-0.3111866172407167,-1.2388548316525907,-0.21707238158772646,0.2486228517792997,0.6986110693283697,-0.09007064645086897,1.0240522383157382,1.0398291090799516,-0.78434604182583,0.6196851566690992,0.773723489840167,-0.499
1.2842378482270904,-0.48921365798839256,0.4813464027063696,1.134197303365096,-2.1947320541137403,0.7220451489779481,0.2640627573146485,-0.4898514040580322,0.15340418633233294,-1.2199056358949842,-0.6575946728032493,-0.1690684388545913,-0.21707238158772646,0.7866198352331406,0.17788360009151089,0.8997453766510928,0.4265980860936089,0.11933846982141165,0.3205694272157759,-1.2439142770539602,0.13250689500392746,-0.372
1.2869801912121135,-2.028486447210157,-0.18183849653294237,-1.6294517136339208,2.0170535584750295,-2.4210661160488405,-0.8952494881307432,-0.8983701480033072,-0.6611660569047871,0.14634830754274417,1.512388745586309,-1.3481585522459467,-0.21707238158772646,-1.3977083353693032,0.06196711752442954,-1.1634581265613448,-0.9837707821516172,-0.40932516468532704,0.7702532918183344,0.6689680720609318,0.21821768831739194,-0.067
1.2897216498099455,-0.40497032358909113,0.11749456943345528,0.30327199650150455,-0.601793408735278,0.0936411721102227,-0.4596189149833806,0.1510873829236664,-0.1107116601082418,0.27399560488772545,-0.466319110778588,0.030285842721181924,-0.21707238158772646,0.29315625179838667,1.032305189797675,0.3932286242705686,0.1060692845426076,0.12229582968442636,0.05602589585748943,-0.629088109362936,-0.15475522840903103,-0.331
1.2924622252857951,0.3242419707712427,0.2424573756052336,0.9567700580316072,-1.7604402517421478,1.3065190983250654,-1.2144825002693822,-1.1173770833056063,0.4342874916729233,0.2391872992346795,-0.11754894633406025,1.145805600046215,-0.21707238158772646,0.572833673185027,0.3194667687085372,1.126025715027674,-0.7622310049710395,-0.9583220374245734,0.6884769610035616,-1.4423155871872981,-1.8339845802033063,-0.05
1.2952019189016621,1.6519909047522103,0.3416579975259942,0.5201901645397657,0.03287894244615686,1.160408329542943,0.4526621032633991,-0.05235783278924861,-0.2286153223571676,-0.17296962663979337,0.8964959713940682,2.042220007119478,-0.21707238158772646,-0.6904922254226153,-0.6365141922647826,1.2082253419261868,-0.8217880209860058,-0.35389543791635225,-0.35675347655897566,0.20777513756923596,-0.5620264375248744,0.323
1.2979407319163498,-0.38755671445955564,-0.11067274576260111,0.12885290939911248,0.37841943115732385,-0.571410184265478,0.5208900229229805,1.0733601379256745,-0.016773351994346278,0.42479137917965704,-0.12348337467757599,-0.5585141599169696,-0.21707238158772646,0.24337431105449495,1.5548735236717528,-0.07058389211945552,1.2417719564153267,0.9839482381764957,-1.00985307366951,0.7695996540476248,0.8703123530809992,-0.074
1.3006786655854754,-0.6027061808202663,-0.058752276026372265,0.03548757931241088,0.2818978365737593,-0.11828543915562802,-1.052247571096148,-0.08387854018084871,1.4790910416899266,0.17536311484650335,-1.0695250348819652,-0.8926144280652352,-0.21707238158772646,0.010460757158253408,1.231309608967477,-0.5310973680866151,0.3306656604629485,0.2919159172985039,-0.20843531871975318,0.5538329466736304,-0.4102674234799871,-0.314
1.3034157211614812,-3.082957041124536,-1.787359506379334,-1.2863875271946295,1.0763625887526707,-1.3681716699877753,-2.4587017436143364,-0.0807182506432456,0.44347334951369777,2.4996189301075775,2.2354639817862867,-2.3229968557317133,-0.21707238158772646,-1.6826919996856462,0.6646534296502695,-2.0046497314639846,-0.6762154103906505,-0.2970440919682981,1.0758968311734851,-0.2569250200074631,-0.916846526963282,-0.238
1.3061518998936485,1.4163918051132967,-2.222830227900585,-1.3961492077333966,0.6441614374390524,0.8097215384891391,-1.0477518463833453,-0.9997741424703557,-0.26784691557471985,1.4611037068649462,1.0108700577773184,1.5053872865497737,-0.21707238158772646,-2.0427620929546992,-0.3469770010371468,-1.3572751122986628,-1.9795652237821626,-1.261080668346639,0.7917744950609926,0.3006636891846754,-0.6017742557028574,0.419
1.3088872030281073,-2.189367852468425,-0.05225253952126536,0.057803438950326885,0.015694067237894325,-2.830621935883206,0.013339324483443157,-0.2735614902667617,-0.22559605496056243,0.37260027375386406,0.5878759489055041,-2.0420718837559235,-0.21707238158772646,-0.09671664748736908,-0.27395012431986976,-0.6718978974958064,-0.08117815803989999,0.07494829508354542,0.6368322499088557,-0.7230244865135111,0.45697063260478665,-0.293
1.3116216318078462,0.4698975600322668,1.4574612929669402,0.8024185842148063,-1.9492195068140137,-0.01597456577256,0.3070498907218517,-0.3890747171726296,-0.2768953636020055,-1.0044739661271946,0.24641397164521567,0.36839180773275665,-0.21707238158772646,-0.5785453158686584,0.4535487336912188,0.24199544312564208,-0.46441572270112663,0.03939633383784146,0.06032677271652875,-1.1554458539124408,0.22854049643302243,-0.034
1.3143551874727284,2.0507003778474653,-1.5440224611854494,-0.6239916169223504,-0.16913559826344335,-0.05982174435465786,0.43984814554650636,1.3946992642713438,0.5384902284355081,0.9694157339874522,0.7047782025944299,0.7980080279523033,-0.21707238158772646,-0.9516038622423424,-1.2805679845696816,-1.4879235232799397,1.234277663514776,1.8121520173541505,-1.9581563356819078,1.0854473608664956,0.953788560655662,0.044
1.3170878712594973,0.4099797357898558,0.1765910829190781,0.9813511757888572,-0.6642961719027299,-0.9953523677871374,-0.8594669073762676,-0.3392970980960294,0.6029554109300137,1.0099367459920254,1.2999742217616372,0.6781823771403619,-0.21707238158772646,-0.34918822845917674,0.06196711752442954,0.3904249420817529,-0.2229231568099679,-0.45282068622001265,0.486217625595366,-0.9569943045563112,-0.6217100598709373,-0.015
1.3198196844017922,-1.1322923010284525,-0.1171531233507417,1.4549512041241002,-1.4181260091623846,1.3211298965681402,-1.1919049046073604,-0.5306173346048504,-0.798374037628068,0.760941843523129,-1.1326783355965717,-1.282562286431636,-0.21707238158772646,0.2722169784720493,-1.1643659372902468,-1.0183439640168497,-0.19977957993378193,-0.433317236289385,0.5378542484898665,-0.5699476924100774,0.22338089134547512,-0.131
1.3225506281301573,-0.38755671445955564,0.045501369308834354,0.5673256323055581,-1.6802178108109833,-1.5509412284793802,0.8213182056032381,0.4920176932204819,-1.4504116338724384,-0.5158191954303669,0.3273800095866015,-0.018154404960634186,-0.21707238158772646,0.2957714650514084,-0.7162094053727551,-0.1762983879722984,0.16882095257095958,0.16957947001668308,-0.0923408784813749,-1.0271383143337316,0.8959519108158027,-0.213
1.3252807036720535,-1.2734888437271605,0.11749456943345528,-1.0122703547807859,0.054357997012882804,-1.3827928670281462,-0.5480374313825463,1.2690053203193974,1.4946884659544897,-0.5507027190130003,0.0746065637681334,-1.383707252357232,-0.21707238158772646,-0.8972544959015105,0.3947892893599507,-1.4607308155836285,0.2772876192179339,0.9308064194048736,-0.5394245423412738,-0.19382306612059655,0.41187542319004855,-0.335
1.3280099122518687,0.23834162123473132,-0.6285912459073947,0.8955675191576075,0.15313258943455657,-0.4983217724401906,-0.5480374313825463,-2.15673954111854,-1.2511065939700428,0.5871127979708745,0.4344317190997894,-0.085487762222764,-0.21707238158772646,-0.24818293004109782,-0.2088221127184668,-0.5946359653874576,-1.3534830954819983,-1.3527014572293161,1.342868870650386,-0.9695046252472435,-0.4661857444802457,0.036
1.3307382550909317,-0.25713280180348475,0.675794925694012,-0.44423857430924635,0.7897507066713082,0.10094877629810918,1.0390045879544416,1.6041087103813139,-0.26784691557471985,0.34940169405497795,0.9031826853776068,-1.2306617854566198,-0.21707238158772646,-0.5256964142911875,0.8605898407834262,-0.6112003773421698,0.9050869193512636,1.5583201741441088,-1.3232790499055302,1.415996847894448,1.6209523688768996,-0.323
1.3334657334075173,-1.3913831328302806,-0.2012021089659902,-0.7458511054530623,2.546540432046412,-0.40330902620196435,0.7201897824983994,1.2867059132773733,-0.17725971876052915,-0.32982790417532154,-0.5905951486589133,-1.967816976834512,-0.21707238158772646,0.8496365268640353,-0.3874365904599276,-0.7765952143894419,1.698715271382549,1.5597149273725444,-1.0699748358429175,2.112679661479467,1.1057813667817185,-0.313
1.3361923484168647,-0.26581785397714236,-0.984523480591572,-0.22417085526012667,0.42559157718599355,-0.06712965675600278,0.7581628597035407,0.6163773244377425,-1.7701115480027847,-0.3821286814831088,0.08676338484398653,-0.05585324588990014,-0.21707238158772646,0.11416520285295156,-0.3793510135249337,-0.3234507615254122,0.7843569197793485,0.8717796712896905,-0.7779018498524986,1.1546345890931133,1.287885822557864,0.081
1.3389181013311822,-0.219514069651485,-0.4575278932849656,0.16271074240706673,0.34625052094895653,-0.49101301200394987,-1.0028270078039245,-0.7559400182245972,0.08647551998140056,-0.5623312674119024,-0.5230418710818409,-0.031615972748676974,-0.21707238158772646,0.6010121208898147,1.3707114293748404,0.49704570354551025,0.07236184501293029,-0.7479148112610222,0.9833332834985085,-0.6957946225446422,-1.3084470615683592,-0.13
1.3416429933596603,-1.4385985288484422,-1.3938245848022368,-1.0154921001860797,1.7337558117554275,-0.6152639386710435,-1.0612407837273226,0.5477550464303199,-0.5354712112810202,1.8192450147044876,-0.17080753552782332,-1.271633658467074,-0.21707238158772646,-0.5423630914797513,-0.0779593257749134,-1.3954130370256075,0.5268997887169911,0.5512482683889955,-0.36535075885153007,0.643164517543132,0.5708566462185103,-0.142
1.3443670257084843,-0.049125016175168346,-0.48932545355861684,-0.21696810192893207,0.10804574876838101,1.0800452338246977,-1.582215925803157,-1.9627324565174205,2.0052666067467655,1.3628285314532493,-0.7295610527292756,0.3978272178644796,-0.21707238158772646,-0.6876820903750157,-0.02867750087803724,-0.4010532671715452,-1.2450775272533265,-1.212278827163517,1.2115276948431548,-0.5109509673989344,-1.884905467641916,0.005
1.3470901995808429,0.5866406387613534,0.5682915346605413,-1.1964053156672219,1.6506186632499786,1.1823252689786716,0.12169911987080712,-0.5647873703418935,1.7855068931854363,-0.9986530837489227,-0.14717900559098496,0.34965352193056937,-0.21707238158772646,-0.15332054553142407,0.46195544900782426,0.2811715383777296,-0.5172504742341966,-0.4828431917954905,0.382952916557351,0.9859765039808909,-1.0795569111058432,0.02
1.349812516176938,1.4719596877635195,-0.3362039901972567,0.25363502352194905,-0.09389376814178749,1.8982166544579717,0.35425222563305525,-0.160272832261397,-1.7411925095133916,1.056240190941043,-0.6408963049356118,2.010719926737393,-0.21707238158772646,0.1459191163383969,-0.6843695782303932,1.1997176943550565,0.0478314175609499,-0.22982213746942123,-0.41908156730495194,0.5985360934807704,0.8469025860195201,0.28
1.3525339766939977,-1.589313828088131,-0.14305311041409788,1.7936227790683736,-0.869190370679887,-1.6386741947554697,-1.0612407837273226,-0.2768310297945763,0.3211321693436241,-0.48675202958994135,-0.19436927085800562,-1.383707252357232,-0.21707238158772646,0.7233259027195164,-0.4116742911187152,-0.1318081842876863,-0.6059969343132648,-1.0068879377045994,1.32133646457082,-1.4909093057282141,-1.259871517489184,-0.281
1.3552545823262854,-0.199268983203975,-0.16245549499649034,0.27651068429382736,-0.33046370332225483,-0.8564691730259713,-0.6944776639500994,-0.47970053770362514,0.7074946042297079,0.3378018215718567,0.17850172820753923,-0.28786045233874885,-0.21707238158772646,-0.10478865717141271,0.12812966280511698,-0.27906339667747493,-0.4613101167581579,-0.5309221690451604,0.9445881783599919,-1.254046710890502,-0.4325938621938566,-0.187
1.3579743342651114,0.18098606148566865,0.2556563211142183,-0.5450289356775274,-0.022977217735416326,0.19594636805534868,-0.814792994676088,-0.823237001658019,-0.1228186315073632,-0.35888299083642816,-0.41493181304992643,0.09482001123110136,-0.21707238158772646,-0.40409992951189716,0.16128638720077149,0.21961936665889828,-0.9129000497949241,-1.0342266365673778,1.0995771776357963,-0.4325097546406945,-0.7681961488594181,0.212
1.3606932336988415,-0.9122935900247918,-0.2977291218771319,1.0802471597192607,0.12092871390272794,-0.3082987354752188,-0.42873260458424106,-1.3771541069640545,1.2735767149274424,0.07089871863718522,-0.8986384027315371,-0.6670247995360065,-0.21707238158772646,0.4569729221680249,0.9634701621532724,-0.1735186546569652,-0.2553462188161649,-0.9886702707540048,1.3536352290429556,-0.3689602585985336,-1.3175779120050581,0.046
1.36341128181291,1.3969231542525296,1.8089370246564063,0.9281643720730878,-0.8929293359216143,0.9558446614067416,0.6059040560777168,-0.6892906670520473,-0.5714240854510099,-0.7019012598604685,0.18465314031925173,1.5686964178407994,-0.21707238158772646,-0.07252899019004509,0.07022642667880254,1.466751629937294,-0.49082374626121295,-0.457322736105664,-0.010634900112632429,-0.29827046646419625,-0.3546905131720377,-0.038
1.3661284797898288,0.1695065428005982,0.2622590033296208,-0.4302290435591806,-0.34552770063671046,-0.38869189908716145,1.3414849261979465,1.178666235524708,0.5691780386360012,-1.126731946910231,-0.7790130307911856,-0.21224391125504766,-0.21707238158772646,0.07702709269067312,-0.524405802753266,-0.34563271451533584,0.6663859934671617,0.5862400550008713,-0.34600673768372187,0.3481706790893837,0.7236304428172232,-0.043
1.368844828809196,2.4403662825751415,0.7838426097037973,0.8590177002441062,-0.7203504950995236,0.5320730917846537,0.6186299306901252,-1.1918046783005376,0.8554250291307086,-1.3771842164146424,0.8631389041462831,2.3357790575667794,-0.21707238158772646,0.3740024341367443,1.1965826367380055,1.5977716779088957,-0.28161249931289006,-0.29554906213754073,-0.4964471635824512,-0.16717389194064264,-1.0349356571141457,0.028
1.3715603300477093,-2.064208865613934,-0.013208980815043259,0.9037071940025343,-1.7517657567901057,-1.7483437074564054,-1.4865244852500688,-0.4024175640234823,1.7353792172486195,0.012849735978295135,-0.5568881902183657,-1.6630403701937817,-0.21707238158772646,-0.4261270925242135,-0.3550752589601632,-0.8563723068466317,-0.6449899512387696,-0.5835683811652875,0.8929302928987364,-2.2198175198426773,-0.9609760051135289,-0.453
1.3742749846791757,-1.0412664546851405,0.183168075986954,-0.14458445358505942,-1.5978658050662573,-0.8783977334681033,-0.6411481614609603,0.044194227842515796,0.744439549617969,0.07670309987953793,-0.800895200548984,-0.8844507577899038,-0.21707238158772646,-0.4151090282798289,0.2860715387686188,-0.4342819836152257,0.0815572880649448,0.10454793578828696,0.07538001266674539,-1.2971597640968078,-0.10347526978614424,-0.222
1.376988793874518,1.5800800514221651,-0.5083780083874604,-1.4412475034077732,1.1746660454594113,0.10094877629810918,-0.8907745606432222,-0.09337036276373398,0.3486329991838384,1.8538805361884712,0.2650301725145352,1.687288239975761,-0.21707238158772646,-0.8715880808031146,0.4367446826603022,0.22800951934947578,-0.5530344191709852,0.021607224973845256,-0.6640444366894219,1.06465749776352,-0.18730459460389356,0.212
1.3797017588017904,0.6690195021117183,-0.4384233859141005,-0.6682407811077639,0.21323301519194612,0.9485386289931457,0.13034910775448186,-2.4014681503413327,-0.985486756385591,0.5523361668775062,0.8831378628311523,0.48071381179562234,-0.21707238158772646,-0.037666065069280344,-0.5725286300110441,0.4296869752513679,-1.9353937893783753,-2.033641916548272,1.4182355414154773,-0.5404314571079375,-0.7884714831643632,-0.108
1.3824138806261852,-0.07507984758710476,-1.734262715596153,-0.031111726484800255,-1.779959465671347,0.181331506195533,-1.4865244852500688,-1.0620235102660902,0.4097999720535068,1.5420122093911495,0.05640414553313723,-0.042387072839073864,-0.21707238158772646,-0.6372005750936665,-0.0779593257749134,-1.0923160059525163,-0.6356277177413006,-0.6031384363214813,0.43888654402379873,-1.3887286648336854,-0.24456668103385668,-0.175
1.3851251605100425,-0.8859457940689156,-0.23343169297431748,0.8064510319536571,-1.2645166982994072,-0.34484086570209016,-0.4949558583080791,-1.1843299147031243,-0.8370615588741149,0.5871127979708745,-1.2781148443122883,-0.808291620568174,-0.21707238158772646,0.045115155999542036,-0.26582019572907845,-0.5559681592337561,-0.1381266291920941,-0.24027153889223427,0.337778239183039,-0.9369916417798282,0.546265549367047,-0.231
1.3878355996128628,1.112015308217594,-0.6978303750169675,-1.1113780814292689,0.2840432462979985,0.9777626808466001,0.22962137144596279,0.654295385761228,-0.19539202099690453,0.3029998795265934,0.17850172820753923,0.9203053889289163,-0.21707238158772646,-0.9487377667028833,-0.4035982297134546,-0.4536571969535408,-0.48926981731938385,0.3639254762946234,-0.9175120431876821,1.2512090441115773,0.10372036631084731,0.216
1.3905451990913154,0.04592737813436049,-0.6789730383460875,-0.6274051971426088,-0.37781157780491836,0.08633355400382428,-0.5701815810383343,0.4892112690241263,0.4741048010786029,0.7145963038429648,-0.8661886728432083,0.42724995518379993,-0.21707238158772646,-0.28085938485709977,0.1364141301390366,-0.051091273006224874,0.5435973750858526,0.6531870863525219,-0.6833800379789003,0.4405623894372218,0.08534558838070339,-0.033
1.3932539600992482,0.4099797357898558,1.4086736595301332,-0.3456257604396775,0.9266866728744616,-0.03059023567752413,0.3842441970965316,0.5808394278188994,0.7321217603001782,-0.32982790417532154,0.2216556637037601,0.7367873642083779,-0.21707238158772646,0.08764811611861867,0.3947892893599507,0.9477709572458864,0.5299361207522775,0.7257712661745979,-0.921807270333372,0.7321992138580107,-0.181871007691642,-0.043
1.395961883787698,0.5354269832947203,1.9225155983834605,-0.07522080741474195,1.266519351259858,-0.4252348258687948,1.4442798447915643,0.7762949876974715,-0.4184067154526777,-2.2578528856699323,-0.1294135899500229,-0.25814500937294516,-0.21707238158772646,0.389596594021709,0.269392731938651,0.5167044229751672,0.8085241683096315,0.8991515486595508,-1.3833687529016234,1.3451644416688584,1.1591480487386898,0.03
1.3986689713048983,-0.12991707283589982,-0.3105627140292074,-1.283307887256654,0.054357997012882804,-1.6386741947554697,0.7665931460869652,1.6390650792739676,-0.4093881174665075,-0.9520890728257152,1.4980699188796438,-0.5910528186035411,-0.21707238158772646,-1.3739976193657712,0.18618691768313647,-0.9140747025051079,0.40377406967204926,1.2122846669959486,-0.7886421356138276,0.4287354206857187,1.4609098421245421,0.078
1.4013752237962935,1.5717740247395364,0.9605787697235691,0.05035837265933789,-0.27021920411391565,0.5686068799755919,1.6812828494628245,0.9765054686202841,-0.875709393055802,-0.34144966824693596,0.5943292014582751,2.217925600033656,-0.21707238158772646,0.718250311882994,0.06196711752442954,2.581628773925783,0.7722692618599711,0.6836961660332669,-1.3232790499055302,1.0068256885046285,0.8515922269722928,0.201
1.4040806424045442,0.30707479802089443,0.7027558527585666,1.9086395947501469,-2.2643240056001575,-0.4252348258687948,-1.8247954507828312,-1.2518585843185757,0.8369118616046938,0.9636266006540085,-0.3977312215363586,0.9070213292135482,-0.21707238158772646,0.36359673351812555,-1.0083039754426288,0.727682967135003,-0.5032575111844099,-0.9750113101105355,1.0522170117092402,-2.464892996773375,-1.9712862979689865,0.108
1.406785228269541,0.45849097318763415,1.1387463163925762,1.0761082472905867,0.6976983369941397,0.5247662939169019,0.5251479048123072,0.08722134470598837,0.7475194347092052,0.7725272130322483,0.4598161822332366,0.9654548211404111,-0.21707238158772646,0.17496341542683716,-0.1761822183762707,1.3927963199324755,0.29864598132948733,0.10010956488468704,-0.057939344534521646,0.47837311059112964,0.11420066724284976,0.265
1.40948898252841,-0.5910555051987773,-1.7401712220052705,0.571263976451997,-1.5480400254910132,-1.3754822605610697,-1.4455888249780038,-1.1619482829061674,1.5290165961935485,1.9808414356435582,0.8898143659788433,-0.44472896407338247,-0.21707238158772646,-1.1160159370913962,-2.161907706746973,-1.1005292411138954,-0.9081810156533785,-0.34042359456455573,0.664806129772045,-2.151078536892718,-0.7826743733842522,-0.058
1.4121919063155237,-0.8362087095333782,-0.8542137127515664,0.8955675191576075,-2.196906355463788,-1.3535505364776939,-1.155810788120517,0.010135165081007248,-0.8043285334294697,0.905729552564305,0.6982420477400327,-0.4203670060253883,-0.21707238158772646,-0.7298964725763099,-0.045117386988158176,-0.5973970138001187,-0.46907461191520605,0.005292912827792957,0.697084677483091,-1.8548948269386047,0.21821768831739194,-0.181
1.4148940007625141,0.11206733085926354,0.1568729576454913,0.8509130155941446,-1.238567507761113,-2.208996656745314,1.12638294640183,-0.7665228277300108,-1.7758917744324692,-1.2665004423023358,-0.3111866172407167,0.3710682813810973,-0.21707238158772646,0.18550999964265788,1.3794502594037492,-0.0761521350751274,-0.3651616326467546,-0.5143890895378048,1.1512452056662459,-1.2160731786978232,0.14033904351485232,0.042
1.4175952669982756,-2.0017056093322365,-0.34901167057738763,0.4149775198587099,-0.4876165740561169,0.6416734538017842,-0.6544721680527467,-0.02727283741446389,0.056084579998444524,1.3107876848476514,-0.08185363039965474,-1.44663068130576,-0.21707238158772646,0.613802110100185,0.6646534296502695,-1.070408286278585,0.40529599948267686,-0.1373903833095974,0.382952916557351,0.17195998146389296,0.3614216948858384,0.02
1.420295706148982,0.07757077532011454,0.08473820785844896,-0.6716331279708819,1.243025568800814,0.1228715054366405,1.628337431681557,0.47796696361119706,-1.5525070685592,-0.18458647675984866,-0.42637896312349116,0.10288247946090451,-0.21707238158772646,0.6367952341225134,-1.487901948944283,0.20843413304139743,0.07695980215844597,0.07198697635654353,-0.04073803989046973,0.9906110214052596,1.0811304552921288,0.082
1.422995319338089,1.2659312013289767,1.2767700431176126,0.25363502352194905,-1.0354265899445798,-1.207342675975613,1.196900172422172,0.7867156332073284,-0.7864622534774051,-0.35307179318017906,-0.5230418710818409,0.6568601243561896,-0.21707238158772646,-0.016255665656164233,0.21943158552990258,0.1525360783352909,0.6648718461916306,0.5629169283972021,-0.9754951862898803,-0.16959537507766625,1.2511523463479024,0.064
1.4256941076863479,-0.07796454215617207,0.892433731419459,0.6662633448961903,0.12092871390272794,0.9704566873259985,0.6694645361036881,0.7815090777114644,0.004465106337869634,-1.0452225065242844,0.25882024061655445,-0.15018705042095334,-0.21707238158772646,0.6597513946947199,1.231309608967477,0.4465204628287284,0.7299411250833924,0.631374143236043,-0.60818304231603,1.1154496556236657,0.5364031038542323,0.033
1.428392072311814,2.113600544022735,-0.3169762719288614,1.0265650302877518,-0.76563719238123,0.9047021616841426,0.6059040560777168,-0.6267474978288226,0.9419014264798707,-0.39375206607596736,-0.7954302003832879,1.5291331831320665,-0.21707238158772646,-0.00021961697577542718,-0.3550752589601632,0.5953951675098514,-0.29397904972915145,-0.23280740274558193,-0.25142898541711256,-0.6216876502943837,-0.4942724915638507,0.066
1.4310892143298557,-0.809893812878593,-0.6033482533951282,0.4615946568387557,0.3205118297451662,-1.0319014938916058,-1.3004082560656562,-0.7418547221301178,1.0935544571970428,0.1347417196055643,0.5943292014582751,-0.4068357690914467,-0.21707238158772646,-0.9172518578120987,-1.3345473804942385,-0.6801701135560558,-0.37135752481444995,-0.05112121103645132,-0.07299019253651197,0.06661410696129348,-0.5309120491144227,-0.006
1.4337855348531636,0.9940205146432629,-0.916385955908659,-0.4302290435591806,0.7276731829532879,-0.4398520984193956,0.056735238633019845,-0.37243689246056183,0.6367544395721496,1.2008948582178716,0.04429101634297496,0.6515286064573029,-0.21707238158772646,-0.46752502170175775,1.66955820493204,-0.79035753944509,-0.7059055311144725,-0.07192687640523256,-0.08374062989761703,0.14805558646387515,-0.3049643846579872,0.144
1.436481034991759,-0.6959961616188017,-1.8754549634338507,-1.8715451135778631,0.6184589789523837,-1.916510846216173,-0.08673137499781483,1.6849720078721786,0.6613490870395854,1.235602059099498,0.8166520775369448,-1.3290219884208516,-0.21707238158772646,-1.7801480928649467,-0.2006668801425886,-2.1793196557022774,0.3184702040998228,1.5387842340157007,-1.2889391809809982,1.4479277863485887,1.5990660068811924,-0.158
1.4391757158530056,-0.8011247325238388,-0.22699008756104005,0.3570304665623054,0.03287894244615686,0.802415245056658,-0.17404042530626324,-1.1918046783005376,0.30280671541248344,1.1141100179911254,-0.3111866172407167,-0.41224799008832497,-0.21707238158772646,-0.1371241834700681,1.2922007090153333,-0.4813255618061705,-0.6590379665818015,-0.6483323168476504,0.7379723559747658,-0.6488337604706688,-0.6074659937260624,-0.198
1.4418695785416158,-0.8508330433760514,1.2283657379767494,-0.2097588711587926,0.17674556018941948,-0.3156071326664892,0.833929511316872,1.478005440805644,0.9079125819754263,-1.1966102188420924,0.7638261747596157,-1.2497799281626172,-0.21707238158772646,0.4285067546248849,-0.4842160147441672,-0.3761200966209993,1.385483948608879,1.4338203553831472,-1.00985307366951,1.1039141513067114,1.2141263045993764,-0.3
1.4445626241596616,0.6406315751688654,1.8089370246564063,2.0381788285482876,-0.7634804379459782,1.2919082495919678,0.47400384938805956,0.3028106960884787,-0.13189672984509812,-1.5520079457703202,-0.03402185460489216,0.6994985524349095,-0.21707238158772646,0.8546659837797708,-0.5565004105125706,1.5521740696648203,-0.0028054756529534122,-0.1373903833095974,-0.43412550729498733,-0.34212313089722424,-0.37410350705046314,-0.124
1.4472548538065815,0.33282312027838956,-0.6537995125415258,-0.3597912832752266,0.8411117735372604,1.2115476765099265,-0.7880177563399645,-1.5628425983699894,-0.723864659523643,0.5813169415947472,0.33364016390051965,0.317518572556162,-0.21707238158772646,0.3792024043169575,-0.18434693252250356,0.2811715383777296,-1.9861148317808257,-2.5814223178370455,1.8963893107173355,-0.4569956608550041,-1.20848623022802,0.225
1.4499462685791937,0.4784505332461951,-0.5590895022062576,-1.1366969073648023,-1.260191574727073,1.4453196510627877,1.17203372555546,1.2197000548575847,-0.183304640786151,-0.04520860666237853,0.16007425858160063,-0.11243881403951875,-0.21707238158772646,-1.1392578035595442,-1.094297095690996,-1.4253600199567198,0.08308967877485857,0.9466180077308756,-0.8938877849689731,0.6290793727526637,1.2943377109337855,0.084
1.4526368695717002,-0.5823190515377036,-0.7605468870200501,0.17780049130919715,-0.12613681316241943,-0.6152639386710435,-0.2221743669169138,0.5808394278188994,-0.38532909465400594,1.4148605249572073,1.174913953145995,-0.7484973492407988,-0.21707238158772646,-0.5312496781459671,1.3619756816121011,-0.12068081691035487,-0.04735291604782533,0.29485822873864354,-0.08159055367133936,-0.17928364391123552,0.39677768504173183,-0.359
1.4553266578756994,-0.16169182083987374,0.1568729576454913,0.27269406022947323,-0.9641643184769808,1.1896308899595285,0.1476406667642405,-0.06179486422717715,0.4863625041308159,-0.3995638930043486,-1.0589507366074022,0.37374464926310386,-0.21707238158772646,-0.3985987360017032,-0.8035056346469848,0.8376422221282674,-0.04735291604782533,0.060139250811937446,-0.057939344534521646,-0.17443904205392685,-0.35746122813350556,-0.163
1.4580156345801927,-0.2542381008290555,0.43467902223324956,-1.4142334535738637,1.257976441311997,1.6279450955880765,-0.9355508055733233,-0.7277981393485901,-0.05922098107264381,-0.2542952633721411,-0.3689836263297685,0.10556975457447393,-0.21707238158772646,-0.4371541420831961,1.231309608967477,-0.4232077171079423,-0.32955428781575763,-0.3075108271978674,0.12054131969837159,0.5043366540362776,-0.528088540837089,0.035
1.460703800771594,-1.8412203286115543,0.5147442182060379,1.0306849049850968,-0.9555283258116372,-0.32291554427556407,-0.16966860533930825,1.2444690221465362,1.4260892551119617,-0.17877800583115472,-0.08781343900472281,-2.2485728962058387,-0.21707238158772646,0.27483609787686514,0.3445460918175625,-0.6994675355780059,1.364546847820244,1.5373881353961243,-1.1902005992377314,-0.20109594114255255,0.7523062937036461,-0.476
1.4633911575337413,0.45278655827475034,-1.520083377904684,0.27269406022947323,-2.7566775335206963,0.6928192635682787,-1.029774833004914,-2.090260924248472,0.9171802230632319,0.43058990234756167,0.18465314031925173,1.0530266829782513,-0.21707238158772646,-1.9587417099278681,-0.363170347319347,-0.6774128342759089,-2.264115383156781,-1.5563264456871218,1.2524355665815472,-2.368646314849466,-1.7516647513461403,-0.421
1.466077705947899,2.06711780074487,1.159396055620725,-0.927927325419458,2.361669748037666,0.8097215384891391,0.9847615935343789,0.0841599031022065,-0.3913451337003335,0.5929085546722482,-0.19436927085800562,2.3985837709199402,-0.21707238158772646,0.21184165799768528,0.4367446826603022,2.27342823618076,0.2681310993487463,0.07346766639915384,-0.4083357113075409,1.6387674824336629,0.43195444866717675,0.357
1.4687634470927733,-0.24266088158951937,-0.06524986243102637,-0.3986124866569785,-0.15623499375825184,-0.8857072839333695,1.0223268966593242,1.0709759680277737,1.738511059970461,-0.30077507557750327,0.5878759489055041,-1.2197387611437533,-0.21707238158772646,0.15648768305660504,1.1965826367380055,-0.3761200966209993,0.8869942294054342,1.192405078501787,-1.1300907182779483,0.5797228527606338,0.776098423236699,-0.22
1.4714483820445183,-0.17903174787180112,-1.5140930923341906,-0.31721680142568126,-1.229918603822297,-0.03059023567752413,0.3585389843706499,0.03801815986841522,-0.6282840766493092,1.4264219821026234,1.1404858352604101,0.14586594827868674,-0.21707238158772646,-1.670562796965253,1.4845564916323084,-1.0430118774996482,-0.6044381012853557,0.021607224973845256,-0.1245910051702749,0.29115190941852626,0.29017449326354067,-0.097
1.4741325118767425,-0.521201347559802,0.675794925694012,1.2555124113443328,0.34625052094895653,0.020564363288391556,-0.45520466602410486,-0.15706877077728593,0.1473158854825273,0.9173097917146472,0.6331503408226452,-0.29596665623203144,-0.21707238158772646,0.6214706017966347,-0.2088221127184668,0.37360527154959106,0.6466986782758186,0.14299034625375825,0.4776117965032326,0.1313093078608863,-0.513983695323821,-0.098
1.4768158376605225,0.017142891254278984,0.5548919242512237,0.694144659715593,1.080637555058182,0.0936411721102227,-1.246115301291255,-1.4039799666699568,0.29364652612039394,0.9404690268512431,-0.24129357355229397,0.8565217149413048,-0.21707238158772646,0.6648477601796356,0.7071082656378738,1.5778193968676484,-0.4054526399402927,-0.6920620550186938,0.8326660497956535,-0.20109594114255255,-1.1633403993798743,0.067
1.4794983604644045,0.8587013814029527,0.36155583776104816,0.25363502352194905,0.23254729539968175,0.3347848123238162,0.13034910775448186,0.7789029744094517,2.061893314307079,-0.2891545778992276,0.3901891279962826,0.3121612421509408,-0.21707238158772646,0.8672319659095717,0.8349396227448195,0.8997453766510928,1.0511235863120287,0.6836961660332669,-0.7220496252641612,0.8465753136073421,0.07482616565996349,-0.349
1.4821800813544208,0.5951701857129392,-0.6537995125415258,1.5322556018954572,-0.8994041211583346,2.146559721355243,-1.582215925803157,-0.9452764164070081,0.7567601392675595,0.19277085682286818,-0.5173872035505483,1.1352074349936048,-0.21707238158772646,0.347973753042789,-0.1434917700123177,0.36239446696847116,-0.8264944503693463,-1.2199012169025094,1.0285377216865772,-1.2009013569417692,-1.4031474714878363,0.183
1.4848610013940933,-0.9474415256890485,-0.7041118083361041,0.16271074240706673,-0.7613237080494175,-1.2219631790643573,0.18219000196437937,1.2399829323084974,0.458786785036222,0.47117681866268996,0.10503153187887013,-1.0778486694425604,-0.21707238158772646,0.05842072121627316,0.16128638720077149,-0.7187587673596726,0.8824701382585615,1.1255225696892412,-0.590994035118704,-0.22292725181961714,0.4444740249753554,-0.32
1.4875411216444423,-1.3058890867819588,-0.039246617098319815,-0.3065366682904134,-0.5673178223762868,0.19594636805534868,-0.14345171862716438,-0.43590133853746477,0.7259639174482652,-1.0917973172606028,0.25882024061655445,-0.9770144045523645,-0.21707238158772646,-0.503506251061349,0.07022642667880254,-1.1032667241153251,-0.6934013258147684,-0.3000343152947417,0.24528473569686013,-0.9995566612921497,-0.5620264375248744,-0.12
1.4902204431639954,1.2631388605504192,-0.10419021629224103,0.9690534692596127,0.5091889823782789,1.2992136802733096,0.22962137144596279,-0.4224861223494207,-0.7178976942646076,0.5291497596021276,0.11723229994740712,1.908279269888708,-0.21707238158772646,0.4466282167523668,-0.16801434460405257,0.8602189607605774,-0.28779529673042054,-0.35539257801660507,0.02161966586722316,0.1289160927964335,-0.6388306748585665,0.272
1.4928989670087993,0.068942795868371,-1.417948761872749,0.03548757931241088,-0.22934943812291536,-1.9384463412017845,-0.2396975100165684,-0.25724103532075165,-0.985486756385591,-0.24848569588581002,0.4980342621077779,0.8538629489145994,-0.21707238158772646,0.3792024043169575,-0.9455196829489934,0.015784958950480373,0.07082908778352391,-0.45132010722738775,1.0048589635718277,-1.1025273550589938,-0.09809571669549265,0.218
1.4955766942324196,-0.7164232277096343,0.7770736995874953,-1.2026556874050816,1.8807722675272376,-2.6112099862467444,0.9052707671234924,1.3239258183807063,-0.9439880364154972,-0.6495566016149396,0.12945071870401215,-1.419268049403979,-0.21707238158772646,0.3427622372757564,-0.39551899600826174,-0.9552559395571024,1.442277841078715,1.438029117895518,-0.7886421356138276,1.479822935150635,1.3179161171205254,-0.164
1.4982536258859616,1.6105201515421013,0.5951163079158054,0.005823373125353901,0.42344761835890843,0.41516270997090987,0.5166313894565914,0.6811549498131787,1.3887037707394099,-0.16716133924108023,0.8964959713940682,1.212014543607274,-0.21707238158772646,-0.013581698220783032,0.8777055179816594,0.5953951675098514,0.8960413083942824,0.9710330604692482,-1.4777820856467578,1.1338965026039947,0.08797322353650508,-0.164
1.5009297630180654,-1.2028524525180568,0.4546665298556225,0.21942994071638786,-1.4614200878922141,-1.0976908909196033,1.275487653416369,1.866443023351558,-0.7715672998969342,-0.4111878158608267,-0.5737590315484229,-1.7233821174559105,-0.21707238158772646,0.8973458084190485,-0.5725286300110441,-0.933296226318818,1.637679517722543,1.4716681289955833,-0.9153644189137717,-0.07532968420157812,1.736107731256487,-0.253
1.503605106674925,-0.10682051803703435,1.0289355511182459,-0.038479383516305074,0.03287894244615686,0.9266204538466912,1.4934827417007166,0.23200889335180758,-1.749871346490988,-0.568145673981742,-0.20024930375216665,-1.0778486694425604,-0.21707238158772646,0.8948387158137155,1.0926984916140416,-0.17073880062206453,1.0661577428143636,0.7098195243142416,-0.5222338944525218,0.916364702476146,1.768581118228501,-0.155
1.5062796579002884,-0.5241102209287443,0.736504829372416,0.04663825676065942,-0.20569183311409855,2.2561184667740224,0.13034910775448186,-1.6138333279799173,-0.6342646435642574,-1.8202110355758943,-1.7717844602621506,-0.2419414502649959,-0.21707238158772646,0.4466282167523668,0.9806603195592782,0.5504180975121715,-1.1085878580151847,-1.3756302832717344,1.2459763275850686,-0.6883736529456167,-0.44098034128681274,-0.008
1.5089534177354713,0.04304968868800091,-0.14305311041409788,0.8590177002441062,-0.7203504950995236,-1.0172817973731458,-0.9624452338671934,0.05652436808877092,0.33946437286790576,0.1405450610159668,0.9031826853776068,0.7154817214359468,-0.21707238158772646,0.7360070276168743,0.12812966280511698,1.296194731775642,0.03556113400369828,-0.2895694889283555,-0.07729038434377186,-0.3226234828403783,-0.6131610972457053,0.087
1.511626387219363,0.5781093531906208,-0.47025341134612614,0.7421229858021454,-0.44024214260872085,0.34209196196398745,-1.2325549400851643,0.8409291249497989,1.5102898131050893,-0.35307179318017906,-0.05199078312667701,0.08675658072465599,-0.21707238158772646,0.7233259027195164,0.6307456429998761,0.07435782734500879,1.5840403104042182,1.1354976333305782,-1.3297175424216297,0.6783450341991277,-0.023150049349148997,-0.442
1.5142985673884353,-0.7310183235824494,-1.2483407640040118,-1.669708571071242,-1.866738453648318,0.14479410961758388,-0.26161628976764006,0.613654856709853,0.27227934855508856,1.3281356138542983,1.342054997524215,-1.1242133129078622,-0.21707238158772646,-1.244363760147736,-0.4278168952007212,-1.7212154425510593,-0.48926981731938385,0.40939833584259633,-0.4061865216978525,-0.6389589159427826,0.8304586207811022,-0.133
1.5169699592767492,1.5773115757201466,0.1568729576454913,0.11384682198943806,-0.6168784193248873,1.7740399027162912,0.47826996583498904,0.1510873829236664,-0.6790901705866131,-0.7542529668265247,2.0208034864605997,1.8031060178232288,-0.21707238158772646,-0.4841198092376977,-0.32266321443288815,0.5616596356100451,-0.7841606884598183,-0.1076203577034249,-0.3266622282088714,-0.0006503717357196671,-0.03915189148053974,0.275
1.5196405639159618,0.2125403183476072,-0.4511618879687448,-0.6546550544022756,-0.08314723445208103,0.37132042428839157,0.8633305124729026,-0.2866505425268292,-1.0476454063524496,-0.26010492188276896,-0.22372797372063147,0.5875202990655615,-0.21707238158772646,-0.06984409370182174,-0.1434917700123177,0.12181217297163993,-0.46286288773657985,-0.557989609887945,0.5572187063611869,-0.1308796071654014,0.27481475200306,-0.004
1.522310382335342,0.6036979900868182,-0.09770553516281079,0.5949275911936172,-0.07669958931236041,-1.1781018573895525,-1.0747350054845564,-0.4527110405460184,1.3420041707757784,-0.20782127674394857,0.11723229994740712,0.5020879260633174,-0.21707238158772646,0.8244629083911914,0.8948336167920365,0.5251313017556393,0.020218498071094115,-0.47533561874620245,0.602403964863909,-0.4104932880856235,-0.8758262571700095,-0.094
1.5249794155617657,-0.4311010930553947,-2.5621512363382823,-2.0985615098652977,0.14239852512016685,-0.8710881981685864,-2.0180971525352547,0.22010525888201907,1.3357802766648872,1.894283345110548,1.722610941484025,-0.30677624980049123,-0.21707238158772646,-2.3750711773893736,-2.802253851135223,-2.071902795756004,-1.739918148255771,-0.6453180006604363,0.9704180882311398,-0.9269966871883796,-1.2780631845651766,0.154
1.527647664619737,-2.512116528140416,0.9742331931209918,0.07644430099611314,0.3505399946311234,-1.2731354337890655,-1.0387621619023557,0.0008078703685417036,-0.0622514542115744,-0.32401715759634847,0.6396375227958716,-1.7755214071360386,-0.21707238158772646,0.6597513946947199,1.1619051091776105,-0.6553500636196975,0.45549341723044656,-0.013996990660701857,0.8025352697130547,-0.25206535945310854,0.014064284876993578,-0.305
1.5303151305313862,0.2440733012652361,1.2698488164850432,-0.19893288172028697,0.07583478989876252,-0.62988197515573,0.38852583733339374,0.25572763778105045,1.4105091912578724,-0.5100055847747114,-0.7240477383393876,-0.05315980749264312,-0.21707238158772646,0.1485620096703931,0.622276489023466,0.7699548420490113,0.49500732128419733,0.1489008067530787,-0.2879717544831912,-0.4496473230402925,-0.2884509032194686,-0.48
1.5329818143164824,-1.3618901664451915,0.6623272181766096,0.6503662627769592,-0.45531457620778654,-1.1634815417188864,-1.38653956957035,-0.5169998174806257,0.9171802230632319,0.11733112666377753,-0.17080753552782332,-0.6236039828986866,-0.21707238158772646,0.48538194455142175,-1.7230400192975466,0.16650619303879702,-0.19206794864852642,-0.6769781658848306,1.1060355450873265,-1.2717892832765476,-1.2115024295346963,-0.285
1.5356477169924403,0.011383974069979218,-0.2977291218771319,-0.24574024185032983,-0.6966331945761838,0.7147386974683426,0.33709790665155914,0.2081721319719358,-0.183304640786151,1.1661838005127476,0.6526265043855952,-0.037001318116833035,-0.21707238158772646,-0.5785453158686584,-0.28207688788232366,-0.5449157203674598,0.3367622318016206,0.4343068473656329,-0.9132167875123638,0.4263693898979872,0.3588894251904826,-0.08
1.538312839574327,-2.0374154865483325,-0.4384233859141005,0.07644430099611314,0.25185977453388647,-1.5948074193391137,-0.7746383561169149,-0.09020459641100372,-0.7298307086340258,1.576680587178983,-0.0758895747065283,-1.4986390985295968,-0.21707238158772646,0.13005121513357942,0.012477359712638907,-0.256858014285885,-0.14582826391921863,-0.44531831335678906,1.0371483111910498,-0.5970357940962283,0.05110555990640737,-0.154
1.5409771830748742,0.45849097318763415,-2.3708616923261014,-2.1192965753319313,-0.7376012971770028,0.13017905403638294,1.3167552205853315,1.6582889923140611,-0.1228186315073632,1.9923805075619079,2.0435649401383036,-0.4988928034935882,-0.21707238158772646,-1.510937610039998,0.7156085756658812,-2.0342521600060635,0.5299361207522775,1.593162474400215,-1.7737843381457365,0.6619332004896632,1.6348123051815273,-0.135
1.543640748504478,-0.18481301199322364,-0.08472971881867786,-0.4372370614826551,1.9340164645053668,-0.578719106405498,-0.40669018959845027,-0.033533116559189904,-0.12887090017302502,-0.969549941195014,-0.6575946728032493,0.18613765876698882,-0.21707238158772646,0.5034308021214079,-0.8114224916662949,0.19725077140416608,0.3352381611415649,0.1104648953292067,0.2646430527039731,0.6196851566690992,-0.1845873668677367,0.027
1.5463035368712144,0.5354269832947203,-1.5798648811341416,0.12885290939911248,-0.05091106893679179,-0.571410184265478,-1.985815574877704,-1.893511962534406,0.5845286975094748,1.0909633551592448,-0.04001577728515585,1.0264995669317136,-0.21707238158772646,0.1088658310375652,0.9291270660405921,-0.23742192180612806,-1.2753229830126052,-1.5839397956672845,1.3105704172981543,-1.7925113905728953,-1.9360257340286042,-0.02
1.5489655491808412,-0.2976751903852369,-1.7106065437362414,-1.6725714935810634,0.31836679558141295,-0.7102822379935657,-0.02577579182590408,1.2399829323084974,0.07431679441173487,0.7030089062211488,-0.4606252330181568,-1.09966457669983,-0.21707238158772646,-0.9086778438417288,-0.2495508452696435,-1.5395521633576918,0.6648718461916306,1.1895635105461455,-1.2116669354284453,0.879165912219375,1.3498690194819576,-0.07
1.5516267864368112,-0.03182924025943297,0.4613332989210528,0.3685910301458008,-1.0116694546690386,0.9923746290470401,-0.16092696828400724,-1.0363290147303075,-0.2919719294681616,0.0012388144072276435,-0.8878363348353695,0.43527215648357204,-0.21707238158772646,0.4336866859884841,0.5546355376038622,0.9930006813919633,-0.7559680064241759,-1.2336242287223689,1.039300969543018,-0.9745106220364126,-0.8029787961839907,0.07
1.5542872496402724,1.8944222840462746,-0.1882951886548636,0.28414874833233783,-0.2981875817558522,0.23979062272797172,1.571206732133794,1.9911587239159998,-0.23163438273042528,-0.06262792607722474,0.5300130441414653,0.6835119890391771,-0.21707238158772646,0.7436103267951,0.445145144766489,0.17209506086266363,1.5214051086663685,1.7319984625335456,-2.305267969693305,1.2695664663608768,2.102317841545542,0.237
