0,1,2,3,4,5,6,7,8,9,10,11,12,13,14,15,16,17,18,19,20,y
0.0,0.08704453441295547,0.7177615571776156,-0.23215686274509803,0.6591107236268526,-0.3374233128834356,0.2824858757062147,0.37238493723849375,-0.6589928057553958,-0.05686789151356081,-0.0779436152570481,-0.4587813620071684,0.4708304735758408,-0.7507163323782235,-0.2780401416765053,-0.7214452214452215,0.025878003696857672,-0.40701219512195125,0.4313967861557478,-0.3206793206793207,-0.469601677148847,1.0
0.001001001001001001,0.31781376518218624,0.3734793187347932,0.09411764705882353,0.5379250217959896,-0.22922476296709426,0.4485875706214689,0.27615062761506276,-0.5712230215827339,0.024496937882764653,0.3648424543946932,-0.08691756272401434,0.582704186684969,-0.058739255014326655,-0.03364817001180638,-0.6800699300699301,-0.49476278496611215,-0.3643292682926829,0.4925834363411619,-0.4865134865134866,-0.6708595387840671,1.0
0.002002002002002002,0.058029689608636977,0.35523114355231145,0.3341176470588235,0.17872711421098517,-0.06469604015616286,0.6519774011299434,-0.07531380753138076,-0.28920863309352524,-0.23009623797025372,0.18573797678275292,0.29121863799283154,0.7398764584763212,-0.42406876790830944,0.04309327036599764,-0.6037296037296037,-0.23166974738139248,-0.5289634146341463,0.06242274412855377,-0.10889110889110891,-0.07756813417190776,1.0
0.003003003003003003,0.3954116059379217,0.610705596107056,0.09411764705882353,0.6320836965998256,-0.09313998884551032,0.415819209039548,0.4309623430962343,-0.5971223021582734,-0.0026246719160104987,0.2354892205638474,-0.09139784946236558,0.5710363761153053,-0.6948424068767909,-0.03659976387249115,-0.6013986013986015,-0.3721503388786198,-0.3605182926829268,0.465389369592089,-0.49550449550449555,-0.449685534591195,1.0
0.004004004004004004,0.5114709851551957,0.9635036496350367,-0.1019607843137255,0.6634699215344376,-0.16675962074735082,0.34689265536723163,0.5090655509065551,-0.6366906474820144,0.21434820647419073,0.3449419568822554,-0.10035842293906809,0.606726149622512,-0.6647564469914041,-0.13164108618654075,-0.833916083916084,-0.436845348120764,-0.3955792682926829,0.7398022249690976,-0.7352647352647353,-0.8155136268343817,1.0
0.005005005005005005,0.194331983805668,0.31630170316301703,0.15372549019607845,0.5736704446381866,-0.1143335192414947,0.5062146892655367,0.3179916317991632,-0.6079136690647482,0.17410323709536307,0.4477611940298508,0.03494623655913978,0.5943719972546327,-0.3510028653295129,-0.10153482880755607,-0.6433566433566434,-0.3123844731977819,-0.38185975609756095,0.3337453646477132,-0.4175824175824176,-0.4863731656184487,1.0
0.006006006006006006,0.3164642375168691,0.45255474452554745,-0.04784313725490196,0.6059285091543155,-0.3301728945900725,0.2790960451977401,0.2649930264993027,-0.49640287769784175,0.39282589676290464,0.2752902155887231,-0.09946236559139784,0.7076183939601921,-0.30515759312320917,-0.1806375442739079,-0.49533799533799533,-0.3049907578558225,-0.40472560975609756,0.5080346106304079,-0.15384615384615385,-0.31027253668763105,1.0
0.007007007007007007,0.16194331983805668,-0.019464720194647202,0.1835294117647059,0.6399302528334786,-0.04350250976017847,0.4248587570621469,0.3096234309623431,-0.30071942446043165,-0.21172353455818022,-0.10281923714759536,0.09946236559139784,0.5298558682223747,0.2492836676217765,0.04899645808736718,-0.7371794871794871,-0.2563154651879236,-0.7698170731707317,0.09641532756489493,-0.6073926073926075,-0.639412997903564,1.0
0.008008008008008008,0.08434547908232119,0.4367396593673966,-0.0203921568627451,0.5178727114210985,-0.17791411042944785,0.5740112994350283,0.2287308228730823,-0.43165467625899284,0.13035870516185477,0.07628524046434494,-0.025985663082437275,0.6616334934797529,-0.22349570200573068,-0.20365997638724911,-0.7319347319347319,-0.18114602587800369,-0.5678353658536585,0.39864029666254636,-0.5634365634365635,-0.6761006289308177,1.0
0.009009009009009009,0.27125506072874495,0.4440389294403893,0.5890196078431373,0.4838709677419355,0.14110429447852763,0.3785310734463277,-0.09902370990237098,-0.4388489208633094,-0.2992125984251969,0.2885572139303482,0.4704301075268817,0.8270418668496912,-0.3180515759312321,0.11865407319952775,-0.7861305361305362,-0.4195933456561923,-0.698170731707317,0.33065512978986406,-0.5524475524475525,-0.6981132075471699,1.0
0.01001001001001001,0.18286099865047234,0.27615571776155723,0.1192156862745098,0.5928509154315607,-0.037367540435025104,0.888135593220339,0.35843793584379363,-0.5410071942446043,-0.13648293963254593,-0.04643449419568823,0.11200716845878135,0.5655456417295813,-0.12034383954154729,0.09327036599763873,-0.9265734265734267,-0.10227972889710413,-0.8132621951219512,0.13411619283065512,-0.5984015984015985,-0.7610062893081762,1.0
0.011011011011011011,0.5182186234817814,0.19951338199513383,0.07215686274509804,0.5213600697471665,-0.14054656999442275,0.2937853107344633,0.3305439330543933,-0.6525179856115109,-0.26071741032370954,-0.15920398009950248,-0.0510752688172043,0.6410432395332876,-0.29512893982808025,-0.10330578512396695,-0.6043123543123543,-0.49537892791127547,-0.5640243902439024,0.5809641532756489,-0.48251748251748255,-0.4339622641509434,1.0
0.012012012012012012,0.06950067476383266,0.2749391727493917,-0.2996078431372549,0.45422842197035745,-0.4199665365309537,0.36610169491525424,0.24407252440725244,-0.302158273381295,0.3464566929133858,0.16086235489220566,-0.2840501792114695,0.6582017844886753,-0.027220630372492838,-0.3435655253837072,-0.5524475524475524,0.07578558225508318,-0.3879573170731707,0.13164400494437575,-0.09990009990009992,-0.2117400419287212,1.0
0.013013013013013013,0.1484480431848853,0.35279805352798055,0.5121568627450981,0.5178727114210985,-0.13441160066926938,0.5548022598870056,0.04463040446304045,-0.5553956834532374,-0.35345581802274717,-0.10945273631840798,0.27419354838709675,0.9492107069320521,-0.26361031518624645,-0.07378984651711924,-0.8403263403263403,-0.33641404805914976,-0.5739329268292682,0.26081582200247216,-0.5964035964035964,-0.6519916142557652,1.0
0.014014014014014014,0.02766531713900135,0.3430656934306569,-0.1623529411764706,0.5553618134263295,-0.1701059676519799,0.3254237288135593,0.3779637377963738,-0.6467625899280576,0.3219597550306212,0.14262023217247097,-0.18637992831541217,0.514070006863418,-0.15759312320916907,-0.2449822904368359,-0.7884615384615384,0.16943930991990144,-0.3932926829268293,0.3288009888751545,-0.4285714285714286,-0.4842767295597485,1.0
0.015015015015015015,0.2631578947368421,0.10462287104622871,-0.0611764705882353,0.4638186573670445,-0.1483547127718907,0.4406779661016949,0.16736401673640167,-0.41870503597122305,-0.07786526684164478,-0.03814262023217247,0.016129032258064512,0.5964310226492793,-0.2922636103151863,0.0035419126328217238,-0.6148018648018648,-0.3820086260012323,-0.6783536585365854,0.27935723114956734,-0.3626373626373627,-0.4234800838574424,1.0
0.016016016016016016,0.2773279352226721,0.5462287104622872,-0.0996078431372549,0.6303400174367916,-0.06525376464026772,0.15593220338983052,0.22315202231520226,-0.6107913669064748,-0.07611548556430446,0.373134328358209,-0.19354838709677416,0.669869595058339,-0.36532951289398286,-0.08028335301062575,-0.594988344988345,-0.24645717806531117,-0.36356707317073167,0.44622991347342394,-0.26773226773226777,-0.4475890985324948,1.0
0.01701701701701702,0.32118758434547906,0.5389294403892945,0.11215686274509803,0.5649520488230165,-0.07027328499721137,0.5220338983050847,0.301255230125523,-0.6,-0.0804899387576553,0.15920398009950248,-0.0026881720430107525,0.7220315717227179,-0.08882521489971347,-0.07674144037780402,-0.6066433566433566,-0.39987677141096734,-0.3719512195121951,0.42583436341161923,-0.2327672327672328,-0.5712788259958071,1.0
0.018018018018018018,0.12280701754385964,0.2980535279805353,0.0031372549019607846,0.5937227550130776,-0.07138873396542109,0.5502824858757062,0.3821478382147839,-0.6244604316546764,-0.08223972003499562,-0.02155887230514096,0.059139784946236555,0.5394646533973919,0.024355300859598857,-0.07378984651711924,-0.6940559440559441,-0.2784966112138016,-0.5632621951219512,0.3158220024721879,-0.3016983016983017,-0.60062893081761,1.0
0.01901901901901902,0.09244264507422403,0.43795620437956206,0.10745098039215688,0.4228421970357454,-0.2559955382041272,0.5909604519774011,0.17573221757322177,-0.5856115107913669,0.10148731408573929,0.008291873963515755,-0.10035842293906809,0.6664378860672614,-0.06160458452722063,-0.2373081463990555,-0.6194638694638694,-0.18792359827479974,-0.4961890243902439,0.34487021013597036,-0.3266733266733267,-0.5471698113207547,1.0
0.02002002002002002,-0.014844804318488529,0.22749391727493917,-0.23686274509803923,0.36094158674803833,-0.21137757947573899,0.7107344632768362,0.28312412831241285,-0.45107913669064753,0.09536307961504811,0.2719734660033168,-0.1496415770609319,0.5957446808510638,-0.34527220630372496,-0.1204250295159386,-0.581002331002331,-0.07763401109057301,-0.4733231707317073,0.07231149567367119,-0.11488511488511491,-0.3836477987421384,1.0
0.021021021021021023,0.5,0.7311435523114356,0.476078431372549,0.4115082824760244,0.11935303959843838,0.1672316384180791,0.3695955369595537,-0.5136690647482014,-0.35170603674540685,0.19402985074626866,0.3046594982078853,0.5339739190116678,-0.5544412607449857,0.1292798110979929,-0.6095571095571096,-0.782501540357363,-0.5983231707317073,0.5784919653893695,-0.3056943056943057,-0.36792452830188677,1.0
0.022022022022022022,-0.13562753036437247,0.3880778588807786,0.0596078431372549,0.3051438535309503,-0.10875627440044619,0.7028248587570621,0.14504881450488144,-0.4287769784172662,0.16447944006999124,0.3018242122719735,-0.004480286738351254,0.7014413177762525,-0.07879656160458454,-0.1180637544273908,-0.6340326340326341,-0.04313000616142946,-0.41158536585365857,0.06798516687268231,-0.07392607392607393,-0.2672955974842767,1.0
0.023023023023023025,0.35560053981106615,0.6399026763990269,0.22196078431372548,0.45074106364428945,0.09202453987730062,0.3220338983050847,0.5885634588563459,-0.6323741007194245,-0.4566929133858268,0.17910447761194032,0.06003584229390681,0.540837336993823,-0.34670487106017195,0.18772136953955137,-0.7668997668997669,-0.39371534195933455,-0.7233231707317073,0.4406674907292954,-0.4865134865134866,-0.3721174004192872,1.0
0.024024024024024024,0.32118758434547906,0.23844282238442824,0.6666666666666667,0.7122929380993896,0.2632459564974902,0.6225988700564972,0.4281729428172943,-0.4057553956834532,-0.5739282589676291,0.08623548922056384,0.5277777777777777,0.5676046671242279,-0.017191977077363897,0.38193624557260925,-0.8350815850815851,-0.5804066543438078,-1.0,0.21817058096415326,-0.5484515484515485,-0.7777777777777778,1.0
0.025025025025025027,0.3144399460188934,0.10218978102189782,0.47215686274509805,0.45771578029642546,0.13218070273284996,0.5683615819209039,0.26359832635983266,-0.5352517985611511,-0.3193350831146107,0.15920398009950248,0.23566308243727596,0.6650652024708305,-0.2421203438395416,0.18890200708382526,-0.7494172494172494,-0.3407270486752927,-0.5952743902439024,0.10135970333745364,-0.31168831168831174,-0.510482180293501,1.0
0.026026026026026026,0.008097165991902834,0.537712895377129,0.03294117647058824,0.5815170008718396,-0.21305075292805356,0.6723163841807909,0.2594142259414226,-0.3467625899280576,-0.03412073490813648,0.5306799336650083,-0.08870967741935483,0.6314344543582704,-0.22922636103151864,-0.09976387249114523,-0.6736596736596736,-0.08749229821318545,-0.42225609756097565,0.2552533992583436,-0.38761238761238764,-0.4067085953878407,1.0
0.02702702702702703,0.2699055330634278,0.2895377128953771,0.1027450980392157,0.6765475152571927,-0.07083100948131624,0.8384180790960452,0.2175732217573222,-0.6115107913669064,-0.09011373578302712,0.026533996683250415,-0.00985663082437276,0.7769389155799588,0.002865329512893983,-0.03246753246753247,-0.8263403263403263,-0.1226124460874923,-0.6204268292682926,0.22991347342398022,-0.5984015984015985,-0.6425576519916143,1.0
0.028028028028028028,0.21727395411605938,0.5596107055961071,-0.11686274509803922,0.3975588491717524,-0.12046848856664807,0.7197740112994351,0.36262203626220363,-0.543884892086331,0.21259842519685038,0.31011608623548925,-0.1039426523297491,0.4358270418668497,-0.6446991404011462,-0.04191263282172373,-0.5052447552447552,-0.23228589032655575,-0.3780487804878049,0.2836835599505562,-0.03796203796203797,-0.3060796645702306,1.0
0.02902902902902903,-0.037786774628879895,0.2542579075425791,0.06666666666666668,0.7053182214472538,-0.12214166201896264,0.519774011299435,0.2663877266387727,-0.45035971223021587,-0.07349081364829396,-0.03648424543946932,0.13172043010752688,0.5820178448867536,-0.27507163323782235,-0.06139315230224321,-0.6835664335664337,-0.25939617991374,-0.7507621951219512,0.23671199011124844,-0.4565434565434566,-0.4675052410901468,1.0
0.03003003003003003,0.1349527665317139,0.34671532846715325,-0.05098039215686275,0.45074106364428945,0.062465142219743454,0.5943502824858757,0.29567642956764295,-0.7237410071942446,-0.08223972003499562,0.04809286898839138,-0.004480286738351254,0.4811256005490734,-0.16332378223495703,0.03246753246753247,-0.5472027972027972,-0.18052988293284042,-0.680640243902439,0.27503090234857847,-0.2557442557442558,-0.28616352201257866,1.0
0.031031031031031032,-0.0775978407557355,0.24817518248175183,0.2831372549019608,0.5379250217959896,-0.09983268265476855,0.8282485875706215,0.3207810320781032,-0.39424460431654684,-0.4461942257217848,-0.36650082918739635,0.1568100358422939,0.7446808510638298,-0.07020057306590259,0.040141676505312876,-0.7698135198135198,-0.12507701786814543,-0.6547256097560975,-0.0315203955500618,-0.5474525474525476,-0.8113207547169812,1.0
0.03203203203203203,0.47165991902834004,0.6581508515815085,0.06823529411764706,0.6460331299040977,-0.1533742331288344,0.21694915254237288,0.35843793584379363,-0.7546762589928058,0.04549431321084864,0.30845771144278605,-0.11559139784946236,0.4557309540150995,-0.48853868194842415,-0.1204250295159386,-0.5833333333333333,-0.4300677757239679,-0.38414634146341464,0.7280593325092706,-0.37762237762237766,-0.3888888888888889,1.0
0.03303303303303303,0.21997300944669368,0.33333333333333337,0.47215686274509805,0.7271142109851787,-0.029001673173452314,0.7977401129943502,0.12831241283124128,-0.46978417266187056,-0.18722659667541558,0.05472636815920399,0.3333333333333333,0.8599862731640355,-0.20630372492836677,0.06906729634002362,-1.0,-0.3807763401109057,-0.7964939024390243,0.3207663782447466,-0.8851148851148852,-0.7683438155136268,1.0
0.03403403403403404,0.7354925775978408,0.6751824817518249,0.2627450980392157,0.6939843068875328,0.22922476296709426,0.40338983050847455,0.4351464435146444,-0.7625899280575541,-0.4304461942257218,0.22885572139303484,0.25,0.6060398078242965,-0.28223495702005735,0.2408500590318772,-0.953962703962704,-0.6777572396796058,-0.7454268292682926,0.6137206427688504,-0.6403596403596404,-0.7568134171907757,1.0
0.035035035035035036,0.5661268556005398,0.6849148418491484,0.17490196078431375,0.6791630340017437,-0.2810931399888455,0.20564971751412428,0.37935843793584384,-0.6841726618705036,0.053368328958880135,0.013266998341625208,0.006272401433691756,0.6842827728208648,-0.39684813753581666,-0.16765053128689492,-0.8158508158508158,-0.4121996303142329,-0.47865853658536583,0.6915945611866502,-0.6713286713286715,-0.7819706498951782,1.0
0.036036036036036036,0.5087719298245614,0.22871046228710465,0.4133333333333334,0.5448997384481256,0.25320691578360294,0.3423728813559322,0.0697350069735007,-0.5187050359712231,-0.4330708661417323,0.2802653399668325,0.37275985663082434,0.6966369251887439,-0.27793696275071633,0.2461629279811098,-0.8508158508158508,-0.6882316697473814,-0.8993902439024389,0.3399258343634116,-0.6563436563436564,-0.5387840670859539,1.0
0.037037037037037035,0.5398110661268556,0.3746958637469587,0.09254901960784313,0.6870095902353966,0.06023424428332404,0.40903954802259884,0.5774058577405857,-0.789928057553957,-0.5231846019247594,-0.26036484245439473,0.06630824372759855,0.6190803019903912,-0.22063037249283668,0.1605667060212515,-0.9061771561771561,-0.3850893407270487,-0.8605182926829268,0.3380716934487021,-0.7642357642357643,-0.7536687631027253,1.0
0.03803803803803804,0.393387314439946,0.5474452554744526,-0.06980392156862746,0.6660854402789886,-0.12548800892359174,0.4406779661016949,0.41841004184100417,-0.8381294964028778,0.2615923009623797,0.2769485903814262,-0.14516129032258063,0.6664378860672614,-0.31232091690544417,-0.09504132231404959,-0.7319347319347319,-0.3080714725816389,-0.4733231707317073,0.5290482076637824,-0.36963036963036966,-0.48322851153039836,1.0
0.03903903903903904,0.14439946018893388,0.025547445255474456,0.08470588235294119,0.5823888404533566,-0.09648633575013943,0.7661016949152543,0.16875871687587168,-0.7071942446043166,-0.2852143482064742,-0.08955223880597016,0.056451612903225805,0.8160603980782429,-0.060171919770773644,0.01652892561983471,-0.8653846153846154,-0.17067159581022798,-0.708079268292683,0.226823238566131,-0.6783216783216784,-0.7379454926624738,1.0
0.04004004004004004,0.42712550607287453,0.40754257907542585,0.10431372549019609,0.5326939843068875,0.042387060791968766,0.6045197740112994,0.3612273361227336,-0.6345323741007195,-0.05074365704286964,0.15091210613598674,0.017025089605734765,0.7028140013726836,-0.1346704871060172,0.08028335301062575,-0.4970862470862471,-0.5514479359211337,-0.5678353658536585,0.45117428924598263,-0.32267732267732274,-0.3165618448637317,1.0
0.04104104104104104,0.13765182186234817,0.18004866180048662,0.24862745098039218,0.43940714908456846,-0.0,0.6372881355932203,-0.18270571827057183,-0.4956834532374101,-0.38145231846019245,-0.01990049751243781,0.24372759856630824,0.7817433081674674,0.004297994269340974,0.08205430932703661,-0.8304195804195804,-0.21503388786198396,-0.8330792682926829,0.05500618046971569,-0.5604395604395606,-0.5188679245283019,1.0
0.042042042042042045,0.5492577597840755,0.6520681265206814,0.31137254901960787,0.6425457715780296,0.06023424428332404,0.1310734463276836,0.3082287308228731,-0.941726618705036,-0.1679790026246719,0.2885572139303482,0.08154121863799282,0.7131091283459162,-0.4169054441260745,0.05608028335301063,-0.9615384615384615,-0.5804066543438078,-0.5769817073170731,0.7441285537700865,-0.7472527472527474,-0.8867924528301887,1.0
0.043043043043043044,0.34615384615384615,0.12895377128953772,0.23372549019607844,0.4673060156931125,0.147239263803681,0.4836158192090395,0.38772663877266395,-0.5949640287769784,-0.3289588801399825,0.01990049751243781,0.12992831541218636,0.5538778311599176,-0.17908309455587393,0.1977567886658796,-0.7033799533799534,-0.4343807763401109,-0.7179878048780487,0.19592088998763904,-0.4005994005994007,-0.449685534591195,1.0
0.044044044044044044,0.2685560053981107,0.5985401459854015,0.18823529411764706,0.5989537925021796,-0.18851087562744007,0.4926553672316384,0.24267782426778242,-0.5805755395683454,0.2615923009623797,0.6169154228855721,-0.008960573476702509,0.6252573781743308,-0.6146131805157593,-0.1292798110979929,-0.7488344988344988,-0.36105976586568084,-0.3643292682926829,0.4301606922126081,-0.5434565434565436,-0.7201257861635221,1.0
0.04504504504504504,-0.05600539811066127,0.25790754257907544,0.05568627450980392,0.4228421970357454,-0.23870607919687675,0.6497175141242937,0.28451882845188287,-0.1892086330935252,0.030621172353455822,0.14759535655058043,-0.017921146953405017,0.5943719972546327,-0.24498567335243557,-0.12101534828807556,-0.41375291375291373,-0.27171903881700554,-0.46341463414634143,0.23053152039555005,0.14885114885114886,-0.05450733752620545,1.0
0.04604604604604605,-0.22537112010796223,0.18248175182481752,0.01803921568627451,0.3914559721011334,-0.18014500836586728,1.0,-0.043235704323570434,-0.4309352517985612,-0.03412073490813648,0.011608623548922057,0.01971326164874552,0.8908716540837337,-0.19197707736389688,-0.0295159386068477,-0.6252913752913752,0.0006161429451632779,-0.548780487804878,-0.07107540173053152,-0.5064935064935066,-0.4507337526205451,1.0
0.04704704704704705,0.13022941970310392,0.36009732360097324,0.02196078431372549,0.5684394071490846,-0.11321807027328501,0.5898305084745763,-0.040446304044630406,-0.4949640287769784,0.15223097112860892,0.21890547263681595,-0.00985663082437276,0.6135895676046671,-0.4914040114613181,-0.12868949232585597,-0.5844988344988344,-0.21072088724584107,-0.5038109756097561,0.2985166872682324,-0.1358641358641359,-0.4035639412997904,1.0
0.04804804804804805,-0.30296896086369773,0.20924574209245742,0.25882352941176473,0.4280732345248474,-0.12269938650306748,0.6361581920903954,0.22733612273361228,-0.3158273381294964,-0.05074365704286964,0.024875621890547265,0.1693548387096774,0.7556623198352779,-0.19484240687679086,-0.12632821723730814,-0.5186480186480187,-0.10104744300677758,-0.448170731707317,-0.05500618046971569,-0.06393606393606395,-0.20964360587002098,1.0
0.04904904904904905,0.48582995951417,0.7007299270072993,0.10666666666666669,0.5544899738448126,0.08031232571109871,0.20112994350282484,0.6834030683403068,-0.6,-0.05949256342957131,0.2885572139303482,0.005376344086021505,0.46328071379547014,-0.520057306590258,0.089728453364817,-0.7092074592074593,-0.4510166358595194,-0.5510670731707317,0.4592088998763906,-0.2997002997002997,-0.5670859538784068,1.0
0.05005005005005005,0.2726045883940621,0.551094890510949,-0.35215686274509805,0.8482999128160418,-0.354712771890686,0.10282485875706214,0.6345885634588564,-0.5575539568345325,0.4216972878390201,0.0779436152570481,-0.3548387096774193,0.2793411118737131,-0.40974212034383956,-0.42207792207792205,-0.6101398601398601,-0.2852741836105977,-0.37347560975609756,0.6872682323856614,-0.4505494505494506,-0.6949685534591196,1.0
0.05105105105105105,0.33535762483130904,0.6155717761557178,0.27450980392156865,0.49433304272013945,-0.040156162855549356,0.36271186440677966,0.5369595536959554,-0.43597122302158275,-0.024496937882764653,0.013266998341625208,0.14157706093189962,0.4344543582704187,-0.5100286532951289,-0.020070838252656438,-0.62995337995338,-0.43869377695625383,-0.6379573170731707,0.4270704573547589,-0.2147852147852148,-0.28721174004192873,1.0
0.05205205205205205,-0.0796221322537112,0.019464720194647202,-0.24705882352941178,0.5649520488230165,-0.40211935303959845,0.8225988700564971,0.3486750348675035,-0.22949640287769787,0.08398950131233596,0.023217247097844115,-0.26075268817204295,0.4605353466026081,-0.33954154727793695,-0.23317591499409682,-0.5134032634032634,-0.005545286506469501,-0.5175304878048781,0.0519159456118665,-0.033966033966033975,-0.3427672955974843,1.0
0.05305305305305305,0.16059379217273953,0.5072992700729927,0.07529411764705883,0.36442894507410634,0.007250418293363078,0.5220338983050847,0.3821478382147839,-0.3424460431654676,-0.18722659667541558,0.2205638474295191,0.17652329749103943,0.5751544269045984,-0.336676217765043,0.020070838252656438,-0.4603729603729604,-0.5040049291435613,-0.48551829268292684,0.21322620519159452,0.02297702297702298,-0.17714884696016772,1.0
0.05405405405405406,0.23076923076923078,0.3710462287104623,-0.22117647058823528,0.5213600697471665,-0.08923591745677636,0.48248587570621465,0.24267782426778242,-0.6575539568345324,0.04286964129483815,0.24212271973466,-0.15860215053763438,0.6678105696636925,-0.2492836676217765,-0.11983471074380167,-0.5547785547785548,-0.17128773875539127,-0.36661585365853655,0.41285537700865266,-0.43256743256743263,-0.5660377358490567,1.0
0.055055055055055056,0.06477732793522267,0.14598540145985403,-0.09725490196078432,0.4777680906713165,-0.28778583379810374,0.4135593220338983,0.398884239888424,-0.41294964028776976,0.25896762904636916,-0.10281923714759536,-0.17562724014336917,0.5216197666437886,0.18051575931232092,-0.29338842975206614,-0.4796037296037296,-0.09611829944547134,-0.3727134146341463,0.27564894932014833,-0.11288711288711291,-0.3480083857442348,1.0
0.056056056056056056,0.30229419703103916,0.41727493917274944,-0.02980392156862745,0.5135135135135135,-0.1533742331288344,0.38531073446327685,0.3096234309623431,-0.8352517985611512,0.14960629921259844,0.21061359867330018,-0.12455197132616487,0.6609471516815374,-0.20773638968481375,-0.16469893742621017,-0.574009324009324,-0.3820086260012323,-0.4542682926829268,0.5247218788627935,-0.24475524475524477,-0.4559748427672956,1.0
0.057057057057057055,0.4838056680161943,0.5827250608272506,0.2023529411764706,0.6329555361813426,0.19854991634132738,0.5265536723163842,0.4825662482566248,-0.60431654676259,-0.2537182852143482,0.11442786069651742,0.15412186379928314,0.638984214138641,-0.2693409742120344,0.2296340023612751,-0.8706293706293706,-0.4645717806531115,-0.7103658536585366,0.40234857849196537,-0.6843156843156845,-0.7924528301886793,1.0
0.05805805805805806,0.5647773279352226,0.5450121654501217,-0.23450980392156864,0.6434176111595467,-0.31790295593976575,0.19096045197740114,0.4281729428172943,-0.3827338129496403,0.13035870516185477,0.3349917081260365,-0.2840501792114695,0.5710363761153053,-0.2722063037249284,-0.10389610389610389,-0.46445221445221446,-0.3912507701786815,-0.4260670731707317,0.5809641532756489,-0.37262737262737267,-0.5817610062893083,1.0
0.05905905905905906,0.15587044534412955,0.19343065693430658,-0.052549019607843146,0.6495204882301656,-0.10373675404350251,0.576271186440678,0.42677824267782427,-0.6330935251798562,-0.09798775153105861,0.02155887230514096,0.032258064516129024,0.5730954015099519,0.017191977077363897,0.017119244391971666,-0.7004662004662005,-0.2698706099815157,-0.580030487804878,0.28862793572311496,-0.5194805194805195,-0.629979035639413,1.0
0.06006006006006006,0.2125506072874494,0.35766423357664234,-0.11215686274509803,0.5422842197035745,-0.24930284439486894,0.5502824858757062,0.37238493723849375,-0.5985611510791367,0.02799650043744532,-0.07296849087893864,-0.14336917562724014,0.6369251887439945,-0.06160458452722063,-0.1552538370720189,-0.6468531468531469,-0.22427603203943314,-0.44512195121951215,0.3331273176761434,-0.4205794205794206,-0.41404612159329146,1.0
0.06106106106106106,0.42780026990553305,0.5571776155717763,-0.05725490196078432,0.5989537925021796,-0.22141662018962635,0.37175141242937854,0.45467224546722457,-0.623021582733813,0.20822397200349954,0.32338308457711445,-0.21146953405017918,0.6485929993136581,-0.32521489971346706,-0.13282172373081463,-0.6258741258741259,-0.3820086260012323,-0.368140243902439,0.6285537700865265,-0.19880119880119884,-0.41090146750524115,1.0
0.062062062062062065,0.1437246963562753,0.6654501216545013,-0.08470588235294119,0.5658238884045336,-0.4171779141104295,0.6305084745762712,0.19107391910739194,-0.43597122302158275,0.2169728783902012,-0.04145936981757878,-0.21326164874551967,0.7886067261496225,-0.08452722063037249,-0.2615112160566706,-0.6975524475524476,0.030807147258163897,-0.47484756097560976,0.2911001236093943,-0.26973026973026976,-0.41928721174004197,1.0
0.06306306306306306,-0.3576248313090419,0.05717761557177616,-0.04313725490196079,0.49520488230165643,-0.2827663134411601,0.7491525423728814,0.3277545327754533,-0.3294964028776979,0.2283464566929134,-0.2819237147595357,-0.09946236559139784,0.6877144818119423,0.28366762177650434,-0.2668240850059032,-0.5512820512820512,-0.08317929759704253,-0.44969512195121947,0.051297898640296664,-0.03596403596403597,-0.3689727463312369,1.0
0.06406406406406406,0.16464237516869096,0.12287104622871048,-0.31058823529411766,0.7000871839581517,-0.2091466815393196,0.5909604519774011,0.4198047419804742,-0.5388489208633094,0.12160979877515311,0.26036484245439473,-0.25627240143369173,0.6328071379547014,0.12750716332378223,-0.15230224321133412,-0.5652680652680653,-0.14417744916820704,-0.41158536585365857,0.24042027194066748,-0.3976023976023977,-0.4549266247379455,1.0
0.06506506506506507,-0.19568151147098514,0.24087591240875916,-0.07137254901960785,0.6652136006974717,-0.1634132738427217,0.38305084745762713,0.6331938633193864,-0.6884892086330936,0.3665791776027996,0.11608623548922058,-0.19444444444444442,0.4612216884008236,-0.20200573065902577,-0.2473435655253837,-0.7523310023310023,-0.029574861367837338,-0.44207317073170727,0.22991347342398022,-0.5814185814185815,-0.7484276729559748,1.0
0.06606606606606606,1.0,0.8734793187347932,0.27294117647058824,0.7523975588491717,0.24707194645844954,0.1536723163841808,0.7071129707112971,-1.0,-0.22922134733158356,0.7014925373134329,0.11827956989247311,0.4625943719972546,-0.7177650429799427,0.21723730814639905,-0.8717948717948718,-1.0,-0.7484756097560975,0.9184177997527811,-0.6853146853146854,-0.8878406708595388,1.0
0.06706706706706707,-0.10998650472334684,-0.21897810218978103,0.06509803921568628,0.44289450741063646,-0.30897936419408817,0.7028248587570621,-0.043235704323570434,-0.6115107913669064,0.014873140857392827,-0.24875621890547264,0.06093189964157706,1.0,0.1848137535816619,-0.16528925619834714,-0.877039627039627,0.09673444239063463,-0.548780487804878,0.019159456118665017,-0.7412587412587414,-0.539832285115304,1.0
0.06806806806806807,-0.033738191632928474,0.25669099756691,0.07764705882352942,0.5527462946817786,-0.12102621305075294,0.3638418079096045,0.27196652719665276,-0.6784172661870503,0.13823272090988625,0.023217247097844115,-0.1603942652329749,0.6918325326012353,-0.04154727793696276,-0.20188902007083828,-0.5046620046620046,-0.10720887245841035,-0.573170731707317,0.22558714462299131,-0.08791208791208792,-0.1949685534591195,1.0
0.06906906906906907,0.1774628879892038,0.4939172749391728,-0.04,0.5928509154315607,-0.22810931399888454,0.7084745762711865,0.3863319386331939,-0.6165467625899281,0.01837270341207349,0.0679933665008292,-0.05555555555555555,0.6781056966369251,-0.08022922636103152,-0.1204250295159386,-0.7668997668997669,-0.012322858903265559,-0.4954268292682927,0.30778739184177994,-0.42757242757242764,-0.510482180293501,1.0
0.07007007007007007,0.7887989203778678,0.6909975669099756,-0.29254901960784313,0.6826503923278117,-0.12214166201896264,0.06440677966101695,0.8507670850767085,-0.9064748201438849,0.04286964129483815,0.11608623548922058,-0.3754480286738351,0.3191489361702128,-0.21060171919770773,-0.17886658795749705,-0.6631701631701631,-0.6136783733826248,-0.4504573170731707,0.896168108776267,-0.5884115884115885,-0.549266247379455,1.0
0.07107107107107107,0.44129554655870445,0.6131386861313869,-0.22039215686274513,0.7218831734960767,-0.403792526491913,0.4723163841807909,0.7698744769874478,-0.439568345323741,0.3639545056867891,0.22885572139303484,-0.29121863799283154,0.4481811942347289,-0.5931232091690545,-0.20247933884297523,-0.5681818181818182,-0.2402957486136784,-0.38109756097560976,0.5964153275648949,-0.3546453546453547,-0.5461215932914046,1.0
0.07207207207207207,-0.16734143049932523,0.2980535279805353,-0.15529411764705883,0.4219703574542284,-0.3379810373675404,0.6531073446327683,0.45327754532775455,-0.4496402877697842,0.21172353455818022,-0.21061359867330018,-0.15949820788530464,0.5991763898421414,-0.2879656160458453,-0.33884297520661155,-0.5897435897435898,-0.14109673444239065,-0.40701219512195125,0.22867737948084052,-0.36363636363636365,-0.3459119496855346,1.0
0.07307307307307308,0.40958164642375167,0.5425790754257908,0.12549019607843137,0.5239755884917175,0.08477412158393753,0.4983050847457627,0.3138075313807532,-0.6381294964028777,-0.05686789151356081,0.3018242122719735,0.10573476702508959,0.7336993822923815,-0.20630372492836677,0.10625737898465171,-0.7843822843822844,-0.3955637707948244,-0.604420731707317,0.3967861557478368,-0.5764235764235764,-0.5943396226415094,1.0
0.07407407407407407,0.9554655870445343,0.7992700729927008,-0.2023529411764706,1.0,0.19799219185722253,0.3728813559322034,0.8131101813110181,-0.8870503597122303,-0.268591426071741,0.06301824212271974,-0.14516129032258063,0.35415236787920384,-0.4656160458452723,0.1782762691853601,-0.7843822843822844,-0.7350585335797906,-0.7560975609756098,0.7812113720642768,-0.8201798201798203,-1.0,1.0
0.07507507507507508,-0.017543859649122806,0.31751824817518254,-0.11450980392156863,0.2964254577157803,-0.29615170105967653,0.6926553672316385,0.32914923291492326,-0.3424460431654676,-0.01837270341207349,-0.24875621890547264,-0.264336917562724,0.579958819492107,-0.14613180515759314,-0.16528925619834714,-0.36421911421911424,0.19963031423290203,-0.40777439024390244,0.027812113720642767,0.1028971028971029,0.008385744234800839,1.0
0.07607607607607608,0.05465587044534413,0.0012165450121654502,-0.12705882352941178,0.32781168265039234,-0.2230897936419409,0.576271186440678,0.24407252440725244,-0.4791366906474821,-0.17410323709536307,0.36650082918739635,-0.07974910394265232,0.6499656829100892,0.014326647564469915,-0.03128689492325856,-0.6066433566433566,0.0751694393099199,-0.36661585365853655,0.03584672435105068,-0.1208791208791209,-0.2368972746331237,1.0
0.07707707707707707,0.3036437246963563,0.36009732360097324,-0.35372549019607846,0.8169136878814298,-0.47573898494143896,0.45649717514124294,0.6806136680613668,-0.6136690647482015,0.09186351706036745,0.001658374792703151,-0.38440860215053757,0.49004804392587503,-0.3896848137535817,-0.3482880755608028,-0.6608391608391608,-0.3530499075785582,-0.4161585365853659,0.595797280593325,-0.6213786213786214,-0.7735849056603774,1.0
0.07807807807807808,0.22941970310391366,0.16301703163017034,0.3003921568627451,0.4359197907585004,-0.23480200780814278,0.6192090395480226,0.09065550906555091,-0.44676258992805756,-0.09623797025371829,-0.1011608623548922,0.022401433691756272,0.6890871654083733,-0.22922636103151864,-0.0731995277449823,-0.6771561771561772,-0.09981515711645102,-0.5243902439024389,0.2156983930778739,-0.39960039960039967,-0.4643605870020965,1.0
0.07907907907907907,0.5134952766531714,0.49878345498783455,-0.1427450980392157,0.6460331299040977,-0.17791411042944785,0.192090395480226,0.3668061366806137,-0.5575539568345325,0.1478565179352581,0.5837479270315091,-0.23476702508960573,0.42072752230610844,-0.14756446991404013,-0.07615112160566706,-0.5938228438228438,-0.5514479359211337,-0.3871951219512195,0.6093943139678615,-0.48951048951048953,-0.5639412997903565,1.0
0.08008008008008008,0.30296896086369773,0.572992700729927,0.11686274509803922,0.4123801220575414,-0.03290574456218628,0.4429378531073446,0.5258019525801952,-0.4791366906474821,-0.13648293963254593,0.11940298507462686,0.03046594982078853,0.3074811256005491,-0.4527220630372493,0.030696576151121605,-0.5501165501165501,-0.4935304990757856,-0.42987804878048774,0.4283065512978986,-0.4075924075924076,-0.42138364779874216,1.0
0.08108108108108109,0.04993252361673414,0.3345498783454988,-0.05647058823529412,0.4455100261551874,-0.09202453987730062,0.3502824858757062,0.17294281729428174,-0.7366906474820144,-0.016622922134733157,0.10281923714759536,-0.1075268817204301,0.6938915579958819,-0.29512893982808025,-0.06375442739079103,-0.6923076923076923,-0.07147258163894024,-0.41006097560975613,0.3084054388133498,-0.38061938061938067,-0.4171907756813418,1.0
0.08208208208208208,0.4257759784075574,0.8284671532846717,-0.1623529411764706,0.7384481255448997,-0.19687674288901283,0.23728813559322032,0.5034867503486751,-0.7971223021582735,-0.04111986001749781,0.18739635157545606,-0.20878136200716846,0.5792724776938916,-0.2492836676217765,-0.027744982290436836,-0.9032634032634033,-0.06038200862600124,-0.6288109756097561,0.5630407911001236,-0.6973026973026973,-0.5618448637316562,1.0
0.08308308308308308,-0.2813765182186235,0.031630170316301706,-0.3066666666666667,0.22057541412380122,-0.5677635248187396,0.4463276836158192,0.16596931659693165,0.041726618705035974,0.11286089238845144,-0.07628524046434494,-0.2580645161290322,0.6149622512010982,0.4369627507163324,-0.372491145218418,-0.37820512820512825,0.11891558841651263,-0.23323170731707316,-0.09394313967861556,-0.03996003996003997,-0.14779874213836477,0.0
0.08408408408408409,0.1902834008097166,0.5754257907542579,-0.049411764705882356,0.2537053182214472,-0.32961517010596764,-0.20564971751412428,0.43235704323570434,-0.3661870503597123,0.40682414698162733,0.548922056384743,-0.24910394265232974,0.544955387783116,-0.20630372492836677,-0.2373081463990555,-0.49475524475524474,-0.23906346272335183,-0.10213414634146342,0.38318912237330033,-0.13386613386613389,-0.2368972746331237,0.0
0.08508508508508508,-0.4109311740890688,0.0170316301703163,-0.12705882352941178,0.5047951176983435,-0.5872838817624093,0.19096045197740114,0.1576011157601116,-0.260431654676259,0.31758530183727035,-0.1724709784411277,-0.30197132616487454,0.634866163349348,0.23495702005730662,-0.4834710743801653,-0.6276223776223776,0.3099199014171288,-0.2423780487804878,0.032138442521631644,-0.4495504495504496,-0.5262054507337527,0.0
0.08608608608608609,0.23144399460188936,0.4793187347931874,-0.3019607843137255,0.37837837837837834,-0.5766871165644172,-0.13559322033898305,0.5676429567642957,-0.20503597122302158,0.3560804899387576,-0.0679933665008292,-0.24910394265232974,0.546328071379547,-0.36103151862464183,-0.538961038961039,-0.4382284382284382,-0.2138016019716574,-0.12957317073170732,0.5605686032138443,-0.04695304695304696,-0.3029350104821803,0.0
0.08708708708708708,-0.48717948717948717,-0.09975669099756691,-0.08,0.3993025283347864,-0.5566090351366425,0.3096045197740113,0.24546722454672246,-0.19424460431654678,0.07874015748031496,-0.3830845771144279,-0.09946236559139784,0.5648592999313657,0.27507163323782235,-0.44037780401416765,-0.8974358974358975,0.5040049291435613,-0.2164634146341463,-0.038318912237330034,-0.7162837162837163,-0.6876310272536689,0.0
0.08808808808808809,0.6140350877192983,0.5705596107055961,-0.06352941176470589,0.48823016564952054,-0.15672058003346348,-0.37966101694915255,0.2482566248256625,-0.8928057553956836,0.06824146981627296,0.23217247097844115,-0.16666666666666666,0.5909402882635552,-0.8037249283667623,-0.17886658795749705,-0.717948717948718,-0.248305606900801,-0.2858231707317073,0.6415327564894932,-0.37262737262737267,-0.5052410901467506,0.0
0.0890890890890891,0.101889338731444,0.5012165450121655,0.08862745098039217,0.2746294681778553,-0.5036252091466815,0.01807909604519774,0.16178521617852162,-0.010071942446043166,0.28171478565179353,0.3913764510779436,0.003584229390681003,0.4488675360329444,-0.2421203438395416,-0.29338842975206614,-0.39918414918414924,-0.13123844731977818,-0.07012195121951219,0.26823238566131025,-0.009990009990009992,-0.17610062893081763,0.0
0.09009009009009009,-0.17408906882591094,0.1362530413625304,-0.2580392156862745,0.25108979947689625,-0.5348577802565533,0.05536723163841808,0.2398884239888424,-0.14028776978417268,0.29658792650918636,-0.04145936981757878,-0.278673835125448,0.5442690459849004,-0.16045845272206305,-0.44451003541912637,-0.45862470862470867,0.12199630314232902,-0.21112804878048783,0.1557478368355995,0.05194805194805195,-0.2169811320754717,0.0
0.09109109109109109,0.0728744939271255,0.624087591240876,-0.2862745098039216,0.22144725370531823,-0.596765197992192,-0.2022598870056497,0.22733612273361228,-0.19352517985611514,0.5669291338582677,0.4129353233830846,-0.34498207885304655,0.5552505147563487,-0.6103151862464183,-0.5242030696576151,-0.28146853146853146,-0.1780653111521873,0.1798780487804878,0.35352286773794805,-0.06493506493506494,-0.09958071278825996,0.0
0.0920920920920921,0.3711201079622133,0.39416058394160586,-0.08705882352941177,0.4899738448125545,-0.2297824874511991,-0.20903954802259886,0.10460251046025104,-0.48489208633093533,0.17497812773403326,0.2819237147595357,-0.16129032258064513,0.6733013040494166,-0.12607449856733524,-0.22491145218417946,-0.44755244755244755,-0.25385089340727046,-0.33460365853658536,0.4592088998763906,-0.1228771228771229,-0.33542976939203356,0.0
0.09309309309309309,0.5762483130904184,0.5839416058394161,-0.12627450980392158,0.4716652136006975,-0.1935303959843837,-0.2621468926553672,0.44211994421199446,-0.7237410071942446,0.1426071741032371,0.4593698175787729,-0.10842293906810034,0.5497597803706246,-0.36532951289398286,-0.18417945690672963,-0.6567599067599068,-0.27171903881700554,-0.23018292682926828,0.522867737948084,-0.38361638361638367,-0.6153039832285115,0.0
0.0940940940940941,-0.21659919028340083,-0.07542579075425791,-0.15607843137254904,0.24585876198779422,-0.46235359732292247,0.14463276836158193,0.13389121338912136,-0.1827338129496403,0.11811023622047245,-0.1177446102819237,-0.19444444444444442,0.546328071379547,0.4756446991404012,-0.3004722550177096,-0.5681818181818182,0.15958102279728897,-0.17301829268292682,-0.05686032138442521,0.006993006993006994,-0.17924528301886794,0.0
0.09509509509509509,0.5917678812415654,0.5,-0.019607843137254905,0.35745422842197033,-0.03569436698271054,-0.11525423728813558,0.390516039051604,-0.6395683453237411,0.12773403324584426,0.3747927031509121,0.016129032258064512,0.455044612216884,-0.4154727793696275,-0.006493506493506493,-0.5314685314685315,-0.38878619839802836,-0.3567073170731707,0.40358467243510504,-0.19080919080919084,-0.2169811320754717,0.0
0.0960960960960961,0.06342780026990553,0.5170316301703163,-0.10901960784313727,0.43330427201394944,-0.18627997769102064,-0.32655367231638416,0.2496513249651325,-0.5230215827338129,0.1942257217847769,0.026533996683250415,-0.13978494623655913,0.5868222374742621,-0.6275071633237823,-0.27036599763872493,-0.5268065268065268,-0.11275415896487985,-0.27286585365853655,0.3658838071693448,-0.2117882117882118,-0.17190775681341722,0.0
0.0970970970970971,0.2631578947368421,0.5450121654501217,-0.24862745098039218,0.5693112467306016,-0.6084774121583938,0.0711864406779661,0.6080892608089261,-0.3079136690647482,0.4199475065616798,0.04809286898839138,-0.43458781362007165,0.426904598490048,-0.22922636103151864,-0.5,-0.5576923076923077,-0.08256315465187924,-0.25228658536585363,0.5067985166872682,-0.34865134865134867,-0.640461215932914,0.0
0.0980980980980981,0.14102564102564102,0.4464720194647202,-0.6282352941176471,0.2092414995640802,-0.6168432794199666,0.07344632768361582,0.1771269177126918,-0.4611510791366907,0.43569553805774275,0.42122719734660036,-0.586021505376344,0.6424159231297186,0.30515759312320917,-0.5608028335301063,-0.5174825174825175,0.21934688847812692,0.05106707317073171,0.3794808405438813,-0.13486513486513488,-0.15618448637316562,0.0
0.0990990990990991,0.048582995951417,0.3345498783454988,-0.26196078431372555,0.1028770706190061,-0.5119910764082544,-0.18192090395480226,0.37238493723849375,-0.1827338129496403,0.40769903762029747,0.3316749585406302,-0.3422939068100358,0.49210706932052156,0.021489971346704873,-0.4498229043683589,-0.4155011655011655,-0.08626001232285892,0.04192073170731707,0.3912237330037083,0.16783216783216787,-0.04507337526205451,0.0
0.1001001001001001,0.5229419703103914,0.5985401459854015,-0.25254901960784315,0.6373147340889276,-0.1946458449525934,0.020338983050847456,0.23152022315202234,-0.7553956834532375,0.25809273840769903,0.3797678275290216,-0.2697132616487455,0.5703500343170899,-0.34383954154727797,-0.2154663518299882,-0.6544289044289044,-0.1860751694393099,-0.3315548780487805,0.4585908529048207,-0.3976023976023977,-0.6593291404612159,0.0
0.1011011011011011,-0.028340080971659923,0.9562043795620438,-0.2643137254901961,0.25108979947689625,-0.5633017289459008,-0.013559322033898305,0.26359832635983266,-0.37266187050359717,0.531933508311461,0.4709784411276948,-0.4587813620071684,0.43514070006863415,-0.6776504297994269,-0.5407319952774499,-0.17773892773892774,-0.05052372150338879,0.21112804878048783,0.3257107540173053,0.10089910089910091,-0.0849056603773585,0.0
0.1021021021021021,0.13157894736842105,0.7652068126520681,0.05647058823529412,0.5457715780296425,-0.32738427216954824,0.13333333333333333,0.6080892608089261,-0.4057553956834532,0.15923009623797024,0.1625207296849088,-0.2222222222222222,0.3685655456417296,-0.6676217765042981,-0.21251475796930341,-0.5291375291375292,-0.25385089340727046,-0.28810975609756095,0.35846724351050674,-0.17582417582417584,-0.35010482180293506,0.0
0.1031031031031031,0.655195681511471,0.7250608272506083,-0.06980392156862746,0.4690496948561465,-0.11321807027328501,-0.2655367231638418,0.28172942817294283,-0.6330935251798562,-0.07961504811898512,0.2620232172470979,0.016129032258064512,0.5092656142759093,-0.7765042979942695,-0.09445100354191263,-0.6462703962703963,-0.4448552064078866,-0.30335365853658536,0.6168108776266996,-0.20179820179820182,-0.3249475890985325,0.0
0.1041041041041041,0.32186234817813764,0.6423357664233578,-0.4454901960784314,0.5239755884917175,-0.46235359732292247,-0.06214689265536723,0.32217573221757323,-0.402158273381295,0.4304461942257218,0.37645107794361526,-0.40053763440860213,0.5593685655456416,-0.22206303724928367,-0.3872491145218418,-0.351981351981352,-0.39741219963031427,-0.24009146341463414,0.5988875154511742,0.11788211788211789,-0.2809224318658281,0.0
0.10510510510510511,0.3744939271255061,0.40510948905109495,-0.13725490196078433,0.5980819529206627,-0.3463469046291132,-0.3423728813559322,0.5355648535564854,-0.46330935251798566,0.5389326334208224,0.4262023217247098,-0.33064516129032256,0.3857240905971174,-0.11461318051575932,-0.3902007083825266,-0.4388111888111888,-0.12199630314232902,-0.1570121951219512,0.5339925834363412,-0.1138861138861139,-0.3909853249475891,0.0
0.1061061061061061,0.06140350877192982,0.6070559610705596,-0.2988235294117647,0.4019180470793374,-0.5013943112102621,-0.08700564971751412,0.4811715481171548,-0.19712230215827342,0.6456692913385826,0.38142620232172475,-0.37813620071684584,0.3905284831846259,-0.24785100286532952,-0.3630460448642267,-0.3904428904428905,-0.18237831176833025,-0.10594512195121952,0.33868974042027195,-0.09790209790209792,-0.2672955974842767,0.0
0.10710710710710711,0.21187584345479082,0.15328467153284672,-0.3835294117647059,0.3975588491717524,-0.4578918014500836,-0.09717514124293784,0.39609483960948394,-0.4143884892086331,0.41469816272965876,-0.04145936981757878,-0.46415770609318996,0.4495538778311599,0.15759312320916907,-0.38193624557260925,-0.5075757575757576,0.12877387553912506,-0.16768292682926828,0.33250927070457353,-0.031968031968031975,-0.22746331236897274,0.0
0.10810810810810811,0.393387314439946,0.5656934306569343,-0.3858823529411765,0.6965998256320837,-0.5103179029559398,-0.08135593220338982,0.47001394700139476,-0.5028776978417266,0.5083114610673666,0.3416252072968491,-0.39068100358422936,0.5044612216884008,-0.30659025787965616,-0.4415584415584416,-0.47494172494172493,-0.23475046210720887,-0.24161585365853658,0.6384425216316439,-0.4125874125874126,-0.6750524109014675,0.0
0.1091091091091091,0.3576248313090419,0.4951338199513382,-0.44235294117647056,0.5204882301656495,-0.37311767986614613,-0.11073446327683616,0.13528591352859137,-0.5611510791366907,0.3359580052493438,0.5588723051409619,-0.35752688172043007,0.5250514756348661,-0.5143266475644699,-0.32172373081463995,-0.3735431235431236,-0.2945163277880468,0.0022865853658536584,0.4721878862793572,-0.2687312687312688,-0.4559748427672956,0.0
0.11011011011011011,0.3468286099865047,0.3953771289537713,0.07843137254901962,0.6512641673931996,-0.2643614054656999,0.06666666666666667,0.1701534170153417,-0.47482014388489213,0.1321084864391951,0.4643449419568823,-0.0582437275985663,0.7597803706245709,-0.5300859598853869,-0.20247933884297523,-0.6748251748251748,-0.11521873074553296,-0.31173780487804875,0.34177997527812115,-0.6933066933066934,-0.7012578616352202,0.0
0.1111111111111111,0.5458839406207827,0.7542579075425792,-0.2627450980392157,0.22057541412380122,-0.37311767986614613,-0.17853107344632768,0.17433751743375175,-0.34388489208633094,0.24321959755030623,0.10779436152570482,-0.3154121863799283,0.455044612216884,-0.7335243553008597,-0.27567886658795754,-0.2674825174825175,-0.34257547751078254,-0.125,0.5395550061804697,0.16283716283716287,-0.05765199161425577,0.0
0.11211211211211211,0.101889338731444,0.8236009732360098,-0.3074509803921569,0.49869224062772444,-0.4088120468488567,-0.2214689265536723,0.28172942817294283,-0.6762589928057554,0.5231846019247594,0.3217247097844113,-0.4534050179211469,0.6286890871654084,-0.26504297994269344,-0.4409681227863046,-0.46270396270396275,-0.04066543438077634,-0.13948170731707316,0.44004944375772553,-0.11988011988011989,-0.1467505241090147,0.0
0.11311311311311312,0.24493927125506074,0.7493917274939174,-0.07294117647058825,0.4289450741063644,-0.4366982710540993,0.14463276836158193,0.4449093444909345,-0.16762589928057556,0.3910761154855643,0.5870646766169154,-0.1021505376344086,0.41180507892930673,-0.5272206303724929,-0.2066115702479339,-0.5681818181818182,-0.25200246457178066,-0.1875,0.37268232385661304,-0.26473526473526476,-0.5083857442348009,0.0
0.11411411411411411,0.37314439946018896,0.6703163017031631,-0.3466666666666667,0.2598081952920662,-0.4143892916899052,-0.2790960451977401,0.4476987447698745,-0.42805755395683454,0.500437445319335,0.230514096185738,-0.4659498207885304,0.44680851063829785,-0.17621776504297995,-0.42207792207792205,-0.22377622377622378,-0.3111521873074553,-0.038109756097560975,0.6032138442521631,0.4005994005994007,-0.039832285115303984,0.0
0.11511511511511512,0.5020242914979757,0.5316301703163018,-0.17019607843137255,0.8125544899738448,-0.2559955382041272,-0.18757062146892656,0.5495118549511856,-0.5223021582733813,0.29746281714785655,0.19071310116086237,-0.2222222222222222,0.4474948524365134,-0.5702005730659027,-0.31463990554899646,-0.6917249417249418,-0.35366605052372146,-0.26981707317073167,0.707663782447466,-0.7352647352647353,-0.79979035639413,0.0
0.11611611611611612,-0.3016194331983806,0.1362530413625304,-0.44000000000000006,0.2144725370531822,-0.5532626882320134,-0.1344632768361582,0.4630404463040447,-0.35683453237410073,0.7454068241469816,0.2023217247097844,-0.5976702508960573,0.4975978037062457,0.060171919770773644,-0.6198347107438017,-0.49417249417249415,0.43561306223043744,-0.07469512195121951,0.12360939431396786,0.0009990009990009992,-0.22641509433962265,0.0
0.11711711711711711,0.31376518218623484,0.5,0.1623529411764706,0.2798605056669573,-0.2838817624093698,-0.07005649717514124,0.03347280334728034,-0.5215827338129496,-0.08836395450568679,0.024875621890547265,-0.0582437275985663,0.7570350034317089,-0.46275071633237824,-0.21841794569067297,-0.6305361305361306,-0.16081330868761554,-0.33536585365853655,0.32138442521631644,-0.4025974025974027,-0.22641509433962265,0.0
0.11811811811811812,0.5101214574898786,0.5802919708029197,-0.07529411764705883,0.4202266782911944,-0.39263803680981596,-0.0768361581920904,0.24267782426778242,-0.439568345323741,0.321084864391951,0.2769485903814262,-0.1711469534050179,0.3967055593685655,-0.39828080229226365,-0.3140495867768595,-0.5256410256410257,-0.34257547751078254,-0.18902439024390244,0.6174289245982695,-0.16883116883116886,-0.40146750524109015,0.0
0.11911911911911911,0.5877192982456141,0.6167883211678833,-0.30352941176470594,0.34786399302528337,-0.3725599553820413,-0.2248587570621469,0.42677824267782427,-0.5863309352517986,0.3762029746281715,-0.07296849087893864,-0.40232974910394265,0.5703500343170899,-0.5157593123209169,-0.40495867768595045,-0.41025641025641024,-0.21626617375231053,-0.26448170731707316,0.6668726823238565,0.03696303696303697,-0.24213836477987424,0.0
0.12012012012012012,-0.0310391363022942,0.40267639902676405,-0.09019607843137256,0.35309503051438534,-0.4316787506971556,0.3107344632768362,0.13249651324965134,-0.3165467625899281,0.25809273840769903,0.26865671641791045,-0.21684587813620068,0.7076183939601921,0.06303724928366762,-0.358913813459268,-0.4545454545454546,0.09611829944547134,-0.1760670731707317,0.10074165636588381,-0.14985014985014986,-0.36163522012578614,0.0
0.12112112112112113,0.13900134952766532,0.3394160583941606,-0.012549019607843138,0.28247602441150826,-0.5209146681539321,0.10621468926553672,0.23012552301255232,-0.17050359712230218,0.27209098862642167,0.4311774461028193,-0.24731182795698925,0.487302676733013,-0.017191977077363897,-0.3364817001180637,-0.31934731934731936,-0.3123844731977819,-0.19054878048780488,0.3053152039555006,-0.2067932067932068,-0.24947589098532494,0.0
0.12212212212212212,-0.247638326585695,0.01338199513381995,-0.06588235294117648,0.5571054925893636,-0.4182933630786392,0.12090395480225988,0.04602510460251046,-0.18489208633093526,0.29658792650918636,0.04145936981757878,-0.21236559139784944,0.5813315030885381,-0.11031518624641834,-0.41204250295159384,-0.6136363636363636,0.2643253234750462,-0.18292682926829268,0.09579728059332508,-0.26173826173826176,-0.5408805031446541,0.0
0.12312312312312312,-0.13157894736842105,0.6654501216545013,-0.5827450980392157,0.2598081952920662,-0.6871165644171779,-0.011299435028248588,0.301255230125523,-0.49640287769784175,0.8188976377952756,0.25538971807628524,-0.782258064516129,0.6293754289636239,-0.17478510028653296,-0.665879574970484,-0.46153846153846156,0.3031423290203327,0.22865853658536583,0.3627935723114956,-0.018981018981018984,-0.2610062893081761,0.0
0.12412412412412413,0.3225371120107962,0.5815085158150851,-0.2831372549019608,0.6242371403661726,-0.36475181260457334,0.09378531073446328,0.24546722454672246,-0.597841726618705,0.12860892388451442,0.23383084577114427,-0.21326164874551967,0.5971173644474949,-0.5,-0.22195985832349469,-0.7709790209790209,-0.08872458410351201,-0.30259146341463417,0.465389369592089,-0.6613386613386615,-0.8951781970649896,0.0
0.12512512512512514,-0.247638326585695,0.04866180048661801,-0.2407843137254902,0.4420226678291194,-0.5030674846625767,-0.08248587570621468,0.1771269177126918,-0.2935251798561151,0.16710411198600175,0.04311774461028192,-0.37275985663082434,0.6382978723404256,0.45128939828080233,-0.4132231404958678,-0.4813519813519813,0.07578558225508318,0.11585365853658536,0.10692212608158219,-0.33366633366633375,-0.41404612159329146,0.0
0.12612612612612611,0.3603238866396761,0.6970802919708029,-0.05803921568627451,0.28596338273757627,-0.26882320133853876,0.19548022598870055,0.5913528591352859,-0.3618705035971223,0.08398950131233596,0.4593698175787729,-0.11827956989247311,0.5229924502402196,-0.6776504297994269,-0.11570247933884298,-0.6398601398601399,-0.2698706099815157,-0.12652439024390244,0.3411619283065513,-0.3426573426573427,-0.5429769392033543,0.0
0.12712712712712712,0.21794871794871795,0.5778588807785888,-0.22666666666666666,0.6704446381865736,-0.2978248745119911,-0.4271186440677966,0.22594142259414227,-0.49712230215827335,0.1732283464566929,-0.01824212271973466,-0.45161290322580644,0.546328071379547,-0.32664756446991405,-0.35537190082644626,-0.44230769230769235,-0.1281577325939618,-0.24923780487804878,0.38627935723114953,-0.15584415584415587,-0.2557651991614256,0.0
0.12812812812812813,0.3272604588394062,0.5693430656934307,-0.07529411764705883,0.4001743679163034,-0.5203569436698272,0.004519774011299435,0.4560669456066946,-0.160431654676259,0.12510936132983375,0.05970149253731343,-0.26702508960573473,0.34111187371310914,-0.5816618911174786,-0.42207792207792205,-0.48776223776223776,-0.25693160813308685,-0.09984756097560976,0.5086526576019776,-0.18781218781218784,-0.3668763102725367,0.0
0.12912912912912913,0.4365721997300945,0.5827250608272506,-0.23921568627450981,0.4184829991281604,-0.294478527607362,-0.08135593220338982,0.26220362622036264,-0.35035971223021584,0.40332458442694663,0.2504145936981758,-0.2661290322580645,0.5058339052848319,-0.520057306590258,-0.29515938606847697,-0.3956876456876457,-0.34565619223659894,-0.022865853658536585,0.46786155747836833,-0.27572427572427577,-0.36792452830188677,0.0
0.13013013013013014,0.11268556005398112,0.25790754257907544,-0.023529411764705882,0.3583260680034873,-0.25041829336307864,0.015819209039548022,0.25383542538354253,-0.4877697841726619,0.08486439195100613,-0.05472636815920399,-0.17741935483870966,0.5456417295813315,-0.015759312320916905,-0.20956316410861864,-0.44580419580419584,-0.25200246457178066,-0.2164634146341463,0.24907292954264523,-0.05194805194805195,-0.20230607966457023,0.0
0.13113113113113112,-0.06612685560053981,0.41484184914841854,-0.2023529411764706,0.3931996512641674,-0.4221974344673731,0.10282485875706214,0.3947001394700139,-0.07913669064748202,0.45494313210848647,0.1890547263681592,-0.33602150537634407,0.30542210020590255,-0.06160458452722063,-0.32821723730814645,-0.19755244755244758,-0.14356130622304375,-0.09070121951219512,0.11619283065512978,0.14185814185814186,-0.10377358490566038,0.0
0.13213213213213212,0.4217273954116059,0.40510948905109495,-0.5152941176470589,0.40540540540540543,-0.36475181260457334,-0.02485875706214689,0.4644351464435147,-0.37266187050359717,0.4348206474190726,0.13930348258706468,-0.4086021505376344,0.4317089910775566,-0.01862464183381089,-0.32821723730814645,-0.4761072261072261,-0.1084411583487369,-0.0899390243902439,0.4647713226205191,-0.14085914085914086,-0.24737945492662475,0.0
0.13313313313313313,-0.21727395411605938,0.3321167883211679,-0.10901960784313727,0.3687881429816913,-0.35527049637479086,-0.0711864406779661,0.21478382147838215,-0.5899280575539568,0.34383202099737536,0.1442786069651741,-0.27777777777777773,0.5271105010295127,-0.0673352435530086,-0.3842975206611571,-0.5372960372960374,0.0073937153419593345,-0.27743902439024387,0.18479604449938195,-0.3026973026973027,-0.33018867924528306,0.0
0.13413413413413414,-0.21322537112010798,0.2141119221411192,0.13568627450980392,0.28596338273757627,-0.2693809258226436,0.08135593220338982,0.008368200836820085,-0.10215827338129496,-0.13823272090988625,0.19900497512437812,-0.06093189964157706,0.6458476321207961,-0.10744985673352436,-0.16765053128689492,-0.41666666666666663,-0.038817005545286505,-0.19588414634146342,0.019159456118665017,-0.02197802197802198,-0.07232704402515724,0.0
0.13513513513513514,0.30701754385964913,0.3126520681265207,-0.33176470588235296,0.4489973844812555,-0.5142219743446738,-0.2598870056497175,0.4504881450488145,-0.4237410071942446,0.5223097112860892,0.5207296849087895,-0.28315412186379924,0.4365133836650652,0.19914040114613182,-0.43034238488783944,-0.6509324009324009,-0.28958718422674057,-0.1410060975609756,0.6137206427688504,-0.4575424575424576,-0.6257861635220126,0.0
0.13613613613613615,0.7753036437246964,0.5632603406326034,0.02196078431372549,0.43940714908456846,-0.2465142219743447,-0.15593220338983052,0.46025104602510464,-0.47841726618705044,0.2388451443569554,0.1658374792703151,-0.15501792114695337,0.4488675360329444,-0.24785100286532952,-0.09090909090909091,-0.532051282051282,-0.4787430683918669,-0.3109756097560975,0.6396786155747836,-0.1118881118881119,-0.4392033542976939,0.0
0.13713713713713713,0.19635627530364372,0.51338199513382,0.005490196078431373,0.32519616390584133,-0.4612381483547128,-0.1310734463276836,0.2663877266387727,-0.1697841726618705,0.11461067366579178,0.05804311774461029,-0.12455197132616487,0.5483870967741935,-0.7120343839541547,-0.2715466351829988,-0.4015151515151515,-0.19716574245224894,-0.27515243902439024,0.3288009888751545,0.07192807192807193,-0.1058700209643606,0.0
0.13813813813813813,0.40620782726045884,0.5474452554744526,-0.3756862745098039,0.4899738448125545,-0.33184606804238703,0.10508474576271186,0.595536959553696,-0.8050359712230216,0.3867016622922135,0.5306799336650083,-0.3602150537634409,0.49073438572409056,-0.3295128939828081,-0.2207792207792208,-0.6416083916083916,-0.3573629081947011,-0.3010670731707317,0.5593325092707045,-0.48851148851148857,-0.59958071278826,0.0
0.13913913913913914,-0.15452091767881243,0.43552311435523117,0.15764705882352945,0.44638186573670446,-0.34857780256553267,-0.022598870056497175,-0.012552301255230125,-0.15755395683453238,0.4138232720909886,0.1691542288557214,-0.07258064516129031,0.6890871654083733,-0.24498567335243557,-0.3447461629279811,-0.31585081585081587,-0.14849044978434997,-0.15853658536585363,0.15327564894932014,0.02397602397602398,-0.27987421383647804,0.0
0.14014014014014015,0.007422402159244264,0.05109489051094891,-0.09647058823529413,0.34786399302528337,-0.40100390407138875,0.06101694915254237,0.055788005578800565,-0.43597122302158275,0.047244094488188976,-0.023217247097844115,-0.17562724014336917,0.8153740562800273,0.11747851002865331,-0.31523022432113346,-0.581002331002331,-0.030807147258163897,-0.20198170731707318,0.17676143386897403,-0.16483516483516486,-0.370020964360587,0.0
0.14114114114114115,0.016194331983805668,0.3807785888077859,-0.19294117647058825,0.3435047951176983,-0.6860011154489682,0.09378531073446328,0.44211994421199446,-0.25971223021582734,0.5993000874890639,0.014925373134328358,-0.4883512544802867,0.582704186684969,-0.3209169054441261,-0.642266824085006,-0.4976689976689977,0.09858287122612447,-0.05792682926829268,0.3733003708281829,-0.15884115884115887,-0.35115303983228513,0.0
0.14214214214214213,0.15991902834008095,0.5036496350364964,-0.00392156862745098,0.5405405405405406,-0.36140546569994425,0.14350282485875707,0.14365411436541142,-0.45035971223021587,0.23709536307961507,0.5074626865671642,-0.056451612903225805,0.37268359643102267,-0.20916905444126074,-0.17355371900826447,-0.6794871794871794,-0.06715958102279729,-0.27210365853658536,0.17367119901112485,-0.5344655344655346,-0.579664570230608,0.0
0.14314314314314314,0.04116059379217274,0.24087591240875916,-0.26039215686274514,0.5797733217088056,-0.551031790295594,0.19096045197740114,0.19246861924686195,-0.202158273381295,0.24234470691163607,0.2719734660033168,-0.3879928315412186,0.6266300617707619,0.015759312320916905,-0.3040141676505313,-0.44755244755244755,-0.08626001232285892,-0.13490853658536583,0.18912237330037082,-0.2867132867132867,-0.46226415094339623,0.0
0.14414414414414414,-0.14709851551956815,0.6228710462287105,-0.6164705882352942,0.5257192676547515,-0.5973229224762967,-0.10847457627118644,0.4714086471408648,-0.29640287769784174,0.8145231846019247,0.6334991708126037,-0.7320788530465948,0.4166094715168153,-0.4641833810888253,-0.6056670602125148,-0.2465034965034965,0.13739987677141097,0.15929878048780485,0.28862793572311496,0.05494505494505495,-0.28616352201257866,0.0
0.14514514514514515,0.47638326585695007,0.45012165450121655,-0.019607843137254905,0.4237140366172624,-0.27718906860011155,-0.2192090395480226,0.47698744769874485,-0.3122302158273382,0.05774278215223097,0.24046434494195687,-0.13440860215053763,0.36032944406314343,-0.6074498567335244,-0.23199527744982293,-0.4726107226107227,-0.4195933456561923,-0.19664634146341464,0.5580964153275648,-0.16583416583416585,-0.33333333333333337,0.0
0.14614614614614616,0.8974358974358975,0.5754257907542579,-0.3992156862745098,0.5989537925021796,-0.05744562186279978,-0.43163841807909603,0.8493723849372385,-0.8330935251798561,0.11023622047244094,0.43946932006633505,-0.2939068100358423,0.3754289636238847,-0.34097421203438394,-0.10330578512396695,-0.6025641025641026,-0.6826863832409119,-0.3315548780487805,0.9604449938195303,-0.4585414585414586,-0.5,0.0
0.14714714714714713,-0.09041835357624832,0.3479318734793187,-0.2815686274509804,0.3792502179598954,-0.5560513106525377,0.022598870056497175,0.20362622036262204,-0.464748201438849,0.32720909886264216,-0.10945273631840798,-0.3691756272401433,0.7982155113246396,-0.47851002865329517,-0.48937426210153484,-0.5757575757575758,0.1651263093037585,-0.12652439024390244,0.2175525339925834,-0.18581418581418582,-0.24737945492662475,0.0
0.14814814814814814,0.33535762483130904,0.6605839416058396,-0.4290196078431373,0.6756756756756757,-0.5616285554935861,-0.0519774011299435,0.4295676429567643,-0.5561151079136691,0.4094488188976378,0.47263681592039797,-0.5456989247311828,0.5202470830473576,-0.3882521489971347,-0.39315230224321135,-0.6293706293706294,-0.07948243992606285,-0.13643292682926828,0.4938195302843016,-0.24775224775224777,-0.6310272536687631,0.0
0.14914914914914915,0.06005398110661268,0.4671532846715329,-0.017254901960784313,0.3147340889276373,-0.45343000557724483,0.03389830508474576,0.3947001394700139,0.012230215827338131,0.2764654418197725,0.20729684908789386,-0.1603942652329749,0.4495538778311599,-0.35673352435530087,-0.3276269185360095,-0.3508158508158508,-0.330252618607517,-0.09070121951219512,0.3164400494437577,0.18481518481518483,-0.17714884696016772,0.0
0.15015015015015015,0.10526315789473684,0.26520681265206814,0.03372549019607843,0.45684394071490847,-0.3692136084774122,-0.10282485875706214,0.0794979079497908,-0.28057553956834536,0.24059492563429574,0.3117744610281924,-0.21326164874551967,0.39396019217570344,-0.10171919770773638,-0.2721369539551358,-0.587995337995338,-0.05545286506469501,-0.2271341463414634,0.292336217552534,-0.3326673326673327,-0.48322851153039836,0.0
0.15115115115115116,0.349527665317139,0.45498783454987834,-0.2,0.4280732345248474,-0.3006134969325154,-0.12542372881355932,0.1576011157601116,-0.3244604316546763,0.2537182852143482,0.5505804311774462,-0.2204301075268817,0.5676046671242279,-0.26217765042979946,-0.1729634002361275,-0.20046620046620045,-0.3573629081947011,-0.22560975609756095,0.3368355995055624,0.2077922077922078,-0.10796645702306079,0.0
0.15215215215215216,-0.020242914979757085,0.5669099756690998,-0.4047058823529412,0.13339145597210114,-0.5348577802565533,-0.0655367231638418,0.47001394700139476,-0.2517985611510791,0.5503062117235346,0.42454394693200664,-0.45161290322580644,0.4653397391901167,-0.7335243553008597,-0.43270365997638727,-0.25874125874125875,-0.049291435613062234,-0.04420731707317073,0.3189122373300371,0.4395604395604396,0.13731656184486374,0.0
0.15315315315315314,0.4318488529014845,0.683698296836983,-0.25490196078431376,0.4228421970357454,-0.3742331288343559,-0.24519774011299433,0.403068340306834,-0.3697841726618705,0.4908136482939633,0.4543946932006634,-0.4050179211469534,0.4001372683596431,-0.42836676217765046,-0.3807556080283353,-0.5710955710955711,-0.28650646950092423,-0.06783536585365853,0.57663782447466,-0.4525474525474526,-0.5534591194968554,0.0
0.15415415415415415,0.2658569500674764,0.18248175182481752,0.21647058823529416,0.17959895379250215,-0.20133853876185165,-0.05875706214689265,-0.2789400278940028,-0.383453237410072,-0.07699037620297462,0.1956882255389718,0.17831541218637992,0.7460535346602607,-0.12464183381088825,-0.09327036599763873,-0.6078088578088577,-0.2526186075169439,-0.28277439024390244,0.30346106304079107,-0.04095904095904097,-0.15513626834381553,0.0
0.15515515515515516,-0.09041835357624832,0.21046228710462286,0.06588235294117648,0.4228421970357454,-0.36530953708867825,-0.029378531073446325,0.097629009762901,-0.28273381294964034,0.4663167104111986,0.35820895522388063,-0.032258064516129024,0.5792724776938916,-0.23495702005730662,-0.28512396694214875,-0.5413752913752914,-0.2285890326555761,-0.30564024390243905,0.2669962917181706,-0.28071928071928076,-0.4758909853249476,0.0
0.15615615615615616,0.17813765182186236,0.8406326034063261,-0.5945098039215687,0.12728857890148212,-0.596765197992192,-0.22259887005649717,0.5244072524407253,-0.23309352517985613,0.7375328083989501,0.3548922056384743,-0.5887096774193548,0.39601921757034997,-0.48137535816618915,-0.5761511216056671,-0.20512820512820512,-0.04066543438077634,0.06326219512195122,0.5370828182941904,0.33566433566433573,0.07442348008385744,0.0
0.15715715715715717,-0.016194331983805668,0.7238442822384429,-0.049411764705882356,0.4010462074978204,-0.42777467930842167,0.31864406779661014,0.04463040446304045,-0.05035971223021583,0.13035870516185477,0.20895522388059704,-0.06003584229390681,0.5676046671242279,-0.7249283667621778,-0.2361275088547816,-0.2896270396270396,-0.49599507085643874,-0.27286585365853655,0.2558714462299134,0.014985014985014986,-0.3637316561844864,0.0
0.15815815815815815,0.15789473684210528,0.732360097323601,-0.8015686274509805,0.30427201394943326,-0.8404907975460122,0.022598870056497175,0.39609483960948394,-0.302158273381295,0.8775153105861766,0.16417910447761194,-0.8055555555555555,0.5346602608098833,-0.5659025787965617,-0.7284533648170012,-0.25815850815850816,0.06592729513247073,0.21189024390243905,0.5519159456118665,0.2937062937062937,-0.027253668763102725,0.0
0.15915915915915915,0.286774628879892,0.5097323600973236,-0.2854901960784314,0.5117698343504795,-0.4785276073619632,-0.2248587570621469,0.2789400278940028,-0.5057553956834533,0.31146106736657914,-0.029850746268656716,-0.35842293906810035,0.6135895676046671,-0.17478510028653296,-0.37662337662337664,-0.5874125874125874,-0.09242144177449167,-0.23704268292682926,0.47033374536464767,-0.18481518481518483,-0.41299790356394134,0.0
0.16016016016016016,0.44399460188933876,0.648418491484185,-0.4996078431372549,0.4795117698343505,-0.3904071388733965,-0.44745762711864406,0.5885634588563459,-0.6928057553956835,0.5686789151356081,0.38971807628524047,-0.507168458781362,0.33287577213452296,-0.1905444126074499,-0.39374262101534835,-0.583916083916084,-0.0918052988293284,-0.0823170731707317,0.673053152039555,-0.29270729270729273,-0.41299790356394134,0.0
0.16116116116116116,-0.010121457489878543,0.305352798053528,-0.037647058823529415,0.4158674803836094,-0.28555493586168434,0.1231638418079096,0.3458856345885635,-0.5561151079136691,0.18197725284339455,-0.12603648424543948,-0.12813620071684587,0.543582704186685,-0.058739255014326655,-0.2579693034238489,-0.664918414918415,-0.008009858287122612,-0.3208841463414634,0.21322620519159452,-0.4345654345654346,-0.45702306079664573,0.0
0.16216216216216217,0.09649122807017543,0.09367396593673967,-0.23921568627450981,0.5658238884045336,-0.634132738427217,0.05084745762711864,0.16317991631799164,-0.19280575539568348,0.32458442694663164,0.18407960199004975,-0.44534050179211465,0.5607412491420727,-0.05157593123209169,-0.3842975206611571,-0.3263403263403264,-0.09550215650030808,-0.19740853658536586,0.2527812113720642,-0.13486513486513488,-0.37735849056603776,0.0
0.16316316316316315,0.03441295546558704,0.3369829683698297,-0.2227450980392157,0.32781168265039234,-0.4578918014500836,0.096045197740113,0.200836820083682,-0.32014388489208634,0.4811898512685915,0.4195688225538972,-0.28584229390681004,0.5490734385724091,-0.16332378223495703,-0.33766233766233766,-0.42773892773892774,-0.09796672828096119,-0.20121951219512196,0.22744128553770085,-0.05794205794205795,-0.33228511530398325,0.0
0.16416416416416416,0.07219973009446694,0.4489051094890511,-0.41803921568627456,0.4864864864864865,-0.5566090351366425,-0.08587570621468926,0.4309623430962343,-0.31079136690647485,0.6290463692038495,0.2238805970149254,-0.482078853046595,0.5106382978723404,-0.012893982808022923,-0.44864226682408503,-0.3741258741258741,0.14602587800369685,-0.19359756097560976,0.35784919653893693,-0.1368631368631369,-0.15723270440251572,0.0
0.16516516516516516,0.011470985155195682,0.4014598540145986,-0.4211764705882354,0.21708805579773321,-0.5331846068042387,-0.08361581920903954,0.2900976290097629,-0.20143884892086333,0.5695538057742783,0.06135986733001658,-0.41845878136200715,0.4941660947151681,-0.03581661891117479,-0.5661157024793388,-0.2261072261072261,0.0036968576709796672,-0.009146341463414634,0.29666254635352285,0.23676323676323677,-0.014675052410901468,0.0
0.16616616616616617,0.16059379217273953,0.16666666666666669,-0.5866666666666667,0.5126416739319964,-0.4807585052983826,-0.10056497175141242,0.4811715481171548,-0.6028776978417266,0.46544181977252846,0.15754560530679934,-0.5044802867383512,0.5229924502402196,-0.012893982808022923,-0.5076741440377804,-0.6707459207459208,0.09981515711645102,-0.19207317073170732,0.4054388133498146,-0.4265734265734266,-0.4643605870020965,0.0
0.16716716716716717,0.04588394062078273,0.14233576642335768,-0.21254901960784317,0.34612031386224934,-0.4294478527607362,0.12768361581920903,0.3458856345885635,-0.4266187050359712,0.252843394575678,-0.08955223880597016,-0.19534050179211468,0.6032944406314344,0.10458452722063037,-0.31463990554899646,-0.6643356643356643,0.11768330252618607,-0.22103658536585363,0.16934487021013597,-0.2277722277722278,-0.3668763102725367,0.0
0.16816816816816818,-0.06275303643724696,0.18491484184914841,-0.21098039215686276,0.5876198779424586,-0.48968209704406024,-0.0847457627118644,0.4086471408647141,-0.4136690647482014,0.12948381452318458,-0.42454394693200664,-0.27777777777777773,0.5916266300617707,0.1504297994269341,-0.41853600944510033,-0.7156177156177156,-0.004929143561306223,-0.33231707317073167,0.18355995055624225,-0.6053946053946054,-0.7295597484276729,0.0
0.16916916916916916,-0.029689608636977057,0.3795620437956205,-0.05725490196078432,0.3435047951176983,-0.5705521472392637,-0.05762711864406779,0.2175732217573222,-0.047482014388489216,0.4400699912510936,0.3747927031509121,-0.2840501792114695,0.5518188057652711,-0.10028653295128942,-0.5188902007083825,-0.3752913752913753,-0.018484288354898334,-0.04115853658536585,0.30469715698393074,0.13886113886113888,-0.18238993710691823,0.0
0.17017017017017017,-0.033063427800269905,0.14841849148418493,-0.3466666666666667,0.3818657367044464,-0.25766871165644173,-0.2542372881355932,0.3152022315202232,-0.602158273381295,0.29483814523184604,0.25538971807628524,-0.35304659498207885,0.5120109814687714,0.12750716332378223,-0.37131050767414403,-0.520979020979021,0.12569316081330867,-0.14329268292682926,0.29357231149567364,-0.05794205794205795,-0.13836477987421386,0.0
0.17117117117117117,-0.05465587044534413,0.3150851581508516,-0.4227450980392157,0.3687881429816913,-0.6609035136642499,0.22372881355932203,0.40446304044630405,-0.34172661870503596,0.2537182852143482,0.21890547263681595,-0.492831541218638,0.6142759094028826,-0.19197707736389688,-0.40731995277449823,-0.6182983682983683,0.36414048059149723,-0.11280487804878048,0.1180469715698393,-0.23976023976023977,-0.33333333333333337,0.0
0.17217217217217218,0.8144399460188935,0.7834549878345499,0.17490196078431375,0.5292066259808195,-0.1689905186837702,-0.0022598870056497176,0.400278940027894,-0.546043165467626,0.07786526684164478,0.29187396351575456,-0.07706093189964157,0.5936856554564173,-0.49426934097421205,-0.09386068476977569,-0.6305361305361306,-0.5754775107825015,-0.3285060975609756,0.7027194066749073,-0.4205794205794206,-0.5838574423480085,0.0
0.17317317317317318,-0.14102564102564102,0.038929440389294405,-0.21882352941176475,0.4734088927637315,-0.44116006692693815,-0.22824858757062147,0.0502092050209205,-0.44676258992805756,0.22659667541557305,-0.07131011608623548,-0.23745519713261648,0.7536032944406315,0.09742120343839543,-0.4332939787485242,-0.6270396270396271,0.14417744916820704,-0.18673780487804878,0.17058096415327564,-0.35564435564435565,-0.4025157232704403,0.0
0.17417417417417416,0.16869095816464239,0.16058394160583944,-0.09803921568627452,0.3199651264167393,-0.1109871723368656,-0.1638418079096045,0.18270571827057183,-0.5395683453237411,-0.05774278215223097,0.3946932006633499,-0.09767025089605734,0.6485929993136581,-0.23065902578796563,-0.11393152302243212,-0.4784382284382284,-0.22920517560073936,-0.23399390243902438,0.2725587144622991,-0.20279720279720284,-0.3563941299790357,0.0
0.17517517517517517,0.16194331983805668,0.4622871046228711,-0.24784313725490198,0.5170008718395814,-0.5326268823201339,0.2485875706214689,0.5090655509065551,-0.2719424460431655,0.500437445319335,0.4013266998341625,-0.44354838709677413,0.5271105010295127,-0.5229226361031519,-0.38961038961038963,-0.46503496503496505,-0.11521873074553296,-0.24161585365853658,0.3411619283065513,-0.36663336663336665,-0.5922431865828092,0.0
0.17617617617617617,0.1524966261808367,0.5085158150851582,-0.35294117647058826,0.43679163034001744,-0.4060234244283324,-0.17627118644067796,0.6359832635983264,-0.40071942446043174,0.31758530183727035,0.29850746268656714,-0.5636200716845877,0.2978723404255319,-0.4154727793696275,-0.38016528925619836,-0.47377622377622375,-0.049291435613062234,-0.06478658536585366,0.3967861557478368,-0.37762237762237766,-0.3721174004192872,0.0
0.17717717717717718,0.053306342780026994,0.159367396593674,0.08549019607843138,0.5876198779424586,-0.2827663134411601,-0.096045197740113,0.4895397489539749,-0.2755395683453238,0.0699912510936133,-0.09618573797678276,-0.06003584229390681,0.43033630748112556,0.06876790830945559,-0.2780401416765053,-0.6002331002331003,-0.3530499075785582,-0.33231707317073167,0.30037082818294186,-0.2717282717282718,-0.529350104821803,0.0
0.1781781781781782,0.1572199730094467,0.43552311435523117,-0.3905882352941177,0.5501307759372276,-0.3441160066926938,-0.029378531073446325,0.4476987447698745,-0.5223021582733813,0.2913385826771654,0.30845771144278605,-0.4811827956989247,0.4378860672614962,-0.19484240687679086,-0.3258559622195986,-0.5681818181818182,-0.07455329636475662,-0.22256097560975607,0.4437577255871446,-0.1058941058941059,-0.4234800838574424,0.0
0.17917917917917917,-0.10256410256410256,0.05839416058394161,-0.49725490196078437,0.5492589363557105,-0.6129392080312326,-0.04067796610169491,0.11297071129707113,-0.10359712230215827,0.31408573928258965,0.37147595356550583,-0.5241935483870966,0.5470144131777626,0.36676217765042984,-0.3902007083825266,-0.44405594405594406,0.18853974121996303,-0.20198170731707318,0.13782447466007416,-0.3056943056943057,-0.35534591194968557,0.0
0.18018018018018017,-0.18286099865047234,0.13503649635036497,-0.3247058823529412,0.5492589363557105,-0.6140546569994423,0.31412429378531076,-0.013947001394700141,-0.37553956834532376,0.21609798775153105,-0.21061359867330018,-0.33064516129032256,0.6719286204529855,0.015759312320916905,-0.42857142857142855,-0.5372960372960374,0.06161429451632779,-0.323170731707317,0.10074165636588381,-0.2187812187812188,-0.4234800838574424,0.0
0.18118118118118118,-0.3333333333333333,-0.014598540145985403,-0.415686274509804,0.37663469921534437,-0.5454545454545454,-0.1638418079096045,0.2287308228730823,-0.16187050359712232,0.44706911636045493,0.01658374792703151,-0.4713261648745519,0.5092656142759093,0.012893982808022923,-0.4946871310507674,-0.40617715617715616,0.34935304990757854,-0.08841463414634146,0.029048207663782445,-0.01198801198801199,-0.06708595387840671,0.0
0.18218218218218218,0.24696356275303644,0.2347931873479319,-0.10823529411764708,0.4237140366172624,-0.17456776352481876,-0.17401129943502824,0.400278940027894,-0.320863309352518,-0.06649168853893263,-0.04477611940298508,-0.20071684587813618,0.38915579958819485,-0.06160458452722063,-0.1357733175914994,-0.3851981351981352,-0.26124460874922983,-0.3109756097560975,0.22311495673671197,-0.08891108891108891,-0.13522012578616352,0.0
0.1831831831831832,0.42375168690958165,0.708029197080292,-0.39529411764705885,0.4071490845684394,-0.20970440602342444,-0.20564971751412428,0.6262203626220363,-0.6474820143884893,0.12598425196850394,0.4709784411276948,-0.2517921146953405,0.4529855868222375,-0.40830945558739257,-0.15230224321133412,-0.7237762237762237,-0.30129390018484287,-0.3048780487804878,0.47466007416563655,-0.5104895104895105,-0.5031446540880503,0.0
0.1841841841841842,0.25708502024291496,0.3260340632603407,-0.050196078431372554,0.3182214472537053,-0.2559955382041272,-0.23276836158192088,0.24267782426778242,-0.2338129496402878,-0.12073490813648295,0.02155887230514096,-0.06989247311827956,0.5284831846259437,-0.11604584527220632,-0.2190082644628099,-0.34615384615384615,-0.42329020332717193,-0.16996951219512194,0.35723114956736707,0.026973026973026976,0.030398322851153042,0.0
0.18518518518518517,0.41025641025641024,0.9939172749391727,-1.0,0.5457715780296425,-0.7005019520356944,-0.3807909604519774,1.0,-0.4302158273381295,0.7217847769028871,0.6567164179104478,-0.861111111111111,0.33905284831846255,-0.7507163323782235,-0.5312868949232585,-0.43123543123543123,0.030807147258163897,0.07774390243902438,0.7163164400494437,-0.24775224775224777,-0.3238993710691824,0.0
0.18618618618618618,0.16396761133603238,0.09854014598540146,-0.02980392156862745,0.37401918047079336,-0.17847183491355273,-0.24406779661016947,0.12691771269177127,-0.34820143884892085,0.016622922134733157,0.03648424543946932,-0.026881720430107524,0.5957446808510638,-0.03581661891117479,-0.1103896103896104,-0.4854312354312354,-0.11028958718422674,-0.23170731707317072,0.19406674907292953,-0.3186813186813187,-0.28301886792452835,0.0
0.1871871871871872,0.8475033738191633,0.7092457420924574,-0.3482352941176471,0.6277244986922406,-0.22643614054657002,-0.5457627118644067,0.5481171548117155,-0.5949640287769784,0.34120734908136485,0.6368159203980099,-0.34498207885304655,0.3884694577899794,-0.5272206303724929,-0.14935064935064934,-0.4533799533799534,-0.5120147874306838,-0.2195121951219512,0.9011124845488256,-0.4025974025974027,-0.5324947589098533,0.0
0.1881881881881882,0.21727395411605938,0.8029197080291972,-0.668235294117647,0.22667829119442023,-0.4723926380368098,-0.30847457627118646,0.803347280334728,-0.44028776978417267,0.7830271216097988,0.8689883913764511,-0.7374551971326164,0.19903912148249825,-0.4340974212034384,-0.5106257378984652,-0.21561771561771562,-0.1084411583487369,0.27743902439024387,0.6273176761433868,0.3106893106893107,-0.0020964360587002098,0.0
0.1891891891891892,0.5398110661268556,0.8759124087591241,-0.5090196078431373,0.4237140366172624,-0.43112102621305076,-0.06101694915254237,0.7126917712691772,-0.33309352517985613,0.26246719160104987,0.23714759535655056,-0.4543010752688172,0.20521619766643787,-0.4584527220630373,-0.3311688311688312,-0.4562937062937063,-0.20764017252002465,-0.2309451219512195,0.6112484548825711,-0.05294705294705295,-0.25052410901467503,0.0
0.19019019019019018,0.6201079622132254,0.6192214111922142,-0.16941176470588237,0.5684394071490846,-0.27830451756832125,-0.2598870056497175,0.4741980474198048,-0.4546762589928058,-0.009623797025371828,-0.14096185737976785,-0.17921146953405018,0.37268359643102267,-0.5687679083094557,-0.22018890200708383,-0.4335664335664336,-0.4029574861367837,-0.27515243902439024,0.5896168108776266,-0.13786213786213788,-0.3385744234800839,0.0
0.19119119119119118,0.5573549257759783,0.6982968369829684,-0.21725490196078434,0.8047079337401918,-0.29392080312325713,-0.13785310734463277,0.17573221757322177,-0.5949640287769784,0.028871391076115485,0.3864013266998342,-0.3745519713261648,0.3466026080988332,-0.6174785100286533,-0.1953955135773318,-0.5483682983682984,-0.23105360443622922,-0.3109756097560975,0.5105067985166872,-0.3676323676323677,-0.5230607966457024,0.0
0.1921921921921922,0.23481781376518218,0.6532846715328468,-0.4831372549019608,0.5361813426329555,-0.4601226993865031,0.05988700564971751,0.3668061366806137,-0.39208633093525186,0.26071741032370954,0.40630182421227196,-0.5672043010752688,0.42072752230610844,-0.38395415472779376,-0.40023612750885484,-0.5303030303030303,0.056069008009858284,-0.19817073170731708,0.40296662546353523,-0.2107892107892108,-0.5450733752620546,0.0
0.1931931931931932,0.0708502024291498,0.16545012165450124,-0.3435294117647059,0.5544899738448126,-0.4305633017289459,-0.10847457627118644,0.0697350069735007,-0.46618705035971225,0.3097112860892388,0.09618573797678276,-0.45161290322580644,0.7632120796156486,0.22492836676217767,-0.32526564344746167,-0.5856643356643356,0.13431916204559458,-0.19969512195121952,0.2558714462299134,-0.5634365634365635,-0.5083857442348009,0.0
0.1941941941941942,-0.058704453441295545,0.03527980535279806,-0.5341176470588236,0.6564952048823016,-0.48410485220301175,0.20451977401129942,0.3068340306834031,-0.4330935251798561,0.19160104986876642,-0.05306799336650083,-0.5008960573476703,0.5264241592312972,0.07736389684813753,-0.35714285714285715,-0.6276223776223776,0.21195317313616757,-0.336890243902439,0.1334981458590853,-0.5044955044955045,-0.6645702306079665,0.0
0.19519519519519518,0.12550607287449392,0.2737226277372263,-0.35529411764705887,0.5954664341761117,-0.577244841048522,-0.00903954802259887,0.06555090655509066,-0.33884892086330937,0.336832895888014,0.26533996683250416,-0.271505376344086,0.7179135209334249,0.032951289398280806,-0.3955135773317592,-0.5163170163170163,-0.10536044362292053,-0.1211890243902439,0.4103831891223733,-0.1048951048951049,-0.32075471698113206,0.0
0.1961961961961962,-0.2300944669365722,0.28467153284671537,-0.38039215686274513,0.2781168265039233,-0.5270496374790853,0.07344632768361582,0.23152022315202234,-0.23812949640287773,0.4698162729658793,0.17910447761194032,-0.4408602150537634,0.5072065888812628,0.01862464183381089,-0.5283353010625739,-0.42599067599067597,0.24953789279112756,-0.12957317073170732,0.11433868974042026,-0.15584415584415587,-0.27358490566037735,0.0
0.1971971971971972,0.19298245614035087,0.34428223844282235,-0.006274509803921569,0.2083696599825632,-0.33575013943112103,-0.22259887005649717,0.3263598326359833,-0.15755395683453238,0.13123359580052493,0.35655058043117743,-0.1657706093189964,0.5538778311599176,-0.06590257879656161,-0.14935064935064934,-0.41375291375291373,-0.09611829944547134,-0.26524390243902435,0.15822002472187885,-0.1318681318681319,-0.16666666666666669,0.0
0.1981981981981982,0.3144399460188934,0.2956204379562044,-0.3152941176470589,0.6373147340889276,-0.36140546569994425,0.004519774011299435,0.1394700139470014,-0.6604316546762591,0.35170603674540685,0.3283582089552239,-0.332437275985663,0.6822237474262183,-0.32808022922636104,-0.27567886658795754,-0.7406759906759907,-0.1367837338262477,-0.13033536585365854,0.4375772558714462,-0.6543456543456544,-0.8427672955974843,0.0
0.1991991991991992,0.6538461538461539,0.6435523114355232,0.11058823529411764,0.4751525719267655,-0.17679866146123815,-0.015819209039548022,0.13110181311018132,-0.5805755395683454,0.10323709536307961,0.5041459369817579,-0.10304659498207885,0.6492793411118737,-0.4570200573065903,-0.1257378984651712,-0.5559440559440559,-0.529882932840419,-0.3262195121951219,0.5494437577255871,-0.2857142857142857,-0.449685534591195,0.0
0.2002002002002002,-0.520242914979757,0.34063260340632606,-0.6745098039215687,0.040104620749782036,-1.0,-0.18418079096045198,0.18688981868898188,0.09424460431654677,1.0,0.24212271973466,-0.8306451612903225,0.4461221688400824,0.1361031518624642,-1.0,-0.005827505827505828,0.14787430683918668,0.4809451219512195,0.29975278121137205,0.3316683316683317,0.15723270440251572,0.0
0.2012012012012012,-0.02631578947368421,0.354014598540146,-0.07215686274509804,0.37837837837837834,-0.43000557724484106,0.015819209039548022,0.09483960948396096,-0.32014388489208634,0.24496937882764658,0.1011608623548922,-0.17921146953405018,0.6691832532601235,-0.38538681948424075,-0.3878394332939788,-0.5722610722610723,0.053604436229205174,-0.2240853658536585,0.2237330037082818,-0.2717282717282718,-0.359538784067086,0.0
0.2022022022022022,-0.20175438596491227,0.34063260340632606,-0.31686274509803924,0.4655623365300785,-0.5292805354155047,0.02598870056497175,0.26917712691771273,-0.18129496402877698,0.5494313210848644,0.014925373134328358,-0.4605734767025089,0.5669183253260123,-0.23925501432664759,-0.5118063754427391,-0.38053613053613056,0.13801601971657426,-0.17911585365853658,0.20210135970333745,-0.11288711288711291,-0.4675052410901468,0.0
0.2032032032032032,0.150472334682861,0.5851581508515815,-0.4462745098039216,0.5658238884045336,-0.42554378137200227,-0.26101694915254237,0.47001394700139476,-0.4201438848920863,0.27209098862642167,0.29850746268656714,-0.33602150537634407,0.5923129718599862,-0.29369627507163326,-0.5059031877213696,-0.45163170163170163,-0.19531731361675908,-0.021341463414634144,0.5043263288009888,-0.17982017982017984,-0.24947589098532494,0.0
0.2042042042042042,-0.12010796221322537,0.416058394160584,-0.23921568627450981,0.3182214472537053,-0.5186837702175126,-0.22372881355932203,0.22175732217573224,-0.2669064748201439,0.5310586176727908,0.28358208955223885,-0.29838709677419356,0.6801647220315716,-0.39541547277936967,-0.4557260920897285,-0.4213286713286713,0.10412815773259397,0.04420731707317073,0.33436341161928307,0.1248751248751249,-0.07337526205450735,0.0
0.20520520520520522,0.07692307692307693,0.572992700729927,-0.22745098039215686,0.3687881429816913,-0.46737311767986617,-0.11525423728813558,0.11157601115760113,-0.3338129496402878,0.4435695538057743,0.3316749585406302,-0.3629032258064516,0.42072752230610844,-0.505730659025788,-0.3305785123966943,-0.3653846153846154,-0.2224276032039433,-0.15624999999999997,0.39555006180469715,0.02197802197802198,-0.24318658280922434,0.0
0.2062062062062062,-0.22672064777327938,0.5571776155717763,-0.30980392156862746,0.1944202266782912,-0.6993865030674847,0.003389830508474576,0.16875871687587168,-0.02877697841726619,0.6124234470691163,0.13266998341625208,-0.37992831541218636,0.6877144818119423,-0.20916905444126074,-0.6292798110979929,-0.38170163170163174,0.06038200862600124,-0.05335365853658537,0.21137206427688504,-0.025974025974025976,-0.17819706498951784,0.0
0.2072072072072072,0.13765182186234817,0.5851581508515815,-0.3921568627450981,0.5143853530950305,-0.4355828220858896,-0.08135593220338982,0.27057182705718275,-0.462589928057554,0.48731408573928264,0.16749585406301826,-0.3951612903225806,0.5387783115991763,-0.18338108882521492,-0.45041322314049587,-0.4015151515151515,-0.23844731977818856,-0.0975609756097561,0.5197775030902348,-0.18781218781218784,-0.4591194968553459,0.0
0.2082082082082082,0.04723346828609987,0.35766423357664234,-0.5654901960784314,0.4803836094158675,-0.5861684327941996,-0.0192090395480226,0.35146443514644354,-0.3805755395683454,0.36132983377077865,0.31011608623548925,-0.6102150537634409,0.5161290322580645,0.1361031518624642,-0.5070838252656434,-0.5437062937062938,0.22489217498459643,-0.13262195121951217,0.18355995055624225,-0.2127872127872128,-0.4811320754716982,0.0
0.2092092092092092,0.23684210526315788,0.44038929440389296,-0.005490196078431373,0.5196163905841324,-0.07138873396542109,-0.16497175141242937,0.22733612273361228,-0.485611510791367,-0.10148731408573929,0.03980099502487562,-0.05555555555555555,0.608098833218943,-0.04584527220630373,-0.10684769775678866,-0.6212121212121212,-0.2341343191620456,-0.31707317073170727,0.34239802224969096,-0.5434565434565436,-0.41614255765199165,0.0
0.21021021021021022,0.3427800269905533,0.6472019464720196,-0.4666666666666667,0.6765475152571927,-0.4846625766871166,-0.0192090395480226,0.5732217573221757,-0.37913669064748207,0.33858267716535434,0.04311774461028192,-0.553763440860215,0.3870967741935483,-0.26074498567335247,-0.384887839433294,-0.5506993006993007,-0.21133703019100433,-0.18216463414634146,0.5964153275648949,-0.3056943056943057,-0.4968553459119497,0.0
0.21121121121121122,0.3751686909581647,0.708029197080292,-0.49568627450980396,0.6068003487358326,-0.6854433909648634,-0.2542372881355932,0.401673640167364,-0.20143884892086333,0.7865266841644795,0.4975124378109453,-0.6308243727598566,0.4317089910775566,-0.37965616045845274,-0.6511216056670602,-0.22202797202797203,-0.25015403573629086,0.13871951219512194,0.6860321384425216,0.1288711288711289,-0.31551362683438156,0.0
0.2122122122122122,0.0883940620782726,0.6909975669099756,-0.6964705882352942,0.5143853530950305,-0.6179587283881763,-0.48248587570621465,0.17991631799163182,-0.5151079136690647,0.6981627296587927,0.13930348258706468,-0.6935483870967741,0.6547700754975977,-0.25644699140401145,-0.6469893742621016,-0.4597902097902098,0.1084411583487369,-0.04801829268292683,0.5580964153275648,0.18181818181818182,-0.12997903563941302,0.0
0.2132132132132132,0.07624831309041835,0.6532846715328468,-0.2447058823529412,0.2737576285963383,-0.28667038482989404,0.10282485875706214,0.599721059972106,-0.3496402877697842,0.2755905511811024,0.48756218905472637,-0.20698924731182794,0.4028826355525051,-0.2664756446991404,-0.1782762691853601,-0.4463869463869464,-0.08687615526802217,-0.24466463414634146,0.2676143386897404,-0.23676323676323677,-0.19916142557651992,0.0
0.21421421421421422,0.41632928475033737,0.8248175182481753,-0.09019607843137256,0.6024411508282476,-0.38427216954824317,-0.11525423728813558,0.3835425383542539,-0.2273381294964029,0.38232720909886264,0.527363184079602,-0.1496415770609319,0.51681537405628,-0.36389684813753587,-0.2532467532467533,-0.3123543123543124,-0.4436229205175601,-0.0975609756097561,0.5407911001236093,-0.09990009990009992,-0.35429769392033544,0.0
0.21521521521521522,0.16396761133603238,-0.07177615571776155,-0.1411764705882353,0.5693112467306016,-0.31790295593976575,0.32429378531073444,0.3542538354253836,-0.3697841726618705,0.21784776902887137,0.3880597014925373,-0.2275985663082437,0.5298558682223747,0.43982808022922637,-0.16942148760330578,-0.5728438228438228,-0.016019716574245224,-0.3048780487804878,0.1291718170580964,-0.37962037962037964,-0.6331236897274634,0.0
0.21621621621621623,0.16531713900134953,0.4245742092457421,-0.13098039215686277,0.4777680906713165,-0.44450641383156725,-0.014689265536723162,0.1087866108786611,-0.2863309352517986,0.26071741032370954,0.19402985074626866,-0.24372759856630824,0.5772134522992449,-0.5071633237822349,-0.3187721369539552,-0.3898601398601399,-0.29698089956869994,-0.24771341463414634,0.3838071693448702,-0.17682317682317683,-0.46226415094339623,0.0
0.2172172172172172,0.16734143049932523,0.5291970802919709,-0.6768627450980392,0.4829991281604185,-0.5878416062465143,-0.0655367231638418,0.07252440725244072,-0.4949640287769784,0.2904636920384952,0.24875621890547264,-0.5931899641577061,0.5751544269045984,-0.17621776504297995,-0.4161747343565525,-0.5110722610722611,0.05791743684534812,-0.12804878048780488,0.38504326328800986,-0.14485514485514486,-0.37840670859538783,0.0
0.2182182182182182,0.2800269905533063,0.586374695863747,-0.22039215686274513,0.4594594594594595,-0.6095928611266035,-0.23728813559322032,0.3765690376569038,-0.13165467625899283,0.5433070866141733,0.22885572139303484,-0.36469534050179203,0.5010295126973232,-0.3882521489971347,-0.487012987012987,-0.47494172494172493,-0.028342575477510783,-0.06935975609756097,0.47713226205191595,-0.14885114885114886,-0.2788259958071279,0.0
0.21921921921921922,0.09986504723346828,0.3272506082725061,0.0007843137254901962,0.3914559721011334,-0.4143892916899052,0.12429378531073446,0.14504881450488144,-0.27913669064748203,0.16185476815398075,0.05306799336650083,-0.1039426523297491,0.5010295126973232,-0.11318051575931233,-0.29515938606847697,-0.576923076923077,-0.11521873074553296,-0.2858231707317073,0.22744128553770085,-0.11488511488511491,-0.2903563941299791,0.0
0.22022022022022023,-0.03441295546558704,0.3260340632603407,-0.4062745098039216,0.3914559721011334,-0.41271611823759063,-0.14689265536723164,0.3319386331938633,-0.09640287769784174,0.4689413823272091,0.5837479270315091,-0.3745519713261648,0.41729581331503085,0.0,-0.36835891381345925,-0.196969696969697,-0.10474430067775725,-0.04725609756097561,0.16378244746600742,0.2787212787212788,-0.14360587002096437,0.0
0.22122122122122123,0.25641025641025644,0.3150851581508516,-0.23450980392156864,0.6338273757628596,-0.38873396542108196,-0.2022598870056497,0.35983263598326365,-0.4143884892086331,0.3875765529308836,0.32338308457711445,-0.1675627240143369,0.3692518874399451,0.03868194842406877,-0.31523022432113346,-0.5291375291375292,-0.3185459026494147,-0.17454268292682926,0.5197775030902348,-0.40359640359640364,-0.6939203354297695,0.0
0.2222222222222222,-0.3076923076923077,0.032846715328467155,-0.11294117647058824,0.12554489973844812,-0.5499163413273843,0.16497175141242937,0.2398884239888424,-0.19280575539568348,0.3228346456692913,0.0845771144278607,-0.18369175627240142,0.5264241592312972,0.10888252148997135,-0.4167650531286895,-0.5798368298368298,0.056685150955021565,-0.06631097560975609,0.05438813349814585,-0.17382617382617382,-0.24947589098532494,0.0
0.22322322322322322,0.5863697705802969,0.6459854014598541,-0.1607843137254902,0.5884917175239757,-0.31790295593976575,-0.11977401129943502,0.5313807531380753,-0.5143884892086331,0.1268591426071741,0.39800995024875624,-0.2043010752688172,0.48043925875085786,-0.5071633237822349,-0.16410861865407322,-0.587995337995338,-0.39186691312384475,-0.24771341463414634,0.5840543881334981,-0.37462537462537465,-0.5576519916142558,0.0
0.22422422422422422,-0.39473684210526316,0.31143552311435524,-0.5670588235294118,0.14559721011333915,-0.6620189626324596,-0.04067796610169491,0.17294281729428174,-0.06618705035971223,0.7979002624671916,0.23217247097844115,-0.5304659498207884,0.487302676733013,0.23925501432664759,-0.7113341204250295,-0.36072261072261075,0.3166974738139248,0.23323170731707316,0.2360939431396786,0.25074925074925075,-0.10062893081761007,0.0
0.22522522522522523,0.41295546558704455,0.40024330900243316,-0.2070588235294118,0.35658238884045335,-0.31567205800334636,-0.23615819209039546,0.3668061366806137,-0.36043165467625904,0.21434820647419073,0.06135986733001658,-0.15232974910394265,0.5078929306794784,-0.30945558739255014,-0.22491145218417946,-0.3758741258741259,-0.2920517560073937,-0.2164634146341463,0.43263288009888745,0.019980019980019983,-0.20020964360587004,0.0
0.22622622622622623,0.022267206477732795,0.3637469586374696,-0.06509803921568628,0.41325196163905836,-0.4060234244283324,-0.21694915254237288,0.2357043235704324,-0.41294964028776976,0.1601049868766404,-0.008291873963515755,-0.29121863799283154,0.6431022649279341,-0.030085959885386822,-0.3825265643447462,-0.5023310023310024,0.07578558225508318,-0.26981707317073167,0.27626699629171814,-0.16583416583416585,-0.2672955974842767,0.0
0.22722722722722724,0.1106612685560054,0.45012165450121655,-0.2070588235294118,0.3862249346120314,-0.36642498605688795,-0.09491525423728814,0.46861924686192474,-0.42805755395683454,0.47594050743657046,0.46600331674958545,-0.3611111111111111,0.455044612216884,-0.30945558739255014,-0.3990554899645809,-0.38053613053613056,-0.15773259396179914,0.07240853658536585,0.3411619283065513,-0.15684315684315686,-0.26939203354297697,0.0
0.22822822822822822,0.21997300944669368,0.22871046228710465,-0.3756862745098039,0.3897122929380994,-0.5805911879531511,-0.18531073446327684,0.4072524407252441,-0.2690647482014389,0.3989501312335958,0.004975124378109453,-0.4238351254480286,0.6410432395332876,0.021489971346704873,-0.4462809917355372,-0.42773892773892774,0.052372150338878626,-0.24390243902439024,0.3603213844252163,0.12387612387612389,-0.09329140461215933,0.0
0.22922922922922923,0.0465587044534413,0.49878345498783455,-0.3819607843137255,0.5501307759372276,-0.698271054099275,-0.1401129943502825,0.7252440725244073,-0.15971223021582734,0.6237970253718285,0.427860696517413,-0.5161290322580644,0.40905971173644473,-0.32521489971346706,-0.5554899645808736,-0.4574592074592075,-0.033271719038817,0.0548780487804878,0.4938195302843016,-0.10089910089910091,-0.29769392033542974,0.0
0.23023023023023023,-0.25303643724696356,0.052311435523114354,-0.07764705882352942,0.06451612903225806,-0.6068042387060792,-0.04745762711864407,0.22175732217573224,0.12877697841726618,0.4295713035870516,-0.27031509121061364,-0.17741935483870966,0.5655456417295813,0.042979942693409746,-0.4935064935064935,-0.39976689976689983,0.14602587800369685,-0.024390243902439025,0.05871446229913473,-0.03096903096903097,-0.010482180293501049,0.0
0.23123123123123124,0.12550607287449392,0.4343065693430657,-0.5035294117647059,0.43766346992153443,-0.43223647518126046,-0.4271186440677966,0.5034867503486751,-0.2503597122302158,0.3937007874015748,0.07960199004975124,-0.44892473118279563,0.3692518874399451,-0.2593123209169054,-0.4681227863046045,-0.28205128205128205,0.006777572396796056,-0.020579268292682924,0.323238566131026,-0.19280719280719283,-0.06918238993710693,0.0
0.23223223223223224,0.30431848852901483,0.6131386861313869,-0.483921568627451,0.44725370531822145,-0.6068042387060792,0.13333333333333333,0.3542538354253836,-0.35179856115107916,0.3639545056867891,0.20398009950248758,-0.3879928315412186,0.6424159231297186,-0.06876790830945559,-0.28158205430932703,-0.6480186480186481,0.025878003696857672,-0.16234756097560973,0.3949320148331273,-0.3786213786213787,-0.42662473794549266,0.0
0.23323323323323322,0.4757085020242915,0.5036496350364964,-0.16941176470588237,0.3914559721011334,-0.3374233128834356,-0.19322033898305085,0.2189679218967922,-0.4640287769784173,0.27121609798775154,0.11940298507462686,-0.24551971326164873,0.5813315030885381,-0.40544412607449853,-0.31523022432113346,-0.4545454545454546,-0.5138632162661737,-0.11432926829268292,0.595797280593325,-0.1188811188811189,-0.31341719077568136,0.0
0.23423423423423423,0.45479082321187586,0.4245742092457421,-0.32862745098039214,0.6939843068875328,-0.38204127161182383,-0.22259887005649717,0.5271966527196653,-0.516546762589928,0.14610673665791776,0.2570480928689884,-0.37903225806451607,0.3109128345916266,-0.044412607449856735,-0.3394332939787485,-0.6398601398601399,-0.32224276032039434,-0.2667682926829268,0.7595797280593325,-0.37462537462537465,-0.6236897274633124,0.0
0.23523523523523523,0.4224021592442645,0.3454987834549878,-0.5474509803921569,0.5030514385353094,-0.3268265476854434,-0.2248587570621469,0.5174337517433751,-0.5964028776978417,0.33770778652668415,0.4411276948590382,-0.557347670250896,0.4591626630061771,0.14469914040114615,-0.2680047225501771,-0.46561771561771564,-0.019716574245224893,-0.2157012195121951,0.42336217552533995,-0.2637362637362638,-0.29140461215932917,0.0
0.23623623623623624,0.31376518218623484,0.6435523114355232,-0.15686274509803924,0.6678291194420227,-0.5515895147796989,0.17740112994350282,0.4741980474198048,-0.2884892086330936,0.27384076990376205,0.02819237147595357,-0.3987455197132616,0.37199725463280714,-0.7091690544412608,-0.41204250295159384,-0.7441724941724941,-0.04867529266789895,-0.2240853658536585,0.5247218788627935,-0.7082917082917083,-0.7148846960167716,0.0
0.23723723723723725,0.1261808367071525,0.3564476885644769,-0.3247058823529412,0.4254577157802964,-0.6469604015616285,-0.09265536723163842,0.029288702928870296,-0.35395683453237414,0.37182852143482065,-0.18573797678275292,-0.44354838709677413,0.9073438572409059,-0.2893982808022923,-0.5501770956316411,-0.4009324009324009,0.034504004929143565,-0.035060975609756094,0.36835599505562416,-0.2607392607392608,-0.18448637316561844,0.0
0.23823823823823823,0.3299595141700405,0.5218978102189781,-0.09254901960784313,0.4062772449869224,-0.45454545454545453,-0.24971751412429377,0.4658298465829847,-0.3661870503597123,0.26246719160104987,0.0779436152570481,-0.2043010752688172,0.4646533973919012,-0.2521489971346705,-0.3069657615112161,-0.6148018648018648,-0.02033271719038817,-0.18521341463414634,0.434487021013597,-0.34165834165834175,-0.3050314465408805,0.0
0.23923923923923923,0.38326585695006743,0.49270072992700736,-0.22117647058823528,0.6695727986050567,-0.26659230340211937,-0.14350282485875707,0.4895397489539749,-0.8244604316546762,0.4794400699912511,0.2819237147595357,-0.3763440860215053,0.5072065888812628,-0.3724928366762178,-0.27863046044864226,-0.7377622377622378,-0.19593345656192238,-0.21493902439024387,0.5550061804697157,-0.6663336663336664,-0.7180293501048219,0.0
0.24024024024024024,0.5357624831309042,0.5547445255474454,-0.22980392156862745,0.5501307759372276,-0.34355828220858897,-0.07005649717514124,0.3500697350069735,-0.39424460431654684,0.3228346456692913,0.18573797678275292,-0.24731182795698925,0.5003431708991077,-0.46991404011461324,-0.29693034238488786,-0.5314685314685315,-0.381392483056069,-0.15091463414634146,0.6761433868974042,-0.31468531468531474,-0.4025157232704403,0.0
0.24124124124124124,0.24898785425101214,0.3029197080291971,-0.11450980392156863,0.5649520488230165,-0.41773563859453433,-0.28361581920903955,0.05857740585774059,-0.3892086330935252,0.22922134733158356,0.1359867330016584,-0.15860215053763438,0.6183939601921757,-0.2492836676217765,-0.36717827626918537,-0.33100233100233095,-0.42329020332717193,-0.16692073170731705,0.5352286773794808,-0.07292707292707293,-0.24004192872117402,0.0
0.24224224224224225,-0.5465587044534413,0.025547445255474456,-0.2431372549019608,0.11246730601569312,-0.5370886781929727,0.4870056497175141,-0.0013947001394700141,0.04100719424460432,0.3569553805774278,-0.09950248756218906,-0.22670250896057345,0.726149622512011,0.4197707736389685,-0.41853600944510033,-0.21561771561771562,0.19408502772643255,-0.1722560975609756,-0.207663782447466,0.2277722277722278,0.05345911949685535,0.0
0.24324324324324326,0.10121457489878542,0.26277372262773724,-0.07843137254901962,0.6181342632955535,-0.31121026213050756,-0.16836158192090395,0.47001394700139476,-0.40071942446043174,0.21784776902887137,0.21558872305140964,-0.1908602150537634,0.33630748112560055,-0.14183381088825217,-0.20838252656434475,-0.5652680652680653,-0.18484288354898334,-0.3513719512195122,0.25092707045735474,-0.19780219780219782,-0.3742138364779874,0.0
0.24424424424424424,0.18353576248313092,0.5583941605839416,-0.37411764705882355,0.5536181342632955,-0.5075292805354156,0.16271186440677965,0.3319386331938633,-0.581294964028777,0.35170603674540685,0.2271973466003317,-0.45161290322580644,0.6932052161976664,-0.36389684813753587,-0.39374262101534835,-0.6468531468531469,0.2883548983364141,-0.27591463414634143,0.37515451174289244,-0.4505494505494506,-0.5471698113207547,0.0
0.24524524524524524,0.01214574898785425,0.2396593673965937,-0.23450980392156864,0.4123801220575414,-0.501952035694367,0.1288135593220339,0.4435146443514645,-0.12805755395683455,0.5363079615048119,0.12106135986733,-0.33064516129032256,0.44543582704186685,0.10601719197707736,-0.4580873671782763,-0.37762237762237766,-0.10104744300677758,-0.10365853658536586,0.29666254635352285,-0.08191808191808193,-0.469601677148847,0.0
0.24624624624624625,0.6106612685560054,0.6167883211678833,-0.08862745098039217,0.7061900610287707,-0.3084216397099833,-0.14915254237288136,0.5244072524407253,-0.6402877697841727,0.08923884514435695,0.4311774461028193,-0.314516129032258,0.40082361015785856,-0.46991404011461324,-0.13931523022432113,-0.7132867132867133,-0.3062230437461491,-0.24085365853658536,0.5698393077873918,-0.5004995004995005,-0.8825995807127882,0.0
0.24724724724724725,0.286774628879892,0.30170316301703165,-0.22823529411764706,0.4594594594594595,-0.2487451199107641,-0.29717514124293787,0.38075313807531386,-0.5474820143884892,0.32983377077865267,0.4892205638474295,-0.26702508960573473,0.4426904598490048,0.11461318051575932,-0.30460448642266824,-0.48834498834498835,-0.2174984596426371,-0.19283536585365854,0.41903584672435107,-0.17182817182817184,-0.36477987421383645,0.0
0.24824824824824826,0.2361673414304993,0.4914841849148419,-0.35921568627450984,0.18395815170008717,-0.5337423312883436,-0.1638418079096045,0.42538354253835425,-0.30287769784172663,0.7130358705161854,0.5223880597014926,-0.44713261648745517,0.5394646533973919,-0.25501432664756446,-0.5106257378984652,-0.31701631701631705,-0.10351201478743069,0.0823170731707317,0.5896168108776266,0.21778221778221782,-0.10796645702306079,0.0
0.24924924924924924,-0.18083670715249664,0.22749391727493917,-0.23529411764705882,0.5649520488230165,-0.3558282208588957,0.04745762711864407,0.43375174337517436,-0.27913669064748203,0.13385826771653542,-0.10613598673300166,-0.24372759856630824,0.47014413177762526,-0.16762177650429802,-0.3494687131050767,-0.46212121212121215,0.041897720271102896,-0.3407012195121951,0.049443757725587144,-0.24675324675324678,-0.4507337526205451,0.0
0.2502502502502503,0.41295546558704455,0.7092457420924574,0.023529411764705882,0.46120313862249346,-0.09704406023424428,-0.3367231638418079,0.3333333333333333,-0.5230215827338129,0.2020997375328084,0.6733001658374793,-0.18906810035842292,0.514070006863418,-0.6446991404011462,-0.22668240850059032,-0.41258741258741255,-0.270486752926679,-0.20960365853658539,0.4826946847960445,-0.2737262737262738,-0.2819706498951782,0.0
0.25125125125125125,-0.17273954116059378,0.3102189781021898,-0.21490196078431376,0.15780296425457715,-0.5013943112102621,0.19435028248587569,0.09205020920502092,-0.13453237410071944,0.5214348206474191,0.427860696517413,-0.20161290322580644,0.5422100205902539,0.02865329512893983,-0.3530106257378985,-0.37703962703962707,0.049291435613062234,-0.07926829268292682,0.08158220024721878,0.0029970029970029974,-0.014675052410901468,0.0
0.25225225225225223,0.4527665317139002,0.562043795620438,-0.03607843137254902,0.4280732345248474,-0.2242052426101506,-0.26666666666666666,0.3486750348675035,-0.5014388489208633,0.23709536307961507,0.41127694859038144,-0.24910394265232974,0.3967055593685655,-0.14183381088825217,-0.21369539551357733,-0.4428904428904429,-0.19839802834257547,-0.18902439024390244,0.43943139678615567,-0.14385614385614387,-0.31551362683438156,0.0
0.25325325325325326,0.26248313090418357,0.6362530413625305,-0.2862745098039216,0.4768962510897995,-0.3814835471277189,-0.2734463276836158,0.057182705718270575,-0.4309352517985612,0.3727034120734908,0.5240464344941957,-0.20161290322580644,0.5367192862045298,-0.25644699140401145,-0.34710743801652894,-0.502913752913753,-0.19716574245224894,-0.12576219512195122,0.5203955500618046,-0.18981018981018982,-0.2746331236897275,0.0
0.25425425425425424,-0.19095816464237517,0.25669099756691,-0.38745098039215686,0.46033129904097647,-0.5850529838259899,0.04293785310734463,0.2789400278940028,-0.5014388489208633,0.5249343832020997,-0.05970149253731343,-0.5241935483870966,0.5030885380919697,-0.13753581661891118,-0.5602125147579693,-0.653846153846154,0.3093037584719655,-0.15853658536585363,0.16378244746600742,-0.3216783216783217,-0.4643605870020965,0.0
0.2552552552552553,-0.19635627530364372,0.12165450121654503,-0.23686274509803923,0.2920662598081953,-0.5013943112102621,0.11073446327683616,-0.022315202231520226,-0.2539568345323741,0.36920384951881013,0.12106135986733,-0.2410394265232975,0.6774193548387096,0.1905444126074499,-0.4025974025974026,-0.5337995337995338,0.02895871842267406,-0.13490853658536583,0.09950556242274412,-0.05294705294705295,-0.28721174004192873,0.0
0.25625625625625625,-0.06275303643724696,0.3004866180048662,-0.1819607843137255,0.5998256320836965,-0.4751812604573341,0.1638418079096045,0.19246861924686195,-0.3165467625899281,0.07699037620297462,0.15091210613598674,-0.36200716845878134,0.5634866163349347,-0.048710601719197714,-0.13754427390791027,-0.49358974358974356,0.024645717806531117,-0.3330792682926829,0.06427688504326329,-0.005994005994005995,-0.39832285115303984,0.0
0.25725725725725723,0.22672064777327938,0.3795620437956205,-0.5058823529411766,0.5536181342632955,-0.5382041271611824,-0.06666666666666667,0.4672245467224547,-0.34748201438848925,0.4164479440069991,0.17910447761194032,-0.6272401433691756,0.34248455730954014,-0.19340974212034387,-0.46044864226682414,-0.3257575757575758,0.0030807147258163897,-0.11432926829268292,0.2985166872682324,-0.03896103896103897,-0.3259958071278826,0.0
0.25825825825825827,0.2408906882591093,0.48783454987834557,-0.476078431372549,0.5431560592850916,-0.3374233128834356,-0.2689265536723164,0.09065550906555091,-0.5503597122302158,0.14873140857392828,0.06135986733001658,-0.3055555555555555,0.703500343170899,0.10028653295128942,-0.3417945690672963,-0.5611888111888111,-0.07640172520024646,-0.10289634146341464,0.38195302843016066,-0.3206793206793207,-0.5115303983228512,0.0
0.25925925925925924,0.21052631578947367,0.5279805352798054,-0.291764705882353,0.37053182214472535,-0.5398773006134969,-0.05084745762711864,0.5634588563458857,-0.3460431654676259,0.5695538057742783,-0.08291873963515756,-0.34498207885304655,0.4461221688400824,-0.3510028653295129,-0.487012987012987,-0.3572261072261072,-0.14664202094886014,-0.04344512195121951,0.43943139678615567,-0.08791208791208792,-0.3249475890985325,0.0
0.2602602602602603,0.13630229419703105,0.5291970802919709,0.12470588235294118,0.43330427201394944,-0.36029001673173455,0.16497175141242937,0.18967921896792192,-0.2517985611510791,0.2957130358705162,0.40630182421227196,0.047491039426523295,0.6183939601921757,-0.5544412607449857,-0.15230224321133412,-0.7354312354312355,-0.31300061614294516,-0.20503048780487806,0.3145859085290482,-0.6993006993006994,-0.6477987421383647,0.0
0.26126126126126126,0.3265856950067476,0.36982968369829683,-0.415686274509804,0.5832606800348736,-0.43390964863357506,-0.20564971751412428,0.4839609483960948,-0.5589928057553958,0.11811023622047245,-0.1824212271973466,-0.4086021505376344,0.41592312971859985,-0.23209169054441264,-0.31818181818181823,-0.5693473193473193,-0.24152803450400495,-0.28125,0.522867737948084,-0.3576423576423577,-0.529350104821803,0.0
0.26226226226226224,0.12280701754385964,0.3236009732360098,-0.0815686274509804,0.7227550130775937,-0.6263245956497491,0.07909604519774012,0.1771269177126918,-0.4071942446043165,0.38320209973753283,-0.5091210613598673,-0.25,0.7076183939601921,-0.44699140401146137,-0.4628099173553719,-0.7214452214452215,-0.07886629698089957,-0.33231707317073167,0.4585908529048207,-0.6393606393606395,-0.8259958071278827,0.0
0.26326326326326327,0.08232118758434548,0.5389294403892945,-0.44078431372549026,0.17436791630340018,-0.716675962074735,-0.15819209039548024,0.5788005578800558,-0.1525179856115108,0.6517935258092739,0.3830845771144279,-0.6810035842293907,0.4797529169526424,-0.42263610315186245,-0.5785123966942148,-0.1526806526806527,0.06284658040665433,0.2842987804878049,0.42954264524103825,0.2717282717282718,0.07442348008385744,0.0
0.26426426426426425,0.4939271255060729,0.416058394160584,-0.411764705882353,0.5649520488230165,-0.1834913552704964,-0.17288135593220338,0.6861924686192469,-0.5863309352517986,0.2659667541557305,0.15091210613598674,-0.282258064516129,0.3287577213452299,0.16475644699140404,-0.2473435655253837,-0.7284382284382285,-0.22797288971041282,-0.3475609756097561,0.5364647713226205,-0.39160839160839167,-0.7243186582809225,0.0
0.2652652652652653,0.41970310391363025,0.40754257907542585,-0.4690196078431373,0.6477768090671316,-0.5237032905744562,-0.23728813559322032,0.0055788005578800565,-0.3748201438848921,0.247594050743657,0.03980099502487562,-0.4202508960573476,0.6012354152367879,-0.11318051575931233,-0.44864226682408503,-0.4428904428904429,-0.20271102895871843,-0.1646341463414634,0.5778739184177998,-0.2667332667332668,-0.5220125786163522,0.0
0.26626626626626626,0.32860998650472334,0.6046228710462287,-0.41725490196078435,0.7035745422842198,-0.5766871165644172,0.02711864406779661,0.7489539748953976,-0.44676258992805756,0.3132108486439195,0.21724709784411278,-0.4758064516129032,0.3218943033630748,-0.520057306590258,-0.36363636363636365,-0.6474358974358975,-0.2402957486136784,-0.16539634146341461,0.6384425216316439,-0.42457542457542463,-0.6656184486373166,0.0
0.2672672672672673,0.43049932523616735,0.6897810218978102,-0.6501960784313726,0.4385353095030514,-0.4143892916899052,-0.3096045197740113,0.15620641562064158,-0.5086330935251798,0.4138232720909886,0.45605306799336653,-0.5170250896057347,0.5628002745367192,-0.2879656160458453,-0.5053128689492326,-0.49125874125874125,-0.0474430067775724,0.007621951219512195,0.5642768850432632,-0.2867132867132867,-0.3259958071278826,0.0
0.2682682682682683,0.32186234817813764,0.5632603406326034,-0.10666666666666669,0.6015693112467305,-0.3312883435582822,-0.19774011299435026,0.606694560669456,-0.6568345323741008,0.02099737532808399,-0.05638474295190714,-0.32258064516129026,0.46808510638297873,-0.40544412607449853,-0.3577331759149941,-0.6754079254079255,-0.20332717190388172,-0.1288109756097561,0.5086526576019776,-0.49050949050949055,-0.749475890985325,0.0
0.26926926926926925,-0.32186234817813764,0.15328467153284672,-0.19764705882352943,0.1299040976460331,-0.7495817066369215,0.04971751412429378,-0.1394700139470014,0.2690647482014389,0.342082239720035,-0.13930348258706468,-0.3826164874551971,0.6691832532601235,0.07736389684813753,-0.4852420306965761,-0.11771561771561773,0.014787430683918669,-0.006097560975609756,-0.05315203955500617,0.19380619380619382,0.10272536687631029,0.0
0.2702702702702703,-0.199055330634278,0.12773722627737227,-0.01647058823529412,0.4167393199651264,-0.3837144450641383,0.280225988700565,0.08507670850767085,-0.0856115107913669,0.08223972003499562,0.3482587064676617,-0.10304659498207885,0.608098833218943,0.015759312320916905,-0.19598583234946873,-0.42074592074592077,-0.004929143561306223,-0.26524390243902435,-0.053770086526576014,-0.07192807192807193,-0.23899371069182393,0.0
0.27127127127127126,0.5445344129554657,0.7664233576642336,-0.4619607843137255,0.7611159546643418,-0.48243167875069715,0.10056497175141242,0.3821478382147839,-0.7633093525179856,0.5328083989501312,0.2205638474295191,-0.5600358422939068,0.5113246396705559,-0.6461318051575932,-0.42916174734356555,-0.8321678321678322,0.03696857670979667,-0.24771341463414634,0.6711990111248455,-0.6283716283716284,-0.909853249475891,0.0
0.2722722722722723,-0.004723346828609987,0.3236009732360098,-0.15529411764705883,0.37140366172624234,-0.5560513106525377,-0.1310734463276836,0.3389121338912134,-0.34388489208633094,0.40332458442694663,0.37645107794361526,-0.30734767025089604,0.55044612216884,-0.2363896848137536,-0.4988193624557261,-0.5885780885780886,0.04251386321626618,-0.03887195121951219,0.3627935723114956,-0.3866133866133867,-0.5031446540880503,0.0
0.2732732732732733,0.30229419703103916,0.5936739659367397,-0.3858823529411765,0.49520488230165643,-0.42554378137200227,-0.17175141242937852,0.19246861924686195,-0.5302158273381296,0.305336832895888,0.5456053067993367,-0.4551971326164874,0.5676046671242279,-0.2163323782234957,-0.3577331759149941,-0.532051282051282,-0.133086876155268,-0.14253048780487804,0.5451174289245982,-0.1078921078921079,-0.31027253668763105,0.0
0.27427427427427425,0.4385964912280702,0.6313868613138687,-0.3137254901960785,0.3792502179598954,-0.6592303402119353,-0.014689265536723162,0.29707112970711297,-0.1194244604316547,0.33070866141732286,0.14759535655058043,-0.48028673835125446,0.42759094028826355,-0.5229226361031519,-0.4315230224321133,-0.31585081585081587,-0.24707332101047444,-0.016768292682926827,0.5321384425216316,-0.009990009990009992,-0.18972746331236898,0.0
0.2752752752752753,0.27935222672064774,0.14476885644768855,0.025098039215686277,0.2807323452484743,-0.18627997769102064,0.08361581920903954,0.05857740585774059,-0.3798561151079137,-0.13910761154855644,0.04643449419568823,0.01971326164874552,0.6108442004118051,-0.05157593123209169,-0.1977567886658796,-0.5827505827505828,-0.2766481823783118,-0.3407012195121951,0.2836835599505562,-0.3216783216783217,-0.469601677148847,0.0
0.27627627627627627,0.4021592442645074,0.6970802919708029,-0.0596078431372549,0.5222319093286835,-0.44673731176798664,-0.1864406779661017,0.6429567642956765,-0.42158273381294964,0.38232720909886264,0.33333333333333337,-0.264336917562724,0.25943719972546325,-0.5558739255014327,-0.2922077922077922,-0.7296037296037297,-0.07332101047443007,-0.2576219512195122,0.48393077873918416,-0.4155844155844156,-0.5199161425576521,0.0
0.2772772772772773,0.10998650472334684,0.35279805352798055,-0.16156862745098038,0.37489102005231034,-0.2810931399888455,-0.08587570621468926,0.400278940027894,-0.3424460431654676,0.2502187226596675,0.32669983416252074,-0.04211469534050179,0.47288949897048727,-0.10315186246418338,-0.3187721369539552,-0.46212121212121215,-0.36598890942698703,-0.14405487804878048,0.507416563658838,-0.058941058941058944,-0.40146750524109015,0.0
0.2782782782782783,0.383940620782726,0.5437956204379563,-0.647843137254902,0.3975588491717524,-0.6809815950920246,-0.43050847457627117,0.5034867503486751,-0.30935251798561153,0.5608048993875766,0.20563847429519072,-0.6577060931899641,0.3754289636238847,-0.14183381088825217,-0.5932703659976387,-0.3916083916083916,-0.17621688231669747,0.012195121951219513,0.6823238566131026,0.032967032967032975,-0.20125786163522014,0.0
0.27927927927927926,0.09379217273954117,0.4489051094890511,-0.38039215686274513,0.4237140366172624,-0.6558839933073062,-0.11073446327683616,0.2900976290097629,-0.2517985611510791,0.495188101487314,0.15754560530679934,-0.4686379928315412,0.5998627316403569,-0.5401146131805158,-0.47166469893742624,-0.3677156177156177,-0.05545286506469501,-0.05564024390243902,0.4011124845488257,-0.14285714285714285,-0.359538784067086,0.0
0.2802802802802803,0.3603238866396761,0.3479318734793187,-0.44941176470588234,0.5972101133391456,-0.35861684327942,-0.13333333333333333,0.7740585774058578,-0.641726618705036,0.36132983377077865,0.3830845771144279,-0.4363799283154121,0.31297185998627314,-0.03581661891117479,-0.28512396694214875,-0.5256410256410257,-0.2532347504621072,-0.3041158536585366,0.46786155747836833,-0.3516483516483517,-0.579664570230608,0.0
0.28128128128128127,0.33535762483130904,0.21897810218978103,0.14352941176470588,0.5353095030514385,-0.16118237590630227,-0.0655367231638418,0.11576011157601117,-0.5467625899280576,-0.015748031496062992,0.1824212271973466,-0.0582437275985663,0.5833905284831846,0.005730659025787966,-0.15407319952774498,-0.7604895104895104,-0.039433148490449786,-0.3567073170731707,0.3257107540173053,-0.5784215784215785,-0.6519916142557652,0.0
0.2822822822822823,0.1524966261808367,0.30656934306569344,-0.37333333333333335,0.5475152571926766,-0.48745119910764084,-0.11186440677966102,0.4728033472803348,-0.3827338129496403,0.6290463692038495,0.1824212271973466,-0.43369175627240136,0.456417295813315,-0.025787965616045846,-0.39315230224321135,-0.40909090909090906,-0.09611829944547134,-0.24542682926829268,0.4876390605686032,-0.06793206793206795,-0.3427672955974843,0.0
0.2832832832832833,0.6450742240215924,0.2688564476885645,-0.1349019607843137,0.5152571926765475,-0.20970440602342444,-0.3367231638418079,0.4072524407252441,-0.4776978417266188,0.26771653543307083,0.06965174129353234,-0.12365591397849462,0.5195607412491421,0.054441260744985676,-0.24144037780401417,-0.5501165501165501,-0.30745532963647565,-0.3140243902439024,0.6155747836835599,-0.3866133866133867,-0.409853249475891,0.0
0.28428428428428426,0.6025641025641025,0.5012165450121655,0.021176470588235297,0.4123801220575414,0.021193530395984383,-0.3254237288135593,0.1785216178521618,-0.6035971223021583,-0.09273840769903761,0.4825870646766169,-0.005376344086021505,0.6190803019903912,-0.5100286532951289,-0.041322314049586785,-0.6841491841491841,-0.4879852125693161,-0.17454268292682926,0.49876390605686033,-0.5434565434565436,-0.589098532494759,0.0
0.2852852852852853,0.2874493927125506,0.7384428223844283,-0.17490196078431375,0.44289450741063646,-0.48633575013943114,-0.020338983050847456,0.7670850767085078,-0.3899280575539569,0.47681539807524065,0.582089552238806,-0.5044802867383512,0.2875772134522992,-0.40974212034383956,-0.2910271546635183,-0.42074592074592077,-0.19901417128773877,-0.25152439024390244,0.41409147095179233,0.1138861138861139,-0.26624737945492666,0.0
0.2862862862862863,0.5209176788124157,0.6508515815085159,-0.3811764705882353,0.7279860505666956,-0.4406023424428333,-0.25310734463276835,0.37238493723849375,-0.5820143884892087,0.6745406824146982,0.461028192371476,-0.4041218637992831,0.5854495538778312,-0.4527220630372493,-0.3530106257378985,-0.5215617715617716,-0.21010474430067777,-0.1570121951219512,0.688504326328801,-0.4215784215784216,-0.4381551362683438,0.0
0.2872872872872873,-0.21187584345479082,0.06934306569343067,-0.01647058823529412,0.4324324324324324,-0.3407696597880647,0.30282485875706217,-0.13110181311018132,-0.3597122302158274,0.1837270341207349,0.11940298507462686,-0.1908602150537634,0.6829100892244337,0.20200573065902577,-0.3128689492325856,-0.5909090909090909,0.15526802218114602,-0.2637195121951219,-0.019777503090234856,-0.2317682317682318,-0.3710691823899371,0.0
0.2882882882882883,0.1747638326585695,0.4768856447688565,-0.017254901960784313,0.44812554489973844,-0.4595649749023982,-0.04971751412429378,0.3779637377963738,-0.302158273381295,0.2204724409448819,-0.1658374792703151,-0.10125448028673835,0.4440631434454358,-0.32664756446991405,-0.3429752066115702,-0.7651515151515151,-0.09858287122612447,-0.33841463414634143,0.37886279357231145,-0.2817182817182817,-0.4842767295597485,0.0
0.28928928928928926,0.34615384615384615,0.31386861313868614,-0.3780392156862745,0.33217088055797733,-0.4595649749023982,-0.030508474576271184,0.5216178521617852,-0.4482014388489209,0.495188101487314,0.2139303482587065,-0.42204301075268813,0.5854495538778312,-0.06590257879656161,-0.3890200708382527,-0.24475524475524474,-0.15526802218114602,-0.1173780487804878,0.5173053152039554,0.06793206793206795,-0.1467505241090147,0.0
0.2902902902902903,-0.13427800269905535,0.17518248175182483,-0.1450980392156863,0.6312118570183086,-0.5270496374790853,0.11412429378531073,0.24686192468619247,-0.26762589928057556,0.4374453193350831,-0.16086235489220566,-0.29569892473118276,0.5120109814687714,-0.12034383954154729,-0.4628099173553719,-0.5308857808857809,-0.25508317929759705,-0.2858231707317073,0.27750309023485786,-0.6023976023976024,-0.7222222222222222,0.0
0.2912912912912913,0.38933873144399456,0.36253041362530414,-0.09411764705882353,0.4036617262423714,-0.35694366982710546,-0.14576271186440679,-0.013947001394700141,-0.5352517985611511,0.10586176727909011,0.1177446102819237,-0.18010752688172044,0.7151681537405628,-0.28223495702005735,-0.31818181818181823,-0.5920745920745921,-0.34257547751078254,-0.18216463414634146,0.469097651421508,-0.3466533466533467,-0.44863731656184486,0.0
0.2922922922922923,-0.48448043184885287,0.1642335766423358,-0.29803921568627456,0.2144725370531822,-0.7161182375906303,-0.0768361581920904,0.3863319386331939,-0.12302158273381297,0.2773403324584427,0.04643449419568823,-0.5008960573476703,0.4097460535346602,-0.19770773638968483,-0.5566706021251475,-0.4801864801864802,0.31916204559457795,-0.03963414634146341,0.0030902348578491965,-0.15784215784215785,-0.1467505241090147,0.0
0.2932932932932933,0.39203778677462886,0.6046228710462287,0.08470588235294119,0.6599825632083697,-0.17791411042944785,-0.21694915254237288,0.37099023709902373,-0.5741007194244605,0.07174103237095364,0.17744610281923714,-0.007168458781362006,0.4625943719972546,-0.7234957020057308,-0.10330578512396695,-0.7406759906759907,-0.4288354898336414,-0.3490853658536585,0.5018541409147095,-0.5704295704295704,-0.7578616352201258,0.0
0.29429429429429427,0.08636977058029689,0.6995133819951338,-0.5419607843137255,0.6094158674803836,-0.6263245956497491,-0.15480225988700566,0.3779637377963738,-0.497841726618705,0.6990376202974629,0.18407960199004975,-0.6370967741935483,0.47357584076870274,-0.35673352435530087,-0.6127508854781583,-0.41025641025641024,-0.06161429451632779,-0.0861280487804878,0.5723114956736712,-0.13786213786213788,-0.46226415094339623,0.0
0.2952952952952953,0.247638326585695,0.20681265206812655,0.21176470588235297,0.34960767218831734,-0.11489124372559956,-0.24745762711864405,0.42677824267782427,-0.3769784172661871,-0.12510936132983375,0.1442786069651741,0.14695340501792115,0.5778997940974605,0.03151862464183381,-0.0371900826446281,-0.5547785547785548,-0.26124460874922983,-0.3475609756097561,0.20086526576019778,-0.18681318681318684,-0.20649895178197067,0.0
0.2962962962962963,0.16666666666666666,0.5304136253041363,-0.3254901960784314,0.25544899738448124,-0.5409927495817066,-0.17627118644067796,0.4295676429567643,-0.2971223021582734,0.25721784776902884,0.3449419568822554,-0.3817204301075268,0.4344543582704187,-0.5458452722063037,-0.46635182998819363,-0.5506993006993007,0.012939001848428836,-0.026676829268292686,0.4351050679851668,-0.15684315684315686,-0.3050314465408805,0.0
0.2972972972972973,0.1612685560053981,0.4598540145985402,-0.7043137254901961,0.5457715780296425,-0.8209704406023425,0.12203389830508474,0.41701534170153415,-0.258273381294964,0.5310586176727908,-0.13101160862354894,-0.6559139784946236,0.5552505147563487,-0.07163323782234958,-0.5820543093270366,-0.46445221445221446,0.06099815157116451,-0.15929878048780485,0.503708281829419,-0.1328671328671329,-0.4591194968553459,0.0
0.2982982982982983,0.48448043184885287,0.46593673965936744,0.11137254901960784,0.32781168265039234,-0.19297267150027886,-0.2903954802259887,0.299860529986053,-0.27913669064748203,0.4024496937882765,0.7197346600331676,0.08333333333333333,0.45024021962937544,-0.17478510028653296,-0.11629279811097994,-0.44871794871794873,-0.39741219963031427,-0.17454268292682926,0.6019777503090235,0.005994005994005995,-0.25995807127882603,0.0
0.2992992992992993,-0.16666666666666666,-0.0170316301703163,0.017254901960784313,0.43417611159546643,-0.32348020078081424,0.14350282485875707,0.14783821478382148,-0.5359712230215827,0.3237095363079615,0.2537313432835821,-0.12634408602150535,0.6520247083047357,0.10028653295128942,-0.22609208972845338,-0.6142191142191142,0.10720887245841035,-0.28048780487804875,0.004944375772558714,-0.4455544455544456,-0.47798742138364786,0.0
0.3003003003003003,0.4757085020242915,0.916058394160584,-0.33882352941176475,0.5108979947689625,-0.2621305075292805,-0.31412429378531076,0.5899581589958159,-0.516546762589928,0.5608048993875766,0.560530679933665,-0.3378136200716846,0.4248455730954015,-0.497134670487106,-0.32821723730814645,-0.5914918414918414,-0.2094886013555145,-0.17149390243902438,0.5982694684796044,-0.16483516483516486,-0.539832285115304,0.0
0.3013013013013013,0.6518218623481781,0.8394160583941606,-0.02196078431372549,0.4350479511769834,-0.1003904071388734,-0.14350282485875707,0.5439330543933055,-0.8568345323741008,0.24321959755030623,0.46766169154228854,-0.1872759856630824,0.4461221688400824,-0.6819484240687679,-0.1103896103896104,-0.6153846153846154,-0.2402957486136784,-0.20198170731707318,0.6959208899876389,-0.38561438561438566,-0.47693920335429774,0.0
0.3023023023023023,0.3434547908232119,0.7177615571776156,-0.5937254901960785,0.4768962510897995,-0.7289459007250418,-0.0655367231638418,0.391910739191074,-0.2258992805755396,0.6447944006999125,0.33333333333333337,-0.5116487455197132,0.6341798215511325,-0.5487106017191977,-0.5401416765053129,-0.486013986013986,-0.23844731977818856,0.02972560975609756,0.6421508034610629,-0.3496503496503497,-0.6593291404612159,0.0
0.3033033033033033,-0.018218623481781375,0.49635036496350365,-0.39764705882352946,0.37053182214472535,-0.5460122699386503,-0.2689265536723164,0.5843793584379359,-0.23812949640287773,0.39282589676290464,0.029850746268656716,-0.39605734767025086,0.5085792724776939,-0.34383954154727797,-0.48878394332939784,-0.4318181818181818,-0.14109673444239065,-0.18064024390243902,0.45117428924598263,-0.17382617382617382,-0.2903563941299791,0.0
0.30430430430430433,0.2726045883940621,0.8138686131386862,-0.5843137254901961,0.4742807323452485,-0.509760178471835,-0.05988700564971751,0.6555090655509066,-0.29280575539568343,0.48468941382327213,0.427860696517413,-0.568100358422939,0.47288949897048727,-0.7865329512893984,-0.5094451003541913,-0.3886946386946387,-0.3111521873074553,0.08384146341463414,0.6489493201483313,-0.3546453546453547,-0.3710691823899371,0.0
0.3053053053053053,0.33535762483130904,0.7007299270072993,-0.2635294117647059,0.6216216216216216,-0.2978248745119911,-0.05988700564971751,0.6304044630404464,-0.5539568345323741,0.4444444444444444,0.03150912106135987,-0.41487455197132617,0.3301304049416609,-0.24641833810888253,-0.3069657615112161,-0.49533799533799533,-0.19346888478126925,-0.31707317073170727,0.4184177997527812,-0.17382617382617382,-0.4706498951781971,0.0
0.3063063063063063,-0.037112010796221326,0.5352798053527981,-0.796078431372549,0.2807323452484743,-0.6993865030674847,-0.288135593220339,0.6555090655509066,-0.40071942446043174,0.804899387576553,0.4096185737976783,-0.7831541218637992,0.4591626630061771,-0.11604584527220632,-0.6056670602125148,-0.25582750582750585,0.27418361059765867,0.27743902439024387,0.39616810877626696,0.05094905094905095,-0.2169811320754717,0.0
0.3073073073073073,0.11201079622132254,0.29440389294403896,-0.2227450980392157,0.43679163034001744,-0.29726715002788623,-0.14350282485875707,0.2357043235704324,-0.1510791366906475,0.03762029746281714,0.24875621890547264,-0.08154121863799282,0.4653397391901167,-0.31232091690544417,-0.18181818181818182,-0.4382284382284382,-0.19716574245224894,-0.26829268292682923,0.14215080346106304,-0.15784215784215785,-0.17505241090146753,0.0
0.3083083083083083,0.38798920377867746,0.8418491484184915,-0.16862745098039217,0.6425457715780296,-0.35917456776352485,-0.1864406779661017,0.5160390516039052,-0.5050359712230216,0.378827646544182,0.3864013266998342,-0.2526881720430107,0.31365820178448867,-0.5300859598853869,-0.3069657615112161,-0.5699300699300699,-0.3820086260012323,-0.21265243902439027,0.7639060568603213,-0.17882117882117884,-0.5524109014675053,0.0
0.30930930930930933,0.393387314439946,0.5206812652068127,-0.13176470588235295,0.6059285091543155,-0.3390964863357501,0.16610169491525423,0.6150627615062761,-0.6244604316546764,0.048993875765529306,0.24543946932006633,-0.2867383512544803,0.37268359643102267,-0.3925501432664757,-0.09858323494687132,-0.6748251748251748,-0.19162045594577942,-0.3513719512195122,0.32447466007416564,-0.49550449550449555,-0.5618448637316562,0.0
0.3103103103103103,-0.0775978407557355,0.3978102189781022,-0.08,0.4106364428945074,-0.36029001673173455,0.23728813559322032,0.595536959553696,-0.16834532374100722,0.15660542432195976,0.3316749585406302,-0.08064516129032256,0.46808510638297873,-0.3896848137535817,-0.22668240850059032,-0.26573426573426573,-0.4349969192852742,-0.1448170731707317,0.19159456118665016,0.10689310689310691,-0.1467505241090147,0.0
0.3113113113113113,-0.10593792172739541,0.4318734793187348,-0.6062745098039216,0.4184829991281604,-0.8287785833798104,0.2745762711864407,0.4672245467224547,-0.40431654676259,0.46281714785651795,0.026533996683250415,-0.6120071684587813,0.44680851063829785,-0.28223495702005735,-0.5885478158205432,-0.6701631701631702,0.3173136167590881,-0.15015243902439024,0.2694684796044499,-0.48551448551448556,-0.4989517819706499,0.0
0.3123123123123123,0.4257759784075574,0.464720194647202,-0.18980392156862746,0.40802092414995644,-0.27384272169548246,-0.2847457627118644,0.44211994421199446,-0.34388489208633094,0.1373578302712161,0.05804311774461029,-0.14784946236559138,0.5415236787920384,-0.042979942693409746,-0.22491145218417946,-0.36421911421911424,-0.40665434380776344,-0.28734756097560976,0.44932014833127315,-0.01098901098901099,-0.11949685534591196,0.0
0.3133133133133133,-0.2834008097165992,0.049878345498783457,-0.08078431372549019,0.36355710549258935,-0.3669827105409928,0.15593220338983052,0.12831241283124128,-0.18345323741007197,0.03762029746281714,0.18407960199004975,-0.13440860215053763,0.579958819492107,0.2593123209169054,-0.27685950413223137,-0.4976689976689977,0.08626001232285892,-0.2888719512195122,-0.05253399258343634,-0.1188811188811189,-0.27987421383647804,0.0
0.31431431431431434,0.15587044534412955,0.8199513381995135,-0.37176470588235294,0.3548387096774193,-0.6174010039040714,-0.17740112994350282,0.5258019525801952,-0.302158273381295,0.44969378827646544,0.17412935323383086,-0.3279569892473118,0.40425531914893614,-0.6446991404011462,-0.4675324675324676,-0.38461538461538464,-0.2285890326555761,-0.09984756097560976,0.53831891223733,0.016983016983016987,-0.23060796645702308,0.0
0.3153153153153153,0.2982456140350877,0.35523114355231145,-0.09411764705882353,0.4795117698343505,-0.2872281093139989,-0.103954802259887,0.2594142259414226,-0.3258992805755396,-0.047244094488188976,0.06633499170812604,-0.13620071684587812,0.5669183253260123,0.10028653295128942,-0.23258559622195987,-0.46270396270396275,-0.35366605052372146,-0.3361280487804878,0.4103831891223733,-0.15184815184815187,-0.2809224318658281,0.0
0.3163163163163163,-0.1349527665317139,0.031630170316301706,-0.42666666666666675,0.34437663469921537,-0.4662576687116564,0.0519774011299435,-0.1297071129707113,-0.43381294964028777,0.3193350831146107,0.20729684908789386,-0.3862007168458781,0.6259437199725463,0.40830945558739257,-0.42089728453364816,-0.46503496503496505,0.17436845348120764,-0.13185975609756095,0.15203955500618047,-0.1158841158841159,-0.3909853249475891,0.0
0.3173173173173173,0.32456140350877194,0.31143552311435524,-0.3772549019607843,0.6373147340889276,-0.5225878416062466,-0.1864406779661017,0.6541143654114365,-0.5582733812949641,0.32808398950131235,0.03316749585406302,-0.539426523297491,0.4166094715168153,-0.4541547277936963,-0.4911452184179457,-0.6375291375291375,-0.012939001848428836,-0.13414634146341461,0.45117428924598263,-0.5134865134865135,-0.6540880503144655,0.0
0.3183183183183183,0.39878542510121456,0.8467153284671532,-0.5552941176470588,0.5204882301656495,-0.47573898494143896,-0.4519774011299435,0.400278940027894,-0.5525179856115109,0.5835520559930009,0.3548922056384743,-0.6030465949820788,0.29855868222374743,-0.6160458452722063,-0.5436835891381346,-0.4527972027972028,-0.07270486752926679,0.01524390243902439,0.6606922126081581,-0.05194805194805195,-0.29559748427672955,0.0
0.31931931931931934,0.47435897435897434,0.5450121654501217,-0.12392156862745099,0.5893635571054926,-0.24539877300613497,-0.38983050847457623,0.5425383542538355,-0.45683453237410077,0.1811023622047244,0.18739635157545606,-0.2096774193548387,0.5298558682223747,-0.22492836676217767,-0.2910271546635183,-0.4708624708624709,-0.3173136167590881,-0.13033536585365854,0.5679851668726823,-0.32467532467532473,-0.4245283018867925,0.0
0.3203203203203203,0.38326585695006743,0.48540145985401467,-0.39450980392156865,0.37750653879686136,-0.5315114333519242,-0.020338983050847456,0.1087866108786611,-0.30287769784172663,0.0621172353455818,0.10945273631840798,-0.29569892473118276,0.6314344543582704,-0.3896848137535817,-0.33234946871310506,-0.4755244755244755,-0.2889710412815773,-0.2141768292682927,0.4283065512978986,-0.3326673326673327,-0.4255765199161426,0.0
0.3213213213213213,-0.15452091767881243,0.23114355231143555,-0.15686274509803924,0.5579773321708805,-0.4573340769659788,0.02711864406779661,0.24686192468619247,-0.4776978417266188,0.23272090988626423,0.01824212271973466,-0.3243727598566308,0.5765271105010294,0.02865329512893983,-0.3417945690672963,-0.6923076923076923,0.11213801601971657,-0.33993902439024387,0.20395550061804696,-0.41658341658341663,-0.43186582809224316,0.0
0.32232232232232233,-0.22199730094466938,0.08759124087591241,-0.4298039215686275,0.24498692240627726,-0.8388176240936978,-0.05084745762711864,0.3068340306834031,0.031654676258992806,0.5931758530183727,-0.14096185737976785,-0.5833333333333333,0.5483870967741935,0.13896848137535817,-0.6369539551357734,-0.29603729603729606,0.14417744916820704,0.05640243902439024,0.17923362175525337,0.07692307692307693,-0.1090146750524109,0.0
0.3233233233233233,0.383940620782726,0.637469586374696,-0.1450980392156863,0.5126416739319964,-0.3351924149470162,-0.24180790960451976,0.28870292887029286,-0.41654676258992807,0.35433070866141736,0.5787728026533997,-0.3163082437275985,0.5078929306794784,-0.5214899713467049,-0.2833530106257379,-0.36247086247086246,-0.24460874922982134,-0.03277439024390243,0.4919653893695921,0.09790209790209792,-0.0870020964360587,0.0
0.32432432432432434,0.4406207827260459,0.4537712895377129,0.21803921568627455,0.4524847428073235,-0.32348020078081424,-0.19548022598870055,0.390516039051604,-0.2323741007194245,-0.08836395450568679,0.014925373134328358,0.13709677419354838,0.47426218256691827,-0.4455587392550144,-0.11511216056670603,-0.6958041958041958,-0.47258163894023414,-0.29801829268292684,0.43881334981458586,-0.3866133866133867,-0.5188679245283019,0.0
0.3253253253253253,0.3906882591093117,0.6435523114355232,-0.26196078431372555,0.6346992153443766,-0.3692136084774122,0.06214689265536723,0.3207810320781032,-0.6359712230215828,0.36132983377077865,0.48092868988391374,-0.3422939068100358,0.48867536032944403,-0.2908309455587393,-0.28630460448642264,-0.7651515151515151,-0.22057917436845348,-0.09832317073170732,0.465389369592089,-0.6153846153846154,-0.7788259958071279,0.0
0.3263263263263263,0.6005398110661269,0.6094890510948906,-0.16156862745098038,0.5736704446381866,-0.4690462911321807,0.0022598870056497176,0.3277545327754533,-0.3992805755395684,0.22747156605424323,0.33333333333333337,-0.20698924731182794,0.4776938915579958,-0.36819484240687683,-0.2207792207792208,-0.6701631701631702,-0.266173752310536,-0.23323170731707316,0.5469715698393077,-0.38861138861138866,-0.6090146750524109,0.0
0.32732732732732733,0.18083670715249664,0.648418491484185,-0.5223529411764707,0.5893635571054926,-0.5108756274400447,-0.3581920903954802,0.502092050209205,-0.6935251798561152,0.6745406824146982,0.4461028192371476,-0.5439068100358422,0.5648592999313657,-0.47851002865329517,-0.5165289256198348,-0.5064102564102564,-0.11090573012939002,-0.06935975609756097,0.6798516687268232,-0.2947052947052947,-0.46121593291404617,0.0
0.3283283283283283,0.14035087719298245,0.4209245742092457,-0.4549019607843137,0.49084568439407145,-0.5532626882320134,-0.11186440677966102,0.3082287308228731,-0.39640287769784177,0.47069116360454943,0.2902155887230514,-0.4372759856630824,0.5662319835277968,-0.10458452722063037,-0.48937426210153484,-0.4493006993006993,-0.1977818853974122,-0.1798780487804878,0.4134734239802225,-0.059940059940059943,-0.36477987421383645,0.0
0.32932932932932935,0.3225371120107962,0.6545012165450123,-0.22666666666666666,0.49869224062772444,-0.5103179029559398,0.08587570621468926,0.7322175732217574,-0.3870503597122303,0.15135608048993873,-0.24212271973466,-0.30376344086021506,0.4344543582704187,-0.40974212034383956,-0.33884297520661155,-0.6048951048951049,-0.11028958718422674,-0.29801829268292684,0.5061804697156983,-0.39660339660339666,-0.5849056603773586,0.0
0.3303303303303303,-0.32388663967611336,0.04014598540145986,-0.09490196078431373,0.34524847428073235,-0.45287228109314004,-0.00903954802259887,0.13807531380753138,-0.03669064748201439,0.30096237970253714,0.12271973466003316,-0.21684587813620068,0.5621139327385037,0.1518624641833811,-0.34533648170011805,-0.3356643356643356,-0.019100431300061615,-0.16996951219512194,-0.02348578491965389,0.020979020979020983,-0.2085953878406709,0.0
0.33133133133133136,0.11673414304993252,0.3953771289537713,-0.33333333333333337,0.3958151700087184,-0.4930284439486894,-0.10621468926553672,-0.004184100418410042,-0.4237410071942446,0.25984251968503935,0.20729684908789386,-0.3700716845878136,0.5854495538778312,-0.21346704871060174,-0.36186540731995276,-0.46853146853146854,-0.05298829328404189,-0.18826219512195122,0.32447466007416564,-0.15584415584415587,-0.2966457023060797,0.0
0.33233233233233234,0.058029689608636977,0.26277372262773724,-0.18588235294117647,0.4899738448125545,-0.5973229224762967,-0.2983050847457627,0.16875871687587168,-0.35395683453237414,0.43569553805774275,0.0,-0.3826164874551971,0.4975978037062457,0.18051575931232092,-0.46399055489964586,-0.6118881118881119,0.03019100431300062,-0.2233231707317073,0.41594561186650186,-0.2317682317682318,-0.4444444444444445,0.0
0.3333333333333333,-0.2834008097165992,0.208029197080292,-0.5811764705882353,0.20488230165649518,-0.7345231455660903,0.19774011299435026,0.22036262203626222,-0.03884892086330936,0.4671916010498688,0.04145936981757878,-0.6478494623655913,0.5586822237474262,0.19770773638968483,-0.642266824085006,-0.2884615384615385,0.1749845964263709,0.10594512195121952,0.10259579728059333,0.1318681318681319,-0.06708595387840671,0.0
0.33433433433433435,-0.01214574898785425,0.2895377128953771,-0.2901960784313726,0.4838709677419355,-0.6240936977133297,0.05536723163841808,0.35146443514644354,-0.2007194244604317,0.35783027121609795,-0.08623548922056384,-0.3870967741935483,0.4824982841455044,0.17335243553008597,-0.526564344746163,-0.5017482517482518,-0.04066543438077634,-0.02972560975609756,0.31705809641532756,-0.25074925074925075,-0.510482180293501,0.0
0.3353353353353353,-0.2766531713900135,0.30656934306569344,-0.2996078431372549,0.3966870095902354,-0.5465699944227552,-0.1288135593220339,0.2608089260808926,-0.10287769784172662,0.45056867891513563,0.21061359867330018,-0.42741935483870963,0.5929993136582018,-0.015759312320916905,-0.5076741440377804,-0.3304195804195804,0.04436229205175601,-0.14024390243902438,0.10012360939431396,-0.1358641358641359,-0.15618448637316562,0.0
0.33633633633633636,0.0553306342780027,0.5097323600973236,-0.4384313725490197,0.5727986050566696,-0.49693251533742333,0.0011299435028248588,0.6415620641562064,-0.5064748201438849,0.4321959755030621,0.1359867330016584,-0.5349462365591398,0.4193548387096774,-0.25501432664756446,-0.42857142857142855,-0.42365967365967366,-0.16266173752310537,-0.12271341463414634,0.5302843016069221,-0.034965034965034975,-0.40775681341719083,0.0
0.33733733733733734,-0.017543859649122806,0.2141119221411192,-0.1827450980392157,0.2981691368788143,-0.27718906860011155,-0.09717514124293784,0.22175732217573224,-0.3661870503597123,0.28083989501312334,0.2537313432835821,-0.23476702508960573,0.5305422100205902,0.08595988538681949,-0.3677685950413223,-0.3572261072261072,-0.21996303142329018,-0.12347560975609756,0.23794808405438814,0.13386613386613389,-0.09433962264150944,0.0
0.3383383383383383,0.3792172739541161,0.6605839416058396,-0.13176470588235295,0.43766346992153443,-0.37311767986614613,0.031638418079096044,0.3305439330543933,-0.5151079136690647,0.46194225721784776,0.24046434494195687,-0.2526881720430107,0.5106382978723404,-0.42263610315186245,-0.3412042502951594,-0.6171328671328671,-0.21811460258780035,-0.18292682926829268,0.4796044499381953,-0.2547452547452548,-0.42872117400419285,0.0
0.33933933933933935,0.03913630229419703,0.5766423357664233,-0.44941176470588234,0.4864864864864865,-0.5939765755716676,-0.04745762711864407,0.3751743375174338,-0.34100719424460435,0.4111986001749781,-0.351575456053068,-0.5654121863799283,0.39258750857927244,-0.1489971346704871,-0.6162927981109799,-0.4364801864801865,0.2587800369685767,0.06173780487804878,0.4103831891223733,-0.2767232767232768,-0.4339622641509434,0.0
0.34034034034034033,-0.16734143049932523,0.18734793187347934,-0.23686274509803923,0.4315605928509154,-0.42777467930842167,0.020338983050847456,0.4225941422594142,-0.23956834532374105,0.2537182852143482,-0.013266998341625208,-0.33064516129032256,0.4893617021276595,0.19770773638968483,-0.3612750885478158,-0.4364801864801865,-0.17436845348120764,-0.1013719512195122,0.17058096415327564,-0.2937062937062937,-0.33542976939203356,0.0
0.34134134134134136,0.24696356275303644,0.5656934306569343,-0.4627450980392157,0.6939843068875328,-0.44116006692693815,-0.20112994350282484,0.32217573221757323,-0.4050359712230216,0.48906386701662297,0.43449419568822556,-0.496415770609319,0.51681537405628,-0.24498567335243557,-0.3394332939787485,-0.5180652680652681,0.12384473197781887,-0.09375,0.25092707045735474,-0.3946053946053947,-0.5838574423480085,0.0
0.34234234234234234,0.641025641025641,0.7919708029197081,-0.10901960784313727,0.5161290322580645,-0.2147239263803681,-0.20451977401129942,0.6178521617852162,-0.5733812949640289,0.16272965879265092,0.37147595356550583,-0.20161290322580644,0.49210706932052156,-0.5415472779369628,-0.1322314049586777,-0.5407925407925408,-0.503388786198398,-0.21874999999999997,0.6854140914709518,-0.3676323676323677,-0.39727463312368977,0.0
0.3433433433433433,-0.03508771929824561,0.25304136253041365,-0.037647058823529415,0.3836094158674804,-0.3028443948689348,-0.010169491525423728,0.22036262203626222,-0.5712230215827339,0.2484689413823272,0.0679933665008292,-0.02150537634408602,0.6156485929993136,-0.2893982808022923,-0.2733175914994097,-0.5862470862470862,-0.17190388170055454,-0.27286585365853655,0.27935723114956734,-0.26473526473526476,-0.28511530398322854,0.0
0.34434434434434436,0.35627530364372473,0.4136253041362531,-0.14431372549019608,0.5649520488230165,-0.36029001673173455,-0.12994350282485875,0.4658298465829847,-0.40863309352517985,0.27034120734908135,0.15920398009950248,-0.25716845878136196,0.4049416609471516,-0.22779369627507165,-0.23966942148760334,-0.5804195804195804,-0.034504004929143565,-0.24923780487804878,0.4054388133498146,-0.3576423576423577,-0.38259958071278827,0.0
0.34534534534534533,0.5998650472334683,0.7250608272506083,0.11843137254901961,0.48474280732345254,-0.3145566090351366,0.04067796610169491,0.02092050209205021,-0.31726618705035975,0.2204724409448819,0.5538971807628524,0.09318996415770608,0.7096774193548387,-0.6045845272206304,-0.15702479338842976,-0.6247086247086248,-0.4762784966112138,-0.1013719512195122,0.595797280593325,-0.46753246753246763,-0.4706498951781971,0.0
0.34634634634634637,0.42780026990553305,0.9075425790754258,-0.3341176470588235,0.5030514385353094,-0.4919129949804797,-0.2677966101694915,0.4449093444909345,-0.39208633093525186,0.48381452318460194,0.2023217247097844,-0.44175627240143367,0.4200411805078929,-0.7249283667621778,-0.43270365997638727,-0.3735431235431236,-0.470117067159581,0.008384146341463413,0.6637824474660075,-0.1228771228771229,-0.4675052410901468,0.0
0.34734734734734735,0.47773279352226716,0.5778588807785888,-0.42352941176470593,0.37750653879686136,-0.45454545454545453,-0.4124293785310734,0.5355648535564854,-0.40647482014388486,0.48643919510061245,0.2139303482587065,-0.5188172043010751,0.37405628002745367,-0.31232091690544417,-0.4740259740259741,-0.28263403263403264,-0.08626001232285892,0.06097560975609756,0.6032138442521631,0.1248751248751249,-0.0010482180293501049,0.0
0.3483483483483483,0.2260458839406208,0.7128953771289538,-0.22901960784313727,0.22493461203138623,-0.5488008923591746,-0.006779661016949152,-0.0488145048814505,-0.33884892086330937,0.6194225721784776,0.7263681592039801,-0.4713261648745519,0.5374056280027454,-0.5773638968481376,-0.3500590318772137,-0.5361305361305362,0.08194701170671596,0.007621951219512195,0.42768850432632877,-0.1138861138861139,-0.18972746331236898,0.0
0.34934934934934936,0.6214574898785425,0.5571776155717763,-0.17254901960784316,0.5579773321708805,-0.3184606804238706,-0.1423728813559322,0.5523012552301255,-0.8690647482014389,0.38145231846019245,0.4195688225538972,-0.07885304659498207,0.5840768702814001,-0.3896848137535817,-0.2089728453364817,-0.7202797202797203,-0.237215033887862,-0.3361280487804878,0.6928306551297898,-0.33566433566433573,-0.4947589098532495,0.0
0.35035035035035034,0.6626180836707153,0.6897810218978102,-0.18823529411764706,0.7611159546643418,-0.35917456776352485,0.0384180790960452,0.39609483960948394,-0.4877697841726619,0.21084864391951005,0.30016583747927034,-0.3046594982078853,0.5147563486616334,-0.44269340974212035,-0.17473435655253836,-0.7162004662004663,-0.33394947627849664,-0.2858231707317073,0.6718170580964152,-0.4835164835164836,-0.8763102725366876,0.0
0.35135135135135137,0.007422402159244264,0.5097323600973236,-0.3811764705882353,0.25544899738448124,-0.509760178471835,-0.0011299435028248588,0.3933054393305439,-0.5712230215827339,0.30271216097987746,0.2537313432835821,-0.4686379928315412,0.5991763898421414,-0.18194842406876793,-0.3860684769775679,-0.46153846153846156,-0.17436845348120764,-0.03277439024390243,0.39245982694684795,-0.17782217782217782,-0.39727463312368977,0.0
0.35235235235235235,0.2773279352226721,0.5815085158150851,-0.5137254901960785,0.49433304272013945,-0.6926938092582264,-0.26666666666666666,0.7531380753138076,-0.25107913669064746,0.6176727909011374,0.2271973466003317,-0.7060931899641577,0.2717913520933425,-0.44126074498567336,-0.5938606847697757,-0.4155011655011655,-0.05298829328404189,0.11966463414634146,0.6254635352286774,-0.019980019980019983,-0.39727463312368977,0.0
0.3533533533533533,-0.0553306342780027,0.3637469586374696,-0.29725490196078436,0.4193548387096774,-0.42554378137200227,0.06214689265536723,0.3068340306834031,-0.5582733812949641,0.5651793525809274,0.3466003316749585,-0.3655913978494623,0.5126973232669869,-0.2994269340974212,-0.42266824085005905,-0.5646853146853147,0.19901417128773877,-0.15091463414634146,0.226823238566131,-0.26473526473526476,-0.4255765199161426,0.0
0.35435435435435436,0.3475033738191633,0.5389294403892945,-0.3074509803921569,0.3557105492589363,-0.4751812604573341,0.22033898305084745,0.30264993026499304,-0.2956834532374101,0.5275590551181102,0.46268656716417916,-0.282258064516129,0.485929993136582,-0.4756446991404012,-0.28394332939787487,-0.39510489510489516,-0.15218730745532963,-0.15548780487804875,0.46662546353522866,0.004995004995004996,-0.21069182389937108,0.0
0.35535535535535534,-0.033738191632928474,0.44525547445255476,-0.25098039215686274,0.7175239755884917,-0.48410485220301175,-0.023728813559322035,0.41562064156206413,-0.20431654676258992,0.44881889763779526,0.04975124378109453,-0.31720430107526876,0.4310226492793411,-0.2908309455587393,-0.4462809917355372,-0.6066433566433566,0.1281577325939618,-0.30640243902439024,0.20951792336217553,-0.4655344655344656,-0.5555555555555556,0.0
0.3563563563563564,0.5661268556005398,0.39659367396593675,-0.18588235294117647,0.4760244115082825,-0.3413273842721696,-0.2790960451977401,0.27196652719665276,-0.4460431654676259,0.21084864391951005,-0.05804311774461029,-0.14068100358422939,0.5682910089224433,0.02005730659025788,-0.23022432113341207,-0.6200466200466201,-0.3666050523721503,-0.2995426829268293,0.6563658838071693,-0.2517482517482518,-0.36792452830188677,0.0
0.35735735735735735,0.315114709851552,0.34428223844282235,-0.2862745098039216,0.6451612903225806,-0.41773563859453433,-0.04519774011299435,0.3933054393305439,-0.5345323741007194,0.44881889763779526,0.3681592039800995,-0.4543010752688172,0.5470144131777626,-0.2421203438395416,-0.25914994096812277,-0.618881118881119,-0.056685150955021565,-0.23704268292682926,0.3590852904820766,-0.4865134865134866,-0.6362683438155137,0.0
0.35835835835835833,-0.022941970310391364,0.4038929440389295,-0.46509803921568627,0.49694856146469046,-0.3786949247071947,0.16497175141242937,0.26220362622036264,-0.41870503597122305,0.19247594050743658,0.34991708126036486,-0.40053763440860213,0.5744680851063829,0.08595988538681949,-0.3447461629279811,-0.38286713286713286,-0.1503388786198398,-0.13490853658536583,0.21940667490729293,-0.05194805194805195,-0.3018867924528302,0.0
0.35935935935935936,0.13697705802968962,0.5754257907542579,-0.39294117647058824,0.44027898866608545,-0.501952035694367,-0.04180790960451977,0.41841004184100417,-0.525179856115108,0.5196850393700787,0.46600331674958545,-0.46415770609318996,0.5360329444063143,-0.37679083094555876,-0.34238488783943327,-0.38228438228438233,-0.066543438077634,-0.033536585365853654,0.38133498145859085,0.014985014985014986,-0.3071278825995807,0.0
0.36036036036036034,0.4790823211875843,0.7883211678832117,-0.20862745098039218,0.5309503051438536,-0.1762409369771333,-0.36836158192090396,0.5704323570432357,-0.5230215827338129,0.3447069116360455,0.27031509121061364,-0.3485663082437276,0.31297185998627314,-0.5257879656160459,-0.20602125147579692,-0.3653846153846154,-0.3666050523721503,-0.21722560975609753,0.6316440049443758,-0.15784215784215785,-0.2809224318658281,0.0
0.3613613613613614,0.13562753036437247,0.46350364963503654,-0.3686274509803922,0.4184829991281604,-0.5292805354155047,-0.08700564971751412,0.5788005578800558,-0.4201438848920863,0.4199475065616798,0.2902155887230514,-0.34498207885304655,0.34385724090597114,-0.19914040114613182,-0.4527744982290437,-0.5641025641025641,0.07886629698089957,-0.21874999999999997,0.3059332509270704,-0.2147852147852148,-0.39412997903563946,0.0
0.36236236236236236,-0.014170040485829961,0.3004866180048662,-0.35294117647058826,0.2074978204010462,-0.5114333519241495,-0.11412429378531073,0.3863319386331939,-0.09640287769784174,0.7279090113735782,0.5306799336650083,-0.37365591397849457,0.40425531914893614,0.12177650429799429,-0.49586776859504134,-0.18414918414918416,-0.13247073321010475,0.1097560975609756,0.3337453646477132,0.16383616383616387,-0.011530398322851153,0.0
0.3633633633633634,0.47773279352226716,0.5218978102189781,0.09176470588235296,0.4289450741063644,-0.18795315114333522,-0.376271186440678,0.6443514644351465,-0.36474820143884895,0.1452318460192476,0.25207296849087896,-0.06003584229390681,0.46945778997940973,-0.5229226361031519,-0.15407319952774498,-0.42599067599067597,-0.45040049291435613,-0.34603658536585363,0.6137206427688504,-0.007992007992007994,-0.20754716981132076,0.0
0.36436436436436437,0.0931174089068826,0.3260340632603407,-0.04392156862745098,0.4716652136006975,-0.3374233128834356,0.07344632768361582,0.34449093444909346,-0.24532374100719428,0.22922134733158356,0.026533996683250415,-0.12365591397849462,0.49691146190803015,-0.2492836676217765,-0.2874852420306966,-0.4988344988344988,-0.05730129390018484,-0.31935975609756095,0.24907292954264523,-0.38061938061938067,-0.37735849056603776,0.0
0.36536536536536535,0.36639676113360325,0.3929440389294404,-0.3466666666666667,0.5475152571926766,-0.48410485220301175,0.003389830508474576,0.606694560669456,-0.7057553956834532,0.37970253718285213,0.19237147595356552,-0.48655913978494625,0.428277282086479,0.022922636103151865,-0.37898465171192447,-0.6491841491841492,-0.08934072704867528,-0.2576219512195122,0.5661310259579728,-0.4095904095904096,-0.5817610062893083,0.0
0.3663663663663664,-0.029689608636977057,0.13260340632603407,-0.09254901960784313,0.3653007846556233,-0.2102621305075293,0.05423728813559322,0.299860529986053,-0.20575539568345325,0.1111111111111111,0.1890547263681592,-0.1075268817204301,0.5909402882635552,0.09169054441260746,-0.20188902007083828,-0.36247086247086246,-0.13185459026494145,-0.3513719512195122,0.10815822002472186,0.15384615384615385,0.010482180293501049,0.0
0.36736736736736736,0.03576248313090418,0.4805352798053528,-0.19294117647058825,0.4237140366172624,-0.4857780256553263,0.09265536723163842,0.19107391910739194,-0.13812949640287772,-0.03587051618547682,-0.07462686567164178,-0.21236559139784944,0.582704186684969,-0.26504297994269344,-0.2615112160566706,-0.587995337995338,0.046210720887245836,-0.32774390243902435,0.08899876390605685,-0.15784215784215785,-0.359538784067086,0.0
0.3683683683683684,-0.002699055330634278,0.6131386861313869,-0.19372549019607843,0.49520488230165643,-0.67930842163971,-0.36271186440677966,0.2914923291492329,-0.443884892086331,0.5608048993875766,0.3449419568822554,-0.5349462365591398,0.5566231983527797,-0.31375358166189116,-0.6068476977567887,-0.4551282051282052,-0.01786814540973506,0.07393292682926829,0.4456118665018541,-0.004995004995004996,-0.42662473794549266,0.0
0.36936936936936937,0.5924426450742241,0.5948905109489051,-0.11372549019607843,0.5945945945945946,-0.13831567205800335,-0.05762711864406779,0.7475592747559275,-0.6489208633093526,0.18460192475940507,-0.004975124378109453,-0.10663082437275984,0.24502402196293752,-0.836676217765043,-0.14285714285714285,-0.6555944055944056,-0.4990757855822551,-0.34222560975609756,0.7021013597033373,-0.47452547452547456,-0.59958071278826,0.0
0.37037037037037035,0.04385964912280702,0.3394160583941606,0.02431372549019608,0.5937227550130776,-0.37702175125488013,0.0983050847457627,0.06276150627615062,-0.339568345323741,0.2642169728783902,0.38474295190713104,-0.09498207885304659,0.6829100892244337,-0.46704871060171926,-0.3040141676505313,-0.6072261072261073,-0.11398644485520641,-0.21189024390243905,0.25772558714462296,-0.5174825174825175,-0.5503144654088051,0.0
0.3713713713713714,0.20647773279352227,0.5170316301703163,-0.20862745098039218,0.6704446381865736,-0.4344673731176799,0.11525423728813558,0.2608089260808926,-0.12805755395683455,0.1811023622047244,0.2139303482587065,-0.24193548387096775,0.5902539464653397,-0.29656160458452724,-0.22550177095631643,-0.460955710955711,-0.18422674060382008,-0.30640243902439024,0.2391841779975278,-0.3136863136863137,-0.3459119496855346,0.0
0.37237237237237236,0.3846153846153846,0.6119221411192215,-0.3756862745098039,0.6381865736704446,-0.33073061907417733,-0.11977401129943502,0.5132496513249651,-0.5007194244604316,0.378827646544182,0.24046434494195687,-0.3279569892473118,0.5332875772134523,-0.5171919770773639,-0.3240850059031878,-0.5005827505827506,-0.31300061614294516,-0.22103658536585363,0.6199011124845487,-0.4395604395604396,-0.5513626834381552,0.0
0.3733733733733734,0.3252361673414305,0.5523114355231145,0.00784313725490196,0.5850043591979076,-0.3892916899051868,0.0847457627118644,0.23291492329149235,-0.5510791366906476,0.3228346456692913,-0.03980099502487562,-0.14784946236559138,0.6307481125600549,-0.2363896848137536,-0.24262101534828806,-0.8111888111888111,-0.10289587184226741,-0.3544207317073171,0.514833127317676,-0.6373626373626374,-0.7368972746331237,0.0
0.3743743743743744,0.19568151147098514,0.49270072992700736,-0.2909803921568628,0.4856146469049695,-0.4233128834355828,-0.06440677966101695,0.301255230125523,-0.44244604316546765,0.21784776902887137,0.024875621890547265,-0.4587813620071684,0.5600549073438572,-0.26074498567335247,-0.38311688311688313,-0.5238927738927739,-0.11891558841651263,-0.18673780487804878,0.3899876390605686,-0.2867132867132867,-0.27358490566037735,0.0
0.37537537537537535,-0.3232118758434548,0.36982968369829683,-0.2768627450980392,0.12118570183086314,-0.5588399330730619,0.14915254237288136,0.23430962343096237,-0.10215827338129496,0.28433945756780404,0.29850746268656714,-0.25537634408602145,0.6101578586135895,-0.29512893982808025,-0.4297520661157025,-0.27855477855477856,-0.033271719038817,-0.026676829268292686,0.12855377008652658,0.25974025974025977,-0.07756813417190776,0.0
0.3763763763763764,0.1241565452091768,0.3102189781021898,-0.535686274509804,0.6870095902353966,-0.5900725041829337,0.0711864406779661,0.25523012552301255,-0.23741007194244607,0.5520559930008749,0.17910447761194032,-0.5098566308243727,0.3562113932738504,0.01862464183381089,-0.5029515938606848,-0.3916083916083916,0.11953173136167591,-0.23399390243902438,0.3374536464771323,-0.2057942057942058,-0.37735849056603776,0.0
0.37737737737737737,0.17611336032388664,0.378345498783455,-0.08627450980392158,0.3905841325196164,-0.4233128834355828,0.0847457627118644,0.32217573221757323,-0.25107913669064746,0.3665791776027996,-0.023217247097844115,-0.17204301075268816,0.5085792724776939,-0.3037249283667622,-0.31523022432113346,-0.46445221445221446,-0.009242144177449167,-0.19283536585365854,0.31829419035846723,-0.02397602397602398,-0.28511530398322854,0.0
0.3783783783783784,0.16261808367071526,0.537712895377129,-0.5505882352941176,0.4115082824760244,-0.6095928611266035,-0.4779661016949152,0.2370990237099024,-0.26618705035971224,0.6246719160104987,0.44278606965174133,-0.625448028673835,0.4605353466026081,-0.4527220630372493,-0.665879574970484,-0.08974358974358974,-0.34812076401725195,0.09679878048780488,0.592088998763906,0.2247752247752248,-0.02410901467505241,0.0
0.3793793793793794,0.25101214574898784,0.3236009732360098,-0.11686274509803922,0.5292066259808195,-0.3692136084774122,-0.11299435028248588,0.1506276150627615,-0.18633093525179859,0.02274715660542432,0.17412935323383086,-0.20340501792114693,0.7323266986959505,-0.058739255014326655,-0.2361275088547816,-0.5256410256410257,-0.33703019100431303,-0.34298780487804875,0.30778739184177994,-0.22577422577422582,-0.5167714884696017,0.0
0.38038038038038036,-0.04116059379217274,0.14476885644768855,-0.13568627450980392,0.2850915431560593,-0.07417735638594534,0.2519774011299435,0.12831241283124128,-0.5589928057553958,-0.030621172353455822,0.35655058043117743,-0.01971326164874552,0.641729581331503,0.2507163323782235,-0.048406139315230225,-0.5699300699300699,0.08934072704867528,-0.3140243902439024,-0.028430160692212606,-0.13786213786213788,-0.34381551362683443,0.0
0.3813813813813814,0.23076923076923078,0.5231143552311436,-0.31764705882352945,0.4019180470793374,-0.407696597880647,-0.004519774011299435,0.38772663877266395,-0.3683453237410072,0.4881889763779528,0.41127694859038144,-0.300179211469534,0.35415236787920384,-0.16189111747851004,-0.3311688311688312,-0.6363636363636365,-0.09118915588416512,-0.15472560975609756,0.27564894932014833,-0.3236763236763237,-0.45807127882599585,0.0
0.38238238238238237,0.43724696356275305,0.49878345498783455,-0.5074509803921569,0.40453356582388844,-0.672058003346347,0.05988700564971751,0.496513249651325,-0.41007194244604317,0.4715660542432196,0.13266998341625208,-0.6630824372759856,0.41729581331503085,-0.19197707736389688,-0.6009445100354192,-0.47668997668997665,-0.17067159581022798,0.02972560975609756,0.6915945611866502,-0.07392607392607393,-0.4203354297693921,0.0
0.3833833833833834,0.5053981106612686,0.14963503649635038,-0.20156862745098042,0.5405405405405406,-0.16787506971556052,0.0847457627118644,0.40585774058577406,-0.6618705035971224,0.21084864391951005,0.14096185737976785,-0.1290322580645161,0.5840768702814001,0.21203438395415472,-0.1292798110979929,-0.6357808857808858,-0.31176833025261863,-0.30335365853658536,0.4338689740420271,-0.5154845154845156,-0.639412997903564,0.0
0.3843843843843844,0.34480431848852905,0.8296836982968371,-0.14901960784313728,0.5170008718395814,-0.33463469046291133,-0.00903954802259887,0.32914923291492326,-0.4309352517985612,0.1662292213473316,0.2669983416252073,-0.22311827956989244,0.579958819492107,-0.7951289398280803,-0.21192443919716647,-0.6101398601398601,-0.3376463339494763,-0.32698170731707316,0.4932014833127318,-0.22177822177822182,-0.44339622641509435,0.0
0.38538538538538536,0.1309041835357625,0.4197080291970803,-0.11843137254901961,0.3853530950305144,-0.30005577244841053,-0.20112994350282484,0.4839609483960948,-0.25755395683453236,0.252843394575678,0.01824212271973466,-0.17562724014336917,0.4083733699382292,-0.3896848137535817,-0.3234946871310508,-0.26165501165501165,-0.2723351817621688,-0.26448170731707316,0.30284301606922126,0.003996003996003997,-0.22327044025157233,0.0
0.3863863863863864,0.13630229419703105,0.5413625304136254,-0.13019607843137257,0.4193548387096774,-0.619074177356386,-0.01807909604519774,0.4588563458856346,-0.26330935251798565,0.6325459317585301,0.3548922056384743,-0.3826164874551971,0.5065202470830473,-0.42550143266475643,-0.5407319952774499,-0.41666666666666663,-0.2452248921749846,0.038109756097560975,0.507416563658838,-0.18381618381618384,-0.41509433962264153,0.0
0.38738738738738737,0.06950067476383266,0.5437956204379563,-0.1027450980392157,0.5178727114210985,-0.4785276073619632,-0.3050847457627119,0.45327754532775455,-0.2985611510791367,0.18985126859142606,-0.1724709784411277,-0.3754480286738351,0.4612216884008236,-0.4340974212034384,-0.41735537190082644,-0.5745920745920746,-0.06592729513247073,-0.23246951219512194,0.3516687268232385,-0.4605394605394606,-0.36163522012578614,0.0
0.3883883883883884,-0.03576248313090418,0.5097323600973236,-0.07843137254901962,0.49171752397558843,-0.32849972113775794,0.16610169491525423,0.04602510460251046,-0.33884892086330937,0.048993875765529306,0.3217247097844113,-0.10663082437275984,0.667124227865477,-0.44842406876790836,-0.1422668240850059,-0.6958041958041958,-0.07578558225508318,-0.34222560975609756,0.15018541409147093,-0.3126873126873127,-0.38155136268343814,0.0
0.3893893893893894,-0.020917678812415654,0.037712895377128956,-0.23686274509803923,0.3914559721011334,-0.46737311767986617,0.1807909604519774,0.16596931659693165,-0.19712230215827342,0.3219597550306212,0.11940298507462686,-0.3198924731182795,0.6177076183939602,0.17335243553008597,-0.38547815820543097,-0.460955710955711,0.21133703019100433,-0.08841463414634146,0.06674907292954264,-0.012987012987012988,-0.24737945492662475,0.0
0.39039039039039036,0.199055330634278,0.5997566909975669,-0.39294117647058824,0.49171752397558843,-0.4974902398215282,-0.23615819209039546,0.4072524407252441,-0.3762589928057554,0.5135608048993875,0.4046434494195688,-0.41487455197132617,0.46328071379547014,-0.33381088825214905,-0.5023612750885478,-0.5372960372960374,-0.02156500308071473,0.06173780487804878,0.415327564894932,-0.3736263736263737,-0.5932914046121593,0.0
0.3913913913913914,0.03171390013495277,0.2664233576642336,-0.0996078431372549,0.4062772449869224,-0.2872281093139989,-0.0022598870056497176,0.3082287308228731,-0.30935251798561153,-0.026246719160104987,-0.029850746268656716,-0.1290322580645161,0.5051475634866163,0.024355300859598857,-0.15171192443919718,-0.5641025641025641,-0.09796672828096119,-0.33993902439024387,0.19901112484548825,-0.24775224775224777,-0.25052410901467503,0.0
0.3923923923923924,0.30296896086369773,0.6192214111922142,-0.45176470588235296,0.38796861377506536,-0.43279419966536536,-0.37966101694915255,0.3152022315202232,-0.3460431654676259,0.46369203849518814,0.5174129353233831,-0.5887096774193548,0.3617021276595745,-0.8853868194842407,-0.37190082644628103,-0.3613053613053613,0.04066543438077634,-0.13490853658536583,0.41594561186650186,0.11788211788211789,-0.08385744234800839,0.0
0.3933933933933934,0.20242914979757085,0.2798053527980536,0.03607843137254902,0.2162162162162162,-0.294478527607362,0.16497175141242937,0.11018131101813111,-0.18992805755395686,0.1662292213473316,0.6185737976782754,-0.06720430107526881,0.7350720658888126,-0.07593123209169055,-0.2538370720188902,-0.3333333333333333,-0.1367837338262477,-0.10746951219512194,0.1668726823238566,0.25974025974025977,0.011530398322851153,0.0
0.3943943943943944,0.10661268556005399,0.8600973236009732,-0.6494117647058824,0.5963382737576286,-0.7997769102063581,-0.5310734463276836,0.46025104602510464,-0.22949640287769787,0.8258967629046369,0.17412935323383086,-0.7589605734767024,0.32463967055593684,-0.3753581661891118,-0.80814639905549,-0.41317016317016314,0.2285890326555761,-0.0038109756097560975,0.681087762669963,-0.2167832167832168,-0.25471698113207547,0.0
0.3953953953953954,0.0242914979757085,0.18126520681265207,-0.22352941176470587,0.4821272885789015,-0.4155047406581149,0.07231638418079096,0.28870292887029286,-0.3697841726618705,0.3674540682414698,-0.008291873963515755,-0.3826164874551971,0.5126973232669869,-0.09169054441260746,-0.39846517119244396,-0.4224941724941725,0.0807147258163894,-0.1646341463414634,0.18665018541409145,0.04795204795204796,-0.3060796645702306,0.0
0.3963963963963964,0.0033738191632928477,0.5413625304136254,-0.31607843137254904,0.2877070619006103,-0.5488008923591746,0.04293785310734463,0.3835425383542539,-0.21870503597122304,0.4041994750656168,0.5903814262023217,-0.4713261648745519,0.487302676733013,-0.4154727793696275,-0.39964580873671784,-0.4195804195804196,0.07024029574861368,0.016768292682926827,0.32509270704573545,0.012987012987012988,-0.27148846960167716,0.0
0.3973973973973974,-0.24898785425101214,0.20437956204379565,-0.0407843137254902,0.2537053182214472,-0.4919129949804797,0.28135593220338984,0.07670850767085077,-0.2302158273381295,0.252843394575678,0.1625207296849088,-0.09587813620071683,0.6170212765957447,-0.06446991404011461,-0.3760330578512397,-0.5821678321678322,0.033887861983980284,-0.07774390243902438,0.05067985166872682,-0.31468531468531474,-0.46121593291404617,0.0
0.3983983983983984,0.07894736842105264,0.5352798053527981,-0.607843137254902,0.3435047951176983,-0.7512548800892359,-0.38531073446327685,0.3751743375174338,-0.4798561151079137,0.5993000874890639,0.004975124378109453,-0.7087813620071685,0.5689773507206588,-0.11604584527220632,-0.6965761511216056,-0.45862470862470867,0.10166358595194086,0.05716463414634146,0.57663782447466,-0.22977022977022982,-0.2127882599580713,0.0
0.3993993993993994,0.09581646423751686,0.51338199513382,-0.5490196078431373,0.5736704446381866,-0.5147796988287786,-0.02485875706214689,0.4811715481171548,-0.7000000000000001,0.6447944006999125,0.46268656716417916,-0.5044802867383512,0.44063143445435826,-0.23352435530085963,-0.4025974025974026,-0.6660839160839161,0.12138016019716574,-0.2576219512195122,0.40296662546353523,-0.4075924075924076,-0.5524109014675053,0.0
0.4004004004004004,-0.07422402159244265,0.07299270072992702,-0.08705882352941177,0.3469921534437664,-0.4690462911321807,0.22824858757062147,0.21617852161785217,-0.2302158273381295,0.2904636920384952,-0.024875621890547265,-0.29032258064516125,0.43376801647220314,-0.2163323782234957,-0.2957497048406139,-0.4673659673659674,0.09242144177449167,-0.28353658536585363,0.037082818294190356,0.005994005994005995,-0.25471698113207547,0.0
0.4014014014014014,0.23954116059379216,0.6326034063260341,0.15529411764705883,0.4176111595466434,-0.38427216954824317,0.27231638418079096,0.21199442119944212,-0.22230215827338132,0.07436570428696414,0.01658374792703151,-0.059139784946236555,0.5991763898421414,-0.3810888252148998,-0.2154663518299882,-0.6328671328671329,-0.2723351817621688,-0.30640243902439024,0.28924598269468477,-0.5264735264735265,-0.6132075471698113,0.0
0.4024024024024024,0.21659919028340083,0.48783454987834557,0.05411764705882354,0.3435047951176983,-0.4182933630786392,0.1807909604519774,0.2398884239888424,-0.26330935251798565,0.21872265966754156,0.3217247097844113,-0.029569892473118278,0.543582704186685,-0.2421203438395416,-0.2721369539551358,-0.671911421911422,-0.28773875539125077,-0.2789634146341463,0.4301606922126081,-0.3346653346653347,-0.4675052410901468,0.0
0.4034034034034034,0.261808367071525,0.3150851581508516,-0.15058823529411766,0.3687881429816913,-0.35080870050195206,0.0847457627118644,0.6094839609483961,-0.24244604316546767,0.2230971128608924,0.2238805970149254,-0.12096774193548387,0.4179821551132464,-0.36532951289398286,-0.1912632821723731,-0.4551282051282052,-0.330252618607517,-0.3048780487804878,0.40173053152039556,-0.03696303696303697,-0.1949685534591195,0.0
0.4044044044044044,-0.3744939271255061,0.06934306569343067,-0.17254901960784316,0.18918918918918917,-0.7601784718349136,0.06214689265536723,-0.08507670850767085,0.12446043165467625,0.3884514435695538,-0.04145936981757878,-0.3870967741935483,0.7398764584763212,-0.07020057306590259,-0.6121605667060213,-0.27913752913752915,0.17621688231669747,-0.009908536585365852,0.07787391841779975,0.2577422577422578,-0.05870020964360587,0.0
0.40540540540540543,0.0006747638326585695,0.4671532846715329,-0.05647058823529412,0.6137750653879686,-0.2766313441160067,0.0983050847457627,0.33751743375174337,-0.5942446043165468,-0.00699912510936133,-0.04311774461028192,-0.13888888888888887,0.5490734385724091,-0.08022922636103152,-0.2066115702479339,-0.891025641025641,0.14294516327788048,-0.3490853658536585,0.13597033374536463,-0.7472527472527474,-0.6027253668763103,0.0
0.4064064064064064,-0.21727395411605938,0.21046228710462286,-0.3898039215686275,0.1952920662598082,-0.6001115448968211,0.10847457627118644,0.17573221757322177,0.02877697841726619,0.5424321959755031,-0.04145936981757878,-0.44713261648745517,0.4914207275223061,-0.05300859598853868,-0.4787485242030697,-0.09673659673659675,0.18299445471349352,-0.17301829268292682,0.07231149567367119,0.5144855144855146,0.2190775681341719,0.0
0.4074074074074074,0.45816464237516874,0.7919708029197081,-0.4611764705882353,0.6120313862249346,-0.47183491355270496,-0.04067796610169491,0.22454672245467225,-0.4453237410071943,0.6447944006999125,0.5306799336650083,-0.5215053763440859,0.5010295126973232,-0.3997134670487107,-0.42089728453364816,-0.46503496503496505,-0.2643253234750462,-0.008384146341463413,0.6353522867737947,-0.3186813186813187,-0.5702306079664571,0.0
0.4084084084084084,0.1821862348178138,0.15693430656934307,-0.1349019607843137,0.44463818657367044,-0.5119910764082544,-0.14463276836158193,0.5732217573221757,-0.14820143884892087,0.20122484689413825,0.31840796019900497,-0.34498207885304655,0.46671242278654773,0.20773638968481375,-0.27272727272727276,-0.4673659673659674,-0.07024029574861368,-0.1410060975609756,0.21631644004944373,-0.25674325674325676,-0.3364779874213837,0.0
0.4094094094094094,0.5175438596491229,0.4233576642335766,0.05176470588235295,0.5431560592850916,-0.2242052426101506,-0.13220338983050847,-0.019525801952580198,-0.5597122302158274,0.21609798775153105,0.4792703150912106,0.06003584229390681,0.7350720658888126,-0.3911174785100287,-0.15584415584415587,-0.7284382284382285,-0.5686999383857055,-0.28125,0.649567367119901,-0.5384615384615385,-0.790356394129979,0.0
0.41041041041041043,0.30431848852901483,0.4537712895377129,0.1215686274509804,0.5823888404533566,-0.19799219185722253,-0.15480225988700566,0.2803347280334728,-0.6136690647482015,0.05511811023622047,0.0945273631840796,0.022401433691756272,0.6300617707618394,-0.5,-0.15112160566706023,-0.5075757575757576,-0.2963647566235367,-0.3330792682926829,0.3763906056860321,-0.08591408591408592,-0.26310272536687634,0.0
0.4114114114114114,-0.18758434547908234,0.010948905109489052,-0.04235294117647059,0.4315605928509154,-0.3474623535973229,-0.011299435028248588,0.16178521617852162,-0.3446043165467626,0.3070866141732283,0.18407960199004975,-0.17562724014336917,0.4982841455044612,0.3739255014326648,-0.26918536009445104,-0.6258741258741259,0.04066543438077634,-0.2423780487804878,0.07045735475896168,-0.27572427572427577,-0.3721174004192872,0.0
0.4124124124124124,0.16531713900134953,0.5815085158150851,-0.3058823529411765,0.5588491717523976,-0.5566090351366425,-0.1310734463276836,0.5313807531380753,-0.50431654676259,0.49956255468066485,0.2139303482587065,-0.3539426523297491,0.37199725463280714,-0.5916905444126075,-0.41440377804014167,-0.5658508158508159,-0.19901417128773877,-0.02820121951219512,0.5,-0.4525474525474526,-0.5932914046121593,0.0
0.4134134134134134,0.6761133603238867,0.47080291970802923,-0.25333333333333335,0.6878814298169137,-0.19576129392080313,-0.11073446327683616,0.5704323570432357,-0.746043165467626,0.13910761154855644,0.0912106135986733,-0.19982078853046595,0.4131777625257378,0.20916905444126074,-0.22255017709563166,-0.7045454545454546,-0.3185459026494147,-0.2858231707317073,0.676761433868974,-0.47452547452547456,-0.6771488469601677,0.0
0.4144144144144144,0.354251012145749,0.6496350364963505,-0.13254901960784315,0.7236268526591106,-0.27216954824316786,0.020338983050847456,0.3277545327754533,-0.6489208633093526,0.0831146106736658,0.22222222222222224,-0.27956989247311825,0.6300617707618394,-0.5458452722063037,-0.22904368358913815,-0.6812354312354313,-0.16574245224892176,-0.2995426829268293,0.41656365883807167,-0.4575424575424576,-0.7127882599580714,0.0
0.41541541541541543,-0.4284750337381916,0.12652068126520682,-0.13568627450980392,0.4237140366172624,-0.5655326268823202,0.3344632768361582,-0.06694560669456068,-0.026618705035971222,0.4024496937882765,-0.12935323383084577,-0.2885304659498208,0.6678105696636925,0.07879656160458454,-0.4757969303423849,-0.4172494172494172,0.33826247689463956,-0.20807926829268295,-0.08034610630407911,-0.12987012987012989,-0.21593291404612158,0.0
0.4164164164164164,0.2300944669365722,0.6411192214111923,-0.6125490196078432,0.2946817785527463,-0.35694366982710546,-0.34011299435028247,0.5104602510460251,-0.5906474820143885,0.5573053368328958,0.5704809286898839,-0.5313620071684587,0.36101578586135896,-0.497134670487106,-0.43683589138134593,-0.39976689976689983,-0.019716574245224893,0.02896341463414634,0.5284301606922126,0.05694305694305695,-0.11111111111111112,0.0
0.4174174174174174,0.5303643724696356,0.586374695863747,-0.37411764705882355,0.2981691368788143,-0.48968209704406024,-0.3446327683615819,0.46164574616457466,-0.2323741007194245,0.3499562554680665,0.20729684908789386,-0.35304659498207885,0.4083733699382292,-0.6160458452722063,-0.39315230224321135,-0.31410256410256415,-0.32162661737523107,-0.1288109756097561,0.6217552533992583,0.11288711288711291,-0.06708595387840671,0.0
0.4184184184184184,0.40148448043184887,0.5231143552311436,0.008627450980392156,0.5100261551874454,-0.2810931399888455,-0.21242937853107344,0.20502092050209206,-0.42517985611510795,0.04549431321084864,0.2669983416252073,-0.04838709677419354,0.6753603294440631,-0.39684813753581666,-0.17532467532467533,-0.5145687645687645,-0.5914972273567467,-0.23399390243902438,0.6823238566131026,-0.19280719280719283,-0.40775681341719083,0.0
0.4194194194194194,0.5668016194331984,0.6399026763990269,0.12862745098039216,0.5954664341761117,0.008923591745677636,-0.2768361581920904,0.3389121338912134,-0.6374100719424461,-0.18985126859142606,0.23383084577114427,0.056451612903225805,0.6561427590940287,-0.47851002865329517,0.03837072018890201,-0.5693473193473193,-0.7695625385089342,-0.3490853658536585,0.5902348578491965,-0.4025974025974027,-0.5366876310272537,0.0
0.42042042042042044,0.17881241565452094,0.4245742092457421,-0.42666666666666675,0.36355710549258935,-0.43223647518126046,-0.2621468926553672,0.2510460251046025,-0.42517985611510795,0.4435695538057743,0.01658374792703151,-0.4256272401433691,0.6904598490048044,-0.31232091690544417,-0.48229043683589135,-0.45920745920745926,-0.18792359827479974,-0.02820121951219512,0.438195302843016,-0.03596403596403597,-0.2924528301886793,0.0
0.4214214214214214,0.4790823211875843,0.6557177615571776,-0.2690196078431373,0.5135135135135135,-0.4930284439486894,-0.16497175141242937,0.3333333333333333,-0.2338129496402878,0.4584426946631671,0.20563847429519072,-0.22132616487455195,0.5126973232669869,-0.7206303724928367,-0.44037780401416765,-0.29254079254079257,-0.48428835489833644,-0.1577743902439024,0.7132262051915944,-0.1118881118881119,-0.3731656184486373,0.0
0.42242242242242245,-0.016194331983805668,0.3491484184914842,-0.33254901960784317,0.24062772449869227,-0.4155047406581149,0.02824858757062147,0.301255230125523,-0.4712230215827339,0.5634295713035871,0.40796019900497515,-0.3485663082437276,0.4447494852436513,-0.24498567335243557,-0.33766233766233766,-0.372960372960373,-0.04004929143561306,-0.20579268292682928,0.26081582200247216,0.08691308691308691,-0.16142557651991615,0.0
0.42342342342342343,-0.09244264507422403,0.14111922141119224,-0.21254901960784317,0.3958151700087184,-0.45287228109314004,0.3107344632768362,0.10181311018131102,0.045323741007194246,-0.003499562554680665,0.01990049751243781,-0.10035842293906809,0.4866163349347975,-0.19627507163323785,-0.25560802833530105,-0.3041958041958042,-0.16943930991990144,-0.2964939024390244,0.048207663782447466,0.04395604395604396,-0.16037735849056603,0.0
0.4244244244244244,-0.33063427800269907,0.49026763990267647,0.09803921568627452,0.5135135135135135,-0.2883435582822086,0.1536723163841808,0.1185495118549512,-0.29424460431654675,0.25896762904636916,-0.04145936981757878,-0.022401433691756272,0.7391901166781056,-0.25787965616045844,-0.24262101534828806,-0.6089743589743589,-0.07578558225508318,-0.3292682926829268,0.0037082818294190355,-0.42757242757242764,-0.5387840670859539,0.0
0.42542542542542544,0.16396761133603238,0.11922141119221412,-0.09725490196078432,0.4455100261551874,-0.4774121583937535,0.003389830508474576,0.37238493723849375,-0.13884892086330936,0.22747156605424323,-0.008291873963515755,-0.18637992831541217,0.514070006863418,0.20487106017191978,-0.33353010625737894,-0.47727272727272724,-0.30129390018484287,-0.31935975609756095,0.3442521631644005,-0.09390609390609392,-0.39622641509433965,0.0
0.4264264264264264,0.4527665317139002,0.4939172749391728,0.0031372549019607846,0.48125544899738454,-0.25543781372002233,-0.096045197740113,0.500697350069735,-0.4769784172661871,0.23797025371828523,0.17412935323383086,-0.17204301075268816,0.2656142759094029,-0.3424068767908309,-0.14344746162927982,-0.5914918414918414,-0.12754158964879853,-0.33841463414634143,0.38813349814585907,-0.17782217782217782,-0.3406708595387841,0.0
0.42742742742742745,-0.15182186234817815,0.3613138686131387,-0.32313725490196077,0.34612031386224934,-0.5677635248187396,0.08587570621468926,0.1199442119944212,-0.1589928057553957,0.363079615048119,0.2669983416252073,-0.41845878136200715,0.5943719972546327,-0.34813753581661894,-0.5212514757969303,-0.38053613053613056,0.0585335797905114,-0.0625,0.138442521631644,-0.1118881118881119,-0.3574423480083858,0.0
0.42842842842842843,0.3076923076923077,0.6909975669099756,0.04313725490196079,0.6486486486486487,-0.3725599553820413,0.3152542372881356,0.08786610878661089,-0.2503597122302158,0.25896762904636916,0.19402985074626866,-0.006272401433691756,0.5868222374742621,-0.6661891117478511,-0.17886658795749705,-0.6124708624708625,-0.303758471965496,-0.33841463414634143,0.4425216316440049,-0.2327672327672328,-0.44025157232704404,0.0
0.4294294294294294,0.4156545209176788,0.5961070559610706,-0.12705882352941178,0.5013077593722755,-0.4261015058561071,-0.20451977401129942,0.6304044630404464,-0.2287769784172662,0.21609798775153105,0.04643449419568823,-0.37813620071684584,0.4927934111187371,-0.48853868194842415,-0.28158205430932703,-0.44405594405594406,-0.18299445471349352,-0.2865853658536585,0.48516687268232384,-0.09290709290709291,-0.29559748427672955,0.0
0.43043043043043044,0.32456140350877194,0.5851581508515815,-0.04235294117647059,0.3931996512641674,-0.21695482431678753,0.103954802259887,0.5034867503486751,-0.4374100719424461,-0.05949256342957131,0.3383084577114428,-0.1093189964157706,0.49210706932052156,-0.85243553008596,-0.15348288075560804,-0.578088578088578,-0.08194701170671596,-0.24695121951219512,0.2669962917181706,-0.23976023976023977,-0.3836477987421384,0.0
0.4314314314314314,-0.006072874493927125,0.4841849148418492,-0.19843137254901963,0.27288578901482125,-0.48131622978248745,-0.07909604519774012,0.27196652719665276,-0.2323741007194245,0.2782152230971129,-0.01658374792703151,-0.22670250896057345,0.5648592999313657,-0.4383954154727794,-0.4031877213695396,-0.393939393939394,-0.06777572396796057,-0.12195121951219512,0.27750309023485786,-0.1078921078921079,-0.18029350104821804,0.0
0.43243243243243246,0.06275303643724696,0.4768856447688565,-0.33333333333333337,0.4158674803836094,-0.6380368098159509,-0.1175141242937853,0.49511854951185497,-0.34820143884892085,0.6386701662292213,0.1177446102819237,-0.49551971326164873,0.3898421413864104,-0.20773638968481375,-0.5283353010625739,-0.4527972027972028,-0.07332101047443007,-0.09146341463414634,0.49938195302843014,-0.1038961038961039,-0.3742138364779874,0.0
0.43343343343343343,-0.017543859649122806,0.208029197080292,0.15215686274509804,0.4088927637314734,-0.23034021193530396,0.0847457627118644,0.11436541143654115,-0.4755395683453238,-0.11898512685914261,0.1177446102819237,0.14157706093189962,0.7323266986959505,-0.030085959885386822,-0.10330578512396695,-0.8583916083916084,-0.07455329636475662,-0.3407012195121951,0.09085290482076637,-0.6623376623376624,-0.5838574423480085,0.0
0.4344344344344344,-0.10998650472334684,0.22141119221411193,-0.4298039215686275,0.44376634699215345,-0.6737311767986615,0.03389830508474576,0.35843793584379363,-0.20647482014388488,0.6307961504811899,0.20066334991708126,-0.568100358422939,0.5319148936170213,-0.012893982808022923,-0.4728453364817002,-0.3508158508158508,0.20271102895871843,-0.05411585365853658,0.11372064276885042,-0.14385614385614387,-0.13836477987421386,0.0
0.43543543543543545,0.3292847503373819,0.6630170316301705,-0.39372549019607844,0.35745422842197033,-0.4233128834355828,-0.4926553672316384,0.4086471408647141,-0.6748201438848921,0.5905511811023623,0.6268656716417911,-0.43996415770609315,0.6190803019903912,-0.4455587392550144,-0.40141676505312873,-0.4353146853146853,-0.12630930375847196,0.009908536585365852,0.5840543881334981,0.031968031968031975,-0.1509433962264151,0.0
0.4364364364364364,0.5479082321187585,0.597323600973236,0.09333333333333334,0.4027898866608544,-0.2582264361405466,0.013559322033898305,0.3263598326359833,-0.21151079136690648,0.1452318460192476,0.6086235489220564,0.06182795698924731,0.49210706932052156,-0.9498567335243554,-0.06847697756788666,-0.4574592074592075,-0.48428835489833644,-0.2141768292682927,0.4647713226205191,-0.3436563436563437,-0.3532494758909854,0.0
0.43743743743743746,-0.30701754385964913,0.029197080291970805,-0.28078431372549023,0.14298169136878813,-0.6246514221974345,0.17401129943502824,0.009762900976290099,-0.08705035971223021,0.331583552055993,0.13266998341625208,-0.3557347670250896,0.7028140013726836,0.30945558739255014,-0.4397874852420307,-0.4026806526806527,0.21010474430067777,-0.007621951219512195,-0.006180469715698393,0.21378621378621382,-0.08385744234800839,0.0
0.43843843843843844,-0.10796221322537113,0.17761557177615572,-0.26117647058823534,0.5510026155187445,-0.558282208588957,-0.031638418079096044,0.6150627615062761,-0.06402877697841727,0.2222222222222222,-0.1625207296849088,-0.38440860215053757,0.45161290322580644,0.4656160458452723,-0.4852420306965761,-0.3787878787878788,0.01170671595810228,-0.1211890243902439,0.18355995055624225,-0.09890109890109891,-0.35010482180293506,0.0
0.4394394394394394,0.37314439946018896,0.41849148418491483,-0.327843137254902,0.4699215344376635,-0.46848856664807587,-0.14124293785310735,0.28312412831241285,-0.5949640287769784,0.25721784776902884,0.42122719734660036,-0.3154121863799283,0.5833905284831846,0.024355300859598857,-0.31641086186540734,-0.5891608391608392,-0.25138632162661734,-0.14634146341463414,0.4765142150803461,-0.4575424575424576,-0.48846960167714887,0.0
0.44044044044044045,0.407557354925776,0.718978102189781,-0.23058823529411765,0.38796861377506536,-0.4406023424428333,-0.423728813559322,0.5299860529986054,-0.34388489208633094,0.505686789151356,0.06633499170812604,-0.3826164874551971,0.34934797529169526,-0.42120343839541546,-0.46044864226682414,-0.4318181818181818,-0.36598890942698703,-0.14405487804878048,0.6069221260815821,-0.17382617382617382,-0.38784067085953877,0.0
0.44144144144144143,-0.07692307692307693,0.35766423357664234,-0.23215686274509803,0.33478639930252835,-0.467930842163971,-0.04067796610169491,0.10460251046025104,-0.1892086330935252,0.48468941382327213,0.351575456053068,-0.1603942652329749,0.5257378174330817,0.1189111747851003,-0.39964580873671784,-0.5122377622377623,0.016019716574245224,-0.23018292682926828,0.17058096415327564,-0.17082917082917087,-0.27044025157232704,0.0
0.44244244244244246,-0.014170040485829961,0.24817518248175183,-0.20941176470588238,0.26591107236268524,-0.43614054656999446,-0.10169491525423728,0.4449093444909345,-0.16115107913669066,0.4164479440069991,0.5472636815920399,-0.2544802867383512,0.48043925875085786,-0.2722063037249284,-0.35360094451003543,-0.4079254079254079,-0.11090573012939002,0.10365853658536586,0.2843016069221261,-0.17382617382617382,-0.3280922431865828,0.0
0.44344344344344344,-0.014844804318488529,0.26034063260340634,-0.10509803921568629,0.45771578029642546,-0.42387060791968767,-0.04745762711864407,0.3165969316596932,-0.34748201438848925,0.19860017497812774,-0.0978441127694859,-0.27240143369175623,0.49691146190803015,-0.26504297994269344,-0.3500590318772137,-0.5553613053613053,-0.029574861367837338,-0.28125,0.2663782447466007,-0.39060939060939065,-0.4727463312368973,0.0
0.4444444444444444,0.15587044534412955,0.3734793187347932,-0.1843137254901961,0.3653007846556233,-0.32738427216954824,-0.19999999999999998,0.11715481171548119,-0.27410071942446046,0.07174103237095364,0.02155887230514096,-0.21953405017921143,0.520933424845573,-0.6489971346704871,-0.42561983471074377,-0.5244755244755245,-0.2883548983364141,-0.1486280487804878,0.3838071693448702,-0.2687312687312688,-0.3668763102725367,0.0
0.44544544544544545,0.558029689608637,0.5498783454987834,-0.10666666666666669,0.7061900610287707,-0.3106525376464027,-0.02824858757062147,0.6610878661087866,-0.5683453237410072,0.3674540682414698,0.2620232172470979,-0.15053763440860216,0.2971859986273164,-0.4169054441260745,-0.2012987012987013,-0.6561771561771561,-0.4183610597658657,-0.23399390243902438,0.618665018541409,-0.6113886113886114,-0.7452830188679245,0.0
0.44644644644644643,0.3677462887989204,0.021897810218978103,0.06666666666666668,0.5693112467306016,-0.16062465142219742,-0.13333333333333333,0.3165969316596932,-0.38848920863309355,-0.043744531933508315,0.04643449419568823,-0.05734767025089605,0.43857240905971173,0.23925501432664759,-0.1871310507674144,-0.5675990675990676,-0.29266789895255696,-0.3513719512195122,0.3640296662546353,-0.28071928071928076,-0.429769392033543,0.0
0.44744744744744747,0.6713900134952766,0.6167883211678833,-0.1380392156862745,0.6190061028770706,-0.38204127161182383,0.15028248587570622,0.3835425383542539,-0.5769784172661871,0.352580927384077,0.14593698175787728,-0.1693548387096774,0.7172271791352093,-0.5401146131805158,-0.256198347107438,-0.6596736596736597,-0.4337646333949476,-0.21265243902439027,0.6705809641532756,-0.4005994005994007,-0.740041928721174,0.0
0.44844844844844844,0.5458839406207827,0.8832116788321168,-0.16862745098039217,0.5108979947689625,-0.26268823201338537,-0.2463276836158192,0.6415620641562064,-0.36906474820143886,0.2362204724409449,0.5903814262023217,-0.17383512544802868,0.37748798901853126,-0.6905444126074499,-0.21369539551357733,-0.3968531468531469,-0.5730129390018485,-0.27591463414634143,0.7119901112484548,0.014985014985014986,-0.2557651991614256,0.0
0.4494494494494494,0.869770580296896,0.6070559610705596,-0.37960784313725493,0.6434176111595467,-0.22699386503067484,-0.18192090395480226,0.7308228730822873,-0.5971223021582734,0.3937007874015748,0.4262023217247098,-0.3369175627240143,0.4152367879203843,-0.032951289398280806,-0.16469893742621017,-0.5017482517482518,-0.414664202094886,-0.3567073170731707,0.7385661310259579,-0.20079920079920083,-0.4245283018867925,0.0
0.45045045045045046,-0.4568151147098516,0.038929440389294405,-0.15215686274509804,0.18395815170008717,-0.6174010039040714,0.5231638418079096,-0.07112970711297072,0.18489208633093526,0.4348206474190726,-0.003316749585406302,-0.20340501792114693,0.5936856554564173,0.11031518624641834,-0.4179456906729634,-0.3712121212121212,0.11953173136167591,-0.1448170731707317,-0.14276885043263288,0.03896103896103897,-0.12473794549266247,0.0
0.45145145145145144,0.12078272604588394,0.5182481751824818,-0.28862745098039216,0.37401918047079336,-0.6319018404907976,0.18983050847457628,0.34449093444909346,-0.24676258992805758,0.5363079615048119,0.22553897180762855,-0.33602150537634407,0.5374056280027454,-0.31375358166189116,-0.5436835891381346,-0.42365967365967366,-0.17929759704251386,-0.15320121951219512,0.43263288009888745,-0.17282717282717283,-0.4171907756813418,0.0
0.45245245245245247,0.757085020242915,0.9720194647201947,-0.09098039215686275,0.4315605928509154,-0.17289459007250418,-0.2621468926553672,0.41841004184100417,-0.6985611510791367,0.4015748031496063,0.6086235489220564,-0.1021505376344086,0.4893617021276595,-0.8022922636103154,-0.20602125147579692,-0.664918414918415,-0.45040049291435613,-0.2347560975609756,0.7552533992583436,-0.2377622377622378,-0.44339622641509435,0.0
0.45345345345345345,0.2516869095816464,0.5279805352798054,-0.11372549019607843,0.4489973844812555,-0.4807585052983826,0.27231638418079096,0.17154811715481172,-0.5820143884892087,0.07874015748031496,0.0945273631840796,-0.2974910394265233,0.6129032258064516,-0.15616045845272208,-0.2792207792207792,-0.8210955710955711,0.08133086876155268,-0.23704268292682926,0.3875154511742892,-0.44855144855144863,-0.5062893081761006,0.0
0.4544544544544545,0.058029689608636977,0.759124087591241,-0.30274509803921573,0.17611159546643418,-0.5610708310094813,-0.09943502824858756,0.24407252440725244,-0.21798561151079138,0.6194225721784776,0.49087893864013266,-0.332437275985663,0.4783802333562113,-0.6504297994269341,-0.512987012987013,-0.10664335664335664,-0.21256931608133084,0.16310975609756095,0.45735475896168104,0.38761238761238764,0.022012578616352203,0.0
0.45545545545545546,0.35560053981106615,0.36009732360097324,-0.7184313725490197,0.4219703574542284,-0.6363636363636364,-0.28700564971751413,0.781032078103208,-0.44460431654676263,0.6176727909011374,0.3482587064676617,-0.7410394265232974,0.31708991077556625,0.18194842406876793,-0.5826446280991736,-0.2773892773892774,-0.24152803450400495,0.037347560975609755,0.7855377008652656,0.07592407592407593,-0.20545073375262057,0.0
0.45645645645645644,0.688259109311741,0.7798053527980536,-0.41647058823529415,0.6181342632955535,-0.48131622978248745,-0.24180790960451976,0.5564853556485356,-0.7151079136690648,0.4321959755030621,0.4228855721393035,-0.5689964157706092,0.4639670555936857,-0.49283667621776506,-0.3435655253837072,-0.7045454545454546,-0.13863216266173753,-0.2614329268292683,0.7187886279357231,-0.34565434565434566,-0.5303983228511531,0.0
0.4574574574574575,0.2078272604588394,0.40754257907542585,-0.07294117647058825,0.4629468177855275,-0.33463469046291133,0.0655367231638418,0.2803347280334728,-0.40863309352517985,0.3289588801399825,0.10945273631840798,-0.27777777777777773,0.4529855868222375,-0.042979942693409746,-0.26918536009445104,-0.35664335664335667,-0.270486752926679,-0.2964939024390244,0.4048207663782447,-0.06793206793206795,-0.24109014675052412,0.0
0.45845845845845845,0.2300944669365722,0.31995133819951344,-0.5262745098039217,0.7959895379250218,-0.4199665365309537,0.09717514124293784,0.4714086471408648,-0.7057553956834532,0.2414698162729659,0.009950248756218905,-0.4551971326164874,0.6039807824296499,-0.04584527220630373,-0.3902007083825266,-0.6748251748251748,-0.027726432532347505,-0.22637195121951217,0.39245982694684795,-0.4535464535464536,-0.6666666666666667,0.0
0.4594594594594595,0.14979757085020243,0.4817518248175183,-0.29333333333333333,0.4289450741063644,-0.4489682097044061,-0.013559322033898305,0.4728033472803348,-0.31726618705035975,0.46106736657917763,0.3449419568822554,-0.31182795698924726,0.3520933424845573,-0.3180515759312321,-0.34710743801652894,-0.4702797202797203,-0.11028958718422674,-0.1448170731707317,0.2521631644004944,-0.2547452547452548,-0.4088050314465409,0.0
0.46046046046046046,0.25303643724696356,0.6970802919708029,-0.4556862745098039,0.5693112467306016,-0.577244841048522,0.07796610169491526,0.6443514644351465,-0.41510791366906474,0.710411198600175,0.37147595356550583,-0.632616487455197,0.3857240905971174,-0.7163323782234957,-0.5100354191263282,-0.39801864801864806,-0.038817005545286505,-0.03201219512195122,0.4894932014833127,-0.29270729270729273,-0.46540880503144655,0.0
0.46146146146146144,-0.27935222672064774,0.2372262773722628,-0.33568627450980393,0.48474280732345254,-0.7334076965978806,0.20564971751412428,0.28730822873082285,0.11223021582733814,0.48993875765529316,0.12437810945273632,-0.4354838709677419,0.5017158544955388,0.09025787965616046,-0.4628099173553719,-0.27972027972027974,0.016019716574245224,-0.08307926829268292,0.15822002472187885,0.07492507492507493,-0.2358490566037736,0.0
0.4624624624624625,0.25371120107962214,0.318734793187348,-0.3082352941176471,0.5440278988666085,-0.48968209704406024,-0.1751412429378531,0.4463040446304045,-0.2884892086330936,0.22397200349956256,0.10779436152570482,-0.34767025089605735,0.4818119423472889,0.04584527220630373,-0.332939787485242,-0.48717948717948717,-0.06531115218730746,-0.22865853658536583,0.40667490729295425,-0.09090909090909091,-0.3689727463312369,0.0
0.46346346346346345,0.37381916329284753,0.7481751824817519,-0.1623529411764706,0.7175239755884917,-0.2509760178471835,-0.031638418079096044,0.6387726638772664,-0.7151079136690648,0.1784776902887139,0.1824212271973466,-0.18369175627240142,0.4152367879203843,-0.4527220630372493,-0.1770956316410862,-0.675990675990676,-0.10289587184226741,-0.30640243902439024,0.47775030902348575,-0.5574425574425576,-0.5,0.0
0.4644644644644645,0.27125506072874495,0.6228710462287105,0.10509803921568629,0.2946817785527463,-0.4601226993865031,-0.23050847457627116,0.3612273361227336,-0.11079136690647483,0.6237970253718285,0.373134328358209,-0.04211469534050179,0.5030885380919697,-0.6461318051575932,-0.37190082644628103,-0.4761072261072261,-0.24152803450400495,-0.06935975609756097,0.5296662546353522,0.003996003996003997,-0.27358490566037735,0.0
0.46546546546546547,-0.033738191632928474,0.537712895377129,-0.23921568627450981,0.34786399302528337,-0.7250418293363079,-0.39209039548022595,0.3152022315202232,-0.258273381294964,0.6272965879265091,0.03814262023217247,-0.42741935483870963,0.4948524365133836,-0.16905444126074498,-0.6523022432113341,-0.34848484848484845,-0.10227972889710413,-0.02896341463414634,0.5321384425216316,-0.008991008991008992,-0.2127882599580713,0.0
0.46646646646646645,0.41295546558704455,0.5656934306569343,-0.5262745098039217,0.7811682650392328,-0.49972113775794763,-0.35706214689265536,0.499302649930265,-0.5517985611510792,0.4698162729658793,0.5804311774461028,-0.5510752688172043,0.5861358956760466,-0.13896848137535817,-0.38311688311688313,-0.6048951048951049,-0.15218730745532963,-0.12728658536585366,0.7014833127317676,-0.46953046953046956,-0.5817610062893083,0.0
0.4674674674674675,0.04251012145748988,0.07420924574209246,-0.017254901960784313,0.3103748910200523,-0.2537646402677078,-0.12429378531073446,0.3570432357043236,-0.3741007194244605,0.08748906386701663,0.3615257048092869,-0.04301075268817204,0.5442690459849004,-0.02865329512893983,-0.11983471074380167,-0.56002331002331,-0.3271719038817006,-0.3262195121951219,0.21817058096415326,-0.3326673326673327,-0.33333333333333337,0.0
0.46846846846846846,0.3299595141700405,0.6532846715328468,-0.22901960784313727,0.6451612903225806,-0.4160624651422198,-0.07570621468926554,0.500697350069735,-0.4201438848920863,0.39545056867891515,0.07296849087893864,-0.26702508960573473,0.4975978037062457,-0.31232091690544417,-0.33175914994096817,-0.6876456876456877,-0.35674676524953786,-0.2461890243902439,0.5896168108776266,-0.6993006993006994,-0.750524109014675,0.0
0.4694694694694695,0.22267206477732795,0.6326034063260341,0.1349019607843137,0.5736704446381866,-0.32626882320133854,-0.2248587570621469,0.3682008368200837,-0.49928057553956834,0.16185476815398075,0.2769485903814262,-0.11917562724014337,0.43376801647220314,-0.7263610315186247,-0.3140495867768595,-0.6783216783216783,-0.21934688847812692,-0.24009146341463414,0.5241038318912237,-0.5074925074925075,-0.5587002096436059,0.0
0.47047047047047047,-0.049257759784075573,0.3564476885644769,-0.411764705882353,0.4655623365300785,-0.5688789737869493,-0.1480225988700565,0.3835425383542539,-0.1697841726618705,0.7252843394575678,0.3482587064676617,-0.6048387096774194,0.41180507892930673,0.20200573065902577,-0.5920897284533647,-0.22377622377622378,-0.11398644485520641,0.0899390243902439,0.3918417799752781,0.04695304695304696,-0.34905660377358494,0.0
0.47147147147147145,0.14912280701754385,0.16909975669099758,0.01568627450980392,0.5597210113339146,-0.3022866703848299,-0.015819209039548022,0.41562064156206413,-0.5820143884892087,0.25721784776902884,0.3548922056384743,-0.25089605734767023,0.4763212079615648,0.005730659025787966,-0.21841794569067297,-0.6666666666666666,-0.1589648798521257,-0.2545731707317073,0.21199011124845488,-0.4475524475524476,-0.6886792452830189,0.0
0.4724724724724725,0.7213225371120108,0.5498783454987834,-0.28078431372549023,0.5562336530078466,-0.4439486893474624,-0.1672316384180791,0.5509065550906556,-0.4949640287769784,0.2782152230971129,0.2752902155887231,-0.4175627240143369,0.42759094028826355,-0.20200573065902577,-0.3234946871310508,-0.5326340326340326,-0.3438077634011091,-0.18292682926829268,0.707663782447466,-0.24775224775224777,-0.4947589098532495,0.0
0.47347347347347346,0.3704453441295547,0.2542579075425791,-0.05725490196078432,0.5335658238884046,-0.3162297824874512,-0.10508474576271186,0.4560669456066946,-0.14388489208633096,0.4829396325459318,0.13266998341625208,-0.2043010752688172,0.3864104323953328,-0.12893982808022922,-0.3069657615112161,-0.4020979020979021,-0.2680221811460259,-0.3338414634146341,0.4072929542645241,-0.06993006993006995,-0.39308176100628933,0.0
0.4744744744744745,-0.3724696356275304,-0.029197080291970805,0.203921568627451,0.3304272013949433,-0.5577244841048522,0.2824858757062147,0.03347280334728034,0.23453237410071945,0.3342082239720035,0.11442786069651742,-0.0008960573476702508,0.5497597803706246,0.12177650429799429,-0.3600944510035419,-0.3717948717948718,0.10905730129390018,-0.18292682926829268,-0.14833127317676142,-0.018981018981018984,-0.2190775681341719,0.0
0.4754754754754755,-0.2078272604588394,0.38442822384428227,-0.3858823529411765,0.5082824760244115,-0.7250418293363079,0.22937853107344633,0.4658298465829847,-0.1366906474820144,0.33858267716535434,-0.10613598673300166,-0.4982078853046595,0.37268359643102267,0.05730659025787966,-0.48642266824085006,-0.6223776223776224,0.31053604436229204,-0.08917682926829268,0.14585908529048205,-0.34865134865134867,-0.319706498951782,0.0
0.47647647647647645,0.3049932523616734,0.25790754257907544,-0.22980392156862745,0.4167393199651264,-0.2883435582822086,-0.25084745762711863,0.2482566248256625,-0.5431654676258993,0.2659667541557305,0.263681592039801,-0.3279569892473118,0.5971173644474949,0.1862464183381089,-0.2744982290436836,-0.5891608391608392,0.04559457794208256,-0.24009146341463414,0.27935723114956734,-0.4255744255744256,-0.22851153039832287,0.0
0.4774774774774775,0.17611336032388664,0.4111922141119222,-0.15921568627450983,0.4995640802092414,-0.28220858895705525,-0.0327683615819209,0.38772663877266395,-0.5892086330935252,0.3088363954505687,0.6351575456053068,-0.2096774193548387,0.6163349347975291,-0.5157593123209169,-0.15407319952774498,-0.6072261072261073,0.011090573012939002,-0.26524390243902435,0.2700865265760198,-0.28271728271728275,-0.40461215932914046,0.0
0.47847847847847846,0.23279352226720645,0.5535279805352799,-0.3474509803921569,0.4524847428073235,-0.37367540435025104,-0.5457627118644067,0.5536959553695956,-0.5230215827338129,0.342082239720035,0.19734660033167495,-0.507168458781362,0.3109128345916266,-0.22063037249283668,-0.4114521841794569,-0.34265734265734266,-0.08441158348736907,-0.022103658536585365,0.5006180469715699,0.059940059940059943,-0.1530398322851153,0.0
0.4794794794794795,0.07894736842105264,0.4464720194647202,-0.47372549019607846,0.6137750653879686,-0.4991634132738427,0.08135593220338982,0.4658298465829847,-0.4071942446043165,0.4041994750656168,0.3830845771144279,-0.49103942652329746,0.49004804392587503,-0.15902578796561606,-0.32290436835891384,-0.581002331002331,-0.03573629081947012,-0.2240853658536585,0.2991347342398022,-0.27772227772227775,-0.5534591194968554,0.0
0.4804804804804805,0.5964912280701754,0.5085158150851582,-0.15686274509803924,0.6181342632955535,-0.40825432236475184,-0.30621468926553674,0.403068340306834,-0.4769784172661871,0.3622047244094488,0.21890547263681595,-0.27956989247311825,0.5531914893617021,-0.20773638968481375,-0.32644628099173556,-0.553030303030303,-0.42390634627233514,-0.16768292682926828,0.6872682323856614,-0.3926073926073927,-0.5775681341719078,0.0
0.48148148148148145,0.42105263157894735,0.7165450121654501,-0.1011764705882353,0.4803836094158675,-0.3173452314556609,-0.05536723163841808,0.5662482566248257,-0.3956834532374101,0.01399825021872266,0.17910447761194032,-0.17204301075268816,0.2971859986273164,-0.5888252148997135,-0.2809917355371901,-0.5652680652680653,-0.4128157732593962,-0.34603658536585363,0.6402966625463535,-0.40159840159840166,-0.4203354297693921,0.0
0.4824824824824825,-0.20715249662618085,0.5048661800486618,-0.22352941176470587,0.1281604184829991,-0.5705521472392637,0.09491525423728814,0.21338912133891214,-0.06474820143884892,0.36920384951881013,-0.22553897180762855,-0.2329749103942652,0.5319148936170213,-0.40974212034383956,-0.51357733175915,-0.4358974358974359,0.06592729513247073,-0.04801829268292683,0.16007416563658838,-0.1118881118881119,-0.24633123689727462,0.0
0.48348348348348347,0.305668016194332,0.4695863746958638,-0.2643137254901961,0.6006974716652136,-0.3814835471277189,-0.19096045197740114,0.45467224546722457,-0.6489208633093526,0.23972003499562555,0.0779436152570481,-0.23745519713261648,0.48867536032944403,-0.16045845272206305,-0.3347107438016529,-0.6322843822843823,-0.13739987677141097,-0.2713414634146341,0.5469715698393077,-0.4455544455544456,-0.48218029350104824,0.0
0.4844844844844845,-0.033738191632928474,0.29440389294403896,-0.19215686274509805,0.5283347863993025,-0.6129392080312326,0.04180790960451977,0.28730822873082285,-0.2589928057553957,0.09886264216972879,-0.29519071310116085,-0.23655913978494622,0.49004804392587503,-0.20343839541547276,-0.4167650531286895,-0.7424242424242424,0.015403573629081948,-0.32012195121951215,0.28924598269468477,-0.4255744255744256,-0.6603773584905661,0.0
0.4854854854854855,0.04993252361673414,0.13746958637469586,-0.42588235294117655,0.40453356582388844,-0.305633017289459,0.04293785310734463,0.20362622036262204,-0.5100719424460431,0.27296587926509186,0.2669983416252073,-0.4408602150537634,0.5422100205902539,0.16762177650429802,-0.3577331759149941,-0.5979020979020979,0.1004313000616143,-0.25,0.17923362175525337,-0.31768231768231775,-0.33752620545073375,0.0
0.4864864864864865,0.004048582995951417,0.5437956204379563,-0.15529411764705883,0.48823016564952054,-0.43837144450641385,0.16271186440677965,0.2789400278940028,-0.4122302158273381,0.09798775153105861,0.05638474295190714,-0.2043010752688172,0.5271105010295127,-0.44842406876790836,-0.27567886658795754,-0.4801864801864802,-0.07763401109057301,-0.33841463414634143,0.2737948084054388,-0.15884115884115887,-0.29140461215932917,0.0
0.4874874874874875,0.31309041835357626,0.5012165450121655,0.018823529411764708,0.4350479511769834,-0.43502509760178476,0.103954802259887,0.38912133891213396,-0.16258992805755398,0.1784776902887139,0.1558872305140962,-0.08781362007168458,0.5202470830473576,-0.6045845272206304,-0.23848878394332942,-0.43123543123543123,-0.4128157732593962,-0.1989329268292683,0.43881334981458586,-0.3286713286713287,-0.30083857442348005,0.0
0.48848848848848847,0.10593792172739541,0.33333333333333337,-0.5058823529411766,0.3557105492589363,-0.4617958728388176,-0.2406779661016949,0.3138075313807532,-0.3611510791366907,0.41469816272965876,0.2669983416252073,-0.5483870967741935,0.46190803019903914,-0.44412607449856734,-0.4657615112160567,-0.31818181818181823,-0.08502772643253236,0.009146341463414634,0.349814585908529,0.2707292707292708,-0.06708595387840671,0.0
0.4894894894894895,0.35290148448043185,0.4793187347931874,-0.08627450980392158,0.5414123801220575,-0.30005577244841053,0.09491525423728814,0.15341701534170155,-0.47841726618705044,0.16185476815398075,0.24875621890547264,-0.23924731182795697,0.5710363761153053,-0.6103151862464183,-0.21074380165289255,-0.5763403263403264,-0.07208872458410352,-0.2934451219512195,0.2707045735475896,-0.1288711288711289,-0.42662473794549266,0.0
0.4904904904904905,0.06140350877192982,0.12287104622871048,-0.1835294117647059,0.28247602441150826,-0.41773563859453433,0.030508474576271184,0.4100418410041841,-0.3050359712230216,0.25721784776902884,0.21227197346600332,-0.2652329749103942,0.47563486616334927,0.2191977077363897,-0.33884297520661155,-0.4230769230769231,-0.066543438077634,-0.2576219512195122,0.10135970333745364,-0.2327672327672328,-0.24423480083857443,0.0
0.4914914914914915,0.15317139001349528,0.5279805352798054,-0.18980392156862746,0.4821272885789015,-0.3045175683212493,0.2135593220338983,0.3863319386331939,-0.581294964028777,0.29396325459317585,0.2819237147595357,-0.12544802867383512,0.5964310226492793,-0.42406876790830944,-0.16824085005903186,-0.7837995337995338,-0.11953173136167591,-0.23323170731707316,0.29357231149567364,-0.47352647352647353,-0.7777777777777778,0.0
0.4924924924924925,0.42375168690958165,0.4257907542579075,0.08078431372549019,0.4760244115082825,-0.32013385387618515,-0.08587570621468926,0.1199442119944212,-0.6194244604316547,0.2362204724409449,0.3250414593698176,-0.08064516129032256,0.797529169526424,-0.33954154727793695,-0.25442739079102716,-0.7523310023310023,-0.37584719654959947,-0.20426829268292684,0.5580964153275648,-0.5364635364635365,-0.789308176100629,0.0
0.4934934934934935,0.12348178137651822,0.24574209245742096,0.2407843137254902,0.34873583260680036,-0.2816508644729504,0.25875706214689265,-0.026499302649930265,-0.36043165467625904,0.15923009623797024,0.4693200663349917,0.026881720430107524,0.67124227865477,-0.027220630372492838,-0.15230224321133412,-0.6515151515151516,-0.08194701170671596,-0.27515243902439024,0.16625463535228677,-0.2747252747252748,-0.4811320754716982,0.0
0.4944944944944945,0.562753036437247,0.659367396593674,0.05176470588235295,0.6033129904097645,-0.21862799776910208,-0.06327683615819209,0.4658298465829847,-0.789928057553957,0.01137357830271216,0.2902155887230514,0.014336917562724013,0.544955387783116,-0.4570200573065903,-0.11629279811097994,-0.9498834498834499,-0.4165126309303759,-0.3361280487804878,0.6866501854140914,-0.9980019980019981,-0.9811320754716982,0.0
0.4954954954954955,0.3616734143049933,0.572992700729927,-0.24941176470588236,0.37489102005231034,-0.39486893474623536,0.007909604519774011,0.4881450488145049,-0.2539568345323741,0.17497812773403326,0.1442786069651741,-0.2329749103942652,0.43857240905971173,-0.32664756446991405,-0.24793388429752067,-0.4370629370629371,-0.08379544054220579,-0.21798780487804875,0.4091470951792336,-0.02197802197802198,-0.1509433962264151,0.0
0.4964964964964965,0.6767881241565451,0.8698296836982968,-0.13019607843137257,0.6216216216216216,-0.26380368098159507,-0.22598870056497175,0.7754532775453279,-0.42805755395683454,0.21609798775153105,-0.008291873963515755,-0.1747311827956989,0.3266986959505834,-0.8037249283667623,-0.18122786304604488,-0.486013986013986,-0.42267406038200867,-0.3216463414634146,0.6674907292954264,-0.24775224775224777,-0.4727463312368973,0.0
0.4974974974974975,0.9041835357624832,0.8856447688564477,-0.07372549019607844,0.6346992153443766,-0.20022308979364195,-0.37401129943502825,0.687587168758717,-0.5820143884892087,0.4330708661417323,0.7330016583747927,-0.18010752688172044,0.29375428963623884,-0.7750716332378225,-0.05430932703659976,-0.6678321678321678,-0.5292667898952557,-0.26448170731707316,0.9134734239802225,-0.4425574425574426,-0.6603773584905661,0.0
0.4984984984984985,-0.18960863697705804,0.16058394160583944,-0.3827450980392157,0.35309503051438534,-0.6174010039040714,0.12542372881355932,0.16178521617852162,-0.04316546762589928,0.2222222222222222,0.05140961857379768,-0.34050179211469533,0.6657515442690459,0.20057306590257884,-0.51357733175915,-0.3572261072261072,0.0751694393099199,-0.06021341463414634,0.157601977750309,0.07692307692307693,-0.13417190775681342,0.0
0.4994994994994995,0.3771929824561404,0.354014598540146,0.07450980392156864,0.30165649520488225,-0.23480200780814278,-0.1807909604519774,0.4100418410041841,-0.281294964028777,0.01137357830271216,0.001658374792703151,0.026881720430107524,0.5175017158544956,-0.6045845272206304,-0.2012987012987013,-0.42074592074592077,-0.35982747997535425,-0.2865853658536585,0.3634116192830655,-0.020979020979020983,-0.09853249475890986,0.0
0.5005005005005005,0.26383265856950067,0.5985401459854015,-0.24784313725490198,0.4359197907585004,-0.31344116006692696,-0.02824858757062147,0.5383542538354255,-0.44460431654676263,0.326334208223972,0.1956882255389718,-0.24551971326164873,0.5058339052848319,-0.23352435530085963,-0.26623376623376627,-0.4796037296037296,-0.1281577325939618,-0.10899390243902438,0.3405438813349815,-0.36863136863136864,-0.578616352201258,0.0
0.5015015015015015,0.21322537112010798,0.329683698296837,-0.17568627450980392,0.5510026155187445,-0.5047406581148913,-0.15593220338983052,0.2649930264993027,-0.26618705035971224,0.07436570428696414,0.2023217247097844,-0.1603942652329749,0.46945778997940973,-0.23495702005730662,-0.31759149940968123,-0.7599067599067599,-0.14479359211337028,-0.16996951219512194,0.34672435105067984,-0.6953046953046953,-0.5597484276729561,0.0
0.5025025025025025,-0.21659919028340083,0.1070559610705596,0.06274509803921569,0.45161290322580644,-0.3363078639152259,0.20338983050847456,-0.0488145048814505,-0.16618705035971226,0.1968503937007874,0.22222222222222224,-0.047491039426523295,0.6039807824296499,0.08166189111747851,-0.14817001180637546,-0.4178321678321678,-0.015403573629081948,-0.3574695121951219,-0.04758961681087762,-0.008991008991008992,-0.20335429769392036,0.0
0.5035035035035035,-0.17206477732793524,0.45863746958637475,-0.27058823529411763,0.2772449869224063,-0.4567763524818739,-0.19999999999999998,0.10181311018131102,-0.29136690647482016,0.3132108486439195,0.1724709784411277,-0.3369175627240143,0.5257378174330817,-0.12464183381088825,-0.38842975206611574,-0.37703962703962707,0.014171287738755391,-0.04496951219512195,0.11866501854140914,0.23576423576423577,0.016771488469601678,0.0
0.5045045045045045,0.33265856950067474,0.5206812652068127,-0.3443137254901961,0.5030514385353094,-0.5482431678750698,0.05988700564971751,0.40585774058577406,-0.262589928057554,0.6272965879265091,0.2205638474295191,-0.30197132616487454,0.4673987645847632,-0.28510028653295133,-0.40495867768595045,-0.5827505827505828,-0.14171287738755392,-0.19740853658536586,0.4647713226205191,-0.4785214785214786,-0.6509433962264152,0.0
0.5055055055055055,0.15114709851551958,0.09245742092457421,-0.14901960784313728,0.5143853530950305,-0.3229224762967094,0.04519774011299435,0.28312412831241285,-0.41510791366906474,0.20909886264216973,-0.11111111111111112,-0.23924731182795697,0.5099519560741249,0.07163323782234958,-0.3122786304604487,-0.5681818181818182,-0.041897720271102896,-0.24542682926829268,0.22805933250927068,-0.47352647352647353,-0.46855345911949686,0.0
0.5065065065065065,0.0465587044534413,0.7785888077858881,-0.47058823529411764,0.08805579773321709,-0.5354155047406581,-0.23389830508474574,0.013947001394700141,-0.31870503597122307,0.5083114610673666,0.14096185737976785,-0.3987455197132616,0.7439945092656143,-0.8624641833810889,-0.5247933884297521,-0.3117715617715618,-0.027110289587184224,0.12042682926829268,0.46353522867737945,0.1028971028971029,-0.09853249475890986,0.0
0.5075075075075075,0.17341430499325236,0.3102189781021898,-0.26117647058823534,0.5170008718395814,-0.4316787506971556,-0.03615819209039548,0.7266387726638773,-0.44100719424460433,0.30358705161854765,0.03316749585406302,-0.37186379928315405,0.31022649279341113,0.09742120343839543,-0.33766233766233766,-0.3787878787878788,-0.2729513247073321,-0.2614329268292683,0.3974042027194067,-0.1058941058941059,-0.3249475890985325,0.0
0.5085085085085085,-0.019568151147098516,-0.019464720194647202,-0.0596078431372549,0.4289450741063644,-0.4132738427216955,-0.15819209039548024,0.03765690376569038,-0.3258992805755396,0.06649168853893263,-0.17910447761194032,-0.24372759856630824,0.667124227865477,0.42979942693409745,-0.4008264462809918,-0.5145687645687645,-0.18792359827479974,-0.3163109756097561,0.20148331273176762,-0.25674325674325676,-0.3081761006289308,0.0
0.5095095095095095,0.19365721997300944,0.06447688564476886,-0.21019607843137258,0.5510026155187445,-0.2242052426101506,-0.04745762711864407,0.04602510460251046,-0.37913669064748207,-0.16535433070866143,0.14096185737976785,-0.19534050179211468,0.5586822237474262,0.0014326647564469916,-0.1847697756788666,-0.4796037296037296,-0.19654959950708564,-0.26981707317073167,0.22249690976514214,-0.2317682317682318,-0.37945492662473795,0.0
0.5105105105105106,-0.3481781376518219,0.489051094890511,-0.4298039215686275,0.09067131647776809,-0.803680981595092,0.0011299435028248588,0.019525801952580198,0.2503597122302158,0.710411198600175,0.3150912106135987,-0.41487455197132617,0.5676046671242279,-0.49570200573065903,-0.6670602125147579,-0.13053613053613053,0.03696857670979667,0.13795731707317072,0.18665018541409145,0.33066933066933074,0.15199161425576518,0.0
0.5115115115115115,0.27530364372469635,0.5316301703163018,-0.2462745098039216,0.5510026155187445,-0.4099274958170664,-0.21468926553672316,0.2496513249651325,-0.6050359712230216,0.3779527559055118,0.17412935323383086,-0.3503584229390681,0.4660260809883322,-0.14756446991404013,-0.3813459268004723,-0.6264568764568764,-0.10967344423906346,-0.21874999999999997,0.5006180469715699,-0.3756243756243757,-0.4559748427672956,0.0
0.5125125125125125,0.19095816464237517,0.4014598540145986,-0.3474509803921569,0.4795117698343505,-0.23368655883993308,0.006779661016949152,0.4100418410041841,-0.520863309352518,0.34820647419072615,0.3797678275290216,-0.293010752688172,0.48043925875085786,-0.5902578796561605,-0.18772136953955137,-0.5827505827505828,0.08009858287122612,-0.32774390243902435,0.18788627935723112,-0.40159840159840166,-0.4716981132075472,0.0
0.5135135135135135,-0.4257759784075574,-0.0036496350364963507,-0.21490196078431376,0.23016564952048824,-0.5326268823201339,0.39435028248587567,-0.08507670850767085,-0.3532374100719425,0.3429571303587052,0.06301824212271974,-0.26075268817204295,0.6472203157172272,-0.04584527220630373,-0.5082644628099173,-0.6608391608391608,0.3672211953173136,-0.1760670731707317,-0.07601977750309023,-0.17882117882117884,-0.27148846960167716,0.0
0.5145145145145145,-0.0708502024291498,0.17518248175182483,0.21254901960784317,0.18308631211857018,-0.29280535415504744,0.20677966101694914,0.011157601115760113,-0.2143884892086331,-0.0017497812773403325,0.1177446102819237,0.03405017921146953,0.638984214138641,-0.04584527220630373,-0.17591499409681227,-0.6019813519813519,0.11645101663585952,-0.3361280487804878,-0.032138442521631644,0.05694305694305695,-0.1090146750524109,0.0
0.5155155155155156,0.05060728744939271,0.5559610705596107,-0.17333333333333334,0.3583260680034873,-0.5750139431121026,-0.1367231638418079,0.2594142259414226,-0.12014388489208634,0.5896762904636921,0.37645107794361526,-0.37186379928315405,0.4660260809883322,-0.12464183381088825,-0.47520661157024796,-0.36072261072261075,-0.10166358595194086,0.08307926829268292,0.38133498145859085,-0.09790209790209792,-0.15828092243186584,0.0
0.5165165165165165,0.21120107962213225,0.5656934306569343,-0.43921568627450985,0.08369659982563209,-0.6776352481873955,-0.18870056497175142,0.3682008368200837,-0.0028776978417266188,0.7497812773403324,0.6268656716417911,-0.4811827956989247,0.4776938915579958,-0.49426934097421205,-0.6292798110979929,-0.17832167832167833,-0.24584103512014788,0.3650914634146341,0.6013597033374536,0.22177822177822182,0.03563941299790357,0.0
0.5175175175175175,-0.2766531713900135,0.4671532846715329,-0.2501960784313726,0.24149956408020926,-0.44673731176798664,-0.14915254237288136,0.012552301255230125,-0.2877697841726619,0.5905511811023623,0.3067993366500829,-0.25627240143369173,0.7295813315030885,-0.3724928366762178,-0.4881936245572609,-0.3747086247086247,0.08934072704867528,-0.08460365853658536,0.11990111248454882,0.1158841158841159,-0.12578616352201258,0.0
0.5185185185185185,0.6659919028340081,0.49878345498783455,-0.10823529411764708,0.5344376634699215,-0.12548800892359174,-0.4519774011299435,0.5258019525801952,-0.6654676258992807,0.14873140857392828,0.3781094527363184,-0.13082437275985662,0.5339739190116678,-0.4340974212034384,-0.19008264462809918,-0.534965034965035,-0.3955637707948244,-0.3048780487804878,0.6526576019777502,-0.35564435564435565,-0.31761006289308175,0.0
0.5195195195195195,0.460863697705803,0.44282238442822386,-0.17098039215686275,0.3068875326939843,-0.24316787506971557,-0.15932203389830507,0.31101813110181314,-0.41079136690647483,-0.05774278215223097,0.33996683250414594,-0.20071684587813618,0.4248455730954015,-0.3223495702005731,-0.13636363636363638,-0.3741258741258741,-0.32162661737523107,-0.2461890243902439,0.42954264524103825,-0.13386613386613389,-0.24318658280922434,0.0
0.5205205205205206,0.05600539811066127,0.378345498783455,-0.2384313725490196,0.45161290322580644,-0.5025097601784718,-0.25536723163841807,0.3542538354253836,-0.23812949640287773,0.36132983377077865,0.0912106135986733,-0.3046594982078853,0.5298558682223747,-0.2163323782234957,-0.3122786304604487,-0.43997668997669,-0.09426987060998152,-0.17301829268292682,0.22435105067985164,-0.2207792207792208,-0.29559748427672955,0.0
0.5215215215215215,0.08367071524966262,0.3929440389294404,0.04627450980392157,0.36268526591107236,-0.32738427216954824,0.01694915254237288,0.20362622036262204,-0.1798561151079137,0.24584426946631674,0.14925373134328357,-0.035842293906810034,0.5717227179135209,-0.336676217765043,-0.24675324675324675,-0.42482517482517484,-0.23043746149106592,-0.2530487804878049,0.2342398022249691,-0.04595404595404596,-0.32075471698113206,0.0
0.5225225225225225,0.028340080971659923,0.3807785888077859,-0.12941176470588237,0.33740191804707936,-0.2872281093139989,-0.192090395480226,0.2594142259414226,-0.2884892086330936,0.326334208223972,0.2719734660033168,-0.09767025089605734,0.6726149622512011,-0.11461318051575932,-0.33766233766233766,-0.5174825174825175,-0.23598274799753544,-0.10670731707317074,0.21137206427688504,-0.14185814185814186,-0.370020964360587,0.0
0.5235235235235235,0.3184885290148448,0.33819951338199516,-0.5733333333333334,0.5919790758500436,-0.5672058003346346,-0.28926553672316385,0.27057182705718275,-0.16762589928057556,0.3902012248468941,-0.20895522388059704,-0.503584229390681,0.5216197666437886,-0.2191977077363897,-0.6056670602125148,-0.4551282051282052,-0.051139864448552064,-0.11280487804878048,0.5203955500618046,-0.17682317682317683,-0.4811320754716982,0.0
0.5245245245245245,0.3232118758434548,0.49635036496350365,-0.3490196078431373,0.43417611159546643,-0.6196319018404908,-0.07796610169491526,0.5718270571827057,-0.302158273381295,0.4943132108486439,0.0679933665008292,-0.5008960573476703,0.39396019217570344,-0.28080229226361036,-0.47992916174734357,-0.46153846153846156,-0.030807147258163897,-0.03963414634146341,0.4283065512978986,-0.11688311688311691,-0.370020964360587,0.0
0.5255255255255256,-0.25033738191632926,0.15328467153284672,-0.3349019607843137,0.3923278116826504,-0.5543781372002231,0.13333333333333333,0.08507670850767085,-0.19928057553956838,0.3989501312335958,-0.10613598673300166,-0.41845878136200715,0.5161290322580645,0.18051575931232092,-0.4817001180637544,-0.46153846153846156,0.18237831176833025,-0.2461890243902439,0.12051915945611866,0.04995004995004996,-0.2127882599580713,0.0
0.5265265265265265,0.32186234817813764,0.6982968369829684,-0.5309803921568628,0.30078465562336526,-0.5259341885108756,-0.7502824858757062,0.4630404463040447,-0.39856115107913676,0.6727909011373578,0.5024875621890548,-0.5564516129032258,0.4653397391901167,-0.33381088825214905,-0.6068476977567887,-0.31993006993006995,-0.24152803450400495,0.2614329268292683,0.7645241038318913,0.06293706293706294,-0.24947589098532494,0.0
0.5275275275275275,-0.04453441295546559,0.22141119221411193,0.15137254901960787,0.3984306887532694,-0.3340769659788065,0.023728813559322035,0.16875871687587168,-0.14244604316546763,0.23097112860892388,0.2752902155887231,-0.044802867383512544,0.6472203157172272,-0.09169054441260746,-0.34887839433293977,-0.5308857808857809,-0.02033271719038817,-0.1913109756097561,0.09517923362175525,-0.06093906093906094,-0.36477987421383645,0.0
0.5285285285285285,0.32456140350877194,0.5790754257907542,-0.22117647058823528,0.4655623365300785,-0.4986056887897379,-0.09491525423728814,0.3668061366806137,-0.4496402877697842,0.22659667541557305,-0.0,-0.314516129032258,0.5264241592312972,-0.6232091690544413,-0.26564344746162927,-0.7861305361305362,-0.07825015403573629,-0.3483231707317073,0.4610630407911001,-0.4445554445554446,-0.5555555555555556,0.0
0.5295295295295295,0.7685560053981106,0.8296836982968371,0.11215686274509803,0.5823888404533566,-0.14668153931957614,-0.5141242937853108,0.38912133891213396,-0.3899280575539569,0.006124234470691163,0.4892205638474295,-0.1093189964157706,0.4948524365133836,-0.7020057306590258,-0.04368358913813459,-0.2272727272727273,-0.8977202711028959,-0.3178353658536585,0.8399258343634115,0.07592407592407593,-0.10272536687631029,0.0
0.5305305305305306,-0.31713900134952766,-0.006082725060827251,-0.052549019607843146,0.4716652136006975,-0.5677635248187396,0.14463276836158193,0.390516039051604,0.08417266187050361,0.2484689413823272,-0.16749585406301826,-0.17741935483870966,0.41111873713109126,0.18194842406876793,-0.4693034238488784,-0.4603729603729604,-0.05052372150338879,-0.2660060975609756,0.037082818294190356,-0.2057942057942058,-0.33752620545073375,0.0
0.5315315315315315,0.07827260458839407,0.17031630170316303,-0.45019607843137255,0.5475152571926766,-0.4991634132738427,-0.3073446327683616,0.5801952580195258,-0.4050359712230216,0.5161854768153981,0.25538971807628524,-0.539426523297491,0.5147563486616334,0.004297994269340974,-0.44037780401416765,-0.393939393939394,-0.09611829944547134,-0.06631097560975609,0.3127317676143387,-0.4005994005994007,-0.3888888888888889,0.0
0.5325325325325325,0.12820512820512822,0.1362530413625304,-0.3121568627450981,0.4324324324324324,-0.4366982710540993,-0.05649717514124294,0.48675034867503486,-0.4755395683453238,0.3639545056867891,0.18739635157545606,-0.5098566308243727,0.6266300617707619,0.1332378223495702,-0.4126328217237308,-0.5116550116550117,0.01170671595810228,-0.24695121951219512,0.34239802224969096,-0.14785214785214787,-0.35220125786163525,0.0
0.5335335335335335,0.6045883940620783,0.4391727493917275,0.017254901960784313,0.5640802092414996,-0.21807027328499723,-0.34689265536723163,0.3500697350069735,-0.47482014388489213,0.30183727034120733,0.3300165837479271,-0.13440860215053763,0.5037748798901853,-0.5587392550143268,-0.19008264462809918,-0.594988344988345,-0.4072704867529267,-0.3018292682926829,0.5852904820766378,-0.2327672327672328,-0.4863731656184487,0.0
0.5345345345345346,0.15452091767881243,0.23114355231143555,-0.02823529411764706,0.3905841325196164,-0.4015616285554936,-0.10056497175141242,0.4309623430962343,-0.22014388489208633,0.25896762904636916,0.17744610281923714,-0.2150537634408602,0.5017158544955388,-0.30659025787965616,-0.3105076741440378,-0.39976689976689983,-0.133086876155268,-0.12042682926829268,0.29666254635352285,0.058941058941058944,-0.1467505241090147,0.0
0.5355355355355356,0.27058029689608637,0.6399026763990269,-0.3349019607843137,0.6713164777680907,-0.3452314556609035,-0.17288135593220338,0.46861924686192474,-0.7338129496402879,0.37970253718285213,-0.03648424543946932,-0.42114695340501784,0.612216884008236,-0.6532951289398281,-0.4415584415584416,-0.5856643356643356,-0.11768330252618607,-0.19664634146341464,0.5,-0.46753246753246763,-0.589098532494759,0.0
0.5365365365365365,0.3265856950067476,0.6970802919708029,-0.27058823529411763,0.22057541412380122,-0.4088120468488567,-0.19322033898305085,0.3933054393305439,-0.35611510791366907,0.4269466316710411,0.24709784411276947,-0.22132616487455195,0.5277968428277282,-0.828080229226361,-0.372491145218418,-0.41258741258741255,-0.29882932840418974,-0.1051829268292683,0.49876390605686033,0.03696303696303697,-0.22746331236897274,0.0
0.5375375375375375,0.4143049932523617,0.6909975669099756,-0.14980392156862746,0.4864864864864865,-0.5488008923591746,-0.23841807909604518,0.06276150627615062,-0.21223021582733814,0.6299212598425197,0.33665008291873966,-0.2661290322580645,0.6259437199725463,-0.41260744985673353,-0.4911452184179457,-0.3578088578088578,-0.3407270486752927,0.009908536585365852,0.6625463535228677,-0.08491508491508493,-0.25157232704402516,0.0
0.5385385385385385,-0.020242914979757085,0.5936739659367397,-0.6086274509803922,0.5614646904969486,-0.45844952593418853,0.08361581920903954,0.5774058577405857,-0.4791366906474821,0.2440944881889764,0.26865671641791045,-0.6021505376344086,0.4488675360329444,-0.46275071633237824,-0.3878394332939788,-0.4527972027972028,0.18176216882316695,-0.25,0.25092707045735474,-0.30869130869130873,-0.3238993710691824,0.0
0.5395395395395396,-0.22267206477732795,0.031630170316301706,-0.5647058823529412,0.1037489102005231,-0.7540435025097603,0.10508474576271186,0.061366806136680614,-0.005035971223021583,0.7375328083989501,0.05638474295190714,-0.5044802867383512,0.5401509951956074,0.5472779369627507,-0.6546635182998819,-0.13986013986013987,0.3210104744300678,0.25990853658536583,0.10568603213844252,0.48451548451548454,0.169811320754717,0.0
0.5405405405405406,0.4244264507422402,0.4063260340632604,-0.4054901960784314,0.5117698343504795,-0.2593418851087563,-0.48022598870056493,0.32357043235704325,-0.5143884892086331,0.36920384951881013,0.3698175787728027,-0.3064516129032258,0.6293754289636239,0.4154727793696275,-0.256198347107438,-0.40734265734265734,-0.29698089956869994,-0.18673780487804878,0.5259579728059331,-0.05494505494505495,-0.22012578616352202,0.0
0.5415415415415415,0.33738191632928477,0.5912408759124088,-0.5882352941176471,0.40802092414995644,-0.5192414947016174,-0.42598870056497173,0.6108786610878661,-0.5964028776978417,0.5450568678915135,0.2935323383084577,-0.6308243727598566,0.4715168153740563,-0.24068767908309457,-0.48406139315230223,-0.5017482517482518,-0.020948860135551448,-0.04878048780487805,0.6310259579728058,-0.13886113886113888,-0.32914046121593293,0.0
0.5425425425425425,0.8461538461538461,0.7712895377128954,-0.1380392156862745,0.6669572798605057,-0.25209146681539324,-0.13559322033898305,0.7615062761506277,-0.6129496402877698,0.2204724409448819,0.21724709784411278,-0.23028673835125446,0.397391901166781,-0.7406876790830946,-0.1706021251475797,-0.6136363636363636,-0.6001232285890327,-0.31707317073170727,0.8281829419035847,-0.5414585414585416,-0.5587002096436059,0.0
0.5435435435435435,0.2678812415654521,0.5279805352798054,-0.0611764705882353,0.34437663469921537,-0.275515895147797,0.06440677966101695,0.1185495118549512,-0.18992805755395686,-0.0008748906386701663,0.34991708126036486,0.0017921146953405016,0.5305422100205902,-0.5272206303724929,-0.16706021251475797,-0.48717948717948717,-0.38570548367221197,-0.16234756097560973,0.32756489493201485,-0.1398601398601399,-0.24737945492662475,0.0
0.5445445445445446,0.101889338731444,0.19829683698296838,0.23686274509803923,0.24585876198779422,-0.35805911879531516,-0.03954802259887006,0.37099023709902373,-0.15323741007194244,0.07786526684164478,0.5157545605306799,-0.09318996415770608,0.40562800274536714,-0.025787965616045846,-0.10802833530106258,-0.3275058275058275,-0.17375231053604434,-0.20426829268292684,0.11372064276885042,0.17982017982017984,0.015723270440251572,0.0
0.5455455455455456,-0.0020242914979757085,0.2749391727493917,-0.42509803921568634,0.4167393199651264,-0.46569994422755157,-0.19322033898305085,0.4309623430962343,-0.5424460431654676,0.28346456692913385,-0.05970149253731343,-0.3440860215053763,0.5634866163349347,-0.3180515759312321,-0.4161747343565525,-0.6952214452214452,0.017252002464571783,-0.19969512195121952,0.26514215080346104,-0.37462537462537465,-0.5387840670859539,0.0
0.5465465465465466,-0.27125506072874495,0.3394160583941606,0.12941176470588237,0.3931996512641674,-0.45454545454545453,0.12768361581920903,0.3138075313807532,-0.06474820143884892,0.3455818022747157,0.26036484245439473,0.005376344086021505,0.608098833218943,-0.3223495702005731,-0.3057851239669422,-0.5192307692307693,-0.02895871842267406,-0.18978658536585366,0.06118665018541409,-0.09290709290709291,-0.2777777777777778,0.0
0.5475475475475475,0.32186234817813764,0.22384428223844283,0.013333333333333336,0.4803836094158675,-0.2526491912994981,-0.1367231638418079,0.46025104602510464,-0.28057553956834536,0.2747156605424322,-0.03814262023217247,-0.059139784946236555,0.5950583390528483,-0.10601719197707736,-0.21605667060212516,-0.5786713286713286,-0.20209488601355516,-0.2637195121951219,0.3671199011124845,-0.2497502497502498,-0.44025157232704404,0.0
0.5485485485485485,0.02564102564102564,0.2725060827250608,-0.3913725490196079,0.4123801220575414,-0.4366982710540993,0.010169491525423728,0.5383542538354255,-0.43597122302158275,0.1732283464566929,0.06965174129353234,-0.41129032258064513,0.4715168153740563,0.07163323782234958,-0.22845336481700118,-0.49533799533799533,0.1651263093037585,-0.25685975609756095,0.08590852904820767,-0.15584415584415587,-0.32075471698113206,0.0
0.5495495495495496,0.20242914979757085,0.3260340632603407,-0.15921568627450983,0.27114210985178727,-0.23257110987172336,-0.10621468926553672,0.2287308228730823,-0.26978417266187055,-0.0621172353455818,0.06467661691542288,-0.08602150537634408,0.47563486616334927,-0.20200573065902577,-0.19067296340023615,-0.5093240093240093,-0.13555144793592114,-0.3254573170731707,0.06242274412855377,-0.1208791208791209,-0.22746331236897274,0.0
0.5505505505505506,0.7037786774628879,0.8114355231143553,-0.3458823529411765,0.5727986050566696,-0.24539877300613497,-0.4045197740112994,0.6206415620641562,-0.7129496402877699,0.5870516185476816,0.5555555555555556,-0.3422939068100358,0.41111873713109126,-0.5315186246418339,-0.2721369539551358,-0.502913752913753,-0.5717806531115219,-0.2660060975609756,0.815203955500618,-0.10889110889110891,-0.5041928721174004,0.0
0.5515515515515516,0.08771929824561404,0.4282238442822384,-0.6062745098039216,0.3129904097646033,-0.6246514221974345,-0.1638418079096045,0.4741980474198048,-0.6474820143884893,0.7742782152230971,0.4577114427860697,-0.7007168458781362,0.4818119423472889,-0.07593123209169055,-0.5531286894923259,-0.47494172494172493,0.2335181762168823,0.19664634146341464,0.38442521631644,-0.09390609390609392,-0.24737945492662475,0.0
0.5525525525525525,0.1484480431848853,-0.006082725060827251,0.021176470588235297,0.3295553618134263,-0.37925264919129953,0.13220338983050847,0.2510460251046025,-0.2287769784172662,0.09973753280839895,0.1625207296849088,-0.15860215053763438,0.5147563486616334,-0.09742120343839543,-0.21369539551357733,-0.4726107226107227,-0.05298829328404189,-0.26219512195121947,0.15203955500618047,-0.15484515484515485,-0.25052410901467503,0.0
0.5535535535535535,0.5249662618083671,0.7907542579075426,0.06274509803921569,0.4995640802092414,-0.09481316229782488,-0.3016949152542373,0.5801952580195258,-0.7057553956834532,0.3762029746281715,0.6666666666666667,-0.08870967741935483,0.515442690459849,-0.9914040114613181,-0.13754427390791027,-0.49184149184149184,-0.496611213801602,-0.22179878048780485,0.6508034610630407,-0.31168831168831174,-0.5974842767295597,0.0
0.5545545545545546,0.06072874493927125,0.4063260340632604,-0.35137254901960785,0.5893635571054926,-0.4344673731176799,-0.11073446327683616,0.0892608089260809,-0.5848920863309353,0.2440944881889764,0.087893864013267,-0.46236559139784944,0.6142759094028826,0.05014326647564471,-0.41086186540731995,-0.5833333333333333,-0.012322858903265559,-0.21493902439024387,0.326946847960445,-0.43256743256743263,-0.49266247379454925,0.0
0.5555555555555556,0.02699055330634278,0.1070559610705596,-0.00784313725490196,0.6303400174367916,-0.4723926380368098,0.02598870056497175,0.08647140864714087,-0.24028776978417268,0.15835520559930008,-0.24709784411276947,-0.11021505376344085,0.7385037748798902,0.03868194842406877,-0.3654073199527745,-0.6748251748251748,-0.03019100431300062,-0.27515243902439024,0.21817058096415326,-0.6863136863136865,-0.7693920335429769,0.0
0.5565565565565566,0.010121457489878543,0.40997566909975675,-0.03137254901960784,0.4176111595466434,-0.05744562186279978,0.21694915254237288,0.29707112970711297,-0.516546762589928,0.15398075240594924,0.42454394693200664,-0.02419354838709677,0.5428963623884695,-0.14040114613180518,-0.05430932703659976,-0.710955710955711,-0.027110289587184224,-0.27972560975609756,0.06551297898640296,-0.36863136863136864,-0.39412997903563946,0.0
0.5575575575575575,0.36707152496626183,0.4939172749391728,-0.36156862745098045,0.24760244115082822,-0.3407696597880647,-0.22372881355932203,0.6206415620641562,-0.33669064748201444,0.15923009623797024,0.3217247097844113,-0.29569892473118276,0.42759094028826355,-0.27507163323782235,-0.2296340023612751,-0.40850815850815847,-0.1589648798521257,-0.2385670731707317,0.4622991347342398,-0.05594405594405595,-0.029350104821802937,0.0
0.5585585585585585,0.5215924426450742,0.4975669099756691,0.2831372549019608,0.3557105492589363,-0.08365867261572783,0.13559322033898305,0.31241283124128316,-0.3424460431654676,-0.23184601924759407,0.40796019900497515,0.1290322580645161,0.5470144131777626,-0.5458452722063037,0.06611570247933884,-0.46445221445221446,-0.4614910659272951,-0.2919207317073171,0.38813349814585907,-0.09590409590409592,-0.3888888888888889,0.0
0.5595595595595596,0.3866396761133603,0.5170316301703163,-0.33333333333333337,0.5815170008718396,-0.29503625209146683,0.05649717514124294,0.4672245467224547,-0.41007194244604317,0.0542432195975503,0.16086235489220566,-0.3655913978494623,0.4831846259437199,-0.3696275071633238,-0.21310507674144039,-0.5693473193473193,-0.09118915588416512,-0.3048780487804878,0.2917181705809641,-0.2037962037962038,-0.2945492662473795,0.0
0.5605605605605606,0.10931174089068826,0.489051094890511,-0.07450980392156864,0.22755013077593722,-0.6698271054099275,0.01807909604519774,-0.0502092050209205,-0.26618705035971224,0.5310586176727908,0.24378109452736318,-0.26881720430107525,0.6904598490048044,-0.6690544412607451,-0.5212514757969303,-0.4428904428904429,-0.10659272951324707,0.17759146341463414,0.4221260815822003,-0.032967032967032975,-0.1740041928721174,0.0
0.5615615615615616,-0.08906882591093118,0.3905109489051095,-0.607843137254902,0.3156059285091543,-0.5554935861684328,0.11073446327683616,0.25383542538354253,-0.36043165467625904,0.45231846019247596,0.3781094527363184,-0.6209677419354838,0.5511324639670556,-0.2421203438395416,-0.4309327036599764,-0.36421911421911424,0.15526802218114602,-0.026676829268292686,0.20519159456118666,-0.005994005994005995,-0.17505241090146753,0.0
0.5625625625625625,0.2773279352226721,0.5523114355231145,-0.1819607843137255,0.48823016564952054,-0.3669827105409928,-0.2689265536723164,0.29707112970711297,-0.6431654676258993,0.12948381452318458,0.11111111111111112,-0.3951612903225806,0.5470144131777626,-0.10888252148997135,-0.2886658795749705,-0.5571095571095571,-0.018484288354898334,-0.3330792682926829,0.3800988875154511,-0.17882117882117884,-0.2903563941299791,0.0
0.5635635635635635,0.11605937921727395,0.44525547445255476,-0.3262745098039216,0.3469921534437664,-0.5175683212493029,-0.08135593220338982,0.05299860529986053,-0.10359712230215827,0.4584426946631671,0.0945273631840796,-0.3333333333333333,0.726149622512011,-0.1332378223495702,-0.4409681227863046,-0.3082750582750583,-0.009858287122612447,-0.10899390243902438,0.22744128553770085,0.020979020979020983,-0.1058700209643606,0.0
0.5645645645645646,0.21794871794871795,0.6034063260340633,-0.005490196078431373,0.6155187445510025,-0.294478527607362,-0.26101694915254237,0.35285913528591356,-0.5201438848920864,0.24234470691163607,0.30845771144278605,-0.15591397849462363,0.6170212765957447,-0.4742120343839542,-0.25088547815820544,-0.5448717948717949,-0.21626617375231053,-0.34527439024390244,0.44993819530284296,-0.09390609390609392,-0.3406708595387841,0.0
0.5655655655655656,0.12483130904183536,0.35279805352798055,-0.32313725490196077,0.17872711421098517,-0.5131065253764641,0.08926553672316384,-0.03765690376569038,-0.1841726618705036,0.32545931758530183,0.3747927031509121,-0.4032258064516129,0.7378174330816746,-0.4656160458452723,-0.397874852420307,-0.2762237762237762,-0.046210720887245836,0.0899390243902439,0.22744128553770085,0.14785214785214787,0.034591194968553465,0.0
0.5665665665665666,0.5614035087719298,0.718978102189781,-0.45176470588235296,0.5056669572798604,-0.5064138315672059,-0.27570621468926554,0.4909344490934449,-0.485611510791367,0.6780402449693789,0.33665008291873966,-0.5206093189964157,0.5305422100205902,-0.22349570200573068,-0.43506493506493504,-0.6089743589743589,-0.11583487369069624,-0.11585365853658536,0.6501854140914709,-0.34565434565434566,-0.5251572327044025,0.0
0.5675675675675675,0.06005398110661268,0.5888077858880779,-0.3419607843137255,0.4524847428073235,-0.4578918014500836,-0.2214689265536723,0.5355648535564854,-0.34748201438848925,0.43657042869641294,0.4461028192371476,-0.26792114695340496,0.4763212079615648,-0.3510028653295129,-0.39964580873671784,-0.5716783216783217,0.07578558225508318,-0.13871951219512194,0.3436341161928307,-0.22977022977022982,-0.20125786163522014,0.0
0.5685685685685685,0.44871794871794873,0.6155717761557178,-0.29490196078431374,0.7689625108979947,-0.40211935303959845,-0.17062146892655367,0.3682008368200837,-0.6187050359712231,0.279090113735783,-0.02155887230514096,-0.2204301075268817,0.5380919698009609,-0.6848137535816619,-0.2668240850059032,-0.5868298368298368,-0.5015403573629081,-0.2934451219512195,0.6718170580964152,-0.6373626373626374,-0.5649895178197065,0.0
0.5695695695695696,0.10526315789473684,0.2931873479318735,-0.19529411764705884,0.37314734088927637,-0.26547685443390967,-0.030508474576271184,0.039051603905160395,-0.36330935251798563,0.17497812773403326,0.4361525704809287,-0.2661290322580645,0.5881949210706932,0.08882521489971347,-0.2231404958677686,-0.4335664335664336,-0.12630930375847196,-0.2705792682926829,0.19468479604449937,0.05294705294705295,-0.1740041928721174,0.0
0.5705705705705706,0.7807017543859649,0.9197080291970804,0.19294117647058825,0.4289450741063644,0.06748466257668712,0.18870056497175142,0.5327754532775454,-0.6431654676258993,0.24496937882764658,1.0,0.1460573476702509,0.4989704873026767,-0.8753581661891118,0.10684769775678866,-0.6328671328671329,-0.8071472581638941,-0.1722560975609756,0.7014833127317676,-0.38861138861138866,-0.45807127882599585,0.0
0.5715715715715716,0.10593792172739541,0.6435523114355232,-0.8125490196078432,0.5379250217959896,-0.736196319018405,-0.015819209039548022,0.4588563458856346,-0.5129496402877698,0.7830271216097988,0.2719734660033168,-0.9426523297491038,0.47563486616334927,-0.5415472779369628,-0.6682408500590319,-0.3712121212121212,0.13555144793592114,0.13795731707317072,0.6174289245982695,-0.07292707292707293,-0.4276729559748428,0.0
0.5725725725725725,0.203778677462888,0.305352798053528,-0.5411764705882353,0.5283347863993025,-0.42889012827663137,-0.21581920903954802,0.5788005578800558,-0.4769784172661871,0.6045494313210849,0.43449419568822556,-0.5887096774193548,0.4426904598490048,0.04727793696275072,-0.46221959858323497,-0.33916083916083917,-0.05545286506469501,0.04878048780487805,0.3257107540173053,-0.22577422577422582,-0.28511530398322854,0.0
0.5735735735735735,-0.3076923076923077,0.2931873479318735,-0.38745098039215686,0.32868352223190933,-0.5131065253764641,0.06779661016949153,0.2928870292887029,-0.24604316546762595,0.5205599300087489,0.15422885572139303,-0.4722222222222222,0.5552505147563487,0.26217765042979946,-0.5360094451003542,-0.3094405594405595,0.11829944547134935,-0.04420731707317073,0.22435105067985164,0.018981018981018984,-0.1090146750524109,0.0
0.5745745745745746,-0.19973009446693657,0.2615571776155718,-0.24941176470588236,0.37663469921534437,-0.4578918014500836,0.207909604519774,0.3486750348675035,-0.09928057553956836,-0.09011373578302712,-0.2238805970149254,-0.21146953405017918,0.5353466026080989,-0.26361031518624645,-0.26564344746162927,-0.3578088578088578,0.14972273567467653,-0.32012195121951215,-0.12978986402966625,0.019980019980019983,-0.14360587002096437,0.0
0.5755755755755756,0.5310391363022943,0.22749391727493917,-0.6164705882352942,0.6181342632955535,-0.5002788622420524,0.029378531073446325,0.6485355648535566,-0.27697841726618705,0.16535433070866143,0.09618573797678276,-0.46415770609318996,0.41729581331503085,0.34670487106017195,-0.2579693034238489,-0.4895104895104895,-0.2963647566235367,-0.22256097560975607,0.514833127317676,-0.2197802197802198,-0.41404612159329146,0.0
0.5765765765765766,0.26248313090418357,0.3236009732360098,-0.35843137254901963,0.33827375762859635,-0.28778583379810374,-0.10169491525423728,0.30404463040446306,-0.6,0.31671041119860016,0.28524046434494194,-0.314516129032258,0.4962251201098146,-0.30659025787965616,-0.3435655253837072,-0.5040792540792541,-0.1731361675908811,-0.15929878048780485,0.5673671199011124,0.16183816183816185,-0.3050314465408805,0.0
0.5775775775775776,0.30634278002699056,0.5839416058394161,-0.36000000000000004,0.6355710549258936,-0.5638594534300055,0.03954802259887006,0.5188284518828452,-0.3194244604316547,0.33945756780402453,0.2537313432835821,-0.4247311827956989,0.3713109128345916,-0.17621776504297995,-0.3783943329397875,-0.6590909090909091,-0.2168823166974738,-0.22484756097560973,0.5111248454882571,-0.6653346653346655,-0.8301886792452831,0.0
0.5785785785785785,0.27462887989203777,0.6922141119221411,-0.5074509803921569,0.37053182214472535,-0.4088120468488567,-0.407909604519774,0.3668061366806137,-0.37122302158273385,0.3088363954505687,0.5091210613598673,-0.41487455197132617,0.5223061084420041,-0.7091690544412608,-0.3837072018890201,-0.4522144522144522,-0.2809611829944547,0.04344512195121951,0.4629171817058096,-0.36363636363636365,-0.2190775681341719,0.0
0.5795795795795796,-0.31376518218623484,0.18004866180048662,-0.1192156862745098,0.09415867480383609,-0.5900725041829337,0.2350282485875706,0.0892608089260809,0.10071942446043167,0.2747156605424322,0.087893864013267,-0.2329749103942652,0.6513383665065202,-0.032951289398280806,-0.43034238488783944,-0.27797202797202797,0.026494146642020946,-0.02820121951219512,0.08590852904820767,0.2767232767232768,0.09853249475890986,0.0
0.5805805805805806,0.22672064777327938,0.3807785888077859,0.07607843137254902,0.5771578029642546,-0.19074177356385946,0.30847457627118646,0.3054393305439331,-0.5575539568345325,0.048993875765529306,0.5323383084577115,-0.08870967741935483,0.426904598490048,-0.26361031518624645,-0.001180637544273908,-0.6375291375291375,-0.21626617375231053,-0.2820121951219512,0.13411619283065512,-0.40159840159840166,-0.6603773584905661,0.0
0.5815815815815816,0.6356275303643725,0.8296836982968371,-0.17176470588235296,0.34960767218831734,-0.3073061907417736,-0.3672316384180791,0.6359832635983264,-0.4877697841726619,0.25984251968503935,0.5373134328358209,-0.21774193548387094,0.2814001372683596,-0.5143266475644699,-0.1552538370720189,-0.4388111888111888,-0.36414048059149723,-0.14634146341463414,0.5760197775030902,-0.11088911088911091,-0.2169811320754717,0.0
0.5825825825825826,0.300944669365722,0.5389294403892945,-0.2901960784313726,0.5213600697471665,-0.29392080312325713,-0.04406779661016949,0.4379358437935844,-0.21294964028776978,0.16710411198600175,0.07296849087893864,-0.2410394265232975,0.40905971173644473,-0.24641833810888253,-0.23907910271546637,-0.5367132867132868,-0.23598274799753544,-0.26829268292682923,0.3838071693448702,-0.2107892107892108,-0.5209643605870021,0.0
0.5835835835835835,-0.3508771929824562,0.22262773722627738,-0.49333333333333335,0.35658238884045335,-0.6597880646960402,0.11638418079096044,0.3165969316596932,-0.24388489208633096,0.47681539807524065,0.1956882255389718,-0.5268817204301075,0.5113246396705559,0.034383954154727794,-0.5377804014167651,-0.4836829836829837,0.5200246457178065,-0.14405487804878048,-0.04511742892459827,-0.24475524475524477,-0.21593291404612158,0.0
0.5845845845845846,-0.12753036437246965,0.354014598540146,-0.20156862745098042,0.4385353095030514,-0.40825432236475184,0.12203389830508474,0.18131101813110181,-0.37553956834532376,0.27384076990376205,-0.26865671641791045,-0.12544802867383512,0.7789979409746053,-0.13753581661891118,-0.320543093270366,-0.6258741258741259,-0.051139864448552064,-0.2850609756097561,0.13967861557478367,-0.2707292707292708,-0.46226415094339623,0.0
0.5855855855855856,-0.4284750337381916,-0.2031630170316302,-0.2847058823529412,0.3103748910200523,-0.40825432236475184,0.3694915254237288,-0.004184100418410042,-0.20575539568345325,0.14435695538057744,-0.14925373134328357,-0.31810035842293904,0.6273164035689773,0.5830945558739254,-0.31818181818181823,-0.48892773892773894,0.35120147874306834,-0.2820121951219512,-0.2583436341161928,-0.15884115884115887,-0.3018867924528302,0.0
0.5865865865865866,0.06140350877192982,0.39416058394160586,-0.04470588235294118,0.37837837837837834,-0.4244283324037926,0.3050847457627119,0.026499302649930265,-0.30863309352517987,0.08661417322834646,0.07960199004975124,-0.13888888888888887,0.5744680851063829,-0.2177650429799427,-0.20720188902007083,-0.6159673659673659,-0.14972273567467653,-0.31173780487804875,0.2175525339925834,-0.2237762237762238,-0.4979035639412998,0.0
0.5875875875875876,0.10121457489878542,0.6569343065693432,-0.5129411764705883,0.26503923278116825,-0.596207473508087,-0.18305084745762712,0.2357043235704324,-0.241726618705036,0.6150481189851268,0.2570480928689884,-0.5922939068100358,0.4927934111187371,-0.6532951289398281,-0.5761511216056671,-0.22086247086247088,0.0474430067775724,0.04344512195121951,0.368974042027194,0.2107892107892108,-0.08071278825995808,0.0
0.5885885885885885,0.3657219973009447,0.6739659367396594,-0.40156862745098043,0.44725370531822145,-0.4400446179587284,-0.25536723163841807,0.4072524407252441,-0.5726618705035972,0.34383202099737536,0.12271973466003316,-0.4829749103942652,0.4543582704186685,-0.4154727793696275,-0.3943329397874853,-0.5337995337995338,-0.16943930991990144,-0.037347560975609755,0.5964153275648949,-0.24475524475524477,-0.29979035639413,0.0
0.5895895895895896,-0.45141700404858304,-0.049878345498783457,-0.41803921568627456,0.2807323452484743,-0.5755716675962075,0.07457627118644068,0.3068340306834031,-0.34820143884892085,0.7069116360454943,0.3167495854063018,-0.6308243727598566,0.5614275909402882,0.5386819484240688,-0.5011806375442739,-0.537878787878788,0.6149106592729513,-0.035823170731707314,-0.05500618046971569,0.013986013986013988,-0.16457023060796647,0.0
0.5905905905905906,0.11470985155195683,0.7299270072992701,-0.4062745098039216,0.3103748910200523,-0.6993865030674847,-0.32090395480225986,0.2398884239888424,-0.19352517985611514,0.7007874015748031,0.4262023217247098,-0.48028673835125446,0.5380919698009609,-0.35816618911174786,-0.6953955135773318,-0.22494172494172496,-0.0585335797905114,0.1836890243902439,0.5599505562422744,0.3736263736263737,0.015723270440251572,0.0
0.5915915915915916,0.2321187584345479,0.40754257907542585,-0.10039215686274511,0.5841325196163906,-0.4143892916899052,-0.15819209039548024,0.25662482566248257,-0.5028776978417266,0.16535433070866143,0.06633499170812604,-0.29838709677419356,0.6225120109814688,-0.5100286532951289,-0.3093270365997639,-0.6497668997668997,0.06592729513247073,-0.3185975609756097,0.3702101359703337,-0.5014985014985015,-0.5849056603773586,0.0
0.5925925925925926,0.18151147098515522,0.22749391727493917,-0.2054901960784314,0.4655623365300785,-0.2297824874511991,0.08135593220338982,0.4198047419804742,-0.4050359712230216,0.4024496937882765,0.43449419568822556,-0.19354838709677416,0.5367192862045298,0.01862464183381089,-0.1269185360094451,-0.5186480186480187,-0.08379544054220579,-0.35365853658536583,0.2187886279357231,-0.017982017982017984,-0.3427672955974843,0.0
0.5935935935935935,0.1039136302294197,0.5279805352798054,-0.04,0.3330427201394943,-0.36754043502509764,0.04067796610169491,0.18549511854951187,0.0021582733812949644,0.1111111111111111,0.41459369817578773,-0.1164874551971326,0.45161290322580644,-0.42836676217765046,-0.256788665879575,-0.34848484848484845,-0.23105360443622922,-0.19969512195121952,0.3059332509270704,0.2717282717282718,-0.027253668763102725,0.0
0.5945945945945946,0.2260458839406208,0.45255474452554745,-0.4698039215686275,0.45161290322580644,-0.46569994422755157,-0.22372881355932203,0.41143654114365413,-0.5726618705035972,0.4461942257217848,0.3018242122719735,-0.5152329749103942,0.6341798215511325,-0.08452722063037249,-0.35064935064935066,-0.5472027972027972,0.034504004929143565,-0.27210365853658536,0.4456118665018541,-0.2277722277722278,-0.44025157232704404,0.0
0.5955955955955956,-0.06072874493927125,0.5875912408759124,-0.3686274509803922,0.15170008718395814,-0.7423312883435583,0.3050847457627119,0.23849372384937242,0.053237410071942444,0.5161854768153981,0.3316749585406302,-0.4157706093189964,0.5428963623884695,-0.42836676217765046,-0.4728453364817002,-0.1555944055944056,-0.19531731361675908,-0.011432926829268292,0.27812113720642767,0.17082917082917087,-0.11215932914046121,0.0
0.5965965965965966,0.14102564102564102,0.5875912408759124,-0.013333333333333336,0.24237140366172627,-0.32515337423312884,0.06440677966101695,0.5913528591352859,-0.3676258992805756,0.326334208223972,0.0945273631840796,-0.15591397849462363,0.4474948524365134,-0.504297994269341,-0.31345926800472257,-0.4988344988344988,-0.20517560073937155,-0.1646341463414634,0.3621755253399258,-0.07892107892107893,-0.3448637316561845,0.0
0.5975975975975976,0.6194331983805669,0.4671532846715329,-0.3498039215686275,0.6556233653007847,-0.33073061907417733,-0.592090395480226,0.5592747559274757,-0.6273381294964029,0.32983377077865267,0.25870646766169153,-0.4659498207885304,0.3884694577899794,-0.4183381088825215,-0.18654073199527746,-0.44813519813519814,-0.4584103512014787,-0.14024390243902438,0.7589616810877626,-0.34765234765234765,-0.3888888888888889,0.0
0.5985985985985987,0.5006747638326585,0.7883211678832117,-0.5074509803921569,0.33565823888404533,-0.43837144450641385,-0.2745762711864407,0.5383542538354255,-0.4000000000000001,0.2659667541557305,0.2769485903814262,-0.35304659498207885,0.6437886067261496,-0.5458452722063037,-0.4167650531286895,-0.46212121212121215,-0.26863832409118915,-0.05030487804878049,0.6953028430160691,-0.15184815184815187,-0.2379454926624738,0.0
0.5995995995995996,0.50472334682861,0.3564476885644769,0.29647058823529415,0.3121185701830863,-0.01728945900725042,-0.19435028248587569,0.18410041841004185,-0.5748201438848921,-0.1321084864391951,0.32006633499170817,0.12455197132616487,0.5689773507206588,-0.2163323782234957,0.020661157024793392,-0.6060606060606061,-0.5274183610597658,-0.29573170731707316,0.411619283065513,-0.4255744255744256,-0.30083857442348005,0.0
0.6006006006006006,-0.3387314439946019,0.45863746958637475,-0.5858823529411765,0.15867480383609414,-0.8025655326268823,-0.24971751412429377,0.6415620641562064,0.11079136690647483,0.7567804024496938,0.2802653399668325,-0.7732974910394265,0.4166094715168153,-0.01002865329512894,-0.7018890200708383,0.04895104895104895,-0.011090573012939002,0.3986280487804878,0.26390605686032137,0.5064935064935066,0.13941299790356396,0.0
0.6016016016016016,0.15856950067476383,0.4136253041362531,-0.28,0.3888404533565824,-0.5064138315672059,-0.2734463276836158,0.5299860529986054,-0.4669064748201439,0.3937007874015748,0.1824212271973466,-0.3154121863799283,0.44200411805078926,-0.23352435530085963,-0.4132231404958678,-0.4562937062937063,-0.1367837338262477,-0.25228658536585363,0.4629171817058096,-0.08791208791208792,-0.13626834381551364,0.0
0.6026026026026026,0.6815114709851552,0.5912408759124088,-0.25882352941176473,0.6190061028770706,-0.09983268265476855,-0.3073446327683616,0.4504881450488145,-0.80863309352518,0.10236220472440945,0.29519071310116085,-0.271505376344086,0.6341798215511325,-0.3209169054441261,-0.11216056670602126,-0.506993006993007,-0.45779420825631545,-0.274390243902439,0.5970333745364648,-0.30369630369630374,-0.5356394129979036,0.0
0.6036036036036037,0.4352226720647773,0.4343065693430657,-0.12705882352941178,0.5815170008718396,-0.192414947016174,-0.2790960451977401,0.5564853556485356,-0.5597122302158274,0.012248468941382326,0.3034825870646766,-0.14784946236559138,0.3692518874399451,-0.2593123209169054,-0.14344746162927982,-0.8403263403263403,-0.10412815773259397,-0.3513719512195122,0.453646477132262,-0.5594405594405596,-0.5953878406708595,0.0
0.6046046046046046,0.27935222672064774,0.6253041362530414,-0.19450980392156864,0.5579773321708805,-0.3803680981595092,-0.0519774011299435,0.5815899581589958,-0.6633093525179857,0.40857392825896766,-0.05472636815920399,-0.41666666666666663,0.578586135895676,-0.498567335243553,-0.4580873671782763,-0.6142191142191142,-0.059149722735674676,-0.24009146341463414,0.5067985166872682,-0.32467532467532473,-0.5262054507337527,0.0
0.6056056056056056,-0.06882591093117409,0.41849148418491483,-0.24862745098039218,0.40802092414995644,-0.5365309537088678,-0.18757062146892656,0.20781032078103207,-0.32517985611510797,0.4313210848643919,0.3349917081260365,-0.46146953405017915,0.5737817433081674,-0.37822349570200575,-0.4657615112160567,-0.5384615384615385,-0.043746149106592726,-0.036585365853658534,0.2898640296662546,-0.2737262737262738,-0.35534591194968557,0.0
0.6066066066066066,0.023616734143049933,0.4951338199513382,-0.07686274509803923,0.44725370531822145,-0.37702175125488013,-0.2214689265536723,0.400278940027894,-0.5856115107913669,0.41557305336832895,0.003316749585406302,-0.29121863799283154,0.5442690459849004,-0.48997134670487114,-0.4415584415584416,-0.5635198135198135,-0.038817005545286505,-0.1211890243902439,0.32447466007416564,-0.1158841158841159,-0.4444444444444445,0.0
0.6076076076076076,0.07692307692307693,0.31630170316301703,-0.3780392156862745,0.4158674803836094,-0.5052983825989962,-0.2271186440677966,0.20362622036262204,-0.37913669064748207,0.15398075240594924,0.3250414593698176,-0.40681003584229386,0.7240905971173643,0.012893982808022923,-0.32821723730814645,-0.4970862470862471,0.03512014787430684,-0.125,0.2187886279357231,-0.05494505494505495,-0.26624737945492666,0.0
0.6086086086086087,-0.0775978407557355,0.23357664233576644,0.31607843137254904,0.37053182214472535,-0.27105409927495816,-0.05762711864406779,-0.040446304044630406,-0.3129496402877698,0.2887139107611549,0.05140961857379768,0.10663082437275984,0.7920384351406999,-0.17621776504297995,-0.3276269185360095,-0.6678321678321678,0.009242144177449167,-0.3338414634146341,0.18912237330037082,-0.32267732267732274,-0.29874213836477986,0.0
0.6096096096096096,0.34480431848852905,0.9136253041362531,-0.40313725490196084,0.43330427201394944,-0.3803680981595092,-0.3525423728813559,0.6234309623430963,-0.537410071942446,0.5940507436570429,0.6451077943615258,-0.6173835125448027,0.49210706932052156,-1.0,-0.44569067296340026,-0.30361305361305363,-0.14479359211337028,0.03887195121951219,0.6001236093943139,-0.004995004995004996,-0.23060796645702308,0.0
0.6106106106106106,0.022941970310391364,0.305352798053528,-0.3043137254901961,0.23190932868352224,-0.4974902398215282,-0.06666666666666667,0.391910739191074,-0.24460431654676262,0.4103237095363079,0.27031509121061364,-0.35304659498207885,0.5243651338366506,-0.0071633237822349575,-0.409681227863046,-0.2884615384615385,-0.10597658656808379,-0.09984756097560976,0.33559950556242274,0.2107892107892108,0.12473794549266247,0.0
0.6116116116116116,0.3333333333333333,0.5656934306569343,-0.4603921568627451,0.6163905841325196,-0.5705521472392637,-0.1367231638418079,0.403068340306834,-0.3,0.16360454943132108,0.08955223880597016,-0.5842293906810035,0.48867536032944403,-0.5659025787965617,-0.4964580873671783,-0.3886946386946387,-0.14910659272951324,-0.1410060975609756,0.5889987639060568,-0.15784215784215785,-0.2578616352201258,0.0
0.6126126126126126,0.24898785425101214,0.47080291970802923,-0.09176470588235296,0.6904969485614647,-0.48856664807585054,0.0711864406779661,0.47698744769874485,-0.4352517985611511,0.5196850393700787,0.39635157545605304,-0.2526881720430107,0.5538778311599176,-0.3696275071633238,-0.2886658795749705,-0.5687645687645687,-0.06531115218730746,-0.20579268292682928,0.3399258343634116,-0.3576423576423577,-0.5324947589098533,0.0
0.6136136136136137,0.15587044534412955,0.45498783454987834,-0.17176470588235296,0.49782040104620745,-0.43279419966536536,-0.14915254237288136,0.15341701534170155,-0.43597122302158275,0.5958005249343833,0.6334991708126037,-0.332437275985663,0.6973232669869595,-0.19627507163323785,-0.33530106257378983,-0.6462703962703963,-0.08317929759704253,-0.2103658536585366,0.41656365883807167,-0.4185814185814186,-0.6310272536687631,0.0
0.6146146146146146,-0.07692307692307693,0.5036496350364964,-0.0611764705882353,0.5640802092414996,-0.5231455660903513,-0.43163841807909603,0.43933054393305443,-0.2841726618705036,0.5669291338582677,0.11608623548922058,-0.3207885304659498,0.5442690459849004,-0.5229226361031519,-0.5230224321133412,-0.36305361305361306,-0.20209488601355516,-0.11432926829268292,0.4363411619283065,-0.1158841158841159,-0.3259958071278826,0.0
0.6156156156156156,0.23886639676113358,0.5669099756690998,-0.5011764705882353,0.5387968613775065,-0.5989960959286114,-0.3559322033898305,0.41143654114365413,-0.4330935251798561,0.5048118985126858,-0.01990049751243781,-0.5582437275985662,0.4948524365133836,-0.4154727793696275,-0.5247933884297521,-0.4557109557109557,-0.19963031423290203,-0.09603658536585366,0.6100123609394313,-0.17582417582417584,-0.46855345911949686,0.0
0.6166166166166166,0.3704453441295547,0.8540145985401459,-0.2627450980392157,0.44115082824760243,-0.3195761293920803,-0.16045197740112993,0.5313807531380753,-0.42805755395683454,0.4803149606299213,0.5323383084577115,-0.3440860215053763,0.43857240905971173,-0.5415472779369628,-0.24380165289256198,-0.38461538461538464,-0.17929759704251386,-0.07469512195121951,0.45302843016069216,0.09690309690309691,-0.30398322851153037,0.0
0.6176176176176176,-0.06680161943319839,0.12530413625304138,-0.21254901960784317,0.5231037489102005,-0.3814835471277189,-0.26101694915254237,0.3570432357043236,-0.3784172661870504,0.279090113735783,-0.10447761194029852,-0.45250896057347667,0.5257378174330817,0.14326647564469916,-0.40909090909090906,-0.4726107226107227,0.026494146642020946,-0.17682926829268292,0.25092707045735474,-0.3376623376623377,-0.39622641509433965,0.0
0.6186186186186187,0.5350877192982456,0.6009732360097324,-0.32862745098039214,0.5318221447253705,-0.38761851645287226,-0.37401129943502825,0.6694560669456067,-0.5906474820143885,0.39195100612423445,0.04311774461028192,-0.26075268817204295,0.4866163349347975,-0.5830945558739254,-0.3524203069657615,-0.46270396270396275,-0.27418361059765867,-0.3018292682926829,0.6724351050679852,-0.1058941058941059,-0.3081761006289308,0.0
0.6196196196196196,0.23144399460188936,0.26763990267639903,-0.31686274509803924,0.33129904097646035,-0.4662576687116564,-0.3502824858757062,0.4811715481171548,-0.302158273381295,0.5686789151356081,0.1956882255389718,-0.496415770609319,0.44063143445435826,-0.06160458452722063,-0.449232585596222,-0.35664335664335667,0.0012322858903265558,-0.04496951219512195,0.45611866501854137,-0.09190809190809192,-0.3071278825995807,0.0
0.6206206206206206,0.6443994601889339,0.7408759124087592,0.08705882352941177,0.2598081952920662,-0.1689905186837702,-0.2406779661016949,0.6122733612273361,-0.48273381294964035,0.12248468941382329,0.17744610281923714,0.047491039426523295,0.3582704186684969,-0.6031518624641834,-0.14285714285714285,-0.5996503496503496,-0.34812076401725195,-0.3086890243902439,0.5092707045735475,-0.4205794205794206,-0.3050314465408805,0.0
0.6216216216216216,0.02564102564102564,0.5790754257907542,-0.39529411764705885,0.3138622493461203,-0.5850529838259899,-0.26440677966101694,0.199442119944212,-0.27625899280575544,0.9343832020997376,0.3548922056384743,-0.4686379928315412,0.5078929306794784,-0.30515759312320917,-0.6605667060212514,-0.3100233100233101,0.08934072704867528,0.08917682926829268,0.5723114956736712,0.06293706293706294,-0.1509433962264151,0.0
0.6226226226226226,0.21390013495276652,0.5012165450121655,-0.08627450980392158,0.38448125544899736,-0.2559955382041272,0.030508474576271184,0.11436541143654115,-0.823021582733813,0.26071741032370954,0.4228855721393035,-0.12007168458781362,0.6794783802333562,-0.021489971346704873,-0.20779220779220778,-0.8601398601398601,0.08256315465187924,-0.2789634146341463,0.3516687268232385,-0.5074925074925075,-0.5712788259958071,0.0
0.6236236236236237,-0.20985155195681512,0.2725060827250608,-0.4854901960784314,0.23278116826503925,-0.6575571667596208,-0.07005649717514124,0.3333333333333333,-0.26762589928057556,0.505686789151356,0.26865671641791045,-0.5806451612903225,0.5195607412491421,-0.16762177650429802,-0.5271546635182999,-0.34848484848484845,0.3099199014171288,0.04268292682926829,0.1334981458590853,-0.06193806193806194,-0.10377358490566038,0.0
0.6246246246246246,0.27800269905533065,0.24087591240875916,-0.05176470588235295,0.3138622493461203,-0.28053541550474065,-0.029378531073446325,0.11436541143654115,-0.1956834532374101,-0.00699912510936133,0.21227197346600332,-0.14068100358422939,0.578586135895676,-0.15616045845272208,-0.1463990554899646,-0.31293706293706297,-0.37707948243992606,-0.31935975609756095,0.21260815822002468,0.06993006993006995,-0.18238993710691823,0.0
0.6256256256256256,0.20850202429149797,0.4221411192214112,-0.2415686274509804,0.4036617262423714,-0.35861684327942,-0.19435028248587569,0.4351464435146444,-0.2877697841726619,0.10236220472440945,-0.03814262023217247,-0.32347670250896055,0.48043925875085786,-0.2163323782234957,-0.32644628099173556,-0.31293706293706297,-0.19100431300061615,-0.21189024390243905,0.3627935723114956,-0.18681318681318684,-0.14779874213836477,0.0
0.6266266266266266,0.3117408906882591,0.5206812652068127,-0.18823529411764706,0.3940714908456844,-0.41383156720580033,0.0519774011299435,0.22175732217573224,-0.39640287769784177,0.42607174103237094,0.4411276948590382,-0.2240143369175627,0.5950583390528483,-0.5358166189111748,-0.25560802833530105,-0.6194638694638694,-0.0696241528034504,-0.15167682926829268,0.3875154511742892,-0.32767232767232773,-0.429769392033543,0.0
0.6276276276276276,0.13562753036437247,0.3746958637469587,-0.07764705882352942,0.5780296425457716,-0.33184606804238703,-0.2192090395480226,0.19386331938633197,-0.43165467625899284,0.07611548556430446,0.42951907131011613,-0.18637992831541217,0.5394646533973919,-0.42263610315186245,-0.256198347107438,-0.6247086247086248,-0.15403573629081946,-0.2736280487804878,0.3980222496909765,-0.4265734265734266,-0.6174004192872118,0.0
0.6286286286286287,0.22672064777327938,0.6350364963503651,-0.3921568627450981,0.5588491717523976,-0.577244841048522,-0.14463276836158193,0.6108786610878661,-0.21079136690647482,0.7279090113735782,0.6550580431177446,-0.5107526881720429,0.42759094028826355,-0.6676217765042981,-0.4297520661157025,-0.38228438228438233,-0.04867529266789895,-0.08765243902439024,0.4876390605686032,-0.06193806193806194,-0.21593291404612158,0.0
0.6296296296296297,0.13562753036437247,0.637469586374696,-0.4298039215686275,0.5065387968613775,-0.7189068600111544,-0.2485875706214689,0.34449093444909346,-0.18992805755395686,0.6552930883639545,-0.07296849087893864,-0.5806451612903225,0.5881949210706932,-0.3997134670487107,-0.6605667060212514,-0.4382284382284382,0.14417744916820704,-0.0007621951219512195,0.5395550061804697,-0.04895104895104896,-0.2788259958071279,0.0
0.6306306306306306,0.3036437246963563,0.5036496350364964,-0.7050980392156864,0.5387968613775065,-0.5370886781929727,-0.1694915254237288,0.49232914923291493,-0.43237410071942445,0.5993000874890639,0.09286898839137646,-0.6129032258064516,0.45710363761153056,-0.12464183381088825,-0.577922077922078,-0.3694638694638695,-0.09365372766481823,-0.17530487804878048,0.5686032138442522,-0.1078921078921079,-0.4538784067085954,0.0
0.6316316316316316,-0.0708502024291498,0.34428223844282235,-0.5843137254901961,0.34960767218831734,-0.5175683212493029,0.031638418079096044,0.4365411436541144,-0.4302158273381295,0.6447944006999125,0.19237147595356552,-0.5600358422939068,0.5545641729581332,-0.027220630372492838,-0.5820543093270366,-0.40034965034965037,0.1398644485520641,-0.008384146341463413,0.2917181705809641,-0.15784215784215785,-0.13731656184486374,0.0
0.6326326326326326,-0.18083670715249664,0.3454987834549878,-0.5270588235294118,0.6503923278116827,-0.7473508087005021,0.021468926553672316,0.4909344490934449,-0.15683453237410072,0.4558180227471566,0.11276948590381428,-0.6075268817204301,0.540837336993823,-0.04154727793696276,-0.5974025974025974,-0.4603729603729604,0.2138016019716574,-0.06783536585365853,0.242274412855377,-0.20179820179820182,-0.4360587002096436,0.0
0.6336336336336337,0.24898785425101214,0.6435523114355232,0.13098039215686277,0.5405405405405406,-0.27495817066369216,-0.02598870056497175,0.12412831241283125,-0.42949640287769786,0.22659667541557305,0.18407960199004975,0.03315412186379928,0.6101578586135895,-0.3237822349570201,-0.19598583234946873,-0.7027972027972028,-0.34134319162045595,-0.3475609756097561,0.46662546353522866,-0.4585414585414586,-0.5953878406708595,0.0
0.6346346346346347,0.456140350877193,0.4391727493917275,-0.19764705882352943,0.6277244986922406,-0.3920803123257111,-0.2734463276836158,0.4476987447698745,-0.8316546762589928,0.3079615048118985,-0.12106135986733,-0.42831541218637986,0.47906657515442685,0.07020057306590259,-0.3742621015348288,-0.5472027972027972,-0.37707948243992606,-0.13185975609756095,0.7262051915945612,-0.4295704295704296,-0.5765199161425577,0.0
0.6356356356356356,0.1417004048582996,0.40267639902676405,-0.17333333333333334,0.4315605928509154,-0.4551031790295594,-0.0983050847457627,0.44211994421199446,-0.2338129496402878,0.4689413823272091,-0.27860696517412936,-0.3817204301075268,0.4893617021276595,-0.41260744985673353,-0.4698937426210154,-0.19114219114219116,-0.4343807763401109,-0.1333841463414634,0.4480840543881335,0.05594405594405595,0.020964360587002098,0.0
0.6366366366366366,0.3866396761133603,0.5948905109489051,-0.4054901960784314,0.6992153443766347,-0.13552704963747908,-0.1310734463276836,0.5397489539748954,-0.8467625899280576,0.07961504811898512,0.0845771144278607,-0.26344086021505375,0.579958819492107,-0.6590257879656162,-0.20011806375442742,-0.7727272727272728,-0.17744916820702403,-0.2919207317073171,0.5432632880098888,-0.7382617382617384,-0.7966457023060797,0.0
0.6376376376376376,0.52361673414305,0.6350364963503651,-0.018823529411764708,0.45422842197035745,-0.07975460122699386,-0.19999999999999998,0.3863319386331939,-0.7330935251798562,0.08661417322834646,0.3018242122719735,-0.1442652329749104,0.5833905284831846,-0.2722063037249284,-0.11924439197166471,-0.7902097902097903,-0.23598274799753544,-0.14329268292682926,0.5358467243510506,-0.3156843156843157,-0.47484276729559755,0.0
0.6386386386386387,0.7165991902834008,0.8369829683698297,-0.11294117647058824,0.6730601569311246,-0.28667038482989404,-0.16836158192090395,0.4198047419804742,-0.7122302158273381,-0.006124234470691163,0.1658374792703151,-0.17204301075268816,0.579958819492107,-0.5859598853868195,-0.13813459268004724,-0.8024475524475525,-0.3696857670979667,-0.26981707317073167,0.6971569839307786,-0.6363636363636365,-0.669811320754717,0.0
0.6396396396396397,0.43319838056680166,0.3369829683698297,-0.29647058823529415,0.5030514385353094,-0.33240379252649194,-0.09152542372881356,0.43235704323570434,-0.5151079136690647,0.24671916010498685,0.16749585406301826,-0.29032258064516125,0.43376801647220314,-0.19627507163323785,-0.24203069657615112,-0.6625874125874126,-0.03573629081947012,-0.22179878048780485,0.4783683559950556,-0.5134865134865135,-0.41823899371069184,0.0
0.6406406406406406,0.819838056680162,0.7335766423357665,-0.2423529411764706,0.6625980819529207,-0.3301728945900725,-0.3367231638418079,0.599721059972106,-0.6359712230215828,0.4881889763779528,0.35820895522388063,-0.3494623655913978,0.5374056280027454,-0.48567335243553017,-0.2668240850059032,-0.5716783216783217,-0.4276032039433148,-0.15853658536585363,0.7978986402966625,-0.2657342657342658,-0.60062893081761,0.0
0.6416416416416416,-0.2651821862348178,0.38929440389294406,-0.13411764705882354,0.2074978204010462,-0.5750139431121026,0.05875706214689265,0.45188284518828453,-0.03453237410071943,0.39282589676290464,0.263681592039801,-0.278673835125448,0.4625943719972546,-0.004297994269340974,-0.42502951593860683,-0.39860139860139865,0.1367837338262477,-0.11280487804878048,0.09208899876390604,0.02397602397602398,-0.0041928721174004195,0.0
0.6426426426426426,0.058029689608636977,0.21654501216545013,-0.17411764705882354,0.3147340889276373,-0.4249860568878974,-0.05423728813559322,0.26917712691771273,-0.1539568345323741,0.35870516185476814,0.23383084577114427,-0.278673835125448,0.4591626630061771,0.09169054441260746,-0.3223140495867769,-0.27913752913752915,-0.2920517560073937,-0.03048780487804878,0.2360939431396786,0.15484515484515485,-0.1310272536687631,0.0
0.6436436436436437,0.4426450742240216,0.6630170316301705,-0.7152941176470589,0.5762859633827376,-0.47908533184606805,-0.38757062146892657,0.6248256624825663,-0.5784172661870505,0.4986876640419947,0.2769485903814262,-0.71415770609319,0.36032944406314343,-0.16905444126074498,-0.5312868949232585,-0.20104895104895104,-0.23906346272335183,0.024390243902439025,0.7509270704573547,0.017982017982017984,-0.31446540880503143,0.0
0.6446446446446447,0.28609986504723345,0.6009732360097324,-0.33568627450980393,0.30078465562336526,-0.4071388733965421,-0.2350282485875706,0.09623430962343098,-0.36906474820143886,0.11723534558180228,0.1359867330016584,-0.23924731182795697,0.5175017158544956,0.04584527220630373,-0.34238488783943327,-0.4213286713286713,-0.2452248921749846,-0.19664634146341464,0.47775030902348575,0.1208791208791209,-0.05660377358490566,0.0
0.6456456456456456,0.41025641025641024,0.6508515815085159,-0.4831372549019608,0.5239755884917175,-0.4941438929168991,-0.0711864406779661,0.6011157601115761,-0.4287769784172662,0.38232720909886264,0.10613598673300166,-0.586021505376344,0.2862045298558682,-0.22206303724928367,-0.48110979929161746,-0.5227272727272727,-0.06284658040665433,-0.1524390243902439,0.6007416563658837,-0.2197802197802198,-0.4004192872117401,0.0
0.6466466466466466,0.4426450742240216,0.6447688564476887,-0.29803921568627456,0.6146469049694856,-0.3742331288343559,-0.11525423728813558,0.3556485355648536,-0.8848920863309353,0.3359580052493438,0.31011608623548925,-0.26344086021505375,0.765271105010295,-0.45128939828080233,-0.33766233766233766,-0.6905594405594406,-0.18299445471349352,-0.3140243902439024,0.5290482076637824,-0.5764235764235764,-0.60062893081761,0.0
0.6476476476476476,0.29554655870445345,0.25790754257907544,-0.4219607843137255,0.5876198779424586,-0.5448968209704406,-0.30621468926553674,0.5230125523012552,-0.41870503597122305,0.3963254593175853,-0.07628524046434494,-0.3709677419354838,0.4488675360329444,0.07306590257879657,-0.48229043683589135,-0.6019813519813519,0.11768330252618607,-0.11432926829268292,0.503708281829419,-0.4185814185814186,-0.4308176100628931,0.0
0.6486486486486487,0.057354925775978415,0.5158150851581509,-0.623529411764706,0.38099389712292936,-0.48243167875069715,-0.0768361581920904,0.2928870292887029,-0.27050359712230215,0.5896762904636921,0.2139303482587065,-0.6030465949820788,0.46808510638297873,-0.22492836676217767,-0.5484061393152303,-0.2698135198135198,0.027726432532347505,-0.09679878048780488,0.35043263288009885,0.17482517482517484,-0.1058700209643606,0.0
0.6496496496496497,-0.056680161943319846,0.3795620437956205,-0.0611764705882353,0.5074106364428944,-0.2933630786391523,0.06101694915254237,0.13249651324965134,-0.37338129496402883,0.26771653543307083,0.40796019900497515,-0.19623655913978494,0.7426218256691832,-0.22779369627507165,-0.2449822904368359,-0.4720279720279721,-0.10536044362292053,-0.19817073170731708,0.1699629171817058,-0.3126873126873127,-0.4811320754716982,0.0
0.6506506506506506,0.5128205128205129,0.708029197080292,-0.23686274509803923,0.5841325196163906,-0.5298382598996096,-0.29491525423728815,0.004184100418410042,-0.27841726618705037,0.5135608048993875,0.6998341625207297,-0.325268817204301,0.6005490734385723,-0.6776504297994269,-0.384887839433294,-0.47377622377622375,-0.31916204559457795,-0.20045731707317074,0.7181705809641532,-0.1288711288711289,-0.3480083857442348,0.0
0.6516516516516516,-0.09784075573549257,0.41240875912408764,-0.4690196078431373,0.49782040104620745,-0.6480758505298383,-0.1672316384180791,0.200836820083682,-0.21151079136690648,0.5809273840769904,-0.01824212271973466,-0.5546594982078853,0.5346602608098833,-0.014326647564469915,-0.6204250295159386,-0.3904428904428905,0.25939617991374,-0.05716463414634146,0.2873918417799753,-0.025974025974025976,-0.2589098532494759,0.0
0.6526526526526526,0.194331983805668,0.3236009732360098,0.05490196078431373,0.5448997384481256,-0.2297824874511991,-0.05875706214689265,0.40446304044630405,-0.2985611510791367,0.12160979877515311,-0.006633499170812604,-0.09229390681003583,0.4866163349347975,-0.24498567335243557,-0.21133412042502953,-0.4755244755244755,-0.29266789895255696,-0.3018292682926829,0.30407911001236093,-0.3976023976023977,-0.5356394129979036,0.0
0.6536536536536537,0.2854251012145749,0.2712895377128954,-0.021176470588235297,0.4699215344376635,-0.25543781372002233,0.28700564971751413,0.25523012552301255,-0.21079136690647482,0.009623797025371828,0.175787728026534,-0.12275985663082437,0.4426904598490048,-0.01862464183381089,-0.14049586776859505,-0.3554778554778555,-0.3210104744300678,-0.3285060975609756,0.20395550061804696,-0.15284715284715286,-0.2966457023060797,0.0
0.6546546546546547,0.5620782726045884,0.8661800486618005,-0.40313725490196084,0.4027898866608544,-0.569436698271054,-0.288135593220339,0.5202231520223152,-0.18561151079136692,0.3657042869641295,0.49585406301824214,-0.4444444444444444,0.30130404941660943,-0.5429799426934098,-0.3707201889020071,-0.2674825174825175,-0.47504621072088726,0.04192073170731707,0.7867737948084054,0.2157842157842158,-0.18658280922431866,0.0
0.6556556556556556,0.2280701754385965,0.5839416058394161,-0.02431372549019608,0.3225806451612903,-0.39486893474623536,0.10508474576271186,0.35285913528591356,-0.36690647482014394,0.46194225721784776,0.5190713101160862,-0.1164874551971326,0.5538778311599176,-0.4914040114613181,-0.25088547815820544,-0.6812354312354313,-0.06161429451632779,-0.20503048780487806,0.39245982694684795,-0.3206793206793207,-0.4874213836477988,0.0
0.6566566566566566,-0.2213225371120108,0.2299270072992701,-0.33647058823529413,0.17000871839581516,-0.641940881204685,-0.19096045197740114,0.12273361227336123,-0.13237410071942446,0.4986876640419947,0.5903814262023217,-0.3826164874551971,0.608098833218943,-0.10458452722063037,-0.5608028335301063,-0.26573426573426573,-0.038817005545286505,0.05945121951219512,0.22558714462299131,0.16883116883116886,0.07232704402515724,0.0
0.6576576576576577,0.655195681511471,0.8296836982968371,-0.19686274509803922,0.3853530950305144,-0.2788622420524261,-0.3694915254237288,0.5564853556485356,-0.702158273381295,0.2615923009623797,0.4129353233830846,-0.3897849462365591,0.5332875772134523,-0.7550143266475645,-0.2668240850059032,-0.5693473193473193,-0.2982131854590265,-0.16692073170731705,0.6903584672435105,-0.2557442557442558,-0.2138364779874214,0.0
0.6586586586586587,0.7753036437246964,0.7433090024330901,-0.15843137254901962,0.6216216216216216,-0.32738427216954824,-0.5152542372881356,0.6596931659693166,-0.5661870503597123,0.10498687664041995,0.07960199004975124,-0.33602150537634407,0.4310226492793411,-0.7306590257879657,-0.3040141676505313,-0.393939393939394,-0.7387553912507702,-0.28810975609756095,0.9962917181705809,-0.32767232767232773,-0.3731656184486373,0.0
0.6596596596596597,0.3792172739541161,0.5048661800486618,-0.21254901960784317,0.49171752397558843,-0.25153374233128833,-0.26101694915254237,0.5118549511854952,-0.5748201438848921,0.3569553805774278,0.4195688225538972,-0.24372759856630824,0.5394646533973919,-0.4742120343839542,-0.2089728453364817,-0.5023310023310024,-0.3173136167590881,-0.3178353658536585,0.44684796044499375,-0.2577422577422578,-0.4245283018867925,0.0
0.6606606606606606,0.07624831309041835,0.13260340632603407,-0.2423529411764706,0.3888404533565824,-0.5488008923591746,-0.21468926553672316,0.13528591352859137,-0.3697841726618705,0.331583552055993,0.13101160862354894,-0.289426523297491,0.6801647220315716,-0.012893982808022923,-0.5200708382526564,-0.5081585081585082,0.0973505853357979,-0.12804878048780488,0.3127317676143387,-0.12187812187812189,-0.36163522012578614,0.0
0.6616616616616616,0.3974358974358974,0.6751824817518249,-0.006274509803921569,0.36965998256320837,-0.3413273842721696,-0.11864406779661016,0.5606694560669456,-0.4266187050359712,0.3622047244094488,0.3067993366500829,-0.16845878136200715,0.397391901166781,-0.3194842406876791,-0.23199527744982293,-0.5565268065268065,-0.12939001848428835,-0.2507621951219512,0.47404202719406674,-0.034965034965034975,-0.11844863731656186,0.0
0.6626626626626627,0.05195681511470985,0.2445255474452555,-0.05725490196078432,0.33914559721011334,-0.29503625209146683,-0.22259887005649717,0.16317991631799164,-0.24676258992805758,0.1994750656167979,-0.024875621890547265,-0.10663082437275984,0.5380919698009609,-0.39541547277936967,-0.2603305785123967,-0.3356643356643356,-0.2094886013555145,-0.20807926829268295,0.22929542645241036,0.05494505494505495,-0.2620545073375262,0.0
0.6636636636636637,0.45479082321187586,0.4197080291970803,0.007058823529411765,0.4202266782911944,-0.12325711098717235,-0.17401129943502824,0.21338912133891214,-0.6877697841726619,0.060367454068241476,0.3283582089552239,-0.07616487455197132,0.5724090597117364,-0.4154727793696275,-0.06965761511216056,-0.773892773892774,-0.18052988293284042,-0.3041158536585366,0.38442521631644,-0.5164835164835165,-0.5356394129979036,0.0
0.6646646646646647,0.0465587044534413,0.5425790754257908,-0.592156862745098,0.3583260680034873,-0.6564417177914111,-0.40338983050847455,0.5788005578800558,-0.2237410071942446,0.952755905511811,0.648424543946932,-0.621863799283154,0.36032944406314343,-0.7005730659025788,-0.6717827626918536,-0.175990675990676,-0.07393715341959334,0.23704268292682926,0.5686032138442522,0.059940059940059943,-0.2348008385744235,0.0
0.6656656656656657,-0.06342780026990553,0.4233576642335766,-0.2580392156862745,0.5047951176983435,-0.6185164528722811,-0.07344632768361582,0.36262203626220363,-0.05683453237410072,0.4461942257217848,0.22553897180762855,-0.35663082437275984,0.40562800274536714,-0.22349570200573068,-0.4964580873671783,-0.3403263403263403,-0.203943314849045,-0.11204268292682926,0.35784919653893693,0.06793206793206795,-0.29559748427672955,0.0
0.6666666666666666,0.34615384615384615,0.7469586374695864,-0.3223529411764706,0.3966870095902354,-0.3268265476854434,-0.0903954802259887,0.26220362622036264,-0.32014388489208634,0.3762029746281715,0.6600331674958542,-0.37813620071684584,0.6595744680851063,-0.6833810888252149,-0.3482880755608028,-0.22377622377622378,-0.237215033887862,-0.13490853658536583,0.4592088998763906,-0.02397602397602398,-0.16666666666666669,0.0
0.6676676676676677,0.28609986504723345,0.5425790754257908,-0.31137254901960787,0.5152571926765475,-0.6592303402119353,0.0327683615819209,0.6262203626220363,-0.32014388489208634,0.5555555555555556,0.2139303482587065,-0.4462365591397849,0.3205216197666438,-0.16189111747851004,-0.46694214876033063,-0.7097902097902098,-0.0585335797905114,-0.1608231707317073,0.572929542645241,-0.47252747252747257,-0.7222222222222222,0.0
0.6686686686686687,0.4068825910931174,0.5535279805352799,0.07372549019607844,0.3164777680906713,-0.27718906860011155,0.3389830508474576,0.504881450488145,-0.20143884892086333,-0.0699912510936133,0.1625207296849088,-0.013440860215053762,0.44543582704186685,-0.5401146131805158,-0.06080283353010626,-0.5891608391608392,-0.35366605052372146,-0.3094512195121951,0.30160692212608153,-0.33366633366633375,-0.3238993710691824,0.0
0.6696696696696697,0.47638326585695007,0.5437956204379563,0.29254901960784313,0.45771578029642546,-0.17401003904071388,-0.24971751412429377,0.3863319386331939,-0.5366906474820144,0.09011373578302712,0.2570480928689884,-0.06182795698924731,0.4001372683596431,-0.36819484240687683,-0.16587957497048408,-0.6031468531468531,-0.41096734442390637,-0.2896341463414634,0.69221260815822,-0.30369630369630374,-0.3259958071278826,0.0
0.6706706706706707,0.014844804318488529,0.5596107055961071,-0.17490196078431375,0.32868352223190933,-0.5025097601784718,-0.12203389830508474,0.3849372384937239,-0.0762589928057554,0.21959755030621173,-0.0812603648424544,-0.3422939068100358,0.4365133836650652,-0.1332378223495702,-0.44569067296340026,-0.36655011655011654,-0.11028958718422674,-0.15015243902439024,0.24103831891223731,-0.028971028971028975,-0.23270440251572327,0.0
0.6716716716716716,0.4898785425101215,0.6472019464720196,-0.06509803921568628,0.4123801220575414,-0.3028443948689348,0.07457627118644068,0.4881450488145049,-0.5956834532374101,0.30621172353455817,0.48424543946932,-0.1603942652329749,0.5250514756348661,-0.46275071633237824,-0.14403778040141677,-0.6783216783216783,-0.24645717806531117,-0.20198170731707318,0.5889987639060568,-0.6003996003996005,-0.59958071278826,0.0
0.6726726726726727,-0.06140350877192982,0.2299270072992701,-0.2627450980392157,0.3792502179598954,-0.41494701617401003,0.14689265536723164,0.31241283124128316,-0.12014388489208634,0.25896762904636916,-0.20563847429519072,-0.23028673835125446,0.48455730954015097,-0.13037249283667623,-0.3358913813459268,-0.40850815850815847,-0.10967344423906346,-0.31707317073170727,0.24598269468479605,-0.05394605394605395,-0.2117400419287212,0.0
0.6736736736736737,0.5769230769230769,0.5012165450121655,-0.23372549019607844,0.4036617262423714,-0.32515337423312884,-0.06440677966101695,0.3612273361227336,-0.39064748201438854,0.1242344706911636,0.07960199004975124,-0.15860215053763438,0.51681537405628,-0.6117478510028653,-0.19067296340023615,-0.5571095571095571,-0.4892174984596427,-0.2964939024390244,0.5741656365883807,-0.36063936063936064,-0.41404612159329146,0.0
0.6746746746746747,0.0553306342780027,0.3637469586374696,-0.43294117647058833,0.43940714908456846,-0.5493586168432795,-0.21016949152542372,-0.008368200836820085,-0.4079136690647482,0.363079615048119,0.36650082918739635,-0.5116487455197132,0.5113246396705559,-0.3223495702005731,-0.4592680047225502,-0.5396270396270396,0.17744916820702403,-0.09070121951219512,0.2676143386897404,-0.14485514485514486,-0.39727463312368977,0.0
0.6756756756756757,0.33468286099865047,0.6313868613138687,-0.27372549019607845,0.7009590235396688,-0.46569994422755157,-0.10508474576271186,0.5815899581589958,-0.4776978417266188,0.5503062117235346,-0.07462686567164178,-0.3539426523297491,0.37405628002745367,-0.42836676217765046,-0.5171192443919717,-0.5372960372960374,-0.3111521873074553,-0.15396341463414634,0.6260815822002471,-0.47952047952047955,-0.5807127882599582,0.0
0.6766766766766766,0.39203778677462886,0.5182481751824818,0.37960784313725493,0.4158674803836094,-0.16062465142219742,-0.08700564971751412,0.2649930264993027,-0.5776978417266188,0.42869641294838146,0.3598673300165838,0.08691756272401434,0.5490734385724091,-0.5530085959885387,-0.18417945690672963,-0.6940559440559441,-0.39186691312384475,-0.32469512195121947,0.5197775030902348,-0.4255744255744256,-0.6876310272536689,0.0
0.6776776776776777,0.07894736842105264,0.5097323600973236,-0.27372549019607845,0.4620749782040105,-0.5164528722810932,0.12090395480225988,0.35146443514644354,-0.420863309352518,0.326334208223972,0.31011608623548925,-0.33960573476702505,0.48524365133836644,-0.11604584527220632,-0.4031877213695396,-0.6346153846153846,0.17683302526186073,-0.1333841463414634,0.2156983930778739,-0.5174825174825175,-0.6719077568134172,0.0
0.6786786786786787,0.252361673414305,0.36009732360097324,0.17568627450980392,0.3862249346120314,-0.28332403792526495,0.07796610169491526,0.07531380753138076,-0.5395683453237411,-0.09186351706036745,0.26036484245439473,-0.013440860215053762,0.667124227865477,-0.19770773638968483,-0.15230224321133412,-0.8088578088578088,-0.1281577325939618,-0.34603658536585363,0.23733003708281827,-0.5924075924075924,-0.5974842767295597,0.0
0.6796796796796797,0.4520917678812416,0.7822384428223845,-0.8196078431372549,0.5605928509154315,-0.6380368098159509,-0.36271186440677966,0.8200836820083682,-0.40287769784172667,0.7611548556430446,0.4792703150912106,-1.0,0.33081674673987643,-0.5458452722063037,-0.5956316410861865,-0.0984848484848485,-0.2723351817621688,0.25228658536585363,0.8312731767614338,0.18781218781218784,-0.24737945492662475,0.0
0.6806806806806807,-0.24898785425101214,0.07542579075425791,-0.1231372549019608,0.3121185701830863,-0.32849972113775794,0.14463276836158193,0.05857740585774059,-0.10071942446043167,0.07611548556430446,0.01990049751243781,-0.20878136200716846,0.5682910089224433,0.06446991404011461,-0.24557260920897284,-0.31876456876456877,0.034504004929143565,-0.3361280487804878,-0.05624227441285537,-0.09890109890109891,-0.1729559748427673,0.0
0.6816816816816816,0.22874493927125508,0.5328467153284672,-0.019607843137254905,0.5021795989537925,-0.4846625766871166,0.015819209039548022,0.4295676429567643,-0.2654676258992806,0.3342082239720035,0.3167495854063018,-0.11200716845878135,0.4879890185312285,-0.20057306590257884,-0.30814639905548996,-0.6806526806526806,-0.13493530499075784,-0.2545731707317073,0.4375772558714462,-0.3266733266733267,-0.4968553459119497,0.0
0.6826826826826827,0.7064777327935222,0.8053527980535281,-0.22117647058823528,0.4455100261551874,-0.1377579475738985,-0.5514124293785311,0.7754532775453279,-0.8323741007194245,0.1373578302712161,0.029850746268656716,-0.3082437275985663,0.4770075497597803,-0.5716332378223496,-0.16351829988193625,-0.5576923076923077,-0.4165126309303759,-0.27515243902439024,0.7323856613102596,-0.4185814185814186,-0.5094339622641509,0.0
0.6836836836836837,0.3866396761133603,0.24330900243309006,0.10980392156862746,0.5292066259808195,-0.2230897936419409,-0.21016949152542372,0.195258019525802,-0.4496402877697842,0.16272965879265092,0.11111111111111112,-0.13351254480286737,0.5552505147563487,-0.030085959885386822,-0.16115702479338845,-0.5961538461538461,-0.2532347504621072,-0.3163109756097561,0.4474660074165636,-0.47352647352647353,-0.4549266247379455,0.0
0.6846846846846847,0.20850202429149797,0.489051094890511,-0.08470588235294119,0.5082824760244115,-0.3881762409369771,0.11186440677966102,0.2580195258019526,-0.3892086330935252,0.21609798775153105,0.4742951907131011,-0.1639784946236559,0.6231983527796843,-0.2593123209169054,-0.2963400236127509,-0.6713286713286712,-0.1392483056069008,-0.24695121951219512,0.3856613102595797,-0.5474525474525476,-0.5262054507337527,0.0
0.6856856856856857,0.14642375168690958,0.48540145985401467,-0.563921568627451,0.38099389712292936,-0.6140546569994423,0.13559322033898305,0.5662482566248257,-0.3913669064748202,0.4540682414698163,0.5174129353233831,-0.575268817204301,0.5113246396705559,-0.12607449856733524,-0.3069657615112161,-0.6433566433566434,0.19839802834257547,-0.0785060975609756,0.3906056860321384,-0.2277722277722278,-0.389937106918239,0.0
0.6866866866866866,0.3846153846153846,0.5754257907542579,0.04470588235294118,0.5344376634699215,-0.49581706636921363,0.09491525423728814,0.42538354253835425,-0.3848920863309353,0.3858267716535433,0.263681592039801,-0.04211469534050179,0.6904598490048044,-0.5673352435530087,-0.4380165289256198,-0.8368298368298368,-0.2341343191620456,-0.17530487804878048,0.6656365883807168,-0.5934065934065934,-0.7002096436058701,0.0
0.6876876876876877,0.08434547908232119,0.22384428223844283,-0.14666666666666667,0.34088927637314737,-0.4601226993865031,-0.20338983050847456,0.14225941422594143,-0.060431654676259,0.35870516185476814,0.2238805970149254,-0.3082437275985663,0.6650652024708305,-0.20916905444126074,-0.3665879574970484,-0.17657342657342656,-0.15650030807147258,-0.2629573170731707,0.1983930778739184,0.15284715284715286,-0.09958071278825996,0.0
0.6886886886886887,0.4109311740890688,0.6763990267639903,-0.1623529411764706,0.5719267654751525,-0.44116006692693815,-0.023728813559322035,0.47838214783821487,-0.46618705035971225,0.3875765529308836,0.2620232172470979,-0.2840501792114695,0.5518188057652711,-0.49283667621776506,-0.36186540731995276,-0.5425407925407926,-0.26863832409118915,-0.12347560975609756,0.5166872682323856,-0.3396603396603397,-0.5450733752620546,0.0
0.6896896896896897,-0.12955465587044535,0.08637469586374695,-0.23921568627450981,0.33565823888404533,-0.5387618516452872,0.19999999999999998,0.019525801952580198,-0.18057553956834535,0.25721784776902884,0.2620232172470979,-0.43458781362007165,0.7124227865477007,-0.06590257879656161,-0.34651711924439194,-0.29254079254079257,0.12446087492298213,-0.01448170731707317,0.027194066749072925,0.014985014985014986,-0.28301886792452835,0.0
0.6906906906906907,0.10256410256410256,0.4233576642335766,0.058823529411764705,0.4228421970357454,-0.3162297824874512,0.12768361581920903,0.34309623430962344,-0.0762589928057554,-0.10498687664041995,0.04311774461028192,-0.022401433691756272,0.5525051475634867,-0.24068767908309457,-0.11983471074380167,-0.5541958041958042,-0.21811460258780035,-0.3132621951219512,0.14833127317676142,-0.3156843156843157,-0.3406708595387841,0.0
0.6916916916916916,0.4230769230769231,0.4975669099756691,-0.09647058823529413,0.2781168265039233,-0.3641940881204685,-0.27005649717514124,0.7294281729428174,-0.6352517985611511,0.363079615048119,0.3466003316749585,-0.37992831541218636,0.3898421413864104,-0.31661891117478513,-0.2957497048406139,-0.5524475524475524,-0.11768330252618607,-0.20426829268292684,0.5976514215080345,-0.10089910089910091,-0.17190775681341722,0.0
0.6926926926926927,0.3643724696356276,0.4914841849148419,-0.3984313725490196,0.6660854402789886,-0.384829894032348,-0.0384180790960452,0.18688981868898188,-0.5050359712230216,0.19335083114610674,-0.19900497512437812,-0.3163082437275985,0.7412491420727523,-0.3295128939828081,-0.41735537190082644,-0.4574592074592075,-0.281577325939618,-0.25685975609756095,0.4894932014833127,-0.15284715284715286,-0.5094339622641509,0.0
0.6936936936936937,0.31106612685560053,0.5291970802919709,-0.22980392156862745,0.6102877070619006,-0.3881762409369771,-0.11977401129943502,0.35285913528591356,-0.4690647482014389,0.1679790026246719,0.09950248756218906,-0.3028673835125448,0.5065202470830473,-0.12750716332378223,-0.27272727272727276,-0.7062937062937062,-0.06777572396796057,-0.3086890243902439,0.3745364647713226,-0.5074925074925075,-0.5031446540880503,0.0
0.6946946946946947,-0.1592442645074224,0.023114355231143552,-0.1450980392156863,0.24847428073234523,-0.5309537088678193,0.13220338983050847,0.13389121338912136,-0.10071942446043167,0.5800524934383202,0.20398009950248758,-0.27329749103942647,0.6149622512010982,0.07449856733524356,-0.3961038961038961,-0.2529137529137529,-0.03203943314849045,0.03125,0.16131025957972805,0.17682317682317683,-0.1058700209643606,0.0
0.6956956956956957,0.363697705802969,0.6508515815085159,-0.19294117647058825,0.4524847428073235,-0.31511433351924145,-0.02598870056497175,0.2482566248256625,-0.41870503597122305,0.08748906386701663,0.06633499170812604,-0.15232974910394265,0.547700754975978,-0.4527220630372493,-0.2408500590318772,-0.6357808857808858,-0.18052988293284042,-0.2507621951219512,0.39616810877626696,-0.4425574425574426,-0.5964360587002097,0.0
0.6966966966966966,0.4426450742240216,0.6678832116788322,-0.2580392156862745,0.6608544027898866,-0.3786949247071947,0.03502824858757062,0.25662482566248257,-0.6100719424460432,0.2537182852143482,0.23383084577114427,-0.37186379928315405,0.6266300617707619,-0.5415472779369628,-0.33234946871310506,-0.5594405594405595,-0.30560690080098585,-0.3010670731707317,0.622991347342398,-0.4365634365634366,-0.6215932914046122,0.0
0.6976976976976977,-0.10256410256410256,0.464720194647202,-0.647843137254902,0.49433304272013945,-0.7005019520356944,0.0519774011299435,-0.012552301255230125,-0.3553956834532374,0.7637795275590551,0.4477611940298508,-0.7311827956989246,0.7618393960192176,0.09598853868194844,-0.5909090909090908,-0.42599067599067597,0.28342575477510784,0.037347560975609755,0.3009888751545117,-0.2577422577422578,-0.4916142557651991,0.0
0.6986986986986987,0.06275303643724696,0.7712895377128954,-0.8023529411764706,0.32519616390584133,-0.8516452872281093,-0.1694915254237288,0.5425383542538355,-0.339568345323741,0.9562554680664916,0.4892205638474295,-0.825268817204301,0.3383665065202471,-0.49570200573065903,-0.8187721369539551,-0.20512820512820512,0.12569316081330867,0.413109756097561,0.5618046971569839,0.2577422577422578,-0.2756813417190776,0.0
0.6996996996996997,0.39203778677462886,0.40267639902676405,-0.11607843137254902,0.2877070619006103,-0.22141662018962635,0.12203389830508474,0.4142259414225941,-0.4122302158273381,0.24321959755030623,0.26865671641791045,-0.15860215053763438,0.6245710363761153,-0.3696275071633238,-0.17237308146399055,-0.4673659673659674,-0.10905730129390018,-0.25152439024390244,0.32200247218788625,-0.07192807192807193,-0.2085953878406709,0.0
0.7007007007007007,-0.08029689608636977,0.15206812652068127,-0.3074509803921569,0.4673060156931125,-0.46960401561628556,0.04745762711864407,0.08786610878661089,-0.3705035971223022,0.15048118985126857,0.12437810945273632,-0.35842293906810035,0.6856554564172957,-0.19627507163323785,-0.34002361275088544,-0.5483682983682984,-0.10967344423906346,-0.1608231707317073,0.24165636588380715,-0.2197802197802198,-0.5157232704402516,0.0
0.7017017017017017,-0.22402159244264508,-0.00851581508515815,-0.11294117647058824,0.4795117698343505,-0.45287228109314004,0.02598870056497175,0.40446304044630405,-0.09928057553956836,0.16360454943132108,-0.22885572139303484,-0.22580645161290322,0.5662319835277968,0.2363896848137536,-0.38961038961038963,-0.4597902097902098,-0.025878003696857672,-0.3003048780487805,0.037082818294190356,-0.15884115884115887,-0.36058700209643607,0.0
0.7027027027027027,0.19770580296896084,0.5194647201946472,-0.8031372549019609,0.3234524847428073,-0.7044060234244283,-0.0768361581920904,0.3765690376569038,-0.5841726618705037,0.5914260717410325,0.6368159203980099,-0.7732974910394265,0.608098833218943,-0.27650429799426934,-0.6546635182998819,-0.3717948717948718,0.16882316697473815,0.1097560975609756,0.4647713226205191,-0.031968031968031975,-0.2148846960167715,0.0
0.7037037037037037,0.1680161943319838,0.4720194647201947,-0.37019607843137253,0.37401918047079336,-0.4233128834355828,-0.303954802259887,0.38075313807531386,-0.5446043165467627,0.48468941382327213,0.45273631840796025,-0.3548387096774193,0.5840768702814001,0.01002865329512894,-0.4397874852420307,-0.34207459207459207,-0.09118915588416512,-0.08003048780487804,0.3936959208899876,0.02197802197802198,-0.31236897274633124,0.0
0.7047047047047047,0.3866396761133603,0.5875912408759124,-0.0996078431372549,0.5675675675675675,-0.3993307306190742,-0.030508474576271184,0.4072524407252441,-0.43165467625899284,0.4321959755030621,0.40298507462686567,-0.22670250896057345,0.5847632120796156,-0.35959885386819485,-0.3482880755608028,-0.5786713286713286,-0.22612446087492297,-0.23170731707317072,0.5080346106304079,-0.35264735264735264,-0.47484276729559755,0.0
0.7057057057057057,0.07354925775978408,0.35279805352798055,0.06588235294117648,0.2781168265039233,-0.2967094255437814,-0.06101694915254237,0.03626220362622036,-0.32014388489208634,0.04461942257217848,0.22222222222222224,0.005376344086021505,0.6410432395332876,-0.44412607449856734,-0.21310507674144039,-0.6089743589743589,-0.1780653111521873,-0.22789634146341461,0.3059332509270704,-0.20179820179820182,-0.2127882599580713,0.0
0.7067067067067067,0.368421052631579,0.34063260340632606,-0.6447058823529412,0.6303400174367916,-0.6977133296151701,-0.29152542372881357,0.793584379358438,-0.4496402877697842,0.5879265091863517,-0.07462686567164178,-0.5958781362007168,0.41729581331503085,-0.33810888252148996,-0.6564344746162929,-0.657925407925408,-0.029574861367837338,-0.13567073170731705,0.7237330037082818,-0.39360639360639366,-0.6226415094339622,0.0
0.7077077077077077,-0.24021592442645073,0.17153284671532845,-0.691764705882353,0.3940714908456844,-0.9063022866703848,0.17401129943502824,0.1366806136680614,-0.09136690647482015,0.5450568678915135,0.24212271973466,-0.853942652329749,0.6218256691832532,0.29512893982808025,-0.6776859504132231,-0.3572261072261072,0.2365988909426987,0.03277439024390243,0.16131025957972805,0.2627372627372628,-0.18763102725366876,0.0
0.7087087087087087,0.09176788124156546,0.5145985401459854,-0.037647058823529415,0.5588491717523976,-0.49247071946458454,0.10282485875706214,0.26917712691771273,-0.37553956834532376,0.10761154855643044,0.15754560530679934,-0.18010752688172044,0.6863417982155113,-0.6446991404011462,-0.3122786304604487,-0.6410256410256411,-0.025261860751694395,-0.2705792682926829,0.25401730531520395,-0.3466533466533467,-0.5911949685534591,0.0
0.7097097097097097,0.7314439946018894,0.7299270072992701,-0.41882352941176476,0.5047951176983435,-0.22253206915783605,-0.5638418079096045,0.6903765690376569,-0.625179856115108,0.39720034995625547,0.23714759535655056,-0.43369175627240136,0.30816746739876455,-0.5601719197707737,-0.2957497048406139,-0.3548951048951049,-0.4011090573012939,-0.23170731707317072,0.7583436341161929,-0.09190809190809192,-0.25157232704402516,0.0
0.7107107107107107,0.13765182186234817,0.5048661800486618,-0.7152941176470589,0.2781168265039233,-0.6748466257668712,-0.31751412429378534,0.5062761506276151,-0.383453237410072,0.6701662292213474,0.3067993366500829,-0.6487455197132616,0.4001372683596431,-0.13896848137535817,-0.6582054309327037,-0.4160839160839161,0.11829944547134935,0.23399390243902438,0.5160692212608158,0.018981018981018984,-0.03773584905660377,0.0
0.7117117117117117,0.4230769230769231,0.5997566909975669,-0.02196078431372549,0.5117698343504795,-0.24930284439486894,-0.03954802259887006,0.6638772663877266,-0.4302158273381295,0.1968503937007874,0.04145936981757878,-0.11290322580645161,0.3266986959505834,-0.32808022922636104,-0.23553719008264465,-0.7138694638694639,-0.3271719038817006,-0.3178353658536585,0.5247218788627935,-0.4665334665334666,-0.7148846960167716,0.0
0.7127127127127127,0.23481781376518218,0.5462287104622872,-0.09803921568627452,0.6085440278988665,-0.3067484662576688,0.13333333333333333,0.06276150627615062,-0.2568345323741007,0.3464566929133858,0.45273631840796025,-0.1603942652329749,0.518188057652711,-0.30802292263610315,-0.23022432113341207,-0.5110722610722611,-0.2637091805298829,-0.16920731707317072,0.43695920889987633,-0.34165834165834175,-0.6079664570230607,0.0
0.7137137137137137,0.2948717948717949,0.35766423357664234,-0.010980392156862745,0.5361813426329555,-0.4930284439486894,-0.407909604519774,0.5564853556485356,-0.2323741007194245,0.3700787401574803,0.04809286898839138,-0.1989247311827957,0.5353466026080989,-0.5343839541547278,-0.36717827626918537,-0.49533799533799533,-0.09303758471965495,-0.2065548780487805,0.4301606922126081,-0.23876123876123878,-0.3364779874213837,0.0
0.7147147147147147,0.6045883940620783,0.6678832116788322,-0.25411764705882356,0.5527462946817786,-0.354712771890686,-0.2994350282485876,0.28312412831241285,-0.5762589928057554,0.18985126859142606,0.3830845771144279,-0.3378136200716846,0.6273164035689773,-0.46991404011461324,-0.2550177095631641,-0.4895104895104895,-0.23475046210720887,-0.1836890243902439,0.5673671199011124,-0.2577422577422578,-0.3710691823899371,0.0
0.7157157157157157,0.50944669365722,0.41484184914841854,0.11294117647058824,0.4324324324324324,-0.18962632459564976,-0.08587570621468926,0.35983263598326365,-0.40863309352517985,-0.01137357830271216,0.44941956882255396,0.016129032258064512,0.5106382978723404,-0.1332378223495702,0.012396694214876033,-0.534965034965035,-0.6290819470117066,-0.33993902439024387,0.4555006180469715,-0.09390609390609392,-0.35220125786163525,0.0
0.7167167167167167,0.08569500674763833,0.537712895377129,-0.35843137254901963,0.5030514385353094,-0.32348020078081424,-0.2406779661016949,0.2357043235704324,-0.48273381294964035,0.22747156605424323,0.1558872305140962,-0.3010752688172043,0.5772134522992449,-0.3696275071633238,-0.29456906729634,-0.618881118881119,0.13247073321010475,-0.35289634146341464,0.2929542645241038,-0.2247752247752248,-0.289308176100629,0.0
0.7177177177177178,0.08569500674763833,0.5936739659367397,-0.3019607843137255,0.3888404533565824,-0.4880089235917457,0.11977401129943502,0.5369595536959554,-0.26330935251798565,0.342082239720035,0.3383084577114428,-0.36469534050179203,0.4433768016472203,-0.5343839541547278,-0.3654073199527745,-0.44405594405594406,-0.034504004929143565,-0.12423780487804878,0.29728059332509266,-0.1058941058941059,-0.24213836477987424,0.0
0.7187187187187187,-0.25371120107962214,-0.010948905109489052,-0.007058823529411765,0.36965998256320837,-0.47071946458449526,0.288135593220339,-0.022315202231520226,0.025179856115107917,-0.049868766404199474,-0.3150912106135987,-0.020609318996415767,0.7110501029512697,0.17048710601719197,-0.2987012987012987,-0.5582750582750583,0.10905730129390018,-0.30259146341463417,-0.19653893695920888,-0.2627372627372628,-0.33752620545073375,0.0
0.7197197197197197,0.43724696356275305,0.5425790754257908,-0.33254901960784317,0.5161290322580645,-0.27105409927495816,-0.04971751412429378,0.4714086471408648,-0.6035971223021583,0.3657042869641295,0.1625207296849088,-0.39605734767025086,0.3953328757721345,-0.33954154727793695,-0.320543093270366,-0.4574592074592075,-0.18792359827479974,-0.3292682926829268,0.44004944375772553,0.027972027972027975,-0.24842767295597484,0.0
0.7207207207207207,-0.10053981106612685,0.24817518248175183,0.23686274509803923,0.4995640802092414,-0.4182933630786392,0.2734463276836158,0.4295676429567643,-0.028057553956834534,-0.08923884514435695,0.11940298507462686,0.005376344086021505,0.4035689773507206,-0.36532951289398286,-0.17768595041322313,-0.6386946386946387,-0.10166358595194086,-0.3544207317073171,0.038318912237330034,-0.13086913086913088,-0.5712788259958071,0.0
0.7217217217217218,0.017543859649122806,0.1727493917274939,-0.30980392156862746,0.5850043591979076,-0.38873396542108196,-0.013559322033898305,0.2412831241283124,-0.3338129496402878,0.31583552055992997,0.07960199004975124,-0.32885304659498205,0.6060398078242965,0.18194842406876793,-0.3140495867768595,-0.3706293706293706,-0.13863216266173753,-0.2538109756097561,0.22311495673671197,-0.25374625374625376,-0.46226415094339623,0.0
0.7227227227227228,-0.26720647773279355,0.3771289537712896,-0.021176470588235297,0.2083696599825632,-0.5660903513664249,0.28135593220338984,0.09065550906555091,0.09712230215827339,0.4041994750656168,0.13930348258706468,-0.26075268817204295,0.6300617707618394,-0.14469914040114615,-0.44391971664698937,-0.40850815850815847,0.08872458410351201,0.0007621951219512195,0.02348578491965389,-0.2087912087912088,-0.20020964360587004,0.0
0.7237237237237237,0.45748987854251016,0.7518248175182483,-0.6047058823529412,0.32868352223190933,-0.5415504740658115,-0.327683615819209,0.8437935843793585,-0.37338129496402883,0.652668416447944,0.39303482587064675,-0.49193548387096775,0.23678792038435137,-0.3194842406876791,-0.4693034238488784,-0.25757575757575757,-0.32778804682686385,0.07164634146341463,0.7521631644004945,-0.014985014985014986,-0.16666666666666669,0.0
0.7247247247247247,-0.354251012145749,0.16058394160583944,-0.22431372549019607,0.2528334786399302,-0.781372002230898,0.0519774011299435,0.2189679218967922,0.1302158273381295,0.5643044619422573,-0.17412935323383086,-0.3897849462365591,0.5271105010295127,0.08595988538681949,-0.6587957497048407,-0.4230769230769231,0.27171903881700554,0.15853658536585363,0.09826946847960444,-0.06893106893106894,-0.2788259958071279,0.0
0.7257257257257257,-0.018218623481781375,0.2420924574209246,-0.15372549019607845,0.45161290322580644,-0.38204127161182383,-0.08813559322033898,0.100418410041841,-0.37122302158273385,0.031496062992125984,0.006633499170812604,-0.3028673835125448,0.6527110501029512,-0.10315186246418338,-0.37662337662337664,-0.7033799533799534,0.133086876155268,-0.14176829268292682,0.12051915945611866,-0.4525474525474526,-0.5482180293501049,0.0
0.7267267267267268,0.11403508771929825,0.6009732360097324,-0.2854901960784314,0.2850915431560593,-0.5192414947016174,0.19887005649717512,0.42398884239888424,-0.25107913669064746,0.5039370078740157,0.25207296849087896,-0.3826164874551971,0.5147563486616334,-0.7320916905444127,-0.33175914994096817,-0.418997668997669,-0.10782501540357363,-0.2705792682926829,0.3102595797280593,0.027972027972027975,-0.2620545073375262,0.0
0.7277277277277278,0.022941970310391364,0.7250608272506083,-0.21176470588235297,0.4237140366172624,-0.509760178471835,0.02485875706214689,0.5174337517433751,-0.05467625899280576,0.347331583552056,0.04145936981757878,-0.3709677419354838,0.45229924502402197,-0.5601719197707737,-0.44037780401416765,-0.38403263403263405,-0.08687615526802217,-0.11204268292682926,0.3430160692212608,-0.13486513486513488,-0.289308176100629,0.0
0.7287287287287287,0.349527665317139,0.610705596107056,-0.12627450980392158,0.5091543156059285,-0.36865588399330734,-0.319774011299435,0.6694560669456067,-0.646043165467626,0.23447069116360456,-0.22222222222222224,-0.2885304659498208,0.3685655456417296,-0.4641833810888253,-0.3382526564344746,-0.7593240093240093,-0.2932840418977203,-0.3559451219512195,0.6260815822002471,-0.4575424575424576,-0.6027253668763103,0.0
0.7297297297297297,0.04453441295546559,0.28832116788321166,-0.013333333333333336,0.4385353095030514,-0.1751254880089236,0.192090395480226,0.28451882845188287,-0.6100719424460432,-0.11723534558180228,0.03648424543946932,-0.06182795698924731,0.582704186684969,-0.2908309455587393,-0.04604486422668241,-0.7185314685314687,-0.0166358595194085,-0.33841463414634143,0.09641532756489493,-0.3326673326673327,-0.3071278825995807,0.0
0.7307307307307307,0.20512820512820512,0.33333333333333337,0.027450980392156866,0.2083696599825632,-0.26882320133853876,-0.14689265536723164,0.17294281729428174,-0.34388489208633094,-0.09011373578302712,0.23714759535655056,-0.06989247311827956,0.5346602608098833,-0.09312320916905445,-0.16410861865407322,-0.3956876456876457,-0.23475046210720887,-0.09527439024390244,0.27194066749072926,0.05794205794205795,-0.06289308176100629,0.0
0.7317317317317318,0.33130904183535764,0.5827250608272506,0.10509803921568629,0.36094158674803833,-0.2827663134411601,0.1175141242937853,0.12831241283124128,-0.3978417266187051,0.009623797025371828,0.3300165837479271,-0.026881720430107524,0.6884008236101578,-0.6532951289398281,-0.1487603305785124,-0.5728438228438228,-0.5329636475662354,-0.3559451219512195,0.42583436341161923,-0.2327672327672328,-0.4528301886792453,0.0
0.7327327327327328,0.5080971659919028,0.40997566909975675,-0.13098039215686277,0.5257192676547515,-0.35080870050195206,-0.4293785310734463,0.5634588563458857,-0.49064748201438857,0.3648293963254593,0.05472636815920399,-0.40143369175627236,0.3967055593685655,-0.15472779369627507,-0.38193624557260925,-0.37995337995337997,-0.3419593345656193,-0.24695121951219512,0.6779975278121136,-0.09390609390609392,-0.20335429769392036,0.0
0.7337337337337337,0.41700404858299595,0.8856447688564477,-0.6086274509803922,0.30427201394943326,-0.7730061349693251,-0.38192090395480227,0.5299860529986054,-0.06906474820143886,0.726159230096238,0.4444444444444445,-0.5385304659498207,0.34111187371310914,-0.5558739255014327,-0.6103896103896104,-0.24883449883449885,-0.14540973505853358,0.16920731707317072,0.6940667490729295,0.15784215784215785,-0.04402515723270441,0.0
0.7347347347347347,-0.18893387314439947,0.03527980535279806,0.17960784313725492,0.15954664341761116,-0.34969325153374237,0.2677966101694915,0.06276150627615062,-0.12589928057553956,-0.024496937882764653,0.19402985074626866,0.04390681003584229,0.6485929993136581,-0.14756446991404013,-0.13813459268004724,-0.42657342657342656,-0.06223043746149107,-0.2545731707317073,-0.02286773794808405,-0.01198801198801199,-0.05555555555555556,0.0
0.7357357357357357,0.32793522267206476,0.5182481751824818,-0.01568627450980392,0.3129904097646033,-0.3173452314556609,-0.0655367231638418,0.10181311018131102,-0.2863309352517986,0.2335958005249344,0.4311774461028193,-0.017921146953405017,0.6952642415923128,-0.3524355300859599,-0.22373081463990555,-0.5116550116550117,-0.5224892174984597,-0.2271341463414634,0.4412855377008652,-0.18981018981018982,-0.3448637316561845,0.0
0.7367367367367368,0.22469635627530365,0.3771289537712896,-0.026666666666666672,0.5196163905841324,-0.27718906860011155,-0.10508474576271186,0.43235704323570434,-0.5510791366906476,0.2615923009623797,-0.11111111111111112,-0.19982078853046595,0.3074811256005491,-0.2679083094555874,-0.34002361275088544,-0.5745920745920746,-0.22365988909426987,-0.1875,0.434487021013597,-0.3346653346653347,-0.4863731656184487,0.0
0.7377377377377378,-0.04993252361673414,0.5036496350364964,-0.5168627450980393,0.25544899738448124,-0.6737311767986615,-0.2542372881355932,0.011157601115760113,-0.05683453237410072,0.7200349956255467,0.3449419568822554,-0.5062724014336917,0.7083047357584077,-0.27650429799426934,-0.6068476977567887,-0.22086247086247088,-0.017252002464571783,0.16768292682926828,0.3733003708281829,0.16483516483516486,-0.04402515723270441,0.0
0.7387387387387387,0.13967611336032387,0.7007299270072993,-0.6572549019607843,0.3975588491717524,-0.8460680423870608,-0.46327683615819204,0.499302649930265,-0.17194244604316547,0.9807524059492563,0.34328358208955223,-0.793010752688172,0.5538778311599176,-0.7406876790830946,-0.8955135773317591,-0.4405594405594406,0.13801601971657426,0.2995426829268293,0.7194066749072928,-0.02397602397602398,-0.22012578616352202,0.0
0.7397397397397397,0.20512820512820512,0.464720194647202,-0.2643137254901961,0.5335658238884046,-0.5984383714445064,-0.23050847457627116,0.20362622036262204,-0.31510791366906477,0.5415573053368329,-0.008291873963515755,-0.3826164874551971,0.42896362388469456,0.011461318051575933,-0.4923258559622196,-0.5541958041958042,-0.2064078866296981,-0.05259146341463415,0.5723114956736712,-0.42757242757242764,-0.6656184486373166,0.0
0.7407407407407407,-0.10458839406207827,0.44525547445255476,0.1623529411764706,0.43417611159546643,-0.3798103736754044,-0.1096045197740113,0.2649930264993027,-0.2647482014388489,-0.006124234470691163,-0.06301824212271974,-0.01164874551971326,0.5387783115991763,-0.4527220630372493,-0.2857142857142857,-0.4405594405594406,-0.08502772643253236,-0.33003048780487804,0.20148331273176762,-0.09690309690309691,-0.28825995807127885,0.0
0.7417417417417418,0.02766531713900135,0.4671532846715329,-0.407843137254902,0.36617262423714037,-0.6274400446179588,0.11864406779661016,0.46025104602510464,-0.19208633093525182,0.6027996500437445,0.461028192371476,-0.5143369175627239,0.5188743994509265,-0.33237822349570206,-0.5035419126328218,-0.4382284382284382,-0.027726432532347505,0.035823170731707314,0.45735475896168104,-0.13386613386613389,-0.23060796645702308,0.0
0.7427427427427428,0.05263157894736842,0.46836982968369834,-0.3686274509803922,0.24585876198779422,-0.4746235359732292,-0.13559322033898305,0.20362622036262204,-0.441726618705036,0.10236220472440945,-0.06633499170812604,-0.2804659498207885,0.5326012354152367,-0.17908309455587393,-0.35537190082644626,-0.6573426573426573,0.12076401725200248,-0.26981707317073167,0.28553770086526575,-0.35364635364635366,-0.35429769392033544,0.0
0.7437437437437437,0.315114709851552,0.33819951338199516,-0.33019607843137255,0.45510026155187444,-0.3017289459007251,0.02824858757062147,0.3305439330543933,-0.34820143884892085,0.06824146981627296,0.3167495854063018,-0.3028673835125448,0.51681537405628,-0.27507163323782235,-0.21723730814639905,-0.2937062937062937,-0.07270486752926679,-0.23246951219512194,0.2849196538936959,0.019980019980019983,-0.15828092243186584,0.0
0.7447447447447447,0.2280701754385965,0.5827250608272506,-0.47450980392156866,0.6120313862249346,-0.30786391522587847,-0.13333333333333333,0.49372384937238495,-0.7741007194244606,0.25896762904636916,0.5356550580431177,-0.589605734767025,0.3761153054221002,-0.23209169054441264,-0.2532467532467533,-0.6048951048951049,0.02279728897104128,-0.25152439024390244,0.38318912237330033,-0.42457542457542463,-0.37631027253668764,0.0
0.7457457457457457,0.155195681511471,0.40267639902676405,-0.29803921568627456,0.4829991281604185,-0.5989960959286114,0.17853107344632768,0.32914923291492326,-0.20143884892086333,0.39195100612423445,0.16086235489220566,-0.41845878136200715,0.5044612216884008,-0.05300859598853868,-0.44687131050767415,-0.39743589743589747,-0.07085643869377696,-0.15015243902439024,0.280593325092707,-0.1208791208791209,-0.31341719077568136,0.0
0.7467467467467468,0.1970310391363023,0.818734793187348,-0.3631372549019608,0.4115082824760244,-0.5733407696597881,0.1864406779661017,0.5439330543933055,-0.2863309352517986,0.7165354330708661,0.736318407960199,-0.45698924731182794,0.34385724090597114,-0.6762177650429799,-0.41853600944510033,-0.4195804195804196,0.015403573629081948,-0.07164634146341463,0.4110012360939431,-0.2627372627372628,-0.3060796645702306,0.0
0.7477477477477478,0.17408906882591094,0.7554744525547445,-0.5631372549019608,0.36617262423714037,-0.47685443390964866,-0.4192090395480226,0.2928870292887029,-0.5338129496402878,0.4689413823272091,0.20398009950248758,-0.47401433691756273,0.5545641729581332,-0.7134670487106017,-0.4527744982290437,-0.39452214452214457,-0.03019100431300062,-0.1173780487804878,0.4814585908529048,-0.19080919080919084,-0.07651991614255765,0.0
0.7487487487487487,-0.10661268556005399,0.22141119221411193,-0.027450980392156866,0.22231909328683522,-0.49972113775794763,0.32429378531073444,0.11297071129707113,-0.23741007194244607,0.005249343832020997,0.02155887230514096,-0.2222222222222222,0.6149622512010982,-0.33810888252148996,-0.2910271546635183,-0.513986013986014,0.19038817005545286,-0.12576219512195122,-0.008034610630407911,-0.15284715284715286,-0.029350104821802937,0.0
0.7497497497497497,0.42712550607287453,0.44038929440389296,-0.3090196078431373,0.7393199651264167,-0.47183491355270496,-0.19435028248587569,0.4435146443514645,-0.47482014388489213,0.4208223972003499,0.08291873963515756,-0.37992831541218636,0.46877144818119426,-0.5644699140401147,-0.3524203069657615,-0.6445221445221446,-0.10720887245841035,-0.3109756097560975,0.5203955500618046,-0.48851148851148857,-0.69916142557652,0.0
0.7507507507507507,0.5573549257759783,0.6751824817518249,-0.16627450980392158,0.5701830863121186,-0.22810931399888454,-0.4734463276836158,0.3138075313807532,-0.4273381294964029,0.2414698162729659,0.527363184079602,-0.28494623655913975,0.40082361015785856,-0.4914040114613181,-0.2449822904368359,-0.5011655011655012,-0.27418361059765867,-0.2507621951219512,0.5741656365883807,-0.3216783216783217,-0.3259958071278826,0.0
0.7517517517517518,0.548582995951417,0.5437956204379563,-0.45176470588235296,0.6085440278988665,-0.3418851087562744,-0.37740112994350283,0.403068340306834,-0.5971223021582734,0.3560804899387576,0.44278606965174133,-0.48655913978494625,0.4811256005490734,-0.3710601719197708,-0.30460448642266824,-0.5891608391608392,-0.19285274183610598,-0.23018292682926828,0.6440049443757725,-0.17682317682317683,-0.39412997903563946,0.0
0.7527527527527528,0.5377867746288799,0.6605839416058396,-0.6698039215686274,0.44638186573670446,-0.5755716675962075,-0.34350282485875705,0.5313807531380753,-0.4575539568345324,0.5170603674540682,0.3117744610281924,-0.6245519713261648,0.46808510638297873,-0.3237822349570201,-0.5088547815820543,-0.3414918414918415,-0.33394947627849664,0.07926829268292682,0.7391841779975278,-0.18981018981018982,-0.18238993710691823,0.0
0.7537537537537538,-0.04520917678812416,0.032846715328467155,-0.03294117647058824,0.2877070619006103,-0.33463469046291133,0.17062146892655367,0.3486750348675035,-0.13165467625899283,0.012248468941382326,-0.230514096185738,-0.07078853046594981,0.5284831846259437,0.08309455587392552,-0.18240850059031877,-0.5617715617715617,-0.06592729513247073,-0.3544207317073171,0.002472187886279357,-0.01198801198801199,-0.2756813417190776,0.0
0.7547547547547547,0.1612685560053981,0.15085158150851583,-0.3835294117647059,0.45684394071490847,-0.6497490239821528,0.08361581920903954,0.45327754532775455,-0.16834532374100722,0.31496062992125984,0.1956882255389718,-0.5474910394265232,0.4749485243651338,-0.07306590257879657,-0.39374262101534835,-0.3741258741258741,0.06531115218730746,-0.15320121951219512,0.3090234857849196,-0.05094905094905095,-0.2809224318658281,0.0
0.7557557557557557,-0.27867746288798917,0.09367396593673967,-0.11607843137254902,0.2920662598081953,-0.4857780256553263,-0.05536723163841808,-0.10739191073919108,-0.22661870503597123,0.2484689413823272,0.15920398009950248,-0.22311827956989244,0.7831159917638983,-0.002865329512893983,-0.4020070838252657,-0.453962703962704,0.15218730745532963,-0.1646341463414634,0.012978986402966625,-0.17082917082917087,-0.2589098532494759,0.0
0.7567567567567568,-0.16261808367071526,0.22871046228710465,-0.6266666666666667,0.6129032258064515,-0.6123814835471278,-0.08926553672316384,0.3152022315202232,-0.3913669064748202,0.531933508311461,-0.09618573797678276,-0.5725806451612903,0.5380919698009609,0.0,-0.5820543093270366,-0.5046620046620046,0.14417744916820704,-0.07240853658536585,0.3331273176761434,-0.2067932067932068,-0.5251572327044025,0.0
0.7577577577577578,0.4190283400809717,0.354014598540146,-0.19843137254901963,0.5945945945945946,-0.2777467930842164,-0.21468926553672316,0.35983263598326365,-0.5424460431654676,0.2230971128608924,0.09286898839137646,-0.20340501792114693,0.5044612216884008,-0.15902578796561606,-0.2963400236127509,-0.5227272727272727,-0.38570548367221197,-0.18597560975609756,0.5475896168108776,-0.23676323676323677,-0.35115303983228513,0.0
0.7587587587587588,0.3367071524966262,0.17518248175182483,-0.22431372549019607,0.4359197907585004,-0.16174010039040712,-0.2271186440677966,0.28451882845188287,-0.6453237410071943,0.17935258092738407,0.373134328358209,-0.3163082437275985,0.5621139327385037,0.17765042979942694,-0.17119244391971664,-0.4370629370629371,-0.12939001848428835,-0.20198170731707318,0.29728059332509266,-0.029970029970029972,-0.3218029350104822,0.0
0.7597597597597597,0.31578947368421056,0.6021897810218978,-0.23764705882352943,0.7096774193548386,-0.377579475738985,0.11186440677966102,0.7224546722454672,-0.5215827338129496,0.5888013998250219,0.3466003316749585,-0.39605734767025086,0.2807137954701441,-0.6275071633237823,-0.39964580873671784,-0.6573426573426573,-0.09365372766481823,-0.2858231707317073,0.5723114956736712,-0.38261738261738265,-0.7945492662473795,0.0
0.7607607607607607,0.3076923076923077,0.4622871046228711,-0.16862745098039217,0.2092414995640802,-0.324595649749024,-0.3593220338983051,0.32357043235704325,-0.26330935251798565,0.38232720909886264,0.2935323383084577,-0.2974910394265233,0.41592312971859985,-0.23352435530085963,-0.40377804014167656,-0.39452214452214457,-0.3099199014171288,0.03048780487804878,0.5506798516687268,-0.05394605394605395,-0.10377358490566038,0.0
0.7617617617617618,0.3272604588394062,0.6958637469586374,-0.2070588235294118,0.5448997384481256,-0.33351924149470163,0.08135593220338982,0.11436541143654115,-0.5712230215827339,0.15135608048993873,0.3648424543946932,-0.15770609318996415,0.6650652024708305,-0.3538681948424069,-0.2373081463990555,-0.7657342657342657,-0.15403573629081946,-0.24009146341463414,0.42892459826946844,-0.6993006993006994,-0.6477987421383647,0.0
0.7627627627627628,0.08434547908232119,0.4233576642335766,-0.2815686274509804,0.33827375762859635,-0.5822643614054658,0.2937853107344633,0.32357043235704325,-0.22949640287769787,0.279090113735783,-0.09618573797678276,-0.36469534050179203,0.5579958819492107,-0.13180515759312322,-0.4451003541912633,-0.49184149184149184,0.05730129390018484,-0.08307926829268292,0.207663782447466,-0.003996003996003997,-0.2840670859538784,0.0
0.7637637637637638,-0.06275303643724696,0.36982968369829683,-0.27372549019607845,0.3103748910200523,-0.4796430563301729,-0.39999999999999997,-0.019525801952580198,-0.1956834532374101,0.48731408573928264,0.19237147595356552,-0.32347670250896055,0.6472203157172272,-0.5816618911174786,-0.4970484061393152,-0.351981351981352,-0.12322858903265559,0.09070121951219512,0.292336217552534,-0.14585414585414586,-0.17610062893081763,0.0
0.7647647647647647,0.713225371120108,0.6849148418491484,-0.5388235294117648,0.6242371403661726,-0.3106525376464027,-0.5231638418079096,0.6722454672245467,-0.7820143884892087,0.5039370078740157,0.6600331674958542,-0.6066308243727598,0.5415236787920384,-0.7020057306590258,-0.2892561983471074,-0.45862470862470867,-0.4996919285274184,-0.03048780487804878,0.8368355995055624,-0.36463536463536467,-0.5545073375262055,0.0
0.7657657657657657,0.2827260458839406,0.5681265206812652,-0.3764705882352941,0.4193548387096774,-0.35694366982710546,-0.2248587570621469,0.40585774058577406,-0.5258992805755396,0.5756780402449694,0.5058043117744611,-0.35842293906810035,0.5264241592312972,-0.22349570200573068,-0.34533648170011805,-0.4504662004662005,-0.046210720887245836,-0.05182926829268293,0.5105067985166872,-0.16283716283716287,-0.2348008385744235,0.0
0.7667667667667668,0.4642375168690958,0.47080291970802923,-0.03215686274509804,0.5396687009590235,-0.3128834355828221,-0.04067796610169491,0.22036262203626222,-0.283453237410072,-0.0026246719160104987,0.11608623548922058,-0.08602150537634408,0.47220315717227174,-0.25644699140401145,-0.10743801652892562,-0.4807692307692307,-0.4121996303142329,-0.2705792682926829,0.47095179233621753,-0.2247752247752248,-0.39308176100628933,0.0
0.7677677677677678,0.2699055330634278,0.7372262773722628,-0.23529411764705882,0.4202266782911944,-0.5588399330730619,-0.03502824858757062,0.16317991631799164,-0.21366906474820144,0.289588801399825,0.44278606965174133,-0.32258064516129026,0.6074124914207275,-0.7234957020057308,-0.332939787485242,-0.40675990675990675,-0.07085643869377696,-0.01448170731707317,0.42768850432632877,-0.08991008991008992,-0.169811320754717,0.0
0.7687687687687688,-0.4460188933873145,0.08759124087591241,-0.39372549019607844,0.0985178727114211,-0.5822643614054658,0.1966101694915254,0.08647140864714087,-0.07410071942446043,0.2930883639545057,-0.1177446102819237,-0.45161290322580644,0.5984900480439258,0.10601719197707736,-0.5460448642266824,-0.35955710955710957,0.34442390634627235,-0.09832317073170732,-0.11310259579728059,0.2837162837162837,0.02830188679245283,0.0
0.7697697697697697,0.7719298245614035,0.8564476885644768,0.00392156862745098,0.4324324324324324,-0.32124930284439485,-0.4757062146892655,0.592747559274756,-0.3618705035971223,0.468066491688539,0.7628524046434495,-0.25,0.3164035689773507,-0.8710601719197708,-0.2845336481700118,-0.36247086247086246,-0.5046210720887245,0.004573170731707317,0.7892459826946847,0.012987012987012988,-0.07861635220125786,0.0
0.7707707707707707,0.08097165991902834,0.45620437956204385,-0.14823529411764708,0.4760244115082825,-0.3535973229224763,-0.11186440677966102,0.6680613668061367,-0.3956834532374101,0.5214348206474191,0.2902155887230514,-0.26702508960573473,0.1928620452985587,-0.22779369627507165,-0.31641086186540734,-0.46853146853146854,-0.17560073937153417,-0.20579268292682928,0.31705809641532756,-0.07192807192807193,-0.26834381551362685,0.0
0.7717717717717718,0.09379217273954117,0.5462287104622872,-0.17960784313725492,0.2528334786399302,-0.6514221974344674,-0.3163841807909605,0.35285913528591356,0.07553956834532374,0.5870516185476816,0.5737976782752902,-0.3494623655913978,0.365133836650652,-0.42263610315186245,-0.5324675324675325,-0.08333333333333333,-0.25446703635243373,0.2530487804878049,0.4456118665018541,0.2917082917082917,0.04926624737945493,0.0
0.7727727727727728,0.0910931174089069,0.49878345498783455,-0.11686274509803922,0.37489102005231034,-0.38538761851645287,-0.09378531073446328,0.41562064156206413,-0.2884892086330936,0.20034995625546806,0.3781094527363184,-0.2096774193548387,0.3761153054221002,-0.4169054441260745,-0.29338842975206614,-0.574009324009324,-0.056069008009858284,-0.2195121951219512,0.296044499381953,-0.38361638361638367,-0.3113207547169811,0.0
0.7737737737737738,-0.06477732793522267,0.46836982968369834,-0.3090196078431373,0.4359197907585004,-0.5220301171221418,0.11186440677966102,0.4309623430962343,-0.09424460431654677,0.3595800524934383,0.13764510779436154,-0.34767025089605735,0.4131777625257378,-0.32664756446991405,-0.36068476977567887,-0.3409090909090909,-0.22612446087492297,-0.21189024390243905,0.15945611866501855,-0.05694305694305695,-0.23899371069182393,0.0
0.7747747747747747,-0.21794871794871795,0.17761557177615572,-0.05176470588235295,0.3504795117698344,-0.5030674846625767,0.32994350282485874,0.09065550906555091,-0.01942446043165468,0.04024496937882765,0.16749585406301826,-0.10035842293906809,0.6328071379547014,0.03868194842406877,-0.30991735537190085,-0.5687645687645687,0.2008626001232286,-0.28277439024390244,-0.03584672435105068,-0.25074925074925075,-0.2169811320754717,0.0
0.7757757757757757,0.8205128205128205,0.7664233576642336,0.12627450980392158,0.5945945945945946,-0.17345231455660903,-0.5107344632768361,0.5857740585774058,-0.5071942446043165,-0.14960629921259844,0.35655058043117743,-0.005376344086021505,0.4262182566918325,-0.7736389684813755,-0.0808736717827627,-0.6165501165501166,-0.937769562538509,-0.29115853658536583,0.9437577255871445,-0.4065934065934066,-0.7264150943396226,0.0
0.7767767767767768,0.5141700404858299,0.6338199513381996,-0.2690196078431373,0.6381865736704446,-0.2816508644729504,-0.26440677966101694,0.3695955369595537,-0.5395683453237411,0.4435695538057743,0.4643449419568823,-0.3261648745519713,0.6142759094028826,-0.42120343839541546,-0.25442739079102716,-0.48717948717948717,-0.2760320394331485,-0.18445121951219512,0.5710754017305315,-0.37462537462537465,-0.3909853249475891,0.0
0.7777777777777778,0.5600539811066126,0.694647201946472,-0.2447058823529412,0.6564952048823016,-0.2593418851087563,-0.40338983050847455,0.6401673640167365,-0.741726618705036,0.44969378827646544,0.39800995024875624,-0.37275985663082434,0.398764584763212,-0.6461318051575932,-0.256788665879575,-0.6293706293706294,-0.22304374614910658,-0.34375,0.6112484548825711,-0.44355644355644364,-0.6289308176100629,0.0
0.7787787787787788,0.18353576248313092,0.2031630170316302,-0.2815686274509804,0.5152571926765475,-0.40936977133296154,0.07231638418079096,0.3472803347280335,-0.4352517985611511,0.33070866141732286,0.17081260364842454,-0.3207885304659498,0.49553877831159915,0.22206303724928367,-0.2957497048406139,-0.6334498834498834,0.02033271719038817,-0.19054878048780488,0.3337453646477132,-0.29070929070929075,-0.47798742138364786,0.0
0.7797797797797797,0.33805668016194335,0.5206812652068127,-0.7458823529411764,0.16477768090671316,-0.5560513106525377,-0.2847457627118644,0.4895397489539749,-0.4201438848920863,0.5398075240594925,0.2752902155887231,-0.6729390681003583,0.23953328757721343,-0.42120343839541546,-0.4946871310507674,-0.29662004662004665,-0.017252002464571783,0.2271341463414634,0.5580964153275648,0.26173826173826176,0.009433962264150943,0.0
0.7807807807807807,0.26045883940620784,0.36009732360097324,-0.08784313725490196,0.6582388840453357,-0.3814835471277189,0.14689265536723164,0.6638772663877266,-0.4920863309352519,0.21259842519685038,-0.1359867330016584,-0.26702508960573473,0.3685655456417296,-0.10888252148997135,-0.3234946871310508,-0.5903263403263402,-0.07147258163894024,-0.23780487804878048,0.3825710754017305,-0.39860139860139865,-0.549266247379455,0.0
0.7817817817817818,0.611336032388664,0.41849148418491483,-0.18117647058823533,0.5937227550130776,-0.3028443948689348,-0.1367231638418079,0.390516039051604,-0.7705035971223022,0.15135608048993873,0.19734660033167495,-0.2706093189964157,0.5833905284831846,-0.38681948424068774,-0.3004722550177096,-0.6153846153846154,-0.314849044978435,-0.2530487804878049,0.6625463535228677,-0.3846153846153847,-0.5366876310272537,0.0
0.7827827827827828,0.16261808367071526,0.48783454987834557,-0.28705882352941176,0.2772449869224063,-0.5064138315672059,-0.303954802259887,0.21338912133891214,-0.28561151079136693,0.6062992125984251,0.867330016583748,-0.49551971326164873,0.5051475634866163,-0.44126074498567336,-0.4634002361275089,-0.2162004662004662,-0.059149722735674676,0.06478658536585366,0.4270704573547589,0.31468531468531474,-0.029350104821802937,0.0
0.7837837837837838,-0.2010796221322537,0.0012165450121654502,-0.4337254901960785,0.32519616390584133,-0.713329615170106,0.07457627118644068,0.12273361227336123,-0.07122302158273382,0.4540682414698163,0.1442786069651741,-0.5976702508960573,0.6588881262868909,0.2191977077363897,-0.5731995277449823,-0.4195804195804196,0.2902033271719039,-0.021341463414634144,0.10012360939431396,-0.04195804195804197,-0.1530398322851153,0.0
0.7847847847847848,-0.145748987854251,0.2445255474452555,-0.18901960784313726,0.4027898866608544,-0.5298382598996096,0.09265536723163842,0.23152022315202234,-0.3424460431654676,0.09011373578302712,-0.3117744610281924,-0.2150537634408602,0.5326012354152367,-0.07020057306590259,-0.37485242030696575,-0.6276223776223776,-0.12877387553912506,-0.33460365853658536,0.2632880098887515,-0.40159840159840166,-0.31446540880503143,0.0
0.7857857857857858,-0.21052631578947367,0.13260340632603407,-0.027450980392156866,0.2894507410636443,-0.2286670384829894,0.2734463276836158,-0.06555090655509066,-0.45899280575539575,0.15223097112860892,0.20066334991708126,-0.11200716845878135,0.7371310912834592,-0.05157593123209169,-0.21782762691853602,-0.6258741258741259,-0.0751694393099199,-0.2820121951219512,0.07911001236093942,-0.2867132867132867,-0.5387840670859539,0.0
0.7867867867867868,0.22334682860998653,0.5997566909975669,-0.6447058823529412,0.14559721011333915,-0.7506971556051312,-0.4011299435028248,0.4895397489539749,-0.08489208633093526,0.8460192475940507,0.36650082918739635,-0.6765232974910393,0.3809196980096088,-0.5315186246418339,-0.78099173553719,-0.1893939393939394,-0.03265557609365373,0.3673780487804878,0.6106304079110012,0.35064935064935066,0.07442348008385744,0.0
0.7877877877877878,0.1241565452091768,0.20924574209245742,-0.10509803921568629,0.3984306887532694,-0.5482431678750698,0.12768361581920903,0.45467224546722457,-0.2776978417266187,0.37445319335083116,0.03316749585406302,-0.32258064516129026,0.5641729581331503,-0.20630372492836677,-0.3890200708382527,-0.48776223776223776,-0.04990757855822551,-0.14939024390243902,0.261433868974042,-0.07992007992007993,-0.43186582809224316,0.0
0.7887887887887888,-0.017543859649122806,0.329683698296837,-0.7913725490196079,0.22842197035745423,-0.6848856664807585,-0.26666666666666666,0.29567642956764295,0.01510791366906475,0.6657917760279966,0.2752902155887231,-0.6164874551971326,0.42896362388469456,-0.25644699140401145,-0.642266824085006,-0.24358974358974358,0.07640172520024646,0.2347560975609756,0.3559950556242274,0.2047952047952048,-0.006289308176100629,0.0
0.7897897897897898,0.06882591093117409,0.318734793187348,-0.13725490196078433,0.4742807323452485,-0.596765197992192,0.0655367231638418,0.23291492329149235,-0.241726618705036,0.4803149606299213,0.13930348258706468,-0.28315412186379924,0.5133836650652025,-0.11031518624641834,-0.46044864226682414,-0.47377622377622375,-0.11275415896487985,-0.09298780487804878,0.5370828182941904,-0.1398601398601399,-0.2903563941299791,0.0
0.7907907907907908,0.4979757085020243,0.4197080291970803,-0.33568627450980393,0.7506538796861377,-0.3463469046291132,-0.3152542372881356,0.19804741980474197,-0.6352517985611511,0.16710411198600175,-0.01658374792703151,-0.271505376344086,0.6849691146190803,-0.4584527220630373,-0.2473435655253837,-0.7733100233100233,-0.2735674676524954,-0.3109756097560975,0.5945611866501853,-1.0,-0.7704402515723271,0.0
0.7917917917917918,-0.41632928475033737,0.4245742092457421,-0.407843137254902,0.24760244115082822,-0.5895147796988288,0.2519774011299435,-0.02510460251046025,-0.10647482014388489,0.5450568678915135,0.6782752902155887,-0.5698924731182795,0.7254632807137954,-0.22922636103151864,-0.42089728453364816,-0.3578088578088578,0.30868761552680224,0.035060975609756094,-0.0630407911001236,0.06393606393606395,-0.1918238993710692,0.0
0.7927927927927928,0.2968960863697706,0.5450121654501217,0.2447058823529412,0.26242371403661724,-0.31344116006692696,-0.37740112994350283,0.061366806136680614,-0.15971223021582734,0.12948381452318458,0.08291873963515756,0.1075268817204301,0.45367192862045297,-0.5114613180515759,-0.25206611570247933,-0.3473193473193473,-0.4251386321626617,-0.15396341463414634,0.4901112484548826,-0.007992007992007994,-0.09643605870020965,0.0
0.7937937937937938,0.8475033738191633,0.7968369829683699,-0.44078431372549026,0.4803836094158675,-0.3218070273284997,-0.3615819209039548,0.6150627615062761,-0.439568345323741,0.35083114610673666,0.2669983416252073,-0.5519713261648745,0.15923129718599863,-0.6790830945558739,-0.3654073199527745,-0.22494172494172496,-0.4448552064078866,-0.19969512195121952,0.8813349814585908,0.1078921078921079,-0.32075471698113206,0.0
0.7947947947947948,0.5411605937921727,0.624087591240876,-0.6094117647058824,0.6190061028770706,-0.49247071946458454,-0.1615819209039548,0.4672245467224547,-0.6863309352517986,0.34120734908136485,0.3316749585406302,-0.6962365591397849,0.3383665065202471,-0.1862464183381089,-0.4628099173553719,-0.587995337995338,0.006777572396796056,-0.035060975609756094,0.6693448702101359,-0.4535464535464536,-0.49580712788259956,0.0
0.7957957957957958,0.5985155195681512,0.6228710462287105,-0.17882352941176471,0.45422842197035745,-0.45287228109314004,-0.05875706214689265,0.5341701534170153,-0.09424460431654677,0.23097112860892388,0.13101160862354894,-0.25627240143369173,0.33905284831846255,-0.7779369627507164,-0.34002361275088544,-0.33916083916083917,-0.55637707948244,-0.19435975609756098,0.595797280593325,-0.04195804195804197,-0.23060796645702308,0.0
0.7967967967967968,0.20040485829959515,0.5316301703163018,0.012549019607843138,0.37750653879686136,-0.42554378137200227,-0.08248587570621468,0.32357043235704325,-0.2985611510791367,0.5888013998250219,0.6268656716417911,-0.17652329749103943,0.5099519560741249,-0.36103151862464183,-0.3500590318772137,-0.47668997668997665,-0.18237831176833025,-0.1173780487804878,0.46662546353522866,-0.19080919080919084,-0.3081761006289308,0.0
0.7977977977977978,0.3164642375168691,0.659367396593674,-0.14823529411764708,0.4594594594594595,-0.3742331288343559,0.3288135593220339,0.5397489539748954,-0.23453237410071945,0.03937007874015748,0.15422885572139303,-0.07526881720430108,0.37405628002745367,-0.8022922636103154,-0.11983471074380167,-0.4358974358974359,-0.3678373382624769,-0.3490853658536585,0.3566131025957972,-0.36363636363636365,-0.37840670859538783,0.0
0.7987987987987988,0.11336032388663969,0.3722627737226277,0.03058823529411765,0.40802092414995644,-0.15225878416062466,-0.103954802259887,0.3389121338912134,-0.5115107913669065,0.03762029746281714,0.35820895522388063,0.03046594982078853,0.5284831846259437,0.12034383954154729,-0.03246753246753247,-0.4813519813519813,-0.1534195933456562,-0.336890243902439,0.0865265760197775,-0.2557442557442558,-0.20545073375262057,0.0
0.7997997997997998,0.053306342780026994,0.3953771289537713,-0.3074509803921569,0.35745422842197033,-0.5872838817624093,0.11073446327683616,0.3277545327754533,-0.0460431654676259,0.3779527559055118,-0.23217247097844115,-0.3369175627240143,0.5655456417295813,-0.42120343839541546,-0.42207792207792205,-0.36013986013986016,-0.07393715341959334,-0.17301829268292682,0.25896168108776263,-0.09790209790209792,-0.09433962264150944,0.0
0.8008008008008008,-0.043184885290148446,0.23357664233576644,-0.4886274509803922,0.11944202266782912,-0.6185164528722811,-0.12768361581920903,0.2747559274755928,-0.05611510791366907,0.44969378827646544,-0.087893864013267,-0.48028673835125446,0.5717227179135209,0.11461318051575932,-0.5094451003541913,-0.2803030303030303,0.14602587800369685,-0.1646341463414634,0.207663782447466,0.4605394605394606,0.04507337526205451,0.0
0.8018018018018018,-0.3771929824561404,-0.05717761557177616,-0.49647058823529416,0.21883173496076722,-0.7016174010039041,0.2655367231638418,0.2398884239888424,-0.09424460431654677,0.7331583552055992,0.48424543946932,-0.6693548387096774,0.6039807824296499,0.5171919770773639,-0.6109799291617473,-0.2511655011655012,0.34812076401725195,0.11280487804878048,-0.06242274412855377,0.1358641358641359,-0.19811320754716982,0.0
0.8028028028028028,-0.2145748987854251,0.3588807785888078,-0.3043137254901961,0.0976460331299041,-0.5404350250976018,-0.16836158192090395,0.039051603905160395,-0.026618705035971222,0.5301837270341208,0.2868988391376451,-0.42293906810035836,0.5298558682223747,-0.27507163323782235,-0.4610389610389611,-0.3618881118881119,0.15958102279728897,-0.05716463414634146,0.1353522867737948,0.19280719280719283,0.10796645702306079,0.0
0.8038038038038038,-0.6761133603238867,0.3260340632603407,-0.5764705882352942,0.24847428073234523,-0.9871723368655885,0.10621468926553672,0.21338912133891214,-0.08057553956834533,0.9492563429571304,0.05306799336650083,-0.6980286738351255,0.5339739190116678,-0.07449856733524356,-0.9256198347107438,-0.2756410256410256,0.34442390634627235,0.1913109756097561,0.07911001236093942,0.04795204795204796,-0.14360587002096437,0.0
0.8048048048048048,0.630229419703104,0.5085158150851582,-0.15607843137254904,0.5911072362685266,0.005577244841048523,-0.3096045197740113,0.41562064156206413,-0.9179856115107915,0.18810148731408574,0.5041459369817579,-0.2096774193548387,0.5339739190116678,-0.33810888252148996,-0.047225501770956316,-0.6322843822843823,-0.3327171903881701,-0.3041158536585366,0.44932014833127315,-0.5514485514485515,-0.6425576519916143,0.0
0.8058058058058059,0.32591093117408904,0.8746958637469586,-0.3474509803921569,0.7314734088927637,-0.4567763524818739,-0.18870056497175142,0.6011157601115761,-0.5661870503597123,0.537182852143482,-0.05970149253731343,-0.4596774193548387,0.34317089910775567,-0.5128939828080229,-0.45513577331759153,-0.5891608391608392,-0.0973505853357979,-0.18445121951219512,0.6254635352286774,-0.36963036963036966,-0.6635220125786164,0.0
0.8068068068068068,0.18960863697705804,0.329683698296837,-0.2447058823529412,0.4856146469049695,-0.4472950362520915,-0.296045197740113,0.09205020920502092,-0.27410071942446046,0.28083989501312334,0.25207296849087896,-0.34050179211469533,0.4879890185312285,-0.33381088825214905,-0.30224321133412047,-0.30303030303030304,-0.21010474430067777,-0.2065548780487805,0.2564894932014833,0.09990009990009992,-0.17714884696016772,0.0
0.8078078078078078,-0.2685560053981107,0.16058394160583944,-0.4666666666666667,0.15518744551002614,-0.8226436140546571,-0.14350282485875707,0.390516039051604,0.08489208633093526,0.7917760279965005,-0.17744610281923714,-0.5654121863799283,0.43925875085792726,-0.12177650429799429,-0.7083825265643447,-0.23484848484848486,0.1860751694393099,0.21112804878048783,0.21940667490729293,0.1328671328671329,-0.039832285115303984,0.0
0.8088088088088088,-0.1039136302294197,0.26277372262773724,-0.35215686274509805,0.37663469921534437,-0.7010596765197992,-0.09943502824858756,0.33612273361227335,-0.22805755395683455,0.5660542432195975,0.1691542288557214,-0.5636200716845877,0.4138641043239533,0.07020057306590259,-0.6717827626918536,-0.2977855477855478,0.030807147258163897,0.07088414634146341,0.3238566131025958,0.15284715284715286,-0.13626834381551364,0.0
0.8098098098098098,0.650472334682861,0.7433090024330901,-0.2901960784313726,0.5170008718395814,-0.34355828220858897,-0.3751412429378531,0.48535564853556484,-0.5366906474820144,0.5888013998250219,0.572139303482587,-0.41308243727598565,0.33905284831846255,-0.504297994269341,-0.372491145218418,-0.467948717948718,-0.3345656192236599,0.0274390243902439,0.703337453646477,-0.4065934065934066,-0.5178197064989518,0.0
0.8108108108108109,0.037786774628879895,0.2639902676399027,-0.5780392156862746,0.2999128160418483,-0.6330172894590073,-0.010169491525423728,0.47559274755927483,-0.2323741007194245,0.4453193350831146,0.04311774461028192,-0.5250896057347669,0.4577899794097461,0.05014326647564471,-0.5602125147579693,-0.3339160839160839,-0.04990757855822551,0.06326219512195122,0.3887515451174289,0.11988011988011989,-0.1729559748427673,0.0
0.8118118118118118,-0.286774628879892,0.08150851581508517,0.09568627450980392,0.15780296425457715,-0.6257668711656442,0.03615819209039548,-0.14086471408647142,0.17050359712230218,0.2563429571303587,-0.3283582089552239,0.022401433691756272,0.7577213452299245,-0.01862464183381089,-0.4279811097992916,-0.4358974358974359,-0.05976586568083796,-0.21493902439024387,0.07292954264524103,0.1138861138861139,0.027253668763102725,0.0
0.8128128128128128,0.4426450742240216,0.7445255474452555,-0.26117647058823534,0.4786399302528335,-0.2933630786391523,-0.2903954802259887,0.496513249651325,-0.6287769784172662,0.17410323709536307,-0.05140961857379768,-0.271505376344086,0.48867536032944403,-0.3495702005730659,-0.321133412042503,-0.5343822843822844,-0.3296364756623537,-0.28810975609756095,0.6644004944375772,-0.1368631368631369,-0.22222222222222224,0.0
0.8138138138138138,0.016869095816464237,0.18369829683698297,-0.40156862745098043,0.44986922406277247,-0.569436698271054,-0.03502824858757062,0.3319386331938633,-0.3949640287769785,0.2957130358705162,-0.011608623548922057,-0.4202508960573476,0.38915579958819485,0.15902578796561606,-0.42502951593860683,-0.34906759906759904,0.025261860751694395,-0.13490853658536583,0.24598269468479605,0.13086913086913088,-0.22641509433962265,0.0
0.8148148148148148,0.04588394062078273,0.5109489051094891,0.049411764705882356,0.22493461203138623,-0.33686558839933073,0.1344632768361582,-0.02092050209205021,-0.4302158273381295,0.30621172353455817,0.2669983416252073,-0.10125448028673835,0.6355525051475635,-0.5171919770773639,-0.2603305785123967,-0.6013986013986015,0.06284658040665433,-0.21189024390243905,0.10012360939431396,-0.2117882117882118,-0.22746331236897274,0.0
0.8158158158158159,0.45748987854251016,0.33333333333333337,-0.18666666666666668,0.6190061028770706,-0.34467373117679867,-0.2463276836158192,0.43933054393305443,-0.48705035971223026,0.3359580052493438,0.10945273631840798,-0.34139784946236557,0.4509265614275909,-0.4269340974212035,-0.28689492325855964,-0.5297202797202798,-0.3357979051139865,-0.2820121951219512,0.4888751545117429,-0.39960039960039967,-0.5932914046121593,0.0
0.8168168168168168,-0.4655870445344129,0.24087591240875916,-0.37411764705882355,0.22406277244986922,-0.7802565532626883,-0.004519774011299435,0.1492329149232915,0.08417266187050361,0.4645669291338583,0.05970149253731343,-0.46236559139784944,0.5511324639670556,0.015759312320916905,-0.6121605667060213,-0.3094405594405595,0.3943314849044979,0.038109756097560975,0.055624227441285534,0.14585414585414586,-0.033542976939203356,0.0
0.8178178178178178,-0.014844804318488529,0.3418491484184915,-0.11294117647058824,0.37750653879686136,-0.5911879531511434,0.04180790960451977,0.07810320781032079,-0.26618705035971224,0.13560804899387577,0.03150912106135987,-0.23566308243727596,0.6533973919011667,-0.06876790830945559,-0.42207792207792205,-0.4965034965034965,-0.06777572396796057,-0.16920731707317072,0.1829419035846724,-0.3046953046953047,-0.3280922431865828,0.0
0.8188188188188188,0.6322537112010796,1.0,-0.24941176470588236,0.8029642545771578,-0.3279419966536531,-0.47118644067796606,0.5788005578800558,-0.6561151079136691,0.39457567804024496,0.4444444444444445,-0.26075268817204295,0.33081674673987643,-0.7507163323782235,-0.3565525383707202,-0.5705128205128205,-0.7288971041281578,-0.2027439024390244,1.0,-0.48551448551448556,-0.7358490566037735,0.0
0.8198198198198198,0.4156545209176788,0.7761557177615572,-0.4533333333333333,0.6669572798605057,-0.5460122699386503,0.11186440677966102,0.47559274755927483,-0.35827338129496406,0.4934383202099737,0.3283582089552239,-0.4310035842293906,0.49210706932052156,-0.5916905444126075,-0.4728453364817002,-0.48717948717948717,-0.4134319162045595,-0.05030487804878049,0.6897404202719407,-0.5554445554445555,-0.7672955974842768,0.0
0.8208208208208209,-0.21052631578947367,0.21897810218978103,-0.1992156862745098,0.6015693112467305,-0.4205242610150586,0.07344632768361582,0.2510460251046025,-0.3992805755395684,0.43657042869641294,0.0945273631840796,-0.28315412186379924,0.5971173644474949,0.09169054441260746,-0.3695395513577332,-0.6835664335664337,0.3419593345656193,-0.34527439024390244,0.05253399258343634,-0.2887112887112887,-0.5073375262054507,0.0
0.8218218218218218,-0.3643724696356276,0.2773722627737227,-0.23529411764705882,0.20401046207497822,-0.6960401561628555,0.2192090395480226,0.07670850767085077,0.05683453237410072,0.4715660542432196,-0.01824212271973466,-0.2921146953405018,0.6300617707618394,-0.2191977077363897,-0.4763872491145219,-0.2692307692307693,-0.13555144793592114,-0.06021341463414634,0.13288009888751545,0.12387612387612389,-0.04716981132075472,0.0
0.8228228228228228,0.30634278002699056,0.6934306569343065,-0.11450980392156863,0.44463818657367044,-0.26268823201338537,-0.103954802259887,0.34309623430962344,-0.4877697841726619,0.1994750656167979,0.45605306799336653,-0.1711469534050179,0.42896362388469456,-0.6489971346704871,-0.204840613931523,-0.6416083916083916,-0.30129390018484287,-0.21189024390243905,0.47033374536464767,-0.4305694305694306,-0.48008385744234805,0.0
0.8238238238238238,0.19635627530364372,0.5097323600973236,-0.31764705882352945,0.5187445510026155,-0.5571667596207474,-0.26440677966101694,0.3849372384937239,-0.44892086330935255,0.5520559930008749,0.23383084577114427,-0.37365591397849457,0.6211393273850377,-0.31375358166189116,-0.4982290436835891,-0.5856643356643356,-0.18422674060382008,-0.12195121951219512,0.5377008652657601,-0.35364635364635366,-0.6132075471698113,0.0
0.8248248248248248,0.5452091767881242,0.6678832116788322,-0.3019607843137255,0.7497820401046207,-0.4160624651422198,-0.3615819209039548,0.602510460251046,-0.5784172661870505,0.0804899387576553,-0.014925373134328358,-0.4498207885304659,0.46671242278654773,-0.25787965616045844,-0.3659976387249115,-0.5664335664335665,-0.34134319162045595,-0.2850609756097561,0.6817058096415327,-0.35564435564435565,-0.6205450733752621,0.0
0.8258258258258259,-0.058704453441295545,0.6970802919708029,-0.5223529411764707,0.4027898866608544,-0.8611266034578918,0.08361581920903954,0.3556485355648536,-0.10791366906474821,0.8241469816272965,0.5472636815920399,-0.7750896057347669,0.3953328757721345,-0.34527220630372496,-0.7502951593860685,-0.4184149184149184,0.12754158964879853,0.13948170731707316,0.3899876390605686,0.020979020979020983,-0.3280922431865828,0.0
0.8268268268268268,0.2483130904183536,0.4464720194647202,-0.28784313725490196,0.22231909328683522,-0.40100390407138875,-0.12542372881355932,0.2580195258019526,-0.04388489208633094,0.18285214348206474,0.13930348258706468,-0.18369175627240142,0.48043925875085786,-0.27793696275071633,-0.269775678866588,-0.34382284382284384,-0.2285890326555761,-0.19207317073170732,0.365265760197775,-0.02397602397602398,-0.0010482180293501049,0.0
0.8278278278278278,0.33468286099865047,0.6119221411192215,-0.13725490196078433,0.25108979947689625,-0.3803680981595092,-0.34124293785310733,0.33472803347280333,-0.4223021582733813,0.34033245844269466,0.48092868988391374,-0.2150537634408602,0.6431022649279341,-0.6575931232091691,-0.2485242030696576,-0.4510489510489511,-0.1361675908810844,-0.08917682926829268,0.5179233621755253,0.06393606393606395,-0.11530398322851154,0.0
0.8288288288288288,0.4757085020242915,0.3710462287104623,0.07764705882352942,0.5170008718395814,-0.192414947016174,-0.0655367231638418,0.23152022315202234,-0.45323741007194246,-0.1968503937007874,0.08955223880597016,-0.01164874551971326,0.638984214138641,-0.3194842406876791,-0.07378984651711924,-0.5396270396270396,-0.5181762168823166,-0.2964939024390244,0.3936959208899876,-0.30669330669330674,-0.37631027253668764,0.0
0.8298298298298298,0.43994601889338736,0.6873479318734793,-0.3043137254901961,0.6416739319965126,-0.2649191299498048,-0.1096045197740113,0.23012552301255232,-0.80863309352518,0.16885389326334208,0.1359867330016584,-0.33960573476702505,0.667124227865477,-0.6561604584527221,-0.2992916174734357,-0.6602564102564102,-0.0696241528034504,-0.1646341463414634,0.5111248454882571,-0.5774225774225774,-0.6750524109014675,0.0
0.8308308308308309,0.3144399460188934,0.4343065693430657,-0.0996078431372549,0.1900610287707062,-0.37200223089793644,-0.23389830508474574,0.2482566248256625,-0.2776978417266187,0.4111986001749781,0.5970149253731343,-0.13440860215053763,0.5072065888812628,-0.2363896848137536,-0.27863046044864226,-0.45920745920745926,-0.314849044978435,-0.1798780487804878,0.4122373300370828,-0.1078921078921079,-0.1918238993710692,0.0
0.8318318318318318,-0.2813765182186235,0.0681265206812652,-0.22980392156862745,0.36617262423714037,-0.40825432236475184,0.00903954802259887,0.0027894002789400282,-0.28057553956834536,0.43569553805774275,0.008291873963515755,-0.29121863799283154,0.6513383665065202,0.017191977077363897,-0.41853600944510033,-0.6200466200466201,0.1503388786198398,-0.1097560975609756,-0.004326328800988875,-0.3946053946053947,-0.5324947589098533,0.0
0.8328328328328328,0.5344129554655871,0.6849148418491484,-0.2,0.6242371403661726,-0.437813720022309,-0.14124293785310735,0.3389121338912134,-0.6172661870503597,0.47419072615923014,0.5074626865671642,-0.3951612903225806,0.43857240905971173,-0.2191977077363897,-0.36835891381345925,-0.5792540792540792,-0.23290203327171904,-0.17149390243902438,0.7546353522867738,-0.3126873126873127,-0.5775681341719078,0.0
0.8338338338338338,0.4406207827260459,0.6459854014598541,-0.03921568627450981,0.44463818657367044,-0.1656441717791411,-0.18531073446327684,0.29567642956764295,-0.40287769784172667,0.2852143482064742,0.34328358208955223,0.004480286738351254,0.5525051475634867,-0.5530085959885387,-0.1115702479338843,-0.5396270396270396,-0.3635243376463339,-0.33765243902439024,0.4894932014833127,0.08891108891108891,-0.3071278825995807,0.0
0.8348348348348348,0.01349527665317139,0.13381995133819952,-0.19607843137254904,0.3853530950305144,-0.3558282208588957,0.21242937853107344,0.1603905160390516,-0.6100719424460432,0.09448818897637795,0.20729684908789386,-0.3754480286738351,0.4749485243651338,0.19484240687679086,-0.2975206611570248,-0.7033799533799534,0.1866913123844732,-0.24390243902439024,0.16131025957972805,-0.6183816183816184,-0.5199161425576521,0.0
0.8358358358358359,0.4588394062078273,0.44038929440389296,-0.1388235294117647,0.5579773321708805,-0.558282208588957,-0.1423728813559322,0.4574616457461646,-0.5366906474820144,0.3359580052493438,0.05638474295190714,-0.30197132616487454,0.6039807824296499,-0.42263610315186245,-0.4114521841794569,-0.7319347319347319,-0.18792359827479974,-0.3254573170731707,0.7144622991347341,-0.48751248751248755,-0.5419287211740043,0.0
0.8368368368368369,0.315114709851552,0.6873479318734793,-0.35921568627450984,0.4071490845684394,-0.44450641383156725,-0.2847457627118644,0.5411436541143655,-0.35683453237410073,0.47594050743657046,0.6119402985074627,-0.4444444444444444,0.4021962937542896,-0.5530085959885387,-0.32172373081463995,-0.5081585081585082,-0.1367837338262477,-0.13871951219512194,0.4826946847960445,-0.09590409590409592,-0.28616352201257866,0.0
0.8378378378378378,0.5040485829959515,0.7347931873479319,-0.4360784313725491,0.4524847428073235,-0.19520356943669825,-0.3073446327683616,0.5076708507670851,-0.8805755395683453,0.4409448818897638,0.5688225538971808,-0.38888888888888884,0.33905284831846255,-0.5573065902578798,-0.2272727272727273,-0.6346153846153846,-0.16635859519408505,-0.2576219512195122,0.6946847960444994,-0.27572427572427577,-0.35220125786163525,0.0
0.8388388388388388,0.44129554655870445,0.7627737226277372,-0.5552941176470588,0.5274629468177855,-0.5566090351366425,-0.08926553672316384,0.8730822873082288,-0.5928057553956835,0.29746281714785655,0.04477611940298508,-0.6308243727598566,0.31297185998627314,-0.4355300859598854,-0.46517119244391975,-0.5681818181818182,-0.10905730129390018,-0.1486280487804878,0.6081582200247219,-0.2917082917082917,-0.35220125786163525,0.0
0.8398398398398398,-0.0,0.2773722627737227,-0.5850980392156863,0.4838709677419355,-0.6854433909648634,0.007909604519774011,0.3542538354253836,-0.0856115107913669,0.5660542432195975,0.12437810945273632,-0.6774193548387096,0.3568977350720659,-0.40974212034383956,-0.6157024793388429,-0.2395104895104895,0.0585335797905114,0.04878048780487805,0.25710754017305315,0.16483516483516486,-0.27987421383647804,0.0
0.8408408408408409,0.2685560053981107,0.4914841849148419,-0.4054901960784314,0.3653007846556233,-0.43279419966536536,-0.2621468926553672,0.2733612273361228,-0.5597122302158274,0.3552055993000875,0.603648424543947,-0.45071684587813615,0.6575154426904598,-0.07306590257879657,-0.2762691853600945,-0.4155011655011655,-0.12384473197781887,-0.012195121951219513,0.4876390605686032,-0.018981018981018984,-0.18238993710691823,0.0
0.8418418418418419,0.0620782726045884,0.281021897810219,-0.0596078431372549,0.4228421970357454,-0.4071388733965421,-0.09491525423728814,0.097629009762901,-0.32517985611510797,0.15135608048993873,0.32006633499170817,-0.1146953405017921,0.6870281400137267,-0.34527220630372496,-0.21428571428571427,-0.44813519813519814,-0.23844731977818856,-0.34222560975609756,0.18603213844252162,-0.1278721278721279,-0.28825995807127885,0.0
0.8428428428428428,0.18353576248313092,0.451338199513382,-0.44392156862745097,0.3923278116826504,-0.5861684327941996,0.3050847457627119,0.25662482566248257,-0.260431654676259,0.45231846019247596,0.0779436152570481,-0.4668458781362007,0.44543582704186685,-0.2979942693409742,-0.48878394332939784,-0.6177156177156178,0.07270486752926679,-0.18826219512195122,0.39616810877626696,-0.12387612387612389,-0.3448637316561845,0.0
0.8438438438438438,0.13697705802968962,0.4257907542579075,-0.29568627450980395,0.3051438535309503,-0.5577244841048522,-0.2858757062146893,0.4142259414225941,-0.40431654676259,0.4593175853018373,0.28358208955223885,-0.489247311827957,0.7419354838709676,-0.10888252148997135,-0.47697756788665885,-0.4970862470862471,0.03820086260012323,-0.08003048780487804,0.41903584672435107,-0.04295704295704296,-0.16666666666666669,0.0
0.8448448448448449,-0.26720647773279355,0.08272506082725062,-0.5364705882352941,0.4228421970357454,-0.5454545454545454,-0.04858757062146892,0.200836820083682,-0.2690647482014389,0.3902012248468941,-0.1956882255389718,-0.4551971326164874,0.3864104323953328,0.41117478510028654,-0.5035419126328218,-0.3578088578088578,0.16389402341343193,-0.14176829268292682,0.12299134734239803,-0.2517482517482518,-0.33438155136268344,0.0
0.8458458458458459,0.30431848852901483,0.5790754257907542,0.14039215686274512,0.2598081952920662,-0.2872281093139989,-0.27231638418079096,0.1394700139470014,-0.2884892086330936,0.048118985126859144,0.2802653399668325,0.04301075268817204,0.6774193548387096,-0.5329512893982808,-0.13046044864226683,-0.5005827505827506,-0.19285274183610598,-0.23551829268292682,0.20086526576019778,0.04895104895104896,-0.07442348008385744,0.0
0.8468468468468469,0.45344129554655876,0.794403892944039,-0.3654901960784314,0.36442894507410634,-0.43614054656999446,-0.2022598870056497,0.5704323570432357,-0.3489208633093525,0.5249343832020997,0.4477611940298508,-0.38888888888888884,0.4317089910775566,-0.6575931232091691,-0.41204250295159384,-0.3694638694638695,-0.37461491065927294,-0.007621951219512195,0.6038318912237329,-0.2087912087912088,-0.3888888888888889,0.0
0.8478478478478478,0.3657219973009447,0.6326034063260341,-0.2650980392156863,0.4350479511769834,-0.3184606804238706,-0.10621468926553672,0.33612273361227335,-0.46978417266187056,0.06561679790026247,0.35323383084577115,-0.35842293906810035,0.5188743994509265,-0.2664756446991404,-0.21782762691853602,-0.5827505827505828,-0.08872458410351201,-0.27972560975609756,0.34239802224969096,-0.5244755244755246,-0.46540880503144655,0.0
0.8488488488488488,-0.3076923076923077,0.029197080291970805,-0.6815686274509805,0.32781168265039234,-0.7830451756832125,-0.06892655367231638,0.2482566248256625,-0.16474820143884894,0.5179352580927383,0.04311774461028192,-0.7715053763440859,0.6204529855868223,0.24641833810888253,-0.654073199527745,-0.3653846153846154,0.45040049291435613,0.06859756097560975,0.07540173053152038,0.1058941058941059,-0.05660377358490566,0.0
0.8498498498498499,0.16059379217273953,0.25669099756691,-0.37254901960784315,0.6547515257192676,-0.5409927495817066,0.003389830508474576,0.5076708507670851,-0.1956834532374101,0.2545931758530183,-0.2868988391376451,-0.40232974910394265,0.5202470830473576,0.02865329512893983,-0.4740259740259741,-0.5582750582750583,-0.1645101663585952,-0.27286585365853655,0.40605686032138444,-0.3216783216783217,-0.4276729559748428,0.0
0.8508508508508509,0.3083670715249663,0.23357664233576644,-0.24000000000000002,0.5326939843068875,-0.46569994422755157,0.015819209039548022,0.6750348675034867,-0.2517985611510791,0.5231846019247594,0.06301824212271974,-0.38440860215053757,0.36238846945778996,0.011461318051575933,-0.4043683589138135,-0.5250582750582751,-0.07578558225508318,-0.3132621951219512,0.4048207663782447,-0.2707292707292708,-0.4968553459119497,0.0
0.8518518518518519,0.37651821862348184,0.7518248175182483,-0.37490196078431376,0.5632083696599826,-0.3502509760178472,-0.280225988700565,0.28870292887029286,-0.516546762589928,0.5739282589676291,0.6965174129353234,-0.2992831541218638,0.4962251201098146,-0.36532951289398286,-0.3412042502951594,-0.6526806526806528,-0.28342575477510784,-0.1135670731707317,0.6878862793572311,-0.2517482517482518,-0.5094339622641509,0.0
0.8528528528528528,0.6950067476383266,0.6703163017031631,-0.09647058823529413,0.6939843068875328,-0.08923591745677636,-0.30282485875706217,0.5439330543933055,-0.7000000000000001,-0.007874015748031496,0.46600331674958545,-0.2598566308243727,0.3568977350720659,-0.3538681948424069,-0.07851239669421488,-0.6113053613053613,-0.7751078250154035,-0.3544207317073171,0.8176761433868973,-0.5664335664335665,-0.7002096436058701,0.0
0.8538538538538538,0.47638326585695007,0.6885644768856447,-0.31607843137254904,0.6652136006974717,-0.28667038482989404,-0.1480225988700565,0.603905160390516,-0.7733812949640289,0.21347331583552054,0.3864013266998342,-0.43906810035842286,0.31708991077556625,-0.5744985673352436,-0.2922077922077922,-0.6561771561771561,-0.18299445471349352,-0.29878048780487804,0.6322620519159455,-0.6413586413586414,-0.7253668763102725,0.0
0.8548548548548549,0.33940620782726044,0.3321167883211679,-0.33176470588235296,0.5492589363557105,-0.2872281093139989,0.003389830508474576,0.4211994421199442,-0.6489208633093526,-0.015748031496062992,-0.009950248756218905,-0.4175627240143369,0.38503774879890185,-0.33810888252148996,-0.1487603305785124,-0.6375291375291375,-0.03265557609365373,-0.33231707317073167,0.20024721878862792,-0.36863136863136864,-0.4937106918238994,0.0
0.8558558558558559,0.20040485829959515,0.7822384428223845,-0.3490196078431373,0.3836094158674804,-0.4539877300613497,-0.0327683615819209,0.46164574616457466,-0.3827338129496403,0.5301837270341208,0.39303482587064675,-0.4103942652329749,0.6252573781743308,-0.8123209169054441,-0.3069657615112161,-0.36480186480186483,0.022181146025878003,-0.10060975609756098,0.36155747836835594,0.019980019980019983,-0.1540880503144654,0.0
0.8568568568568569,0.47638326585695007,0.5231143552311436,-0.3215686274509804,0.5823888404533566,-0.4216397099832683,-0.23276836158192088,0.47001394700139476,-0.718705035971223,0.21434820647419073,0.12106135986733,-0.49014336917562723,0.4763212079615648,-0.6991404011461319,-0.34887839433293977,-0.5565268065268065,-0.051756007393715345,-0.2347560975609756,0.5278121137206427,-0.2327672327672328,-0.4067085953878407,0.0
0.8578578578578578,-0.11470985155195683,0.232360097323601,-0.1011764705882353,0.38099389712292936,-0.5560513106525377,-0.1536723163841808,0.28312412831241285,0.11798561151079139,0.30008748906386706,0.18739635157545606,-0.25089605734767023,0.6108442004118051,-0.44842406876790836,-0.39669421487603307,-0.36013986013986016,0.0036968576709796672,-0.08003048780487804,0.12237330037082818,-0.07192807192807193,-0.18238993710691823,0.0
0.8588588588588588,-0.23819163292847503,0.17761557177615572,-0.3647058823529412,0.3225806451612903,-0.5638594534300055,0.1751412429378531,0.13389121338912136,-0.21582733812949642,0.2694663167104112,-0.3913764510779436,-0.38888888888888884,0.6465339739190116,0.10744985673352436,-0.46399055489964586,-0.5501165501165501,0.34134319162045595,-0.18597560975609756,0.08405438813349815,-0.30069930069930073,-0.2148846960167715,0.0
0.8598598598598599,0.21592442645074225,0.13138686131386862,-0.44235294117647056,0.2842197035745423,-0.4143892916899052,-0.37966101694915255,0.5746164574616457,-0.35827338129496406,0.3070866141732283,0.13432835820895522,-0.492831541218638,0.3150308853809197,-0.07163323782234958,-0.39846517119244396,-0.4393939393939394,-0.1651263093037585,-0.09451219512195122,0.4555006180469715,-0.27572427572427577,-0.3249475890985325,0.0
0.8608608608608609,-0.12887989203778677,0.0535279805352798,-0.11764705882352941,0.3173496076721883,-0.2849972113775795,0.17062146892655367,0.42538354253835425,-0.23597122302158277,0.1784776902887139,0.04975124378109453,-0.15412186379928314,0.5161290322580645,0.12893982808022922,-0.23966942148760334,-0.5332167832167832,0.09981515711645102,-0.31935975609756095,-0.03399258343634116,-0.07292707292707293,-0.21593291404612158,0.0
0.8618618618618619,0.14642375168690958,0.6447688564476887,-0.08313725490196079,0.3853530950305144,-0.5471277189068601,-0.02598870056497175,0.3152022315202232,-0.4079136690647482,0.48468941382327213,0.24543946932006633,-0.25716845878136196,0.544955387783116,-0.11604584527220632,-0.539551357733176,-0.6095571095571096,0.06284658040665433,0.035823170731707314,0.44190358467243507,-0.26173826173826176,-0.3951781970649895,0.0
0.8628628628628628,0.4824561403508772,0.5766423357664233,0.0596078431372549,0.7166521360069746,-0.1366424986056888,-0.15141242937853108,0.6387726638772664,-0.383453237410072,0.29483814523184604,0.2752902155887231,-0.017921146953405017,0.2573781743308167,-0.5573065902578798,-0.15112160566706023,-0.4551282051282052,-0.5311152187307455,-0.3041158536585366,0.5339925834363412,-0.42757242757242764,-0.6048218029350104,0.0
0.8638638638638638,0.6282051282051282,0.8138686131386862,-0.41803921568627456,0.7306015693112466,-0.271611823759063,-0.22033898305084745,0.6234309623430963,-0.5805755395683454,0.5748031496062992,0.7810945273631841,-0.43817204301075263,0.3568977350720659,-0.7478510028653296,-0.23789846517119245,-0.3111888111888112,-0.43561306223043744,-0.2233231707317073,0.745982694684796,-0.05494505494505495,-0.3406708595387841,0.0
0.8648648648648649,0.037112010796221326,0.45498783454987834,-0.659607843137255,0.37837837837837834,-0.6090351366424986,-0.0847457627118644,0.6415620641562064,-0.18992805755395686,0.6701662292213474,0.20729684908789386,-0.6451612903225805,0.36032944406314343,-0.09025787965616046,-0.4415584415584416,-0.30303030303030304,-0.0166358595194085,-0.08079268292682926,0.34487021013597036,0.09390609390609392,-0.03773584905660377,0.0
0.8658658658658659,-0.04385964912280702,0.29927007299270075,-0.39607843137254906,0.3801220575414124,-0.6118237590630229,-0.007909604519774011,0.08786610878661089,-0.16187050359712232,0.36132983377077865,-0.023217247097844115,-0.3978494623655914,0.5868222374742621,0.06876790830945559,-0.5147579693034239,-0.5203962703962705,0.06223043746149107,-0.19207317073170732,0.21446229913473422,-0.13486513486513488,-0.2840670859538784,0.0
0.8668668668668669,0.5755735492577598,0.7530413625304136,-0.006274509803921569,0.43940714908456846,-0.10094813162297825,-0.096045197740113,0.13807531380753138,-0.6143884892086331,0.03937007874015748,0.3150912106135987,0.014336917562724013,0.6286890871654084,-0.8037249283667623,-0.07615112160566706,-0.7261072261072261,-0.4306839186691312,-0.33231707317073167,0.5562422744128553,-0.3866133866133867,-0.5324947589098533,0.0
0.8678678678678678,0.049257759784075573,0.16909975669099758,-0.2023529411764706,0.35222319093286836,-0.3619631901840491,-0.1672316384180791,0.06415620641562064,-0.31366906474820144,0.10061242344706912,-0.0945273631840796,-0.12365591397849462,0.547700754975978,0.12177650429799429,-0.3760330578512397,-0.5460372960372961,-0.19285274183610598,-0.16310975609756095,0.3207663782447466,-0.2767232767232768,-0.2756813417190776,0.0
0.8688688688688688,-0.17341430499325236,-0.018248175182481754,-0.2031372549019608,0.32781168265039234,-0.5008365867261573,-0.010169491525423728,0.3138075313807532,-0.08129496402877699,0.19860017497812774,0.029850746268656716,-0.31003584229390674,0.5655456417295813,-0.2492836676217765,-0.4197166469893743,-0.3071095571095571,0.06900800985828713,-0.11966463414634146,0.01792336217552534,0.06493506493506494,-0.2379454926624738,0.0
0.8698698698698699,0.11133603238866398,0.6338199513381996,-0.7309803921568628,0.4786399302528335,-0.7657557166759621,-0.20677966101694914,0.39609483960948394,-0.13453237410071944,0.642169728783902,0.008291873963515755,-0.7670250896057347,0.4749485243651338,-0.4842406876790832,-0.6770956316410862,-0.31701631701631705,-0.012322858903265559,-0.07393292682926829,0.5747836835599506,0.03796203796203797,-0.2903563941299791,0.0
0.8708708708708709,0.25033738191632926,0.5815085158150851,0.1035294117647059,0.4245858761987794,-0.4578918014500836,-0.1672316384180791,0.2649930264993027,-0.26762589928057556,0.4208223972003499,0.24212271973466,-0.006272401433691756,0.6794783802333562,-0.5300859598853869,-0.44037780401416765,-0.4976689976689977,-0.36290819470117064,-0.12195121951219512,0.5432632880098888,-0.059940059940059943,-0.44025157232704404,0.0
0.8718718718718719,0.37314439946018896,0.16788321167883213,-0.19215686274509805,0.41325196163905836,-0.36977133296151704,-0.13220338983050847,0.400278940027894,-0.4611510791366907,0.5336832895888014,0.30016583747927034,-0.3593189964157706,0.5065202470830473,0.08166189111747851,-0.34415584415584416,-0.4667832167832168,-0.04497843499691928,-0.23323170731707316,0.4487021013597033,-0.17282717282717283,-0.2788259958071279,0.0
0.8728728728728729,0.35964912280701755,0.6934306569343065,-0.22352941176470587,0.4359197907585004,-0.3803680981595092,-0.21129943502824858,0.391910739191074,-0.5769784172661871,0.4908136482939633,0.2669983416252073,-0.282258064516129,0.4557309540150995,-0.1189111747851003,-0.30165289256198347,-0.5710955710955711,-0.12877387553912506,-0.2202743902439024,0.4480840543881335,-0.19180819180819184,-0.409853249475891,0.0
0.8738738738738738,0.2813765182186235,0.537712895377129,-0.05176470588235295,0.4777680906713165,-0.32124930284439485,-0.21694915254237288,0.5118549511854952,-0.3489208633093525,0.20384951881014873,0.46268656716417916,-0.1657706093189964,0.5737817433081674,-0.3424068767908309,-0.15820543093270367,-0.6532634032634033,-0.3561306223043746,-0.3216463414634146,0.41718170580964153,-0.3656343656343657,-0.5555555555555556,0.0
0.8748748748748749,0.3508771929824562,0.43309002433090027,-0.23294117647058823,0.3888404533565824,-0.42889012827663137,-0.07796610169491526,0.5913528591352859,-0.16330935251798562,0.2992125984251969,0.39800995024875624,-0.275089605734767,0.47014413177762526,-0.6418338108882522,-0.2408500590318772,-0.29662004662004665,-0.3068391866913124,-0.05335365853658537,0.32509270704573545,-0.15784215784215785,-0.26624737945492666,0.0
0.8758758758758759,0.33265856950067474,0.6630170316301705,-0.3866666666666667,0.4821272885789015,-0.3597322922476297,-0.5084745762711864,0.6304044630404464,-0.4273381294964029,0.7025371828521435,0.21227197346600332,-0.5080645161290321,0.38778311599176385,-0.4914040114613181,-0.4923258559622196,-0.21853146853146854,-0.414664202094886,0.08003048780487804,0.76885043263288,0.02297702297702298,-0.25052410901467503,0.0
0.8768768768768769,0.1862348178137652,0.21776155717761558,-0.3631372549019608,0.5082824760244115,-0.5805911879531511,0.15141242937853108,0.019525801952580198,-0.5338129496402878,-0.09361329833770779,-0.16417910447761194,-0.34050179211469533,0.7762525737817433,-0.16905444126074498,-0.32526564344746167,-0.7220279720279721,0.014787430683918669,-0.3048780487804878,0.23485784919653893,-0.49650349650349657,-0.5041928721174004,0.0
0.8778778778778779,0.50944669365722,0.6824817518248176,-0.6423529411764706,0.5187445510026155,-0.5002788622420524,-0.36271186440677966,0.28591352859135283,-0.3,0.41732283464566927,0.7014925373134329,-0.5716845878136201,0.32944406314344543,-0.497134670487106,-0.42207792207792205,-0.27913752913752915,-0.3265557609365373,-0.020579268292682924,0.5945611866501853,-0.29870129870129875,-0.29874213836477986,0.0
0.8788788788788788,-0.058704453441295545,0.5778588807785888,-0.25333333333333335,0.30427201394943326,-0.5220301171221418,-0.08361581920903954,0.6108786610878661,-0.28489208633093527,0.47331583552055995,0.548922056384743,-0.40770609318996415,0.4166094715168153,-0.2879656160458453,-0.3500590318772137,-0.43006993006993005,-0.22735674676524953,-0.19283536585365854,0.30778739184177994,-0.05294705294705295,-0.2358490566037736,0.0
0.8798798798798799,0.058029689608636977,0.4598540145985402,-0.01411764705882353,0.4019180470793374,-0.5158951477969883,0.26666666666666666,0.2105997210599721,-0.36043165467625904,0.34908136482939633,0.23217247097844115,-0.21415770609318993,0.5099519560741249,-0.12034383954154729,-0.4079102715466352,-0.6643356643356643,-0.06839186691312385,-0.13262195121951217,0.3906056860321384,-0.35864135864135865,-0.578616352201258,0.0
0.8808808808808809,0.4595141700404859,0.36009732360097324,-0.22980392156862745,0.7131647776809067,-0.3452314556609035,-0.05762711864406779,0.5843793584379359,-0.6071942446043166,0.252843394575678,0.4361525704809287,-0.2768817204301075,0.6183939601921757,-0.1189111747851003,-0.23671782762691856,-0.8677156177156178,-0.08009858287122612,-0.32469512195121947,0.48084054388133496,-0.7282717282717284,-0.7033542976939204,0.0
0.8818818818818819,0.5910931174089069,0.29440389294403896,-0.16470588235294117,0.5980819529206627,-0.07919687674288901,-0.10847457627118644,0.9832635983263598,-0.420863309352518,0.03674540682414698,0.2935323383084577,-0.19623655913978494,0.21482498284145504,-0.22636103151862466,-0.025383707201889018,-0.4370629370629371,-0.49722735674676527,-0.3330792682926829,0.45735475896168104,-0.17082917082917087,-0.34905660377358494,0.0
0.8828828828828829,0.5121457489878543,0.2737226277372263,-0.11058823529411764,0.4027898866608544,-0.39486893474623536,-0.12655367231638417,0.391910739191074,-0.3194244604316547,0.13910761154855644,-0.05472636815920399,-0.06272401433691756,0.49553877831159915,-0.06446991404011461,-0.2709563164108619,-0.7546620046620046,-0.3401109057301294,-0.32240853658536583,0.6112484548825711,-0.5504495504495506,-0.4905660377358491,0.0
0.8838838838838838,0.2058029689608637,0.30656934306569344,-0.4337254901960785,0.5370531822144725,-0.5934188510875628,-0.38757062146892657,0.5788005578800558,-0.3129496402877698,0.5039370078740157,-0.06135986733001658,-0.5770609318996416,0.3843514070006864,-0.04584527220630373,-0.5926800472255018,-0.24417249417249418,-0.06161429451632779,-0.13643292682926828,0.5111248454882571,-0.18881118881118883,-0.1320754716981132,0.0
0.8848848848848849,0.4723346828609986,0.7737226277372263,0.163921568627451,0.4760244115082825,-0.2621305075292805,-0.1807909604519774,0.1603905160390516,-0.26115107913669067,-0.01399825021872266,0.46268656716417916,0.004480286738351254,0.6472203157172272,-0.7120343839541547,-0.10920897284533648,-0.5635198135198135,-0.5637707948243993,-0.13567073170731705,0.6378244746600742,-0.2797202797202798,-0.5807127882599582,0.0
0.8858858858858859,0.13697705802968962,0.5596107055961071,-0.1231372549019608,0.5553618134263295,-0.4902398215281651,0.25875706214689265,0.09483960948396096,-0.5215827338129496,0.15835520559930008,-0.15091210613598674,-0.2598566308243727,0.6280027453671928,-0.3624641833810889,-0.3004722550177096,-0.6736596736596736,0.1651263093037585,-0.33993902439024387,0.22249690976514214,-0.3576423576423577,-0.5964360587002097,0.0
0.8868868868868869,0.548582995951417,0.15450121654501217,-0.10980392156862746,0.3897122929380994,-0.23591745677635248,0.04406779661016949,0.13249651324965134,-0.6676258992805756,0.07699037620297462,0.17412935323383086,-0.2060931899641577,0.793411118737131,-0.09455587392550144,-0.1593860684769776,-0.6486013986013986,-0.12322858903265559,-0.2309451219512195,0.43572311495673666,-0.29270729270729273,-0.41823899371069184,0.0
0.8878878878878879,0.07894736842105264,0.4622871046228711,-0.25254901960784315,0.4786399302528335,-0.47908533184606805,-0.022598870056497175,0.4797768479776848,-0.26402877697841726,0.12510936132983375,0.12603648424543948,-0.19802867383512543,0.455044612216884,-0.22349570200573068,-0.3057851239669422,-0.4813519813519813,-0.09858287122612447,-0.1570121951219512,0.27812113720642767,-0.26473526473526476,-0.46855345911949686,0.0
0.8888888888888888,0.4433198380566802,0.464720194647202,-0.18666666666666668,0.5405405405405406,-0.31232571109871726,-0.22937853107344633,0.3417015341701534,-0.7338129496402879,0.16885389326334208,-0.087893864013267,-0.3261648745519713,0.5456417295813315,0.17191977077363899,-0.2898465171192444,-0.7977855477855478,-0.10351201478743069,-0.28048780487804875,0.5494437577255871,-0.5044955044955045,-0.6855345911949686,0.0
0.8898898898898899,0.4520917678812416,0.6557177615571776,-0.12862745098039216,0.5239755884917175,-0.1388733965421082,-0.13559322033898305,0.390516039051604,-0.664748201438849,0.12860892388451442,0.33996683250414594,-0.19982078853046595,0.726149622512011,-0.5214899713467049,-0.18358913813459268,-0.5868298368298368,-0.3314849044978435,-0.2240853658536585,0.5241038318912237,-0.4105894105894106,-0.6436058700209644,0.0
0.8908908908908909,-0.13427800269905535,0.14720194647201948,-0.06274509803921569,0.4585876198779425,-0.5069715560513107,-0.014689265536723162,0.42677824267782427,-0.1014388489208633,0.4208223972003499,0.1359867330016584,-0.29032258064516125,0.3733699382292382,-0.13896848137535817,-0.42739079102715466,-0.3881118881118881,-0.14602587800369685,-0.14557926829268292,0.24907292954264523,-0.25074925074925075,-0.36058700209643607,0.0
0.8918918918918919,0.699055330634278,0.7615571776155718,0.13098039215686277,0.49782040104620745,-0.2136084774121584,0.011299435028248588,0.22733612273361228,-0.5129496402877698,0.17585301837270342,0.7230514096185738,-0.10035842293906809,0.515442690459849,-0.7464183381088826,-0.07674144037780402,-0.5594405594405595,-0.36290819470117064,-0.2842987804878049,0.5451174289245982,-0.47952047952047955,-0.3689727463312369,0.0
0.8928928928928929,0.6025641025641025,0.8369829683698297,-0.09176470588235296,0.7593722755013077,-0.3575013943112103,0.23163841807909602,0.499302649930265,-0.7179856115107914,0.5293088363954506,0.26036484245439473,-0.27777777777777773,0.4824982841455044,-0.6905444126074499,-0.35832349468713104,-0.6958041958041958,-0.42945163277880466,-0.17378048780487804,0.8084054388133498,-0.6773226773226775,-0.8280922431865829,0.0
0.8938938938938938,0.08974358974358974,0.5912408759124088,-0.46509803921568627,0.44376634699215345,-0.5906302286670385,-0.3807909604519774,0.3179916317991632,-0.33669064748201444,0.5275590551181102,0.21890547263681595,-0.5815412186379928,0.578586135895676,-0.7750716332378225,-0.5832349468713105,-0.3304195804195804,-0.017252002464571783,0.024390243902439025,0.4876390605686032,-0.12687312687312688,-0.08385744234800839,0.0
0.8948948948948949,-0.22537112010796223,0.3321167883211679,-0.2407843137254902,0.26939843068875324,-0.5761293920803123,0.1694915254237288,0.19386331938633197,-0.26187050359712233,0.27384076990376205,0.14925373134328357,-0.33602150537634407,0.6973232669869595,-0.3524355300859599,-0.4557260920897285,-0.5687645687645687,0.10720887245841035,-0.06326219512195122,0.23733003708281827,-0.2227772227772228,-0.33542976939203356,0.0
0.8958958958958959,0.36302294197031043,0.5523114355231145,-0.39764705882352946,0.6050566695727986,-0.3084216397099833,0.031638418079096044,0.41841004184100417,-0.4676258992805756,0.30358705161854765,0.4096185737976783,-0.41129032258064513,0.4035689773507206,-0.30515759312320917,-0.3105076741440378,-0.4994172494172494,-0.20271102895871843,-0.07698170731707317,0.4826946847960445,-0.32467532467532473,-0.5272536687631028,0.0
0.8968968968968969,-0.3434547908232119,-0.012165450121654502,-0.3121568627450981,0.22755013077593722,-0.6162855549358617,0.0384180790960452,0.061366806136680614,-0.21223021582733814,0.47069116360454943,-0.26533996683250416,-0.48655913978494625,0.5291695264241593,0.17621776504297995,-0.6434474616292799,-0.31876456876456877,0.31608133086876156,-0.1173780487804878,0.07354758961681086,0.11988011988011989,0.0010482180293501049,0.0
0.8978978978978979,0.3549257759784076,0.4695863746958638,-0.09254901960784313,0.3966870095902354,-0.2219743446737312,-0.17288135593220338,0.5801952580195258,-0.5489208633093525,0.40682414698162733,0.4477611940298508,-0.20161290322580644,0.42759094028826355,-0.4727793696275072,-0.24321133412042503,-0.5658508158508159,-0.16943930991990144,-0.14710365853658536,0.4215080346106304,-0.22977022977022982,-0.30398322851153037,0.0
0.8988988988988988,-0.368421052631579,0.18613138686131386,-0.4541176470588235,0.16129032258064516,-0.7389849414389291,0.14689265536723164,0.3612273361227336,-0.18705035971223025,0.5275590551181102,0.14925373134328357,-0.5546594982078853,0.42415923129718597,0.24355300859598858,-0.5785123966942148,-0.4015151515151515,0.4331484904497843,0.07774390243902438,0.07169344870210136,0.1118881118881119,-0.039832285115303984,0.0
0.8998998998998999,0.47638326585695007,0.7226277372262774,-0.24705882352941178,0.5178727114210985,-0.4952593418851088,0.00903954802259887,0.6359832635983264,-0.3532374100719425,0.22922134733158356,0.25870646766169153,-0.3440860215053763,0.365133836650652,-0.5859598853868195,-0.2927981109799292,-0.567016317016317,-0.32470733210104746,-0.22484756097560973,0.6124845488257107,-0.4065934065934066,-0.5146750524109015,0.0
0.9009009009009009,0.0883940620782726,0.5875912408759124,-0.42431372549019614,0.4803836094158675,-0.3703290574456219,0.004519774011299435,0.502092050209205,-0.5021582733812949,0.6710411198600175,0.1658374792703151,-0.5224014336917562,0.3768016472203157,-0.2363896848137536,-0.34533648170011805,-0.5034965034965035,0.08810844115834873,-0.34984756097560976,0.365265760197775,-0.08591408591408592,-0.31236897274633124,0.0
0.9019019019019019,0.16936572199730096,0.5012165450121655,-0.2407843137254902,0.29904097646033134,-0.4662576687116564,-0.2022598870056497,0.6345885634588564,-0.16187050359712232,0.626421697287839,0.3482587064676617,-0.2948028673835125,0.41866849691146185,-0.6217765042979944,-0.37131050767414403,-0.2907925407925408,-0.13123844731977818,-0.10746951219512194,0.4375772558714462,0.06293706293706294,0.032494758909853254,0.0
0.9029029029029029,0.43792172739541163,0.4829683698296838,-0.3247058823529412,0.5632083696599826,-0.24930284439486894,-0.2135593220338983,0.28451882845188287,-0.641726618705036,0.21347331583552054,0.3018242122719735,-0.3772401433691756,0.49210706932052156,-0.23209169054441264,-0.20247933884297523,-0.49125874125874125,-0.3826247689463956,-0.24695121951219512,0.49752781211372066,-0.2327672327672328,-0.4056603773584906,0.0
0.9039039039039038,-0.02564102564102564,0.10462287104622871,-0.2070588235294118,0.7000871839581517,-0.4539877300613497,0.1401129943502825,0.3542538354253836,-0.44028776978417267,0.2773403324584427,0.026533996683250415,-0.3082437275985663,0.43994509265614273,-0.19914040114613182,-0.30637544273907913,-0.6917249417249418,0.10967344423906346,-0.3483231707317073,0.14585908529048205,-0.7062937062937064,-0.8522012578616353,0.0
0.9049049049049049,0.2651821862348178,0.4014598540145986,-0.14745098039215687,0.4385353095030514,-0.28220858895705525,0.35141242937853107,0.3138075313807532,-0.4920863309352519,0.08923884514435695,0.40630182421227196,-0.15770609318996415,0.6856554564172957,-0.3194842406876791,-0.22668240850059032,-0.6474358974358975,-0.266173752310536,-0.2820121951219512,0.45302843016069216,-0.4155844155844156,-0.5356394129979036,0.0
0.9059059059059059,0.45546558704453444,0.6204379562043796,-0.3450980392156863,0.5274629468177855,-0.24930284439486894,-0.17401129943502824,0.5676429567642957,-0.6374100719424461,0.3779527559055118,0.2271973466003317,-0.2544802867383512,0.6280027453671928,-0.04584527220630373,-0.230814639905549,-0.69988344988345,-0.18299445471349352,-0.23704268292682926,0.519159456118665,-0.2117882117882118,-0.510482180293501,0.0
0.9069069069069069,0.04993252361673414,0.30413625304136255,-0.1419607843137255,0.3975588491717524,-0.33184606804238703,0.020338983050847456,0.4560669456066946,-0.3309352517985612,0.1452318460192476,0.38971807628524047,-0.20519713261648745,0.49073438572409056,-0.06590257879656161,-0.2190082644628099,-0.5402097902097902,-0.14109673444239065,-0.21112804878048783,0.21322620519159452,-0.2057942057942058,-0.3721174004192872,0.0
0.9079079079079079,-0.04251012145748988,0.09245742092457421,-0.0023529411764705885,0.5283347863993025,-0.2766313441160067,-0.0903954802259887,0.22315202231520226,-0.41870503597122305,0.20909886264216973,0.0978441127694859,-0.06182795698924731,0.6465339739190116,0.07736389684813753,-0.21959858323494688,-0.5617715617715617,-0.03203943314849045,-0.3140243902439024,0.18479604449938195,-0.37762237762237766,-0.39308176100628933,0.0
0.908908908908909,0.24156545209176788,0.4841849148418492,0.39529411764705885,0.4123801220575414,-0.20245398773006135,-0.023728813559322035,0.6959553695955369,-0.1143884892086331,0.05861767279090114,0.008291873963515755,0.18996415770609318,0.3266986959505834,-0.3911174785100287,-0.05785123966942149,-0.7301864801864801,-0.2784966112138016,-0.35060975609756095,0.3065512978986403,-0.4025974025974027,-0.3563941299790357,0.0
0.9099099099099099,0.8785425101214576,0.5705596107055961,0.3074509803921569,0.4751525719267655,-0.01505856107083101,-0.3107344632768362,0.3542538354253836,-0.5338129496402878,-0.07611548556430446,0.3797678275290216,0.17293906810035842,0.5703500343170899,-0.4269340974212035,0.001180637544273908,-0.5868298368298368,-0.8570548367221196,-0.27210365853658536,0.7762669962917181,-0.23976023976023977,-0.41614255765199165,0.0
0.9109109109109109,0.39473684210526316,0.22627737226277372,-0.08235294117647059,0.5318221447253705,-0.2693809258226436,-0.16610169491525423,0.13389121338912136,-0.5294964028776978,0.06561679790026247,0.2139303482587065,-0.25089605734767023,0.5978037062457103,-0.14326647564469916,-0.22904368358913815,-0.6247086247086248,-0.05791743684534812,-0.26829268292682923,0.22620519159456118,-0.2837162837162837,-0.3731656184486373,0.0
0.9119119119119119,0.15789473684210528,0.4720194647201947,-0.33960784313725495,0.4289450741063644,-0.4316787506971556,0.10169491525423728,0.36262203626220363,-0.5302158273381296,0.5161854768153981,0.17081260364842454,-0.47401433691756273,0.5319148936170213,-0.3739255014326648,-0.3742621015348288,-0.5326340326340326,0.1398644485520641,-0.13490853658536583,0.21384425216316438,-0.17382617382617382,-0.4234800838574424,0.0
0.9129129129129129,0.4790823211875843,0.648418491484185,-0.4290196078431373,0.3217088055797733,-0.4160624651422198,-0.19774011299435026,0.8451882845188284,-0.4453237410071943,0.5686789151356081,0.2354892205638474,-0.46415770609318996,0.2868908716540837,-0.14756446991404013,-0.42266824085005905,-0.32925407925407923,-0.2144177449168207,-0.16387195121951217,0.6953028430160691,-0.006993006993006994,-0.15932914046121593,0.0
0.913913913913914,-0.16059379217273953,0.2688564476885645,-0.22588235294117648,0.5231037489102005,-0.501952035694367,0.29152542372881357,0.28172942817294283,-0.160431654676259,0.13910761154855644,0.05638474295190714,-0.31810035842293904,0.5655456417295813,-0.19914040114613182,-0.31345926800472257,-0.5081585081585082,0.23166974738139248,-0.14176829268292682,-0.0012360939431396785,-0.26473526473526476,-0.3448637316561845,0.0
0.914914914914915,-0.0910931174089069,0.5656934306569343,-0.6580392156862745,0.26591107236268524,-0.8538761851645287,-0.020338983050847456,0.25523012552301255,-0.04676258992805756,0.7489063867016623,0.296849087893864,-0.7473118279569891,0.4653397391901167,-0.15902578796561606,-0.7077922077922079,-0.2645687645687646,0.11768330252618607,0.1836890243902439,0.27873918417799753,0.1288711288711289,-0.149895178197065,0.0
0.9159159159159159,-0.24561403508771928,0.09124087591240876,-0.6305882352941178,0.2938099389712293,-0.7640825432236477,0.04067796610169491,0.4825662482566248,-0.08489208633093526,0.7077865266841645,0.35655058043117743,-0.6568100358422938,0.3109128345916266,0.16762177650429802,-0.5873671782762692,-0.3106060606060606,0.20764017252002465,-0.12957317073170732,0.09703337453646477,0.2637362637362638,0.09958071278825996,0.0
0.9169169169169169,0.39676113360323884,0.7299270072992701,-0.12392156862745099,0.6486486486486487,-0.3474623535973229,-0.12090395480225988,0.3403068340306834,-0.6388489208633094,0.2650918635170604,0.3034825870646766,-0.282258064516129,0.4811256005490734,-0.5816618911174786,-0.256198347107438,-0.5448717948717949,-0.30745532963647565,-0.31478658536585363,0.6161928306551298,-0.31468531468531474,-0.5807127882599582,0.0
0.9179179179179179,0.2719298245614035,0.5486618004866181,-0.012549019607843138,0.35309503051438534,-0.4668153931957613,-0.05875706214689265,0.595536959553696,-0.05251798561151079,0.43919510061242345,0.13764510779436154,-0.1908602150537634,0.3617021276595745,-0.48137535816618915,-0.3382526564344746,-0.20337995337995338,-0.47381392483056073,-0.25914634146341464,0.5216316440049443,0.4615384615384616,0.006289308176100629,0.0
0.918918918918919,0.08569500674763833,0.23600973236009734,-0.058823529411764705,0.5091543156059285,-0.33575013943112103,-0.11864406779661016,0.1603905160390516,-0.3258992805755396,0.1601049868766404,-0.0978441127694859,-0.10842293906810034,0.6369251887439945,-0.23495702005730662,-0.22491145218417946,-0.6847319347319347,-0.04867529266789895,-0.274390243902439,0.16007416563658838,-0.4125874125874126,-0.5083857442348009,0.0
0.91991991991992,0.5323886639676114,0.49270072992700736,-0.19686274509803922,0.4786399302528335,-0.40658114891243724,0.03728813559322034,0.5258019525801952,-0.40287769784172667,0.3289588801399825,0.2669983416252073,-0.26254480286738346,0.4715168153740563,-0.17478510028653296,-0.24262101534828806,-0.5099067599067599,-0.21811460258780035,-0.2614329268292683,0.47466007416563655,-0.009990009990009992,-0.36792452830188677,0.0
0.9209209209209209,0.15182186234817815,0.2055961070559611,0.02980392156862745,0.2894507410636443,-0.26547685443390967,-0.18531073446327684,0.11715481171548119,-0.22517985611510793,0.16447944006999124,0.20729684908789386,-0.0510752688172043,0.6664378860672614,0.08882521489971347,-0.2089728453364817,-0.36713286713286714,-0.34257547751078254,-0.2027439024390244,0.29666254635352285,0.009990009990009992,-0.14046121593291405,0.0
0.9219219219219219,0.4568151147098516,0.624087591240876,-0.2650980392156863,0.33478639930252835,-0.42889012827663137,-0.21129943502824858,0.3668061366806137,-0.4582733812949641,0.6447944006999125,0.5638474295190714,-0.4534050179211469,0.46877144818119426,-0.5186246418338109,-0.359504132231405,-0.40675990675990675,-0.1589648798521257,-0.07088414634146341,0.5673671199011124,-0.06793206793206795,-0.25471698113207547,0.0
0.9229229229229229,-0.12887989203778677,0.17518248175182483,-0.07764705882352942,0.49782040104620745,-0.6029001673173452,0.3073446327683616,0.2105997210599721,0.01079136690647482,0.1968503937007874,-0.2802653399668325,-0.3422939068100358,0.6286890871654084,-0.012893982808022923,-0.43034238488783944,-0.3653846153846154,0.16882316697473815,-0.3407012195121951,-0.051297898640296664,-0.14385614385614387,-0.3658280922431866,0.0
0.923923923923924,0.09986504723346828,0.2141119221411192,-0.13568627450980392,0.23626852659110725,-0.2861126603457892,-0.09717514124293784,0.4811715481171548,-0.3122302158273382,0.22484689413823272,0.20398009950248758,-0.10663082437275984,0.34317089910775567,0.005730659025787966,-0.24557260920897284,-0.6456876456876458,-0.1337030191004313,-0.18064024390243902,0.18541409147095178,-0.35064935064935066,-0.45178197064989517,0.0
0.924924924924925,-0.15789473684210528,0.4343065693430657,-0.4290196078431373,0.4272013949433304,-0.4991634132738427,0.07570621468926554,0.4574616457461646,-0.18848920863309354,0.4164479440069991,0.03482587064676617,-0.3691756272401433,0.5586822237474262,-0.3108882521489972,-0.4710743801652893,-0.37004662004662003,0.06839186691312385,-0.0625,0.1526576019777503,-0.19580419580419584,-0.23060796645702308,0.0
0.9259259259259259,0.6538461538461539,0.49635036496350365,-0.21568627450980396,0.6355710549258936,-0.25766871165644173,-0.39999999999999997,0.41283124128312415,-0.7079136690647483,0.3132108486439195,0.373134328358209,-0.4032258064516129,0.37405628002745367,-0.19484240687679086,-0.1871310507674144,-0.4428904428904429,-0.5243376463339494,-0.2766768292682927,0.7657601977750309,-0.12687312687312688,-0.3731656184486373,0.0
0.9269269269269269,0.6916329284750337,0.6289537712895378,-0.2650980392156863,0.6660854402789886,-0.3965421081985499,-0.1864406779661017,0.4100418410041841,-0.3323741007194245,0.08836395450568679,0.04311774461028192,-0.3064516129032258,0.36032944406314343,-0.3896848137535817,-0.3512396694214876,-0.47727272727272724,-0.4158964879852126,-0.23932926829268292,0.6786155747836836,-0.17882117882117884,-0.5052410901467506,0.0
0.9279279279279279,-0.10323886639676114,0.22262773722627738,-0.17882352941176471,0.5379250217959896,-0.40936977133296154,0.020338983050847456,0.2747559274755928,-0.5517985611510792,0.3219597550306212,0.0812603648424544,-0.46774193548387094,0.5456417295813315,-0.23209169054441264,-0.4020070838252657,-0.48484848484848486,0.19839802834257547,-0.24314024390243902,0.22558714462299131,-0.4375624375624376,-0.4255765199161426,0.0
0.928928928928929,0.33805668016194335,0.5669099756690998,-0.44000000000000006,0.2964254577157803,-0.5270496374790853,-0.4666666666666666,0.6192468619246863,-0.43597122302158275,0.7856517935258093,0.5207296849087895,-0.5080645161290321,0.24090597117364446,-0.17335243553008597,-0.5301062573789846,-0.5034965034965035,-0.19654959950708564,0.14329268292682926,0.7948084054388134,-0.16783216783216787,-0.3805031446540881,0.0
0.92992992992993,0.0553306342780027,0.2347931873479319,-0.26196078431372555,0.46120313862249346,-0.4121583937534858,-0.0519774011299435,-0.08228730822873082,-0.2820143884892087,0.28608923884514437,-0.013266998341625208,-0.3333333333333333,0.7117364447494852,-0.10888252148997135,-0.3654073199527745,-0.34965034965034963,-0.09673444239063463,-0.14786585365853658,0.25710754017305315,-0.2237762237762238,-0.409853249475891,0.0
0.9309309309309309,0.8556005398110661,0.672749391727494,-0.19294117647058825,0.34786399302528337,-0.2403792526491913,-0.288135593220339,0.5885634588563459,-0.7014388489208634,0.347331583552056,0.5107794361525705,-0.22670250896057345,0.5161290322580645,-0.504297994269341,-0.15702479338842976,-0.5058275058275058,-0.5785582255083179,-0.25152439024390244,0.8331273176761433,-0.24675324675324678,-0.41090146750524115,0.0
0.9319319319319319,0.611336032388664,0.4233576642335766,0.07372549019607844,0.5152571926765475,-0.3034021193530396,-0.43050847457627117,0.45467224546722457,-0.3949640287769785,0.21347331583552054,0.0912106135986733,-0.03763440860215054,0.5243651338366506,-0.1518624641833811,-0.25560802833530105,-0.42482517482517484,-0.5569932224276032,-0.2538109756097561,0.7515451174289245,-0.19280719280719283,-0.27148846960167716,0.0
0.9329329329329329,0.7327935222672065,0.6642335766423358,-0.3850980392156863,0.7314734088927637,-0.30507529280535417,-0.25310734463276835,0.6052998605299861,-0.46834532374100724,0.10148731408573929,0.24046434494195687,-0.31182795698924726,0.46671242278654773,-0.34813753581661894,-0.23848878394332942,-0.5658508158508159,-0.4910659272951325,-0.3041158536585366,0.7904820766378243,-0.32267732267732274,-0.5576519916142558,0.0
0.933933933933934,0.31106612685560053,0.3953771289537713,-0.10431372549019609,0.3103748910200523,-0.577244841048522,-0.12768361581920903,0.8089260808926081,-0.1539568345323741,0.45144356955380577,0.28524046434494194,-0.23028673835125446,0.24639670555936855,-0.17335243553008597,-0.35537190082644626,-0.5973193473193473,-0.04805914972273567,-0.11432926829268292,0.4474660074165636,-0.1358641358641359,-0.25471698113207547,0.0
0.934934934934935,-0.1349527665317139,0.3564476885644769,-0.16549019607843138,-0.12467306015693111,-0.4071388733965421,-0.05649717514124294,0.3695955369595537,-0.14532374100719425,0.37970253718285213,0.32006633499170817,-0.3136200716845878,0.540837336993823,-0.40257879656160467,-0.423258559622196,-0.18997668997668998,0.0024645717806531116,0.04268292682926829,0.24412855377008652,0.3436563436563437,0.2788259958071279,0.0
0.9359359359359359,0.17611336032388664,0.3394160583941606,-0.16,0.49869224062772444,-0.4261015058561071,-0.04632768361581921,0.4379358437935844,-0.12949640287769784,0.37970253718285213,0.3698175787728027,-0.34767025089605735,0.37817433081674673,-0.3739255014326648,-0.35832349468713104,-0.23717948717948717,-0.10289587184226741,-0.1646341463414634,0.3158220024721879,0.15784215784215785,-0.24004192872117402,0.0
0.9369369369369369,0.4723346828609986,0.52676399026764,-0.2564705882352942,0.7837837837837838,-0.12269938650306748,-0.08813559322033898,0.2357043235704324,-0.8964028776978418,0.17410323709536307,0.18076285240464346,-0.31182795698924726,0.5271105010295127,-0.2492836676217765,-0.16824085005903186,-0.8851981351981352,-0.08194701170671596,-0.3102134146341463,0.38195302843016066,-0.8611388611388612,-0.928721174004193,0.0
0.9379379379379379,-0.1970310391363023,0.36009732360097324,-0.01803921568627451,0.2981691368788143,-0.5337423312883436,0.11299435028248588,0.32357043235704325,0.05107913669064748,0.6605424321959755,0.2769485903814262,-0.29032258064516125,0.38229238160603984,-0.044412607449856735,-0.49763872491145217,-0.3444055944055944,0.1281577325939618,-0.009908536585365852,0.1180469715698393,0.07392607392607393,-0.169811320754717,0.0
0.938938938938939,0.8360323886639677,0.7712895377128954,-0.19294117647058825,0.6285963382737576,-0.407696597880647,-0.21016949152542372,0.7433751743375175,-0.32014388489208634,0.37182852143482065,0.37147595356550583,-0.44175627240143367,0.3466026080988332,-0.9670487106017194,-0.23140495867768596,-0.502913752913753,-0.5908810844115835,-0.17759146341463414,0.765142150803461,-0.4395604395604396,-0.6310272536687631,0.0
0.93993993993994,0.4588394062078273,0.38442822384428227,-0.5176470588235295,0.7994768962510899,-0.7155605131065254,-0.08700564971751412,0.6582984658298465,-0.3784172661870504,0.3289588801399825,-0.024875621890547265,-0.6577060931899641,0.4708304735758408,0.08022922636103152,-0.4805194805194805,-0.5967365967365967,-0.16389402341343193,-0.1875,0.5933250927070457,-0.5224775224775225,-0.7379454926624738,0.0
0.9409409409409409,-0.08502024291497975,0.19586374695863748,-0.29490196078431374,0.26765475152571927,-0.5365309537088678,0.12429378531073446,0.22454672245467225,0.005035971223021583,0.09011373578302712,-0.1658374792703151,-0.28584229390681004,0.4447494852436513,-0.025787965616045846,-0.34651711924439194,-0.3356643356643356,0.041897720271102896,-0.23246951219512194,0.10630407911001234,-0.01098901098901099,-0.0041928721174004195,0.0
0.9419419419419419,0.1923076923076923,0.5669099756690998,-0.45019607843137255,0.48474280732345254,-0.7651979921918574,-0.3163841807909605,0.4839609483960948,-0.3489208633093525,0.7672790901137357,0.0779436152570481,-0.6030465949820788,0.3575840768702814,-0.26217765042979946,-0.6080283353010626,-0.40967365967365965,-0.16327788046826866,-0.009908536585365852,0.6131025957972805,-0.034965034965034975,-0.29874213836477986,0.0
0.9429429429429429,0.24156545209176788,0.4720194647201947,-0.10431372549019609,0.3757628596338274,-0.5521472392638037,-0.006779661016949152,0.36401673640167365,-0.2733812949640288,0.2852143482064742,-0.14759535655058043,-0.20878136200716846,0.48387096774193544,-0.29656160458452724,-0.47815820543093274,-0.6707459207459208,0.08749229821318545,-0.22637195121951217,0.43263288009888745,-0.5354645354645355,-0.3228511530398323,0.0
0.943943943943944,0.4001349527665317,0.24817518248175183,-0.2627450980392157,0.45074106364428945,-0.3385387618516453,-0.07909604519774012,0.45327754532775455,-0.47410071942446047,0.19597550306211722,0.296849087893864,-0.33422939068100355,0.33081674673987643,0.48997134670487114,-0.2154663518299882,-0.6491841491841492,-0.2335181762168823,-0.20807926829268295,0.4487021013597033,-0.4545454545454546,-0.3050314465408805,0.0
0.944944944944945,0.7766531713900136,0.6557177615571776,-0.4047058823529412,0.7750653879686138,-0.4026770775237033,-0.2192090395480226,0.8507670850767085,-0.5697841726618705,0.38232720909886264,0.2819237147595357,-0.37992831541218636,0.2971859986273164,-0.2722063037249284,-0.26564344746162927,-0.5914918414918414,-0.5890326555760936,-0.25685975609756095,0.8510506798516687,-0.6203796203796205,-0.8249475890985326,0.0
0.9459459459459459,-0.4082321187584345,0.13868613138686134,-0.1207843137254902,0.13687881429816914,-0.615170105967652,0.20903954802259886,0.01813110181311018,0.05683453237410072,0.44706911636045493,0.13432835820895522,-0.22132616487455195,0.4378860672614962,0.28510028653295133,-0.5194805194805195,-0.32051282051282054,0.23475046210720887,0.03963414634146341,-0.013597033374536462,0.08091908091908093,-0.14360587002096437,0.0
0.9469469469469469,0.354251012145749,0.2871046228710462,0.1450980392156863,0.5815170008718396,-0.3229224762967094,0.04180790960451977,0.401673640167364,-0.4158273381294964,0.0,-0.0945273631840796,0.05734767025089605,0.5428963623884695,-0.042979942693409746,-0.15407319952774498,-0.7144522144522144,-0.2174984596426371,-0.3330792682926829,0.4079110012360939,-0.6373626373626374,-0.7452830188679245,0.0
0.9479479479479479,0.10458839406207827,0.4744525547445256,-0.1835294117647059,0.3958151700087184,-0.4606804238706079,-0.11525423728813558,0.11436541143654115,-0.3827338129496403,0.39457567804024496,0.18573797678275292,-0.2544802867383512,0.4365133836650652,-0.39828080229226365,-0.4203069657615112,-0.4376456876456877,-0.19839802834257547,-0.10365853658536586,0.42954264524103825,0.019980019980019983,-0.3406708595387841,0.0
0.948948948948949,0.0883940620782726,0.2871046228710462,-0.10039215686274511,0.4524847428073235,-0.1450083658672616,-0.2542372881355932,0.17573221757322177,-0.8000000000000002,0.2204724409448819,0.26865671641791045,-0.17293906810035842,0.6410432395332876,-0.060171919770773644,-0.21074380165289255,-0.6713286713286712,0.030807147258163897,-0.27591463414634143,0.23176761433868973,-0.4255744255744256,-0.46016771488469604,0.0
0.94994994994995,-0.17611336032388664,0.416058394160584,-0.5286274509803922,0.05666957279860506,-0.7964305633017289,-0.20564971751412428,0.5383542538354255,0.1129496402877698,0.7042869641294839,0.12437810945273632,-0.5869175627240143,0.34934797529169526,-0.34527220630372496,-0.7331759149940968,-0.13986013986013987,0.18114602587800369,0.15091463414634146,0.3102595797280593,0.5914085914085915,0.15199161425576518,0.0
0.950950950950951,0.4251012145748988,0.7238442822384429,0.08392156862745098,0.5492589363557105,-0.3692136084774122,-0.01694915254237288,0.2677824267782427,-0.5107913669064749,0.18460192475940507,0.3996683250414594,-0.1854838709677419,0.5559368565545642,-0.6375358166189112,-0.33234946871310506,-0.5903263403263402,-0.3499691928527418,-0.08384146341463414,0.6452410383189122,-0.45954045954045963,-0.640461215932914,0.0
0.9519519519519519,0.04790823211875843,0.5997566909975669,-0.08549019607843138,0.5213600697471665,-0.403792526491913,0.25084745762711863,0.34449093444909346,-0.4791366906474821,0.52668416447944,0.2868988391376451,-0.19265232974910393,0.5552505147563487,-0.2363896848137536,-0.2780401416765053,-0.6969696969696969,0.033271719038817,-0.20350609756097562,0.2929542645241038,-0.49350649350649356,-0.7515723270440252,0.0
0.9529529529529529,-0.14642375168690958,0.27007299270072993,0.06980392156862746,0.23626852659110725,-0.5984383714445064,0.15819209039548024,0.055788005578800565,-0.13237410071942446,0.29746281714785655,0.1724709784411277,-0.1111111111111111,0.8270418668496912,-0.4383954154727794,-0.3742621015348288,-0.5151515151515151,0.043746149106592726,-0.1097560975609756,0.06180469715698393,-0.2287712287712288,-0.20020964360587004,0.0
0.953953953953954,0.1700404858299595,0.36496350364963503,-0.19607843137254904,0.4176111595466434,-0.45454545454545453,-0.23389830508474574,0.20362622036262204,-0.5223021582733813,0.399825021872266,0.3217247097844113,-0.32258064516129026,0.5840768702814001,-0.08739255014326648,-0.4268004722550177,-0.5180652680652681,-0.06531115218730746,-0.02820121951219512,0.42336217552533995,-0.32767232767232773,-0.3658280922431866,0.0
0.954954954954955,0.16936572199730096,0.15450121654501217,-0.17333333333333334,0.4524847428073235,-0.3825989960959287,-0.05423728813559322,0.19665271966527195,-0.5453237410071943,0.3779527559055118,0.7562189054726368,-0.17025089605734767,0.6328071379547014,-0.03724928366762178,-0.2154663518299882,-0.8170163170163169,-0.02156500308071473,-0.16996951219512194,0.2929542645241038,-0.6303696303696305,-0.6572327044025158,0.0
0.955955955955956,0.06680161943319839,0.7408759124087592,-0.4227450980392157,0.06364428945074106,-0.5326268823201339,-0.5186440677966102,0.17991631799163182,-0.27050359712230215,0.6351706036745407,0.4262023217247098,-0.5161290322580644,0.42278654770075497,-0.6776504297994269,-0.6841794569067297,-0.16608391608391607,-0.07393715341959334,0.336890243902439,0.5216316440049443,0.3076923076923077,-0.05765199161425577,0.0
0.9569569569569569,0.01349527665317139,0.47323600973236013,-0.30352941176470594,0.6120313862249346,-0.4651422197434467,0.19887005649717512,0.5606694560669456,-0.36690647482014394,0.2887139107611549,0.3615257048092869,-0.32168458781362,0.4262182566918325,-0.42120343839541546,-0.2987012987012987,-0.6130536130536131,-0.056069008009858284,-0.24390243902439024,0.242274412855377,-0.2557442557442558,-0.6184486373165619,0.0
0.9579579579579579,0.3205128205128205,0.4136253041362531,0.163921568627451,0.34437663469921537,-0.19408812046848856,-0.0,0.400278940027894,-0.19496402877697844,-0.032370953630796145,0.19237147595356552,0.025089605734767022,0.5888812628689086,-0.5286532951289399,-0.06493506493506494,-0.36596736596736595,-0.4614910659272951,-0.32240853658536583,0.25030902348578493,-0.13786213786213788,-0.1740041928721174,0.0
0.958958958958959,0.5229419703103914,0.7165450121654501,-0.11372549019607843,0.37401918047079336,-0.2660345789180145,-0.18983050847457628,0.2510460251046025,-0.5143884892086331,0.3429571303587052,0.5903814262023217,-0.17831541218637992,0.46671242278654773,-0.828080229226361,-0.2615112160566706,-0.6078088578088577,-0.4048059149722736,-0.17149390243902438,0.7126081582200247,-0.38361638361638367,-0.5849056603773586,0.0
0.95995995995996,0.40283400809716596,0.6715328467153285,-0.5968627450980393,0.5361813426329555,-0.501952035694367,-0.3988700564971751,0.6931659693165969,-0.5100719424460431,0.6937882764654418,0.4096185737976783,-0.7697132616487454,0.30061770761839396,-0.44126074498567336,-0.45867768595041325,-0.3076923076923077,-0.29081947011706716,-0.010670731707317072,0.8275648949320148,-0.2207792207792208,-0.37840670859538783,0.0
0.960960960960961,0.5026990553306343,0.5997566909975669,0.1827450980392157,0.6015693112467305,-0.18962632459564976,0.022598870056497175,0.4281729428172943,-0.4877697841726619,0.17672790901137359,0.5472636815920399,0.10842293906810034,0.5332875772134523,-0.5286532951289399,-0.03364817001180638,-0.5833333333333333,-0.5181762168823166,-0.35289634146341464,0.46044499381953025,-0.3676323676323677,-0.6090146750524109,0.0
0.9619619619619619,0.23549257759784073,0.8418491484184915,-0.6094117647058824,0.5300784655623365,-0.7328499721137759,-0.19887005649717512,0.3403068340306834,-0.2517985611510791,0.6596675415573053,0.02155887230514096,-0.7455197132616487,0.520933424845573,-0.6461318051575932,-0.7343565525383707,-0.27505827505827507,-0.056685150955021565,-0.0274390243902439,0.5902348578491965,0.08391608391608393,-0.26834381551362685,0.0
0.9629629629629629,0.5080971659919028,0.6180048661800487,-0.16,0.5832606800348736,-0.3017289459007251,-0.0011299435028248588,0.18270571827057183,-0.6028776978417266,0.3070866141732283,0.6434494195688226,-0.1603942652329749,0.4797529169526424,-0.5114613180515759,-0.17355371900826447,-0.6177156177156178,-0.0948860135551448,-0.21265243902439027,0.4363411619283065,-0.2667332667332668,-0.5083857442348009,0.0
0.963963963963964,0.2685560053981107,0.5535279805352799,-0.41725490196078435,0.5980819529206627,-0.4751812604573341,-0.45988700564971746,0.894002789400279,-0.7266187050359713,0.7401574803149606,0.42454394693200664,-0.4874551971326165,0.34317089910775567,-0.18911174785100288,-0.4580873671782763,-0.5693473193473193,0.015403573629081948,-0.16539634146341461,0.57663782447466,-0.2667332667332668,-0.47693920335429774,0.0
0.964964964964965,0.12753036437246965,0.4781021897810219,-0.03843137254901961,0.4742807323452485,-0.46737311767986617,-0.096045197740113,0.24546722454672246,-0.1762589928057554,0.5503062117235346,0.46268656716417916,-0.24910394265232974,0.634866163349348,-0.17048710601719197,-0.4126328217237308,-0.4428904428904429,-0.3093037584719655,-0.06631097560975609,0.40173053152039556,-0.16483516483516486,-0.5083857442348009,0.0
0.965965965965966,0.7139001349527666,0.7420924574209246,-0.363921568627451,0.25457715780296425,-0.5142219743446738,-0.18757062146892656,0.4644351464435147,-0.3899280575539569,0.7777777777777778,0.8706467661691543,-0.6102150537634409,0.3692518874399451,-0.6891117478510029,-0.39846517119244396,-0.25641025641025644,-0.34873690696241527,0.1615853658536585,0.7923362175525339,0.11288711288711291,-0.09643605870020965,0.0
0.9669669669669669,0.4460188933873145,0.6630170316301705,-0.25568627450980397,0.5431560592850916,-0.32069157836029,-0.09378531073446328,0.6541143654114365,-0.4482014388489209,0.3070866141732283,0.351575456053068,-0.21415770609318993,0.515442690459849,-0.25358166189111747,-0.24439197166469892,-0.493006993006993,-0.3678373382624769,-0.07240853658536585,0.5253399258343634,-0.2867132867132867,-0.5807127882599582,0.0
0.9679679679679679,0.21322537112010798,0.4038929440389295,-0.09882352941176471,0.5928509154315607,-0.2883435582822086,-0.0903954802259887,0.07810320781032079,-0.5733812949640289,0.33070866141732286,0.0912106135986733,-0.25,0.7844886753603294,-0.3022922636103152,-0.23022432113341207,-0.5180652680652681,-0.14048059149722736,-0.24542682926829268,0.2694684796044499,-0.37262737262737267,-0.47693920335429774,0.0
0.968968968968969,0.2125506072874494,0.5693430656934307,-0.6564705882352941,0.6416739319965126,-0.6620189626324596,-0.13898305084745763,0.49372384937238495,-0.420863309352518,0.5599300087489064,0.5406301824212273,-0.6146953405017921,0.3417982155113246,0.08309455587392552,-0.5537190082644627,-0.6421911421911423,-0.059149722735674676,0.01371951219512195,0.4814585908529048,-0.5304695304695306,-0.8637316561844863,0.0
0.96996996996997,0.368421052631579,0.8065693430656935,-0.33568627450980393,0.7628596338273758,-0.39709983268265475,-0.09943502824858756,0.603905160390516,-0.5093525179856115,0.4584426946631671,0.5257048092868989,-0.29032258064516125,0.4776938915579958,-0.6819484240687679,-0.3358913813459268,-0.752913752913753,-0.22674060382008626,-0.18978658536585366,0.6328800988875154,-0.8791208791208792,-0.7452830188679245,0.0
0.970970970970971,0.08029689608636977,0.6180048661800487,-0.10431372549019609,0.49084568439407145,-0.4941438929168991,-0.1288135593220339,0.3152022315202232,0.017266187050359715,0.43832020997375326,0.12106135986733,-0.18010752688172044,0.3417982155113246,-0.6088825214899714,-0.2733175914994097,-0.33100233100233095,-0.16697473813924832,-0.24390243902439024,0.2632880098887515,-0.16383616383616387,-0.31446540880503143,0.0
0.9719719719719719,0.7246963562753037,0.5608272506082725,-0.09725490196078432,0.6817785527462947,-0.14221974344673732,-0.4892655367231638,0.48675034867503486,-0.6654676258992807,0.1889763779527559,0.21558872305140964,-0.28494623655913975,0.35895676046671243,0.015759312320916905,-0.15466351829988195,-0.5792540792540792,-0.47258163894023414,-0.2690548780487805,0.6396786155747836,-0.3426573426573427,-0.5241090146750524,0.0
0.972972972972973,0.1572199730094467,0.40267639902676405,-0.4533333333333333,0.4455100261551874,-0.4244283324037926,-0.05875706214689265,0.45327754532775455,-0.45683453237410077,0.16885389326334208,-0.0945273631840796,-0.5842293906810035,0.6005490734385723,-0.08452722063037249,-0.33707201889020066,-0.4533799533799534,0.08379544054220579,-0.15396341463414634,0.3059332509270704,0.1078921078921079,-0.28721174004192873,0.0
0.973973973973974,0.3083670715249663,0.5875912408759124,-0.32862745098039214,0.4777680906713165,-0.3814835471277189,-0.031638418079096044,0.34309623430962344,-0.5071942446043165,0.3858267716535433,0.26533996683250416,-0.39426523297491034,0.6190803019903912,-0.44126074498567336,-0.3665879574970484,-0.532051282051282,-0.04313000616142946,-0.23018292682926828,0.33559950556242274,-0.31468531468531474,-0.36792452830188677,0.0
0.974974974974975,-0.1437246963562753,0.6715328467153285,-0.49647058823529416,0.46469049694856146,-0.6715002788622421,0.07231638418079096,0.5746164574616457,-0.21870503597122304,0.8390201224846894,0.4262023217247098,-0.6200716845878135,0.3747426218256692,-0.1518624641833811,-0.5578512396694215,-0.44114219114219116,0.1337030191004313,-0.10060975609756098,0.2873918417799753,-0.22177822177822182,-0.37735849056603776,0.0
0.975975975975976,-0.1612685560053981,0.2931873479318735,-0.2823529411764706,0.06887532693984307,-0.5794757389849414,-0.17062146892655367,0.100418410041841,-0.13453237410071944,0.49956255468066485,0.3913764510779436,-0.3593189964157706,0.6431022649279341,-0.27650429799426934,-0.47697756788665885,-0.2733100233100233,0.020948860135551448,0.13185975609756095,0.34487021013597036,0.2517482517482518,-0.007337526205450734,0.0
0.9769769769769769,-0.3387314439946019,-0.10827250608272507,-0.19294117647058825,0.23103748910200525,-0.5543781372002231,0.25875706214689265,0.33612273361227335,0.02877697841726619,0.2414698162729659,0.04145936981757878,-0.20071684587813618,0.612216884008236,0.07306590257879657,-0.44451003541912637,-0.42365967365967366,0.0751694393099199,-0.0586890243902439,-0.07972805933250927,-0.13886113886113888,-0.13417190775681342,0.0
0.977977977977978,-0.252361673414305,0.318734793187348,-0.23215686274509803,0.23539668700959024,-0.5131065253764641,0.06440677966101695,0.45467224546722457,-0.1561151079136691,0.4689413823272091,-0.026533996683250415,-0.40770609318996415,0.5422100205902539,-0.15902578796561606,-0.39728453364817007,-0.3071095571095571,0.21873074553296365,-0.15320121951219512,0.015451174289245983,0.19780219780219782,-0.04612159329140461,0.0
0.978978978978979,0.3785425101214575,0.537712895377129,-0.6415686274509804,0.4420226678291194,-0.4155047406581149,-0.19435028248587569,0.13110181311018132,-0.6776978417266187,0.3324584426946632,0.3349917081260365,-0.5528673835125447,0.6437886067261496,-0.10601719197707736,-0.36835891381345925,-0.44463869463869465,-0.15465187923598275,-0.04192073170731707,0.5525339925834363,-0.1318681318681319,-0.3238993710691824,0.0
0.97997997997998,0.08367071524966262,0.5413625304136254,-0.5803921568627451,0.5640802092414996,-0.4132738427216955,-0.19096045197740114,0.32217573221757323,-0.6776978417266187,0.4566929133858268,0.27363184079601993,-0.650537634408602,0.515442690459849,-0.18051575931232092,-0.4817001180637544,-0.6730769230769231,0.2754158964879852,-0.1486280487804878,0.38936959208899874,-0.5164835164835165,-0.4737945492662474,0.0
0.980980980980981,0.6167341430499326,0.7287104622871047,-0.0023529411764705885,0.6181342632955535,-0.14333519241494702,-0.2248587570621469,0.43933054393305443,-0.4798561151079137,0.3237095363079615,0.46600331674958545,-0.2768817204301075,0.5284831846259437,-0.6031518624641834,-0.13813459268004724,-0.3508158508158508,-0.47812692544670365,-0.30564024390243905,0.6681087762669963,0.15584415584415587,-0.29979035639413,0.0
0.9819819819819819,0.22064777327935223,0.3880778588807786,-0.26039215686274514,0.4245858761987794,-0.44952593418851094,0.20112994350282484,0.2357043235704324,-0.3705035971223022,0.14960629921259844,0.24046434494195687,-0.2150537634408602,0.6115305422100206,-0.498567335243553,-0.28394332939787487,-0.5804195804195804,-0.04990757855822551,-0.2583841463414634,0.24289245982694685,-0.3136863136863137,-0.59958071278826,0.0
0.982982982982983,0.27125506072874495,0.5085158150851582,-0.29725490196078436,0.4821272885789015,-0.49972113775794763,-0.0327683615819209,0.5244072524407253,-0.3597122302158274,0.2659667541557305,-0.04311774461028192,-0.2804659498207885,0.4509265614275909,-0.03151862464183381,-0.3772136953955136,-0.5920745920745921,-0.14910659272951324,-0.21265243902439027,0.438195302843016,-0.3576423576423577,-0.5471698113207547,0.0
0.983983983983984,0.09919028340080971,0.4282238442822384,-0.31764705882352945,0.3818657367044464,-0.4567763524818739,0.0768361581920904,0.4895397489539749,-0.42302158273381296,0.2825896762904637,0.15920398009950248,-0.49193548387096775,0.4481811942347289,-0.3553008595988539,-0.45985832349468714,-0.5944055944055944,0.03573629081947012,-0.15853658536585363,0.2985166872682324,-0.3156843156843157,-0.429769392033543,0.0
0.984984984984985,-0.43792172739541163,-0.007299270072992701,-0.3811764705882353,0.24847428073234523,-0.7038482989403235,0.4621468926553672,0.46164574616457466,-0.10791366906474821,0.47681539807524065,-0.01824212271973466,-0.5474910394265232,0.42072752230610844,0.2507163323782235,-0.5336481700118064,-0.5448717948717949,0.6796056685150955,-0.23780487804878048,-0.18232385661310258,-0.19980019980019983,-0.2777777777777778,0.0
0.985985985985986,0.23481781376518218,0.2664233576642336,-0.23058823529411765,0.5161290322580645,-0.32626882320133854,-0.2271186440677966,0.42398884239888424,-0.49136690647482023,0.17585301837270342,0.1359867330016584,-0.24731182795698925,0.5202470830473576,-0.022922636103151865,-0.29456906729634,-0.6206293706293706,-0.05483672211953173,-0.3292682926829268,0.42645241038318904,-0.4425574425574426,-0.39412997903563946,0.0
0.986986986986987,0.6106612685560054,0.637469586374696,-0.25254901960784315,0.4306887532693984,-0.17679866146123815,-0.23841807909604518,0.5857740585774058,-0.6237410071942446,0.1601049868766404,0.33996683250414594,-0.22132616487455195,0.3761153054221002,-0.12893982808022922,-0.19598583234946873,-0.6171328671328671,-0.45040049291435613,-0.27515243902439024,0.6990111248454882,-0.2287712287712288,-0.3888888888888889,0.0
0.987987987987988,0.06140350877192982,0.4489051094890511,-0.2384313725490196,0.6033129904097645,-0.27718906860011155,0.0711864406779661,0.43235704323570434,-0.5870503597122302,0.2283464566929134,0.2885572139303482,-0.3297491039426523,0.5710363761153053,-0.24641833810888253,-0.28689492325855964,-0.5617715617715617,0.04497843499691928,-0.2667682926829268,0.3263288009888751,-0.5054945054945056,-0.4842767295597485,0.0
0.988988988988989,0.2726045883940621,0.5997566909975669,-0.1827450980392157,0.5335658238884046,-0.5153374233128835,-0.07231638418079096,0.7391910739191074,-0.28489208633093527,0.35170603674540685,0.1724709784411277,-0.28136200716845877,0.4152367879203843,-0.22349570200573068,-0.40377804014167656,-0.6322843822843823,-0.10536044362292053,-0.27743902439024387,0.569221260815822,-0.35264735264735264,-0.44025157232704404,0.0
0.98998998998999,0.07692307692307693,0.45498783454987834,-0.5168627450980393,0.3914559721011334,-0.8315672058003347,0.09152542372881356,0.3096234309623431,-0.12733812949640289,0.48468941382327213,0.08955223880597016,-0.5008960573476703,0.5003431708991077,-0.2421203438395416,-0.5855962219598584,-0.4708624708624709,0.11275415896487985,0.003048780487804878,0.3516687268232385,-0.2817182817182817,-0.5272536687631028,0.0
0.990990990990991,0.6713900134952766,0.7481751824817519,-0.30274509803921573,0.7253705318221447,-0.23145566090351366,-0.20338983050847456,0.6708507670850767,-0.7424460431654677,0.2484689413823272,-0.03316749585406302,-0.2482078853046595,0.38503774879890185,-0.4914040114613181,-0.23258559622195987,-0.6445221445221446,-0.4688847812692545,-0.2606707317073171,0.6606922126081581,-0.5574425574425576,-0.7536687631027253,0.0
0.991991991991992,0.6241565452091768,0.7384428223844283,0.011764705882352941,0.4237140366172624,-0.24149470161740103,-0.13333333333333333,0.3319386331938633,-0.5158273381294964,0.2799650043744532,0.001658374792703151,-0.029569892473118278,0.5257378174330817,-0.5429799426934098,-0.17886658795749705,-0.4731934731934732,-0.5890326555760936,-0.2842987804878049,0.7762669962917181,-0.3046953046953047,-0.4119496855345912,0.0
0.992992992992993,0.3387314439946019,0.4841849148418492,-0.35294117647058826,0.5684394071490846,-0.5036252091466815,0.0011299435028248588,0.40446304044630405,-0.6345323741007195,0.3657042869641295,-0.04975124378109453,-0.39605734767025086,0.5950583390528483,-0.09742120343839543,-0.36186540731995276,-0.6701631701631702,-0.07208872458410352,-0.2583841463414634,0.5179233621755253,-0.4565434565434566,-0.639412997903564,0.0
0.993993993993994,-0.014844804318488529,0.49635036496350365,-0.18901960784313726,0.6259808195292066,-0.4796430563301729,-0.05875706214689265,0.2189679218967922,-0.36330935251798563,0.21347331583552054,-0.087893864013267,-0.29838709677419356,0.6135895676046671,-0.505730659025788,-0.4268004722550177,-0.6672494172494172,-0.009242144177449167,-0.18902439024390244,0.24721878862793573,-0.46953046953046956,-0.6163522012578616,0.0
0.994994994994995,0.5398110661268556,0.7834549878345499,-0.14039215686274512,0.7837837837837838,-0.31511433351924145,-0.32994350282485874,0.7852161785216178,-0.7381294964028777,0.38145231846019245,0.3548922056384743,-0.42204301075268813,0.4310226492793411,-0.5716332378223496,-0.3842975206611571,-0.7686480186480187,-0.3179297597042514,-0.2690548780487805,0.8176761433868973,-0.8241758241758242,-0.8522012578616353,0.0
0.995995995995996,-0.11201079622132254,0.5,-0.3560784313725491,0.41325196163905836,-0.7440044617958729,0.15706214689265538,0.07252440725244072,-0.1841726618705036,0.3910761154855643,-0.17744610281923714,-0.42204301075268813,0.7295813315030885,-0.044412607449856735,-0.6103896103896104,-0.5460372960372961,0.036352433764633395,-0.06783536585365853,0.3331273176761434,-0.2747252747252748,-0.40146750524109015,0.0
0.996996996996997,0.20985155195681512,0.6411192214111923,-0.1607843137254902,0.5204882301656495,-0.5080870050195204,0.07909604519774012,0.29428172942817293,-0.24820143884892087,0.389326334208224,0.18076285240464346,-0.32347670250896055,0.5106382978723404,-0.8581661891117479,-0.3707201889020071,-0.5477855477855478,0.06531115218730746,-0.12271341463414634,0.2657601977750309,-0.2267732267732268,-0.4224318658280923,0.0
0.997997997997998,0.010121457489878543,0.2712895377128954,-0.09725490196078432,0.8317349607672188,-0.3301728945900725,-0.09943502824858756,0.15202231520223153,-0.5748201438848921,0.5398075240594925,0.21227197346600332,-0.20698924731182794,0.5648592999313657,-0.09885386819484242,-0.37662337662337664,-0.6660839160839161,-0.19346888478126925,-0.33003048780487804,0.42088998763906055,-0.4005994005994007,-0.7075471698113208,0.0
0.998998998998999,0.0910931174089069,0.25790754257907544,-0.03215686274509804,0.24411508282476027,-0.39263803680981596,-0.3333333333333333,0.13249651324965134,-0.34172661870503596,0.3805774278215223,-0.009950248756218905,-0.29569892473118276,0.6451612903225806,-0.17335243553008597,-0.4645808736717828,-0.31701631701631705,-0.030807147258163897,0.005335365853658536,0.2552533992583436,0.13886113886113888,-0.042976939203354304,0.0
1.0,0.13900134952766532,0.3929440389294404,0.1843137254901961,0.5405405405405406,-0.22587841606246517,0.0327683615819209,0.4198047419804742,-0.4690647482014389,0.16885389326334208,0.39635157545605304,-0.07078853046594981,0.5573095401509952,-0.46704871060171926,-0.2089728453364817,-0.6334498834498834,-0.46642020948860136,-0.23018292682926828,0.3331273176761434,-0.7122877122877124,-0.8218029350104823,0.0
